24.5	55
24.9	61.5
25.3	70
25.4	71.7
25.4	71.9
25.5	73.9
25.5	73.9
25.5	75.2
25.5	75.8
25.8	78.5
25.9	79.6
25.9	80.2
26.1	80.7
26.2	81
26.3	81
26.3	81
26.4	80.7
26.5	79.6
26.5	79.3
26.6	78.8
26.6	78.5
26.6	78.5
26.6	78.8
26.6	79.9
26.7	80.7
26.7	81.8
26.9	84
27.1	86.2
27.3	86.5
27.4	86.5
27.4	86.2
27.6	86.7
27.7	87.5
27.8	88.1
27.9	87.8
28	86.5
28.1	85.6
28.3	88.4
28.3	89.5
28.4	91.7
28.5	93
28.7	92.7
28.8	91.4
28.8	90.3
28.8	89.5
28.9	88.6
29	89.7
29.1	89.7
29.2	88.4
29.2	88.4
29.3	87.3
29.5	87.3
29.6	88.1
29.6	88.1
29.6	88.9
29.8	90
29.8	90.3
29.9	90.6
30	89.2
30.1	88.1
30.3	86.5
30.3	85.9
30.3	85.4
30.4	84
30.6	83.7
30.6	84.8
30.6	86.2
30.7	87.5
30.8	88.9
30.8	89.5
30.9	89.5
31	88.4
31.1	89.5
31.2	88.4
31.2	88.4
31.3	88.9
31.4	88.1
31.5	86.7
31.6	85.9
31.8	84.8
31.9	84.5
31.9	85.6
31.9	86.7
31.9	87
31.9	88.1
32	88.6
32	88.9
32	89.5
32.1	89.7
32.3	90
32.5	90.3
32.5	88.9
32.6	87.8
32.6	87.3
32.6	86.2
32.7	84.8
32.8	83.4
32.8	82.9
33	82.6
33.1	81.5
33.1	80.7
33.2	80.2
33.2	79.1
33.4	78.2
33.4	79.3
33.5	80.2
33.7	80.4
33.7	80.4
33.8	82.6
33.9	82.9
34.1	81.3
34.2	79.1
34.2	76.9
34.3	75.8
34.6	75
34.5	76.3
34.6	77.4
34.7	78.5
34.8	78.5
35	79.9
35.1	80.4
35.2	80.4
35.3	79.3
35.3	80.2
35.5	81.3
35.5	81.8
35.6	82.3
35.6	82.9
35.7	83.2
35.8	81.8
35.8	81.5
35.9	82.1
35.9	83.4
35.9	84
36	84.5
36	85.6
36	85.9
36.3	87.3
36.4	86.7
36.6	87
36.7	87.3
36.7	88.4
36.9	88.9
37	87.5
37.1	87.5
37.3	90
37.4	90.8
37.6	92.2
37.7	93.8
37.7	94.1
37.7	94.7
37.7	95.5
37.8	94.1
37.8	93
37.9	92.2
38	90.6
38	90.3
38.1	89.2
38.1	87.8
38.2	86.2
38.2	85.9
38.3	85.9
38.4	87.5
38.4	88.1
38.6	88.4
38.6	88.4
38.7	86.2
38.7	84.5
38.8	82.1
38.9	80.7
38.9	80.4
39.1	79.3
39.1	78.2
39.2	77.7
39.4	76.3
39.5	76.3
39.6	78
39.6	78.2
39.7	79.3
39.9	79.1
40	79.3
40	80.7
40.1	81.5
40.1	82.3
40.2	82.9
40.3	82.6
40.5	83.4
40.5	83.4
40.6	84
40.7	84.8
40.9	85.1
40.9	84
41	83.2
41	82.9
41	82.9
41.2	81.8
41.2	81.5
41.3	82.6
41.5	82.3
41.6	81.5
41.7	81.3
41.8	82.1
41.9	84.8
41.9	84.8
41.9	84
42.1	82.6
42.3	82.9
42.3	83.2
42.4	84.8
42.5	85.4
42.7	85.4
42.7	85.4
42.8	86.2
43	86.2
43	85.4
43.1	84.5
43.2	86.2
43.3	86.2
43.4	87.5
43.5	88.6
43.5	88.9
43.6	87
43.8	85.6
43.9	84
44	82.3
44	82.3
44.1	80.7
44.2	79.3
44.3	77.7
44.3	77.4
44.3	77.4
44.5	79.1
44.7	78.8
44.8	77.7
44.9	77.1
44.9	76.9
45.1	78.5
45.3	80.2
45.4	81.3
45.4	82.1
45.5	82.1
45.5	81.8
45.6	81.3
45.6	80.2
45.8	79.3
45.9	78.5
45.9	78.5
46	78.5
46	78.8
46	80.7
46	81.5
46	82.9
46.1	83.4
46.3	83.4
46.3	82.9
46.5	82.6
46.5	82.9
46.5	84.3
46.7	84.3
46.9	84.3
46.9	84.5
47	83.7
47.2	82.3
47.3	81
47.3	80.7
47.3	80.4
47.5	80.4
47.5	77.7
47.5	76.6
47.6	75.5
47.7	74.1
47.8	73.3
47.9	74.4
48.1	76.3
48.1	76.6
48.4	78
48.4	76.1
48.5	75
48.5	74.7
48.5	76.3
48.7	76.3
48.8	75.5
48.9	74.7
49	74.1
49.1	73.6
49.1	73.3
49.2	74.4
49.3	75.5
49.4	75.8
49.4	76.9
49.5	78.5
49.6	79.9
49.6	81
49.6	81
49.6	81.5
49.6	81.8
49.7	83.2
49.8	84.8
49.9	86.2
49.9	86.5
49.9	86.7
50	86.7
50.1	87.8
50.1	88.4
50.1	88.4
50.1	89.5
50.2	90.3
50.3	91.7
50.4	92.7
50.4	92.2
50.4	89.7
50.5	88.4
50.6	87.3
50.6	85.6
50.7	85.6
50.7	85.1
50.9	84
50.9	83.2
50.9	81.8
51	80.4
51.1	79.1
51.3	79.1
51.3	79.1
51.3	80.2
51.3	81.8
51.4	82.6
51.5	82.9
51.7	82.6
51.7	81.8
51.7	81.5
51.8	81.5
51.9	82.3
51.9	82.6
52	83.4
52.3	84.5
52.4	84.8
52.5	84.8
52.5	84.8
52.5	82.9
52.5	81.8
52.6	81.8
52.6	80.4
52.7	79.3
52.7	79.6
52.8	80.7
52.9	81.5
53	82.6
53.1	85.1
53.2	86.2
53.4	85.6
53.4	84
53.4	81.8
53.4	80.2
53.4	79.9
53.4	78.8
53.4	78.5
53.4	77.1
53.5	76.6
53.7	76.3
53.8	75
53.9	74.1
53.9	73.3
53.9	71.9
54	70.8
54	70.3
54	70
54.1	69.8
54.2	69.8
54.3	70.6
54.4	71.7
54.4	71.9
54.4	72.8
54.5	73.3
54.6	74.1
54.6	74.1
54.7	74.4
54.9	74.4
55	74.1
55.1	73
55.2	72.5
55.3	72.5
55.3	72.8
55.3	73.3
55.3	75
55.5	75
55.5	74.7
55.5	74.1
55.6	74.4
55.6	75.8
55.7	76.9
55.8	76.1
55.9	75.5
56	74.7
56.1	74.7
56.1	75.8
56.1	77.1
56.1	79.3
56.1	82.3
56.2	84
56.4	84.5
56.4	85.6
56.5	85.6
56.7	85.9
56.9	85.6
56.9	84.3
57	83.2
57.1	84.3
57.1	85.9
57.2	87.5
57.2	89.2
57.2	89.7
57.4	90.8
57.6	91.1
57.6	90.3
57.7	87.3
57.7	87
57.7	85.9
57.7	85.4
57.8	84.3
58	82.9
58.1	83.2
58.1	84
58.1	85.6
58.1	85.9
58.3	85.6
58.4	85.1
58.6	86.2
58.7	86.5
58.7	85.9
58.7	84.3
58.8	82.9
58.9	85.9
59.1	88.1
59.1	88.1
59.3	88.1
59.4	86.5
59.4	84.5
59.6	84.3
59.9	83.7
60	83.4
60.1	82.6
60.2	81.8
60.5	80.7
60.6	79.9
60.6	79.3
60.7	77.7
60.8	76.1
60.9	75
61	76.9
61	77.1
61.2	79.3
61.3	78.8
61.4	79.1
61.6	81
61.6	82.1
61.6	81.3
61.6	79.3
61.7	79.1
62	80.7
62.1	81.5
62.2	80.2
62.2	79.1
62.2	78
62.3	76.9
62.4	76.9
62.6	78.5
62.5	79.3
62.5	79.6
62.6	80.2
62.8	81.8
62.9	82.6
63	82.9
63	84.8
63	83.7
63.1	83.2
63.3	82.1
63.4	82.1
63.7	83.7
63.7	82.9
63.7	82.3
63.8	81.8
64	82.1
64.2	82.3
64.2	80.7
64.2	80.4
64.4	80.7
64.5	82.6
64.6	85.4
64.8	87.5
64.8	89.2
64.9	89.7
64.9	90.8
64.9	91.4
64.9	92.5
65.1	93.3
65.1	93.3
65.1	91.7
65.1	91.4
65.2	92.2
65.2	93
65.4	92.2
65.5	90.3
65.6	89.2
65.6	88.6
65.6	87.5
65.6	86.2
65.8	86.5
65.9	86.2
65.9	84.8
66	83.4
66	81.5
66	79.6
66	78.5
66	79.1
66	80.4
66.1	79.6
66.2	79.6
66.2	82.3
66.2	82.3
66.5	84.8
66.5	86.5
66.5	87.8
66.6	89.7
66.7	89.7
66.7	87.3
66.9	85.6
67	84
67	82.9
67.3	82.1
67.4	82.6
67.7	84.8
68	87.3
68.1	86.5
68.1	84.3
68.2	83.4
68.3	82.1
68.3	82.9
68.3	83.4
68.5	85.4
68.8	84.8
68.8	85.9
68.9	87.5
69	88.6
69	88.9
69.1	89.5
69.2	90.6
69.2	90.3
69.2	90.3
69.3	90.3
69.4	90.6
69.5	90.6
69.5	91.1
69.5	91.7
69.6	91.7
69.6	91.7
69.6	91.7
69.6	91.7
69.6	91.7
69.7	90.8
69.7	90.6
69.6	89.2
69.8	88.9
69.9	89.7
70.1	91.7
70.1	92.7
70.1	89.7
70.2	89.7
70.5	91.9
70.6	94.9
70.7	96.6
70.8	95.2
71	92.7
71.1	91.4
71.1	90.8
71.1	89.7
71.1	89.5
71.1	88.6
71.1	87.3
71.1	86.5
71.3	87.3
71.5	87.5
71.6	86.5
71.6	85.9
71.6	86.5
71.7	87.3
71.8	87.3
71.9	86.2
71.9	84.8
72	84.3
72.3	85.4
72.3	85.6
72.4	84.3
72.5	83.4
72.5	82.9
72.7	81.8
72.7	81.5
72.8	82.6
72.8	82.9
72.9	87
73	88.1
73.1	90
73.3	92.2
73.4	94.1
73.4	94.9
73.6	95.5
73.7	96
73.7	92.5
73.7	90
73.7	87.5
73.7	85.9
73.8	83.4
73.9	82.3
74	83.4
74	84
74.1	83.7
74.2	82.9
74.4	81.3
74.5	80.2
74.5	79.9
74.6	79.6
74.7	81
74.8	83.2
74.9	85.6
74.9	85.9
75.1	87.3
75.1	88.1
75.2	88.9
75.2	88.9
75.3	88.9
75.6	87.8
75.7	87.5
75.9	89.2
76	88.1
76.1	87.5
76.3	88.6
76.4	90.3
76.4	90.3
76.4	90.3
76.6	89.5
76.7	89.5
76.7	88.6
76.8	88.6
77	90.6
77.1	88.9
77.1	87.8
77.1	87.5
77.2	86.7
77.4	86.2
77.5	87
77.5	87
77.5	87.5
77.7	87.5
77.8	87
77.9	88.1
78	89.7
78	90.8
78.1	91.1
78.1	89.2
78.1	88.6
78.1	87.8
78.2	86.5
78.2	85.4
78.3	85.4
78.4	85.9
78.5	86.2
78.7	85.1
78.7	84.3
78.8	84
78.9	83.2
79	82.3
79	84.3
79	84.5
79	85.6
79.1	86.5
79.2	87.3
79.4	85.6
79.4	85.4
79.5	85.6
79.5	86.7
79.7	85.6
79.8	84.5
79.8	84
80	83.2
80.1	82.9
80.1	86.2
80.1	86.5
80.1	88.1
80.3	90.6
80.5	89.5
80.5	88.9
80.6	86.7
80.6	84.8
80.6	83.2
80.6	82.6
80.7	81.8
80.7	80.2
80.8	78.8
80.9	78.5
80.9	79.1
81	80.4
81	80.4
81.2	80.2
81.3	80.7
81.3	81.3
81.5	82.1
81.6	84
81.6	84
81.7	85.1
82	84.3
82.1	84
82.2	84.8
82.3	85.1
82.3	85.9
82.5	87.5
82.6	87
82.6	86.5
82.7	84.8
82.7	84.3
83	85.6
83.1	85.9
83.2	86.5
83.3	86.7
83.5	87.3
83.7	88.6
83.8	91.1
83.8	91.4
83.8	92.7
83.8	94.1
84	93
84.1	91.1
84.1	90.8
84.1	89.7
84.2	88.6
84.3	88.1
84.4	88.6
84.4	89.2
84.4	90.8
84.5	93
84.5	94.1
84.5	94.9
84.7	95.8
84.8	94.9
84.9	93.6
85.1	91.7
85.2	90
85.3	90
85.4	88.6
85.5	87.5
85.6	87.5
85.8	88.9
85.8	89.2
85.9	89.7
85.9	90
85.9	90.3
85.9	88.9
86	88.4
86.2	88.9
86.3	90.6
86.4	91.7
86.5	90.6
86.5	90
86.7	89.2
86.7	88.6
86.8	88.1
86.8	87.3
86.9	86.5
87	85.4
87	85.1
87	84.8
87	85.1
87	86.7
87.1	87.5
87.1	88.4
87.3	89.2
87.3	89.5
87.4	90.3
87.5	91.1
87.7	92.2
87.7	92.7
87.9	94.1
88	95.5
88.1	94.4
88.1	92.5
88.1	91.9
88.2	91.4
88.3	90.3
88.3	89.7
88.3	88.4
88.3	87.3
88.3	86.5
88.3	86.2
88.4	85.4
88.4	85.1
88.5	84.3
88.6	83.4
88.7	82.6
88.8	82.1
88.9	81.3
89.1	80.4
89.2	81.5
89.2	81.8
89.2	83.7
89.3	84.5
89.5	87.3
89.5	88.1
89.5	88.9
89.6	88.9
89.6	88.4
89.7	85.6
89.8	84.8
89.9	84.8
90.1	85.4
90.2	85.6
90.3	84.8
90.4	83.4
90.5	82.1
90.6	81
90.7	81
90.7	80.7
90.8	82.1
90.9	82.9
91	84.3
91	85.1
91.1	86.2
91.2	88.1
91.3	89.7
91.3	90.3
91.4	91.7
91.4	91.9
91.5	92.2
91.5	91.4
91.6	90.3
91.9	89.5
92.3	89.5
92.4	88.1
92.6	85.9
92.7	84.3
92.7	82.6
92.7	81.8
92.8	81.5
93	83.2
93.1	86.7
93.2	87
93.4	89.7
93.5	90.3
93.5	91.4
93.5	92.7
93.7	94.9
93.7	95.2
93.7	96.6
93.7	99
93.8	101.2
94	103.7
94.1	104.2
94.1	105.3
94.1	105.6
94.1	105.9
94.1	103.1
94.2	102.1
94.3	100.7
94.4	98.5
94.4	97.1
94.5	95.5
94.6	94.4
94.7	93.8
94.8	93
94.8	91.9
94.8	90.6
95	89.7
95.2	88.6
95.2	89.2
95.2	90.3
95.2	90.6
95.3	90.6
95.3	90.3
95.5	89.5
95.6	89.2
95.6	90.6
95.6	90.6
95.6	91.1
95.8	89.7
95.8	88.9
95.8	88.6
95.9	88.9
96.1	89.2
96.1	90.6
96.2	92.7
96.3	94.4
96.3	94.4
96.3	95.2
96.3	95.5
96.4	96
96.4	96.3
96.6	96.3
96.6	96.3
96.7	96.3
96.8	96.3
97	93.8
97.2	93.6
97.2	94.9
97.2	96.3
97.3	97.4
97.4	94.9
97.4	94.9
97.4	96
97.5	96.9
97.7	97.1
97.7	95.5
97.8	94.9
97.8	93.6
97.9	92.2
98.1	92.2
98.1	91.4
98.2	89.5
98.2	89.2
98.4	87.5
98.4	87.3
98.5	86.5
98.5	87
98.5	89.7
98.5	89.7
98.6	91.4
98.6	92.7
98.8	94.9
99	98.2
99	99.3
99.1	100.4
99.1	101.2
99.1	102.6
99.1	102.9
99.1	104
99.2	105.3
99.2	104.8
99.2	104.8
99.2	103.4
99.4	102.9
99.5	103.4
99.6	103.4
99.7	101.8
99.7	101.2
99.8	101.2
99.9	101.8
100.1	101.5
100.1	99.9
100.2	98.8
100.4	97.9
100.5	97.4
100.5	97.1
100.6	96.6
100.6	96
100.6	94.9
100.6	94.7
100.6	94.4
100.7	94.4
100.7	93
100.9	91.9
101	90.8
101.3	89.7
101.4	89.5
101.4	90.6
101.4	93
101.5	93
101.6	92.7
101.7	93.6
101.7	93.8
101.9	93.6
101.9	92.5
102	91.1
102	90.6
102.1	89.7
102.1	89.7
102.3	89.7
102.3	90.6
102.3	91.9
102.4	93.8
102.4	93.8
102.5	95.2
102.5	96.9
102.7	97.7
102.9	99.3
103.1	99.3
103.1	99.3
103.1	98.5
103.1	97.1
103.1	96.9
103.2	95.2
103.3	94.1
103.3	93.6
103.4	93.6
103.5	93.6
103.5	94.1
103.7	94.4
103.7	94.4
103.8	93
103.8	92.2
103.9	91.1
103.9	90.8
104.1	90
104.1	88.6
104.4	87.3
104.5	86.7
104.6	85.9
104.6	85.6
104.8	86.7
104.8	86.7
104.8	88.4
104.8	88.6
104.9	89.7
104.9	90.3
105.1	90.8
105.2	90
105.3	89.2
105.3	88.1
105.3	86.5
105.4	85.9
105.5	85.1
105.6	85.1
105.6	85.1
105.7	85.1
105.8	84.5
105.9	83.4
106	82.9
106	82.6
106	82.3
106.2	83.2
106.2	84
106.2	84.5
106.3	84.8
106.3	86.2
106.4	87.8
106.4	87.8
106.4	89.2
106.5	90
106.7	91.4
106.7	91.4
107	92.7
107	92.7
107.1	91.9
107.1	90.8
107.3	89.2
107.3	88.9
107.4	87.5
107.4	87.3
107.4	85.9
107.5	84.8
107.6	83.4
107.6	83.2
107.7	82.1
107.8	81.8
108	82.3
108	84
108	84.5
108.1	84.5
108.2	84.5
108.2	85.4
108.3	87
108.3	87.3
108.3	87.3
108.2	89.2
108.2	90
108.5	90.3
108.5	91.4
108.5	91.4
108.6	91.9
108.7	93.3
108.8	94.1
108.8	94.4
108.9	94.7
109.1	93.8
109.2	92.2
109.3	92.7
109.3	93.3
109.4	94.1
109.4	95.2
109.5	95.5
109.7	95.8
109.8	93.8
109.8	93.8
109.8	94.1
109.9	96
109.9	96.6
109.9	97.1
109.9	97.9
110	98.2
110.2	99.6
110.3	99.9
110.5	100.4
110.6	101.5
110.6	102.9
110.9	105.3
111	105.3
111.1	103.1
111.2	100.7
111.2	99.6
111.3	100.7
111.4	101.8
111.5	101.5
111.6	98.8
111.6	98.5
111.6	96.6
111.6	96.3
111.6	94.7
111.6	93.3
111.7	91.9
111.7	91.4
111.9	88.9
112.2	88.9
112.2	88.9
112.3	89.7
112.6	90.3
112.6	89.5
112.6	89.2
112.7	88.1
112.7	87.3
112.8	87.3
113	87.3
113.1	87
113.2	88.6
113.2	88.6
113.2	90.6
113.2	91.9
113.3	91.9
113.4	93
113.5	92.7
113.6	92.5
113.7	92.7
113.7	93.3
113.8	94.4
113.8	95.2
114.1	95.5
114.1	95.2
114.1	94.9
114.2	95.2
114.2	95.8
114.2	96
114.4	96.6
114.5	97.1
114.6	96.3
114.7	95.8
114.8	94.7
114.8	94.9
114.9	96
115	96.9
115.1	97.4
115.2	97.9
115.2	98.2
115.2	97.7
115.2	97.4
115.2	97.4
115.3	97.7
115.4	97.9
115.5	97.9
115.6	96.3
115.8	94.1
115.8	91.7
115.8	90.8
115.9	89.5
116	87.5
116	86.5
116.2	85.1
116.4	84.5
116.5	85.9
116.6	88.4
116.7	88.9
116.8	90.8
116.9	93.8
117	94.7
117.3	94.7
117.4	94.7
117.5	96.3
117.5	96.9
117.7	94.7
117.7	94.7
117.7	93
117.8	91.4
118	90.6
118	90.3
118	92.2
118.3	92.2
118.3	91.9
118.3	91.1
118.3	89.7
118.5	90
118.6	90.6
118.7	91.7
118.7	93.3
118.7	93.6
118.8	94.9
119	96.6
119	97.9
119.1	99.3
119.2	101.5
119.2	103.7
119.4	105.3
119.4	106.2
119.4	106.4
119.4	107.8
119.6	108.3
119.9	106.2
120.2	103.7
120.3	99.9
120.3	94.4
120.3	92.7
120.3	92.2
120.3	90
120.3	87.5
120.5	84.3
120.5	82.3
120.6	82.1
120.8	82.9
120.8	83.4
121	84.8
121	84.8
121.2	85.9
121.5	84.5
121.6	82.9
121.7	82.1
121.7	81.3
121.8	80.4
121.9	79.9
122	81
122	81.5
122	82.9
122	83.7
122	84.5
122.3	84.5
122.4	84.3
122.6	84.3
122.6	84.5
122.6	85.9
122.6	86.7
122.7	86.7
122.7	85.9
122.7	84.8
122.7	84
122.8	85.6
122.8	86.7
122.8	86.7
122.9	87
123	85.9
123.1	85.4
123.1	84
123.1	82.9
123.3	81.8
123.4	81.3
123.4	81.3
123.5	81.8
123.5	83.7
123.7	84.5
123.7	85.1
123.7	85.4
123.8	85.6
123.9	85.9
124.1	86.2
124.2	86.2
124.4	84.8
124.4	84.5
124.4	84.5
124.4	85.9
124.5	86.7
124.5	87
124.7	87.5
124.8	87.8
124.9	87.8
125.1	87.8
125.2	87.8
125.2	87.3
125.3	85.4
125.3	85.4
125.3	85.4
125.3	85.1
125.3	84
125.4	83.7
125.6	84
125.6	84.8
125.7	86.5
125.7	88.1
125.7	88.6
125.7	90.3
126	91.9
126	93
126.2	94.1
126.3	95.5
126.5	97.9
126.6	99.9
126.6	100.7
126.7	102.1
126.9	101.8
127	100.4
127.2	99
127.2	98.8
127.2	98.8
127.2	98.5
127.3	99.3
127.3	102.1
127.3	102.6
127.5	103.1
127.5	103.1
127.5	103.7
127.6	105.1
127.7	106.4
127.8	107.8
127.8	108.6
127.8	108.9
127.8	108.9
128	109.2
128.1	108.1
128.1	106.4
128.2	105.3
128.2	104.8
128.2	104.2
128.3	104
128.4	104
128.5	103.7
128.5	103.4
128.5	102.6
128.7	100.4
128.7	99.6
128.7	99.3
128.7	98.8
128.7	98.5
128.8	98.2
128.8	98.2
128.9	98.5
129.1	99.3
129.2	100.4
129.3	101
129.3	101
129.4	101
129.4	100.7
129.5	99.6
129.6	99
129.8	99
129.9	99.9
129.9	100.1
130.1	99.9
130.1	99.6
130.2	99.6
130.2	99.9
130.3	100.4
130.3	100.7
130.3	102.3
130.3	103.4
130.5	103.7
130.6	103.7
130.7	102.6
130.8	101.8
130.8	101.5
130.9	100.4
130.9	99.6
131	100.7
131	101
131.1	101.5
131.2	101
131.2	101
131.3	100.7
131.3	100.7
131.6	103.4
131.6	104.8
131.7	108.1
131.7	108.3
131.7	110.3
131.7	111.4
131.9	112.2
131.9	112.5
132	111.9
132	111.1
132.1	108.1
132.2	106.2
132.3	104.2
132.3	102.6
132.3	102.1
132.3	102.1
132.5	102.1
132.6	103.4
132.6	103.7
132.6	102.6
132.7	101.8
132.8	101.5
132.8	100.4
132.9	100.4
133	102.6
133	102.9
133	104.2
133	105.1
133.2	105.9
133.2	105.6
133.4	105.3
133.5	105.6
133.5	106.4
133.5	107
133.6	107.5
133.6	107
133.7	106.7
133.7	106.2
133.9	106.7
134	107.3
134.1	107.3
134.2	105.9
134.2	105.1
134.4	104.5
134.5	103.4
134.7	102.1
134.8	101
134.9	99.9
134.9	99.3
135	98.8
135.1	97.1
135.2	95.8
135.3	94.7
135.3	94.7
135.3	94.4
135.4	96.3
135.4	97.9
135.4	98.5
135.5	99.3
135.5	99.6
135.6	100.4
135.7	100.7
135.8	100.1
135.8	99.6
135.9	99.6
136	100.4
136.2	101.2
136.3	101.2
136.4	101.8
136.4	102.1
136.4	102.9
136.5	102.1
136.6	101
136.6	100.7
136.7	101.8
136.7	102.9
136.7	104
136.9	106.2
136.9	107.3
137	108.1
137	108.1
137	108.3
137	109.2
137.1	109.4
137.1	110
137.2	110
137.3	109.2
137.3	107.5
137.3	107.3
137.3	105.9
137.3	105.6
137.5	104.5
137.7	102.9
137.8	101.2
137.8	101
137.9	99.9
138	99.6
138	98.8
138.1	97.9
138.1	97.4
138.1	97.1
138.3	96.6
138.3	96.6
138.4	98.2
138.7	100.1
138.7	100.7
138.7	101
138.7	99.9
138.7	99.6
138.7	99
138.9	99
139.1	99.3
139.1	99.3
139.1	99.3
139.1	98.2
139.1	97.7
139.1	96.6
139.2	96
139.2	96
139.3	97.1
139.4	97.9
139.5	97.9
139.5	97.1
139.5	97.1
139.6	96.3
139.6	95.8
139.6	95.5
139.7	94.4
139.8	93.8
139.8	93.8
139.8	95.8
139.9	97.7
139.9	98.8
139.9	99.9
140	101
140	101
140.1	99.9
140.3	99
140.3	99
140.4	99.3
140.5	100.1
140.5	100.4
140.5	100.4
140.7	101.2
140.8	102.1
140.8	102.6
140.9	103.4
141	104
141	103.7
140.8	100.4
140.8	99.9
141.2	100.1
141.2	99.9
141.3	99
141.3	98.8
141.4	97.7
141.5	96.9
141.5	96.3
141.5	95.5
141.5	94.4
141.5	94.1
141.6	95.5
141.7	97.4
141.7	97.4
141.9	98.8
141.9	99.9
142.1	99.3
142.2	98.2
142.3	97.9
142.4	99.6
142.4	100.4
142.6	100.4
142.7	100.4
142.8	100.4
143.1	100.7
143.1	102.1
143.1	102.3
143.2	103.7
143.3	106.2
143.3	107.8
143.3	108.6
143.3	109.7
143.3	110.3
143.4	110.5
143.4	110.5
143.5	110.5
143.6	109.2
143.6	106.7
143.7	105.1
143.7	104.5
143.8	103.7
144	102.3
144.2	101
144.4	100.1
144.6	99
144.6	99
144.8	98.2
144.8	97.9
144.9	99
145.1	99.9
145.1	99.9
145.2	100.1
145.3	100.1
145.6	99.3
145.6	97.9
145.6	97.9
145.6	97.1
145.6	96.9
145.6	96.3
145.7	95.5
145.8	94.7
145.8	95.2
145.9	95.5
145.9	96.9
146	98.2
146.1	99
146.2	99.6
146.3	99.3
146.3	98.8
146.4	98.5
146.5	98.5
146.6	98.5
146.7	98.8
146.9	99.9
147	101
147	101.2
147	103.1
147	104.5
147	105.1
147.1	105.6
147.2	106.2
147.2	107
147.4	107.8
147.4	108.3
147.4	108.6
147.4	108.1
147.4	107
147.4	105.6
147.5	104.5
147.6	103.1
147.7	102.6
147.7	102.3
147.7	102.3
147.7	102.3
147.9	102.3
148	102.9
148.1	103.7
148.1	104
148.1	104.5
148.2	104.2
148.3	104
148.5	104.2
148.7	105.1
148.7	105.6
148.7	105.6
148.8	105.1
148.8	104.8
148.9	104.8
149	105.3
149	104
149	104
149.2	103.1
149.2	102.1
149.2	101
149.2	100.1
149.2	99.9
149.4	101.2
149.5	101.2
149.5	100.1
149.5	99.9
149.5	99.6
149.7	100.1
149.8	101.2
149.9	101.8
150	102.6
150	103.7
150.1	103.1
150.3	102.1
150.5	101.2
150.5	100.7
150.5	99.9
150.5	99.3
150.5	98.5
150.6	98.8
150.6	99.9
150.6	100.1
150.7	99.3
150.7	101.5
150.8	102.3
151	103.4
151	103.7
151.2	104.2
151.3	103.4
151.4	105.3
151.5	107.3
151.6	108.1
151.7	107.8
151.8	107
151.8	105.6
151.9	103.7
151.9	103.4
151.9	102.1
151.9	101.5
152	102.3
152	102.3
152.2	101.2
152.3	100.7
152.5	99.3
152.5	99.3
152.5	100.7
152.7	101.5
152.7	102.6
152.7	104.2
152.7	104.2
152.7	105.3
153	104.5
153	104.2
153	105.3
153.1	108.9
153.2	109.2
153.3	108.9
153.4	108.3
153.6	107.3
153.7	103.4
153.7	102.6
153.7	102.3
153.9	102.9
154.1	104.5
154.1	104.8
154.4	104.2
154.6	104.8
154.7	105.1
154.9	104
154.9	103.7
154.9	102.9
155.1	101.5
155.2	102.1
155.3	103.7
155.5	102.9
155.6	101.2
155.6	100.7
155.7	99.9
155.7	99.9
155.8	101
155.9	101.8
156	104
156	104.2
156	104.8
156.2	106.2
156.3	106.2
156.5	106.4
156.7	105.6
156.8	104.2
156.9	102.1
156.9	101.2
157	101.2
157.1	101.5
157.1	101
157.3	100.7
157.5	99
157.7	97.9
157.8	95.5
157.8	94.9
157.8	94.7
158	97.1
158.1	101
158.1	101.5
158.1	103.4
158.2	104.8
158.2	105.1
158.4	104
158.4	103.4
158.5	103.7
158.6	104.2
158.7	104
158.7	104
158.8	104.5
159.1	105.9
159.2	106.2
159.2	106.2
159.4	105.3
159.5	104.8
159.6	104.8
159.9	104.8
159.9	104.5
160	104.2
160.1	103.4
160.2	102.1
160.4	101
160.6	101
160.7	102.3
160.7	102.3
160.8	103.1
161.2	104.5
161.2	105.1
161.2	105.6
161.3	106.7
161.3	108.1
161.3	108.9
161.3	109.2
161.4	109.7
161.6	109.7
161.7	109.7
161.9	107.8
161.9	107
162	105.6
162	104.2
162.1	102.3
162.1	101.8
162.1	101.8
162.1	102.3
162.2	105.3
162.2	106.2
162.3	108.1
162.4	108.3
162.4	108.3
162.7	108.6
162.8	108.9
162.8	110
162.8	110.8
162.8	112.2
162.9	113
163.1	113.8
163.3	113.8
163.4	113.8
163.5	114.4
163.6	114.6
163.6	114.9
163.7	115.5
163.7	115.7
163.8	114.1
163.8	110.8
163.8	109.7
163.9	108.6
163.9	107.8
164.1	107.5
164.3	107.5
164.4	105.6
164.5	104
164.5	103.4
164.5	102.3
164.6	101.5
164.6	99.6
164.7	97.4
164.7	96.9
164.8	99.9
165	99.3
165.1	98.8
165.3	99.6
165.4	101.5
165.6	104
165.8	105.6
165.8	105.9
165.9	108.9
165.9	112.2
165.9	113.5
166	113.8
166	114.9
166.1	114.9
166.3	116
166.3	116.3
166.4	116.8
166.4	116.8
166.7	114.6
166.7	113.8
166.7	112.5
166.7	110.5
166.7	110.5
166.7	108.3
166.8	106.4
166.8	106.2
167	108.3
167	108.9
167.1	109.7
167.1	111.4
167.1	112.5
167.3	113.3
167.4	114.1
167.4	114.6
167.5	114.6
167.7	113
167.7	111.1
167.8	108.9
167.8	107.3
168	105.6
168	105.6
168	105.6
168	108.1
168.1	109.4
168.4	109.7
168.7	108.9
168.9	109.4
168.9	111.1
168.9	111.1
169	111.6
169.2	111.1
169.2	111.1
169.3	112.2
169.4	113
169.6	114.9
169.8	114.4
169.9	112.5
169.9	110.8
170.1	109.4
170.1	108.6
170.2	109.4
170.5	111.6
170.6	112.2
170.7	112.2
170.7	111.9
170.7	110.5
170.7	109.4
170.7	108.3
170.8	108.1
171	108.9
171	108.9
171.1	110
171.2	112.7
171.4	114.6
171.4	114.6
171.4	115.2
171.5	116.6
171.8	118.2
171.8	118.2
171.9	119
171.9	117.7
172	115.7
172	113.5
172	111.9
172	111.6
172	111.4
172	109.7
172	108.6
172.3	108.3
172.5	108.6
172.5	108.6
172.7	109.2
172.9	111.1
173.1	114.4
173.1	114.6
173.1	115.7
173.1	116.8
173.1	117.9
173.1	118.2
173.3	119
173.4	119
173.5	118.5
173.7	116.6
173.7	115.5
173.7	113.5
174	113.3
174	113.5
174	113.5
174	111.9
174.1	109.7
174.1	109.2
174.1	108.6
174.2	107.8
174.2	107.3
174.2	106.7
174.4	105.9
174.6	104.2
174.7	102.3
174.7	102.1
174.7	101
174.7	99.6
174.7	99
174.7	99.3
174.7	100.4
174.8	101
174.9	102.6
174.9	102.6
174.9	104.5
174.9	105.6
175	105.6
175.1	105.6
175.2	106.4
175.2	106.4
175.3	107.5
175.3	108.9
175.3	109.4
175.3	110.5
175.5	111.6
175.5	112.7
175.5	113.5
175.5	113.8
175.5	114.1
175.6	115.2
175.9	114.9
176.2	113
176.2	112.7
176.2	111.9
176.2	110.8
176.2	110.5
176.3	109.4
176.3	109.2
176.5	107.8
176.5	107.5
176.6	108.6
176.8	108.1
176.9	107.5
177.1	107
177.2	106.7
177.3	108.3
177.3	110.3
177.4	111.6
177.5	113.3
177.5	113.5
177.7	113.5
177.7	113.5
177.9	111.9
178	111.6
178.1	112.2
178.2	112.7
178.2	113.3
178.3	114.1
178.4	115.5
178.4	116
178.5	117.7
178.5	119.8
178.5	120.9
178.5	121.5
178.5	122.3
178.7	124
178.8	125
178.9	125.3
178.9	125.3
179.1	125.3
179.1	125.3
179.3	123.4
179.3	123.4
179.5	121.5
179.6	119.8
179.6	118.8
179.6	116.6
179.6	114.6
179.6	114.4
179.8	113.3
179.9	111.4
179.9	111.1
179.9	109.4
179.9	109.2
179.9	107
180	105.1
180.2	104
180.2	104
180.3	105.1
180.3	106.4
180.5	109.4
180.6	110.5
180.7	111.9
180.8	111.4
180.9	110
181.1	110.8
181.1	111.1
181.2	110.3
181.3	109.7
181.3	109.2
181.4	107
181.4	106.7
181.7	103.7
181.7	102.6
181.9	103.1
181.9	104.5
182	105.6
182	105.9
182.1	106.7
182.2	108.3
182.3	110
182.5	111.6
182.6	111.9
182.6	112.7
182.7	112.7
182.9	110
182.9	110
183	112.2
183.1	113
183.2	114.1
183.2	113.3
183.3	110.3
183.4	110.3
183.5	110.3
183.6	109.2
183.7	108.6
183.9	108.6
183.9	109.2
184.1	110
184.1	111.9
184.1	113.5
184.2	115.2
184.6	113.3
184.8	113.8
184.8	114.4
184.9	117.9
185	118.8
185.1	119.8
185.1	119.8
185.3	119.8
185.5	117.4
185.6	114.1
185.6	112.2
185.7	111.6
186	112.2
186	112.2
186.1	112.5
186.2	111.4
186.2	110.8
186.3	110
186.5	108.1
186.6	107.5
186.7	109.4
186.7	111.6
186.7	112.5
186.8	113
186.9	113.5
187	113.5
187	112.7
187.1	110
187.1	109.4
187.1	111.1
187.3	112.2
187.3	112.2
187.4	111.4
187.5	110.3
187.6	109.4
187.7	109.4
187.7	109.4
187.8	111.6
187.8	113.5
188	113
188	112.5
188.2	112.5
188.3	112.5
188.4	112.2
188.6	110.5
188.7	110.5
188.7	109.4
188.7	109.2
188.8	108.3
188.9	108.3
189.1	108.9
189.2	111.9
189.3	114.1
189.4	115.7
189.4	116.6
189.4	117.4
189.6	117.9
189.6	117.4
189.7	116.8
189.9	116.6
190.1	116.3
190.2	114.9
190.3	113
190.3	112.7
190.4	111.6
190.4	111.4
190.4	110.8
190.6	111.9
190.6	113
190.7	113.3
190.8	113.8
190.8	114.4
190.8	114.4
191	112.5
191	111.9
191	113.3
191	113.8
191.1	114.1
191.2	113.3
191.3	112.7
191.3	112.7
191.5	114.4
191.5	114.6
191.5	115.7
191.6	115.7
191.6	117.1
191.7	118.2
191.9	119.6
191.9	120.7
191.9	121.2
191.9	122
192	122.3
192.1	122.6
192.2	122.3
192.3	121.5
192.3	120.4
192.5	119
192.6	117.4
192.6	117.1
192.6	115.7
192.7	114.4
192.8	114.1
192.9	116
193	117.1
193.1	116.8
193.2	115.5
193.3	114.1
193.3	112.5
193.3	112.2
193.4	109.7
193.4	109.4
193.5	107.8
193.7	108.6
193.7	110
193.8	111.4
193.8	111.4
193.9	111.4
194	110.3
194.1	108.3
194.1	107.8
194.2	107.8
194.2	109.2
194.2	111.6
194.2	111.9
194.2	113.5
194.2	114.1
194.4	114.4
194.4	114.6
194.6	115.5
194.8	116.6
194.8	117.4
194.9	117.7
195.1	116.6
195.2	114.9
195.2	114.4
195.2	113.5
195.2	111.9
195.4	111.4
195.5	112.5
195.6	114.1
195.7	116.3
195.7	116.3
195.7	117.4
195.7	118.2
195.8	119
196	119.6
196.2	119
196.3	116.8
196.3	116.3
196.4	115.7
196.7	115.2
196.7	116
196.8	117.9
196.8	119.6
196.8	119.8
196.8	121.2
196.7	122.3
196.7	123.7
196.8	124
196.9	125.3
196.9	125.9
197	125.9
197	125
197.1	122.9
197.2	120.4
197.3	119.3
197.3	119
197.3	118.2
197.4	116
197.4	114.6
197.4	113.8
197.4	113
197.4	111.6
197.6	110
197.6	109.7
197.6	110.8
197.8	112.7
198.2	115.2
198.2	116.3
198.2	116.3
198.3	114.9
198.4	113.8
198.5	112.2
198.7	111.1
198.7	111.9
198.7	114.1
198.8	116.6
198.9	117.4
198.9	119.3
198.9	119.6
199.1	121.8
199.1	122.3
199.2	123.1
199.2	124
199.3	124.5
199.4	122.9
199.5	119.8
199.5	117.9
199.5	116.3
199.5	113.8
199.5	113.3
199.5	113
199.5	111.4
199.5	110.3
199.5	108.9
199.5	107.5
199.6	107.3
199.7	107.5
199.8	108.6
199.8	110
199.8	110.3
199.8	113
199.8	114.9
199.8	116.3
199.8	117.1
199.8	117.7
199.8	118.8
199.8	119
199.8	120.1
199.8	120.4
199.9	121.5
200	122
200.2	122.9
200.2	123.1
200.3	123.4
200.3	123.7
200.4	124.5
200.4	124.5
200.6	122.3
200.6	122
200.6	120.9
200.7	119.3
200.7	117.4
200.7	115.5
200.7	114.4
200.7	113
200.7	111.4
200.7	111.4
200.7	110
200.7	108.6
200.8	106.7
200.9	105.6
201	106.2
201.1	107.5
201.2	109.2
201.3	111.1
201.3	113
201.5	114.4
201.5	114.6
201.5	116
201.7	116.3
201.7	116
201.9	115.2
202	117.7
202.1	119.3
202.3	121.8
202.3	122.3
202.3	123.4
202.3	125.9
202.3	126.4
202.4	128.9
202.4	130.2
202.6	134.1
202.7	135.7
202.8	135.2
202.8	134.1
202.8	131.3
202.8	126.4
202.8	126.4
202.8	124.2
202.8	123.4
202.8	121.2
202.9	118.5
202.9	117.9
203	116
203.1	115.2
203.3	117.1
203.4	117.9
203.4	118.8
203.5	117.1
203.6	115.5
203.7	113
203.8	110.8
203.8	109.7
203.8	108.9
203.8	108.1
203.8	107.3
203.8	107.3
203.9	108.3
204	108.6
204.1	111.4
204.1	112.7
204.2	112.5
204.4	111.1
204.4	109.2
204.4	107.5
204.5	106.2
204.5	105.3
204.5	105.1
204.6	105.3
204.8	106.4
204.8	109.4
204.8	111.4
204.8	111.4
204.8	112.5
204.8	113.5
204.9	114.1
205	114.1
205.1	112.7
205.2	110.3
205.2	109.7
205.2	108.1
205.2	107.8
205.2	105.9
205.2	104.2
205.3	102.6
205.3	101.8
205.3	101.2
205.4	100.4
205.5	99.9
205.5	99.9
205.7	99.9
205.7	99.9
205.8	101
205.9	102.3
206	103.7
206.2	103.7
206.2	102.3
206.2	100.4
206.2	100.1
206.2	99.3
206.2	97.7
206.3	96.3
206.3	96
206.4	95.2
206.6	94.4
206.7	94.1
207	93.8
207.1	94.7
207.1	95.8
207.2	98.2
207.3	99.9
207.3	100.1
207.3	101
207.3	101.8
207.3	103.4
207.5	104.5
207.6	105.9
207.6	106.2
207.6	106.4
207.9	106.2
208	106.2
208.1	106.2
208.2	107.5
208.2	108.1
208.2	108.6
208.3	110.3
208.5	111.6
208.7	111.6
208.8	110.8
208.9	110
208.9	109.7
209	108.6
209.1	107.5
209.2	108.3
209.3	109.2
209.6	110.8
209.7	111.6
209.8	112.5
209.8	113.8
209.8	114.6
209.8	115.7
209.9	116.8
209.9	117.1
210.1	117.4
210.1	117.4
210.3	114.1
210.5	112.5
210.5	111.9
210.5	110.8
210.5	109.4
210.6	108.1
210.6	107.8
210.7	107
210.7	106.7
210.7	106.2
210.8	105.3
211.3	104.5
211.4	106.2
211.3	108.3
211.3	109.4
211.5	109.7
211.7	110.5
211.8	111.6
211.8	112.7
211.9	113.8
212	113
212	112.5
212	111.1
212.3	110.5
212.5	111.4
212.6	111.1
212.7	110.8
212.7	110.8
212.7	110.3
212.8	109.4
212.8	109.4
212.8	108.9
212.8	108.1
213	107.5
213	107.3
213.2	108.6
213.3	108.9
213.4	108.9
213.5	108.9
213.6	109.2
213.8	110
213.8	112.2
213.9	114.9
214	116.3
214	116.6
214.1	117.1
214.1	117.1
214.2	117.9
214.2	117.9
214.2	117.9
214.4	117.4
214.5	116.6
214.5	116.6
214.6	117.4
214.6	117.9
214.8	118.8
215	119
215.1	117.9
215.1	117.7
215.2	116.3
215.2	115.5
215.2	114.4
215.3	113.3
215.3	111.6
215.3	111.6
215.3	111.1
215.5	111.1
215.5	110.8
215.6	112.5
215.8	114.6
215.8	115.5
215.8	116.6
215.9	117.1
216	119.3
216	120.1
216.2	119.3
216.2	118.8
216.2	117.9
216.2	117.7
216.3	116.8
216.3	115.7
216.3	115.5
216.3	114.6
216.5	114.9
216.6	115.5
216.9	115.2
216.9	114.4
216.9	113.8
217	114.6
217.1	115.5
217.2	116.3
217.3	116
217.4	114.6
217.6	114.4
217.6	114.4
217.7	114.6
217.8	116
217.8	117.7
217.9	118.8
218	119.6
218	120.4
218.1	119.8
218.1	118.2
218.1	117.9
218.1	116.6
218.2	115.2
218.3	113.8
218.4	113.5
218.5	113.3
218.7	113.3
218.8	115.7
218.8	117.9
218.8	119.6
218.8	121.5
218.9	122.3
219	123.4
219	123.7
219.1	122.6
219.1	121.5
219.1	120.7
219.4	121.2
219.7	121.8
219.8	121.8
219.9	122
220	121.8
220	120.4
220	119.8
220.1	119
220.2	118.2
220.2	117.9
220.5	118.5
220.5	119.3
220.6	119.6
220.6	118.8
220.8	118.2
220.9	119.3
220.9	119.8
220.8	118.5
220.8	118.5
220.9	119
221	119.8
221.1	119.8
221.1	118.2
221.2	116.8
221.3	116
221.3	115.7
221.5	117.1
221.6	118.2
221.7	119
221.7	118.8
221.9	117.4
222	116.8
222	116
222.2	115.2
222.3	116
222.4	116.8
222.6	118.2
222.6	119
222.7	120.1
222.7	121.2
222.8	122.3
222.8	124
222.9	125.6
222.9	125.6
223	126.7
223.2	128.9
223.3	130.5
223.3	130.8
223.3	131.3
223.3	131.6
223.3	132.4
223.3	133
223.3	133.8
223.3	134.6
223.3	134.9
223.4	135.2
223.5	134.4
223.5	133.8
223.5	131.9
223.5	130
223.5	128.9
223.6	127
223.7	125.9
223.7	125.9
223.9	125.3
224	124.5
224.1	124.2
224.1	124.2
224.3	125.9
224.4	126.4
224.4	126.4
224.5	125.6
224.5	125.3
224.6	124.8
224.6	123.4
224.6	123.1
224.7	122.3
224.8	121.8
224.9	121.8
224.9	123.1
225.1	121.8
225.1	120.7
225.1	119.6
225.1	117.9
225.2	117.7
225.3	116.8
225.3	116
225.3	115.7
225.3	115.2
225.3	114.6
225.3	113.8
225.4	113.8
225.4	113.3
225.4	113
225.6	113
225.6	113.3
225.6	113
225.9	114.4
225.9	115.2
226.1	115.2
226.2	115.2
226.3	117.9
226.4	118.8
226.6	117.9
226.8	116.8
226.8	116.6
226.9	116.6
227	116.3
227.1	116.3
227.1	116.6
227.3	116.3
227.4	114.9
227.4	114.4
227.7	113.3
228	112.2
228.1	111.4
228.2	110.8
228.5	111.6
228.5	113
228.7	117.1
228.7	118.8
228.8	120.4
228.9	121.2
229.1	121.2
229.1	122.3
229.1	123.4
229.3	125.6
229.3	125.9
229.3	127.2
229.4	129.4
229.5	132.2
229.5	134.9
229.7	140.4
229.8	143.1
229.8	145.6
229.9	148.9
229.9	150.5
230.1	148.6
230.1	148.3
230.1	143.7
230.2	138.2
230.1	133
229.9	125
229.9	118.5
229.8	112.7
229.8	104
229.8	101.2
230	97.7
230.1	94.4
230.1	94.1
230.2	93.3
230.3	91.4
230.3	89.7
230.4	89.2
230.4	87.8
230.5	83.4
230.6	79.6
230.7	76.9
230.7	75
230.9	72.5
230.9	69.8
231	64.6
231.1	64
231.2	64.8
231.4	68.4
231.4	68.7
231.4	69.8
231.5	71.9
231.5	72.2
231.5	75.5
231.7	78.5
231.7	81
231.7	83.2
231.8	89.2
231.9	92.2
231.9	98.2
231.9	98.5
231.9	101.5
231.9	104.5
231.9	104.8
232	108.1
232	108.6
232.1	110
232.2	111.9
232.2	112.2
232.5	114.1
232.8	114.4
232.8	114.1
233.1	114.1
233.4	115.5
233.8	118.5
233.9	120.4
234.1	124.5
234.2	125.3
234.2	125.6
234.3	127.8
234.3	128.1
234.4	129.2
234.6	130.8
234.6	130.8
234.6	131.3
235	129.4
235.1	128.1
235.3	127.2
235.3	129.4
235.4	129.7
235.6	129.7
235.8	128.3
236.1	126.7
236.2	126.1
236.3	125.6
236.3	125.6
236.4	127.5
236.4	127.8
236.4	129.2
236.6	129.7
236.9	131.9
236.9	131.9
237	132.7
237	134.1
237	134.4
237.1	134.6
237.3	132.7
237.4	131.3
237.4	130
237.5	128.6
237.6	127.8
237.6	127.2
237.6	125.3
237.6	125
237.6	124.8
237.7	125.9
237.8	128.9
237.8	131.6
238	133.5
238	134.6
238	135.2
238.1	136
238.1	136.5
238.1	137.4
238.5	137.4
238.7	137.1
238.7	136.3
238.7	134.1
238.8	131.6
238.8	131.3
238.8	130.2
239	129.2
239.1	128.1
239.4	126.7
239.6	124.8
239.4	124.2
239.7	126.1
239.7	126.7
239.7	128.3
239.8	128.6
240	129.4
240.1	130.5
240.1	129.7
240.2	128.1
240.2	127
240.4	126.4
240.6	125
240.7	123.7
240.7	123.1
240.8	126.1
240.9	127.5
241.1	129.2
241.2	129.4
241.3	127.8
241.4	128.3
241.5	128.9
241.6	127.5
241.7	125.3
241.7	123.4
241.7	123.4
241.9	121.8
241.9	120.9
242	119.6
242.1	118.2
242.1	117.9
242.3	119.3
242.3	120.7
242.4	123.4
242.4	124
242.5	125.3
242.6	124
242.8	123.1
242.8	123.1
243	122
243.1	122.9
243.3	123.1
243.3	122.9
243.3	120.7
243.3	119.8
243.3	118.5
243.5	114.4
243.6	113.5
243.7	112.2
243.7	110.8
243.9	112.2
244	115.5
244.1	119.8
244.1	122
244.2	123.1
244.5	122.6
244.7	121.5
244.9	120.1
244.9	119.6
244.9	118.2
245.1	115.2
245.1	114.4
245.1	111.1
245.1	110.8
245.2	107.8
245.2	105.6
245.2	105.3
245.4	103.7
245.5	101.5
245.6	99.6
245.6	97.9
245.6	96.6
245.7	96
245.8	94.9
245.8	94.1
245.8	94.1
245.8	96
245.9	96.3
246	95.8
246.1	97.1
246.2	97.4
246.2	99.9
246.2	100.4
246.2	101.5
246.3	103.7
246.4	104.2
246.6	106.2
246.7	108.1
246.7	111.4
246.7	113.5
246.7	115.7
246.9	119
246.9	119.3
247	120.7
247.1	121.2
247.2	122.9
247.3	125
247.3	125.3
247.3	126.7
247.3	127.8
247.3	127.8
247.4	127.5
247.5	127.2
247.6	126.1
247.6	125.9
247.6	125.6
247.8	124.5
247.8	124
248	125.9
248.1	128.1
248.1	128.1
248.3	126.4
248.4	125.6
248.5	125.6
248.5	125.6
248.6	124.5
248.7	124.2
248.8	123.7
248.8	123.1
248.9	124.2
249	125.3
249	128.1
249.2	131.6
249.2	131.9
249.3	131.9
249.5	130.8
249.5	129.4
249.7	128.3
249.8	126.7
249.9	126.1
249.9	125
249.9	124.8
249.9	123.7
250	123.7
250.2	123.7
250.3	124.2
250.4	124.5
250.5	124.5
250.5	123.7
250.6	122.6
250.6	122.3
250.6	122.6
250.6	122.3
250.7	122
250.9	121.8
251	121.5
251	120.4
251.1	120.1
251.2	119.3
251.3	117.9
251.4	117.4
251.5	116.3
251.6	113.5
251.8	110.3
251.8	110
251.9	108.6
251.9	107.8
252	106.4
252.1	103.7
252.3	100.7
252.3	98.8
252.4	97.4
252.5	95.8
252.7	94.4
252.7	94.1
252.9	96
253	98.2
253.1	102.1
253.1	105.3
253.1	108.1
253.2	110.8
253.2	113.3
253.3	114.4
253.4	115.7
253.5	117.7
253.7	119.3
253.8	120.1
253.9	120.7
254.1	120.7
254.2	120.4
254.4	120.9
254.4	121.2
254.5	123.7
254.7	127.5
254.7	127.8
254.8	129.2
254.8	130.2
254.8	130.5
254.9	132.7
254.9	133.5
255	134.9
255.2	136
255.2	136.5
255.3	134.1
255.3	132.2
255.4	131.3
255.4	130
255.4	127
255.5	125.3
255.5	123.7
255.5	121.5
255.5	120.1
255.6	119.8
255.7	120.1
255.7	120.4
255.7	121.2
255.9	122.6
256	124.5
256	125
256.1	124.5
256.2	124.5
256.2	124.8
256.3	125.9
256.3	127.2
256.3	127.8
256.4	129.4
256.5	130.5
256.5	130.8
256.7	129.4
256.8	127.8
256.8	127.5
256.8	126.7
256.9	125
257	124.8
257.1	124.8
257.2	124.8
257.4	123.7
257.4	122.6
257.4	120.9
257.5	120.4
257.6	121.8
257.7	122.3
257.7	123.4
257.7	125.9
257.7	126.1
257.8	128.3
257.8	130.5
257.8	132.4
257.8	132.7
257.8	133.5
257.9	134.4
258.1	133
258.3	132.7
258.4	133.8
258.5	134.1
258.6	135.7
258.7	136.3
258.7	136.5
258.9	135.4
259	133.8
259	133.5
259.1	133.3
259.2	134.1
259.2	136
259.3	138.2
259.4	140.9
259.4	141.5
259.6	143.7
259.6	145
259.8	146.1
259.9	144.8
260	141.7
260	139
260	138.2
260	136.5
260	133.8
260	132.4
260	130.5
260.1	129.4
260.2	130
260.3	130.2
260.5	129.7
260.6	129.2
260.8	130.2
260.8	133
260.8	134.1
261	134.9
261.1	132.4
261.2	131.1
261.3	130.2
261.4	128.6
261.4	128.3
261.6	128.1
261.6	128.9
261.7	130.8
261.7	133
261.9	133.3
261.9	133.3
262	133.5
262.1	134.6
262.2	135.4
262.2	135.7
262.3	136.3
262.3	136.5
262.4	137.1
262.6	137.1
262.7	135.4
262.7	134.4
262.7	133.5
262.7	133
262.8	132.7
263.1	134.1
263.3	133.8
263.3	133
263.3	131.9
263.3	130.2
263.4	128.6
263.4	128.3
263.5	126.7
263.6	128.6
263.7	130.5
263.7	130.8
263.8	130
263.9	130
264.1	129.7
264.3	130
264.4	130.8
264.4	130.8
264.6	130.5
264.7	131.1
264.8	131.1
264.9	130.5
264.9	129.2
265	127.8
265.1	126.4
265.1	125.3
265.2	124.8
265.2	124.2
265.3	123.1
265.4	122.3
265.5	122.6
265.6	124.5
265.8	127.2
265.9	128.9
265.9	129.2
266	130.2
266.2	130.5
266.3	129.2
266.4	128.3
266.6	129.2
266.7	130.2
266.8	131.1
266.9	130.8
266.9	128.6
267	127.2
267.1	126.7
267.2	126.4
267.2	126.1
267.3	127.8
267.4	128.6
267.4	128.3
267.7	130
267.7	130.5
267.8	131.3
267.8	132.2
268.1	130.8
268.1	128.6
268.1	127.5
268.2	127
268.2	126.1
268.3	126.1
268.3	125.9
268.4	128.1
268.4	129.2
268.7	128.3
268.7	128.1
268.9	127.2
268.9	126.4
268.9	125
269	124.5
269	124
269	123.1
269.1	122
269.1	121.8
269.2	122.6
269.4	122.9
269.4	122.3
269.5	121.8
269.5	121.2
269.6	120.9
269.6	122
269.7	122
269.8	121.5
269.8	120.9
269.8	120.7
269.9	120.7
270.1	121.2
270.2	122
270.3	122.3
270.3	123.7
270.3	124.2
270.3	125
270.3	126.7
270.3	127
270.3	128.6
270.3	129.4
270.4	130.2
270.5	130.2
270.6	127.8
270.8	127.5
270.8	128.3
270.8	129.4
270.8	131.1
270.8	131.9
270.8	132.4
270.8	133.5
270.9	133.5
271	134.1
271	134.9
271.1	135.2
271.1	133.8
271.1	132.2
271.2	130.5
271.3	129.7
271.4	128.3
271.4	128.1
271.5	127.8
271.5	127.2
271.6	128.9
271.6	131.3
271.6	132.4
271.6	133.3
271.8	134.4
271.9	135.2
272	135.4
272	135.4
272.2	135.4
272.3	134.9
272.3	134.9
272.5	134.6
272.6	134.4
272.6	133.8
272.7	132.7
272.7	132.7
272.8	133.3
272.8	134.4
272.8	135.2
273	135.4
273.1	135.4
273.1	135.4
273.1	136
273.3	136.5
273.4	136
273.4	139
273.5	140.1
273.5	140.9
273.8	140.1
273.8	138.5
273.8	135.7
273.9	134.9
274	134.4
274	133.5
274	133.3
274.2	132.7
274.3	132.2
274.3	131.3
274.4	129.7
274.4	127.8
274.4	126.4
274.4	124.8
274.4	124.2
274.5	123.7
274.5	122.6
274.5	121.5
274.5	121.2
274.5	120.7
274.5	120.4
274.5	119.8
274.5	119.3
274.5	119.3
274.7	119.3
274.8	119.8
274.9	120.9
274.9	121.2
275	122
275	123.7
275.1	125.3
275.2	126.1
275.2	127.2
275.2	127.2
275.3	128.1
275.3	128.9
275.3	129.2
275.4	129.7
275.4	130.8
275.7	131.3
275.9	130
275.9	129.4
275.9	128.6
276	127.5
276	127
276.2	127.8
276.4	129.4
276.4	129.7
276.4	130
276.4	130
276.6	129.2
276.6	128.6
276.9	129.2
276.9	129.2
277	128.6
277.1	126.4
277.2	124.8
277.2	123.1
277.3	121.5
277.3	121.2
277.3	121.2
277.4	122.3
277.7	121.8
277.8	121.5
277.9	122
277.9	124.2
277.8	126.1
277.8	127.8
277.8	128.9
278	129.7
278.2	129.2
278.2	128.9
278.4	127.5
278.5	125.3
278.5	125
278.5	125
278.6	124.2
278.6	124
278.7	124
278.8	125
278.8	126.4
278.8	128.1
278.8	128.3
278.8	128.9
278.8	129.4
278.8	129.4
279	129.7
279.3	128.9
279.3	128.6
279.4	128.3
279.4	128.3
279.6	128.1
279.6	128.9
279.6	129.2
279.6	130.5
279.6	131.6
279.6	131.9
279.8	132.7
279.9	133
280.1	131.6
280.2	130.5
280.3	128.9
280.3	126.7
280.3	127
280.3	129.4
280.3	131.1
280.3	131.3
280.3	131.9
280.3	133
280.3	133.8
280.4	134.1
280.6	134.4
280.7	133.8
280.8	133.3
280.9	132.4
280.9	133
280.9	134.6
281	135.4
281.1	136
281.2	135.7
281.3	134.9
281.3	133.8
281.3	131.6
281.4	131.6
281.5	131.9
281.5	133
281.5	134.4
281.6	135.2
281.7	136
281.9	134.4
282	131.9
282	129.4
282.1	127.5
282.2	125.9
282.2	125
282.2	124.2
282.3	123.7
282.3	123.4
282.3	124.5
282.4	124.2
282.7	122.9
282.8	122.3
282.8	122.3
282.8	123.4
282.8	125.3
282.8	125.3
282.9	126.1
283.1	125.3
283.2	124.8
283.4	125.6
283.4	127.2
283.4	127.8
283.4	128.9
283.4	130.5
283.4	131.1
283.4	131.6
283.4	132.2
283.6	132.4
283.7	131.9
283.8	131.1
283.9	130
283.9	130
284	131.1
284	132.4
284	134.1
284	134.9
284.1	135.7
284.2	136.8
284.2	137.4
284.3	137.6
284.4	137.9
284.5	137.1
284.6	134.6
284.6	132.4
284.7	131.3
284.8	129.7
284.8	127.5
284.9	125.6
284.9	123.4
285.1	122
285.1	120.1
285.1	118.5
285.2	116.8
285.2	116.3
285.2	115.7
285.3	115.7
285.3	116
285.4	117.4
285.4	117.9
285.4	119.6
285.4	122
285.4	122.3
285.5	123.4
285.5	123.4
285.6	125
285.6	126.4
285.6	126.4
285.6	127.8
285.6	128.3
285.6	128.6
285.8	127.8
285.9	127.5
286	127.8
286	128.6
286	129.2
286.1	130
286.2	130.8
286.2	131.1
286.3	130.8
286.3	129.7
286.4	128.9
286.4	127.2
286.4	127
286.5	125.6
286.5	125.3
286.6	124.5
286.6	123.1
286.7	122.3
286.8	121.2
286.9	120.4
287	121.2
287.1	122.6
287.2	122.6
287.3	122.3
287.4	122.6
287.4	123.4
287.5	125
287.6	126.4
287.7	127.2
287.8	127.8
288	127.8
288	127.8
288.2	126.7
288.3	125.6
288.3	125.3
288.3	124.5
288.4	124
288.5	123.7
288.5	123.7
288.6	124.2
288.7	125.3
288.9	125.3
289	125.3
289.2	125.3
289.2	126.7
289.2	128.1
289.2	128.1
289.2	129.2
289.2	130.2
289.4	131.6
289.3	130.5
289.4	131.6
289.6	130.5
289.6	128.9
289.6	127
289.7	125.6
289.8	124.8
289.8	123.7
289.9	122
290	120.4
290	119.8
290	119
290	117.7
290	117.4
290.1	116.3
290.1	116
290.2	117.4
290.2	118.5
290.3	120.1
290.3	121.5
290.3	121.8
290.4	122.6
290.5	124.8
290.5	125
290.5	127
290.5	127.2
290.5	128.6
290.5	130.5
290.5	130.5
290.5	131.6
290.6	132.2
290.6	132.4
290.8	133.5
290.9	134.6
290.9	135.4
291.1	134.6
291.2	134.6
291.3	134.6
291.3	134.1
291.3	133
291.5	130.8
291.5	130.5
291.5	128.9
291.6	128.1
291.7	128.1
291.8	129.2
291.8	130.5
292	130.2
292	128.9
292.1	128.6
292.2	128.3
292.4	128.1
292.6	128.1
292.7	127.8
292.7	127.5
292.8	126.7
292.9	125.9
293	125
293	124.2
293.2	123.7
293.3	123.7
293.3	124.5
293.3	126.7
293.3	127
293.3	127.5
293.4	129.2
293.5	129.7
293.6	129.4
293.7	128.3
293.8	127.5
293.8	127.5
293.9	127.5
294.1	127.5
294.1	127.2
294.2	126.7
294.2	125.9
294.2	125.6
294.3	124.8
294.4	124.8
294.5	125.3
294.6	124
294.7	123.1
294.7	122.9
294.7	121.8
294.7	120.4
294.8	119.8
294.8	119.6
294.9	119
294.9	118.5
294.9	118.2
295.1	117.7
295.1	117.1
295.1	116
295.1	115.7
295.2	115.2
295.2	114.4
295.3	115.2
295.4	116.8
295.4	117.9
295.6	118.5
295.6	117.9
295.7	118.2
295.7	119.6
295.8	120.9
295.9	122
296	122.6
296.2	120.9
296.2	120.1
296.2	118.8
296.2	117.4
296.2	116.3
296.3	115.2
296.4	114.1
296.4	113.3
296.5	112.2
296.6	110
296.7	109.7
296.8	109.2
296.9	108.3
296.9	107
296.9	106.7
297	105.6
297	104.8
297	105.9
297.1	106.4
297.1	107.3
297.2	108.1
297.3	108.9
297.4	108.9
297.6	108.9
297.6	107.5
297.6	107.3
297.6	107.3
297.8	106.2
297.8	105.9
297.8	105.6
298	104.8
298	104.2
298	103.7
298.1	102.3
298.1	101
298.1	101
298.1	99.9
298.1	99
298.1	97.9
298.1	97.4
298.2	96.9
298.3	97.1
298.4	98.2
298.4	98.2
298.4	99
298.5	99.9
298.5	99.9
298.6	99.9
298.8	98.5
298.8	97.7
298.8	96.6
298.8	94.9
298.9	93.3
299	92.2
299	91.9
299.1	91.7
299.2	90.6
299.2	90.6
299.3	90
299.4	90
299.4	92.2
299.5	93.3
299.6	94.1
299.7	96
299.7	96.3
299.7	98.2
299.7	99.6
299.7	100.7
299.8	102.6
299.8	104.8
299.7	105.3
299.7	106.4
299.7	107.3
299.7	108.1
299.7	109.2
299.7	110.8
299.7	111.6
299.8	112.5
299.8	113.3
299.8	114.1
299.9	114.1
299.9	114.6
299.9	114.9
300.1	115.7
300.1	116
300.1	116.6
300.1	117.4
300.2	117.9
300.2	118.8
300.2	119.3
300.3	119.3
300.3	119
300.4	117.7
300.5	116
300.5	114.9
300.5	113.8
300.6	112.7
300.7	111.6
300.7	111.4
301	111.4
301.2	111.4
301.2	111.4
301.2	110.8
301.4	110
301.4	108.6
301.4	108.1
301.5	107.5
301.6	106.2
301.6	105.9
301.7	104.5
301.7	104.5
302	106.7
302	106.7
302.1	105.9
302.1	105.6
302.1	104.2
302.3	102.6
302.3	100.1
302.4	98.8
302.4	97.7
302.6	95.8
302.7	94.9
302.9	95.2
303	96.3
303	97.1
303.1	98.2
303.1	99.9
303.2	100.1
303.5	101.2
303.6	100.4
303.7	99.3
303.8	98.2
303.8	97.1
303.9	96
304.1	95.5
304.1	95.5
304.1	95.8
304.2	96.9
304.2	97.1
304.3	98.2
304.5	98.8
304.5	97.7
304.6	97.1
304.6	96.3
304.7	94.9
304.7	94.7
304.8	94.9
304.8	95.8
304.9	96
305	94.9
305.1	94.4
305.1	93.8
305.2	93.8
305.2	94.4
305.3	94.9
305.5	94.7
305.5	94.4
305.6	93.8
305.7	94.1
305.7	94.1
305.9	93.3
305.9	92.5
305.9	92.5
306	91.4
306	90.3
306	89.7
306.1	88.6
306.2	88.1
306.2	87.5
306.3	86.2
306.4	86.7
306.4	86.7
306.5	88.4
306.6	90.8
306.6	91.4
306.6	93.6
306.6	95.2
306.6	95.2
306.7	96.9
306.8	97.9
306.8	98.2
306.9	97.7
307	96.3
307	96
307.1	94.4
307.2	93.8
307.3	93.3
307.4	92.5
307.4	92.5
307.6	92.2
307.6	92.5
307.7	94.4
307.8	96
308	97.7
308.2	99.3
308.4	101.5
308.4	101.8
308.5	100.7
308.5	98.5
308.5	98.2
308.5	96.9
308.6	95.5
308.7	95.2
308.7	94.1
308.7	93.6
308.8	94.1
308.9	94.9
308.9	96.3
309	97.9
309.1	99
309.1	100.7
309.2	101.2
309.2	102.1
309.2	105.3
309.2	105.6
309.3	106.7
309.5	108.1
309.5	108.9
309.5	109.2
309.5	110.5
309.6	111.9
309.6	112.2
309.6	113
309.8	113.8
309.8	113.5
309.9	110.5
309.9	110
309.9	107
309.9	105.1
310	104.8
310.1	102.9
310.1	102.1
310.2	101.2
310.3	99.6
310.3	98.8
310.3	97.7
310.4	96
310.4	95.5
310.6	93.6
310.6	91.1
310.6	91.1
310.8	90.3
310.8	89.7
310.9	88.9
310.9	86.7
310.9	86.5
311	85.9
311	85.4
311.1	85.4
311.1	85.6
311.2	87
311.3	88.6
311.3	88.9
311.4	90.8
311.4	91.7
311.7	90.6
311.7	91.1
311.8	93.6
311.8	93.6
311.9	95.2
311.9	96.6
312	97.9
312	98.5
312.1	99.6
312.1	100.1
312.3	101
312.3	101.2
312.3	102.1
312.4	102.6
312.4	103.7
312.5	104.2
312.6	104.8
312.7	104.5
312.8	102.3
312.8	99.9
312.9	98.5
313.1	97.7
313.2	99
313.3	101.2
313.4	102.9
313.4	103.7
313.5	104.8
313.5	105.1
313.6	105.6
313.7	105.6
313.9	104
313.9	101.8
313.9	99.6
313.8	96.9
313.7	95.2
313.7	93.6
313.7	91.9
313.8	90.8
313.8	90
313.8	89.7
313.8	89.5
313.8	88.1
313.8	86.7
313.8	85.4
313.8	84
313.8	82.6
313.8	81.8
313.8	81.5
313.9	80.2
313.9	79.6
313.9	79.1
313.9	78.2
313.9	77.7
314	76.9
314.1	76.6
314.1	75
314.1	74.1
314.2	73.9
314.2	72.8
314.2	72.2
314.3	72.8
314.4	74.7
314.5	76.9
314.5	77.1
314.6	78.5
314.9	78
314.9	79.1
315	82.6
315.2	85.6
315.3	88.9
315.3	91.1
315.4	93.3
315.4	93.8
315.4	96
315.6	98.5
315.6	99.3
315.7	101.2
315.8	104.5
315.8	104.5
315.9	106.2
316	107.3
316	108.6
316	108.9
316	110.3
316	110.5
316.3	110.5
316.5	110.5
316.6	108.6
316.7	105.1
316.8	104.8
316.8	107
316.8	107.8
317	108.6
317.1	106.2
317.1	106.7
317.4	107
317.5	108.1
317.6	109.4
317.6	110.3
317.8	110.5
318	110.8
318.2	111.6
318.4	110.5
318.4	110
318.4	110.5
318.5	111.9
318.5	112.2
318.6	113.5
318.6	115.5
318.8	118.8
318.8	119
318.9	120.7
318.9	122.6
318.9	125
319	128.3
319.1	129.2
319.1	130.5
319.1	131.3
319.1	133.3
319.1	133.5
319.1	134.1
319.1	134.6
319.1	135.2
319.1	136
319.2	136.8
319.3	137.4
319.4	138.2
319.6	138.5
319.6	137.4
319.6	135.2
319.8	133.5
320.1	133.5
320.2	134.9
320.2	135.2
320.2	135.2
320.3	134.9
320.4	133.3
320.4	131.3
320.4	130.8
320.4	129.7
320.4	128.6
320.5	128.3
320.5	128.9
320.6	127.8
320.8	127
320.9	127
321	128.3
321.3	128.6
321.4	127.8
321.5	126.1
321.5	125.3
321.6	123.7
321.6	122.6
321.7	122.6
321.9	124.2
322.2	124
322.2	123.7
322.3	124.2
322.5	127
322.6	127.2
322.7	129.7
322.7	130
322.7	128.6
322.8	126.1
322.8	124.8
323	123.7
323	122.9
323.1	122.6
323.4	124
323.4	124
323.5	123.1
323.5	121.8
323.5	121.8
323.6	120.7
323.7	119.6
323.7	118.8
323.8	117.9
323.8	117.9
324.1	118.2
324.2	118.8
324.4	119.3
324.4	119.3
324.5	118.5
324.6	117.7
324.7	116.8
324.8	116.3
324.8	115.7
324.9	115.5
324.9	116.6
324.9	118.2
324.9	118.5
325	119.8
325.1	120.9
325.1	121.2
325.1	122.9
325.2	122.6
325.3	121.5
325.3	120.9
325.4	120.7
325.4	119.8
325.4	119.3
325.5	118.5
325.5	117.9
325.5	117.9
325.6	118.2
325.6	118.8
325.7	121.5
326	122.9
326	122.9
326	122.3
326	121.2
326.2	120.7
326.2	120.4
326.3	120.1
326.6	119.8
326.6	119.8
326.7	120.9
326.9	122.9
326.9	123.1
327.1	123.1
327.3	123.1
327.4	123.7
327.5	124.2
327.6	125.6
327.7	127.8
327.7	128.1
327.7	129.4
327.7	131.1
327.9	132.2
327.9	132.2
328	129.7
328	127.5
328.1	125.9
328.1	124.2
328.2	122.3
328.3	121.2
328.4	119.8
328.6	120.4
328.7	122.6
328.8	125.6
328.8	127
328.8	127.2
328.9	128.3
329	129.2
329	129.7
329.2	129.2
329.3	127
329.4	125
329.6	124.8
329.8	126.1
329.9	128.3
330	130
330	131.3
330.2	132.7
330.4	133.3
330.4	134.4
330.5	136.8
330.7	138.7
330.9	139.8
331	138.7
331.1	139.6
331.2	141.5
331.2	142.3
331.3	143.1
331.4	143.4
331.5	142.3
331.7	138.7
331.7	136.8
331.8	135.2
331.9	133.8
332	132.7
332.1	131.3
332.2	131.3
332.2	130
332.2	128.9
332.4	128.9
332.4	131.6
332.5	134.4
332.5	135.7
332.5	137.1
332.6	137.6
332.8	137.6
332.9	135.7
333.1	134.9
333.2	134.6
333.3	135.7
333.4	137.1
333.5	137.6
333.6	136.3
333.7	134.9
333.8	135.4
333.9	136.3
334.1	135.4
334.1	133.8
334.1	132.2
334.3	130.5
334.3	129.2
334.5	127.2
334.6	126.7
334.7	129.4
334.8	129.7
334.9	129.2
335	128.9
335.1	128.9
335.2	130.2
335.3	132.4
335.4	132.7
335.4	133.5
335.5	132.2
335.5	131.9
335.7	131.9
335.8	131.3
335.8	130
335.8	128.9
336	127
336.1	128.1
336.2	130
336.3	132.2
336.3	134.1
336.5	134.6
336.6	135.4
336.6	136.5
336.7	136.5
336.7	135.4
336.7	133.5
336.8	133
336.9	132.2
337	131.9
337	132.2
337	133
337.1	133.5
337.2	133
337.3	132.7
337.3	131.9
337.4	130.8
337.4	129.7
337.3	130
337.6	129.4
337.7	129.4
337.8	129.4
337.8	127.8
337.8	127.5
337.9	126.4
337.9	125
338	124.2
338.1	124.2
338.3	126.4
338.4	129.7
338.4	131.9
338.4	133.5
338.5	134.1
338.5	134.6
338.5	134.9
338.6	134.9
338.7	135.2
338.8	135.4
338.8	135.7
339	136.3
339	137.1
339	138.7
339.1	139.8
339.5	140.1
339.5	137.6
339.5	134.9
339.6	133
339.6	131.3
339.6	130
339.6	128.6
339.6	127.2
339.6	126.1
339.8	125.6
339.8	126.7
340	128.6
340.1	130.5
340.2	130.8
340.3	130.8
340.3	129.7
340.4	128.6
340.4	128.3
340.4	128.1
340.4	129.4
340.4	129.4
340.4	131.1
340.5	132.4
340.6	133.5
340.7	134.6
340.7	135.2
340.8	135.4
340.9	136.5
340.9	136.8
341.1	136.3
341.1	135.2
341.2	134.1
341.2	131.9
341.2	131.1
341.3	130.5
341.4	129.7
341.5	129.2
341.5	128.6
341.6	129.4
341.6	129.4
341.8	130.2
341.8	132.7
341.8	132.7
341.8	134.1
341.8	135.4
341.9	136.5
342	137.6
342.1	137.6
342.2	135.2
342.2	134.6
342.2	133.5
342.2	132.7
342.3	132.2
342.5	131.1
342.6	131.1
342.7	132.2
342.8	132.4
343	132.4
343.2	132.4
343.2	131.3
343.3	131.1
343.3	131.6
343.5	133.5
343.7	133.8
343.7	131.6
343.7	130.8
343.8	130.2
343.9	130.2
344	130.8
344	131.1
344.2	131.1
344.3	129.4
344.3	126.1
344.3	124.5
344.5	122.6
344.6	121.5
344.6	120.7
344.6	119.8
344.6	119.6
344.7	120.4
344.7	123.1
344.7	123.1
344.7	126.4
344.7	129.7
344.8	131.6
344.8	131.6
344.9	132.7
344.9	133.8
344.9	135.2
344.9	136.5
344.9	136.8
344.9	137.4
345	137.9
345.1	138.2
345.4	136.8
345.5	134.6
345.6	133
345.7	131.6
345.7	130.5
345.8	129.4
345.9	128.6
345.9	128.3
345.9	127.8
346	127
346	126.7
346	125.9
346.1	125
346.2	124.2
346.2	124.2
346.3	125
346.5	125.3
346.6	124.5
346.7	124.2
346.7	124.8
346.7	125.9
346.7	127.8
346.8	128.3
346.9	129.4
347	130.2
347	131.3
347.2	132.4
347.3	133
347.3	134.1
347.4	135.4
347.5	136.3
347.5	136.5
347.6	134.6
347.6	132.4
347.6	130.8
347.8	132.2
347.9	132.7
348	132.2
348	130
348.1	128.6
348.2	127
348.2	126.1
348.4	125.9
348.4	127.2
348.5	131.3
348.5	132.7
348.5	133
348.6	134.1
348.6	134.1
348.6	134.9
348.7	135.4
348.7	135.7
348.8	135.7
348.9	135.2
349.1	133.8
349.1	133.8
349.2	134.6
349.2	134.6
349.3	133.3
349.4	133
349.4	133.8
349.4	134.6
349.5	134.9
349.6	134.1
349.7	133.3
349.8	132.7
349.8	133
349.8	133.8
349.9	134.1
349.9	134.6
350	135.2
350	135.2
350.1	136.3
350.2	136.8
350.3	137.4
350.4	137.6
350.5	137.1
350.5	135.7
350.5	134.4
350.6	133.3
350.7	132.2
350.9	132.7
350.9	133.8
350.9	136.3
350.9	138.2
351	140.6
351.1	142.6
351.1	144.2
351.1	144.5
351.1	146.4
351.2	148
351.2	148.3
351.2	150
351.2	151.3
351.2	152.7
351.3	154.9
351.5	155.7
351.6	156.3
351.8	155.2
351.9	151
352	147.5
352	143.9
352.1	141.7
352.2	140.9
352.2	139
352.2	136.3
352.2	135.7
352.2	133.3
352.3	129.7
352.4	125
352.6	119
352.8	112.2
352.8	110.5
352.9	106.7
352.9	100.1
352.9	99.3
352.9	91.7
353	84
353.1	76.3
353.1	67.3
352.9	55.2
352.9	52.2
352.9	48.4
352.7	42.7
352.7	42.4
352.6	35
352.6	28.4
352.7	23.5
352.7	20.2
352.8	18.6
352.9	17.2
352.9	15.6
352.9	15
353.1	15.6
353.1	14.7
353.2	13.6
353.3	13.9
353.4	15.3
353.6	15.6
353.7	14.5
354	13.6
354.1	12.8
354.3	13.4
354.3	14.2
354.4	14.7
354.5	15.3
354.7	15.3
354.9	14.7
355.1	14.2
355.2	13.9
355.2	13.6
355.4	12.8
355.5	12
355.5	11.2
355.6	11.2
355.7	12.3
355.8	12.3
356	12.3
356.1	12.8
356.2	13.1
356.3	13.4
356.5	12.8
356.5	11.7
356.6	11.2
356.7	10.6
356.8	9.5
357	9
357	9
357.1	9.3
357.1	10.6
357.2	12
357.4	13.4
357.6	14.2
357.7	14.2
357.9	13.1
358	12.3
358.1	12.3
358.2	13.1
358.3	13.9
358.6	13.9
358.7	12.8
358.9	13.4
358.9	14.2
359.5	15
359.6	14.2
359.6	13.6
359.7	13.9
359.7	15
359.9	15.6
359.9	15.6
360	15.3
360.1	16.1
360.2	16.4
360.3	16.4
360.4	15
360.4	14.5
360.5	14.2
360.7	13.9
360.7	13.4
360.7	12.5
360.8	12
360.8	12.3
360.9	13.4
361.2	14.2
361.2	14.2
361.3	14.7
361.6	14.2
361.6	13.6
361.7	12.8
361.9	13.6
361.9	13.9
361.9	15.3
362	16.7
362.1	17.5
362.4	19.1
362.4	19.4
362.6	20.8
362.7	21.3
362.7	21.6
362.8	21.3
363.1	19.7
363.3	18.8
363.4	19.1
363.5	20.8
363.8	21.9
364	23.5
364.1	21.9
364.1	21.3
364.2	20.8
364.3	22.4
364.3	22.7
364.4	22.9
364.5	23.2
364.5	22.9
364.6	21.6
364.8	19.9
364.8	19.7
364.9	18.6
365.1	17.7
365.1	17.7
365.4	19.1
365.7	19.9
365.7	19.9
365.9	19.1
366.1	17.7
366.1	17.2
366.5	16.4
366.5	14.5
366.5	13.4
366.6	12.5
366.8	12.3
367.1	12.8
367.2	12.3
367.3	11.2
367.3	10.4
367.5	10.6
367.8	10.6
367.8	9.8
367.9	9
368	8.4
368.3	8.2
368.4	8.2
368.4	8.2
368.6	8.7
368.7	9.3
368.8	9.3
368.9	9.3
369.1	9.3
369.1	9.3
369.3	9.3
369.4	8.4
369.5	8.4
369.6	7.6
369.7	6.3
369.9	5.7
370	5.7
370.3	6
370.4	6.8
370.5	7.1
370.6	7.3
370.8	7.3
371	8.2
371.1	9.8
371.2	11.2
371.3	13.1
371.4	14.5
371.5	15
371.6	15.6
371.6	15.6
371.8	13.6
371.8	12.5
371.9	12.3
372	10.6
372.1	9.8
372.1	9.5
372.3	8.2
372.3	7.9
372.3	7.6
372.4	7.1
372.5	6.5
372.7	6.3
372.8	6.3
372.9	5.7
373	4.3
373	3.8
373	3.2
373.1	4.1
373.4	4.9
373.7	4.6
373.8	3.8
373.9	3.2
374.1	4.3
374.2	5.4
374.4	6.5
374.6	7.9
374.7	8.4
374.8	9
374.9	8.2
374.9	7.9
374.9	7.3
375.1	7.3
375.2	6.8
375.2	6.5
375.4	6.5
375.5	6.5
375.6	6.3
375.8	6.3
375.8	6.3
376	5.7
376	5.7
376.4	5.2
376.7	5.7
376.8	6
377.1	7.3
377.2	8.2
377.4	7.3
377.5	7.1
377.6	7.6
377.9	10.1
377.9	10.4
378	10.1
378.1	8.2
378.1	6.5
378.3	5.4
378.4	3.8
378.5	3.8
378.7	6
378.9	8.4
379.1	10.4
379.2	11.2
379.2	11.5
379.3	13.1
379.4	12.5
379.4	11.7
379.6	10.4
379.7	9
379.7	7.9
379.8	6.5
380	5.2
380.2	6
380.3	6.3
380.4	6.5
380.5	5.4
380.5	5.2
380.6	4.6
380.7	4.1
380.8	4.1
381	4.3
381	4.6
381.2	5.2
381.4	5.2
381.5	5.2
381.5	4.9
381.8	4.1
381.8	4.1
382	4.1
382.1	4.3
382.1	4.6
382.1	5.2
382.3	5.7
382.5	6
382.7	6.8
382.8	7.6
382.9	8.4
383.1	8.4
383.3	8.7
383.3	10.1
383.4	10.9
383.6	12
383.6	10.9
383.7	9.8
383.8	9
383.9	7.9
384	6.8
384.2	6.5
384.2	6.5
384.3	7.1
384.4	8.2
384.5	9
384.6	10.1
384.7	10.6
384.8	11.5
384.9	12.5
385	13.6
385.1	14.5
385.2	14.7
385.3	13.9
385.4	12.8
385.5	11.2
385.5	10.9
385.6	9.8
385.6	8.4
385.6	8.2
385.6	7.6
385.7	6.3
385.7	6.3
385.9	5.2
386	4.6
386.2	4.3
386.3	4.3
386.5	5.4
386.7	5.4
386.9	5.4
386.9	4.9
387.1	4.3
387.3	4.1
387.5	4.1
387.7	5.2
387.7	5.4
387.9	6.5
388	6
388.2	5.2
388.2	5.2
388.4	4.9
388.5	4.6
388.6	4.6
388.7	3.8
388.8	3.5
389	3.2
389	4.9
389.1	5.2
389.4	5.2
389.7	4.3
389.9	5.2
389.9	6
390.2	6.8
390.3	7.1
390.5	6.3
390.7	5.7
390.9	5.2
391.1	4.9
391.4	6
391.6	6.5
391.8	6.8
392.1	7.9
392.2	9
392.4	10.6
392.5	11.5
392.6	12.3
392.7	12.8
392.8	12.8
392.9	10.9
393	9.8
393.2	9
393.3	7.9
393.5	7.1
393.6	6.8
393.8	7.3
393.9	8.2
394.1	9
394.2	7.9
394.3	6.8
394.3	6
394.4	4.9
394.4	4.6
394.5	3.5
394.7	2.7
395	2.4
395.2	2.7
395.4	3.5
395.6	4.6
395.8	6.5
396.1	8.4
396.3	10.4
396.4	11.5
396.6	11.5
396.7	11.5
397	10.9
397.1	10.6
397.3	10.6
397.6	11.2
397.7	11.5
397.7	12.3
397.8	14.2
397.8	14.7
397.9	16.4
398.1	19.1
398.1	19.4
398.1	20.8
398.2	24.9
398.4	26.8
398.4	30.6
398.6	33.9
398.7	36.1
398.7	37.5
398.8	38
398.8	39.1
398.8	41.8
398.8	41.8
398.8	42.9
398.8	43.8
398.9	44.3
399	46.2
399.1	45.9
399.2	44.6
399.3	43.2
399.4	42.4
399.5	42.4
399.7	43.8
399.8	45.4
399.8	46.2
399.8	46.8
399.8	47
399.9	48.4
399.9	48.7
400.1	49.8
400.2	50
400.3	48.7
400.3	48.4
400.4	47.6
400.5	47.3
400.5	47.6
400.6	47.9
400.7	49
400.7	50.3
400.7	51.4
400.7	51.7
400.7	52.8
400.7	54.7
400.8	55.8
400.9	57.4
401	58.3
401	58.5
401.1	59.6
401.3	61
401.5	61.8
401.5	63.5
401.5	66.2
401.5	67
401.5	68.9
401.6	72.2
401.7	73
401.8	73.9
401.9	72.5
401.9	72.5
401.9	71.9
401.9	70.3
401.9	69.2
401.9	67.6
402.1	67.3
402.1	67
402.2	68.4
402.2	69.5
402.2	69.8
402.3	70.3
402.4	71.1
402.4	72.2
402.4	73
402.5	73.9
402.6	73.3
402.7	72.5
402.7	72.5
402.7	73.3
402.8	73.9
403	75
403.1	76.1
403.1	76.6
403.3	77.7
403.4	78.8
403.4	79.1
403.5	78.8
403.5	78.5
403.6	77.7
403.6	75.8
403.6	75.2
403.7	75.2
403.8	76.1
403.8	77.1
403.9	76.9
404	75.8
404.1	74.1
404.2	72.5
404.2	72.2
404.3	71.1
404.3	69.2
404.4	66.7
404.4	64
404.4	61.5
404.4	60.7
404.4	58.8
404.4	56.1
404.4	54.4
404.5	51.1
404.6	49.2
404.6	47.3
404.7	46.2
404.7	45.9
404.7	43.8
404.7	42.4
404.8	41.8
404.8	41.3
405	41.3
405.1	41.8
405.1	42.7
405.2	42.7
405.2	42.4
405.2	42.4
405.3	41.8
405.4	41.3
405.5	42.4
405.5	45.1
405.5	48.4
405.5	49.2
405.7	51.1
405.7	53.1
405.7	53.6
405.8	55.2
405.8	55.5
405.8	57.2
405.9	58.3
405.9	59.6
406	60.4
406.1	61.3
406.2	62.1
406.2	62.6
406.2	62.9
406.3	63.2
406.4	63.5
406.4	63.2
406.5	61.3
406.7	58.8
406.7	58.5
406.8	56.6
406.9	54.7
407	53.9
407.2	54.7
407.4	56.6
407.4	57.4
407.4	58.5
407.5	60.4
407.5	60.4
407.6	63.2
407.6	63.5
407.7	65.4
407.7	67.3
407.8	70.3
407.9	73.3
407.9	74.4
407.9	76.1
408	77.4
408.1	79.6
408.2	81.3
408.4	84.3
408.5	85.6
408.6	83.4
408.6	83.2
408.8	81.8
408.9	81.5
409	82.9
409	83.7
409	84.8
409	87.3
409.1	87.5
409.2	88.6
409.3	89.7
409.3	89.7
409.5	90
409.7	88.1
409.8	85.4
409.9	82.3
409.9	79.9
409.9	77.7
409.9	75.2
409.9	73
409.9	70.8
409.9	68.1
409.9	65.1
409.9	63.7
409.9	63.2
410.1	62.4
410.3	62.4
410.5	62.4
410.6	64
410.7	66.2
410.9	65.6
411	65.4
411	64
411.3	63.7
411.4	64.8
411.7	65.9
411.7	63.5
411.7	62.9
411.7	61
411.7	58
411.8	54.7
412	50.9
412.1	48.1
412.1	45.7
412.2	42.7
412.2	39.9
412.2	37.7
412.2	36.9
412.2	35.8
412.3	34.7
412.3	34.4
412.4	33.1
412.3	33.1
412.4	31.4
412.4	30.3
412.5	27.6
412.6	26
412.6	25.7
412.7	24.6
412.7	23.2
412.7	22.9
412.7	21.6
412.8	21
412.8	19.9
412.9	18.8
413	18.6
413.1	18.8
413.3	18
413.3	17.7
413.4	17.5
413.4	18.8
413.4	19.9
413.8	20.2
414	20.5
414.1	21
414.1	21.6
414.2	24
414.2	24.3
414.2	26.8
414.5	30.9
414.6	35.8
414.6	39.1
414.6	42.9
414.6	45.7
414.6	45.9
414.7	50.6
414.7	50.9
414.8	56.1
414.8	59.4
414.9	61.3
414.9	61.5
415.1	63.7
415.5	66.2
415.5	67.3
415.6	68.4
415.7	73
415.9	79.9
416.1	82.6
416.3	93.3
416.3	96
416.4	99.3
416.4	102.1
416.4	104.5
416.3	110.5
416.2	113.3
416.5	114.1
416.5	114.1
416.8	111.6
416.8	109.2
416.8	106.2
416.8	102.1
416.8	99.6
416.9	100.7
417.1	101.2
417.3	99
417.5	95.5
417.6	88.4
417.7	83.4
417.8	82.9
417.8	78.8
417.8	76.9
417.6	74.4
417.6	71.9
417.6	71.7
417.6	68.9
417.5	64.6
417.6	61.3
417.7	58
417.8	52.2
417.8	48.1
417.9	45.4
418	42.4
418.1	41.8
418.1	41.8
418.2	40.2
418.3	38.6
418.3	38
418.3	37.2
418.5	36.9
418.6	39.1
418.6	39.6
418.7	39.1
418.9	39.4
418.9	39.6
418.9	40.7
418.9	41
419	41.3
419.2	40.7
419.3	39.4
419.4	39.4
419.4	39.1
419.4	40.5
419.6	42.1
419.6	42.4
419.7	41
419.7	41
419.8	39.4
419.8	38
419.9	36.6
420	36.1
420	37.7
420	38
420.1	39.6
420.2	41.6
420.3	44
420.6	46.5
420.7	47.6
420.7	49
420.7	49.8
420.8	51.1
421	51.7
421	49.5
421	46.2
421.1	45.4
421.1	43.5
421.1	41.6
421.1	39.6
421.2	38.3
421.3	36.9
421.4	36.6
421.5	37.5
421.7	41.3
421.7	42.4
421.9	42.4
422	41.3
422.1	41
422.1	41.3
422.2	42.7
422.3	44.3
422.4	44.6
422.6	43.5
422.7	43.5
422.8	43.8
423	46.5
423.1	47.9
423.2	49
423.2	49.2
423.4	50.3
423.7	47.9
423.9	44.8
424	44
424.2	42.4
424.3	40.5
424.4	38.8
424.5	37.5
424.6	35.8
424.8	33.1
424.8	31.7
425	32.5
425.1	33.6
425.2	33.6
425.3	34.7
425.4	36.6
425.4	37.7
425.5	38.3
425.5	39.1
425.6	39.4
425.5	39.9
425.7	41.3
425.7	41.6
425.7	41.6
425.8	40.2
425.8	39.9
425.9	39.6
426	39.6
426	39.6
426.3	40.7
426.5	42.1
426.5	42.1
426.6	42.4
426.6	42.4
426.6	42.7
426.7	42.4
426.7	42.1
426.9	41
426.9	40.5
426.9	40.2
427.2	39.6
427.3	41.3
427.4	44
427.7	46.8
427.7	47.6
427.7	48.7
427.7	48.7
427.9	48.1
428	48.1
428	47.6
428.1	45.9
428.1	44.6
428.1	44
428.3	42.9
428.4	42.4
428.5	42.7
428.6	42.1
428.7	40.7
428.8	39.9
428.9	38.8
429.1	39.9
429.3	41.3
429.3	41.6
429.4	43.8
429.4	45.7
429.4	45.9
429.4	47.3
429.5	48.4
429.7	47.6
429.7	45.9
429.8	44.6
430	45.1
430	46.2
430	46.2
430.1	45.9
430.2	45.1
430.4	43.5
430.5	42.7
430.6	41.8
430.7	41.3
430.9	42.1
431	42.4
431.1	42.4
431.2	43.5
431.2	44.6
431.4	43.5
431.5	42.1
431.6	41.3
431.7	40.2
431.7	39.9
431.8	38.8
431.8	37.7
432	36.1
432.2	36.1
432.3	37.5
432.4	38
432.5	39.1
432.6	40.2
432.6	38.6
432.6	37.2
432.7	36.1
432.8	35.3
432.9	34.7
433.2	35.8
433.2	36.9
433.3	39.1
433.4	40.7
433.5	42.1
433.7	42.9
433.7	42.9
433.8	42.1
434	41.8
434	42.1
434.1	42.1
434.2	41
434.3	40.5
434.3	41.3
434.5	41.6
434.6	42.1
434.8	43.2
435	44.3
435	44.6
435	45.7
435	47
435.1	47.3
435.3	48.1
435.4	48.1
435.5	48.1
435.6	51.4
435.7	52.8
435.7	53.3
435.7	54.2
435.8	53.1
436	52.5
436.2	53.1
436.3	55.5
436.4	56.3
436.6	56.9
436.7	55
436.8	53.9
436.8	52.5
437	53.1
437.1	53.6
437.2	53.1
437.4	53.6
437.6	54.7
437.7	54.4
437.8	54.4
437.8	54.2
437.9	52.8
437.9	52.2
438	51.7
438.1	51.1
438.1	51.4
438.1	53.1
438.3	53.6
438.4	53.6
438.4	53.3
438.6	53.9
438.6	54.2
438.8	57.4
438.8	57.7
438.8	59.1
439	61
439.1	61.8
439.1	60.4
439.1	59.6
439.1	58.8
439.2	58.3
439.5	58.3
439.7	58.3
439.7	57.2
439.9	56.3
439.9	56.3
440.1	59.4
440.3	61
440.2	62.4
440.2	63.5
440.3	64.8
440.5	64.8
440.5	63.2
440.5	61.8
440.7	61.3
440.8	61.3
440.8	61.8
440.9	62.4
440.9	62.9
441.1	62.6
441.4	60.4
441.5	59.4
441.5	58
441.5	57.2
441.6	56.3
441.7	55.2
441.9	55.5
442	56.9
442.3	58.3
442.4	59.4
442.5	59.9
442.4	59.9
442.5	58.8
442.5	57.4
442.6	55.5
442.6	55.2
442.8	54.7
442.8	54.4
442.8	54.2
442.8	53.9
442.9	54.2
442.9	54.7
442.9	56.3
443.1	57.2
443.2	57.2
443.3	57.7
443.4	59.6
443.5	61.3
443.6	62.9
443.7	63.7
443.7	64
443.7	64.6
443.7	63.2
443.7	61
443.9	59.6
443.9	58.5
443.9	58
443.9	57.2
444	55.8
444.1	55.5
444.1	55.2
444.2	55
444.3	54.7
444.4	55
444.6	55
444.6	54.4
444.6	54.2
444.7	54.2
444.8	54.2
444.9	54.7
445	55.2
445	55.5
445.1	56.9
445.2	58.8
445.2	60.4
445.2	62.4
445.2	63.2
445.2	64.3
445.2	65.4
445.2	66.7
445.4	68.4
445.4	68.7
445.4	69.8
445.5	71.1
445.6	72.2
445.6	73
445.6	74.1
445.6	75.5
445.6	77.1
445.6	78.2
445.7	79.3
445.7	79.9
445.7	80.4
445.8	81.3
445.9	81.5
446	81.5
446	80.4
446.1	79.9
446.3	79.9
446.4	78.2
446.5	75.5
446.6	73.9
446.7	71.9
446.7	70.8
446.8	69.8
446.9	70
447.1	70.6
447.2	72.8
447.2	72.8
447.3	74.1
447.4	74.7
447.4	74.7
447.4	73.6
447.5	72.5
447.5	72.2
447.5	72.2
447.7	71.7
447.7	71.4
447.7	69.8
447.7	67.8
447.7	67.6
447.8	65.6
448	63.7
448	61.8
448	61.5
448	60.2
448.1	57.4
448.2	55.2
448.4	50.9
448.5	48.4
448.6	45.4
448.7	41.8
448.8	40.5
448.8	37.7
448.8	36.1
448.8	34.4
448.8	34.4
448.8	32.8
448.8	32
448.8	31.4
448.9	30.3
448.9	29.5
449	29.2
449.1	30.1
449.2	30.1
449.4	28.7
449.4	27.6
449.5	27.3
449.7	27.6
449.9	29
449.9	29.8
449.9	31.4
449.9	33.3
450.2	34.7
450.2	34.7
450.4	36.4
450.5	37.2
450.6	36.4
450.6	34.7
450.6	33.1
450.7	32
451.2	30.1
451.2	29.2
451.2	29
451.2	28.4
451.3	27.1
451.3	25.7
451.2	24.3
451.2	23.2
451.3	21.9
451.6	21.3
451.7	22.4
451.8	23.5
451.9	24
452.1	23.2
452.3	22.4
452.4	23.2
452.4	25.1
452.6	27.1
452.7	29
452.8	30.9
453	31.7
453	31.7
453.1	30.3
453.2	28.4
453.3	27.9
453.3	26.2
453.4	24
453.4	23.8
453.4	22.9
453.8	23.8
453.8	24
453.8	26
453.9	27.9
453.9	28.1
453.9	29.5
454.1	30.9
454.1	31.2
454.2	32.8
454.3	34.7
454.5	36.4
454.6	37.5
454.8	38
454.9	35.3
455.1	32.8
455.2	30.9
455.2	30.6
455.4	32.8
455.5	35.3
455.5	35.5
455.5	38.3
455.5	39.9
455.5	41.8
455.5	42.1
455.5	44
455.5	44.6
455.5	44.6
455.5	45.7
455.6	46.2
455.8	47
455.8	47.6
456	48.4
456.1	49
456.2	50.3
456.2	50.6
456.4	50.3
456.7	48.4
456.8	46.5
457	46.5
457	48.4
457	49
457.1	50.3
457.2	54.4
457.5	57.2
457.5	58.8
457.5	59.6
457.7	59.4
457.8	58.8
457.8	58.8
458	61.3
458.3	63.7
458.3	65.6
458.4	68.1
458.4	68.4
458.5	69.8
458.5	73.3
458.5	74.7
458.4	75.8
458.3	77.4
458.3	77.4
458.4	78.5
458.6	78.8
458.8	78.2
458.9	76.6
459	75.5
459	75.2
459.2	73
459.5	72.5
459.6	75.2
459.6	76.1
460	79.6
460.2	82.9
460.3	85.9
460.3	87
460.3	90
460.5	93
460.5	93.6
460.6	96.6
460.6	98.8
460.6	99
460.6	101
460.6	101.2
460.6	102.3
460.6	105.3
460.6	105.9
460.7	106.2
460.7	107
460.7	107.3
460.9	107.8
461	106.4
461.2	104.5
461.2	104
461.2	103.4
461.4	104.8
461.6	107.5
461.6	109.7
461.7	112.7
461.8	113.5
461.8	116.3
462.1	125.3
462.1	125.6
462.4	133.3
462.6	142.8
462.8	154.6
462.8	165
462.8	171
462.6	183.1
462.4	192.4
462.4	192.7
462.5	195.4
462.7	202.8
462.8	201.1
462.8	199.2
463	195.7
463	189.6
462.8	185.8
462.7	181.4
462.7	179.2
462.8	177.1
463.1	171
463.1	168.6
463.1	165.6
463.3	159.8
463.3	158.7
463.4	156.3
463.5	152.4
463.5	150.2
463.5	148.3
463.5	142.8
463.5	141.2
463.5	135.7
463.5	131.3
463.5	131.1
463.8	126.4
463.9	121.5
464	112.7
464.1	102.3
464.1	93.6
464	84.3
464.1	79.1
464.4	71.7
464.7	61
464.8	53.6
464.8	47.9
464.9	42.7
464.8	40.2
464.6	36.6
464.6	33.6
464.7	30.3
464.7	28.1
464.7	26.2
464.7	24.3
464.8	23.2
465.1	22.7
465.2	22.1
465.5	20.8
465.5	19.7
465.7	20.5
465.8	24.3
465.9	26
466.2	29.2
466.5	33.1
466.8	37.2
466.9	40.7
467.1	46.2
467.3	51.4
467.5	57.7
467.5	67.8
467.6	70.3
467.6	72.2
467.8	78.2
467.9	80.7
468	84.8
468.2	91.9
468.2	94.7
468.3	99
468.7	109.2
468.5	118.5
468.5	119.6
468.5	126.1
468.5	128.1
468.5	128.6
468.7	131.6
468.7	131.6
468.8	130.2
468.8	125
468.8	117.9
468.8	111.9
468.8	105.1
468.7	92.7
468.6	86.7
468.6	76.9
468.5	68.9
468.6	59.9
468.7	55.2
468.7	53.9
468.7	51.7
468.7	48.7
468.7	47.6
469	44
469	43.2
469.2	42.1
469.4	42.1
469.3	44.8
469.3	47
469.5	52.2
469.6	57.2
469.8	62.4
470	71.1
470	78.5
470	89.2
470.1	97.4
470.3	109.2
470.2	118.5
470	126.1
470	127.8
470.3	133
470.6	134.4
470.7	133.8
470.9	127.2
471	126.4
471.1	125
471.3	122
471.3	121.2
471.3	119.6
471.4	115.5
471.6	111.1
471.6	107.3
471.6	104.5
471.7	102.6
471.7	101
471.9	97.9
471.9	99
471.9	99.3
472.1	100.7
472.1	102.3
472.2	102.6
472.4	105.6
472.4	108.3
472.4	108.9
472.5	109.4
472.8	111.1
472.9	112.5
473	114.1
473.1	114.9
473.1	116
473.2	116.3
473.3	115.7
473.4	115.5
473.4	115.2
473.5	114.6
473.6	115.2
473.7	116.6
473.8	117.9
473.9	116.3
473.9	113.8
473.9	111.1
474.1	109.7
474.3	107.5
474.4	104.5
474.5	101.8
474.5	99.6
474.5	98.2
474.5	96.3
474.5	94.7
474.7	93.3
474.7	92.7
474.7	94.7
474.7	94.9
474.8	96.3
474.9	98.8
474.9	99
474.9	99.6
475.1	99.3
475.1	97.9
475.2	97.7
475.4	97.1
475.5	96.3
475.5	96.3
475.5	96.3
475.5	95.8
475.5	95.2
475.5	94.9