Depth	Gamma
23.1	43.1
23.1	43.4
23.4	44.9
23.6	46.4
23.7	46.4
23.8	46.7
23.8	45.8
23.9	44.9
24	43.7
24	43.7
24.4	43.4
24.5	43.4
24.5	43.4
24.7	43.7
24.9	45.5
25.1	46.7
25.2	47.6
25.2	48
25.3	46.4
25.3	46.1
25.4	45.2
25.4	44.9
25.5	44.6
25.8	44.6
25.9	44.3
26.1	44
26.3	44
26.5	44
26.5	44
26.6	45.2
26.6	46.7
26.7	47.3
26.7	47.6
26.8	48
27	48
27.2	48.9
27.2	48.9
27.3	49.2
27.4	49.8
27.5	51.6
27.5	52.8
27.6	54.3
27.6	54.3
27.7	55.2
28	56.8
28.1	57.1
28.3	58
28.5	57.1
28.6	55.8
28.8	57.1
28.9	58
28.9	59.5
29	60.4
29.3	62.2
29.3	62.5
29.3	65
29.4	65.9
29.5	66.8
29.6	66.8
29.8	67.7
29.8	68.3
29.9	68.3
30	68
30.2	65.9
30.2	64.6
30.4	65.9
30.4	66.2
30.5	67.7
30.6	68.6
30.7	70.1
30.9	71.9
30.9	71.9
31.1	73.1
31.2	72.5
31.2	70.7
31.4	68.6
31.4	68.3
31.4	65.9
31.5	65.6
31.6	66.2
31.8	68.6
31.9	69.8
31.9	70.1
31.9	70.4
32	71.9
32.2	72.2
32.3	71.3
32.5	72.5
32.6	75.6
32.7	76.5
32.8	77.1
33	77.7
33	76.2
33.1	75.9
33.2	75.9
33.3	76.5
33.5	75.6
33.5	74.1
33.6	73.5
33.8	72.2
34.1	71.6
34.4	74.4
34.6	76.5
34.7	77.4
34.8	74.7
34.9	71.9
34.9	71.3
34.9	68.9
34.9	66.8
34.9	66.2
35.1	66.2
35.4	65.6
35.6	64.3
35.8	62.8
36	61
36	60.7
36.2	60.7
36.3	63.1
36.4	63.7
36.5	66.5
36.6	67.4
36.6	68.9
36.7	70.4
36.8	71
36.9	71
37	70.7
37.1	70.7
37.2	70.7
37.4	71.6
37.4	71.9
37.4	72.5
37.6	71.3
37.6	70.4
37.7	69.2
37.9	67.1
38.1	65.9
38.3	67.4
38.3	67.7
38.5	68.9
38.6	68.9
38.6	66.8
38.8	64.6
38.9	62.5
38.9	61.9
39	61.3
39.3	60.7
39.4	62.5
39.4	63.4
39.7	66.2
39.7	68
39.7	68.3
39.9	69.5
39.9	69.8
39.9	70.7
40	70.7
40.2	68.9
40.2	68.6
40.2	67.7
40.2	67.4
40.4	66.2
40.5	65.9
40.7	66.2
40.9	66.5
41.1	66.5
41.3	65.6
41.4	64.6
41.5	64
41.7	63.1
41.9	64.3
42	64.3
42	65
42.2	64.3
42.2	63.1
42.4	62.5
42.5	62.2
42.6	62.2
42.8	63.4
42.8	63.7
42.9	64.6
43	63.7
43.1	62.5
43.3	61
43.4	60.7
43.6	59.5
44	58.9
44.1	60.1
44.3	61
44.4	60.4
44.4	60.1
44.4	59.2
44.5	58.9
44.6	57.7
44.8	58.3
44.8	59.8
44.8	61
45.1	60.4
45.2	60.1
45.2	60.1
45.2	60.1
45.3	60.1
45.5	60.1
45.7	61
45.9	64.3
46	65
46	64.6
46	63.1
46.4	62.5
46.7	63.1
46.9	64
47	66.2
47	66.5
47.2	68
47.3	69.2
47.4	69.5
47.6	70.1
47.6	70.4
47.7	70.7
47.7	70.7
47.8	69.8
47.9	68.6
48.1	67.7
48.4	68
48.6	66.8
48.6	65.9
48.7	64.6
48.7	64.3
48.7	63.4
48.8	62.2
48.9	61
48.9	60.1
49.1	60.7
49.2	63.4
49.2	65
49.4	66.5
49.6	66.2
49.6	65.9
49.7	65.9
49.9	67.4
49.9	68.3
50.1	68.3
50.1	68
50.1	67.1
50.2	66.5
50.2	66.2
50.4	66.5
50.6	68
50.6	68.6
50.8	68.9
50.9	68.3
51	67.4
51	66.2
51.1	65.9
51.1	65.3
51.4	65.6
51.6	67.1
51.7	66.8
51.7	66.2
51.7	65.3
51.7	64.6
51.8	64.3
51.8	63.4
52	62.8
52	62.8
52.1	62.5
52.3	61.6
52.5	62.8
52.7	62.8
52.7	62.5
52.7	61.9
52.9	61
53	60.1
53.1	59.5
53.2	59.5
53.2	58.9
53.3	60.7
53.4	61
53.6	60.4
53.6	60.4
53.8	60.4
53.8	60.4
53.9	61.3
54	62.2
54.1	63.7
54.3	64.3
54.3	65.3
54.4	65.3
54.4	64.3
54.7	68
54.7	67.7
54.7	65.3
54.7	64
54.7	63.7
54.8	63.4
55.1	62.8
55.2	61.6
55.3	60.7
55.4	60.1
55.4	59.5
55.4	58.6
55.5	58.3
55.6	58.3
55.7	58
55.9	56.8
55.9	56.1
55.9	56.5
56	58.9
56	59.5
56.1	60.4
56.1	60.7
56.1	61.9
56.2	62.8
56.2	63.7
56.4	64.3
56.6	64.6
56.7	64.3
56.7	62.8
56.8	61.9
56.9	60.4
56.9	61
57	61.3
57.1	62.5
57.3	62.5
57.3	62.2
57.5	62.2
57.6	63.1
57.6	64
57.8	64.6
57.9	64.6
58	64.6
58.1	64.3
58.2	62.8
58.3	61.6
58.4	61.6
58.5	62.8
58.6	64
58.9	64
58.9	63.7
59.1	62.5
59.3	62.5
59.6	64
59.7	64.3
59.8	65.9
60.2	68.9
60.3	69.8
60.8	72.5
60.8	72.8
60.8	72.8
60.9	71
61	68.6
61	67.1
61.2	66.5
61.3	65.9
61.4	65.6
61.5	64
61.6	62.5
61.7	61.3
61.7	60.1
62	58.3
62.1	59.5
62.1	59.8
62.2	59.2
62.3	58.6
62.5	59.5
62.5	61.3
62.5	63.1
62.5	63.4
62.6	64.6
62.6	66.2
62.6	67.1
62.8	68
62.9	68.3
62.9	67.1
63	66.5
63.1	65.9
63.2	65.9
63.3	67.4
63.3	68
63.4	68.9
63.6	69.8
63.6	70.1
63.7	71
63.8	71.9
63.8	72.2
64	71.3
64	70.7
64.1	70.1
64.3	69.8
64.5	70.1
64.7	68.9
64.7	67.1
64.8	66.2
64.9	65
65	64
65.2	63.7
65.2	64.6
65.2	65
65.2	64.3
65.3	64
65.4	62.8
65.6	61.9
65.7	61.3
65.7	61.3
66	62.5
66.1	63.1
66.4	64
66.4	64
66.5	64.3
66.5	62.8
66.5	61.3
66.6	60.1
66.6	59.5
66.6	59.5
66.6	59.2
66.8	61
67.1	63.4
67.1	65
67.2	65.3
67.3	64.6
67.7	65.9
67.9	66.2
68	66.2
68	66.8
68.2	68.9
68.2	70.1
68.2	70.7
68.4	71.9
68.4	72.2
68.6	72.5
68.7	71.3
68.9	70.4
68.9	70.1
69	70.4
69.1	71.3
69.3	72.2
69.5	72.2
69.7	71.3
69.9	70.1
69.9	69.8
70	68.9
70.2	67.7
70.2	66.5
70.3	66.2
70.3	66.2
70.5	67.4
70.6	66.8
70.7	66.5
70.7	66.5
70.9	66.8
71	67.4
71	67.7
71.1	68
71.2	68.6
71.3	68.9
71.4	67.7
71.6	66.8
71.7	65.9
71.7	65.6
71.8	65
71.9	64
72	63.1
72.1	62.8
72.3	63.1
72.3	63.4
72.4	63.1
72.5	62.8
72.5	61.9
72.5	61
72.6	60.4
72.6	60.4
72.8	60.4
72.8	61.6
72.9	62.8
73	62.8
73	62.5
73.1	63.1
73.1	64
73.2	65.3
73.2	65.6
73.2	66.5
73.3	68.6
73.5	69.2
73.5	69.2
73.5	69.2
73.7	68.9
73.9	69.8
73.9	70.4
74.1	72.5
74.2	72.5
74.3	72.5
74.4	72.2
74.6	71.3
74.7	70.1
74.7	69.8
74.7	69.2
74.7	68
74.7	67.4
74.9	68.3
75	68.3
75.1	68.3
75.1	67.4
75.3	65.9
75.5	66.8
75.6	67.7
75.6	68.6
75.6	68.9
75.7	69.8
76	67.4
76	68
76.1	68.6
76.3	69.5
76.4	69.5
76.5	70.1
76.7	70.7
76.8	71.6
76.8	72.2
77	72.5
77.2	72.8
77.2	72.8
77.3	71.3
77.5	70.4
77.7	70.1
77.9	70.4
77.9	71
78.1	72.5
78.1	72.5
78.1	72.5
78.2	70.7
78.2	68.9
78.3	68.9
78.4	68.9
78.6	71
78.6	71.6
78.7	72.8
78.8	73.8
79.1	73.8
79.1	72.8
79.1	71.6
79.1	69.8
79.2	69.5
79.4	68.6
79.5	68.3
79.6	67.7
79.8	66.8
79.9	65.6
80	65.3
80	64.3
80.2	63.1
80.2	62.5
80.4	62.2
80.6	63.4
80.7	65.9
80.9	67.1
81.1	67.4
81.2	67.7
81.2	68.9
81.4	71
81.4	72.5
81.6	74.1
81.6	74.4
81.8	73.1
81.8	72.8
81.9	73.5
82.1	72.8
82.2	72.8
82.3	74.1
82.3	74.4
82.3	74.7
82.5	74.7
82.6	73.5
82.7	71.6
82.7	69.8
82.8	68.6
82.8	68.3
82.9	68.3
83.1	68.3
83.3	69.2
83.5	70.7
83.5	70.1
83.5	68.9
83.6	67.4
83.7	66.5
83.7	65.6
83.9	65
84	65.3
84.1	66.2
84.2	68.3
84.2	70.4
84.2	70.7
84.2	72.5
84.3	74.1
84.5	74.7
84.6	73.8
84.7	72.5
84.8	71.3
84.8	69.8
84.9	68.3
84.9	69.5
85	69.8
85.1	71
85.1	72.5
85.3	73.5
85.3	74.1
85.5	74.4
85.5	74.4
85.7	72.5
85.7	71
85.9	70.4
86	69.8
86	69.5
86.1	68.9
86.2	67.4
86.3	65.6
86.5	65.6
86.5	67.1
86.6	67.1
86.7	70.4
86.7	70.4
86.9	71.6
87.1	71
87.2	69.5
87.4	68.9
87.5	71
87.6	71.9
87.6	72.2
87.8	72.5
88	74.4
88	75.6
88.1	75.6
88.1	77.1
88.1	77.4
88.1	77.4
88.3	77.1
88.4	75.6
88.4	74.4
88.5	73.5
88.6	73.5
88.6	74.4
88.8	75
88.8	75
89	74.7
89.1	73.5
89.3	72.8
89.6	72.5
89.9	72.5
90	73.8
90.1	75
90.2	75.3
90.4	74.1
90.4	72.8
90.4	72.2
90.5	71.6
90.6	70.7
90.7	69.8
90.8	70.7
90.9	72.2
90.9	73.1
91	75.3
91.1	74.1
91.1	73.8
91.1	73.1
91.3	72.5
91.5	74.1
91.5	74.4
91.7	73.5
91.8	72.2
91.9	71.3
92.1	69.5
92.1	69.5
92.2	71
92.2	71.6
92.3	71
92.3	70.4
92.5	70.1
92.7	70.4
92.8	71.3
92.9	71.3
92.9	73.5
93	74.4
93	74.4
93.1	74.4
93.2	73.1
93.4	72.2
93.4	71.3
93.6	71.9
93.7	73.5
93.9	73.8
94	73.5
94.2	72.5
94.3	71.6
94.4	69.8
94.6	69.2
94.6	68.9
94.7	68.3
94.8	67.4
94.8	68.3
94.8	70.4
94.9	71.9
95	71.9
95.2	72.8
95.3	73.5
95.5	73.1
95.5	71.9
95.6	71
95.7	70.7
95.7	70.7
95.7	70.1
95.7	69.5
95.8	68.9
95.8	68.6
95.9	68.3
95.9	68.3
96	68.6
96.1	69.8
96.1	70.1
96.2	71
96.2	71
96.4	70.1
96.4	69.2
96.5	68.6
96.5	68.6
96.6	70.1
96.8	71.6
96.9	71
96.9	70.1
97	69.8
97.1	70.1
97.2	69.8
97.3	70.4
97.3	70.7
97.4	72.8
97.6	74.1
97.6	74.7
97.6	74.7
97.8	74.7
97.8	75
98	75.6
98	75.9
98.1	75.9
98.2	75.9
98.4	74.4
98.5	74.4
98.5	73.5
98.5	72.8
98.6	74.7
98.7	75.9
98.9	75.9
98.9	74.7
98.9	73.1
98.9	72.2
98.9	71.9
99	71.9
99	71.9
99.3	72.5
99.4	71.3
99.4	70.4
99.4	69.2
99.5	68.3
99.5	68
99.6	67.7
99.6	67.1
99.6	65.9
99.6	65.6
99.7	65
99.7	64.3
99.8	64
99.8	63.7
99.9	63.4
100.1	63.7
100.2	64.3
100.2	65
100.3	66.2
100.4	66.5
100.4	67.7
100.6	69.2
100.7	70.4
100.7	70.7
100.7	71.3
101	71.3
101	73.1
101.3	75
101.5	76.8
101.5	75.9
101.6	74.4
101.8	73.1
101.9	72.2
102	72.2
102.1	72.2
102.2	74.7
102.5	78.6
102.5	78.6
102.7	79.5
102.7	78.6
102.7	78
102.8	78
103.1	79.2
103.1	79.5
103.2	79.5
103.2	78.3
103.2	77.1
103.2	76.8
103.4	77.1
103.5	76.2
103.5	74.7
103.6	74.1
103.7	72.8
103.7	72.5
103.8	71.3
103.8	71.3
103.9	71.6
104.1	73.1
104.1	74.4
104.1	76.5
104.1	79.5
104.1	79.8
104.3	81
104.5	82
104.6	83.2
104.8	84.7
104.8	85
105.1	87.4
105.1	87.7
105.3	87.4
105.3	87.1
105.4	85.3
105.5	83.2
105.5	82.9
105.7	83.8
105.7	83.8
105.7	82.9
105.9	80.7
105.9	78
105.9	75.3
105.9	75
106.1	73.8
106.2	73.5
106.4	75
106.5	77.1
106.8	77.4
106.9	77.1
107.1	78.6
107.2	80.4
107.2	81.6
107.3	83.5
107.5	83.5
107.7	82.9
107.7	83.2
107.9	85.3
107.9	85.3
108	86.2
108.1	87.4
108.3	88
108.3	86.5
108.4	85.6
108.5	85.6
108.7	85.6
108.8	83.8
108.9	81.3
109	81
109	79.8
109.1	79.2
109.2	76.2
109.4	74.1
109.4	72.5
109.4	72.5
109.4	70.4
109.6	70.1
109.8	70.4
109.9	72.5
109.9	73.1
110	75.6
110	77.7
110.1	78.9
110.2	80.4
110.3	83.5
110.5	86.2
110.5	86.5
110.8	88.6
111.1	90.1
111.2	90.8
111.3	88
111.3	87.1
111.4	85.6
111.5	84.1
111.6	82.6
111.6	82.3
111.6	82.3
111.6	80.7
111.7	78.9
111.9	78
112.1	80.4
112.2	80.4
112.4	79.5
112.4	78.6
112.4	78.9
112.5	78.9
112.6	81
112.7	81.6
112.9	81.6
113	79.8
113.1	79.2
113.1	77.7
113.1	76.2
113.3	75.3
113.5	76.5
113.6	78.3
113.6	78.9
113.7	82.3
113.7	84.4
113.8	86.8
113.9	88.9
113.9	90.1
114	88.9
114	88.3
114.3	88.6
114.4	90.8
114.5	90.8
114.6	90.5
114.7	88.3
114.9	86.5
114.9	85
115	83.2
115.1	81.6
115.2	80.4
115.4	79.8
115.5	79.2
115.6	78.6
115.6	78
115.7	77.1
115.8	76.5
115.9	78
116.1	79.5
116.1	79.8
116.3	78.9
116.5	78
116.6	77.1
116.6	76.2
116.7	75.6
116.7	75.3
116.8	75
116.9	75
116.9	76.2
117	78
117.4	78.6
117.5	79.8
117.6	80.1
117.7	81.6
117.8	83.2
117.9	84.7
118.1	85.3
118.4	84.1
118.5	84.1
118.7	85
118.7	85.3
118.9	88
119.1	89.2
119.1	90.5
119.3	90.8
119.4	89.5
119.4	89.2
119.5	88
119.7	86.5
119.8	86.5
120	88.6
120	89.8
120.2	89.2
120.3	88
120.4	87.7
120.5	88
120.7	88.9
120.7	89.2
120.9	89.2
120.9	89.5
121	90.5
121.1	91.4
121.2	92
121.2	92.3
121.4	92.3
121.5	90.8
121.5	89.5
121.5	87.7
121.6	85
121.8	82.6
121.9	81.3
121.9	80.4
121.9	80.4
122	80.1
122	79.5
122.1	80.1
122.3	82
122.3	82.3
122.3	82.3
122.4	83.2
122.6	83.5
122.9	84.1
122.9	84.4
122.9	85.3
123	85.6
123	85
123.1	83.8
123.4	83.5
123.5	83.5
123.7	83.5
123.9	84.7
124	84.7
124	83.5
124.2	83.2
124.2	83.5
124.2	84.7
124.2	85.9
124.3	86.8
124.6	88.6
124.7	89.5
124.8	89.8
124.8	87.7
124.8	85.9
124.8	84.1
124.8	82.9
124.8	82.3
124.9	81.3
124.9	80.1
125.1	79.5
125.3	79.8
125.3	79.2
125.3	78.3
125.3	78.3
125.5	78.3
125.6	78.3
125.7	78
125.7	77.1
125.7	76.5
126.2	75.6
126.1	75.3
126.1	75
126.1	74.1
126.1	72.8
126.1	71.6
126.1	71
126.1	71.3
126.4	73.8
126.7	76.2
126.8	78.9
126.9	81
127	83.5
127	85.6
127.2	85.3
127.4	85.9
127.4	86.2
127.5	88
127.5	88.6
127.7	88.6
127.8	86.8
127.8	86.2
127.8	85.3
128.1	85
128.2	85
128.3	85
128.5	84.7
128.6	84.4
128.7	84.1
128.9	83.2
129.1	81
129.2	79.2
129.3	77.4
129.4	76.2
129.5	75.3
129.7	75
129.9	77.1
130	77.4
130.2	76.2
130.4	75.9
130.6	77.1
130.8	78.9
130.9	79.5
131	80.4
131.1	82.3
131.3	84.4
131.4	84.7
131.4	83.5
131.5	81.3
131.5	80.7
131.5	79.8
131.8	79.5
131.9	80.4
131.9	80.7
132	80.1
132.2	78.6
132.4	77.1
132.6	75.6
132.8	75.9
132.9	77.1
132.9	80.1
133	82.6
133	85
133	85.3
133	87.7
133.1	88.6
133.4	92
133.4	93.2
133.4	93.5
133.5	96.2
133.7	97.7
133.8	99.9
133.9	100.5
133.9	99.9
134.1	98
134.2	94.1
134.3	91.1
134.4	88.3
134.4	85
134.4	83.2
134.4	82
134.5	78.6
134.5	76.8
134.5	75
134.5	74.1
134.6	72.8
134.8	71.6
134.9	72.5
134.9	73.1
135.1	75
135.1	75.9
135.3	76.5
135.3	76.2
135.4	75.3
135.5	74.7
135.7	74.4
135.8	75.9
135.8	75.9
136	77.4
136.3	79.5
136.4	79.5
136.5	79.5
136.7	78
136.7	77.4
136.9	76.5
136.9	75
137	73.5
137	72.5
137.1	72.2
137.1	71.9
137.3	71.6
137.6	72.2
137.6	72.2
137.8	72.8
138	73.1
138.2	73.1
138.3	71.9
138.3	71.9
138.4	70.4
138.6	69.8
138.8	69.5
138.8	71.9
138.8	71.9
138.8	74.4
138.8	75.3
139.1	75.6
139.2	73.5
139.2	73.1
139.3	75.6
139.3	76.8
139.5	79.2
139.7	80.7
139.8	82
140	81.6
140.1	80.1
140.4	79.5
140.6	81
140.7	83.2
140.9	85
141	85.9
141	86.2
141.1	86.8
141.1	87.4
141.3	88
141.5	88.9
141.6	88.9
141.9	87.4
142	86.8
142	85.9
142.1	85.6
142.3	87.4
142.3	87.7
142.3	89.2
142.3	89.5
142.3	91.4
142.4	92.3
142.5	92.6
143	89.5
143.1	87.7
143.2	86.2
143.3	84.7
143.3	84.1
143.4	83.8
143.5	83.5
143.6	83.2
143.6	82.6
143.6	81.6
143.7	80.4
143.7	80.1
144	81.3
144.1	82.9
144.1	82.9
144.4	83.5
144.6	83.8
144.8	85.3
145	86.5
145.1	88
145.2	89.5
145.2	90.5
145.3	90.1
145.4	89.5
145.4	88.9
145.5	87.1
145.6	87.4
145.7	89.8
145.7	90.8
145.9	92.3
146	92.3
146.2	91.1
146.2	91.1
146.2	90.1
146.4	89.5
146.5	89.2
146.6	88.3
146.6	87.1
146.6	86.8
146.7	86.2
146.8	85.9
147.3	85.3
147.3	85
147.6	84.7
147.8	84.7
148	87.1
148	88.9
148	89.2
148.1	90.5
148.2	91.4
148.3	90.8
148.3	90.8
148.4	90.1
148.5	89.8
148.5	89.8
148.7	90.1
148.9	90.1
148.9	89.8
149	89.2
149	88.3
149.2	88
149.2	88
149.4	87.4
149.4	87.1
149.4	87.1
149.6	86.2
149.6	85.3
149.6	84.7
149.7	86.2
149.7	86.5
149.7	86.8
149.9	87.4
149.9	87.7
150.1	88.6
150.2	89.2
150.3	90.1
150.4	90.5
150.5	91.7
150.6	92
150.6	92.3
150.8	92.3
151	93.2
151.1	93.5
151.2	92.6
151.2	92.3
151.2	91.4
151.2	89.8
151.3	87.4
151.3	87.4
151.5	87.4
151.6	86.5
151.7	85.3
151.7	84.7
151.7	83.8
151.8	82.9
151.8	82.6
151.8	82.9
152	84.1
152.2	84.4
152.3	84.4
152.3	84.4
152.5	86.5
152.5	89.2
152.6	91.1
152.7	91.4
152.9	92.9
152.9	94.4
153.1	95.9
153.1	96.2
153.1	98
153.2	99.6
153.3	99.6
153.4	100.2
153.5	100.8
153.6	99
153.6	98.6
153.8	97.4
153.9	97.4
154	95
154.1	93.8
154.1	93.8
154.2	94.1
154.2	94.4
154.3	94.4
154.5	93.8
154.6	93.5
154.6	93.5
154.7	93.5
154.8	93.2
154.9	93.5
155.1	93.8
155.2	93.8
155.2	92.9
155.2	91.7
155.4	90.5
155.4	90.1
155.5	88.9
155.5	87.7
155.6	86.2
155.6	85.3
155.7	85.3
155.7	85.6
155.7	87.1
155.7	89.2
155.8	91.1
155.8	91.4
155.9	91.7
156.1	91.7
156.2	92.6
156.4	95
156.5	95.6
156.6	93.8
156.6	92
156.6	91.7
156.6	89.8
156.6	88
156.8	87.1
157	88
157	88
157.1	89.5
157.1	91.1
157.1	92.3
157.1	93.5
157.2	95
157.2	95
157.5	95.3
157.5	95.3
157.6	95.6
157.6	97.7
157.8	100.2
157.8	101.7
158.1	102.3
158.1	99.9
158.2	96.5
158.2	93.2
158.2	92.6
158.3	91.7
158.3	90.1
158.4	88.6
158.6	88
158.7	88.6
158.7	89.8
158.8	89.8
158.9	90.1
159.1	89.2
159.1	88.3
159.3	87.4
159.5	86.2
159.6	85.3
159.6	85
159.7	85.3
159.8	87.4
159.9	88.6
159.9	88.9
160	91.1
160	92.6
160.1	92.9
160.1	92.9
160.3	92.3
160.3	90.8
160.4	89.2
160.6	89.2
160.7	90.8
160.7	91.1
160.9	91.4
161.1	92.3
161.2	92.3
161.2	92.3
161.3	91.1
161.4	89.8
161.5	89.8
161.6	91.1
161.7	91.1
161.9	89.8
161.9	88.6
162	87.4
162	86.8
162.1	85.6
162.1	85.3
162.2	86.2
162.3	89.5
162.6	91.1
162.6	91.4
162.7	92.3
162.8	91.4
162.9	90.8
163.1	89.5
163.1	89.2
163.1	89.2
163.2	89.8
163.3	92.3
163.4	93.2
163.5	93.2
163.7	94.1
163.8	95
163.9	95
164	94.7
164.1	93.5
164.2	92.3
164.2	91.1
164.2	90.5
164.2	90.5
164.4	91.7
164.4	92
164.6	91.7
164.7	90.8
164.8	89.8
164.9	89.5
164.9	89.5
165	89.5
165.2	90.8
165.2	92.6
165.2	92.9
165.3	93.5
165.4	92.9
165.4	92.6
165.6	93.5
165.6	95.6
165.7	95.9
165.7	96.8
165.9	98
166	99.3
166	99.6
166	100.2
166.1	100.5
166.1	101.4
166.2	102.3
166.3	103.2
166.3	103.5
166.5	102.6
166.6	101.4
166.6	100.5
166.6	99.6
166.7	99
166.9	99
167	99
167	99
167.1	98
167.2	98
167.2	98
167.3	98.6
167.3	99
167.5	98.3
167.6	98
167.9	99.3
167.9	99.3
168	98
168.1	98
168.1	98
168.2	97.4
168.4	96.2
168.5	95
168.6	94.7
168.6	93.8
168.6	93.2
168.7	93.5
168.7	92
168.8	90.1
168.9	89.5
169	88.6
169.3	89.2
169.3	89.5
169.4	92.9
169.6	95
169.8	97.7
169.8	97.7
169.9	99.6
169.9	100.5
170	100.5
170.1	100.8
170.1	100.8
170.2	101.4
170.4	99.6
170.5	98
170.6	97.1
170.6	97.1
170.8	98
170.9	99.9
171	100.5
171.2	100.5
171.2	101.1
171.4	102.3
171.4	103.2
171.6	104.4
171.7	104.4
171.9	102
171.9	101.1
171.9	100.5
171.9	99
171.9	97.4
172	96.8
172.2	97.4
172.3	97.7
172.3	96.8
172.3	96.2
172.4	95.6
172.4	95
172.5	93.8
172.6	93.5
172.6	95.3
172.8	96.5
172.8	96.5
172.9	95
173	94.7
173.1	94.7
173.2	93.8
173.2	92.9
173.2	92
173.3	92
173.3	91.1
173.4	90.5
173.5	89.8
173.6	88.3
173.7	88.3
173.9	89.8
174	91.4
174.2	92.6
174.2	92.9
174.5	95.9
174.6	96.8
174.6	97.1
174.7	95.9
174.9	96.5
174.9	97.4
175	97.7
175	97.7
175.1	97.7
175.3	97.7
175.4	97.1
175.4	96.8
175.5	96.5
175.6	96.5
175.8	95.6
176	97.4
176	98
176.1	98.6
176.1	98.6
176.2	98.3
176.3	98
176.3	97.7
176.3	96.2
176.3	94.7
176.4	94.4
176.5	96.5
176.6	98.3
176.7	99.6
176.7	99.9
176.8	101.1
176.8	101.4
177	101.4
177.1	101.1
177.2	99.3
177.2	98.6
177.3	97.1
177.4	96.5
177.4	96.5
177.5	97.4
177.7	99
177.8	100.8
178	102
178.1	101.4
178.1	101.1
178.1	99.3
178.1	99
178.3	98.6
178.4	98.3
178.4	97.4
178.7	96.5
178.9	95
179	94.4
179.1	96.5
179.2	98
179.3	98.6
179.3	99
179.4	99
179.5	97.4
179.7	96.8
179.7	96.8
180	96.8
180	96.8
180.2	96.8
180.4	96.5
180.5	95.3
180.5	93.8
180.5	92.6
180.6	91.4
180.8	90.8
180.9	91.4
180.9	91.7
181.1	94.1
181.1	94.4
181.1	95.9
181.2	97.4
181.3	97.4
181.4	96.8
181.6	98
181.8	99.6
181.8	99.6
181.9	99.9
182	100.2
182.1	101.7
182.2	102.9
182.3	102.6
182.5	100.8
182.5	98
182.6	96.2
182.6	95.9
182.6	94.7
182.6	93.5
182.8	92.6
183	94.1
183.1	94.4
183.2	94.4
183.2	93.8
183.2	93.2
183.2	92.9
183.4	91.7
183.5	90.1
183.5	88.6
183.7	88.6
183.9	89.8
184.1	89.8
184.2	89.8
184.4	90.8
184.5	93.2
184.5	95.3
184.6	97.4
184.6	98
184.6	99.3
184.6	101.7
184.7	103.5
184.7	105.6
184.7	105.9
184.7	107.1
184.7	107.5
184.8	109
184.9	110.2
185	110.8
185.3	107.5
185.4	104.4
185.5	100.8
185.5	100.2
185.6	99.6
185.8	99
185.9	101.1
186	101.7
186.1	102
186.3	104.1
186.4	105.3
186.5	104.1
186.7	103.5
186.9	103.8
187	103.8
187.1	102.9
187.2	102.3
187.2	101.4
187.2	99.6
187.3	98.6
187.4	96.8
187.4	96.5
187.6	97.1
187.8	99.3
187.9	100.8
187.9	101.1
188	101.7
188.2	100.5
188.2	99.6
188.3	100.8
188.5	103.2
188.6	105.3
188.6	104.4
188.7	103.5
188.8	103.5
188.9	103.8
189	102.9
189	102.9
189	102.9
189	102
189.1	102
189.3	102.9
189.5	103.5
189.5	103.5
189.6	102.9
189.6	101.7
189.6	100.8
189.7	100.5
189.8	99.9
189.9	100.2
190	101.1
190.1	102.9
190.2	105.3
190.2	107.1
190.2	108.1
190.2	109
190.3	109.6
190.4	109.6
190.4	109.3
190.6	107.1
190.6	105.3
190.7	104.4
190.7	103.8
190.7	102.9
190.7	102.3
190.8	102.3
190.9	102
191	102
191.1	102.6
191.3	102.6
191.3	101.4
191.4	100.2
191.5	99.9
191.5	99.9
191.6	101.1
191.7	104.7
191.8	106.2
191.8	107.8
191.9	108.4
192	109
192	109.3
192	110.2
192.2	111.1
192.3	112.3
192.4	112.6
192.4	112.6
192.5	113.2
192.5	113.2
192.5	113.8
192.6	114.4
192.7	114.7
192.8	114.7
192.9	114.1
193	112.3
193	110.2
193	108.4
193	108.1
193	108.1
193	106.5
193	105
193.2	103.8
193.2	103.5
193.2	102.3
193.3	101.4
193.4	101.1
193.6	99.6
193.7	99.6
193.7	99.6
193.9	100.5
194	101.7
194.2	101.4
194.2	100.8
194.2	100.5
194.5	101.7
194.8	103.5
194.8	103.8
194.9	105
195	105.6
195.2	105.6
195.3	102.9
195.3	101.1
195.3	101.1
195.3	100.2
195.3	99.6
195.4	99
195.5	98.3
195.7	97.7
195.7	97.1
195.8	96.5
195.8	96.5
196	97.4
196.4	99.9
196.4	100.2
196.6	99.9
196.6	99.6
196.6	98.6
196.8	98.3
196.9	98.3
196.9	98.6
197.1	100.2
197.3	102.3
197.6	103.2
197.6	104.1
197.6	104.7
197.7	107.1
197.7	109.6
197.7	111.4
197.7	111.7
197.7	112.9
197.7	113.8
197.8	115
198	115
198	115
198.1	113.5
198.2	111.7
198.2	110.2
198.3	109.9
198.3	109.3
198.5	109
198.5	108.7
198.6	107.8
198.6	107.1
198.6	105.6
198.7	104.4
198.7	103.5
198.7	103.2
198.9	102.3
199	101.4
199	101.1
199	100.8
199	100.2
199.2	99.9
199.4	100.5
199.4	100.5
199.6	101.1
199.7	102.9
199.9	105
199.9	105.6
199.9	105.6
200	105.6
200.1	105.6
200.1	105.6
200.3	106.5
200.3	105.6
200.3	104.1
200.3	103.8
200.4	102.9
200.5	102.3
200.5	101.7
200.5	101.4
200.9	101.4
200.9	101.1
200.9	99.9
201	98.6
201.1	97.1
201.2	95.9
201.3	95.3
201.4	94.7
201.5	94.1
201.7	95.9
201.8	96.8
201.8	97.7
201.8	100.2
202	100.5
202.1	100.5
202.3	100.8
202.4	102
202.5	102
202.6	101.7
202.7	103.5
202.9	104.7
202.9	104.4
202.9	103.2
203	101.7
203.1	99.9
203.1	99.3
203.1	98.6
203.4	97.4
203.5	97.1
203.6	99
203.7	100.2
203.7	101.4
203.8	102.3
203.9	102.3
204	102.3
204.1	103.2
204.3	104.1
204.5	103.2
204.5	102
204.7	102.9
204.7	102
204.8	100.2
204.8	99.9
204.8	99
204.8	98.3
204.9	97.7
205	98.6
205.1	99
205.3	98.3
205.4	98.3
205.5	100.2
205.5	100.8
205.7	102.9
205.7	102.9
205.9	103.5
206.1	105.3
206.2	104.4
206.2	104.1
206.2	102.9
206.3	101.4
206.4	99.6
206.4	98
206.6	97.7
206.6	97.4
206.7	96.8
206.8	99.3
206.8	100.2
206.9	100.8
207	101.4
207.1	101.4
207.1	100.5
207.1	100.5
207.3	102.3
207.3	102.3
207.4	101.1
207.5	100.2
207.6	101.4
207.6	101.7
207.6	102.6
207.8	103.2
207.8	102
207.8	102
208	102
208	102
208.1	101.4
208.2	100.8
208.2	100.2
208.3	99.9
208.4	100.5
208.5	101.1
208.5	101.4
208.6	102.3
208.7	103.8
208.9	105.6
208.9	106.2
208.9	106.8
209	107.1
209.1	105.9
209.1	105.3
209.2	106.2
209.4	106.2
209.5	106.2
209.6	105
209.6	103.8
209.6	102.6
209.7	102.6
209.8	103.8
209.9	103.5
209.9	101.7
209.9	101.1
210	101.4
210.1	102.3
210.2	103.2
210.3	103.5
210.3	103.5
210.4	102.3
210.5	100.8
210.5	100.5
210.6	99.9
210.7	100.8
210.8	102.3
211	104.7
211	105.6
211	107.5
211.1	109
211.1	109.9
211.2	111.1
211.2	112
211.2	113.2
211.3	113.5
211.4	112.9
211.5	112.3
211.6	111.4
211.6	109.6
211.7	107.8
211.7	106.8
211.7	105.9
211.7	104.4
211.7	102.9
211.8	101.1
211.9	100.2
212.1	102.3
212.1	102.6
212.1	104.7
212.1	105
212.1	105.9
212.3	107.8
212.4	108.7
212.5	109
212.6	108.1
212.6	106.5
212.6	105
212.7	104.4
212.7	103.5
212.8	103.2
212.8	105.3
212.9	106.2
212.9	106.5
213	106.5
213.1	105
213.2	104.1
213.2	102.9
213.3	102
213.4	102
213.4	103.2
213.4	104.7
213.5	105.6
213.5	105.9
213.6	107.1
213.7	107.5
213.8	106.8
213.9	105.6
213.9	105
214.2	105
214.2	104.1
214.4	103.2
214.4	102.9
214.5	102.3
214.5	102
214.6	103.5
214.7	105.3
214.7	106.8
214.9	108.1
214.9	108.7
215.2	109.3
215.2	109.3
215.4	106.8
215.4	106.2
215.5	105.6
215.6	105.3
215.7	104.7
215.7	104.4
215.8	104.4
215.9	105.9
216	106.5
216.1	107.5
216.2	109.3
216.3	110.8
216.3	112
216.5	113.5
216.6	113.5
216.6	111.1
216.7	109.9
216.8	108.1
216.8	108.1
216.8	106.5
216.8	105.3
216.8	104.1
216.8	103.2
216.8	102.3
216.8	101.7
217.2	100.5
217.3	102.9
217.3	102.9
217.3	102.9
217.3	105.3
217.3	106.5
217.4	107.8
217.5	108.4
217.5	109
217.5	110.8
217.5	112.3
217.5	113.2
217.5	113.2
217.5	114.7
217.6	114.7
217.7	113.8
217.8	112.6
218	112.3
218	112.3
218.1	113.2
218.2	114.1
218.3	115
218.3	115.3
218.3	116
218.4	116.9
218.5	117.8
218.5	117.8
218.6	116.3
218.6	114.7
218.7	113.2
218.7	112
218.9	110.8
218.9	109.9
218.9	109.6
219	109.6
219.1	109.6
219.2	111.1
219.2	113.2
219.3	113.5
219.3	114.7
219.3	115.6
219.3	116.6
219.3	116.9
219.4	117.2
219.6	117.8
219.7	116.9
219.7	116.9
219.6	115
219.7	114.1
219.8	112.9
219.8	112.3
219.8	112
220.1	112.6
220.1	112
220.1	111.7
220.2	111.4
220.3	110.8
220.4	109.9
220.4	109
220.4	108.1
220.5	106.8
220.5	105.3
220.5	104.7
220.8	105.9
220.9	106.5
221	108.7
221.2	111.4
221.2	113.2
221.2	113.5
221.4	112.6
221.4	110.8
221.4	110.2
221.5	110.5
221.6	111.1
221.7	112
221.9	114.1
222.1	114.7
222.1	116.9
222.1	117.8
222.2	118.1
222.4	117.5
222.4	115.6
222.4	114.1
222.4	114.1
222.4	112.6
222.4	110.8
222.4	109.3
222.4	109
222.4	107.5
222.4	106.2
222.5	105.6
222.6	104.7
222.6	104.1
222.6	103.2
222.8	103.2
223	103.8
223	104.1
223.1	106.5
223.2	108.7
223.3	109.3
223.3	109.6
223.3	109.6
223.3	108.1
223.5	105.3
223.5	104.1
223.5	103.5
223.7	103.8
223.8	104.4
223.8	105.3
223.9	105.6
223.9	105.6
224	104.7
224.1	104.1
224.2	102.9
224.2	102.6
224.3	102
224.4	100.8
224.4	99.9
224.5	99.3
224.5	99.3
224.5	100.2
224.6	101.4
224.6	101.7
224.7	102.9
224.8	103.2
224.9	102.6
225	101.7
225	100.8
225.1	100.5
225.1	99.3
225.1	97.7
225.2	96.8
225.3	95.9
225.4	95.6
225.4	95.9
225.5	96.2
225.6	96.8
225.6	96.8
225.7	97.4
225.9	98
226	95.6
226	94.1
226.1	92.9
226.1	91.1
226.3	91.4
226.3	92.3
226.3	92.3
226.5	91.7
226.7	90.8
226.7	90.5
226.7	90.5
226.7	92.6
226.8	93.5
226.9	95
226.9	95.3
227	95.9
227.2	94.7
227.3	93.8
227.4	92.9
227.5	92.9
227.5	93.8
227.5	94.4
227.5	95.3
227.6	95.9
227.7	95.3
227.9	94.7
228	94.7
228.1	96.5
228.2	97.7
228.3	99.9
228.4	102
228.5	102.3
228.6	102.6
228.7	102.6
228.8	101.4
228.8	100.8
228.8	99
228.8	98
228.9	97.1
228.9	95.9
228.9	95.6
229	95.6
229	95.9
229.1	96.2
229.3	98
229.3	99.3
229.3	100.8
229.3	101.7
229.5	101.7
229.6	102.3
229.7	103.5
229.8	103.8
230	103.8
230.1	103.8
230.3	102.3
230.3	102
230.3	100.5
230.4	99.3
230.5	97.7
230.5	97.1
230.5	95.9
230.5	95
230.5	94.1
230.7	93.2
230.8	95
230.9	96.8
231.1	98.6
231.2	100.5
231.3	101.4
231.5	101.7
231.6	100.8
231.6	99
231.6	98.6
231.6	98.6
231.7	98.3
231.8	99.3
231.9	100.2
232	100.2
232.2	98.6
232.3	97.7
232.5	97.1
232.6	96.2
232.8	95.9
232.8	95.6
233	96.2
233	96.5
233	97.7
233	99
233.2	100.5
233.2	100.8
233.5	102
233.5	103.2
233.5	104.4
233.5	105
233.6	105.3
233.9	106.5
233.9	107.1
234.1	106.8
234.3	105.9
234.4	106.2
234.5	108.1
234.6	109.9
234.8	111.1
234.8	111.1
235	110.2
235	110.2
235.1	110.2
235.3	109.9
235.5	110.8
235.6	111.1
235.6	112.3
235.6	113.5
235.7	112.9
235.8	111.7
235.8	110.2
235.8	108.4
235.8	108.1
235.9	106.8
236	108.4
236.2	108.4
236.3	107.5
236.5	106.5
236.5	108.4
236.6	109
236.6	109.9
236.7	111.4
236.9	112.3
237	112.3
237	112.3
237.2	113.2
237.4	114.4
237.4	115
237.4	115
237.5	113.8
237.6	112.6
237.6	111.1
237.7	110.5
237.8	109.6
237.8	108.7
237.9	108.4
237.9	107.5
238	107.5
238.1	108.4
238.2	110.2
238.3	111.4
238.3	111.7
238.5	112
238.6	112.9
238.6	113.5
238.8	114.4
238.8	114.7
238.8	115.3
238.8	116.9
238.9	117.5
239	116.6
239.1	115.6
239.2	114.7
239.2	113.8
239.3	113.5
239.3	113.5
239.3	112.3
239.4	111.7
239.5	111.4
239.5	111.1
239.7	110.5
239.9	110.8
239.9	111.1
240	112.3
240.1	113.5
240.3	113.2
240.3	112.3
240.4	111.7
240.6	112
240.6	112.3
240.7	112.3
240.8	111.1
240.8	110.8
240.8	109.3
240.8	108.7
240.9	109.3
241	110.5
241.1	110.8
241.3	112
241.3	112.3
241.4	112.6
241.5	112.3
241.6	111.4
241.6	110.8
241.6	110.2
241.6	109.3
241.6	108.1
241.8	107.5
241.8	107.5
241.9	107.1
242	107.1
242.1	108.4
242.3	109
242.4	109
242.5	108.4
242.6	108.1
242.7	107.5
242.7	106.8
242.7	106.2
242.9	105.9
243	107.1
243.2	109.6
243.2	111.1
243.2	112
243.3	112.6
243.4	111.1
243.5	111.4
243.5	112
243.6	112.9
243.7	113.5
243.8	113.2
243.8	112.9
243.9	112.3
244.1	111.1
244.2	110.2
244.3	109.6
244.3	109.3
244.3	108.7
244.3	108.1
244.3	107.5
244.4	106.8
244.4	105.9
244.6	105.3
244.9	106.5
245	106.8
245.2	108.1
245.2	108.4
245.3	109.6
245.3	110.5
245.4	111.4
245.5	112.3
245.5	112.6
245.6	112.3
245.8	110.8
245.9	109.3
245.9	109
246	107.5
246	106.2
246	105
246.1	104.1
246.2	104.7
246.3	105
246.4	105
246.4	103.5
246.4	102.6
246.5	102.6
246.6	102.6
246.7	103.2
246.9	104.1
246.9	104.7
247.1	104.4
247.2	104.7
247.3	106.5
247.3	108.1
247.4	109.9
247.5	111.7
247.5	112.3
247.6	112.6
247.6	113.8
247.8	115
247.8	116
247.9	117.8
248	118.4
248	119.6
248	120.8
248.3	122
248.3	121.4
248.4	119.6
248.5	116.6
248.5	114.1
248.5	113.5
248.5	111.7
248.5	109
248.5	106.2
248.5	103.8
248.4	101.1
248.3	100.2
248.3	98.3
248.3	95.9
248.3	92.9
248.3	92.3
248.5	88.9
248.5	87.4
248.6	86.2
248.7	85.9
248.6	87.1
248.7	85
248.9	82.6
248.9	80.7
249	80.4
249	79.5
249	78
249.1	77.1
249.1	76.5
249.2	75.9
249.2	75
249.2	74.7
249.3	74.1
249.3	73.8
249.3	73.8
249.3	73.5
249.4	72.2
249.6	71.3
249.6	71
249.6	70.4
249.6	69.8
249.7	69.2
249.7	68.3
249.7	67.1
249.7	65.6
249.7	65
249.7	64.3
249.7	63.7
248.8	83.8
249	81.3
249	80.1
249.2	78
249.3	77.7
249.3	76.5
249.3	75.3
249.4	73.5
249.4	73.1
249.4	71.9
249.5	71.6
249.5	71
249.8	69.5
250	67.4
250	66.5
250.1	64.6
250.1	62.5
250.1	63.1
250.2	66.5
250.3	72.5
250.2	75.6
250.2	76.5
250.1	78.3
250.1	81.3
250.1	83.5
250.1	83.8
250.2	85.3
250.2	85.6
250.4	88
250.4	90.1
250.4	92.6
250.4	96.2
250.6	99
250.7	100.5
250.9	99.3
251	98.6
251.1	98.3
251.3	100.2
251.3	101.7
251.5	102.6
251.5	102.9
251.8	101.7
252	100.5
252.2	102.6
252.2	103.2
252.4	105.9
252.4	106.2
252.4	108.7
252.4	110.8
252.6	112.6
252.8	116.3
252.9	118.7
252.9	119
253	120.2
253.1	121.7
253.3	123.8
253.3	123.8
253.4	122.9
253.6	120.8
253.8	119
253.9	117.5
253.9	116.9
253.9	115.6
253.9	115
253.9	115
254.2	116.9
254.2	116
254.3	115.3
254.3	113.8
254.5	114.1
254.6	118.4
254.6	119.6
254.6	119.6
254.6	119.6
254.8	119
255	118.1
255.1	116.6
255.2	114.4
255.3	113.2
255.4	113.5
255.5	114.4
255.5	116
255.5	116.6
255.5	116.6
255.7	115.3
255.9	114.4
256	114.1
256.1	114.4
256.2	115.6
256.2	116.6
256.3	116.6
256.5	117.5
256.5	118.4
256.6	118.7
256.8	118.7
256.9	120.2
256.9	122
256.9	123.8
257	124.1
257.1	125.7
257.1	127.2
257.2	127.8
257.3	128.1
257.4	127.5
257.5	125.7
257.5	124.8
257.6	122.3
257.6	121.7
257.6	121.1
257.8	120.8
258	119.3
258.1	117.8
258.2	116
258.4	114.7
258.5	115.6
258.5	116
258.7	115
258.9	116.3
258.9	116.3
259.2	115.6
259.4	115.3
259.7	115
260	116.3
260.1	119.6
260.1	121.7
260.1	122.9
260.1	123.2
260.3	122.9
260.4	122.3
260.5	122.9
260.6	122.9
260.8	121.1
260.9	118.4
261	117.2
261	116.3
261.1	114.4
261.2	113.2
261.3	113.5
261.4	114.4
261.5	115.6
261.7	117.2
261.8	117.5
261.9	117.5
262.1	115.6
262.1	115.3
262.2	115.3
262.2	116.9
262.2	117.2
262.4	116.6
262.6	116
262.6	117.8
262.8	118.1
262.9	118.7
263	121.7
263.1	123.2
263.1	124.1
263.2	125.4
263.2	125.7
263.2	126.6
263.3	127.2
263.3	127.5
263.5	126.9
263.5	124.8
263.5	122.6
263.6	120.8
263.9	120.2
264	120.5
264.1	122.6
264.2	123.8
264.3	122.6
264.3	120.5
264.5	117.2
264.6	114.7
264.7	112.3
264.7	110.2
264.8	109
264.9	108.1
265	106.2
265.1	108.1
265.2	112
265.2	113.2
265.2	115
265.2	116.3
265.2	116.3
265.2	118.1
265.2	119.3
265.3	120.5
265.4	121.1
265.4	122.3
265.4	122.6
265.4	123.8
265.4	125.1
265.4	126.3
265.4	126.6
265.5	127.8
265.6	127.8
265.6	128.4
265.7	129
265.7	129
265.7	129.6
265.8	129.9
265.9	129.9
265.9	129.3
266.1	128.1
266.3	126.9
266.4	127.2
266.4	127.2
266.5	128.4
266.6	129.9
266.6	131.1
266.6	131.1
266.8	129.3
266.8	129.3
266.9	127.2
266.9	124.8
267	122.3
267	121.7
267.2	120.8
267.3	119.6
267.3	118.4
267.4	117.8
267.4	117.2
267.7	117.5
267.8	119.3
267.8	119.6
267.8	119.9
267.9	120.2
268	119.6
268.1	118.1
268.1	116.9
268.3	118.4
268.4	118.7
268.5	119
268.6	120.5
268.6	122.9
268.7	124.1
269	122.9
269	121.4
269	120.8
269	120.2
269.1	120.2
269.2	120.5
269.3	119.6
269.4	119
269.4	118.1
269.5	116.6
269.6	115.3
269.7	113.2
269.8	112
269.9	112.9
270	113.8
270	114.4
270.2	113.5
270.2	112.3
270.3	112
270.3	111.1
270.5	109.9
270.6	108.4
270.6	107.5
270.6	105.9
270.7	103.5
270.7	102
270.9	101.4
271	100.5
271.1	99
271.1	99
271.1	99
271.2	97.7
271.2	96.5
271.3	95.3
271.4	94.7
271.4	94.4
271.5	93.2
271.5	92.6
271.6	92.3
271.7	93.5
271.8	95
271.8	96.2
272	99.3
272	102
272	105.3
272	105.6
272.1	106.8
272.1	109.9
272.2	112
272.2	112.3
272.2	114.1
272.2	114.7
272.2	116.3
272.2	117.5
272.3	118.1
272.5	117.5
272.6	117.2
272.7	116.9
272.9	118.1
272.9	119.9
273	120.2
273	121.4
273.1	122.6
273.2	123.8
273.2	123.8
273.3	125.1
273.3	126
273.3	126.9
273.4	127.8
273.4	127.8
273.5	127.8
273.7	126
273.7	123.5
273.7	122.3
273.7	121.4
273.9	119.9
273.9	118.1
273.9	116.9
273.9	116.3
273.9	115.6
273.9	115
274	114.4
274.1	114.1
274.3	115.3
274.3	115.3
274.3	115.3
274.4	116.6
274.4	118.1
274.6	119.3
274.6	119.6
274.6	119.6
274.6	118.4
274.7	117.5
274.7	117.5
274.8	117.8
274.9	118.1
275.1	119
275.3	119.9
275.3	120.2
275.3	121.7
275.4	122.6
275.4	121.7
275.4	120.5
275.5	119.6
275.6	119.3
275.6	118.4
275.6	118.1
275.8	118.4
275.8	118.4
275.8	117.5
276	116.3
276	116.3
276.1	115.6
276.1	115.3
276.2	116.3
276.2	116.6
276.3	118.1
276.3	118.4
276.3	120.2
276.4	120.5
276.4	120.5
276.5	120.5
276.7	120.8
276.8	121.1
276.8	121.1
277	120.5
277	119
277	118.4
277	117.5
277.2	115.3
277.3	116
277.4	117.2
277.4	119
277.4	120.2
277.4	121.7
277.5	123.2
277.7	125.4
277.8	127.2
277.8	128.7
277.9	128.7
277.9	129.9
278	131.4
278.1	132.6
278.2	133.3
278.2	133.3
278.4	133.9
278.4	134.2
278.4	134.2
278.6	133
278.6	130.8
278.6	127.2
278.6	126
278.6	124.1
278.7	122
278.8	121.7
278.8	119.3
278.8	119.3
278.9	117.8
279.1	116.9
279.2	118.4
279.4	118.4
279.5	118.1
279.7	116.9
279.7	116.6
279.8	116
279.9	115.3
280.1	117.8
280.1	120.8
280.1	121.1
280.3	122.9
280.4	124.1
280.4	124.5
280.6	126
280.7	126.3
280.9	124.5
280.9	122.3
281.1	120.8
281.1	119.3
281.2	119.6
281.4	121.7
281.4	123.2
281.4	123.5
281.5	125.1
281.5	125.1
281.6	125.1
281.7	123.8
281.8	121.4
281.9	120.2
282	119.3
282.1	118.7
282.3	119.3
282.4	120.5
282.5	121.4
282.6	121.7
282.8	122
282.9	121.1
282.9	119.6
283	118.7
283	118.1
283	117.5
283.2	117.8
283.2	117.8
283.4	117.8
283.5	117.8
283.6	117.2
283.9	116.3
283.9	115.3
284	115.3
284.1	116.9
284.1	116.9
284.1	118.4
284.1	119.6
284.1	120.2
284.2	120.8
284.3	119.9
284.4	119.6
284.5	120.2
284.5	120.2
284.6	119.9
284.7	119.3
284.8	118.1
284.8	118.1
284.9	118.1
285	120.5
285.1	120.8
285.1	121.1
285.1	122.3
285.2	122.9
285.3	121.4
285.4	121.1
285.5	121.1
285.7	122.3
285.8	122.6
285.9	121.4
286	119.6
286	119.3
286.1	118.4
286.2	117.5
286.3	116.3
286.3	114.7
286.4	112.9
286.5	111.7
286.5	110.8
286.7	110.5
286.7	111.1
286.9	113.8
287.1	116
287.1	117.2
287.2	117.8
287.2	117.8
287.2	116.9
287.3	115.3
287.4	114.1
287.6	113.8
287.6	113.8
287.8	114.4
287.9	115.3
288.1	117.2
288.1	117.8
288.1	119.9
288.3	121.1
288.3	122.6
288.3	122.9
288.4	126
288.5	127.2
288.5	127.2
288.5	128.4
288.6	128.1
288.8	126.9
288.9	127.2
289	128.4
289	127.2
289	125.4
289	123.8
289	123.5
289.3	123.8
289.4	124.5
289.6	123.8
289.7	122.3
289.8	121.4
289.9	121.1
290	120.8
290.1	121.1
290.2	122.6
290.3	122.6
290.4	123.5
290.7	124.1
291	125.1
291	125.1
291.1	125.4
291.2	125.1
291.3	123.5
291.4	122.3
291.4	121.1
291.4	120.8
291.5	122.6
291.6	123.2
291.6	123.5
291.7	123.5
291.8	122.3
291.9	121.7
292	120.5
292	119.9
292	119.3
292	118.7
292.1	118.7
292.2	118.4
292.3	118.1
292.4	117.8
292.5	116.9
292.5	116.3
292.5	116
292.6	115
292.7	114.7
292.7	115
292.9	115.3
293.1	116
293.2	116.6
293.4	119.6
293.5	120.2
293.5	121.4
293.5	123.2
293.5	123.2
293.5	123.8
293.6	123.2
293.6	123.2
293.6	121.7
293.6	120.8
293.7	120.5
293.7	119.6
293.7	119.3
293.8	118.4
293.9	118.1
293.9	118.1
294	118.1
294.1	118.1
294.2	119.3
294.4	121.7
294.4	123.5
294.4	123.8
294.5	126
294.6	126.6
294.8	126.6
294.8	125.7
295	124.8
295	124.5
295.1	122.6
295.2	122
295.2	121.1
295.2	120.5
295.2	119.9
295.2	119.3
295.3	118.7
295.3	118.7
295.3	118.7
295.5	119.9
295.6	121.4
295.7	122.6
295.9	122.9
296	121.7
296.1	120.5
296.2	119.6
296.2	119.3
296.2	118.7
296.3	117.8
296.4	116.9
296.6	116
296.7	116
296.8	116.9
296.8	118.4
296.9	120.2
296.9	122.3
296.9	123.2
296.9	122.6
297	121.7
297.1	121.7
297.2	122.9
297.3	123.5
297.4	124.5
297.4	124.8
297.5	125.1
297.5	125.4
297.6	124.1
297.6	122.9
297.7	122
297.7	120.8
297.8	119.9
297.8	119.6
297.8	119.3
297.9	118.1
297.9	118.1
298	118.7
298	120.2
298.2	122
298.2	123.5
298.3	124.1
298.5	123.2
298.5	122.6
298.5	122.3
298.5	120.8
298.6	119.9
298.7	119.9
298.8	120.2
298.9	120.8
299	121.1
299.2	121.1
299.3	121.7
299.4	122.3
299.4	122.3
299.5	122.3
299.6	121.1
299.6	120.5
299.6	119.3
299.7	118.7
299.7	117.5
299.7	117.2
299.7	116.6
299.9	116
300	116
300	115.6
300.1	115.3
300.1	115
300.2	116
300.3	117.5
300.4	119
300.5	119.9
300.6	120.2
300.8	120.8
300.8	121.4
300.8	121.7
301.1	122.6
301.1	124.5
301.2	126.3
301.3	128.1
301.3	128.4
301.4	129.9
301.5	130.2
301.5	128.1
301.5	127.5
301.8	127.5
301.8	126.3
301.8	125.7
301.9	124.8
301.9	123.5
302	121.7
302.1	119.9
302.2	118.7
302.3	119.9
302.4	120.2
302.4	121.1
302.4	121.7
302.4	121.1
302.4	120.8
302.4	119.6
302.5	117.8
302.5	116.3
302.6	114.4
302.6	112.6
302.6	112.3
302.7	111.7
302.9	112
302.9	113.2
303	113.5
303.1	115
303.1	116.3
303.2	116.6
303.2	116.6
303.2	115
303.2	114.7
303.3	115
303.3	115.3
303.5	116.6
303.6	117.5
303.7	117.8
303.8	118.1
303.8	118.1
303.9	118.1
304.1	117.5
304.1	116.9
304.1	116
304.2	114.4
304.3	113.5
304.3	113.2
304.4	112.9
304.4	112.9
304.5	112.9
304.6	113.8
304.6	114.7
304.6	115
304.7	116.3
304.7	117.2
304.8	117.2
305	116.3
305	116
305.2	116
305.2	118.1
305.2	119.6
305.2	120.8
305.2	123.2
305.4	123.8
305.5	124.5
305.6	122.3
305.7	120.5
305.7	119
305.7	117.2
305.7	116.9
305.7	115.6
305.8	114.7
305.9	113.2
305.9	112.9
305.9	112.3
306.1	111.1
306.2	111.7
306.3	113.5
306.3	116
306.4	118.1
306.6	119.3
306.7	120.2
306.8	120.8
306.8	121.1
306.9	119.9
306.9	118.7
307.1	119
307.2	119
307.3	119
307.4	117.8
307.5	117.5
307.5	116.6
307.5	116.3
307.6	116.6
307.6	117.8
307.8	118.4
307.8	119.3
308	121.1
308	122.6
308	122.6
308	124.5
308	125.4
308.1	126
308.1	126
308.2	127.2
308.3	128.1
308.4	129
308.5	129.9
308.5	130.2
308.6	130.5
308.7	128.7
308.9	126.3
308.9	123.5
308.9	121.7
308.9	120.5
309	120.2
309	119
309	115.3
309	115
309	114.1
309.2	116
309.4	117.8
309.4	117.8
309.4	116.9
309.4	115.6
309.6	114.4
309.7	113.2
309.9	112.3
309.9	112
310	111.1
310.1	110.5
310.1	110.2
310.2	110.5
310.2	110.8
310.3	109.9
310.4	109.6
310.5	109.9
310.6	110.8
310.7	112.6
310.8	115
310.8	116.9
310.9	119.3
310.9	119.6
311	120.5
311.1	121.4
311.2	119.9
311.2	119.3
311.3	118.1
311.5	116.6
311.6	115
311.7	113.2
311.8	110.8
311.9	109.6
311.9	108.4
312	107.8
312.1	109.3
312.1	109.3
312.2	111.1
312.2	112.6
312.2	113.8
312.3	112.6
312.3	112
312.4	110.2
312.5	110.2
312.7	108.7
312.8	109.6
312.8	110.8
312.9	111.1
313.1	109.6
313.2	109.6
313.3	111.1
313.5	111.4
313.5	109.9
313.6	107.8
313.6	107.1
313.7	105.6
313.8	104.7
313.8	104.1
313.9	102.9
314.2	102.6
314.2	102.6
314.3	102.3
314.4	99.9
314.4	98.6
314.5	97.7
314.5	96.5
314.7	95.6
314.7	95.6
314.8	97.4
314.8	98.6
314.9	99.3
314.9	99
315	98.3
315	97.4
315.2	97.7
315.3	98
315.4	97.7
315.4	97.1
315.4	96.2
315.4	95
315.5	94.4
315.6	93.2
315.6	92.9
315.7	94.1
315.8	96.2
315.9	97.7
316.1	96.8
316.1	95.3
316.1	94.7
316.1	93.8
316.2	92
316.3	90.8
316.3	90.8
316.3	88.6
316.3	88.3
316.4	86.8
316.5	86.2
316.5	87.4
316.5	87.4
316.6	88.9
316.6	90.5
316.7	92.6
316.8	95
316.8	96.8
316.8	98.3
316.8	100.5
316.8	100.8
316.8	102.9
317	104.7
317	105.3
317	106.5
317	106.8
317.3	110.5
317.3	112.3
317.3	112.9
317.5	114.4
317.5	114.7
317.5	113.8
317.6	112
317.6	110.5
317.7	108.1
317.8	105.6
317.9	107.1
317.9	107.5
318	107.5
318.2	106.5
318.3	103.5
318.4	100.8
318.5	99
318.6	97.1
318.7	95
318.9	92.3
319	91.1
319	93.2
319.1	93.5
319.2	96.2
319.2	96.2
319.3	97.7
319.3	98.3
319.4	97.4
319.5	96.8
319.7	95
319.8	93.5
319.8	92.3
320	90.8
320	90.5
320.2	89.8
320.3	89.2
320.3	89.8
320.3	90.8
320.7	90.8
321	91.1
321	91.4
321	93.2
321	94.7
321	95.9
321.2	96.5
321.3	93.8
321.4	91.7
321.4	91.7
321.4	90.5
321.4	88.9
321.4	87.7
321.4	86.2
321.5	85.3
321.6	84.1
321.6	83.8
321.7	83.5
321.8	83.5
321.9	84.7
321.9	85
322	86.8
322.4	88.3
322.6	88.3
322.6	89.5
322.8	92
322.8	95
322.8	96.2
323	97.4
323	95
323	92.3
323.1	90.8
323.1	90.1
323.2	89.2
323.2	88
323.4	86.8
323.6	86.8
323.7	88.9
323.7	91.7
323.9	93.8
324	96.2
324	97.1
324.1	96.2
324.2	95.6
324.2	94.1
324.2	92.3
324.4	91.1
324.4	90.8
324.5	89.8
324.6	89.8
324.7	91.1
325	91.4
325.1	91.4
325.1	92.6
325.1	95
325.1	96.5
325.3	97.4
325.3	98.3
325.3	99.3
325.4	101.1
325.4	102
325.4	103.2
325.6	105
325.6	103.8
325.6	102.6
325.7	101.1
325.7	100.2
325.7	99.9
325.8	98.3
325.7	98.3
325.8	96.2
325.8	94.7
325.8	91.7
325.8	90.5
325.8	88.9
325.8	88.9
326	88.3
326.3	88.9
326.4	88.3
326.5	87.4
326.5	86.8
326.6	86.5
326.7	86.8
326.8	90.1
326.8	90.5
326.8	91.1
327	90.5
327.1	90.1
327.2	91.1
327.2	92.6
327.3	95
327.4	96.8
327.4	96.8
327.6	98.3
327.7	97.1
327.7	96.5
328	97.1
328.1	95.3
328.2	93.8
328.2	92.6
328.4	93.5
328.4	93.8
328.8	94.7
329.1	93.5
329.1	91.1
329.1	90.8
329.1	88
329.2	85.6
329.3	83.5
329.3	82.9
329.3	81.6
329.3	79.2
329.3	77.1
329.4	75.6
329.5	74.7
329.7	73.1
329.8	71.3
329.8	71.9
329.8	74.4
329.9	75.9
330	75.9
330	75.9
330	74.7
330.2	74.7
330.3	75
330.3	75.3
330.3	77.7
330.3	81
330.4	82.9
330.5	88.3
330.6	89.5
330.6	92.9
330.6	92.9
330.6	93.8
330.7	94.4
330.7	94.4
330.9	95.9
331	97.1
331	99
331.1	100.5
331.1	100.8
331.2	101.7
331.4	102.9
331.7	102.6
331.8	102.6
331.9	102.9
332.1	102
332.2	101.1
332.3	102
332.4	101.7
332.4	101.7
332.5	100.5
332.5	101.1
332.5	102
332.5	102.9
332.7	104.7
332.7	105
332.8	104.1
332.9	104.1
333	102.9
333.1	103.5
333.3	104.1
333.7	102.6
333.7	102.3
333.7	101.7
333.8	101.1
333.8	100.5
333.9	99
334	99.3
334.1	99.3
334.3	97.7
334.3	97.7
334.4	97.7
334.5	98.6
334.6	98.6
334.6	100.2
334.6	102.6
334.7	104.7
334.7	106.8
334.7	108.7
334.7	109
334.7	109.9
334.8	111.1
334.9	113.2
334.9	115
334.9	116
334.9	116.3
335.1	117.5
335.1	118.1
335.2	118.4
335.3	120.2
335.3	121.4
335.5	122.3
335.8	123.5
335.8	123.8
335.8	124.5
335.8	125.7
335.8	126.9
335.8	126.9
336.3	128.4
336.4	128.7
336.5	127.2
336.6	126
336.7	125.4
336.7	122.6
336.8	120.5
336.9	121.7
337	122.6
337.1	122
337.1	120.5
337.2	118.1
337.2	117.2
337.3	116
337.5	114.7
337.7	113.8
337.9	114.1
338.1	113.8
338.4	114.1
338.4	115
338.5	115
338.6	115.3
338.7	116.9
338.8	118.1
339	117.8
339.2	116
339.2	115.6
339.2	114.7
339.3	114.1
339.5	115.6
339.7	115
339.9	114.7
340	116.6
340.2	116.9
340.4	116.9
340.6	115.3
340.8	113.5
340.8	111.7
340.8	110.8
340.9	109.6
341.1	110.2
341.1	111.1
341.3	110.8
341.4	109.3
341.5	109.6
341.5	111.1
341.5	111.1
341.6	110.5
341.9	109
342	110.8
342	111.1
342	112.9
342.2	114.7
342.3	114.1
342.4	113.2
342.5	112.9
342.5	113.8
342.5	114.1
342.6	115.6
342.7	116
342.8	117.8
343	119.6
343	120.2
343.1	120.8
343.2	118.4
343.2	118.1
343.2	116
343.2	114.1
343.3	112.9
343.4	112.6
343.4	112
343.6	111.1
343.6	111.1
343.7	112.9
344	113.2
344.2	114.7
344.3	117.5
344.3	117.8
344.3	119
344.4	119.9
344.8	120.8
344.8	121.7
344.8	126.6
344.8	126.9
345	129
345.1	131.1
345.2	134.2
345.1	136.6
345.2	139
345.3	140.5
345.5	140.2
345.6	139
345.7	137.2
345.8	133.9
345.8	132.3
345.9	131.4
346	130.5
346.1	129
346.1	127.2
346.1	125.7
346.1	125.1
346.3	122
346.3	121.4
346.3	120.8
346.4	120.5
346.5	121.7
346.7	123.2
346.8	122.9
346.8	122.6
346.8	121.7
346.9	120.5
347	119.9
347.1	121.1
347.1	121.4
347.2	121.4
347.2	119.9
347.2	119.9
347.3	119
347.3	118.1
347.4	117.2
347.4	116.6
347.5	116.9
347.6	120.2
347.8	119.3
347.8	119
347.8	118.7
347.9	119.3
347.9	119.6
348	122.3
348.1	123.8
348.1	126
348.2	126.6
348.5	127.8
348.5	127.2
348.5	128.4
348.8	128.4
348.8	128.1
348.9	126.9
348.9	126
349	125.1
349	124.5
349	123.8
349.2	124.8
349.3	125.1
349.3	124.1
349.4	123.2
349.4	122
349.6	121.1
349.6	120.2
349.7	118.1
349.7	118.1
349.8	120.2
350.1	119.6
350.3	118.1
350.4	117.2
350.4	118.4
350.5	120.2
350.5	120.5
350.6	121.7
350.7	122.9
350.8	124.5
350.8	124.8
351.4	125.1
351.3	124.5
351.3	124.1
351.3	122.9
351.3	122.3
351.5	121.4
351.7	119.9
351.7	119.9
351.8	118.4
351.8	116
352	113.8
352	113.5
352.1	112.6
352.2	111.1
352.4	109.6
352.4	109.6
352.5	110.8
352.5	112.9
352.7	116.6
352.7	116.9
353.1	120.8
353.2	119.9
353.2	117.8
353.1	116.3
353.1	113.8
353.2	111.4
353.3	112.6
353.4	116.3
353.8	119.6
353.9	124.5
353.9	126
353.9	126.3
353.9	126.3
354.1	125.4
354.3	124.1
354.4	122.9
354.5	121.7
354.7	120.5
354.8	120.5
355	122.3
355.1	125.7
355.2	127.8
355.4	129.3
355.4	129.9
355.5	130.5
355.7	129
355.7	128.7
355.8	126.6
355.9	123.2
355.9	120.2
355.9	117.8
356	116.6
356.1	116
356.1	114.7
356.2	112.6
356.2	112
356.4	113.5
356.7	115.3
356.7	116.3
356.8	116.9
357	118.1
357.1	119
357.3	119.6
357.3	117.8
357.4	117.5
357.4	115
357.5	113.2
357.6	111.4
357.7	110.8
357.8	111.4
357.8	111.4
358	112.6
358	114.1
358	115.6
358.1	115.6
358.2	114.7
358.4	114.1
358.4	114.1
358.4	116
358.5	119.9
358.5	120.2
358.7	123.5
358.7	126.3
358.7	128.1
358.9	128.1
359	126.9
359.1	126.6
359.1	126.6
359.2	125.1
359.4	123.5
359.6	122
359.6	121.7
359.6	121.1
359.8	119.6
359.9	118.7
360.1	117.8
360.3	119.3
360.3	119.6
360.3	120.8
360.5	123.5
360.6	125.7
360.7	126.3
360.8	124.8
360.8	122.6
360.9	120.8
360.9	118.4
360.9	118.1
360.9	116.3
361.1	113.8
361.3	112.3
361.3	114.1
361.4	116.3
361.5	118.7
361.5	119.6
361.7	122.3
361.8	123.2
361.9	121.4
362	119
362.1	116.3
362.2	113.5
362.2	112
362.3	111.7
362.4	111.4
362.4	112
362.4	113.5
362.6	117.2
362.7	120.5
362.8	122.9
362.8	126
362.9	128.7
362.9	129.6
362.9	129.6
363	133.3
363.1	136.3
363.2	138.1
363.3	138.1
363.4	136.3
363.5	133.6
363.1	136.6
363.3	136
363.3	135.7
363.3	133.3
363.5	130.5
363.6	126.9
363.6	123.2
363.7	122.9
363.7	123.8
363.8	125.4
363.9	127.2
363.9	127.5
363.9	127.8
364.2	126.6
364.2	126.3
364.3	126.9
364.5	127.2
364.7	126.9
364.7	125.4
364.8	124.1
365	123.8
365.2	123.8
365.3	123.2
365.4	122.3
365.4	121.1
365.6	118.4
365.6	117.2
365.6	115.3
365.6	114.4
365.6	112.3
365.5	108.4
365.4	105
365.4	103.2
365.9	96.5
365.9	95.6
365.9	90.8
366	84.1
366	79.8
366	77.7
366	75.3
365.9	73.1
365.9	70.1
365.7	65.6
365.7	58.9
365.6	58.3
365.6	52.5
365.6	45.2
365.8	39.8
365.9	39.1
365.9	37
366	34.6
366.1	30.3
366.5	26.1
366.4	22.5
366.3	19.1
366.2	15.5
366.2	13
366.2	11.5
366.2	10.3
366.2	9.4
366.2	9.1
366.2	8.2
366.2	7.6
366.3	6.4
366.3	5.8
366.4	5.5
366.4	5.1
366.5	4.5
366.6	3.9
366.8	5.5
366.9	7.3
367.2	8.2
367.3	10
367.5	11.2
367.5	11.5
367.7	12.4
367.7	14.3
367.7	15.2
367.8	15.2
367.9	14
368	12.4
368.1	11.8
368.1	11.8
368.2	8.5
368.2	7.9
368.5	6.4
368.4	7.3
368.7	6.1
368.9	4.5
369.2	3.9
369.3	3.6
369.4	3
369.6	2.1
369.7	2.7
369.7	2.7
370.1	3
370.2	3
370.2	3
370.3	2.7
370.7	2.7
370.7	3
370.9	4.2
370.9	4.5
371.2	5.1
371.4	4.5
371.6	3.9
371.7	4.2
371.7	4.5
372.3	4.8
372.5	4.8
372.8	3.3
372.8	3
373	2.7
373.1	2.7
373.6	3.9
373.9	4.5
374.2	4.8
374.2	4.8
374.4	4.8
374.5	4.2
374.6	4.2
374.7	3.6
374.7	3.3
374.9	3.3
374.9	3
375	3
375.2	3
375.3	3.6
375.3	4.2
375.5	5.1
375.6	5.1
375.6	5.5
376	5.8
376	6.1
376.4	6.1
376.7	5.8
376.8	6.7
376.9	8.2
377	8.5
377.1	8.5
377.2	7.6
377.3	7.6
377.4	7.6
377.7	7.3
377.8	6.7
378.1	6.4
378.2	6.1
378.4	6.7
378.6	7.3
378.6	7.3
378.8	7.3
379	6.7
379.1	6.4
379.3	6.4
379.5	7.6
379.7	7.6
379.9	7
379.9	5.8
380	5.5
380.2	5.5
380.4	5.8
380.5	5.1
380.5	5.1
380.7	4.8
380.9	3.9
381	3.6
381.2	3.6
381.5	3.3
381.6	4.5
381.8	5.1
382.1	4.5
382.3	4.5
382.4	5.5
382.5	5.8
382.8	5.8
382.8	4.8
383	4.8
383.1	5.1
383.3	6.4
383.4	6.7
383.5	6.7
383.5	6.1
383.6	4.8
383.8	4.5
384.1	4.5
384.3	4.5
384.4	5.1
384.6	5.1
384.8	5.1
384.8	5.1
385.1	5.5
385.2	6.4
385.2	6.7
385.4	7.6
385.5	7.6
385.6	7.9
385.6	7.9
385.8	7.9
385.9	7.9
386	8.8
386	9.4
386	9.4
386.2	9.4
386.3	8.5
386.5	7.9
386.7	7
386.9	6.7
386.9	6.4
387	5.8
387.1	5.5
387.2	4.5
387.3	3.9
387.4	4.8
387.4	4.8
387.7	5.8
387.9	5.8
387.9	5.8
388.1	5.5
388.3	5.1
388.5	5.1
388.8	4.8
389	4.2
389	4.2
389.2	5.8
389.2	6.4
389.3	6.4
389.6	6.1
389.8	5.5
389.9	4.5
389.9	4.8
390.1	5.5
390.2	5.5
390.4	4.5
390.4	4.5
390.7	5.5
390.9	5.1
391	5.1
391.2	5.5
391.5	5.5
391.5	5.5
391.5	5.1
391.6	5.1
391.6	5.1
391.8	5.5
391.9	6.1
392	6.7
392	6.7
392.2	6.7
392.2	6.4
392.3	6.1
392.3	5.8
392.5	6.4
392.5	6.4
392.7	6.4
392.7	5.8
392.8	5.5
393	5.5
393.2	5.8
393.3	5.8
393.4	4.8
393.6	4.8
393.6	4.8
393.7	5.1
393.9	6.4
394	7
394.1	7.6
394.4	7.9
394.6	8.2
394.6	8.2
394.7	7.9
394.9	7.3
395	6.7
395	7.9
395	8.8
395.4	8.8
395.7	8.8
395.8	9.4
395.9	10.6
396	11.5
396.2	11.5
396.4	11.5
396.6	11.5
396.7	11.2
396.8	11.2
397	11.2
397.2	10.9
397.3	9.7
397.3	9.7
397.4	8.8
397.6	8.2
397.8	8.2
397.9	8.8
398	8.8
398.1	8.5
398.2	8.2
398.2	8.8
398.2	8.2
398.2	7.6
398.4	7
398.5	7
398.6	6.4
398.7	6.1
398.9	5.8
399.2	6.7
399.4	7.6
399.6	7.6
399.6	7.6
399.5	9.1
399.5	9.1
399.7	10
399.9	10.9
400.1	11.5
400.3	12.4
400.4	13
400.6	13.6
400.6	13.3
400.7	12.1
400.8	11.8
400.9	9.7
400.9	7.9
400.9	7.6
401	7.6
401.1	7.6
401.2	6.7
401.3	6.4
401.4	6.7
401.5	7.6
401.7	7.9
401.7	7.9
401.8	7.6
402	7
402	7
402.1	6.4
402.2	5.8
402.5	4.2
402.7	3
402.9	3.3
402.9	3.6
403	4.8
403.2	5.1
403.4	5.5
403.6	5.5
403.9	5.5
404.4	5.1
404.5	5.5
404.6	5.5
404.8	6.7
405	7
405	8.5
405.2	9.1
405.4	8.8
405.5	8.5
405.6	6.7
405.8	6.4
405.9	6.7
405.9	7
406.2	6.4
406.2	6.4
406.4	6.1
406.4	5.8
406.7	5.8
406.8	5.5
406.9	5.1
407.1	4.8
407.3	3.6
407.3	4.5
407.5	5.1
407.8	5.1
408.1	5.1
408.3	5.1
408.5	4.8
408.8	3.6
409	3.6
409.2	4.5
409.2	5.1
409.4	5.1
409.6	5.1
409.7	6.4
409.8	6.7
409.9	6.7
410	6.4
410.3	5.1
410.6	4.8
410.8	4.5
411.1	3.9
411.4	3.3
411.5	3
411.7	3.6
411.7	3.9
412.1	3.6
412.2	2.7
412.4	2.7
412.7	3.6
412.8	4.2
413.1	4.8
413.2	4.8
413.3	4.8
413.4	4.5
413.8	5.1
414	5.5
414.2	5.5
414.3	5.5
414.3	4.5
414.4	3.6
414.7	4.2
414.7	4.5
414.8	4.8
414.9	5.1
415	5.1
415	4.8
415	4.8
415.2	5.1
415.4	5.8
415.4	5.8
415.5	5.8
415.6	5.8
415.7	5.1
415.7	4.8
415.7	4.2
416	4.2
416	4.5
416.1	5.1
416.3	6.1
416.5	6.1
416.6	5.5
417.2	4.8
417.3	3.9
417.5	4.8
417.6	5.1
417.7	7
417.8	9.1
417.9	11.2
418	12.4
418	14.3
418	14.6
418	16.1
418.1	17.6
418.3	19.4
418.3	19.7
418.4	20.6
418.4	21.5
418.6	20.9
418.7	20.6
418.7	20.6
418.7	20.9
418.9	22.5
418.9	22.8
418.7	25.8
418.9	26.4
419.1	28.2
419.1	30
419.1	30.3
419.1	30.3
419.1	32.5
419.3	34
419.3	34.3
419.4	35.5
419.4	36.7
419.6	37.9
419.6	38.2
419.9	36.1
419.9	37.3
419.9	38.8
419.9	41
420	43.7
420	46.7
420	47
420	48.3
420	50.1
420	51.3
420.3	52.8
420.3	53.4
420.4	53.7
420.5	53.7
420.6	53.7
420.7	53.1
420.7	53.4
420.7	53.7
420.7	55.2
420.6	55.8
420.7	57.7
420.7	58.3
420.8	59.5
420.8	60.4
421.1	61.9
421.2	61.9
421.2	61.9
421.3	59.8
421.4	57.1
421.4	57.1
421.4	54.9
421.6	52.8
421.6	50.4
421.6	48.3
421.6	44.6
421.6	42.5
421.6	42.2
421.7	41.3
421.7	40.7
421.7	39.8
421.7	37.9
421.7	37.6
421.8	36.1
421.8	35.5
421.9	35.2
422	36.7
422.1	37.9
422.1	38.2
422.1	40.7
422.1	43.1
422.3	45.8
422.3	46.1
422.3	49.2
422.4	50.1
422.4	51.6
422.4	53.4
422.4	54.6
422.4	54.9
422.6	55.5
422.6	55.5
422.6	55.5
422.8	55.2
422.9	54.9
423.1	53.4
423.1	51.6
423.1	50.7
423.1	48.9
423.3	47.3
423.3	47
423.3	47
423.4	47.3
423.4	48
423.5	49.5
423.5	52.2
423.5	53.1
423.6	54.3
423.7	55.2
423.7	55.5
423.9	56.8
424	57.4
424.1	57.4
424.2	57.4
424.4	56.1
424.5	54.9
424.5	54.6
424.6	54
424.6	53.1
424.9	51.6
424.9	51.3
425.1	50.4
425.1	50.1
425.1	49.2
425.1	50.4
425.2	51.3
425.3	51.9
425.3	53.7
425.3	54
425.3	54.9
425.4	55.8
425.4	56.8
425.4	57.1
425.4	58
425.5	59.2
425.6	60.1
425.6	60.4
425.6	60.7
425.6	62.2
425.8	64.6
425.8	65.3
425.8	67.1
425.9	69.5
426	71.6
426	73.8
426	74.7
426.1	75.3
426.3	75.3
426.3	75.6
426.3	75.6
426.5	74.4
426.6	74.1
426.7	74.1
426.8	74.1
426.9	74.7
427	75.3
427	75.6
427.1	75.9
427.1	75.9
427.3	77.1
427.3	77.7
427.3	79.2
427.4	80.1
427.4	80.4
427.4	80.4
427.4	81.6
427.6	82.9
427.7	82.9
427.8	83.2
428.1	83.8
428.2	82
428.2	79.8
428.3	77.7
428.4	77.1
428.4	75.3
428.4	72.5
428.4	72.2
428.4	69.5
428.4	67.7
428.4	64.6
428.6	63.1
428.6	60.7
428.7	58.9
428.8	58
428.8	57.1
428.8	55.5
428.9	54.3
429.1	54.6
429.2	56.1
429.3	57.7
429.3	58.9
429.3	59.8
429.5	61.3
429.7	62.5
429.7	63.1
429.8	64.3
430	64.6
430.1	62.2
430.1	60.4
430.4	58
430.5	56.1
430.6	54
430.7	52.5
430.8	51.9
430.8	52.2
430.7	54.6
430.7	54.9
430.8	55.2
430.9	54.6
430.9	55.2
431	55.8
431.1	55.5
431.2	53.7
431.3	51.3
431.4	49.2
431.4	47.3
431.4	47
431.5	43.1
431.6	40.4
431.7	37.3
431.9	34.9
431.9	32.5
432	30
432	28.2
432.1	27
432.2	24.9
432.2	23.1
432.2	21.5
432.2	20.3
432.2	18.8
432.2	18.2
432.3	17.3
432.3	17.3
432.4	17.3
432.6	19.1
432.6	20
432.6	19.4
433	19.4
433.2	20
433.2	19.1
433.2	17
433.4	16.1
433.5	14.9
433.6	14.6
433.7	15.2
433.8	17.3
433.8	18.8
433.8	20.9
433.8	21.5
433.8	23.4
433.8	24.6
433.8	24.9
433.9	26.4
434.1	28.8
434.1	31.3
434.2	33.4
434.2	37.3
434.1	40.1
434.2	45.2
434.4	50.1
434.5	54.9
434.6	58.3
434.6	60.7
434.8	64.6
434.8	69.2
434.8	71.9
434.7	76.2
434.7	77.7
434.7	79.5
434.7	83.5
434.7	83.8
434.7	83.8
434.8	85.3
434.8	86.5
434.9	88
434.9	88.9
434.9	90.1
434.9	90.1
435.1	91.1
435.1	91.4
435.1	91.4
435.3	89.2
435.4	85.3
435.4	86.5
435.4	86.8
435.4	87.1
435.5	87.1
435.6	87.1
435.7	83.2
435.8	82.6
435.8	79.8
436	76.5
436	76.2
436	73.5
436	68.9
436	64.6
436.1	60.4
436.3	56.1
436.3	54.3
436.3	51.9
436.3	48
436.4	45.8
436.5	44
436.6	42.5
436.7	41
436.7	40.4
436.7	39.5
436.9	39.1
436.9	41.6
437	41.3
437.1	39.1
437.2	38.2
437.3	39.1
437.4	40.1
437.4	41.9
437.6	44
437.6	44.3
437.8	46.1
437.9	46.7
437.9	47.3
437.9	46.4
437.9	46.1
438.1	44.9
438.2	42.8
438.2	41
438.3	38.8
438.3	39.5
438.3	40.1
438.3	41.6
438.5	42.5
438.6	41.3
438.7	41
438.8	43.1
439	45.5
439	47.6
439	48.3
439.2	48
439.3	45.5
439.4	43.7
439.5	42.8
439.5	41.6
439.5	40.1
439.5	39.5
439.5	38.5
439.5	36.7
439.6	36.1
439.6	34.6
439.7	34.3
439.7	34
439.8	35.2
439.9	35.2
439.9	36.4
439.9	37
439.9	38.5
440	40.7
440	41
440.1	41.3
440.2	40.7
440.2	39.5
440.2	39.1
440.6	38.2
440.7	38.5
440.9	39.5
440.9	41
440.9	42.5
440.9	42.8
441.1	42.8
441.3	42.8
441.4	43.4
441.6	44.9
441.7	46.1
441.8	46.7
441.9	46.4
442	44.9
442	43.1
442	42.2
442.2	41.6
442.3	41.3
442.3	41.3
442.5	41.6
442.6	39.8
442.6	39.1
442.7	38.2
442.9	36.7
443	34.9
443	34
443	33.4
443	32.5
443	32.2
443.1	31.3
443.2	31
443.4	29.7
443.4	29.4
443.4	29.4
443.6	31.9
443.6	32.5
443.6	34
443.8	35.5
443.9	35.8
444	37
444.3	38.5
444.5	40.1
444.5	40.4
444.6	41.3
444.6	41.6
444.6	39.8
444.6	39.5
444.8	38.8
445	39.1
445.3	40.1
445.4	41.6
445.5	43.4
445.7	45.5
445.7	45.8
445.7	46.1
445.9	45.8
446	44.3
446.1	42.5
446.2	41.6
446.4	41.3
446.5	41
446.6	39.8
446.6	39.5
446.7	38.8
446.9	38.5
447.1	39.5
447.3	40.1
447.3	40.4
447.4	40.4
447.4	39.5
447.6	38.5
447.6	37.9
447.6	37.6
447.8	36.4
448	36.4
448	36.4
448.1	37.6
448.1	39.5
448.3	41
448.4	41.9
448.5	41.6
448.6	40.4
448.7	39.1
448.7	37.9
448.7	37.3
448.8	37
449	36.7
449	37.6
449.1	38.2
449.2	39.5
449.2	39.1
449.5	38.2
449.5	39.8
449.6	41
449.7	41.3
449.7	40.4
449.7	39.8
449.9	39.8
449.9	39.8
450	39.1
450.1	38.8
450.3	38.5
450.3	37.6
450.4	36.7
450.6	36.4
450.6	36.4
450.4	36.7
450.4	36.7
450.8	36.4
451	37.3
451.1	38.2
451.2	37.6
451.3	36.4
451.5	35.8
451.6	35.2
451.7	34.6
451.7	34.6
451.8	34.3
452	34
452.2	34
452.2	35.5
452.3	37
452.4	37.9
452.7	37.9
452.7	37.9
452.9	38.2
452.9	40.1
453	41.6
453	41.9
453	42.8
453.1	44
453.1	44.6
453.4	45.8
453.6	46.1
453.6	45.5
453.6	44.9
453.7	45.8
453.8	46.1
453.9	47.6
454	48.9
454	48.9
454.1	50.1
454.3	51.3
454.3	52.2
454.5	52.5
454.7	52.5
454.7	52.5
454.7	53.1
454.8	53.1
454.8	51.6
454.8	50.4
455	49.5
455	49.5
455.1	48.9
455.1	48.6
455.2	47
455.2	46.7
455.3	45.8
455.5	45.2
455.5	46.7
455.5	47
455.5	47.6
455.6	48.6
455.6	48.9
455.7	49.5
455.7	49.5
455.9	49.2
456	48.3
456.2	48
456.2	48.3
456.2	49.8
456.2	51.3
456.2	51.6
456.2	52.2
456.2	53.1
456.4	54.3
456.6	55.2
456.6	55.5
456.8	55.5
456.8	54.9
456.9	54.3
456.9	52.5
456.9	51.9
457	51
457.1	49.8
457.2	50.7
457.3	52.5
457.4	54.3
457.5	54.6
457.5	55.8
457.6	56.5
457.8	56.5
458	56.5
458	54.9
458	54
458.1	54
458.2	54.3
458.2	55.8
458.2	56.1
458.3	57.1
458.5	58
458.6	58.3
458.7	58.3
458.8	58
458.9	57.7
458.9	56.8
458.9	55.8
459.1	54.9
459.1	54.9
459.2	55.2
459.2	56.1
459.2	56.8
459.2	56.5
459.2	56.1
459.4	54.9
459.4	54.6
459.4	53.4
459.5	52.2
459.5	52.2
459.6	51.3
459.7	50.4
459.8	50.1
459.8	49.5
459.9	51
460	51.9
460.1	51.6
460.1	51.6
460.3	51.6
460.5	52.5
460.5	54.3
460.5	56.1
460.6	56.8
460.8	55.5
460.8	54
460.8	53.7
460.9	52.5
460.9	51.3
461	50.7
461.2	51.6
461.5	51.3
461.5	50.1
461.5	51.9
461.6	54.6
461.7	55.2
461.7	55.8
461.9	56.8
462	57.4
462.1	58.3
462.3	58.3
462.4	56.1
462.4	55.2
462.5	53.7
462.6	53.1
462.8	51.3
462.8	50.7
462.9	50.4
463	49.2
463	49.2
463.1	48.3
463.1	48.9
463.3	50.4
463.3	51.9
463.3	51.9
463.4	55.2
463.4	57.1
463.5	58.9
463.5	60.1
463.6	61.3
463.8	64
463.9	65.9
464	67.7
464	69.2
464.1	70.4
464.3	69.5
464.3	69.8
464.3	71
464.5	71.3
464.5	70.4
464.5	69.2
464.6	69.8
464.6	70.1
464.7	70.4
464.9	69.2
464.9	66.8
465	64
465.1	62.2
465.2	62.2
465.5	64.3
465.7	65.3
466	65.6
466.1	64.6
466.3	61.3
466.6	57.1
466.6	54.6
466.7	53.7
466.8	52.8
467	51
467.1	48
467.2	47
467.2	45.5
467.2	43.7
467.2	43.4
467.3	42.2
467.3	41.6
467.3	39.5
467.3	37.3
467.3	35.2
467.3	33.7
467.3	32.8
467.3	31.9
467.3	30
467.3	28.8
467.3	27.6
467.3	27.3
467.3	27
467.3	26.7
467.3	26.4
467.5	26.1
467.6	26.1
467.9	26.4
467.9	26.7
468	26.7
468	26.4
468	26.1
468.2	24.9
468.2	23.7
468.2	23.4
468.2	23.1
468.2	23.7
468.3	23.4
468.4	23.4
468.6	22.8
468.6	21.5
468.6	21.5
468.6	22.1
468.8	23.4
468.9	23.7
469.1	23.4
469.3	22.1
469.5	21.2
469.6	22.1
470	22.5
470.2	22.5
470.5	22.8
470.7	22.1
470.8	20.3
470.9	18.8
471	17.6
471.2	17.3
471.4	17.9
471.5	19.7
471.8	21.2
471.9	20.9
472.1	21.8
472.2	22.5
472.2	22.8
472.2	24
472.3	26.1
472.3	26.1
472.4	27
472.5	28.2
472.5	28.2
472.8	29.7
472.8	29.7
472.8	27.9
472.8	26.7
472.8	25.8
473	24
473.1	23.4
473.1	22.5
473.2	21.2
473.2	20.9
473.3	20
473.4	22.1
473.5	23.7
473.6	26.4
473.7	27.6
473.7	27.6
473.9	29.1
473.9	30.3
474	31.6
474.1	32.8
474.2	33.4
474.2	34.3
474.2	34.9
474.4	34
474.4	33.7
474.5	33.7
474.7	33.7
474.7	33.4
474.7	33.4
474.7	33.4
474.7	33.4
474.8	31.9
474.8	30.6
474.9	29.7
475	29.1
475.1	28.5
475.3	27.3
475.3	26.7
475.2	26.4
475.4	26.7
475.7	28.2
476	30.3
476	30.6
476	33.4
476	34.3
476.1	36.4
476.1	39.1
476.1	39.1
476.1	41.9
476.1	44.9
476.4	47.6
476.5	48.6
476.7	49.8
476.8	50.1
476.8	52.2
476.8	53.1
476.8	55.2
476.9	57.4
477	60.4
477.2	64.6
477.2	66.2
477.2	67.1
477.2	68.6
477.3	69.5
477.4	70.7
477.4	70.7
477.6	69.5
477.7	68
477.7	66.8
477.7	66.2
477.8	64.6
477.8	64.6
477.9	64.3
478.1	65.6
478.2	66.8
478.3	68.3
478.4	68.9
478.4	70.4
478.6	73.1
478.7	76.2
478.7	77.4
478.7	79.2
478.8	83.5
478.8	83.8
479	86.8
479.1	86.8
479.1	88.9
479.2	89.8
479.3	91.1
479.4	92
479.5	92.9
479.5	93.5
479.7	93.5
479.8	92.6
479.9	90.8
480	88
480.2	88.6
480.2	88.9
480.4	88
480.5	86.2
480.5	85.9
480.6	86.2
480.8	88
481.2	91.7
481.2	94.7
481.2	96.2
481.2	98
481.2	105.9
481.3	107.1
481.5	114.4
481.6	115.6
481.6	117.8
481.7	121.1
481.7	121.4
481.8	122.9
481.8	123.2
481.8	125.4
481.8	126.6
481.8	126.9
481.9	128.7
482.1	129
482.3	126.3
482.2	127.8
482.3	129.3
482.3	129.9
482.5	129
482.5	125.1
482.5	120.5
482.5	119.9
482.5	117.5
482.5	112.6
482.5	111.1
482.5	104.1
482.5	99
482.4	85
482.3	73.8
482.5	65.9
482.5	62.2
482.6	57.1
482.7	52.5
482.7	51.9
482.7	46.7
482.8	39.5
482.8	37
482.8	29.7
482.9	27.9
482.9	26.1
483	25.2
483.4	23.4
483.5	22.1
483.6	23.1
483.7	25.2
483.9	25.5
484.1	26.1
484.1	28.5
484.2	29.1
484.4	31.9
484.4	41.6
484.4	46.7
484.6	54.9
484.6	54.9
484.6	62.2
484.9	72.2
485.3	80.4
485.4	84.7
485.4	90.5
485.4	102.3
485.5	104.7
485.6	117.2
485.9	119.3
486.3	132.6
486.3	133.3
486.3	151.2
486.3	155.1
486.3	156
486.5	156
486.5	147.5
486.7	138.1
486.7	131.4
486.7	128.1
486.7	124.8
486.9	124.5
487.1	129.6
487.1	130.2
487.2	134.5
487.2	136.9
487.2	138.7
487.2	140.2
487.2	140.8
487.2	141.1
487.2	141.5
487.2	137.2
487.3	136.9
487.4	132.6
487.5	121.1
487.8	99.6
487.6	92.6
487.4	74.7
487.4	69.2
487.4	55.5
487.4	41.3
487.4	28.2
487.5	22.5
487.6	20
487.6	19.4
487.7	17.9
487.8	16.1
487.8	15.8
487.8	14.6
487.8	13
487.9	13.6
487.9	15.8
488.1	15.2
488.1	14.9
488.3	13.6
488.3	13.6
488.5	14.9
488.6	14.9
488.7	14.3
488.8	14.6
489	14
489	13.3
489.1	12.7
489.1	12.4
489.2	12.7
489.3	14.6
489.4	14.6
489.4	13.6
489.7	13.3
489.8	14
490	15.5
490.2	14.9
490.2	14.6
490.2	13.3
490.4	13
490.8	14.6
490.9	14.6
491.1	14
491.4	14
491.6	13
491.8	12.1
491.9	13
