1.3	1.5
1.5	26.6
1.8	32.3
2.3	25.1
2.7	23
3.3	19.4
3.9	25.9
4.8	34.4
5.3	30.1
6	28.7
6.9	36.6
7.3	32.3
7.8	30.1
8.5	28.7
9	29.4
9.4	23.7
9.9	20.1
10.5	19.4
11	23.7
11.4	33.7
11.6	38.7
12.1	49.5
12.6	39.5
12.7	29.4
12.9	25.9
13.4	31.6
13.6	40.9
14.1	43.8
14.5	40.2
14.6	36.6
14.7	36.6
15.1	40.2
15.3	31.6
15.9	28
16.1	23.7
16.9	27.3
17.3	22.3
17.6	23
18	20.1
18.3	16.5
19	21.6
19.4	25.9
19.5	25.9
20.3	24.4
21	28
21.3	25.1
22.1	23.7
22.5	27.3
23	30.1
23.5	25.9
23.7	20.8
24.5	20.1
25.2	20.1
25.9	20.4
26.5	19.7
26.9	23.3
27.6	21.9
28.1	24.8
28.6	21.2
29.3	24.8
29.8	21.9
30.4	20.4
30.9	24.1
31.5	18.3
32.2	24.8
32.9	22.6
33.6	27.7
33.9	25.5
34.6	21.9
35.2	25.5
35.3	31.3
35.8	37.9
36.2	43
36.5	34.2
36.8	30.6
37.1	24.8
37.6	20.4
38.4	19
38.7	29.9
39.2	29.9
39.7	30.6
40	34.2
40.5	34.2
41.1	35.7
41.5	39.3
42	35.7
42.5	35.7
43.2	35
43.5	37.9
44.1	30.6
44.6	39.3
44.9	35
45.4	32.8
46	33.5
46.7	30.6
47.4	33.5
47.7	30.6
48.3	33.5
48.8	28.4
49.3	29.2
49.9	24.8
50.5	23.3
51	61.1
51.5	104.7
51.7	126.5
52.6	114.9
53.1	120
53.7	108.3
54.3	99.6
54.9	110.5
55.4	140.3
56.4	141
56.8	133.8
57.3	130.9
57.5	131.6
58	126.5
58.4	129.4
58.8	106.2
58.9	105.4
59.2	84.4
59.3	58.9
59.4	43.7
59.6	27.7
60.2	29.2
60.8	45.9
61.1	59.7
62.3	66.9
62.9	58.2
63.4	66.9
64	64
64.1	65.5
64.6	78.6
65.1	66.9
65.6	87.3
66.2	69.8
66.7	66.2
67.4	98.2
68	74.9
68.8	121.4
69.3	112
69.9	101.8
70.6	101.8
71.1	116.3
71.6	112
72.7	117.8
73.1	106.2
73.5	104
74.1	79.3
74.5	82.9
74.7	75.6
75.1	125
75.2	124.3
75.3	93.1
75.4	91.6
75.5	93.1
75.8	114.9
76.3	103.3
76.7	124.3
76.9	108.3
77.1	90.9
77.2	80
77.9	98.2
78.1	114.1
78.3	109.8
78.6	126.5
78.9	135.9
79.3	123.6
79.7	112.7
79.8	102.5
80.2	119.2
80.3	131.6
81.2	129.4
81.4	135.2
81.6	129.4
81.9	125.8
82.2	129.4
82.7	125.8
83	128
83.4	113.4
83.5	120.7
83.6	105.4
84	101.1
84.4	105.4
84.6	95.3
84.7	86.5
85.3	99.6
85.9	102.5
86.1	96
86.2	85.1
86.6	92.4
87	104
87.2	117.1
87.5	115.6
88	130.9
88.5	128
89	112
89.2	95.3
89.5	112.7
89.6	128.7
89.9	133
90.2	116.3
90.3	99.6
90.5	83.6
90.7	75.6
90.9	112.7
91.4	125
91.5	101.8
91.6	87.3
92	67.7
92.1	58.9
92.4	57.5
92.9	82.2
93.1	104.7
93.3	121.4
93.7	144.7
94.2	132.3
94.8	132.3
95.1	124.3
95.2	113.4
95.5	107.6
95.6	122.9
95.9	135.2
96.5	136.7
96.9	130.9
97.2	135.2
97.5	130.1
97.9	136.7
98.6	128.7
99.1	117.8
99.4	100.3
99.8	84.4
100.2	66.9
100.6	59.7
101.2	72
101.9	74.9
102.3	80.7
102.6	66.9
103.1	69.1
103.5	53.1
104.1	58.2
104.7	47.3
105.2	60.4
105.7	71.3
106.4	61.8
107	65.5
107.3	67.7
107.9	63.3
108.4	66.9
108.8	64
109.1	63.3
109.3	72.7
109.4	75.6
109.5	76.4
109.8	77.8
110.1	69.8
110.3	66.9
110.6	79.3
111.1	90.9
111.5	96
111.6	91.6
111.7	91.6
112	100.3
112.5	90.2
113.3	102.5
113.5	96.7
114.1	103.3
114.6	101.1
115	107.6
115.4	102.5
115.7	101.8
116.4	110.5
117	108.3
117.4	110.5
117.8	104
118.4	112.7
118.9	114.9
119.4	109.1
119.5	109.1
119.8	113.4
120.1	110.5
120.5	115.6
120.8	109.8
121.6	115.6
121.9	108.3
122.2	105.4
122.4	112
122.7	106.9
122.9	112.7
123.5	105.4
124	103.3
124.6	108.3
125.1	105.4
125.7	114.1
126.1	111.2
126.5	117.8
126.7	109.1
127.3	113.4
127.8	112
128.1	112
128.4	108.3
128.9	112
129.4	102.5
129.7	106.2
130	106.9
130.4	102.5
130.8	105.4
131.3	103.3
131.6	111.2
131.8	110.5
132.1	115.6
132.5	112.7
133.2	106.2
133.5	109.8
134	104
134.4	115.6
134.9	111.2
135	112.7
135.3	106.9
135.6	112.7
136.4	105.4
136.7	112.7
137.2	103.3
137.9	101.8
138.6	106.9
139.2	117.8
139.9	113.4
140.1	106.2
140.7	109.8
141	105.4
141.2	112.7
141.7	109.1
142.1	112.7
142.2	112
142.8	114.1
143.2	109.1
143.5	117.1
143.9	120.7
144.4	111.2
144.9	114.9
145.1	109.8
145.3	111.2
145.6	105.4
146.1	112.7
146.3	117.8
146.8	112.7
146.9	112.7
147	118.5
147.5	113.4
147.8	112
148.1	120
148.3	125.8
148.6	118.5
149	118.5
149.4	122.9
149.6	114.9
150.2	117.8
150.6	115.6
151.2	117.1
151.5	120.7
151.9	111.2
152.4	116.3
152.6	111.2
152.7	111.2
153.1	113.4
153.4	109.1
153.8	114.1
154.3	111.2
154.8	115.6
155.2	108.3
155.8	111.2
156.3	121.4
156.6	113.4
157.3	121.4
157.6	114.9
158	120.7
158.3	111.2
158.9	114.1
159.2	113.4
159.9	113.4
160.6	112.7
161	118.5
161.1	118.5
161.4	121.4
162	117.1
162.3	122.9
162.5	113.4
163.1	122.1
163.5	116.3
163.8	112
164.1	114.1
164.2	114.9
164.7	117.8
165	114.9
165.4	117.1
165.6	117.1
166.1	120.7
166.8	122.9
167	117.1
167.4	112
167.9	120
168.3	115.6
168.6	111.2
169.2	106.9
169.6	117.8
169.7	125.8
170.1	117.1
170.5	118.5
170.8	110.5
171.7	121.4
172.4	122.9
172.8	122.9
173.5	120
173.8	117.1
174.4	119.2
174.8	128.7
175.2	123.6
175.6	128.7
176.2	124.3
176.7	120.7
177.3	122.9
177.9	135.2
178.4	120
178.8	142.5
179	142.5
179.2	132.3
179.5	122.9
180	129.4
180.3	128.7
180.4	139.6
180.9	122.9
181	117.8
181.6	128.7
182.2	130.1
182.4	131.6
182.5	135.2
183.2	132.3
183.7	125.8
184.1	141.8
184.6	135.2
185.1	146.1
185.5	143.2
185.6	133.8
186	130.9
186.4	143.9
186.8	135.2
187.3	140.3
187.9	133
188.2	146.1
188.4	135.9
188.9	116.3
189.2	141.8
189.5	143.2
189.7	133.8
189.9	125
190.3	135.2
190.5	117.8
190.7	99.6
191	93.8
191.3	109.1
191.9	109.1
192.3	97.4
192.8	88.7
193.3	104
193.7	99.6
193.9	108.3
194.4	115.6
195.1	101.8
195.6	110.5
196.4	135.9
196.6	128
196.7	113.4
196.9	104
197.4	109.1
198.1	99.6
198.6	118.5
198.9	115.6
199.5	134.5
200.2	142.5
200.5	141.8
200.6	135.9
201.2	131.6
201.8	134.5
202	138.1
202.4	128
202.8	127.2
203.1	118.5
203.5	110.5
204	128
204.5	135.9
204.9	137.4
205.3	142.5
205.6	133
205.9	122.1
206.3	128.7
206.6	119.2
207.1	115.6
207.7	126.5
208.4	124.3
208.8	121.4
209.3	122.1
209.6	125.8
210.3	125
210.6	130.9
211.1	133
211.5	131.6
211.8	140.3
212.1	130.1
212.3	135.9
213.3	130.1
213.6	128.7
213.9	141.8
214.4	146.8
214.7	138.1
215.1	130.1
215.5	128.7
216	134.5
216.2	125.8
216.7	133.8
217.1	130.9
217.4	124.3
218.1	130.1
218.2	135.2
218.7	130.1
219.3	137.4
219.4	129.4
220.2	134.5
220.3	133
220.9	128.7
221.2	127.2
221.7	135.9
222.5	129.4
222.9	134.5
223	127.2
223.2	125
223.5	128
223.9	123.6
224.2	120.7
224.5	126.5
224.6	130.9
225.1	133.8
225.7	133
226.3	128
226.4	121.4
227.1	127.2
227.4	141.8
227.9	132.3
228.3	138.8
228.8	131.6
228.9	122.1
229.4	132.3
229.5	120
230.3	123.6
230.7	117.8
231.2	124.3
231.9	122.9
232.5	136.7
232.8	121.4
232.9	114.1
233.4	120
233.8	106.9
234.2	101.1
234.7	121.4
235.1	154.8
235.6	164.3
235.7	145.4
236.1	132.3
236.5	138.8
236.9	128
237.2	135.2
237.8	133
238.2	137.4
238.4	129.4
238.6	122.9
239	123.6
239.4	131.6
239.8	122.9
240.3	132.3
240.7	131.6
241.6	139.6
241.9	133
242.3	128
242.9	143.9
243.3	135.9
243.7	144.7
244.2	150.5
244.4	141
244.7	135.2
245	137.4
245.2	141.8
245.6	133
246.3	133.8
246.6	128.7
247	130.9
247.4	138.1
247.7	138.1
248.2	143.2
248.6	135.2
249.2	133.8
249.9	133
250.5	126.5
251.3	130.9
252.1	141
252.3	136.7
252.9	130.9
253.3	138.8
253.7	139.6
254.2	149
254.5	141
255.3	139.6
255.6	128
256.3	138.8
256.5	133
256.9	135.2
257	133
257.5	143.2
258	149
258.5	143.9
259.1	139.6
259.5	146.1
259.7	140.3
260.2	136.7
260.5	132.3
261	149.7
261.4	144.7
261.7	138.8
261.9	143.9
262	133.8
262.7	123.6
263.3	128
263.8	143.2
264	135.2
264.4	146.1
264.5	140.3
264.7	144.7
265.2	138.8
265.7	146.8
266.3	140.3
266.8	134.5
267	134.5
267.3	129.4
267.4	122.1
267.6	112.7
268.1	123.6
268.4	139.6
269.2	138.1
269.5	141.8
269.9	149.7
270.3	154.8
270.5	143.9
270.8	135.9
271.3	140.3
271.6	151.2
271.8	140.3
272.2	135.2
272.4	131.6
272.6	138.8
272.9	135.9
273.2	138.1
273.7	128.7
274.1	134.5
274.3	132.3
274.4	140.3
274.6	145.4
274.9	138.8
275.1	138.8
275.7	148.3
276.3	140.3
276.5	128.7
277.3	131.6
277.6	119.2
278	132.3
278.3	141.8
278.4	138.8
279.1	149
279.4	131.6
279.8	132.3
280	135.2
280.3	127.2
280.9	120
281.3	128
281.9	135.2
282.4	126.5
282.8	130.9
283.3	126.5
283.5	132.3
283.7	132.3
284.1	136.7
284.3	126.5
284.6	117.8
285.3	130.1
285.7	121.4
285.9	145.4
286.4	141.8
286.8	139.6
287.1	130.9
287.3	120
287.6	129.4
288.1	130.1
288.3	123.6
288.7	115.6
289.1	120.7
289.4	129.4
289.7	126.5
290.5	125
290.7	120.7
290.9	110.5
291.3	121.4
291.5	117.1
292.1	112
292.7	112.7
293.2	121.4
293.5	115.6
293.7	117.8
294	114.9
294.5	119.2
294.8	107.6
295.3	120.7
295.8	120
296.6	110.5
297	117.8
297.3	118.5
297.7	113.4
297.9	119.2
298.3	120.7
298.9	120
299.3	123.6
299.5	115.6
300.1	126.5
300.9	112.7
301.3	117.1
301.8	117.1
302	119.2
302.4	117.8
302.7	128.7
302.9	136.7
303.1	134.5
303.5	122.1
303.8	117.8
304	102.5
304.5	114.9
304.8	108.3
305.5	110.5
305.7	116.3
306	113.4
306.6	118.5
306.8	118.5
307.1	127.2
307.5	125
307.9	102.5
308.3	83.6
308.5	63.3
309.2	55.3
309.3	64.8
309.5	88
310.2	102.5
310.4	115.6
310.8	113.4
311.2	122.1
311.6	131.6
311.9	133
312.3	126.5
312.5	128.7
312.8	125
313.1	121.4
313.4	122.9
313.8	121.4
314	128
314.4	128
314.9	124.3
315.2	125
315.8	128
316	132.3
316.5	124.3
316.6	122.9
317.3	129.4
317.4	131.6
318	121.4
318.2	128
319	122.9
319.5	130.1
319.7	130.1
320.1	129.4
320.3	128.7
320.6	130.1
320.7	130.1
321.4	122.1
321.9	135.2
322.6	122.9
323.3	132.3
323.8	124.3
324.3	128.7
324.6	130.1
324.8	126.5
325.6	135.2
326	138.8
326.2	133
326.7	142.5
326.8	135.9
327.2	124.3
327.5	135.9
327.8	130.9
328.1	138.8
328.5	136.7
329.3	138.1
329.5	130.9
330.8	130.9
331.3	125.8
332.1	135.9
332.5	128
332.9	119.2
333.4	128.7
333.8	138.1
334.2	135.9
334.3	142.5
334.7	133.8
335	133
335.5	126.5
335.8	130.1
336.3	132.3
336.7	124.3
337.3	127.2
338	132.3
338.3	140.3
338.8	134.5
339.2	147.6
339.6	156.3
340.1	140.3
340.5	131.6
340.7	128
341.5	129.4
341.7	133.8
342.3	136.7
343.1	128
343.4	138.8
344	132.3
344.8	139.6
345	135.2
345.1	138.8
345.4	132.3
346.1	141
346.4	131.6
346.7	139.6
347.1	129.4
347.4	128
347.8	135.9
348.5	130.1
348.9	141.8
349.3	131.6
349.9	136.7
350.1	133.8
350.6	129.4
350.9	134.5
351.3	123.6
351.8	137.4
352.1	133
352.6	138.8
353	134.5
353.4	138.8
354.1	126.5
354.6	137.4
354.9	144.7
355.3	137.4
355.5	130.1
356.1	138.1
356.4	132.3
356.9	135.9
357.3	135.9
357.5	136.7
357.9	131.6
358.2	135.2
358.6	128
359.3	135.9
360	120.7
360.1	129.4
360.4	126.5
361.1	127.2
361.3	136.7
362	140.3
362.5	133
362.8	133
363.3	135.9
363.8	133
363.9	127.2
364.2	127.2
364.6	121.4
365.2	141.8
365.7	131.6
366.5	147.6
366.8	128.7
367.5	132.3
367.7	128
368.1	132.3
368.5	124.3
368.7	133.8
369.2	129.4
369.5	126.5
370.1	122.9
370.8	135.9
371.4	135.2
371.9	135.2
372.7	133.8
373.1	120.7
373.5	109.1
373.9	124.3
374.3	138.8
374.6	151.9
375.1	150.5
375.2	139.6
375.7	129.4
376.3	124.3
376.7	117.8
377	125
377.2	120.7
377.8	129.4
378.1	135.9
378.4	122.1
378.9	133
379	129.4
379.4	134.5
379.9	120.7
380.3	124.3
381.1	115.6
381.6	111.2
381.9	98.9
382.4	107.6
382.5	94.5
382.7	91.6
383.2	106.9
383.7	135.9
384	125
384.2	135.2
385	122.1
385.5	104
385.9	109.8
386.2	99.6
387	99.6
387.2	110.5
387.7	97.4
388.2	104.7
388.5	99.6
388.8	95.3
389.1	100.3
389.6	101.1
390	114.9
390.4	96
390.8	104.7
391.1	112.7
391.3	132.3
391.6	117.8
392	105.4
392.2	96.7
392.6	106.9
393.4	93.8
393.6	110.5
394.3	109.1
394.7	104.7
394.8	103.3
395.2	111.2
395.7	120.7
395.9	107.6
396.1	89.4
396.5	99.6
396.7	96.7
397.2	110.5
397.4	113.4
398	115.6
398.5	114.9
398.7	119.2
399.1	120
399.3	117.8
399.9	110.5
400.8	104.7
400.9	104.7
401.2	112.7
401.8	120.7
402.2	116.3
402.9	125.8
403.2	120
403.6	112.7
403.9	115.6
404	107.6
404.4	106.2
404.7	117.1
405.3	132.3
405.8	132.3
406.3	141.8
406.8	137.4
406.9	131.6
407.5	138.8
407.8	143.2
408	133.8
408.4	124.3
409	131.6
409.4	126.5
409.9	136.7
410.2	122.9
410.5	128
410.7	120.7
411.1	122.1
411.4	132.3
411.9	127.2
412.3	137.4
412.5	130.9
412.8	128.7
413.3	133
413.4	121.4
413.9	128.7
414.3	125
414.6	134.5
415.2	128
415.4	122.1
415.7	129.4
416.4	127.2
416.7	135.2
417	128.7
417.3	125
417.7	130.1
418.1	128
418.4	120.7
418.7	130.9
419	133
419.3	128.7
419.5	121.4
420	133
420.3	131.6
420.7	138.8
421.1	135.2
421.4	135.9
421.7	129.4
422.1	123.6
422.6	125.8
423	138.1
423.2	138.1
423.6	149
424	150.5
424.3	143.9
424.6	135.9
425.3	143.9
425.6	136.7
426.5	148.3
426.8	143.2
427.1	140.3
427.5	145.4
427.7	138.8
428.1	136.7
428.4	142.5
428.6	135.9
429.2	137.4
429.4	133
429.9	144.7
430.2	149.7
430.5	141.8
430.7	131.6
431.1	136.7
431.3	132.3
432.2	137.4
432.7	141.8
433	138.1
433.2	148.3
433.5	135.2
434	129.4
434.6	141
434.9	137.4
435.3	138.1
435.6	144.7
435.9	144.7
436.2	133.8
436.7	135.9
436.9	143.9
437.3	144.7
437.5	135.9
437.7	130.9
438.3	138.1
438.6	142.5
438.9	135.2
439.1	141
439.3	129.4
439.6	133.8
439.9	127.2
440.5	151.2
440.7	135.2
440.8	138.8
441.2	135.9
441.5	129.4
442.2	141
442.6	137.4
442.7	141
443	140.3
443.5	138.1
443.8	128
444.1	134.5
444.5	137.4
444.7	152.7
445	138.1
445.5	144.7
446.1	133
446.7	132.3
447.1	133.8
447.7	145.4
448	141.8
448.2	141.8
448.7	138.8
449.1	143.9
449.5	151.2
450.1	149
450.4	153.4
450.6	152.7
451.1	137.4
451.6	147.6
451.7	141
452.1	162.8
454.5	123.6
454.9	125
455.2	120.7
455.6	140.3
456.1	164.3
456.9	163.5
457.2	138.8
457.7	94.5
458.1	108.3
458.3	80.7
458.6	41.5
459.2	55.3
459.4	48.8
459.7	38.6
460.1	43
460.6	33.5
460.9	42.2
461.4	56.8
461.9	44.4
462.2	48.8
462.6	48.8
462.8	42.2
463.4	44.4
464	36.4
464.1	44.4
464.4	27
464.8	42.2
465	41.5
465.5	35
465.9	43.7
466.1	49.5
466.4	48.8
466.8	42.2
467.1	46.6
467.6	46.6
468	57.5
468.2	52.4
468.5	44.4
469	48.8
469.3	45.1
469.7	44.4
470.3	44.4
471	38.6
471.7	43
472.2	38.6
472.4	38.6
472.7	37.1
473.2	41.5
473.6	39.3
474.3	50.9
474.4	32.8
475.4	36.4
475.6	43
476	27
476.4	48.8
476.8	64.8
477.1	67.7
477.6	109.8
478.1	106.9
478.5	117.1
478.8	112.7
479	96
479.4	83.6
479.8	100.3
480.2	98.2
480.7	96
480.8	96
481.1	80.7
481.4	63.3
482	63.3
482.5	78.6
482.7	89.4
483.3	83.6
483.5	71.3
483.9	60.4
484.1	40.1
484.6	27
485.1	30.6
485.4	28.4
485.7	54.6
486	102.5
486.4	125.8
486.6	98.9
486.8	78.6
487	49.5
487.5	77.8
487.7	105.4
488	117.8
488.1	109.1
488.4	98.9
488.6	82.9
488.9	94.5
489.3	79.3
489.4	54.6
489.7	41.5
490.3	32.8
490.9	21.2
491.2	28.4
491.8	18.3
492.5	26.2
493.2	16.1
493.9	29.2
494.3	45.1
494.7	43
495	53.1
495.3	47.3
495.8	56
496.6	46.6
497	35
497.7	26.2
498.3	39.3
499.1	29.9
499.8	46.6
500.1	38.6
500.7	55.3
501	45.1
501.5	48.8
501.8	45.1
502.3	48
502.7	44.4
503.1	53.9
503.4	47.3
503.9	53.9
504.2	50.2
504.7	53.9
505.2	43.7
505.6	45.9
506.3	45.9
506.5	52.4
506.7	47.3
507.1	49.5
507.5	42.2
508	51.7
508.5	57.5
508.8	53.1
509.1	53.9
509.5	59.7
509.8	53.1
510.3	55.3
510.9	59.7
511.1	63.3
511.3	55.3
511.9	58.2
512	63.3
512.5	60.4
512.7	56.8
513.4	61.8
513.8	72
514.1	68.4
514.7	62.6
515	63.3
515.5	63.3
516	53.1
516.7	61.8
516.9	63.3
517.2	61.1
517.7	46.6
517.9	66.2
518.3	85.8
518.5	93.8
519	84.4
519.2	69.8
519.8	89.4
520	82.9
520.4	74.2
520.7	62.6
520.9	49.5
521.3	35.7
521.9	39.3
522.2	37.1
522.6	30.6
522.7	26.2
522.8	26.2
523.6	21.2
524.6	19
525.6	20.4
526.4	28.4
527	23.3
528	29.2
528.7	21.2
529.2	25.5
529.8	35
530.3	58.2
530.9	50.2
531.4	73.5
531.9	80
532.1	74.2
532.6	86.5
533.1	80.7
533.7	102.5
534	101.1
534.4	162.8
535.2	162.8
535.9	93.1
536.1	95.3
536.4	60.4
536.5	31.3
536.9	25.5
537.3	27
537.8	34.2
538.4	56.8
538.7	158.5
539.2	93.1
539.6	37.1
540.4	13.9
540.9	50.9
541.3	37.9
541.5	13.9
542.2	14.6
542.5	12.4
542.8	11
543.2	15.4
543.9	13.2
544.5	13.2
545.1	13.9
545.5	12.4
545.8	12.4
546.5	10.3
546.9	11.7
547.3	14.6
547.8	11.7
548.4	9.5
548.9	8.8
549.5	8.1
550.5	13.2
551.1	14.6
551.6	8.1
552.7	12.4
553.2	9.5
553.6	19
554.2	12.4
555.1	11.7
555.6	16.1
556.2	13.9
556.9	19
557.4	13.9
558.5	16.8
558.8	13.9
560.1	9.5
561.2	10.3
562	16.1
562.8	14.6
563.1	13.2
564	13.9
564.2	11
564.6	12.4
565.8	9.5
566.3	13.9
567.3	56
567.4	74.9
567.8	106.2
568.1	100.3
568.5	128.7
568.7	138.1
569.2	128
569.4	111.2
569.7	124.3
570.1	129.4
570.3	137.4
570.7	126.5
571.3	129.4
571.9	121.4
572.1	106.2
572.5	86.5
572.8	112
573.5	122.9
573.9	118.5
574.2	108.3
574.8	99.6
575.4	131.6
575.6	122.1
576.2	121.4
576.7	132.3
577	124.3
577.3	131.6
577.6	119.2
577.9	106.2
578.5	130.1
579	116.3
579.2	122.9
579.3	110.5
579.7	110.5
580.3	136.7
580.8	125.8
580.9	135.9
581.4	119.2
582.1	123.6
582.7	138.8
583.3	132.3
583.6	139.6
584.3	141
584.8	138.8
585.3	151.2
585.9	133.8
586.3	140.3
586.6	139.6
586.9	134.5
587.2	135.9
587.6	133.8
588.1	154.1
588.4	142.5
588.9	134.5
589.6	120
590.1	128.7
590.3	125.8
590.8	130.9
591	129.4
591.3	134.5
592	125
592.5	143.2
592.7	145.4
593	130.1
593.3	109.1
593.5	114.9
593.9	112
594.4	101.8
594.8	104
595.3	101.1
596.1	101.8
596.4	106.9
596.7	105.4
597.5	120
597.8	118.5
598.1	111.2
598.6	114.1
599	106.2
599.4	100.3
599.8	100.3
600.6	112.7
601.2	118.5
601.7	117.8
602.1	130.9
602.5	122.9
602.8	126.5
603.6	115.6
603.9	122.9
604.2	123.6
604.4	118.5
604.8	122.9
605.1	122.9
605.3	120
605.9	128.7
606.1	125.8
606.6	125.8
607.5	125.8
608.2	130.9
608.8	133.8
609.4	121.4
609.9	132.3
610.3	131.6
610.6	119.2
610.9	89.4
611.2	74.9
611.8	75.6
612.2	75.6
613.1	85.1
613.6	82.2
614.1	90.9
614.2	87.3
614.7	80.7
615.3	95.3
615.8	88
616.4	97.4
616.9	92.4
617.3	95.3
617.6	93.8
618	100.3
618.4	93.8
618.9	98.9
619.8	101.1
620	96
620.4	96
620.8	91.6
621.4	96.7
621.5	97.4
622.1	99.6
622.4	96.7
623	106.9
623.1	103.3
623.5	108.3
624.1	125
624.5	119.2
624.9	122.1
625.1	116.3
625.6	124.3
626.2	117.8
626.3	109.1
626.5	97.4
626.8	93.8
627.1	107.6
627.6	117.8
627.8	109.8
628.3	107.6
628.7	121.4
629.4	134.5
629.8	132.3
630.3	137.4
630.5	134.5
631.1	141
631.3	130.1
632.1	135.2
632.5	133.8
633	136.7
633.3	128
633.8	137.4
634.1	138.1
634.4	135.2
634.9	130.9
635.4	125
636.1	131.6
636.4	130.1
636.9	134.5
637.2	125
637.6	135.2
638.2	138.1
638.5	140.3
638.9	138.8
639.3	137.4
639.7	109.1
640.2	101.8
640.6	88
641.1	103.3
641.4	79.3
641.8	45.9
642.3	47.3
642.4	43.7
643	61.1
643.4	69.8
643.7	60.4
644.1	46.6
644.5	56
645	74.9
645.3	72.7
645.5	69.1
645.8	58.9
646.1	53.1
646.7	60.4
647.4	69.1
647.8	87.3
648.3	88.7
648.5	82.2
649.1	75.6
649.4	97.4
650.1	108.3
650.3	106.2
650.6	115.6
651.2	122.9
651.5	116.3
651.8	102.5
651.9	88
652.2	72.7
652.8	83.6
653.1	85.1
653.2	88
653.4	82.2
654.1	90.2
654.7	109.1
655	106.9
655.8	112
656.3	120.7
656.4	116.3
656.9	123.6
657.4	131.6
657.7	120
658.1	63.3
658.2	50.9
658.5	29.9
659	46.6
659.3	61.1
659.8	66.9
660.3	74.9
660.7	64.8
661	76.4
661.4	89.4
661.5	74.9
661.6	54.6
662.3	68.4
662.7	63.3
663	57.5
663.4	61.1
663.8	66.9
663.9	64.8
664.4	82.2
664.6	71.3
665	61.8
665.5	65.5
665.7	61.8
666.1	72
666.4	85.8
666.8	75.6
667	62.6
667.1	47.3
667.5	56
668	72
668.3	77.8
668.4	85.1
668.7	64
669.3	53.1
669.5	64.8
670	77.8
670.1	63.3
670.6	54.6
670.9	45.1
671.3	40.1
671.7	36.4
672.2	37.9
672.4	41.5
672.7	36.4
673.2	46.6
673.5	57.5
673.8	46.6
674.4	46.6
675.3	46.6
675.7	39.3
676.2	37.1
676.4	29.2
677.1	42.2
677.5	32.1
677.8	32.1
678.5	54.6
678.9	66.2
679	56.8
679.4	80.7
680	90.2
680.3	82.9
680.6	97.4
681.3	106.2
681.5	95.3
682.1	116.3
682.5	103.3
682.9	96.7
683.2	63.3
683.5	114.1
683.6	95.3
683.8	126.5
684	104
684.1	86.5
684.3	72
684.8	102.5
685.1	91.6
685.3	102.5
685.4	92.4
685.9	104.7
686.1	117.1
686.5	112
686.8	89.4
687	56.8
687.3	72
687.5	83.6
687.7	94.5
687.9	90.2
688.1	71.3
688.3	57.5
688.6	45.9
688.8	66.2
689	80.7
689.1	90.2
689.4	93.1
689.6	88.7
689.9	105.4
690.2	111.2
690.6	113.4
691.2	114.1
691.4	122.1
691.8	120
692.1	128
692.4	133
692.6	128.7
692.9	137.4
693.4	141.8
693.5	135.2
693.9	117.1
694.1	113.4
694.6	94.5
695.1	107.6
695.4	116.3
695.6	135.2
696.4	141
696.9	132.3
697.4	150.5
697.7	138.1
698	125
698.5	120.7
698.9	114.9
699.2	125
699.6	125
700.1	130.1
700.3	133.8
700.7	123.6
701.1	141
701.5	134.5
702	140.3
702.2	149
702.6	125.8
702.8	36.4
702.9	5.2
703.2	-2.8
706.8	-0.6
707.3	4.5
707.7	43.7