27.2	48
27.2	47.2
27.4	46.9
27.6	47.6
27.6	48
27.7	48.3
27.7	48.3
27.9	47.6
27.9	46.5
28	45.4
28	45
28.2	45
28.3	46.1
28.4	48.3
28.4	48.3
28.4	49.1
28.4	49.4
28.6	52
28.6	53.4
28.6	53.8
28.8	55.6
28.8	55.6
29	54.2
29.1	54.2
29.2	56
29.2	56
29.3	57.1
29.3	58.2
29.4	60
29.5	62.2
29.6	63.7
29.7	63.3
29.8	61.8
30	61.1
30.2	62.6
30.2	62.6
30.4	61.1
30.5	58.9
30.6	56.7
30.6	55.6
30.8	57.1
30.8	57.1
30.9	56.7
31	56.4
31.1	56.4
31.2	56.4
31.3	56.7
31.3	56.4
31.5	54.2
31.6	53.8
31.6	53.4
31.6	53.8
32	55.6
32	56
32.1	57.8
32.1	59.3
32.3	59.3
32.5	56.4
32.5	56
32.6	53.4
32.6	54.2
32.7	57.1
32.9	58.2
33.1	60
33.2	63.3
33.3	65.5
33.4	67.3
33.5	67.7
33.6	65.5
33.6	65.5
33.8	65.5
33.9	66.2
33.9	66.6
34.3	65.9
34.6	64
34.9	62.2
34.9	61.8
35.1	60.8
35.3	61.8
35.4	65.1
35.6	67.7
35.6	68.4
35.6	68.8
35.6	67.7
35.8	65.5
36	64.8
36	62.9
36.1	60
36.1	58.6
36.3	60.8
36.4	61.1
36.6	60
36.6	59.7
36.6	61.1
36.6	64
36.6	65.5
37	67.3
37	67.3
37.1	68.4
37.3	68.4
37.6	68.1
37.8	66.2
37.8	64.8
38	65.1
38.3	66.6
38.3	67.7
38.5	68.8
38.6	69.2
38.7	67
38.7	65.9
38.7	66.2
39.1	69.9
39.3	71
39.5	70.3
39.7	67.3
39.8	64.4
39.8	61.5
40	60
40.3	60.8
40.3	61.8
40.5	61.8
40.7	61.8
40.9	62.6
40.9	62.9
40.9	63.7
41	66.2
41.2	66.6
41.5	67
41.8	67.7
42	70.6
42.1	72.5
42.1	72.8
42.3	73.9
42.4	75
42.7	77.6
42.7	77.6
43	79.4
43.2	77.9
43.4	73.2
43.4	68.8
43.4	67.3
43.5	65.1
43.6	64
43.6	64
43.6	62.6
43.7	59.3
43.7	58.9
44.1	61.1
44.1	64.8
44.1	64.8
44.1	65.5
44.3	65.1
44.5	62.9
44.5	60.8
44.5	60
44.5	59.3
44.8	58.9
44.9	58.9
44.9	58.9
45.1	56.4
45.1	55.6
45.1	54.5
45.2	53.8
45.5	57.1
45.5	60.4
45.5	60.8
45.5	62.2
45.5	64.4
45.8	64
45.9	63.7
46.1	64.4
46.1	64.8
46.2	65.9
46.2	69.2
46.4	71
46.4	72.8
46.4	73.2
46.4	73.9
46.6	76.1
46.9	77.9
47	77.9
47.1	77.2
47.3	75
47.3	74.3
47.3	72.5
47.6	66.6
47.7	63.7
47.9	61.1
48	60
48	61.5
48.3	65.9
48.3	68.4
48.4	70.3
48.4	70.6
48.4	71.4
48.7	72.5
48.7	72.5
49.1	71.7
49.2	71
49.3	71.7
49.4	74.3
49.4	74.6
49.4	76.1
49.4	76.5
49.4	78.3
49.6	79.8
49.9	81.2
49.9	81.2
49.9	81.6
50.1	82.7
50.2	83.4
50.3	83.4
50.5	81.2
50.5	78.3
50.6	74.6
50.7	72.1
50.9	70.6
50.9	69.5
50.9	68.8
51	68.1
51.2	68.1
51.2	67.7
51.2	66.2
51.2	64.8
51.2	64
51.2	62.9
51.2	60.8
51.2	58.6
51.3	57.5
51.3	57.1
51.4	59.7
51.4	59.7
51.4	62.2
51.4	63.3
51.5	65.5
51.6	67.7
51.6	70.6
51.6	71.4
51.7	73.9
51.7	74.6
51.9	76.5
51.9	76.8
51.9	76.8
52.1	75.4
52.2	73.2
52.3	71.7
52.5	69.2
52.6	68.4
52.7	67
52.7	66.6
52.8	68.4
53.1	70.6
53.2	71.4
53.4	71.4
53.4	71
53.4	70.3
53.4	69.9
53.5	69.5
53.6	68.8
53.7	67.3
53.8	66.2
53.9	65.5
54	64.4
54.2	63.3
54.2	63.7
54.3	66.2
54.5	65.9
54.6	66.6
54.6	69.9
54.6	69.9
54.7	71.7
55	72.5
55.2	70.3
55.4	68.4
55.5	69.5
55.7	73.2
55.9	73.9
55.9	75
55.9	75.4
55.9	77.6
56.1	75
56.3	70.3
56.2	67.3
56.2	66.2
56.2	64.4
56.3	61.5
56.4	60
56.5	58.2
56.6	55.6
56.6	52.7
56.6	52.3
56.6	49.1
56.7	48
56.8	46.5
56.8	43.9
57	41.4
57	39.9
57.1	42.5
57.3	45
57.3	48
57.3	49.1
57.3	51.6
57.5	56.4
57.7	58.9
57.7	63.3
57.7	63.7
57.7	69.2
57.7	70.3
57.7	71.7
57.6	74.3
57.7	75.7
57.7	76.1
57.7	76.5
58	74.6
58	74.3
58.2	71.4
58.4	71.4
58.4	71.7
58.4	71.7
58.4	74.6
58.4	74.6
58.4	76.5
58.4	76.8
58.8	75
58.8	75.7
58.9	76.1
59	76.1
59.1	75.4
59.4	71.7
59.4	71
59.5	69.9
59.5	67.3
59.5	65.9
59.6	65.9
59.8	67
59.8	70.3
59.8	71
59.9	69.9
60	68.4
60.3	68.4
60.5	68.4
60.5	67.7
60.6	67.3
60.6	67.3
60.6	67.3
60.8	67.3
60.8	67.3
60.9	66.6
60.9	64.8
61	63.7
61.1	62.9
61.3	64.4
61.3	64.4
61.3	65.9
61.5	66.6
61.6	64.8
61.6	62.9
61.9	61.5
62	63.7
62	66.2
62.2	66.6
62.3	66.6
62.4	66.6
62.6	67.3
62.7	68.8
62.7	70.6
62.7	73.5
62.9	76.1
63	76.5
63.2	75.4
63.4	73.2
63.6	72.8
63.6	73.2
63.7	73.2
63.7	72.5
63.7	71
63.7	69.2
63.8	68.1
63.9	65.9
63.9	65.1
63.9	65.1
64.1	62.9
64.1	61.1
64.2	60.4
64.3	60.4
64.5	61.5
64.6	61.8
64.8	63.3
64.8	64
65	66.6
65.1	67
65.2	66.2
65.3	65.5
65.3	65.1
65.5	65.9
65.5	68.1
65.5	69.2
65.5	69.5
65.9	72.8
66.1	73.2
66.1	73.5
66.1	73.9
66.1	75
66.1	75.7
66.1	76.1
66.1	75.7
66.1	75
66.2	73.5
66.2	72.5
66.4	73.2
66.5	73.2
66.6	73.2
66.7	71.4
66.7	71
66.8	70.3
66.8	68.8
67	68.8
67.2	69.9
67.3	70.3
67.8	71
68	70.6
68.2	69.5
68.2	69.5
68.4	69.5
68.7	70.3
68.7	72.1
68.7	74.3
69.1	74.6
69.1	73.5
69.1	73.5
69.2	74.6
69.2	75
69.7	75.4
69.8	74.6
69.8	74.3
69.8	74.3
69.9	74.6
70.3	77.2
70.3	79
70.5	77.9
70.5	75.4
70.5	74.3
70.5	72.8
70.5	71
70.5	68.8
70.7	67.7
70.8	67.7
71	68.1
71.1	69.2
71.3	69.2
71.4	68.4
71.5	67.7
71.8	66.2
71.8	66.2
72	66.2
72	68.1
72	71.4
72.1	72.5
72.2	72.5
72.3	71.4
72.3	71.4
72.3	71
72.5	71
72.6	72.1
72.6	72.5
72.6	74.3
72.7	74.6
73	76.1
73.2	74.6
73.5	73.2
73.1	73.5
73.4	72.5
73.4	71.4
73.4	70.6
73.5	69.5
73.6	68.8
73.6	68.4
73.7	67.3
73.7	67.3
73.7	66.2
73.7	65.5
73.7	64.8
73.7	64.8
73.9	65.1
74	67.3
74.1	69.5
74.3	71
74.5	71.7
74.7	71
74.8	69.9
74.8	68.8
74.9	68.4
75	67.7
75	67.3
75.1	69.5
75.2	69.5
75.3	68.1
75.4	67.3
75.5	69.2
75.5	69.5
75.6	70.6
75.7	71.7
75.8	71
75.8	71
75.9	69.9
75.9	69.9
76	71.4
76.2	73.2
76.3	75
76.4	75.7
76.5	75.4
76.6	73.5
76.8	72.1
77	70.3
77	69.2
77	68.1
77.3	69.2
77.3	69.9
77.3	70.6
77.6	70.6
77.7	70.3
77.7	68.1
77.9	66.2
77.9	65.5
78.1	63.3
78.1	62.9
78.1	65.5
78.2	67.7
78.4	69.5
78.6	72.1
78.6	72.5
78.7	73.9
78.9	75.7
79	76.8
79	77.2
79.1	75.7
79.1	75
79.2	73.2
79.3	71
79.3	70.3
79.5	72.5
79.6	72.8
79.8	70.6
79.8	68.4
79.9	66.2
80	65.9
80.2	65.1
80.3	65.9
80.5	67.3
80.6	68.4
80.6	68.8
80.7	69.5
80.8	68.8
80.9	69.9
80.9	71.7
80.9	72.8
81.3	71
81.3	71.4
81.3	73.5
81.3	73.9
81.3	75.4
81.3	75.7
81.6	74.6
81.6	73.9
81.8	74.3
81.9	75.4
82	74.6
82.1	75
82.1	75.4
82.2	76.8
82.4	78.3
82.7	75.4
82.7	74.6
82.7	74.3
82.7	71.7
82.7	70.3
82.7	68.4
82.8	66.2
83	62.9
83	62.6
83	60.8
83.1	60.8
83.3	64.8
83.4	69.2
83.4	70.6
83.5	71
83.6	71
83.8	68.4
83.8	68.1
83.8	67.7
83.8	68.8
83.9	69.2
84.1	67.7
84.1	67
84.1	67.3
84.1	67.7
84.2	69.9
84.3	70.6
84.5	69.2
84.6	67.3
84.6	67
84.7	69.9
84.8	71.7
84.9	72.5
85	73.5
85.1	73.9
85.2	73.2
85.3	72.5
85.4	70.3
85.4	69.9
85.5	71.7
85.7	69.9
85.8	67.3
85.9	64.8
85.9	63.7
86.2	64.4
86.5	64.8
86.5	64.4
86.6	63.7
86.8	64
86.8	67
86.8	67.3
87	69.2
87	69.2
87.3	67.3
87.3	68.1
87.3	68.8
87.4	69.5
87.5	71.7
87.6	74.6
87.7	76.1
87.8	76.1
88	75
88.1	75.7
88.2	78.3
88.2	78.7
88.3	79.8
88.4	80.5
88.6	80.9
88.7	80.5
88.8	80.1
88.8	80.9
88.8	82.7
88.8	83.8
89.1	85.2
89.1	85.2
89.2	84.1
89.3	82
89.5	80.5
89.5	80.1
89.5	79
89.7	76.5
89.8	74.6
89.8	74.3
89.8	72.5
89.9	74.3
90	75.7
90.2	75.7
90.2	74.6
90.3	74.6
90.4	76.5
90.5	78.7
90.5	81.2
90.6	81.2
90.8	83.4
90.9	83.8
91	83.4
91.2	82.7
91.3	80.5
91.3	77.9
91.3	76.5
91.3	75.7
91.4	74.3
91.5	72.8
91.6	71.7
91.8	72.1
92	73.5
92	74.6
92.1	73.5
92.1	71.7
92.1	71.4
92.1	71
92.2	71.4
92.3	72.8
92.3	74.3
92.3	76.5
92.5	78.3
92.5	78.7
92.6	80.5
92.7	83.4
92.8	85.2
92.8	85.6
92.9	86
93.1	85.2
93.2	83.8
93.5	83.1
93.6	84.9
93.7	86.7
93.7	87.4
93.7	87.4
93.8	86.3
93.8	86
94	84.5
94.1	84.1
94.2	82.7
94.3	82.3
94.5	79.4
94.7	77.6
94.8	75.7
94.8	74.3
94.8	72.5
94.9	71
95	70.6
95.2	69.5
95.2	68.1
95.2	67.7
95.3	68.1
95.5	70.6
95.6	74.6
95.7	77.6
95.8	78.7
95.9	80.1
95.9	80.5
96	82.3
96	84.1
96.2	86.3
96.2	86.3
96.2	88.2
96.2	90.4
96.2	91.5
96.4	92.6
96.4	93.3
96.5	91.1
96.5	90
96.6	88.2
96.7	85.6
96.8	83.1
96.8	82.3
96.8	80.5
96.8	79.8
96.9	80.5
97	80.5
97.1	80.1
97.2	79.4
97.3	79.4
97.4	81.6
97.6	82.3
97.6	82.3
97.8	81.6
97.9	79
98	75.7
98	73.2
98.1	72.8
98.2	71.4
98.3	69.2
98.4	67.3
98.4	68.1
98.5	70.6
98.6	71.4
98.7	73.9
98.7	75.7
98.7	78.7
98.7	80.5
98.7	81.6
98.8	83.4
98.8	83.8
98.9	85.2
98.9	86.3
99	88.9
99.1	90.4
99.1	90.7
99.2	91.5
99.4	92.9
99.4	92.6
99.5	90.7
99.5	89.6
99.6	88.5
99.6	88.2
99.7	87.4
99.8	86
99.9	84.1
99.9	83.8
100	84.9
100.1	85.2
100.2	84.1
100.2	83.1
100.2	82.7
100.2	82.3
100.3	82
100.6	82
100.7	81.6
100.7	81.6
101	81.2
100.9	80.1
100.9	79.8
100.9	79
100.9	77.6
101	76.5
101	75.7
101.2	75.7
101.3	76.8
101.5	79
101.6	80.5
101.6	80.9
101.7	81.6
101.8	80.1
101.8	80.9
102	83.1
102.1	84.1
102.2	83.8
102.3	82.3
102.3	80.9
102.4	80.5
102.5	80.1
102.7	80.9
102.8	83.4
102.8	84.5
103.1	85.2
103.1	86.7
103.2	89.3
103.3	89.6
103.5	88.2
103.7	88.9
103.8	90
103.8	90
104	91.1
104.1	91.5
104.2	92.9
104.3	95.1
104.3	95.1
104.4	96.2
104.5	95.5
104.6	92.6
104.7	91.5
104.7	89.6
104.8	86.7
104.9	84.9
104.9	84.5
105	82.7
105	81.2
105.1	79.4
105.2	78.7
105.4	80.1
105.6	79.8
105.6	77.9
105.7	76.5
105.8	75.7
105.8	75.4
105.9	74.6
105.9	74.6
105.9	76.1
105.9	79.8
105.9	80.1
106	83.1
106	84.9
106.2	87.4
106.3	88.9
106.4	89.6
106.4	89.6
106.5	88.2
106.5	88.2
106.6	88.9
106.6	90
106.6	91.8
106.6	93.3
106.8	94
106.8	93.7
107	92.6
107	89.6
107.2	86.7
107.2	86
107.3	84.1
107.3	83.8
107.4	82
107.5	80.9
107.6	80.5
107.7	83.4
107.8	84.1
108	83.1
108	81.6
108.1	80.5
108.1	79.4
108.3	77.6
108.5	77.2
108.8	77.2
108.8	77.6
108.9	79
109	78.3
109.2	77.2
109.5	76.1
109.6	75.7
109.6	77.9
109.7	80.9
109.7	81.6
109.7	83.1
109.8	85.2
109.9	85.6
110	85.2
110.1	84.9
110.1	85.2
110.2	87.1
110.2	88.9
110.2	89.6
110.2	90.7
110.5	90.4
110.7	89.6
110.9	88.5
111	87.4
111.2	86.7
111.3	88.5
111.3	88.9
111.4	90.7
111.4	91.1
111.5	93.7
111.5	95.8
111.6	96.6
111.7	95.1
111.8	94
112.1	92.6
112.1	92.2
112.1	92.2
112	90.4
112	88.9
112	87.4
112.2	86
112.2	84.9
112.2	83.4
112.2	82
112.3	80.1
112.3	79
112.5	77.9
112.7	78.7
112.8	79
113	79.4
113	78.7
113	77.2
113	76.5
113	76.1
113	78.7
113	79.4
113.2	77.9
113.4	76.5
113.4	77.6
113.5	79.4
113.7	81.6
113.7	82.3
114	83.1
114.1	84.5
114.2	86
114.4	87.8
114.5	90
114.7	92.2
114.8	92.9
114.9	92.9
114.9	92.6
114.9	90
115	88.2
115.1	86.7
115.1	86.3
115.2	85.2
115.4	83.8
115.5	85.2
115.5	88.5
115.6	90.7
115.6	91.5
115.7	93.7
115.7	98.8
115.8	101
115.9	102.8
116	105
116.2	106.1
116.2	106.8
116.3	109.4
116.3	111.2
116.3	111.2
116.3	112.3
116.4	113.8
116.4	114.1
116.7	116.7
116.8	117
116.8	117
116.8	115.6
116.7	114.1
116.7	111.2
116.7	108.6
116.7	108.3
116.7	105.7
116.7	104.3
116.7	101.3
116.7	99.9
116.9	98
117	92.6
116.8	87.4
116.8	84.9
116.9	83.1
117	80.5
117	80.1
117	79
117	77.6
117.1	76.1
117.2	75.4
117.3	76.1
117.4	77.9
117.5	77.6
117.6	77.6
117.7	78.3
117.8	79
117.8	79.4
117.8	79.8
117.9	78.3
117.9	77.9
117.9	76.8
118	75.7
118.2	75.4
118.4	76.1
118.4	77.2
118.7	78.3
118.7	77.6
118.7	76.5
118.8	76.8
118.9	78.7
118.9	79.8
119.1	80.5
119.2	80.5
119.3	80.5
119.3	79
119.4	77.9
119.5	76.5
119.5	76.1
119.5	75.7
119.7	77.6
119.8	79.8
120.1	80.1
120.2	79
120.4	77.6
120.4	77.2
120.4	77.2
120.5	76.5
120.5	76.1
120.9	76.1
121	76.5
121.1	76.5
121.2	75.4
121.2	75.4
121.2	77.2
121.4	77.6
121.5	76.5
121.5	75.4
121.5	76.8
121.6	78.7
121.9	77.6
121.9	76.1
122.1	77.2
122.2	80.1
122.3	83.4
122.4	84.5
122.4	86.3
122.7	87.1
122.7	87.1
122.7	84.1
122.8	82.3
122.8	80.5
122.8	80.1
122.9	78.3
122.9	76.1
122.9	74.6
123	73.5
123.1	75
123.1	75.4
123.4	78.7
123.4	79.8
123.5	80.9
123.5	84.1
123.5	86.3
123.6	88.9
123.7	90
123.8	90
124	90
124.1	90
124.1	91.5
124.1	92.9
124.1	94.4
124.1	96.2
124.1	96.6
124.1	98.8
124.1	100.6
124.3	101.7
124.4	102.8
124.4	103.2
124.7	102.8
124.8	103.5
124.8	103.5
124.8	104.6
124.8	103.9
124.9	99.9
125.2	95.8
125.2	93.7
125.2	91.1
125.2	90.4
125.2	86.3
125.2	85.6
125.2	84.5
125.2	83.4
125.3	82
125.4	80.9
125.7	82.3
125.8	83.8
125.9	83.4
125.9	85.2
125.9	86.7
125.9	86.7
126.3	87.1
126.3	87.1
126.3	88.9
126.3	91.1
126.6	92.2
126.8	92.2
127	94
127	94.4
127	93.7
127	93.7
127.1	93.7
127.3	95.8
127.4	98.4
127.6	100.2
127.8	99.5
128	99.5
128	101.7
128	103.5
128.1	103.5
128.3	102.4
128.4	101
128.5	99.9
128.6	98.4
128.7	94.4
128.8	91.5
128.8	90.7
128.9	88.9
129.2	86.7
129.2	83.8
129.3	83.8
129.5	84.9
129.5	86
129.5	87.4
129.6	88.5
129.7	89.6
129.7	90
129.8	91.5
129.8	91.8
129.9	93.7
129.9	96.2
130	98
130.1	98.4
130.1	98.8
130.2	98.8
130.2	98.4
130.3	95.8
130.3	93.7
130.3	92.2
130.4	91.1
130.5	90.7
130.6	90.4
130.6	91.1
130.8	93.3
130.9	92.9
130.9	91.5
131.2	91.5
131.3	91.8
131.4	91.8
131.4	90
131.4	90
131.6	90.4
131.7	92.2
131.9	92.6
132	90.7
132	90.4
132	89.3
132.2	89.3
132.3	91.5
132.3	94.4
132.4	95.1
132.7	94
132.8	96.6
132.9	99.5
133	100.6
133.2	97.3
133.2	94.4
133.3	91.5
133.3	91.1
133.4	90.4
133.5	89.6
133.7	89.3
133.8	86.7
133.9	84.5
134	83.4
134	81.6
134.1	79.8
134.2	76.8
134.3	76.5
134.5	75.4
134.5	78.3
134.7	83.4
134.7	86.7
134.7	87.4
135	90
135.1	91.5
135.2	92.2
135.3	91.8
135.5	88.5
135.5	88.2
135.6	88.5
135.6	89.6
135.6	90
135.6	91.8
135.9	94
136.1	94.4
136.4	92.2
136.4	93.7
136.4	95.1
136.6	94.4
136.7	95.8
136.7	96.9
136.7	98
136.7	98.4
136.8	99.1
137	99.5
137.1	100.2
137.2	99.1
137.3	96.6
137.3	93.7
137.3	91.1
137.4	90
137.6	90.4
137.7	90.7
137.9	89.3
137.9	87.4
138	86.3
138	85.2
138.2	82.7
138.4	82.3
138.5	86.3
138.7	90.4
138.8	92.6
139.1	94
139.3	91.5
139.5	89.6
139.7	89.6
139.8	93.7
139.9	97.3
140.1	98.8
140.2	99.9
140.5	96.9
140.5	96.2
140.5	94.4
140.5	92.6
140.8	94.4
141	98
141.1	98.8
141.2	103.9
141.3	105.7
141.5	109
141.6	113.4
141.6	116.7
141.6	117.4
141.6	117.8
141.7	113
141.8	106.1
141.8	101.3
142	96.2
142	95.8
142.1	92.2
142.1	88.9
142.2	87.4
142.2	85.6
142.3	84.9
142.5	88.9
142.5	89.6
142.6	91.8
142.8	93.7
143	93.3
143	92.6
143	90
143.2	92.6
143.3	95.5
143.5	98.4
143.5	98.8
143.7	99.5
144	96.2
144.1	92.9
144.1	91.1
144.3	88.9
144.4	87.1
144.5	86.3
144.7	88.2
144.7	88.5
144.8	90
145	90.4
145.2	91.8
145.2	94.8
145.4	96.2
145.6	95.8
145.7	92.9
145.6	91.1
145.6	90.4
145.5	89.6
145.8	88.2
145.9	87.1
146	86
146	86
146.1	84.9
146.2	82.7
146.2	80.5
146.2	80.1
146.2	79.8
146.4	79.8
146.5	81.6
146.6	84.5
146.6	84.9
146.8	88.2
146.9	90
147.3	89.3
147.3	90.4
147.3	90.7
147.6	93.3
147.8	93.7
148	92.9
148	95.1
148.1	95.8
148.2	96.9
148.3	100.2
148.4	101
148.5	101
148.6	100.6
148.7	99.1
148.8	97.3
148.8	95.5
148.8	94.4
149.1	94.8
149.1	95.8
149.1	96.2
149.2	95.5
149.3	94.4
149.4	92.2
149.4	91.1
149.6	91.1
149.8	91.1
149.8	92.2
149.8	94.8
149.9	95.5
150	95.5
150.1	94.4
150.2	92.9
150.2	92.6
150.2	91.5
150.2	90
150.3	88.9
150.3	88.5
150.4	87.4
150.5	86.3
150.6	86.3
150.7	88.5
150.8	91.1
150.9	92.9
150.9	92.9
150.9	94.8
150.9	96.6
151	98
151.1	98.4
151.2	98.4
151.3	97.3
151.4	95.1
151.5	95.1
151.5	96.9
151.6	96.6
151.7	95.8
151.9	96.9
151.9	98.8
152	99.1
152	100.2
152.1	100.2
152.3	99.9
152.3	99.1
152.3	98
152.3	94.8
152.4	94.8
152.5	95.1
152.6	98
152.6	98.8
152.7	100.2
152.7	100.6
152.9	100.2
153	99.5
153.1	97.7
153.1	96.6
153.1	94.4
153.1	92.9
153.2	91.5
153.2	91.5
153.4	90.7
153.5	90.4
153.6	89.3
153.7	89.3
153.9	92.2
154	93.3
154	94.4
154.1	97.7
154.1	99.9
154.3	100.6
154.5	98.8
154.5	98.4
154.5	98.8
154.5	99.9
154.6	99.9
154.8	98
154.8	96.2
154.8	95.8
154.9	96.2
155.1	97.7
155.2	96.6
155.3	94
155.3	93.7
155.4	91.8
155.5	90.4
155.6	89.3
155.6	88.9
155.6	87.8
155.8	87.1
155.9	86
155.9	85.2
156.1	88.2
156.1	88.5
156.2	91.1
156.3	91.5
156.4	93.3
156.4	95.1
156.4	97.7
156.5	98
156.6	98.8
156.6	99.5
156.9	100.2
157	100.2
157	97.3
157.1	94.8
157.2	92.2
157.2	90.7
157.2	90.4
157.2	88.9
157.3	87.4
157.4	88.5
157.5	88.5
157.6	87.8
157.7	87.1
157.7	88.2
157.7	90
157.7	90.4
157.8	94
157.8	94
157.7	95.5
157.8	95.8
158	95.5
158.1	95.5
158.3	95.8
158.4	95.8
158.5	96.9
158.5	97.7
158.6	98.8
158.8	98.4
158.8	97.3
158.9	96.6
158.9	95.8
159	95.1
159.1	95.5
159.2	95.8
159.3	95.5
159.5	93.3
159.5	91.1
159.7	90
159.8	89.3
159.8	88.5
159.8	87.4
160.1	86.7
160.2	89.6
160.2	93.3
160.3	95.5
160.5	96.2
160.6	95.5
160.7	94
160.9	92.6
161.2	90.4
161.3	90.4
161.4	92.9
161.6	93.3
161.6	94.4
161.9	95.1
162	93.7
162	92.6
162	91.5
162.2	89.6
162.3	87.8
162.3	87.4
162.4	88.5
162.4	91.8
162.4	92.6
162.4	93.7
162.4	96.2
162.6	97.7
162.6	98
162.7	99.1
162.8	99.5
163	96.6
163	95.1
163	95.1
163.2	95.8
163.4	97.3
163.6	99.1
163.7	98.8
163.7	96.6
163.7	94.4
163.7	92.9
163.7	92.2
163.7	91.5
163.8	91.1
164.1	93.3
164.1	95.1
164.1	95.1
164.1	96.2
164.2	96.9
164.4	96.9
164.4	96.6
164.5	95.5
164.5	94.8
164.6	94
164.8	93.7
164.9	93.7
164.9	95.5
165	95.8
165.1	95.8
165.1	94.8
165.1	94.8
165.1	94
165.4	94
165.6	94.4
165.7	94.8
165.7	97.3
165.8	99.1
165.9	98.8
165.9	98.4
166	99.5
166	100.2
166	102.1
166.2	103.9
166.2	106.4
166.5	107.9
166.6	105.7
166.6	103.9
166.6	103.5
166.6	102.8
166.7	102.4
166.9	101
167	99.5
167.1	98.4
167.1	98
167.1	96.9
167.2	96.6
167.2	96.6
167.4	94.8
167.6	94.4
167.7	95.8
167.7	96.2
167.8	96.6
168	97.3
168	97.7
168.1	96.9
168.2	96.6
168.2	95.8
168.2	95.5
168.2	95.5
168.2	98.4
168.3	101
168.4	102.4
168.6	104.3
168.7	105.4
168.7	106.1
168.7	106.1
168.9	105
168.9	104.6
169	104.3
169.1	105
169.4	105.7
169.5	105.7
169.5	104.3
169.6	103.9
169.7	102.4
169.8	98.8
169.8	96.2
169.9	94.4
170	91.8
170.2	89.6
170.2	88.9
170.2	87.1
170.2	86.7
170.3	85.6
170.3	84.9
170.3	84.5
170.5	86.3
170.7	87.8
170.7	88.5
170.8	90
170.9	90.7
171	90.7
171.2	93.7
171.2	95.1
171.2	95.8
171.2	97.3
171.3	98.8
171.6	101.3
171.6	102.1
171.8	105
171.8	107.2
171.9	109
171.9	109.4
171.9	109.7
172.1	108.6
172.3	106.1
172.3	103.5
172.3	101.3
172.3	99.5
172.4	97.7
172.5	95.1
172.6	95.1
172.7	95.5
172.7	97.7
172.9	100.6
172.9	101
173	103.2
173.2	105.4
173.2	106.4
173.2	106.4
173.4	105
173.4	102.8
173.5	101
173.6	99.9
173.7	100.2
173.9	102.1
173.9	103.2
174.3	103.5
174.3	103.5
174.4	106.1
174.4	106.8
174.4	107.9
174.3	109.7
174.3	111.6
174.3	111.6
174.4	110.5
174.5	108.3
174.6	107.5
174.7	106.1
174.7	105.7
174.8	104.3
174.8	102.4
174.9	100.6
174.9	100.2
175	98.8
175	98.8
175.1	99.5
175.2	102.4
175.3	103.9
175.3	104.3
175.4	105.7
175.5	107.9
175.5	107.9
175.7	106.4
175.8	106.1
175.8	105.7
175.9	105.7
176	105.7
176.1	107.9
176.3	106.1
176.3	105.4
176.3	103.9
176.3	102.8
176.5	101.3
176.6	102.1
176.6	102.1
176.6	102.1
176.9	101.3
176.9	99.5
177	99.1
177	101
177.3	102.4
177.4	102.1
177.4	99.1
177.5	97.3
177.5	96.2
177.5	94.8
177.7	94.4
178.1	98
178.1	98.4
178.1	101.3
178.2	106.8
178.3	111.2
178.3	111.6
178.4	114.9
178.6	117.8
178.7	115.6
178.7	114.1
178.7	111.9
178.7	108.3
178.7	106.1
178.8	106.1
178.9	105.4
179	105
179.1	103.2
179.1	101.3
179.2	99.5
179.3	102.4
179.5	105.4
179.5	108.3
179.6	107.9
179.7	105.4
179.8	107.2
179.9	110.8
180	111.9
180	113
180.2	112.7
180.2	110.8
180.4	112.3
180.5	112.7
180.6	109.4
180.6	108.3
180.7	108.3
180.8	111.2
180.9	112.7
181	113.4
181	113
181	109
181	106.4
181.1	105.7
181.3	106.1
181.3	106.1
181.5	106.1
181.7	103.9
181.9	101.7
181.9	99.5
182	97.3
182.1	95.1
182.1	94.8
182.2	94.8
182.3	97.7
182.3	98
182.5	99.1
182.5	102.8
182.5	103.2
182.7	105.7
182.7	107.5
182.8	106.4
183	105.7
183.1	109.4
183.3	110.8
183.4	111.6
183.5	111.6
183.6	109.4
183.6	105.4
183.7	102.8
183.7	101.7
183.7	100.2
184.1	96.6
184.1	97.3
184.1	100.6
184.1	100.6
184.2	101.3
184.2	99.5
184.2	101.3
184.4	101.7
184.5	100.2
184.6	100.2
184.7	100.2
184.7	102.8
184.8	105
185.1	103.9
185.1	103.5
185.2	103.2
185.4	105.4
185.5	106.1
185.5	106.4
185.7	106.8
185.7	106.8
185.9	104.6
185.9	102.8
186.1	106.4
186.2	109.4
186.3	112.3
186.4	115.2
186.4	115.2
186.6	120
186.6	120.3
186.6	121.8
186.6	122.2
186.6	122.9
186.7	124
186.8	122.5
186.8	118.9
186.8	114.9
186.9	111.6
187	107.9
187	105.7
187.1	104.6
187.3	103.9
187.3	103.9
187.7	106.1
187.9	106.1
188	105.7
188.1	105
188.1	103.5
188	101
188	99.1
188.2	100.2
188.4	104.3
188.5	105
188.7	104.3
188.8	102.4
188.9	100.6
188.9	100.6
188.9	99.5
188.9	99.5
189.2	102.1
189.5	105
189.5	105.7
189.6	104.6
189.8	103.5
189.8	103.5
190	101.3
190.1	99.1
190.1	96.6
190.2	95.8
190.4	97.3
190.4	98.4
190.4	99.1
190.5	101
190.5	103.5
190.5	105.7
190.6	106.4
190.7	107.5
190.9	108.6
190.9	109.4
190.9	110.5
191.1	110.5
191.2	109.7
191.2	107.5
191.2	105
191.2	104.3
191.2	104.6
191.3	106.1
191.4	106.4
191.6	104.3
191.6	103.9
191.6	103.2
191.8	102.8
192	102.8
192.1	101.3
192.2	100.2
192.2	100.2
192.2	100.2
192.3	99.1
192.4	97.3
192.5	96.9
192.7	101
192.7	101
192.7	103.5
192.9	106.1
193	106.1
193	106.4
193.1	106.4
193.3	105
193.4	105
193.6	105.4
193.7	106.8
193.7	107.2
193.7	109.7
193.7	111.6
193.9	113.8
193.9	114.1
194	114.9
194.1	115.2
194.1	115.2
194.2	111.9
194.2	111.6
194.3	109
194.3	107.5
194.5	106.4
194.7	105
194.8	103.9
194.9	106.4
194.9	107.2
195.1	109
195.2	110.8
195.2	111.9
195.2	111.6
195.2	109.4
195.3	107.5
195.5	106.1
195.5	105.7
195.5	105
195.7	103.9
195.9	103.5
196.1	105.4
196.2	106.8
196.3	106.4
196.3	105.4
196.5	103.5
196.6	103.2
196.9	105
196.9	104.6
197	103.2
197	102.1
197.3	102.1
197.3	105.4
197.3	105.7
197.3	107.5
197.6	110.1
197.7	111.2
197.8	112.3
197.8	112.7
198	112.7
198	112.3
198	113.8
198	113.8
198.1	114.9
198.3	115.2
198.4	113.8
198.6	113
198.7	114.1
198.7	111.9
198.7	109
198.7	108.6
198.7	107.5
198.9	105.7
199	104.3
199.1	103.9
199.2	103.9
199.3	105.4
199.4	104.6
199.4	103.9
199.4	102.8
199.4	101
199.6	101.3
199.8	102.4
199.8	102.4
199.9	102.4
200	103.9
200.1	106.4
200.2	106.8
200.2	106.8
200.2	107.5
200.3	107.5
200.4	106.4
200.5	105.4
200.5	104.3
200.5	103.9
200.5	103.9
200.8	103.9
200.8	104.6
200.9	107.2
200.9	108.6
200.9	109
200.9	110.8
201.1	113
201.2	114.5
201.3	115.6
201.3	116
201.3	116
201.4	115.6
201.5	114.5
201.6	113
201.6	111.9
201.8	110.1
201.9	108.6
202	106.8
202.1	105
202.1	104.3
202.3	104.3
202.4	104.3
202.4	102.8
202.4	102.8
202.5	103.5
202.6	104.3
202.7	105.4
202.7	106.1
202.8	108.3
202.8	109
203.1	109.4
203.1	109
203.2	107.9
203.2	107.5
203.3	108.6
203.3	108.6
203.4	110.8
203.5	113.8
203.6	114.9
203.8	116.7
203.8	116.7
204.1	114.5
204.1	111.9
204.1	109.4
204.2	106.4
204.3	103.9
204.4	103.5
204.4	102.8
204.5	100.6
204.6	100.2
204.8	101
204.8	101.3
204.9	103.9
205	106.1
205.2	106.1
205.2	105.7
205.2	105.7
205.4	107.2
205.6	108.3
205.7	107.9
205.9	106.8
205.9	106.8
205.9	107.5
205.9	109
206	109.7
206.3	111.2
206.3	111.2
206.4	110.8
206.6	112.7
206.6	114.1
206.6	116.3
206.6	118.1
206.6	118.5
206.9	116.7
207	118.1
207	118.1
207	118.9
207.1	118.9
207.1	114.9
207.2	113
207.2	111.2
207.3	109
207.3	106.8
207.4	106.1
207.4	106.8
207.4	106.8
207.5	108.3
207.7	109.7
207.8	113.4
207.9	114.5
208	116.7
208	119.2
208	120
208.2	117.8
208.2	116.7
208.2	114.9
208.4	112.3
208.5	110.8
208.7	112.3
208.8	116.3
208.9	119.6
209	123.6
209	124.4
209	125.8
209.1	127.3
209.2	127.7
209.3	125.1
209.6	118.5
209.6	114.9
209.7	111.2
209.8	108.6
209.8	105
209.9	103.5
210	101.3
210	101.3
210.2	108.6
210.3	111.6
210.4	116
210.5	120
210.5	120.3
210.7	123.3
210.7	122.9
210.7	119.6
210.9	117.4
210.9	116.3
211.2	114.1
211.2	112.3
211.2	109
211.2	107.2
211.2	105.7
211.3	105.4
211.3	103.9
211.4	103.5
211.5	105
211.6	108.6
211.6	110.5
211.8	108.3
211.9	106.1
212	105.7
212	109.4
212	109.7
212.2	109
212.3	108.6
212.4	111.2
212.4	111.6
212.5	111.9
212.7	111.2
212.7	111.2
212.8	113.8
212.9	115.2
212.9	115.6
213	119.6
213	121.4
213	123.6
213	123.6
213.3	122.5
213.5	120.3
213.6	116
213.7	114.9
213.7	110.8
213.7	107.2
213.7	106.8
213.8	112.3
213.8	112.3
213.9	114.5
214	117.8
214.1	119.6
214.1	120
214.4	116
214.4	116
214.5	112.7
214.5	109.4
214.5	106.4
214.5	105.7
214.5	102.8
214.5	101
214.7	103.2
214.8	103.5
214.8	105.7
214.9	106.1
215	107.9
215	108.3
215.2	106.8
215.2	104.6
215.3	102.4
215.3	101.7
215.3	100.2
215.4	98.8
215.7	101.3
215.7	101.7
215.8	103.9
215.9	105.4
216.1	105.7
216.2	105.4
216.2	103.9
216.2	101
216.2	98.8
216.2	97.3
216.2	96.9
216.4	95.1
216.5	95.1
216.6	96.9
216.6	97.3
216.6	101
216.9	105.4
216.9	107.5
216.9	107.9
216.9	108.6
217.2	106.4
217.3	104.6
217.3	102.4
217.4	101.7
217.7	100.2
217.7	99.5
217.8	98.8
218	97.7
218.2	96.6
218.4	97.7
218.7	99.5
218.8	100.6
218.9	102.1
218.9	104.6
218.9	105.7
219.3	104.6
219.4	104.6
219.5	105.7
219.6	106.4
219.7	106.1
219.7	105.7
219.9	107.2
220	107.5
220.2	107.2
220.3	105.4
220.5	104.3
220.5	103.9
220.6	102.8
220.8	103.9
220.9	107.9
220.9	110.5
220.9	113
221.1	114.1
221.2	113
221.2	113
221.3	114.9
221.5	116
221.6	114.5
221.6	112.3
221.9	113.8
221.9	114.1
222.2	112.7
222.2	112.3
222.2	110.1
222.2	106.8
222.1	104.6
222.1	104.3
222.1	101.3
222.5	97.3
222.5	96.9
222.8	98.8
223	99.1
223	99.1
223	101.7
223	105
223.1	107.5
223.2	107.9
223.4	109
223.5	110.5
223.6	110.8
223.7	110.8
223.7	110.1
223.7	111.2
223.7	113.8
224	117.4
224	117.8
224.1	116.7
224.1	113.8
224.1	111.2
224.1	108.3
224.1	106.1
224.2	105.7
224.2	105
224.5	106.4
224.7	107.2
224.9	106.8
225	106.4
225.1	104.6
225.1	103.9
225.2	106.8
225.2	107.5
225.2	109.7
225.2	111.9
225.4	113.8
225.5	113.8
225.5	113.4
225.7	111.6
225.8	110.5
226	110.1
226.1	109.7
226.3	111.2
226.4	112.7
226.5	113
226.5	113.8
226.6	113.4
226.6	114.1
226.6	114.5
226.8	116.7
226.8	117
226.8	117.8
226.9	117.4
226.9	115.2
226.9	114.5
226.9	114.1
227.2	114.9
227.3	114.5
227.3	111.9
227.3	111.6
227.4	110.1
227.4	109.7
227.5	108.6
227.7	110.5
227.7	112.3
228	112.7
228.1	113.8
228.2	117.4
228.3	118.5
228.3	118.9
228.4	121.1
228.5	122.5
228.7	121.4
228.8	120.3
228.9	117.4
228.9	117
228.9	116
228.9	116
229	113.8
229.1	113
229.1	113
229.3	114.1
229.3	116
229.5	117
229.6	117.8
229.7	118.9
229.7	119.2
229.8	120.3
229.8	119.6
230	118.9
230.2	120
230.3	121.1
230.5	121.8
230.5	121.8
230.6	121.4
230.6	121.1
230.7	119.6
230.8	117.8
230.9	118.1
230.9	118.9
231.1	119.6
231.2	119.2
231.3	117.4
231.3	116.3
231.4	115.2
231.5	113.8
231.5	113.4
231.8	114.1
231.9	117.4
232	120.3
232.1	122.5
232.2	122.9
232.3	122.9
232.3	121.1
232.3	119.2
232.4	117.4
232.5	116
232.6	115.2
232.6	115.2
232.8	114.1
233	112.7
233	112.3
233	112.7
233.3	118.5
233.4	121.8
233.4	125.5
233.5	127.3
233.6	126.9
233.7	124.7
233.7	124
233.9	123.6
234	122.5
234	120
234	117
234.1	114.9
234.1	113.8
234.1	112.7
234.3	111.2
234.4	110.8
234.5	115.2
234.5	115.6
234.8	119.2
234.8	119.6
234.8	121.4
234.8	121.8
235	121.8
235.2	121.4
235.2	119.2
235.2	116
235.2	113.8
235.4	112.3
235.4	111.6
235.4	111.2
235.5	109.4
235.5	109
235.6	107.2
235.8	106.1
235.8	107.2
235.9	109.7
236	112.3
236.1	116
236.1	117
236.1	118.5
236.1	119.2
236.1	121.1
236.1	124
236.2	125.1
236.2	125.5
236.3	124.7
236.4	122.2
236.4	119.6
236.5	117.4
236.6	116.7
236.7	118.1
236.8	119.2
237	118.9
237.1	121.4
237.1	123.6
237.1	125.1
237.2	125.8
237.3	126.6
237.4	124.4
237.7	124.4
237.8	126.2
237.8	126.2
237.9	126.2
238	124.4
238	125.8
238	126.2
238.1	127.3
238.2	127.7
238.3	127.7
238.4	124.7
238.4	121.1
238.4	120.3
238.7	121.4
238.9	122.5
238.9	121.8
239.1	119.6
239.1	118.1
239.3	116.3
239.5	114.5
239.5	114.1
239.5	113.4
239.7	113.4
239.8	113
239.9	111.9
239.9	113.4
240.1	116
240.2	116
240.3	116.3
240.5	114.1
240.5	112.7
240.6	112.3
240.9	112.3
241.1	111.6
241.1	110.1
241.2	108.6
241.2	106.8
241.2	106.1
241.3	104.3
241.5	105
241.6	106.8
241.8	105.4
241.8	104.6
241.9	103.5
242	102.1
242.2	104.3
242.3	105.7
242.4	107.5
242.5	111.2
242.5	112.3
242.7	110.1
242.7	110.1
242.8	111.2
242.9	111.6
243	113
243.1	115.2
243.3	117.8
243.4	122.5
243.4	122.5
243.4	126.6
243.5	131.7
243.6	135.7
243.6	139
243.6	139
243.6	141.2
243.8	143.4
243.9	143.7
244	142.3
244	141.2
244	137.2
244	133.5
243.9	127.7
243.7	121.4
243.7	119.6
243.5	114.9
243.6	111.2
243.8	108.3
243.8	107.9
244	105.4
244	104.6
244	102.1
244.1	96.6
244.2	93.3
244.2	92.9
244.2	91.8
244.3	90.4
244.4	86.3
244.5	86
244.5	86
244.7	83.1
244.9	80.9
244.9	76.5
245	75
245	73.2
245.2	70.6
245.3	65.5
245.3	64.8
245.3	62.2
245.5	60.8
245.5	60.8
245.7	65.5
245.9	67.7
246.2	75.7
246.2	85.6
246.2	88.2
246.3	91.5
246.4	92.6
246.5	95.1
246.6	99.1
246.6	102.4
246.6	102.8
246.6	104.6
246.6	105
246.7	105
246.9	102.8
247.1	103.2
247.1	103.5
247.1	104.3
247.2	105.4
247.3	105.4
247.5	105
247.8	105.7
247.7	107.5
247.8	108.6
248	109.7
248	110.5
248	110.8
248	111.6
248.3	111.6
248.4	112.7
248.5	115.2
248.7	117
248.7	118.9
248.8	120.3
249	122.2
249.2	126.6
249.2	128.4
249.2	129.8
249.4	130.9
249.4	129.5
249.4	127.7
249.5	126.6
249.5	126.6
249.8	126.2
249.8	125.5
249.9	124.4
250.1	122.5
250.1	121.4
250.2	121.1
250.2	121.8
250.4	124.4
250.4	125.1
250.5	124.4
250.8	123.3
250.9	122.9
250.8	123.3
251	129.1
251.2	129.8
251.3	127.3
251.3	126.6
251.4	124.7
251.5	122.2
251.6	121.8
251.8	122.9
252	125.5
252	126.9
252	128
252	129.5
252	129.5
252.2	127.7
252.3	129.1
252.3	128.4
252.3	127.3
252.3	125.8
252.3	125.1
252.4	124
252.5	123.3
252.7	126.2
253	130.2
253	130.2
253	130.6
253.1	126.9
253.1	125.1
253.4	128.7
253.6	131.7
253.7	130.9
253.7	128.4
253.8	128
254.1	130.2
254.1	132.8
254.3	133.1
254.4	133.5
254.6	130.9
254.8	128.4
254.8	128
254.8	125.8
255	124
255.2	126.2
255.3	126.2
255.5	124.4
255.6	121.8
255.6	120
255.6	120
255.6	120
255.7	122.9
255.8	123.6
255.9	122.9
256	122.9
256.2	125.1
256.3	126.9
256.4	126.6
256.6	124.4
256.7	124
256.8	123.6
257.1	126.2
257.2	128.7
257.3	132.4
257.5	132
257.5	130.6
257.5	128.4
257.5	124.7
257.7	122.5
257.8	119.6
257.9	117.4
258	116.3
258.1	120.3
258.4	120
258.4	118.5
258.5	118.9
258.6	121.4
258.6	124
258.7	124
258.8	123.6
258.8	121.1
258.8	119.2
259	123.3
259	124
259.1	125.8
259.1	126.2
259.3	123.6
259.3	121.1
259.4	119.2
259.5	117.4
259.6	115.6
259.6	115.2
259.8	116.7
260	119.6
260	123.6
260.2	126.6
260.2	126.6
260.2	126.9
260.3	127.7
260.5	127.7
260.5	126.9
260.5	124.7
260.5	122.5
260.6	124.4
260.6	125.1
260.8	127.3
260.9	128
261	125.5
261	122.9
261	121.1
261.2	119.2
261.3	119.2
261.6	117.4
261.7	114.9
262	111.9
262	111.6
262	109
262	107.2
262.2	104.3
262.3	103.9
262.3	105.7
262.3	108.6
262.5	110.5
262.7	113.4
262.7	113.8
262.7	116.7
262.6	121.1
262.5	125.1
262.6	129.1
262.6	130.9
262.8	135.3
262.8	136.8
262.8	136.8
262.8	137.5
262.9	137.9
263	135.7
263	132
263	128.4
263.1	126.9
263.4	124.7
263.4	122.5
263.4	123.6
263.5	125.5
263.7	125.1
263.7	126.9
263.7	129.5
263.7	129.8
263.9	132
263.9	133.5
264.1	134.6
264.1	134.6
264.1	135
264.1	132.4
264.1	132
264.2	130.9
264.5	130.2
264.7	132
264.7	132.4
264.8	133.5
265.1	134.2
265.1	132
265.2	130.9
265.2	129.1
265.5	126.9
265.5	126.2
265.5	126.2
265.5	126.6
265.6	127.7
265.8	132.4
265.9	134.6
266	135
266.2	136.1
266.3	137.5
266.5	137.2
266.6	136.1
266.6	134.2
266.6	131.3
266.6	127.7
266.7	126.9
266.7	125.1
266.8	122.9
267	120.7
267.5	119.2
267.9	117
267.9	114.5
267.9	113
267.9	111.9
267.9	108.6
268	105.7
268.2	102.8
268.4	99.9
268.4	98.4
268.4	95.5
268.4	93.7
268.5	93.3
268.5	91.8
268.7	93.7
268.9	98.4
269.1	103.2
269.4	107.2
269.5	109.4
269.7	113
269.7	114.5
269.8	116.7
269.8	119.6
269.8	122.5
269.8	123.3
269.8	124.4
269.9	126.2
269.9	127.7
270.2	128.7
270.3	126.9
270.4	128.4
270.4	130.6
270.5	133.1
270.8	135.3
270.8	135.3
271	132.8
271.1	129.8
271.3	125.8
271.4	122.9
271.4	120
271.4	119.6
271.4	117.8
271.5	121.8
271.6	126.6
271.6	129.1
271.8	129.8
271.9	126.9
271.9	124.7
271.9	124
272.3	125.8
272.5	124.7
272.6	122.5
272.6	122.2
272.6	120
272.6	118.1
272.7	116
272.7	115.6
272.7	116.3
272.8	117.8
272.9	117.4
272.9	117
273	115.6
273	115.2
273	115.2
273.2	117.4
273.2	121.4
273.4	124.7
273.4	126.9
273.4	129.1
273.6	130.6
273.6	130.6
273.7	130.6
273.8	129.8
273.9	127.3
274.1	125.1
274.1	124.4
274.4	125.8
274.4	126.2
274.4	126.6
274.5	126.6
274.6	126.9
274.8	129.5
274.8	130.2
274.8	130.2
274.8	133.1
274.8	136.8
274.9	139
274.9	139.7
275	141.5
275	141.5
275	144.1
275	145.9
275.1	146.7
275.2	146.7
275.4	144.8
275.4	141.2
275.5	139
275.6	135.7
275.8	133.9
275.8	133.5
275.9	132.4
275.9	131.3
275.9	132
276	130.9
276.2	130.6
276.5	133.1
276.5	133.5
276.7	134.6
276.8	132
276.8	129.1
276.9	128
276.9	126.2
277	125.1
277	123.6
277	120.7
277	118.5
277.1	116.3
277.3	116.7
277.3	117.4
277.4	118.5
277.5	120
277.6	123.3
277.7	126.6
277.8	129.8
277.8	132
277.8	133.9
278	131.7
278.1	133.1
278.1	135.3
278.4	136.4
278.4	134.2
278.4	132.4
278.4	130.6
278.4	129.1
278.6	130.6
278.7	130.9
278.8	130.2
278.8	130.2
278.8	130.2
279	135
279	136.4
279	136.8
279.1	136.1
279.1	135.7
279.1	134.2
279.2	132.8
279.2	132
279.3	131.3
279.5	129.8
279.5	129.1
279.6	128
279.7	128.4
279.8	130.6
279.9	130.9
280	130.9
280	128.7
280	128.4
280	127.3
280	126.2
280.3	126.2
280.4	126.6
280.6	127.7
280.6	130.2
280.6	132
280.8	130.2
280.9	129.1
280.9	129.8
280.9	130.2
281.1	132
281.3	134.2
281.4	137.5
281.6	137.2
281.6	133.1
281.6	130.6
281.7	129.5
281.9	127.7
281.9	126.2
282	124.4
282.1	122.5
282.2	121.8
282.3	120.3
282.3	118.1
282.4	117.8
282.4	117.4
282.6	119.6
282.7	122.9
282.7	124.4
282.7	124.4
282.8	124.4
282.9	125.1
283	126.9
283	128
283	126.6
283.1	127.7
283.1	127.7
283.1	128.4
283.1	125.5
283.2	122.9
283.4	121.1
283.4	120.3
283.6	120
283.6	124.4
283.6	124.4
283.7	127.7
283.7	128.4
283.7	128.4
283.7	130.6
283.9	129.1
284	125.5
284.1	121.8
284.3	118.9
284.3	116.7
284.4	115.6
284.5	114.9
284.5	114.1
284.6	116
284.7	119.2
284.8	120
284.8	121.4
285.1	122.5
285.2	120.3
285.2	118.1
285.3	117.4
285.4	117.4
285.5	118.5
285.5	120
285.5	121.1
285.6	121.4
285.8	119.6
285.9	119.2
286.1	120.3
286.1	120.7
286.1	124.7
286.3	127.7
286.3	129.5
286.3	129.1
286.5	126.6
286.6	124.4
286.8	123.3
286.8	126.6
286.8	126.9
286.8	129.5
287	132
287	131.3
287.1	129.5
287.2	129.8
287.3	130.2
287.3	129.1
287.5	127.7
287.5	127.3
287.7	128.7
287.7	131.3
287.7	131.3
287.8	132.4
287.9	132.8
288	133.1
288	134.2
288.1	133.1
288.2	132
288.2	130.6
288.4	130.2
288.6	132.4
288.7	134.6
288.7	138.3
288.7	140.8
288.7	141.2
288.7	142.3
289	141.5
289.1	137.5
289.2	136.8
289.3	135.3
289.3	132.8
289.4	131.3
289.5	129.5
289.5	129.8
289.6	132.4
289.6	132.8
289.6	133.1
289.8	131.7
289.9	131.3
289.9	131.3
290	131.7
290.1	132.4
290.2	132.4
290.2	131.3
290.2	130.2
290.2	128.4
290.3	125.8
290.3	124
290.3	121.8
290.3	119.6
290.5	118.1
290.8	120.7
290.9	122.2
290.9	122.2
290.9	124.4
290.9	124.7
291.1	122.5
291.2	122.5
291.3	123.6
291.3	126.6
291.4	130.2
291.6	130.6
291.6	130.6
291.7	131.3
292	131.7
292	129.5
292.1	128
292.2	126.6
292.3	124.7
292.3	121.8
292.3	121.1
292.2	120.3
292.2	120.3
292.3	122.2
292.3	122.9
292.4	125.1
292.5	125.5
292.6	125.8
292.7	124.4
292.9	125.1
293	126.6
293	127.3
293.1	129.8
293.1	131.3
293.2	129.5
293.4	129.8
293.4	130.9
293.5	129.1
293.7	128
293.8	128
294	131.7
294.1	133.1
294.1	133.9
294.1	133.9
294.2	133.9
294.4	130.6
294.4	128.4
294.5	125.8
294.5	124.7
294.5	122.9
294.6	120
294.6	119.6
294.6	116.3
294.8	116
295.1	119.2
295.1	119.6
295.2	124.4
295.2	127.7
295.4	128.7
295.5	126.9
295.5	126.9
295.5	130.9
295.5	131.3
295.7	133.1
295.9	135.7
295.9	137.2
296	136.4
296.2	133.1
296.2	131.3
296.2	129.5
296.3	128.4
296.5	128
296.6	128
296.7	129.5
296.8	132
296.9	134.2
297.1	136.1
297.2	137.2
297.3	137.2
297.3	134.2
297.4	130.9
297.4	128.4
297.5	126.2
297.5	123.3
297.5	122.9
297.5	121.1
297.6	118.9
297.6	116.7
297.7	115.2
297.7	114.5
297.7	113.8
297.9	114.9
298	116.3
298	119.2
298	120
298.1	122.5
298.4	124.4
298.4	126.2
298.4	126.9
298.5	125.1
298.6	123.6
298.8	123.3
298.9	126.6
299	129.1
299.1	129.1
299.2	128
299.3	126.9
299.6	126.6
299.8	129.1
299.8	131.3
299.8	131.7
299.8	132.8
299.8	135.3
299.8	136.8
299.8	136.8
299.8	137.9
299.8	139
299.9	140.8
299.9	141.2
300.1	139.7
300.2	138.6
300.2	136.8
300.2	135.7
300.2	135
300.3	133.5
300.4	132.8
300.5	133.1
300.5	133.9
300.5	134.2
300.5	135
300.6	135.3
300.8	134.6
300.8	133.5
300.9	132.8
300.9	134.6
300.9	135.3
300.9	136.4
300.6	135.3
300.7	137.9
300.7	139.3
300.9	138.6
300.9	136.1
300.9	135
300.9	133.1
300.9	130.9
300.9	128
300.9	125.1
301	122.2
301.1	121.1
301.3	120.7
301.4	122.5
301.6	124.7
301.7	124.7
301.9	126.6
302	130.6
302.1	131.3
302.1	132
302.1	135
302.3	137.2
302.3	139.7
302.5	141.9
302.6	142.6
302.7	142.6
302.7	142.6
302.7	140.4
302.8	139.3
302.9	136.4
303	132.8
303.1	129.8
303.1	128
303.3	127.7
303.4	127.7
303.4	128.7
303.4	127.7
303.5	125.5
303.5	125.5
303.8	124
303.9	124.7
304.1	126.6
304.1	126.9
304.2	128
304.4	126.2
304.5	123.6
304.7	120.3
304.8	117
304.8	116.7
305	115.2
305.1	113.8
305.2	118.5
305.2	121.4
305.2	122.9
305.2	124.4
305.2	126.2
305.5	125.8
305.6	126.9
305.6	129.5
305.6	132.4
305.7	133.1
305.9	133.9
305.9	133.5
306.1	128
306.1	128
306.3	122.5
306.3	120
306.3	116.7
306.3	113
306.3	110.1
306.3	107.9
306.4	106.8
306.6	104.3
306.6	102.1
306.7	105.4
306.7	109
306.9	112.3
306.9	112.7
307	116
307	120.7
307.1	122.9
307.2	125.8
307.2	126.6
307.3	129.5
307.6	135.7
307.6	136.8
307.6	137.2
307.7	137.2
307.9	136.4
307.9	133.9
307.9	133.1
307.9	130.9
307.9	130.2
307.9	129.8
308.1	131.7
308.2	131.7
308.4	129.5
308.4	128
308.5	129.5
308.5	130.2
308.7	130.2
308.8	129.1
308.9	126.9
308.9	126.6
309	124.7
309.1	122.9
309.2	121.8
309.4	122.2
309.4	121.1
309.5	120
309.5	119.6
309.7	118.9
309.8	116.7
310	116.3
310	117.4
310	117.4
309.8	120.3
309.8	122.9
310.2	122.5
310.2	122.5
310.3	124
310.4	126.6
310.5	130.6
310.5	135
310.5	137.5
310.7	138.6
310.9	135.7
310.9	130.2
310.9	129.1
311	125.5
311.2	122.5
311.2	120
311.3	117
311.3	115.2
311.4	118.9
311.4	119.2
311.4	123.6
311.6	123.3
311.8	121.4
311.9	122.2
312.1	124.7
312.1	125.5
312.3	127.3
312.5	128
312.5	124.7
312.7	122.9
312.8	123.6
312.8	126.6
312.8	126.9
312.9	128.4
313.1	127.3
313.2	123.6
313.2	121.1
313.3	117.8
313.3	117
313.4	113.8
313.4	111.2
313.4	109
313.2	108.6
313.4	108.3
313.7	106.1
313.8	103.9
313.8	103.5
313.9	101.7
314.1	102.1
314.1	105.4
314.1	105.7
314.3	109.7
314.5	109.4
314.8	107.5
314.8	106.8
314.8	108.6
314.9	107.5
315	107.2
315.2	105.7
315.2	103.2
315.3	101.3
315.6	103.5
315.8	104.3
315.9	102.1
315.9	97.7
316	96.6
316.2	94
316.2	91.8
316.2	89.6
316.2	87.8
316.2	86.7
316.2	86.3
316.6	86.7
316.6	89.6
316.7	90
316.8	90.4
316.9	90.7
317	94
317	96.2
317	103.9
317	107.5
317	111.2
317	114.1
317	114.5
317.2	116.3
317.2	116.7
317.3	120.7
317.4	123.6
317.3	126.6
317.3	127.7
317.3	129.1
317.3	130.6
317.5	129.8
317.7	127.7
317.7	122.9
317.8	120.3
317.9	117.8
318.1	114.5
318.3	111.2
318.4	109.4
318.5	108.3
318.7	109.4
318.7	111.9
318.7	112.3
318.8	108.6
318.8	107.9
318.8	104.6
318.8	102.8
319	101.7
319.1	100.2
319.1	99.9
319.1	99.9
319.2	100.6
319.4	101
319.5	100.6
319.5	99.1
319.5	97.7
319.5	95.8
319.5	94.4
319.6	93.7
319.7	94
319.8	95.5
319.8	94.8
319.9	93.3
319.9	92.2
319.9	91.1
319.9	90.7
320	89.6
320.2	88.2
320.3	87.8
320.3	90.4
320.3	94
320.4	94.4
320.5	97.7
320.6	98.8
320.8	95.8
320.9	94
320.9	92.2
321	91.8
321.1	92.9
321.2	94.4
321.3	95.5
321.6	97.7
321.6	98
321.7	98
321.9	95.5
321.9	93.3
321.9	92.9
322	90.7
322	88.5
322	87.8
322	87.4
322.1	84.9
322.3	83.8
322.4	83.8
322.6	86.3
322.6	88.5
323	92.2
323	92.2
323.1	95.5
323.1	98
323	98.4
323	98.4
323.2	96.2
323.4	94
323.5	92.2
323.6	94.8
323.7	95.8
323.7	96.9
323.9	97.7
323.9	97.7
324.1	97.7
324.2	95.5
324.3	94.8
324.4	93.3
324.5	91.8
324.6	92.6
324.7	93.7
324.8	92.9
324.8	92.9
324.8	94.8
324.8	96.6
324.9	97.7
325.1	99.5
325.2	100.6
325.2	101
325.3	101
325.4	100.6
325.4	98.8
325.4	96.9
325.5	95.5
325.5	95.1
325.6	94.4
325.6	92.9
325.8	92.2
325.8	91.1
325.9	89.6
325.6	89.3
325.7	88.9
325.8	87.1
325.8	85.2
325.9	84.9
325.9	87.4
326	88.9
326	91.5
326.2	95.1
326.2	96.2
326.3	98
326.3	101.3
326.3	104.3
326.3	106.8
326.2	109.4
326.2	112.3
326.2	112.7
326.3	113.4
326.5	114.5
326.5	114.9
326.6	114.9
326.7	113.4
326.9	111.2
327	110.5
327	107.5
327	104.3
327	103.9
327.1	100.6
327.3	96.9
327.3	94
327.3	92.6
327.3	92.6
327.3	93.7
327.4	94
327.5	94.4
327.7	94
327.7	91.8
327.8	87.1
327.8	83.8
327.9	82
328.1	79
328.1	80.9
328.3	84.9
328.3	88.5
328.3	89.3
328.4	90
328.7	87.4
328.7	87.1
328.8	86
328.9	87.1
329.1	89.3
329.3	94.8
329.3	95.5
329.3	97.3
329.6	101
329.8	102.8
329.8	103.5
329.8	105.4
329.8	106.1
329.8	106.1
330	103.5
330	99.9
330	98
330.2	98
330.3	96.9
330.5	95.5
330.6	98.8
330.6	102.1
330.7	106.1
330.7	106.4
330.9	109.4
330.9	110.1
331.3	107.5
331.4	99.9
331.4	93.7
331.4	92.2
331.4	88.5
331.4	86.3
331.4	84.1
331.5	80.1
331.6	76.1
331.6	71.7
331.7	69.9
331.9	73.5
332.1	77.9
332.1	80.9
332.2	81.6
332.6	83.4
332.8	86.7
332.8	88.2
333	92.2
333.1	94
333.1	95.8
333.1	96.2
333.2	97.3
333.3	99.5
333.6	102.8
333.6	107.9
333.6	109.4
333.6	110.1
333.7	110.8
333.7	111.2
333.7	111.9
333.8	113
333.9	111.2
334	110.5
334.1	110.8
334.1	110.8
334.1	111.2
334.1	111.6
334.3	111.6
334.5	110.1
334.5	109.7
334.5	107.5
334.6	105.4
334.8	105.4
334.9	108.3
335	108.3
335.2	106.1
335.2	106.4
335.2	107.2
335.2	109.7
335.2	110.8
335.2	111.2
335.5	113.8
335.6	114.9
335.9	114.1
336	110.8
336.1	108.3
336.2	107.5
336.3	106.1
336.4	104.6
336.4	102.1
336.5	100.2
336.6	99.9
336.8	101
337	104.3
337	104.3
337	104.3
337.2	102.4
337.4	103.9
337.4	105.4
337.4	108.6
337.6	113
337.7	117
337.7	120
337.6	121.8
337.5	124
337.7	124.7
337.7	125.5
337.7	125.5
338	126.2
338.1	126.9
338.2	129.1
338.2	130.6
338.2	131.3
338.3	131.3
338.4	132
338.5	132
338.7	129.5
338.7	127.3
338.7	126.2
338.7	125.8
338.8	127.3
339	128.7
339.1	128.4
339.1	125.8
339.5	123.3
339.3	122.2
339.3	124.7
339.4	125.8
339.5	127.3
339.5	127.3
339.6	125.8
339.7	125.8
339.8	126.9
339.8	127.3
340	126.2
340.2	123.6
340.2	122.9
340.2	121.1
340.4	120
340.5	121.1
340.5	122.9
340.4	124.7
340.5	125.8
340.7	127.3
340.8	128
340.9	129.1
340.9	129.5
341.1	127.3
341.3	124.4
341.3	123.6
341.5	121.8
341.6	121.1
341.6	120.7
341.7	120.3
341.9	123.3
342	125.5
342.1	127.3
342.2	127.7
342.2	126.9
342.2	124
342.6	120.3
342.6	118.9
342.6	118.5
342.6	116.3
342.6	115.2
342.7	115.6
342.7	119.6
342.8	122.5
343	123.6
343	123.3
343.2	123.6
343.3	124.7
343.3	126.6
343.3	127.3
343.3	127.3
343.6	125.1
343.6	124.7
343.7	121.4
343.7	118.9
343.8	116
343.9	114.9
344	113.4
344.1	111.2
344.1	109.4
344.2	108.6
344.3	107.2
344.4	106.1
344.5	108.3
344.6	109.7
344.8	111.2
345	109.7
345.1	109.7
345.1	109.7
345.1	113
345.2	113.8
345.3	114.9
345.3	115.6
345.5	115.2
345.5	114.1
345.7	113.8
345.9	114.9
345.9	117.8
345.9	118.1
345.9	120.3
345.9	122.2
346.2	120.7
346.3	118.1
346.4	116.7
346.5	120.7
346.6	124.7
346.6	128
346.8	129.5
346.8	130.6
346.9	131.7
346.9	132.8
346.9	131.7
347.1	128
347.3	125.1
347.3	122.2
347.3	120.7
347.3	122.5
347.3	123.6
347.5	125.8
347.6	126.9
347.7	126.2
347.9	123.6
348.5	119.6
347.7	125.1
347.9	121.4
348	118.5
348.1	117.4
348.2	118.1
348.4	120
348.4	120.3
348.5	122.2
348.5	125.1
348.6	125.8
348.9	125.1
349.1	126.2
349.1	126.6
349.1	130.6
349.1	130.9
349.1	133.1
349.1	135.3
349.1	137.5
349.1	138.6
349.1	139
349.3	138.6
349.4	137.5
349.4	136.8
349.7	135
349.8	134.2
350.1	132.8
350.3	132.4
350.5	134.6
350.6	135.3
350.9	134.2
350.9	133.9
350.8	132
350.8	130.6
350.8	129.1
350.8	127.7
350.8	127.7
350.9	126.9
351.1	125.5
351.1	125.5
351.3	122.2
351.3	124
351.4	124.4
351.6	126.2
351.6	126.9
351.8	128.4
351.9	128.7
352	129.5
352	129.5
352	129.1
352.1	125.8
352.1	124.7
352.3	126.6
352.3	126.6
352.5	127.3
352.5	127.3
352.7	126.2
352.7	123.6
352.7	122.9
352.7	120.3
352.8	119.6
352.9	117.8
353.1	116
353.2	119.6
353.3	123.3
353.4	127.3
353.5	130.2
353.6	133.9
353.6	134.2
353.7	134.6
353.9	137.2
353.8	136.1
353.8	134.6
353.8	133.5
353.8	131.3
353.8	130.2
353.9	127.7
354	125.8
354.1	128
354.1	128.4
354.2	129.5
354.3	128.4
354.3	127.3
354.5	126.9
354.5	127.3
354.5	124.7
354.5	122.5
354.5	119.2
354.8	115.6
354.8	113.8
354.9	112.7
355.1	111.9
355.2	111.9
355.2	114.5
355.3	118.1
355.3	118.5
355.4	118.9
355.6	120
355.8	124
355.9	126.9
355.9	130.6
355.9	131.7
356	133.1
356.3	137.2
356.3	137.5
356.3	137.9
356.4	137.5
356.4	137.2
356.5	133.5
356.6	131.3
356.8	133.9
356.8	133.9
356.9	129.5
357.1	126.6
357.1	125.5
357.1	124.4
357.3	122.9
357.4	119.6
357.6	118.9
357.6	118.9
357.7	121.8
357.7	125.5
358	128
358	130.2
358	130.6
358.1	132.8
358.1	134.2
358.2	135
358.2	135.3
358.3	135.7
358.4	133.5
358.5	130.9
358.5	128.7
358.5	128.7
358.6	127.7
358.8	126.2
358.8	125.8
358.8	124
358.9	122.2
359.1	120.7
359.1	120
359.1	120
359.3	121.1
359.3	122.2
359.3	124
359.3	127.3
359.3	128.4
359.5	128.4
359.5	126.6
359.6	125.5
359.7	128.7
359.7	130.6
359.8	132.4
359.9	133.9
360	133.9
360.1	133.5
360.2	132.4
360.2	129.8
360.2	127.7
360.2	125.8
360.3	125.1
360.4	127.3
360.4	128.4
360.5	128.4
360.5	127.3
360.5	126.9
360.5	124.7
360.6	124.4
360.7	124.7
360.8	125.5
360.9	127.7
360.9	129.5
360.9	129.8
360.9	131.7
361	132.4
361.1	133.9
361.3	135
361.3	135.7
361.5	135
361.6	132
361.6	130.2
361.8	129.8
362	128.7
362	126.6
362	125.5
362	124
362	123.3
362	121.4
362	119.6
362	119.2
362.2	117
362.4	115.6
362.7	117.8
363	122.2
363.2	125.8
363.3	126.6
363.5	128.7
363.5	130.2
363.5	130.6
363.6	131.7
363.7	132.8
363.8	133.1
364	129.1
364.1	126.6
364.1	124.7
364.1	123.6
364.1	121.1
364.1	120
364.1	119.2
364.1	118.9
364.3	122.2
364.5	124.7
364.5	125.1
364.8	122.5
364.8	121.8
364.8	120.3
364.8	118.1
364.8	116
364.9	113.8
365.2	111.9
365.3	113
365.4	117
365.5	120.7
365.5	124
365.5	124.4
365.5	126.6
365.5	128
365.7	130.9
365.7	131.7
365.7	133.1
365.7	135.3
365.7	136.1
365.9	136.1
366.2	132.4
366.2	130.2
366.2	128.4
366.3	126.9
366.6	126.2
366.7	126.6
366.9	124.7
367	123.3
367.1	122.5
367.1	122.5
367.3	122.9
367.4	125.1
367.4	126.6
367.6	125.8
367.7	126.9
367.7	127.7
367.7	128
367.9	128.4
368	128.4
368	127.7
368	126.9
368	124.7
368.1	126.2
368.2	128.4
368.5	128.4
368.6	126.9
368.6	125.5
368.8	125.8
368.8	126.2
368.9	128.4
368.9	130.6
369	133.1
369.3	135.7
369.4	137.2
369.4	137.2
369.5	136.1
369.6	132.4
369.7	131.7
369.7	129.5
369.8	126.9
370.1	122.2
370.2	121.8
370.3	124.4
370.4	126.9
370.7	129.1
370.8	130.9
370.8	131.3
370.8	135.3
370.9	139.7
371.1	143
371.1	143.7
371.1	145.6
371.2	146.3
371.2	144.5
371.3	140.4
371.5	136.8
371.6	136.4
371.6	135
371.7	134.2
371.8	132.8
372	132.8
372.2	134.2
372.2	136.8
372.2	137.2
372.2	136.4
372.4	134.2
372.5	133.9
372.7	132
373	131.3
373	134.2
373	137.2
373.2	138.6
373.2	140.1
373.3	143
373.3	143.4
373.3	145.6
373.3	145.9
373.4	148.1
373.4	149.2
373.5	150.3
373.8	148.9
373.9	148.1
373.9	149.2
373.9	149.6
374	151.4
374	152.5
374.1	154
374.1	154.3
374.3	152.9
374.3	152.1
374.4	150.7
374.5	148.5
374.7	149.2
374.7	147.4
374.6	143.4
374.6	139.7
374.7	137.5
374.7	136.4
374.8	135.7
375.1	134.2
375.2	133.9
375.2	131.7
375.2	129.5
375.3	124.4
375.3	122.9
375.3	121.8
375.3	118.9
375.3	117.8
375.3	115.6
375.4	114.1
375.4	112.7
375.5	109.4
375.5	107.2
375.6	105.7
375.6	105
375.7	104.3
375.9	105
375.9	108.3
375.9	108.6
375.9	110.5
375.9	116
375.9	116.7
375.8	118.9
375.9	120.7
375.9	121.8
376.1	122.2
376.3	124.4
376.3	125.8
376.4	128.4
376.4	128.7
376.4	130.2
376.5	130.9
376.5	131.3
376.5	131.7
376.5	131.7
376.6	133.1
376.6	134.6
376.6	134.6
376.6	135.7
376.8	137.5
377	138.6
377	139.3
377.2	140.1
377.3	140.1
377.3	137.2
377.5	133.5
377.7	129.8
377.7	127.3
377.7	124.4
377.7	122.5
377.7	120.7
377.7	120
377.8	117.4
377.8	117.4
378.2	119.2
378.2	120.3
378.3	120.7
378.4	118.1
378.4	116.7
378.5	118.9
378.5	120.3
378.5	122.5
378.7	124
378.7	124
378.9	121.4
379.1	118.9
379.1	115.6
379.2	110.8
379.2	109
379.2	106.1
379.3	104.3
379.4	105.7
379.5	109.7
379.5	109.7
379.6	114.1
379.7	118.1
379.7	122.2
379.8	126.2
379.8	128
380.1	134.2
380.1	135
380.2	135.7
380.5	132
380.6	127.7
380.6	125.1
380.6	121.1
380.8	112.3
380.9	109.7
380.9	107.2
380.9	102.1
380.9	101.7
380.9	97.3
380.9	96.6
380.9	92.6
380.9	88.2
380.9	84.5
380.9	81.2
380.9	79
380.9	76.1
380.9	75
381	77.2
381.1	77.9
381.3	76.1
381.3	74.3
381.3	71.7
381.5	68.1
381.5	64.4
381.5	62.9
381.5	61.1
381.5	57.1
381.5	56
381.5	51.2
381.5	45.4
381.3	39.2
381.3	39.2
381.6	34.4
381.6	31.5
381.7	28.6
381.7	26.4
381.8	24.6
381.8	23.1
382	23.1
382	22.4
382.1	22.7
382.2	24.2
382.3	25.3
382.3	27.5
382.6	27.5
382.7	24.6
382.8	22.4
383	19.8
383	17.6
383.1	15.4
383.3	15.4
383.3	15.8
383.4	20.5
383.5	25.7
383.5	26.4
383.6	27.9
383.8	27.9
383.8	27.5
384.1	25.3
384.3	23.8
384.3	23.5
384.4	23.1
384.5	26.8
384.6	29.7
384.7	30.8
385.3	30
385.7	30.8
385.7	33.3
385.8	35.9
385.8	39.9
385.9	41
386.1	44.3
386.3	45
386.5	43.6
386.6	42.5
386.6	45.8
386.6	49.1
386.9	51.2
387.3	53.8
387.4	53.4
387.5	47.2
387.5	39.6
387.5	34.8
387.6	31.5
387.7	27.5
387.8	26
388	23.5
388	21.6
388.1	19.8
388.3	18.7
388.4	18
388.7	19.8
388.7	22
388.8	24.6
389	25.3
389.1	23.5
389.1	21.6
389.2	19.8
389.2	17.3
389.2	16.2
389.3	16.2
389.5	17.6
389.5	18
389.6	20.2
389.6	22.7
389.6	23.5
389.6	25.7
389.6	28.6
389.7	28.9
389.8	30.8
389.9	31.5
390.1	32.2
390.1	31.5
390.2	30
390.3	29.7
390.5	29.7
390.6	28.9
390.8	28.6
391	28.6
391.2	27.5
391.3	27.5
391.4	27.5
391.6	28.2
391.6	28.6
391.6	28.6
392	26.8
392	25.7
392.2	24.6
392.3	23.5
392.3	23.1
392.4	25.3
392.7	27.1
392.8	26.4
393	25.7
393.2	27.1
393.3	28.2
393.4	29.7
393.7	32.6
393.7	33.7
393.8	35.2
393.9	37
394.1	37.7
394.3	35.5
394.3	35.2
394.5	33.7
394.8	31.9
394.9	30.4
394.9	28.2
394.9	28.2
394.9	30.8
395.2	31.1
395.2	29.7
395.5	27.5
395.6	26.4
395.8	26
396	27.1
396.2	30.8
396.4	32.2
396.5	33
396.6	31.5
396.8	28.6
396.9	28.2
396.9	27.9
397.3	27.9
397.3	28.2
397.3	30.8
398	35.2
398	36.3
398	37.7
398	38.5
398.2	38.5
398.6	35.9
398.7	34.8
398.7	32.2
398.8	32.2
398.8	32.2
398.8	31.9
399.1	33.7
399.4	37.4
399.4	37.7
399.6	39.6
399.7	39.6
399.8	38.8
399.8	36.3
399.8	35.9
399.8	34.8
399.8	34.4
399.8	33.3
399.9	31.5
400	31.1
400	29.3
400	29.3
400	27.5
400	27.1
400.1	25.7
400.3	23.8
400.3	22.7
400.3	22
400.3	19.8
400.5	17.6
400.5	16.2
400.5	14.3
400.5	11.4
400.6	9.9
400.7	8.5
400.7	8.5
400.8	7.4
400.9	6.7
401.1	6.7
401.3	8.8
401.3	11.4
401.3	11.4
401.3	14
401.3	15.4
401.3	15.8
401.5	18
401.6	19.4
401.8	21.3
401.8	21.6
402	23.8
402.1	27.1
402.1	27.5
402.1	29.3
402.2	31.9
402.2	32.2
402.3	32.6
402.6	31.5
402.7	29.7
402.7	28.6
402.7	27.5
402.8	25.7
402.8	27.1
402.8	30
402.9	31.9
402.9	32.2
403.1	33.7
403.2	34.8
403.5	33.7
403.6	33.3
403.7	33.3
403.8	34.1
404	34.1
404.1	32.6
404.1	30.8
404.1	28.6
404.1	28.2
404.3	29.3
404.4	30
404.5	30.4
404.7	28.9
404.8	27.5
404.8	26.4
404.8	26.4
404.8	28.6
404.9	28.6
405.1	28.6
405.2	27.9
405.2	28.2
405.3	30
405.3	31.5
405.6	31.9
405.9	30.4
406	28.9
406.1	26
406.1	25.7
406.3	23.5
406.3	20.5
406.4	17.3
406.4	14.7
406.4	12.1
406.5	11
406.5	9.6
406.6	7.7
406.6	7.4
406.8	8.5
406.9	9.6
407	10.3
407.2	12.5
407.3	14
407.4	14.7
407.6	14
407.7	12.5
407.7	10.7
407.9	9.6
408.1	8.5
408.3	7.7
408.4	7
408.6	6.7
408.9	6.3
409.2	6.3
409.3	7
409.3	10.3
409.4	11.4
409.6	14.3
409.6	14.7
410	13.6
410.1	11.4
410.1	9.9
410.3	8.1
410.3	7.7
410.5	8.5
410.5	11.4
410.5	11.4
410.5	14
410.6	15.8
410.6	18.7
410.6	23.1
410.8	26
410.8	26.4
410.8	27.9
410.8	30
410.8	30.4
410.8	33.3
410.8	37
410.9	38.8
410.9	41.4
410.9	47.6
411.2	55.6
411.2	58.6
411.2	59.7
411.2	62.9
411.2	65.9
411.2	66.6
411.3	71.7
411.3	74.3
411.4	79
411.5	82.7
411.5	86.7
411.5	90.4
411.6	92.9
411.6	95.8
411.6	98
411.6	100.2
411.9	101.3
412	98.8
412	95.8
412	92.9
412	90
412.2	87.8
412.3	86
412.3	83.8
412.3	81.6
412.7	80.9
412.7	82.7
412.8	81.2
412.9	82
412.9	84.9
413	88.2
413	90.7
413.1	92.9
413.1	96.2
413.3	99.1
413.3	99.5
413.4	103.2
413.4	108.3
413.4	108.3
413.6	112.7
413.6	115.6
413.7	118.5
413.7	118.9
413.7	117.8
413.8	114.9
413.8	111.6
413.8	108.3
413.9	105.7
413.9	102.1
413.8	96.6
413.7	92.9
413.7	88.9
413.7	85.2
413.7	84.5
413.7	83.1
414.1	79
414.1	80.5
414	83.4
414	85.2
414.1	87.4
414.2	88.5
414.4	89.3
414.6	87.1
414.7	85.2
414.8	88.2
414.8	92.2
414.8	94.4
414.8	95.5
414.8	96.9
414.9	98.4
415.1	98.8
415.2	96.9
415.3	95.1
415.3	92.6
415.4	89.3
415.4	88.9
415.4	85.6
415.5	79.8
415.6	76.5
415.7	73.2
415.9	70.6
415.9	68.8
415.9	66.6
416	65.9
416.1	64.4
416.2	64
416.2	64.8
416.4	65.9
416.6	65.9
416.6	66.2
416.7	64.4
416.8	63.7
417	62.6
417	61.5
417	60.4
417	60
417	59.7
417	62.9
416.9	62.9
416.9	65.5
417.3	69.5
417.3	70.3
417.3	70.6
417.5	71
417.6	69.2
417.7	67.7
417.9	67.3
418	67.3
418.1	69.5
418.1	72.5
418.1	73.9
418.3	75
418.4	72.8
418.4	71.4
418.6	72.1
418.6	73.2
418.6	75.7
418.7	76.8
418.7	77.9
418.7	79.4
418.7	81.2
418.9	82.7
418.9	82.7
418.9	81.6
418.8	79
418.9	77.2
419	75.4
419.1	73.9
419.2	73.5
419.2	73.5
419.3	72.8
419.4	72.5
419.4	72.1
419.5	71.4
419.6	69.5
419.7	69.2
419.9	63.7
419.9	61.8
420.3	58.2
420.3	54.9
420.2	52
420.2	49.4
420.2	46.9
420.4	43.9
420.4	42.8
420.5	41
420.5	38.1
420.5	37.4
420.5	36.3
420.9	32.6
420.9	29.7
420.9	27.9
420.9	25.7
420.9	24.6
421	23.1
421	22.4
421.1	20.9
421.1	20.5
421.1	20.5
421.2	19.1
421.3	18.7
421.6	18.3
421.7	19.8
421.8	20.5
421.9	20.5
421.9	21.3
421.9	22
421.9	22.4
422.1	21.6
422.2	20.9
422.3	18.7
422.3	18
422.3	18
422.5	16.5
422.6	15.8
422.7	16.2
422.8	17.3
422.8	19.8
423	23.5
423	24.2
423.1	27.5
423.1	27.5
423.1	30
423.2	34.1
423.3	36.3
423.4	39.6
423.4	39.9
423.6	44.3
423.6	46.9
423.6	50.2
423.6	52.7
423.6	54.5
423.6	56.4
423.7	57.8
423.7	59.7
423.7	61.1
423.7	64
423.7	64.4
423.7	65.1
423.7	67.3
423.7	67.3
423.7	71.4
423.7	72.5
423.7	74.6
423.7	77.9
423.7	80.1
423.7	80.1
423.7	83.1
423.9	86
423.9	87.8
423.9	89.6
424	92.2
424	94.8
424.1	96.2
424.2	98
424.3	101.3
424.3	102.1
424.4	103.2
424.4	102.1
424.5	100.2
424.7	100.2
424.8	101
425	101
425.1	100.6
425.2	96.2
425.3	86.7
425.4	82.7
425.3	77.2
425.3	73.9
425.3	72.8
425.3	71.7
425.3	69.5
425.3	68.4
425.3	66.6
425.5	64.4
425.5	64
425.5	60.8
425.5	59.3
425.5	58.2
425.5	56.7
425.6	55.6
425.6	53.8
425.7	53.1
425.7	51.6
425.8	50.5
425.8	49.4
425.7	47.6
425.6	44.3
425.6	43.2
425.6	41
425.8	39.9
425.9	39.6
426.1	40.6
426.2	42.8
426.4	44.3
426.6	45.8
426.6	45.8
426.7	43.2
427.1	40.3
427.1	41.7
427.1	42.1
427.3	46.9
427.3	48.3
427.3	48.7
427.3	50.2
427.5	52.3
427.6	52.7
427.7	53.4
427.7	53.1
427.7	52.3
427.7	49.4
427.7	46.1
427.7	45
427.7	43.6
427.7	42.1
427.7	41.7
427.7	40.6
427.9	38.1
428	37.4
428	37.4
428.1	39.2
428.1	39.9
428.2	42.5
428.3	43.6
428.4	45
428.7	47.2
428.7	47.6
428.7	48.7
428.7	49.8
428.7	49.8
428.8	50.2
428.8	50.2
428.8	49.8
428.8	46.5
428.8	45
428.8	44.3
428.9	42.8
429	40.3
429	40.3
429.1	39.2
429.2	39.9
429.2	41
429.3	41.4
429.3	43.2
429.3	45
429.3	45.8
429.4	46.5
429.5	48.3
429.6	49.1
429.6	49.4
429.6	50.5
429.6	50.5
429.8	50.5
429.8	50.2
429.8	49.4
429.8	48.3
429.8	46.9
429.8	46.5
429.8	46.1
429.9	43.9
429.9	43.6
430	43.2
430	45
430.1	45.4
430.2	45
430.2	44.7
430.3	44.7
430.5	45.8
430.6	46.1
430.6	46.1
430.8	46.1
430.9	46.1
430.9	46.9
431.1	47.6
431.2	48.3
431.2	49.4
431.2	49.8
431.2	49.8
431.3	49.8
431.3	49.1
431.3	47.2
431.4	46.5
431.5	45.4
431.5	45
431.7	43.6
431.7	43.2
431.7	43.6
432.1	45
432.1	43.6
432.1	43.2
432.2	40.6
432.2	40.3
432.2	38.8
432.3	37.7
432.3	37.4
432.4	37.4
432.7	37.7
432.7	37.7
432.9	36.6
432.9	35.9
433	35.9
433	36.6
433.1	37.7
433.4	38.1
433.4	37.7
433.5	37.7
433.5	39.6
433.7	41.7
433.8	43.2
434.1	46.9
434.1	47.6
434.1	48
434.3	48
434.5	45.4
434.5	43.6
434.5	42.5
434.6	40.3
434.8	38.8
434.8	38.5
434.8	40.3
434.9	42.8
434.9	42.8
435.2	44.7
435.2	45.8
435.2	46.1
435.2	47.6
435.2	48.7
435.3	46.5
435.3	45.8
435.4	44.7
435.5	44.7
435.5	44.7
435.6	45.4
435.6	45.8
435.7	45.8
435.8	45.4
435.8	45
435.9	44.3
435.9	43.6
436.1	42.5
436.3	40.3
436.3	40.3
436.3	39.2
436.3	38.5
436.6	38.1
436.6	38.1
436.6	37.7
436.6	38.8
436.6	39.2
436.6	41
436.8	42.1
436.8	42.5
436.9	44.3
437	45
437.1	45
437.3	44.7
437.3	43.9
437.4	42.5
437.5	42.1
437.6	40.6
437.7	39.2
437.7	38.1
437.7	37.4
437.7	37.7
437.8	40.3
437.8	41.7
438	42.1
438.4	42.1
438.5	41
438.6	39.9
438.7	38.8
438.8	38.1
439	37.7
439.1	37.4
439.1	39.2
439.3	39.6
439.5	40.3
439.6	41.4
439.8	41.7
440	41
440.2	39.6
440.2	39.2
440.4	38.8
440.7	38.8
440.7	41
440.7	42.8
440.8	43.6
440.8	43.6
440.9	42.8
440.9	42.5
440.9	42.1
441.2	42.1
441.4	43.6
441.6	43.6
441.8	43.2
441.9	42.1
442	40.6
442.2	40.3
442.5	43.9
442.7	42.8
442.7	42.8
442.8	41.4
443	40.6
443.3	42.1
443.3	44.3
443.3	46.1
443.3	46.5
443.4	45
443.4	44.7
443.6	46.1
443.7	47.2
443.8	49.1
444	51.6
444.1	53.4
444.2	54.5
444.2	56
444.2	56.4
444.3	56.7
444.5	56.4
444.5	56
444.5	54.9
444.6	53.8
444.6	53.8
444.7	54.9
444.8	55.3
444.9	56.7
445.1	58.2
445.1	58.2
445.1	58.6
445.1	58.6
445.1	58.2
445.1	56.4
445.2	54.9
445.2	53.8
445.3	54.2
445.7	55.6
445.8	55.6
445.9	54.5
445.9	54.5
446	54.2
446.2	54.9
446.4	56.4
446.6	57.8
446.9	59.3
446.9	59.7
446.9	60.4
446.9	61.8
447.1	62.2
447.3	62.9
447.1	62.6
447.2	62.9
447.3	62.9
447.3	62.2
447.3	60.8
447.4	60
447.5	58.9
447.5	57.8
447.6	57.1
447.6	56.7
447.7	55.6
447.7	57.8
447.7	58.6
447.9	60
448	60
448.2	58.6
448.2	58.2
448.2	57.1
448.3	56.4
448.6	56.4
448.7	57.1
448.7	58.6
448.7	60.8
448.9	62.2
448.9	62.6
449	62.6
449.1	61.8
449.1	60.8
449.1	60
449.1	58.2
449.1	57.5
449.4	57.1
449.4	59.3
449.4	61.1
449.5	62.9
449.6	62.9
449.7	62.2
449.8	61.1
449.8	60
449.8	58.6
449.8	57.8
449.8	57.1
449.9	56
449.9	55.6
450	54.5
450.1	55.3
450.2	56.4
450.4	57.5
450.4	58.6
450.5	59.3
450.6	60.8
450.7	61.1
450.8	61.1
450.7	60.4
450.8	60.4
450.9	60
451	59.7
451	59.7
451	58.6
451.2	56.7
451.3	55.3
451.4	53.8
451.6	51.2
451.6	50.9
451.6	52.7
451.6	54.9
451.6	55.3
451.7	56.7
451.8	57.8
451.9	58.2
452	58.2
452.1	57.5
452.3	58.9
452.3	59.7
452.5	59.7
452.6	59.3
452.8	56.4
453	55.3
453.1	53.4
453.2	50.9
453.3	50.9
453.4	51.2
453.4	53.1
453.4	56.7
453.4	58.9
453.5	61.8
453.8	65.5
453.8	68.8
454	72.8
454	72.8
454	74.6
454	76.8
454	79
454.1	82
454.2	82.7
454.2	83.8
454.3	84.1
454.4	84.1
454.5	83.1
454.6	82.3
454.6	82
454.8	82.3
454.8	83.1
454.8	81.2
455	77.6
455	75.4
455	72.1
455.1	69.5
455.2	68.8
455.3	66.6
455.6	68.1
455.7	69.9
455.9	73.2
456	76.5
456	76.8
456	77.2
456.3	74.3
456.3	71
456.3	69.2
456.4	67
456.5	65.5
456.8	62.2
456.8	60.4
456.9	58.6
457	54.9
457.1	52
457.2	48.7
457.3	45.4
457.5	43.2
457.6	40.3
457.7	37
457.7	33.3
457.7	31.1
457.7	30.4
457.8	31.9
458	32.2
458	32.6
458.2	32.2
458.4	30
458.5	28.2
458.5	27.9
458.5	27.9
458.7	27.5
458.9	27.9
458.9	28.2
459.1	27.9
459.2	27.9
459.3	26.8
459.4	25.7
459.5	24.2
459.6	24.2
459.8	26
459.8	26.4
460.1	25.3
460.2	24.2
460.3	24.2
460.4	23.8
460.5	23.8
460.5	24.9
460.8	26.8
460.8	27.1
461	28.9
461	30.4
461.1	30.8
461.3	29.7
461.3	27.5
461.5	26.8
461.6	24.2
461.7	22.7
461.8	22
461.8	22
462	21.6
462.3	24.6
462.3	24.9
462.4	27.1
462.4	30.8
462.4	31.1
462.4	32.2
462.7	32.2
462.8	32.2
462.8	34.1
462.8	34.4
462.9	36.3
462.9	37.7
462.9	37.7
463.1	36.3
463.4	33.7
463.6	31.9
463.6	29.3
463.8	28.9
463.9	29.3
464	31.1
464.1	33.7
464	35.2
464.1	38.8
464.2	41
464.2	42.8
464.2	45.4
464.2	47.6
464.4	47.6
464.5	46.9
464.8	43.6
465	42.8
465.2	43.6
465.2	43.6
465.2	45
465.6	42.5
465.7	41.7
465.7	38.5
465.8	36.6
465.8	36.3
465.9	36.3
466.2	39.6
466.2	39.6
466.2	42.8
466.3	45.4
466.3	45.8
466.7	52.7
466.8	53.8
466.8	54.2
466.8	56.4
467	59.3
467	59.7
467.1	62.2
467.2	65.5
467.2	65.9
467	68.8
467	70.3
467	70.6
467.1	72.1
467.1	72.5
467.2	73.9
467.3	74.6
467.3	74.3
467.7	71.7
467.7	70.6
467.8	71.4
467.8	73.2
467.9	73.9
468.3	72.8
468.4	71.7
468.4	72.1
468.4	73.9
468.4	75.4
468.4	77.2
468.5	79.4
468.6	81.6
468.7	84.9
468.7	85.2
468.7	86.7
469	90
469	90.4
469.1	92.6
469.3	96.2
469.3	96.9
469.4	98.4
469.5	102.4
469.6	103.5
469.8	105
469.8	105.4
470	101.3
470	98.4
470.1	93.3
470.1	91.5
470.1	90
470.2	88.5
470.3	87.8
470.5	88.5
470.5	86.3
470.6	86
470.6	86
470.6	84.5
470.6	84.1
470.6	87.1
470.7	94.4
470.9	99.5
470.9	99.9
471	103.5
471.3	108.6
471.5	114.1
471.4	120.7
471.5	132
471.5	138.6
471.5	144.1
471.6	145.2
471.6	148.5
471.7	153.2
471.5	158.4
471.4	163.5
471.5	169
471.6	169.7
471.6	171.2
471.8	175.2
471.9	178.1
471.9	178.5
472.2	173
472.3	169.7
472.3	164.9
472.3	163.1
472.3	154.7
472.3	152.9
472.3	151.8
472.3	149.2
472.3	147
472.3	148.5
472.7	147.4
472.7	144.1
472.7	140.4
472.7	138.3
472.7	137.5
472.6	134.2
472.5	131.7
472.5	131.3
472.4	129.5
472.7	133.5
472.7	128
472.8	125.1
472.9	120.7
473	111.2
473	110.1
473	105.7
472.9	101
472.9	100.6
473	91.5
473.1	85.6
473.1	78.3
473.2	72.8
473.4	67.3
473	68.4
473.1	65.1
473.1	65.1
473.4	60.4
473.5	54.5
473.5	53.8
473.6	48
473.6	45
473.5	42.5
473.5	39.2
473.5	35.5
473.6	33.7
473.8	31.9
474	29.7
474.1	28.2
474.5	27.1
474.6	27.1
474.9	29.7
475	31.9
475.2	34.8
475.4	32.6
475.6	30.8
475.7	33
475.7	35.2
475.7	35.2
475.8	37.4
475.8	39.6
475.8	41.7
475.9	43.6
475.9	47.2
476	47.6
476.1	48.7
476.2	50.5
476.2	50.9
476.2	53.4
475.8	53.8
476	56.7
476.2	60
476.3	62.2
476.6	68.1
476.6	76.5
476.8	88.5
476.8	94.4
476.8	95.8
476.8	99.9
476.9	115.6
476.9	116
476.9	123.3
477.2	131.7
477.2	140.8
477	149.6
477	160.6
476.9	162.7
476.9	169.3
476.9	173.3
476.9	177
476.9	184.7
476.8	185.8
476.8	188.3
477	192.7
477.1	194.2
477.1	194.9
477.2	195.3
477.3	195.3
477.6	195.3
477.8	193.5
477.9	191.3
477.9	183.9
477.9	177.4
477.8	170.1
477.6	154.7
477.7	145.6
477.7	143
477.8	135.7
477.9	132.8
477.9	127.7
478.3	116.7
478.3	116.3
478.5	101.3
478.2	84.9
478.1	68.1
478.1	61.1
478.2	59.7
478.3	54.2
478.4	50.5
478.5	46.5
478.6	41.7
478.6	40.6
478.6	38.1
478.6	33.3
478.6	32.6
478.8	29.7
478.9	29.3
479	33
479	37
479	41.4
479	45.8
479.1	50.5
479.1	56.4
479	58.6
479	62.2
479	64.4
479.3	66.6
479.4	66.6
479.7	66.6
480.1	60.8
480.2	54.9
480.2	52.7
480.2	49.8
480.3	44.7
480.3	43.6
480.4	40.6
480.4	42.8
480.7	52.3
481	61.5
481	67.3
480.9	72.5
480.9	77.2
480.9	82.7
480.9	85.2
481	87.1
481.1	93.7
481.2	97.3
481.3	101.7
481.3	105
481.3	106.4
481.3	107.5
481.3	111.2
481.4	112.7
481.5	112.7
481.7	109.7
481.9	103.9
482	103.5
482.1	107.5
482.4	111.2
482.5	111.2
482.7	106.8
482.7	101.7
482.9	91.5
482.9	87.4
483	82.3
483.1	78.3
483.1	75.4
483.1	74.3
483.2	71.4
483.2	69.9
483.2	68.4
483.3	67
483.3	66.2
483.4	65.5
483.4	65.9
483.7	70.3
483.9	75
484.1	86.7
484.1	89.6
483.7	95.5
483.7	98.4
483.7	98.8
483.8	106.8
483.8	116
483.8	123.3
484	126.9
484	132.8
484	135.7
484.1	135.7
484.3	132.8
484.4	128.7
484.5	121.8
484.7	116
484.7	110.8
484.7	109
484.7	107.5
484.7	102.4
484.7	99.9
484.8	99.5
484.8	102.1
485.1	107.5
485.1	109.7
485.1	113.4
485.1	116
485.3	119.2
485.4	123.3
485.4	124
485.8	118.1
485.8	114.9
485.9	111.2
485.9	110.8
485.9	106.4
485.8	102.4
485.8	100.6
485.8	98.4
485.8	94
485.8	96.2
486	102.1
486.6	112.7
486.6	113
486.4	120
486.4	123.3
486.5	123.6
486.6	124.4
486.7	124.4
486.9	120.3
487.3	115.2
487.4	117
487.4	120.7
487.4	121.1
487.4	121.4
487.6	119.6
487.6	119.6
487.8	116.3
487.9	116
488.1	120
488.1	123.6
488.3	126.6
488.3	126.6
488.4	124.7
488.5	122.5
488.9	119.6
488.9	120.7
488.9	121.8
489.1	120
489.2	119.2
489.2	120.3
489.5	122.5
489.6	124
489.7	125.8
489.9	127.3
489.9	128.4
489.9	130.2
490.1	130.6
490.2	128.4
490.2	128
490.4	125.8
490.6	124.4
490.6	124.7
490.7	128.7
490.8	129.8
490.9	130.2
491.1	126.6
491.1	125.5
491.1	123.6
491.1	121.8
491.2	121.1
491.3	120.3
491.5	120.7
491.6	124
491.7	128
491.7	131.3
491.7	131.7
491.7	133.1
491.7	134.6
491.9	134.2
492.1	131.7
492.3	129.8
492.3	128.4
492.5	125.8
492.6	122.5
492.6	121.4
492.8	118.9
493	116.7
493	114.9
493	114.1
493	110.8
493	110.5
493.1	108.6
493.2	106.8
493.3	104.6
493.3	103.9
493.5	107.2
493.5	107.5
493.7	109.7
494	109.4
494.1	109.4
494.2	109.4
494.3	111.6
494.4	116
494.4	116
494.4	117
494.5	117
494.7	114.1
494.8	111.6
495	111.2
495.3	112.3
495.4	110.8
495.5	107.9
495.5	106.8
495.5	104.3
495.6	101.7
495.7	101.3
495.7	99.9
496	97.7
496.1	96.6
496.5	99.1
496.6	103.2
496.9	107.9
497	110.5
497	110.8
496.9	112.7
496.9	115.2
496.9	115.6
497	118.9
497	120.3
497	120.7
497.1	118.1
497.2	115.6
497.2	115.6
497.2	116
497.4	118.5
497.4	118.5
497.5	117.8
497.6	114.1
497.7	114.1
498	114.9
498.2	114.5
498.3	113.8
498.3	113.8
498.3	112.3
498.4	110.5
498.4	110.1
498.4	109
498.5	107.5
498.8	106.8
498.9	109.7
498.9	112.7
499	114.9
499.1	116.7
499.1	117
499.2	118.5
499.2	119.2
499.2	120.3
499.2	121.4
499.4	122.9
499.5	123.3
499.5	123.3
499.5	121.8
499.6	121.1
499.8	120.3
499.9	119.2
499.9	119.2
500.1	117.4
500.3	118.5
500.3	120
500.5	121.8
500.5	122.2
500.5	122.2
500.6	121.8
500.6	120.3
500.6	119.6
500.7	118.9
500.7	118.5
500.9	120
500.9	121.4
500.9	122.9
500.9	123.3
500.9	123.3
500.9	121.1
500.9	120
500.9	118.5
501	118.1
501.1	118.1
501.2	118.5
501.4	117.4
501.5	115.6
501.6	111.6
501.6	109
501.7	108.6
501.8	107.5
502.1	105
502.2	104.6
502.3	105
502.4	106.1
502.4	107.2
502.4	107.5
502.6	106.8
502.7	109
502.7	110.8
502.9	109
503	110.1
503.2	112.7
503.3	113.4
503.4	113.4
503.4	110.1
503.4	107.5
503.5	105.4
503.6	103.5
503.7	103.5
503.9	103.5
504	102.8
504.1	102.1
504.3	99.5
504.4	98.8
504.4	97.7
504.6	95.8
504.7	100.2
504.7	100.6
504.7	102.4
504.8	105.4
504.8	106.4
504.8	107.9
505	112.7
505	113
505	113.8
505	113.8
505.1	113.4
505.3	110.5
505.3	107.2
505.3	105.4
505.4	105.4
505.7	104.3
505.7	102.8
505.8	101
505.9	99.1
506	97.7
506.1	96.6
506.3	94.8
506.4	97.7
506.4	98.8
506.4	100.2
506.6	102.4
506.7	105
506.7	106.4
506.7	106.8
506.9	106.8
507	106.8
507	108.6
507	111.6
507.1	112.7
507.1	113.4
507.4	112.3
507.4	111.6
507.5	109.7
507.5	106.4
507.5	105.4
507.5	102.8
507.7	100.6
507.7	100.2
507.7	99.5
507.8	99.5
507.9	101.7
508	102.8
508.1	101.3
508.1	99.1
508.2	95.1
508.3	92.2
508.4	88.5
508.6	87.1
508.7	85.6
508.8	83.4
509	82.3
509	83.8
509	86.3
509	90.4
509	91.5
509	92.6
509.1	95.8
509.3	96.9
509.4	94
509.6	90.7
509.8	88.9
509.9	90.4
509.9	93.7
510.1	96.9
510.1	99.9
510.1	101.7
510.4	101.7
510.4	98.8
510.4	98
510.6	98.8
510.7	100.6
510.7	101.3
510.8	101
510.9	96.9
511	95.8
511.1	91.8
511.1	90
511.1	88.2
511.2	87.1
511.2	85.6
511.2	84.9
511.3	85.2
511.5	90.4
511.8	94.4
511.8	94.8
511.8	99.9
511.8	102.4
511.8	104.6
511.9	106.4
512.1	105
512.2	99.5
512.2	96.2
512.3	93.7
512.3	91.5
512.4	88.5
512.5	87.4
512.5	90.7
512.6	94
512.7	95.5
512.8	94.8
512.8	92.6
513.1	92.9
513.1	93.7
513.2	91.5
513.2	89.3
513.2	89.3
513.3	88.5
513.5	87.4
513.6	86.7
513.8	89.6
513.9	92.9
514.1	95.5
514.2	98.8
514.2	101.3
514.3	103.5
514.5	105
514.6	106.4
514.7	107.9
514.8	109
515.1	107.9
515.1	107.5
515.2	107.5
515.3	108.3
515.4	108.3
515.5	108.3
515.6	107.2
515.6	106.8
515.6	105
515.9	104.6
515.9	105
515.9	107.2
515.9	109.7
515.9	110.1
515.9	111.6
516.1	110.8
516.3	110.8
516.3	111.9
516.6	109.7
516.8	110.5
516.8	111.2
516.8	111.9
516.8	113
517	111.2
517	110.5
517.1	113.4
517.2	116
517.3	117.4
517.4	114.1
517.5	112.3
517.5	111.9
517.6	112.3
517.6	114.1
517.6	117.4
517.6	117.8
517.8	119.2
518	121.8
518.1	123.6
518.3	125.1
518.3	125.1
518.3	122.9
518.3	119.2
518.3	118.9
518.4	117.4
518.7	116.3
518.9	113.4
519	110.1
519	107.2
519	105.7
519	104.3
519	102.4
519	99.9
519.1	96.2
519.2	95.8
519.2	95.8
519.2	97.3
519.3	98
519.4	101
519.5	104.6
519.5	105
519.5	108.6
519.5	110.5
519.5	110.8
519.7	113.4
519.7	114.9
519.7	115.2
519.7	116.3
519.8	117.4
519.8	117.4
519.9	117.4
519.9	116
520	113.4
520.1	113
520.1	113
520.2	111.6
520.3	113.4
520.3	114.5
520.4	112.3
520.5	111.9
520.6	111.9
520.6	114.9
520.6	116.3
520.7	118.1
520.7	118.1
520.7	119.6
521	119.2
521.2	117.8
521.2	117.8
521.4	118.5
521.4	121.1
521.4	122.9
521.4	124.4
521.4	126.2
521.5	126.9
521.7	126.2
521.7	123.6
521.8	122.2
521.9	122.2
522.1	121.8
522.1	121.4
522.2	120.7
522.3	118.9
522.3	117
522.3	116.7
522.3	116.3
522.4	116.3
522.4	116.7
522.6	119.2
522.6	120.3
522.6	122.2
522.7	124
522.7	124
522.8	125.1
522.8	126.2
523	127.7
523	126.9
523	125.5
523	125.1
523.1	123.6
523.1	121.4
523.1	121.1
523.2	121.1
523.4	122.2
523.4	122.2
523.5	121.4
523.5	121.4
523.6	122.5
523.7	126.6
524	129.1
524.1	127.7
524.2	121.1
524.2	118.9
524.3	117
524.4	115.2
524.5	113.8
524.6	111.9
524.7	109
524.7	108.3
524.8	109.4
524.9	112.3
524.9	112.7
525	115.6
525	118.5
525	118.9
525	118.9
525.1	120.7
525.2	119.2
525.3	118.9
525.5	120.3
525.5	120.7
525.5	120.7
525.7	120.7
525.7	119.2
525.7	118.1
526	120.7
526.1	117
526.3	116.7
526.4	121.1
526.6	125.8
526.6	128.4
526.6	132
526.6	132
526.6	133.1
526.8	133.5
526.9	133.1
527	130.6
527.2	132
527.3	132.4
527.6	128.4
527.6	128
527.6	126.9
527.6	125.8
527.7	128.4
527.8	126.2
527.8	123.6
527.9	122.5
527.9	121.1
527.9	118.1
528	118.5
528.3	122.2
528.3	124
528.3	124
528.5	122.9
528.6	124.4
528.9	127.7
529	128.4
529.2	128.4
529.3	125.1
529.4	123.3
529.7	126.2
530	128.7
530	129.1
530	129.8
530	130.6
530.2	128.4
530.3	126.6
530.4	125.8
530.4	124.7
530.4	122.9
530.7	122.5
530.7	121.1
530.7	117.8
530.8	117.4
530.9	116.7
531	113.8
531	110.8
531.1	107.5
531.3	101.3
531.5	97.7
531.5	98.8
531.7	101.3
532	101.7
532.1	98.8
532.2	96.2
532.3	93.7
532.4	92.9
532.4	94.4
532.6	97.7
532.7	100.6
532.7	102.4
532.7	103.2
533	103.9
533.1	100.6
533.2	101.7
533.3	103.5
533.4	105.4
533.7	105.4
533.7	104.6
533.8	106.4
533.9	108.3
534	110.1
534	112.7
534	114.1
534	116
534.1	119.6
534.2	121.8
534.3	122.5
534.5	122.2
534.7	120.7
534.8	120
535	121.1
535.1	122.9
535.2	124.7
535.4	127.7
535.4	130.2
535.4	131.3
535.5	128.7
535.6	129.1
535.7	130.9
535.8	132.8
536	134.6
536	135
536.1	136.1
536.1	136.4
536.2	136.8
536.2	137.2
536.4	137.2
536.4	136.8
536.5	135.3
536.5	133.9
536.5	133.1
536.5	132.4
536.7	133.1
536.7	133.1
536.7	129.1
536.7	128
536.7	123.6
536.7	120.3
536.7	120
536.8	115.6
536.8	111.9
536.9	107.5
537	102.1
537	98
537.1	93.7
537.2	88.5
537.2	84.5
537.2	81.2
537.2	79.8
537.2	78.3
537.3	74.6
537.3	73.9
537.3	72.1
537.4	68.4
537.5	66.2
537.5	64
537.5	62.6
537.7	60.4
537.8	60.4
538	61.5
538	62.9
538.2	66.2
538.2	68.8
538.2	71.7
538.3	74.3
538.5	79.4
538.5	79.8
538.5	83.8
538.5	87.8
538.5	95.1
538.5	100.6
538.5	106.4
538.6	113.4
538.7	116.7
538.7	117
538.8	120.7
538.9	127.3
538.9	128
539.1	125.5
539.2	125.1
539.2	121.1
539.3	122.9
539.5	125.5
539.6	121.8
539.7	113.4
539.7	110.5
539.7	106.8
539.7	101.3
539.8	99.5
539.9	96.6
540	92.6
540.1	92.2
540.1	88.9
540.1	87.8
540.1	86
540.1	83.1
540.2	82
540.2	78.3
540.2	77.6
540.2	77.2
540.3	76.8
540.6	79.4
540.9	83.8
540.9	83.8
540.9	85.6
541	86.7
540.9	86
541.1	82
541.4	77.2
541.5	73.9
541.5	71
541.5	68.4
541.6	68.8
541.6	69.2
541.7	68.8
541.8	68.1
541.8	65.5
541.8	65.1
542	66.6
542.1	66.6
542.3	65.9
542.3	65.5
542.5	68.8
542.6	70.3
542.7	68.4
542.9	65.9
543	63.3
543	63.3
543.1	58.2
543.1	56
543.1	54.5
543.2	53.8
543.5	56.4
543.5	56.4
543.6	56.7
543.7	54.9
543.7	52.7
543.7	49.8
543.7	48.3
543.7	47.6
543.7	46.9
543.8	45.8
543.9	45.8
543.9	45.4
544.2	46.5
544.3	46.9
544.3	45.4
544.3	43.9
544.3	43.2
544.4	42.8
544.7	45
544.7	45.8
544.7	47.2
545	47.2
545	46.5
545	45
545.1	43.9
545.3	43.9
545.4	44.7
545.5	46.5
545.6	49.8
545.6	50.2
545.7	51.2
545.9	50.2
546	52
546.1	52
546.4	51.6
546.4	51.6
546.5	52.3
546.6	53.8
546.6	54.2
546.6	54.2
546.6	56.4
546.8	59.3
546.8	59.3
547.1	61.1
547.2	62.6
547.3	65.1
547.3	66.6
547.6	67
547.8	67.7
547.8	69.9
548.1	75
548.1	79.4
548.3	85.6
548.3	86.7
548.4	88.5
548.4	90.7
548.5	87.1
548.8	81.6
549	77.6
549	73.9
548.9	68.4
548.9	66.2
548.8	62.9
548.8	61.5
549.2	63.3
549.2	59.7
549.2	57.8
549.2	54.5
549.4	51.2
549.5	48.3
549.5	43.9
549.5	41.7
549.5	39.2
549.5	38.8
549.6	44.3
549.7	50.9
549.6	55.3
549.6	61.1
549.6	62.9
549.6	65.1
549.6	65.5
549.9	64.8
550.1	61.1
550.1	57.5
550.1	53.8
550.1	51.2
550.2	48.7
550.2	45.8
550.3	44.3
550.5	47.2
550.7	52.7
550.7	55.6
550.5	60.4
550.5	63.3
550.5	65.1
550.5	66.6
550.6	68.4
550.6	69.2
550.6	70.3
550.7	72.1
550.7	72.5
550.8	73.5
550.9	73.5
551	76.1
551.1	78.3
551.2	80.9
551.3	83.8
551.3	84.1
551.4	86.7
551.5	89.6
551.5	90
551.5	90.4
551.6	90.7
551.7	90.7
551.8	89.3
551.8	86
551.8	84.9
551.9	83.1
551.9	80.1
552	77.6
552.2	75
552.2	73.9
552.3	75
552.5	76.5
552.6	76.1
552.6	75.7
552.9	77.9
552.9	81.2
553.1	83.1
553.1	83.1
553.2	84.1
553.2	82.7
553.2	81.2
553.3	79.8
553.3	77.9
553.3	77.2
553.4	76.8
553.6	78.7
553.6	77.9
553.6	77.2
553.8	78.3
554	80.1
554	79.8
554.1	79.8
554.4	81.2
554.5	83.1
554.7	87.4
554.8	89.6
554.8	90.4
554.8	93.3
554.9	95.8
554.9	96.2
555	97.7
555	96.6
555	94
555	90.7
555.1	87.1
555.3	84.1
555.3	81.6
555.5	79.4
555.6	77.2
555.7	74.6
555.7	74.6
556	79
556	82.7
556.1	88.5
556.2	91.8
556.2	92.2
556.4	97.3
556.4	99.9
556.4	100.2
556.7	102.4
556.9	103.2
556.9	103.2
557.1	99.5
557.2	93.3
557.2	89.3
557.4	84.1
557.4	80.5
557.5	77.2
557.5	76.8
557.7	75.4
557.7	75.7
558	78.3
558	77.2
558	76.8
558	76.8
558.1	79.8
558.1	77.9
558.2	73.9
558.2	73.2
558.3	70.6
558.4	64
558.4	62.9
558.6	60
558.6	57.5
558.6	56.7
558.6	54.2
558.7	51.2
558.7	50.5
558.7	48.3
558.8	47.2
559.1	49.1
559.2	52.7
559.2	53.1
559.2	55.3
559.4	54.2
559.7	49.8
559.8	49.4
560.1	51.2
560.3	53.4
560.4	55.6
560.5	57.1
560.6	58.9
560.6	58.9
560.6	61.8
560.7	64
560.7	64
560.8	66.2
560.9	67.3
561	68.1
561	66.6
561.1	67
561.2	67.3
561.3	64.8
561.3	62.6
561.5	62.6
561.7	59.3
561.8	56.7
562	54.2
562.2	52
562.2	48.7
562.3	46.5
562.4	47.6
562.8	54.5
562.8	60
562.8	60.8
563.1	72.1
563.2	79.4
563.2	79.8
563.2	84.5
563.1	89.3
563.1	95.5
562.9	101
562.9	106.1
562.9	108.6
563.1	111.9
563.2	112.7
563.3	113.4
563.3	114.1
563.4	113
563.5	109.4
563.5	106.1
563.7	108.3
563.8	109.7
563.9	105.7
563.9	97.3
564	92.9
564	91.5
564.1	88.9
564.2	84.1
564.2	80.1
564.2	76.1
564.2	75.7
564.4	69.2
564.4	68.8
564.4	65.5
564.4	62.2
564.4	59.3
564.4	56.4
564.4	54.5
564.4	53.4
564.5	54.2
564.6	57.1
564.7	60
564.8	65.9
564.9	70.6
564.9	72.1
564.9	68.8
565	64.8
565	60
565	56.7
565	53.4
565	52.7
565.2	49.8
565.2	48
565.2	47.6
565.3	45.4
565.3	43.9
565.3	43.2
565.4	41.7
565.4	41
565.5	40.3
565.6	41
565.9	40.3
566	37.7
566	39.6
566.3	45.4
566.3	46.1
566.4	49.1
566.4	53.4
566.4	53.8
566.4	56.7
566.4	57.1
566.4	58.6
566.5	61.1
566.6	63.7
566.7	64
566.9	62.6
567	60
567	57.1
567.1	54.2
567.1	53.4
567.2	52
567.3	50.2
567.3	49.4
567.3	49.4
567.4	50.2
567.6	52.3
567.6	57.1
567.6	57.5
567.7	57.1
567.8	54.9
567.9	52.7
568	52
568.1	51.6
568.3	50.5
568.5	49.1
568.7	47.6
568.7	45.4
568.8	43.2
569	41.4
569.2	42.1
569.4	45.4
569.4	45.8
569.4	45.8
569.5	48
569.7	53.1
569.9	53.4
570	53.8
570.1	54.9
570.2	54.9
570.4	55.6
570.4	56
570.4	57.1
570.4	60.8
570.4	61.1
570.5	61.1
570.6	58.9
570.7	56.4
570.8	55.3
571	54.2
571	53.8
571.3	54.2
571.4	54.2
571.6	53.4
572	54.9
572.2	58.2
572.3	61.5
572.3	63.7
572.2	65.9
572.2	68.4
572.2	71
572.2	73.2
572.2	73.9
572.3	73.5
572.4	75
572.5	73.5
572.6	69.5
572.6	65.5
572.6	64
572.6	61.5
572.7	58.6
572.8	55.3
572.9	54.9
573.1	56.7
573.3	57.1
573.4	56
573.4	54.2
573.5	52.7
573.5	51.2
573.6	50.9
573.8	53.4
574	55.6
574	56
574	56.7
574.2	56.4
574.3	56.4
574.4	54.9
574.4	53.4
574.4	53.4
574.4	52
574.5	51.2
574.6	50.2
574.8	48.7
574.9	47.6
575.1	46.9
575.5	50.5
575.5	52.3
575.7	52.3
575.8	49.4
575.8	49.4
575.9	50.5
576	50.5
576	49.1
576.2	50.5
576.2	50.9
576.2	52.3
576.2	52.3
576.3	54.2
576.4	55.3
576.5	55.3
576.6	55.6
576.7	54.9
576.8	53.8
576.9	51.6
577	49.1
577.1	48.3
577.3	49.8
577.6	49.1
577.7	46.9
577.7	46.1
577.9	49.1
578	50.5
578.3	50.9
578.3	50.2
578.4	49.4
578.6	49.1
578.7	48.7
579	48
579.3	47.6
579.4	47.2
579.5	47.6
579.6	50.2
579.8	51.6
579.8	52
579.9	52.3
579.9	51.6
580	50.9
580	49.4
580.2	48.7
580.3	48.7
580.5	49.8
580.7	49.8
580.7	47.6
580.9	45.4
580.9	44.3
581	47.6
581.1	48.7
581.3	49.8
581.4	50.5
581.4	52.3
581.5	53.8
581.6	53.1
581.6	52.7
581.7	50.2
581.7	48
581.8	48
582	48.3
582	46.9
582	46.9
582	47.6
582.2	49.1
582.4	49.8
582.5	49.8
582.6	49.8
582.8	50.9
582.9	52
583	52.7
583.2	54.5
583.3	54.9
583.4	53.8
583.6	53.4
583.8	52
583.9	50.9
584	49.4
584.2	48.3
584.4	48
584.8	48.7
584.9	48.3
585.2	48.3
585.4	49.1
585.5	48
585.6	47.6
585.6	47.2
585.8	46.5
586	46.1
586.1	45.4
586.3	45
586.5	45.8
586.8	46.9
586.8	49.4
587.1	49.4
587.5	49.8
587.6	51.2
587.8	53.4
587.9	53.8
588.1	53.1
588.3	52
588.5	51.6
588.8	50.5
588.9	49.8
589.1	48
589.1	46.9
589.3	49.1
589.6	50.5