37.8	78
37.8	78
37.8	77.5
37.8	77.2
37.9	76.7
37.9	76.4
37.9	76.2
38	75.9
38.1	75.6
38.2	76.2
38.2	76.4
38.2	76.4
38.3	75.9
38.3	75.1
38.3	74.6
38.4	74.3
38.5	74.6
38.6	75.6
38.7	77.2
38.8	77.7
38.8	77.7
38.8	77.7
38.8	78
38.9	78
38.9	78
39	78
39	77.5
39	77.2
39	76.4
39	75.1
39	73.5
39.1	72.5
39.3	72
39.3	71.2
39.4	70.7
39.4	69.6
39.5	69.6
39.5	68.6
39.6	68.3
39.6	67.5
39.7	67.8
39.8	69.1
40	69.4
40	69.1
40	68.6
40.1	67.8
40.3	67.5
40.5	67.8
40.6	69.6
40.7	70.9
40.8	72
40.8	73.8
41	76.7
41	79
41	82.2
41.1	84
41.1	84.3
41.2	86.1
41.3	88.5
41.3	90.3
41.4	91.9
41.4	93.2
41.4	94.8
41.4	95
41.5	95.3
41.6	93.7
41.6	93.2
41.7	94.5
41.7	94.8
41.7	95.3
41.7	96.1
41.8	97.1
41.8	98.2
42	98.9
42	98.9
42.1	97.4
42.1	96.1
42.2	96.1
42.2	97.1
42.3	97.4
42.5	96.3
42.5	95.8
42.6	93.7
42.6	91.1
42.6	90
42.6	89.8
42.8	88.5
42.9	87.9
42.9	87.2
42.9	86.9
43	88.2
43.1	89.3
43.2	89.5
43.3	89.5
43.3	89.3
43.3	88.2
43.3	87.7
43.4	87.7
43.5	88.5
43.6	88.7
43.8	89.8
43.9	90.3
43.9	89.8
43.9	89.5
44	87.4
44	86.9
44	85.6
44	82.2
44	80.4
44.1	79.3
44.1	79
44.2	78
44.3	77.5
44.3	75.4
44.5	74.3
44.5	76.9
44.5	78.8
44.8	80.1
44.9	80.6
44.9	82.2
44.9	82.7
45	83.8
45.2	83.2
45.4	83.8
45.4	85.3
45.5	87.9
45.5	90
45.6	91.6
45.7	92.4
45.8	91.9
45.8	91.4
46	93.2
46.1	96.6
46.1	100.3
46.1	103.1
46.2	111
46.1	112.3
46.2	113.1
46.3	114.7
46.4	115.2
46.6	114.4
46.6	114.1
46.6	114.4
46.7	117.3
46.7	117.3
46.8	118.9
46.8	119.1
46.8	119.1
47	117.8
47.1	115.7
47.1	115.2
47.1	113.9
47.1	113.6
47.3	113.6
47.4	113.6
47.5	111.5
47.5	108.9
47.5	107.3
47.6	107.1
47.6	105.5
47.6	103.4
47.7	102.1
47.9	102.1
47.9	103.9
48	103.9
48.1	106.5
48.3	109.4
48.3	109.9
48.3	111
48.3	113.1
48.5	115.4
48.5	115.4
48.6	116.2
48.7	117.3
48.8	116.8
48.9	114.9
48.9	113.4
49	112
49.1	110.5
49.1	110.2
49.1	109.7
49.2	110.2
49.2	111.5
49.3	111
49.3	110.5
49.3	109.9
49.4	109.4
49.4	108.9
49.5	108.1
49.6	108.6
49.6	108.9
49.6	110.2
49.7	110.7
49.7	111
49.8	111
49.9	110.2
50.1	109.9
50.2	110.5
50.3	109.7
50.3	107.9
50.4	106.8
50.4	106.5
50.5	105.5
50.5	103.1
50.5	101.8
50.6	100.5
50.7	99.5
51.1	100
51.1	101
51.2	103.4
51.2	104.4
51.3	106.3
51.4	106.8
51.4	107.6
51.4	109.7
51.5	110.7
51.6	111
51.7	110.5
51.7	110.2
51.7	108.4
52	107.6
52	108.1
52	111.8
52.2	114.1
52.3	116.5
52.3	119.1
52.5	119.6
52.5	120.7
52.5	121.2
52.6	124.4
52.8	125.9
52.9	125.1
53.1	123.6
53.2	119.6
53.2	119.1
53.2	118.1
53.5	116
53.6	117.3
53.6	120.7
53.6	120.9
53.6	122.8
53.7	123.6
53.7	124.6
53.8	125.7
53.9	127.2
54.2	128
54.2	128
54.4	127.8
54.5	127
54.5	125.7
54.5	122.3
54.5	119.6
54.5	119.4
54.6	117.5
54.7	116.8
54.8	115.7
54.8	114.1
54.9	111.3
55	108.6
55.1	108.4
55.1	106.8
55.1	106
55.2	105
55.4	105
55.4	107.3
55.4	110.7
55.5	114.9
55.6	117
55.6	119.1
55.7	119.6
55.8	120.7
55.9	121.5
56.1	120.4
56.1	119.9
56.2	119.1
56.3	119.1
56.4	120.2
56.4	121.7
56.6	123.8
56.7	125.4
56.8	125.4
56.9	124.9
57	123.8
57.2	119.4
57.2	117.8
57.2	114.9
57.2	109.9
57.3	108.1
57.3	107.9
57.3	106.8
57.3	106
57.4	105.2
57.4	104.7
57.6	107.6
57.7	110.2
57.9	109.2
57.9	108.1
57.9	107.3
57.9	107.1
58	108.6
58	111
58.2	112.6
58.3	114.4
58.6	114.9
58.6	114.7
58.5	115.7
58.5	118.3
58.5	120.9
58.6	122.3
58.8	123.3
59	123.8
59.1	121.2
59.3	115.2
59.3	114.7
59.4	112.6
59.5	111
59.5	109.7
59.5	109.2
59.8	106.3
59.8	105.2
59.8	103.7
59.8	103.4
59.9	96.9
59.9	94.2
60	91.4
60.2	84.8
60.2	80.6
60.2	79.6
60.2	75.6
60.2	75.1
60.2	74.1
60.2	73.5
60.2	72
60.3	69.4
60.5	66.7
60.6	65.4
60.6	63.6
60.7	62.5
60.7	61.8
60.8	60.7
60.8	59.9
61	58.6
61.2	59.4
61.2	59.9
61.2	62
61.3	64.1
61.8	65.9
61.8	65.9
61.8	65.4
61.8	64.1
61.8	63.9
61.9	63.6
62.1	63.9
62.2	65.4
62.3	67.8
62.4	70.4
62.6	71.2
62.7	69.6
62.9	68.3
63	70.1
63.3	71.4
63.3	70.9
63.3	68.6
63.3	66.7
63.7	64.4
63.9	62.5
63.7	61.2
63.9	61.8
64.1	62.3
64.2	60.7
64.4	58.4
64.5	57.8
64.6	56.5
64.9	54.2
64.8	55.2
64.9	57.6
65.1	58.1
65.2	58.6
65.3	57.3
65.5	54.2
65.5	53.4
65.6	51.3
65.6	51
65.8	50
65.8	49.4
65.9	48.7
66	47.9
66	47.9
66.1	49.7
66.3	52.6
66.3	54.7
66.3	54.9
66.3	56.5
66.5	58.1
66.6	59.1
66.6	60.4
66.7	61.5
66.7	62
66.8	63.6
67	64.6
67	64.9
67	64.9
67.2	64.4
67.2	63.1
67.3	61.5
67.4	60.4
67.5	59.1
67.5	58.9
67.7	56.8
67.7	55.7
67.8	54.2
67.9	53.9
68	54.2
68.1	56
68.3	57
68.4	57.3
68.4	56.8
68.4	55.5
68.5	56.8
68.7	59.1
68.7	59.9
68.9	62
69	62.8
69	62.8
69.1	62.8
69.1	62.8
69.4	61.2
69.4	61.2
69.5	59.9
69.5	59.1
69.6	58.9
69.8	59.9
69.8	60.2
70.1	61.2
70.1	61.2
70.2	62
70.2	61.5
70.2	59.1
70.3	57.8
70.3	57.6
70.4	56.5
70.6	57.6
70.6	60.4
70.9	64.6
70.9	67
71	69.1
71	69.4
71	69.9
71.2	70.7
71.5	68.3
71.7	66.7
71.8	66.5
71.8	65.4
71.8	65.2
71.8	63.3
72	62
72.1	61.5
72.2	61
72.2	61
72.4	62.8
72.4	67.3
72.4	69.4
72.4	69.6
72.6	71.2
72.6	74.1
72.6	75.4
72.6	76.2
72.8	78
72.9	78.5
73	76.9
73	77.2
73	77.2
73.1	78.5
73.3	80.9
73.3	81.1
73.4	82.7
73.4	82.7
73.4	83.8
73.4	85.6
73.4	87.4
73.6	89
73.6	89
73.6	90
73.6	90.3
73.7	91.4
73.7	91.6
73.7	92.4
73.8	92.9
73.8	93.2
73.8	93.4
73.8	94
73.8	94.5
73.8	94.8
73.8	95
73.9	95
74.1	95.3
74.2	94.5
74.2	94.8
74.2	95
74.2	95.5
74.2	95.8
74.3	95.8
74.3	94.2
74.5	93.2
74.7	93.4
74.8	94.5
74.7	94.8
74.9	94.8
75.1	94.5
75.3	93.2
75.3	93.7
75.3	95.3
75.4	96.6
75.4	97.1
75.5	97.9
75.6	98.4
75.6	98.9
75.6	99.2
75.6	99.5
75.8	98.9
75.8	98.9
75.9	98.7
76	98.4
76	97.9
76	97.9
76.1	97.4
76.2	95.8
76.2	94.5
76.3	94
76.3	93.2
76.3	93.2
76.3	92.9
76.4	92.1
76.4	91.9
76.5	92.1
76.5	94.2
76.5	96.3
76.5	96.6
76.5	98.2
76.5	98.4
76.5	99.7
76.6	101.3
76.9	102.4
76.9	101.3
76.9	101
77	100.3
77.2	101.3
77.4	101.8
77.5	101.6
77.5	100.3
77.6	99.7
77.6	99.5
77.7	98.4
77.8	98.2
77.9	99.2
78	100.5
78	101
78.1	101
78.2	100.3
78.3	101
78.3	103.1
78.3	103.1
78.5	105.2
78.6	107.3
78.6	107.9
78.6	108.6
78.6	110.7
78.6	112
78.8	112
78.9	110.5
79	108.6
79	108.1
79	107.3
79.2	105.2
79.4	104.4
79.5	103.9
79.5	106
79.5	106
79.5	107.6
79.6	108.4
79.7	107.6
79.7	107.3
79.8	106.3
79.9	106
80	105
80.1	104.2
80.2	103.1
80.3	103.4
80.3	105.2
80.3	107.3
80.3	108.4
80.3	108.6
80.6	108.1
80.7	106.5
80.7	106.5
80.7	107.6
80.7	108.1
80.7	109.2
80.9	109.9
81.1	110.5
81.1	111.5
81.2	112
81.4	112
81.5	112
81.5	112
81.6	110.5
81.6	109.9
81.6	108.4
81.6	107.3
81.7	105.8
81.7	104.2
81.8	103.7
81.8	103.1
81.9	102.4
81.9	101.8
82	102.4
82	105.5
82	106.3
82	107.3
82	108.4
82.1	107.6
82.2	107.3
82.2	106.3
82.3	105.8
82.4	105.8
82.5	106.5
82.5	107.1
82.5	108.4
82.5	108.6
82.5	109.7
82.7	110.5
82.7	110.5
82.8	110.2
82.8	108.1
82.9	107.1
83	105
83.1	103.9
83.1	103.1
83.1	102.9
83.2	102.1
83.2	101.6
83.5	102.4
83.6	102.6
83.6	102.4
83.7	101.3
83.7	100.8
83.8	102.1
83.8	104.2
84.1	101.3
84.2	100.8
84.3	100.3
84.4	98.9
84.4	98.7
84.5	98.2
84.7	99.2
84.7	99.7
84.9	98.7
84.9	97.9
84.8	96.9
84.9	96.1
85.1	95
85.1	95.8
85.1	96.3
85.1	97.4
85.2	99.7
85.3	100.3
85.4	100.3
85.6	101
85.6	101.3
85.5	103.4
85.5	104.2
85.6	105.5
85.7	106.5
85.7	106.5
85.8	105
85.9	104.2
85.9	103.1
85.9	101.8
86	100
86.1	98.9
86.1	97.6
86.2	96.6
86.3	95.5
86.4	96.1
86.4	97.6
86.5	98.9
86.6	98.9
86.6	98.9
86.6	98.7
86.7	97.9
86.8	96.9
86.8	96.1
87	95
87.1	95
87.1	94.8
87.1	96.3
87.2	97.6
87.2	99.2
87.3	101
87.3	101.6
87.3	102.6
87.4	104.4
87.4	105.2
87.4	105.5
87.4	106.5
87.6	108.4
87.8	109.4
87.9	108.4
87.9	106.8
88	106.3
88	104.4
88	103.7
88	102.9
88	101.6
88.2	100.3
88.3	101
88.3	101.3
88.3	102.1
88.3	102.9
88.4	103.1
88.5	103.1
88.7	103.9
88.8	104.4
88.8	104.7
88.8	105.8
88.8	106
88.8	106.8
88.9	107.6
88.9	108.9
89	109.2
89	109.9
89	110.5
89.2	111.3
89.4	112.6
89.4	110.7
89.5	110.5
89.4	108.4
89.5	105.8
89.5	103.7
89.7	101
89.6	98.7
89.6	96.6
89.6	96.1
89.7	95.8
89.7	94.5
89.7	92.9
89.7	92.1
89.8	92.1
89.9	93.4
90.1	95.5
90.3	98.4
90.3	99.2
90.3	100
90.4	101
90.5	101.3
90.5	101.3
90.6	100
90.6	98.9
90.8	98.9
90.8	100
90.8	100.8
90.8	101
90.8	100.5
90.8	100
90.9	100.5
91	101
91.1	101.8
91.2	101.3
91.1	99.7
91.1	99.5
91.1	98.4
91.2	97.6
91.3	96.6
91.3	95.8
91.4	95
91.5	95.3
91.5	97.1
91.5	99.5
91.5	101.6
91.5	101.8
91.6	102.9
91.7	104.2
91.8	104.4
91.9	103.7
92	103.9
92.1	103.9
92.1	103.4
92.1	102.6
92.3	101.8
92.3	101
92.4	100.8
92.4	100
92.5	100
92.6	100.8
92.8	99.7
92.8	98.9
92.8	98.7
92.9	97.1
92.9	96.9
92.9	96.3
93	96.1
93.1	96.3
93.3	97.4
93.3	97.4
93.4	97.6
93.4	96.9
93.6	96.1
93.7	95.3
93.8	95
93.9	95
93.9	96.6
93.9	98.4
93.9	98.7
93.9	98.7
94	100.3
94.1	100.5
94.1	101
94.2	100.3
94.2	99.7
94.4	100
94.5	101.3
94.5	100.8
94.5	100.5
94.6	99.5
94.7	98.2
94.8	97.6
94.9	100
94.9	100.5
95.1	100.5
95.1	100.3
95.2	98.4
95.3	98.4
95.4	100.3
95.4	100.5
95.4	101.8
95.5	103.4
95.5	104.4
95.6	105.2
95.6	105.2
95.7	104.2
95.7	103.1
95.7	102.4
95.8	102.1
95.9	101.6
95.9	100.5
96	98.9
96	97.9
96	97.1
96	96.9
96.1	96.3
96.2	95
96.3	94.2
96.4	93.2
96.5	91.4
96.5	90
96.5	89.8
96.5	89.3
96.5	89
96.6	88.2
96.6	87.9
96.7	89.3
96.8	90.3
96.9	91.1
97	92.9
96.9	94.5
96.9	95.3
96.9	97.1
97	98.7
97.1	100
97.2	100.8
97.3	102.1
97.4	102.6
97.6	102.4
97.6	102.1
97.7	100
97.7	98.9
97.8	98.4
97.8	97.9
98	96.9
98	96.6
98.1	96.3
98.2	96.1
98.2	96.1
98.3	97.6
98.3	97.9
98.3	99.5
98.3	99.5
98.5	100.5
98.5	101.3
98.5	101.3
98.5	101.6
98.6	101.6
98.6	102.4
98.6	103.4
98.7	104.4
98.7	105.2
98.7	105.5
98.7	106
98.7	106.3
98.7	106.5
98.7	107.6
98.8	108.1
98.8	108.4
99	108.6
99	107.6
99.1	105.2
99.1	105.5
99.1	106.5
99.1	106.5
99.1	107.3
99.2	107.3
99.3	106.5
99.4	106.5
99.4	106.5
99.4	107.1
99.4	107.6
99.6	108.4
99.6	108.4
99.6	108.4
99.7	107.9
99.8	106.5
99.9	103.7
99.9	101.6
99.9	101.3
99.9	101
99.9	100.3
99.9	97.9
99.9	97.6
100	97.6
100.1	97.4
100.1	97.4
100.2	97.4
100.3	98.7
100.3	98.9
100.3	99.5
100.5	99.5
100.6	100
100.6	100
100.6	101.3
100.6	102.1
100.6	102.4
100.9	102.6
100.9	103.4
101	103.7
101	103.7
101.3	103.7
101.4	103.1
101.4	102.4
101.4	102.1
101.5	100.5
101.5	98.7
101.6	97.1
101.6	95.8
101.7	95.5
101.8	96.3
101.9	96.9
102	96.9
102.2	96.3
102.4	95
102.4	95
102.4	94.8
102.4	95
102.5	96.1
102.5	97.1
102.6	98.2
102.7	98.4
102.8	98.7
102.8	98.7
102.9	98.7
102.9	98.7
103	99.2
103	100.3
103.2	101.6
103.2	102.4
103.2	102.4
103.2	103.4
103.2	103.7
103.3	103.9
103.4	103.4
103.4	102.6
103.5	103.1
103.5	103.7
103.6	103.9
103.6	104.2
103.7	104.4
103.8	103.1
103.8	102.4
104	103.7
104	103.9
104	103.9
104	104.4
104.1	104.4
104.2	103.7
104.2	103.4
104.2	102.6
104.4	102.4
104.6	103.7
104.6	103.7
104.6	103.1
104.6	102.4
104.7	102.4
104.8	103.1
104.9	103.1
104.9	101.8
104.9	101.6
105.1	102.1
105.1	102.6
105.2	103.1
105.2	103.9
105.3	104.2
105.3	104.2
105.4	103.4
105.5	102.1
105.5	101.8
105.5	101.8
105.6	102.6
105.6	103.1
105.7	103.4
105.7	103.4
105.8	102.9
105.9	102.9
106	103.9
106	103.9
106.1	103.1
106.2	101.8
106.3	100.8
106.4	100.8
106.5	102.1
106.6	103.1
106.6	104.2
106.7	104.4
106.9	104.4
107.1	105.5
107.1	105.8
107.1	106
107.1	106
107.2	104.7
107.2	104.7
107.3	104.2
107.3	103.9
107.5	104.4
107.6	105.5
107.7	105.8
107.7	105.8
107.7	105.2
107.8	103.9
107.8	102.6
107.8	102.4
107.8	102.1
107.9	101.6
108	101
108	100
108.1	100
108.2	101.8
108.2	102.1
108.2	102.9
108.3	103.1
108.4	102.6
108.5	102.1
108.6	101.8
108.6	101.6
108.6	101.6
108.6	101.6
108.7	102.1
108.8	102.4
108.8	102.4
108.9	101.6
108.9	101
109	100.8
109.2	102.1
109.3	103.1
109.4	104.7
109.4	105.5
109.5	105.8
109.5	106.5
109.5	107.6
109.5	108.9
109.5	108.9
109.6	108.1
109.6	107.9
109.7	107.6
109.8	108.9
109.8	109.4
109.8	110.2
109.8	109.9
109.9	107.3
110	105.5
110.1	104.2
110.2	103.9
110.2	103.1
110.2	102.6
110.2	102.4
110.3	101.8
110.3	101.8
110.4	101.6
110.4	100.5
110.4	100
110.5	99.7
110.8	100.3
110.9	100.5
110.9	100.5
110.9	102.4
110.9	102.6
111	104.4
111	104.7
111.1	106.3
111.1	106.3
111.1	106.8
111.1	107.3
111.1	107.6
111.2	107.6
111.3	106.3
111.3	105
111.4	104.2
111.5	103.7
111.7	103.7
111.8	102.6
111.8	101.6
111.9	101
112.1	101
112.2	100.8
112.2	98.9
112.3	98.2
112.3	97.9
112.4	97.6
112.4	98.2
112.5	98.4
112.6	97.1
112.7	97.1
112.8	98.4
112.8	100.3
112.8	101.8
112.8	102.1
112.8	102.1
112.8	102.9
112.8	103.1
112.9	103.9
112.9	104.2
112.9	105
112.9	105.8
113	106
113	106
113.3	104.7
113.3	104.4
113.3	105.8
113.5	106.3
113.5	107.3
113.5	107.6
113.6	107.6
113.6	107.9
113.6	108.1
113.7	108.1
113.9	107.3
114	106.3
114.1	105
114.2	104.2
114.2	103.4
114.2	103.1
114.2	102.6
114.2	101.8
114.2	101.6
114.2	101
114.2	100.8
114.3	100.3
114.3	100.3
114.4	102.1
114.4	102.9
114.5	102.9
114.6	102.6
114.7	102.6
114.7	102.1
114.8	101.8
114.9	101.6
115	101.6
115.1	101.3
115.2	100.8
115.3	100.3
115.3	101.6
115.4	102.6
115.5	102.9
115.6	102.9
115.8	102.1
115.8	100.5
115.8	99.2
115.8	98.2
115.9	96.3
115.9	95
115.9	94
115.9	93.2
115.9	92.7
115.9	92.4
116	93.4
116	94
116	95.5
116	95.8
116.1	96.9
116.2	97.4
116.3	98.4
116.3	99.5
116.3	100.3
116.5	101.6
116.6	102.9
116.7	103.7
116.8	103.7
116.9	103.7
117	103.4
117	102.9
117.1	101.8
117.2	100.8
117.3	100
117.4	100
117.5	100.8
117.5	102.1
117.5	102.1
117.5	102.1
117.5	102.1
117.6	102.4
117.6	102.4
117.6	102.4
117.6	101.3
117.6	101.3
117.6	100.8
117.8	101.3
117.8	101.8
117.9	101.8
117.9	101.6
118	100.8
118.1	100
118.1	100
118.4	101.3
118.4	101.3
118.4	99.7
118.4	99.5
118.4	98.9
118.4	98.7
118.5	98.7
118.7	99.5
118.7	99.7
118.7	102.1
118.7	102.4
118.7	103.4
118.7	103.4
118.8	104.7
119	105.8
119	106.3
119.1	105.8
119.1	105.5
119.1	103.9
119.2	103.1
119.4	101.3
119.5	100.5
119.5	100.3
119.5	100
119.5	99.7
119.5	98.9
119.6	98.4
119.7	98.9
119.9	99.2
119.9	98.9
119.9	97.9
120	97.4
120.1	99.2
120.1	100.8
120.2	101.3
120.3	101.3
120.4	101.3
120.4	102.6
120.4	102.6
120.5	101.6
120.5	101.3
120.7	100.3
120.7	100
121.1	99.5
121.1	100.8
121.1	101
121.1	101.8
121.2	101.8
121.2	101
121.2	100.5
121.3	101.8
121.4	101.8
121.4	100
121.5	100
121.6	101
121.8	101.3
121.9	101.3
122	102.1
122	103.9
122	104.7
122.1	105.8
122.1	106
122.1	106.8
122.3	107.3
122.4	106.3
122.5	104.7
122.5	103.9
122.5	103.4
122.5	102.4
122.4	101
122.4	100.5
122.4	99.5
122.5	99.2
122.6	99.2
122.8	101
122.9	103.7
123	105
123	106
123.1	106.8
123.2	107.1
123.2	107.3
123.2	105.8
123.2	104.7
123.2	103.7
123.2	103.7
123.3	102.9
123.3	102.9
123.4	102.4
123.4	101.3
123.4	100
123.5	98.9
123.7	98.2
123.8	99.2
123.8	99.5
123.8	102.1
124	102.4
124.1	103.7
124.2	103.9
124.2	104.7
124.2	105.8
124.4	106
124.4	105.2
124.4	105
124.4	104.7
124.5	103.7
124.5	103.4
124.5	103.4
124.6	102.6
124.6	101.3
124.7	101
125	102.6
125.2	103.7
125.2	103.9
125.3	104.4
125.5	105.5
125.5	105.8
125.6	105.2
125.6	104.4
125.6	103.9
125.6	103.7
125.6	103.1
125.7	103.1
125.8	101.8
125.9	101.8
126	103.7
126.1	104.4
126.2	105
126.3	106.5
126.3	106.5
126.4	105.2
126.5	104.7
126.5	103.9
126.6	103.7
126.6	103.1
126.6	104.2
126.7	106.3
126.8	107.9
126.9	108.4
126.9	109.2
127.1	110.5
127.2	111.3
127.3	111.8
127.3	111.8
127.4	112
127.4	111
127.4	109.2
127.5	106.8
127.5	104.7
127.5	104.4
127.5	103.7
127.4	101.8
127.4	100.5
127.4	98.9
127.5	97.6
127.5	96.6
127.7	97.4
127.8	98.2
127.8	98.9
127.9	99.2
128	100
128.1	100.8
128.4	103.1
128.4	103.9
128.5	104.2
128.5	102.9
128.6	101.3
128.7	101.3
128.7	101.6
128.7	102.9
128.8	104.4
128.9	106.3
128.9	106.5
129	107.3
129.1	108.4
129.2	108.6
129.3	108.6
129.4	107.6
129.4	106.8
129.5	106.3
129.5	105.8
129.5	105.5
129.5	106.3
129.6	106.5
129.6	106.8
129.6	108.4
129.6	109.2
129.7	109.9
129.7	110.5
129.8	111.5
130	112
130	111.5
130.1	111
130.1	109.9
130.1	108.4
130.2	107.9
130.2	108.9
130.2	110.2
130.2	110.7
130.2	111.3
130.2	111.5
130.4	111.5
130.5	111.8
130.5	111.8
130.5	111
130.5	109.7
130.6	108.4
130.7	107.9
130.7	107.3
130.7	106.8
130.7	105.2
130.7	104.2
130.8	103.1
130.9	102.6
130.9	101.8
130.9	101
131	100.5
131.1	100.3
131.2	100.5
131.3	101.6
131.4	102.4
131.4	103.1
131.4	103.7
131.4	105.2
131.4	106.8
131.4	107.1
131.6	108.9
131.6	108.9
131.6	109.4
131.6	110.2
131.6	110.5
131.7	111.3
131.7	111.5
131.7	112
131.7	112.6
131.7	112.8
131.8	113.1
131.9	113.9
131.9	114.1
132	114.4
132	114.9
132.1	114.9
132.2	113.6
132.2	112.6
132.2	112
132.3	110.7
132.3	109.4
132.3	108.6
132.3	107.9
132.4	107.3
132.5	106.8
132.6	107.6
132.6	109.4
132.7	111
132.8	111.3
132.8	111.3
133	111.5
133	110.2
133	108.4
133	107.1
133	106.5
133	105.8
133.1	105.2
133.1	104.7
133.1	102.6
133.1	101.8
133.3	101.6
133.3	102.4
133.5	102.6
133.6	99.7
133.6	98.7
133.8	97.4
133.9	95.8
133.9	94.5
133.9	94.2
133.9	94.5
133.9	94.8
133.9	96.9
134	97.9
134	100
134	101.3
134.1	102.9
134.2	105.2
134.2	106
134.2	106.8
134.3	106.5
134.4	104.7
134.4	104.7
134.6	103.1
134.6	102.9
134.6	104.7
134.8	105.8
134.9	106.5
135.1	108.1
135.1	108.1
135.2	108.9
135.2	110.2
135.2	111
135.3	111.8
135.4	112
135.4	111.8
135.6	110.2
135.6	109.9
135.6	109.2
135.7	107.9
135.7	107.3
135.7	107.1
135.8	107.6
135.9	109.9
135.9	109.9
135.9	110.5
136	111.8
136	112.8
136.1	113.9
136.1	114.7
136.1	114.7
136.2	114.7
136.3	113.6
136.3	110.7
136.3	110.7
136.4	109.7
136.4	108.4
136.4	107.3
136.4	106
136.4	104.4
136.5	103.9
136.8	103.9
136.7	105.5
136.7	105.5
136.8	107.6
136.9	108.1
136.9	108.1
136.9	108.4
136.9	107.3
136.9	105.8
136.9	105
136.9	104.7
137.1	105.5
137.2	107.1
137.2	108.6
137.3	109.7
137.3	110.5
137.4	110.7
137.7	110.5
137.7	109.4
137.8	109.4
137.8	111
137.8	111
137.9	112.3
137.9	113.6
137.9	114.7
138	114.7
138.1	114.9
138.2	114.9
138.2	113.6
138.2	112.3
138.3	110.7
138.3	110.2
138.4	110.5
138.4	111
138.4	111.5
138.5	111.5
138.6	110.5
138.6	110.2
138.6	109.2
138.6	108.1
138.7	107.6
138.9	108.1
138.9	108.9
138.9	109.2
139.2	109.4
139.2	109.4
139.2	108.6
139.2	106.3
139.2	105.5
139.3	104.4
139.3	104.2
139.4	103.9
139.5	105
139.5	106.3
139.6	106.8
139.7	105.5
139.7	103.7
139.8	102.4
139.9	103.1
140	105.8
140.2	108.1
140.2	108.4
140.2	109.4
140.3	112
140.3	115.4
140.4	117.5
140.4	118.9
140.4	119.1
140.5	119.6
140.5	120.2
140.7	119.6
140.7	119.4
140.7	118.9
140.7	117.8
140.7	118.6
140.9	120.2
140.9	120.4
141	120.7
141	120.2
141	118.1
141.1	114.7
141.1	113.9
141.3	111.5
141.4	112.6
141.4	112.8
141.5	113.6
141.5	113.9
141.8	112.8
141.8	114.4
141.8	114.9
141.9	116.5
141.9	118.1
141.9	120.7
141.8	122.8
142	123.8
142.1	124.9
142.4	126.2
142.4	126.4
142.5	123.6
142.5	121.5
142.6	120.9
142.6	119.1
142.6	117.5
142.7	115.7
142.7	115.2
142.8	113.1
142.9	111.3
143	110.7
143	110.7
143	113.1
143.3	115.2
143.3	116.2
143.4	117.3
143.5	118.1
143.5	118.3
143.5	119.9
143.5	120.9
143.5	122.3
143.5	122.5
143.5	123.8
143.5	124.1
143.6	125.9
143.9	127
144	127.2
144	127.2
144.2	126.4
144.2	124.4
144.2	123.3
144.3	119.6
144.4	117.8
144.4	116.2
144.4	115.2
144.4	113.1
144.5	111.8
144.6	110.5
144.7	112
144.8	114.4
144.8	114.4
144.9	116
145	115.4
145	114.7
145.2	113.6
145.3	113.1
145.3	113.1
145.3	112.3
145.3	111.8
145.3	111.3
145.6	112
145.6	112
145.7	110.5
145.7	109.2
145.7	108.9
145.8	108.1
145.9	107.3
146.2	107.6
146.3	108.4
146.3	107.1
146.3	105.8
146.3	105.8
146.4	106
146.6	108.9
146.8	112
146.9	114.4
146.9	116.2
147	119.6
147	120.2
147	120.9
147.2	121.2
147.3	120.4
147.3	119.4
147.3	119.6
147.3	120.4
147.6	121.5
147.6	122.5
147.6	123.8
147.7	124.1
147.8	125.7
147.8	126.2
147.8	126.7
148	130.1
148	127.5
148	127.2
148	127.2
148	126.2
148.1	123.8
148.2	122.3
148.3	120.9
148.3	119.4
148.3	116.8
148.3	115.4
148.3	115.4
148.4	116
148.5	117
148.6	117.5
148.8	119.4
148.9	120.9
149	121.5
149	122.3
149	123.3
149.2	123.6
149.2	123
149.2	124.4
149.3	124.6
149.3	125.1
149.3	126.7
149.3	129.1
149.4	130.1
149.6	130.6
149.6	130.6
149.9	129.3
149.9	128.5
149.9	128.5
150.1	128.5
150.3	129.1
150.3	130.4
150.3	131.2
150.3	131.4
150.5	131.7
150.5	130.4
150.5	129.9
150.4	128.5
150.4	127.8
150.5	126.7
150.5	126.4
150.6	125.9
150.7	124.9
150.8	123.8
150.8	126.4
150.8	128
150.8	130.1
150.9	131.7
150.9	131.9
151	134.6
151	134.8
151.2	135.9
151.2	134.3
151.3	131.9
151.3	128.5
151.4	126.7
151.4	124.9
151.4	124.6
151.5	125.1
151.6	127.8
151.7	129.6
151.8	129.6
151.8	129.9
151.9	128.5
152	125.9
152	125.4
152.1	123.8
152.1	122
152.1	120.2
152.2	120.7
152.3	121.2
152.4	123.3
152.5	125.4
152.6	126.4
152.7	127
152.8	127.5
152.8	127.5
152.9	123.3
153	120.9
153	119.1
153.1	116.8
153.2	112.8
153.3	110.7
153.3	109.2
153.3	108.1
153.4	107.1
153.5	107.1
153.5	110.5
153.6	113.4
153.7	113.6
153.8	116
153.8	118.6
153.8	119.9
153.9	120.2
154	120.7
154	120.9
154	118.6
154.1	116.2
154.2	115.7
154.2	114.4
154.2	112.3
154.3	111
154.4	111
154.4	111.5
154.5	113.4
154.5	113.6
154.6	113.6
154.6	112
154.7	109.9
154.7	108.1
154.7	107.9
154.8	106.3
155	104.7
155	103.1
155	100.8
155	98.7
155	97.4
155.1	95.8
155.2	94.2
155.2	93.7
155.3	94
155.4	95.3
155.4	95.8
155.5	97.1
155.5	99.5
155.6	100.8
155.7	103.1
155.9	105.5
155.9	106.5
155.9	108.6
156	109.7
156	109.9
156.1	110.5
156.1	110.5
156.1	109.9
156.1	107.1
156.2	106.3
156.5	103.9
156.6	102.9
156.6	101.6
156.5	100.3
156.5	97.6
156.6	95
156.6	93.2
156.6	92.7
156.6	91.4
156.6	89.3
156.7	87.4
156.7	85.9
156.6	84.5
156.6	84.5
156.6	83.2
156.6	82.2
156.8	81.7
157	81.7
157.1	81.7
157.1	81.9
157.1	81.9
157.2	86.4
157.3	89.3
157.5	90.6
157.6	92.1
157.6	92.9
157.7	94.8
157.7	96.1
157.9	96.9
158	96.9
158	95
158.1	95.5
158.2	97.9
158.2	98.2
158.3	99.7
158.3	100
158.5	103.4
158.5	105
158.5	106.3
158.5	106.5
158.6	107.3
158.6	107.3
158.7	104.7
158.8	103.9
158.8	102.1
158.9	99.2
158.9	97.6
159	97.4
159	96.1
159.1	94.2
159.1	93.4
159.2	92.9
159.2	92.1
159.3	90.8
159.3	89.5
159.4	89.3
159.5	88.7
159.6	88.7
159.7	90.8
159.8	94.5
159.9	97.4
159.9	98.9
160	101.3
160.1	104.2
160.1	104.4
160.2	106
160.2	106.5
160.3	107.9
160.3	109.7
160.3	111.3
160.3	112.3
160.4	114.4
160.4	116
160.6	118.6
160.6	119.1
160.6	120.2
160.6	120.7
160.8	118.1
160.8	114.1
160.9	109.4
160.9	109.2
160.8	105.5
160.8	103.4
160.9	102.4
161.1	101.3
161.1	100.5
161.2	99.5
161.5	99.2
161.6	99.5
161.7	97.9
161.7	95.8
161.7	93.7
161.7	91.9
161.7	91.4
161.8	90.8
161.8	89.5
161.9	88.2
162	87.7
162.1	90.3
162.4	92.4
162.4	92.9
162.4	94.2
162.4	94.8
162.6	94.5
162.7	96.9
162.7	97.6
162.8	99.2
162.8	100.5
162.9	99.7
162.9	99.5
163	98.9
163.2	98.7
163.3	100
163.5	102.6
163.5	103.9
163.7	106
163.8	106.5
163.8	107.6
163.8	109.7
163.8	112.6
163.8	115.2
163.9	117.3
164	118.6
164	119.6
164.2	121.5
164.3	123
164.3	124.4
164.4	125.9
164.5	126.2
164.5	126.7
164.6	127
164.7	126.4
164.8	125.7
164.8	125.7
164.9	125.4
165	125.7
165.1	126.4
165.2	126.7
165.2	125.7
165.3	125.1
165.3	124.9
165.3	126.7
165.4	128.8
165.4	129.6
165.4	130.1
165.6	130.6
165.7	130.4
165.8	127.8
165.9	125.7
166	122.3
166	119.6
166	118.1
166.1	117.3
166.4	118.1
166.5	118.6
166.5	116.8
166.6	114.7
166.6	114.1
166.7	113.1
166.8	111.5
166.8	111.3
167.1	112.3
167.1	112.6
167.1	112.8
167.4	114.1
167.4	112.8
167.4	112.3
167.4	110.7
167.4	109.4
167.8	109.2
167.9	110.5
167.9	109.7
167.9	107.9
167.9	107.9
167.9	105.5
168	104.4
168	103.7
168.1	102.6
168.1	101.3
168.3	100.8
168.4	100.8
168.5	103.4
168.5	104.2
168.6	107.3
168.7	108.1
168.8	110.5
168.9	112.8
169	113.6
169	116.8
169	118.3
168.9	119.9
168.9	120.7
169	121.7
169.1	122.3
169.2	122.8
169.4	122.8
169.5	122.3
169.6	120.7
169.7	119.1
169.7	118.9
169.8	118.1
169.8	119.4
169.8	119.4
169.8	120.7
170	122
170	123
170.1	123.8
170.1	125.1
170.2	126.2
170.3	127.5
170.3	127.5
170.4	127.8
170.5	125.1
170.7	123
170.8	124.4
170.9	124.6
170.9	125.4
170.9	126.2
171	126.2
171	124.9
171	124.9
171.1	124.4
171.2	123.3
171.4	123.8
171.5	123.8
171.5	123
171.5	122.8
171.6	122.5
171.6	122.5
171.5	119.9
171.5	119.4
171.5	118.1
171.6	117
171.6	116.2
171.7	115.2
171.7	114.9
171.8	114.4
172.1	115.2
172.2	116.2
172.2	116.5
172.3	118.3
172.5	119.6
172.6	120.2
172.7	119.4
172.9	117.5
173	116.2
173.1	114.4
173.1	113.4
173.2	112.8
173.2	112
173.3	110.2
173.5	109.4
173.7	111
173.8	112.8
173.7	114.4
173.7	114.7
173.7	116.2
173.7	117
173.9	117.3
174	116.2
174	114.9
174.2	114.4
174.2	113.1
174.2	111.3
174.2	109.9
174.2	109.7
174.2	108.6
174.2	107.6
174.2	106.8
174.2	106
174.2	106
174.4	106.5
174.6	108.4
174.7	109.4
174.7	109.9
174.8	109.4
174.8	108.1
174.8	107.6
174.8	107.1
174.9	105.2
174.9	104.2
174.9	103.9
175	103.7
175.1	102.9
175.1	102.4
175.2	102.6
175.3	103.1
175.4	104.2
175.4	105
175.4	106
175.5	106.5
175.5	106.8
175.6	106.8
175.7	105.2
176	105
176	104.7
176.1	104.2
176.1	103.4
176.1	102.9
176.2	103.1
176.2	103.4
176.2	104.2
176.3	105.2
176.4	106
176.5	106.8
176.6	105.8
176.7	105.2
176.7	105
176.8	104.7
176.9	104.7
177	105.8
177	107.9
177	109.2
177	110.2
177.3	110.2
177.4	110.7
177.5	113.1
177.5	113.4
177.6	114.7
177.6	115.2
177.6	115.4
177.8	114.7
177.9	112.8
177.9	112.6
178	111.3
178.1	110.2
178.1	109.7
178.2	108.9
178.3	111.8
178.3	113.1
178.3	116
178.3	116.2
178.4	117.8
178.5	118.6
178.7	121.7
178.8	123.6
178.8	123.8
178.8	125.4
178.9	127.5
178.9	129.3
178.9	129.6
178.9	129.6
179.1	128
179.1	126.2
179.1	125.7
179.2	124.4
179.2	123.8
179.2	122.8
179.3	123.6
179.4	124.9
179.4	125.4
179.4	125.4
179.5	123.8
179.5	122.5
179.6	121.5
179.7	119.9
179.7	119.4
179.8	117.8
179.9	118.6
179.9	120.2
180	120.4
180.1	120.2
180.1	119.1
180.2	118.3
180.5	117.5
180.5	117.5
180.6	117.8
180.7	119.1
180.7	119.4
180.7	120.7
180.7	121.5
180.8	122.3
180.9	123.3
181	123.6
181	124.1
181.2	124.6
181.2	123.3
181.2	124.6
181.2	125.1
181.3	126.4
181.4	127.5
181.6	127.8
181.6	127.5
181.7	126.2
181.7	124.6
181.8	123.6
182	124.4
182.1	123.8
182.2	122.3
182.2	120.4
182.3	120.4
182.4	120.7
182.5	119.9
182.5	119.1
182.6	118.1
182.6	117.8
182.7	117
182.7	116.5
182.8	119.4
182.8	119.6
182.9	120.9
182.9	122.3
183.1	120.4
183.2	118.3
183.2	118.1
183.3	116.8
183.3	115.4
183.5	113.6
183.5	112.8
183.5	111.5
183.5	110.7
183.5	112.6
183.6	113.9
183.6	114.4
183.7	116
183.9	115.7
184	113.4
184	113.1
184.1	112.6
184.2	113.6
184.3	114.4
184.3	115.2
184.3	115.4
184.5	116
184.5	116.5
184.6	117.3
184.7	117.8
184.7	119.1
184.8	120.4
184.9	120.7
185.1	119.9
185.2	119.4
185.3	119.4
185.5	120.7
185.7	121.7
185.7	122.3
185.7	120.7
185.6	119.1
185.6	118.1
185.7	117.3
185.7	117.3
185.9	117.3
186.1	115.7
186.1	115.2
186.1	114.9
186.1	114.1
186.1	113.9
186.3	114.4
186.4	113.6
186.5	112
186.8	112.6
186.8	114.7
186.7	116.2
186.7	117.5
186.7	117.8
186.7	118.6
186.8	119.9
187	120.9
187.1	120.9
187.2	120.4
187.2	118.6
187.3	117
187.3	115.4
187.4	115.4
187.5	117
187.7	116.8
187.8	116
188	115.4
188.1	114.7
188.1	114.1
188.2	113.1
188.2	113.1
188.3	114.1
188.4	115.4
188.4	116.8
188.5	117.3
188.6	115.7
188.7	115.7
189	119.1
189	120.2
189	121.5
189	123
189	124.1
189	124.9
189	125.1
189	125.9
189.2	126.4
189.4	124.4
189.4	122.5
189.4	120.2
189.4	119.1
189.5	117.5
189.5	116.2
189.5	114.7
189.5	114.1
189.5	113.6
189.6	114.4
189.7	116
189.8	117.8
189.9	118.3
190	117.5
190	116
190.2	114.9
190.2	114.4
190.2	113.9
190.3	115.4
190.4	117.3
190.5	116.5
190.5	115.4
190.6	117.3
190.6	118.3
190.8	118.9
191	118.9
191.1	118.1
191.2	118.1
191.3	117.3
191.3	116
191.4	114.4
191.4	114.1
191.6	112
191.8	112.8
191.8	114.9
191.8	116.5
191.8	118.1
191.8	119.1
192	121.2
192.1	120.4
192.2	119.4
192.3	118.3
192.3	117.5
192.3	115.7
192.4	114.7
192.4	113.6
192.5	112.6
192.5	112.3
192.5	113.4
192.5	114.9
192.5	115.2
192.6	116.5
192.6	117.3
192.7	118.9
192.8	119.4
192.8	120.7
192.9	122
192.9	122.3
193	123.3
193	124.4
193.1	124.9
193.2	125.7
193.3	126.7
193.3	125.9
193.4	126.2
193.5	125.4
193.5	122.8
193.6	120.4
193.6	118.3
193.6	117.8
193.6	117.5
193.7	117
193.7	116.5
193.8	116.2
193.9	115.2
193.9	113.9
194	112.8
194.1	116.5
194.1	117.3
194.2	118.3
194.5	120.7
194.5	121.2
194.5	120.9
194.7	119.6
194.7	118.6
194.8	117.8
194.8	116.8
194.8	116.2
194.9	117.3
195	118.3
195.2	118.6
195.2	118.9
195.4	118.9
195.4	118.1
195.5	116.5
195.5	115.2
195.6	114.7
195.6	113.9
195.6	112.8
195.7	111.5
195.7	111.3
195.9	110.7
196	111.5
196	113.4
196	113.6
196.1	114.1
196.2	112.8
196.3	112
196.3	112
196.3	113.4
196.5	115.4
196.6	115.7
196.7	115.7
196.8	114.1
196.8	113.9
196.9	112.8
197	112.3
197	112.3
197.1	113.9
197.2	115.7
197.3	116.2
197.4	114.1
197.5	111.8
197.5	110.5
197.5	108.6
197.5	106.8
197.5	105.5
197.5	105.2
197.6	103.1
197.6	102.1
197.6	101.8
197.7	100.5
197.7	99.5
197.8	98.7
197.9	100
197.9	100.3
198	102.9
198	103.1
198.1	105.5
198.2	106.5
198.3	108.1
198.5	106.8
198.5	107.6
198.7	109.9
199	111.5
199.1	111.5
199.2	112.6
199.2	114.1
199.2	114.1
199.4	116.2
199.4	118.1
199.4	119.6
199.4	120.9
199.4	121.7
199.5	122
199.6	122
199.7	120.9
199.7	119.9
199.7	118.1
199.8	116.5
199.8	114.9
199.9	114.1
199.9	112.6
200	110.5
200.1	108.1
200.1	107.6
200.2	107.6
200.3	108.6
200.3	108.1
200.5	106.8
200.5	106
200.7	105
200.7	103.7
200.8	102.6
200.9	103.7
200.9	103.7
201	105
201	106
201.1	105.2
201.1	104.7
201.1	103.9
201.2	103.4
201.2	103.1
201.4	101.8
201.5	101.8
201.6	103.4
201.6	105
201.8	108.9
201.8	112
201.7	113.6
201.8	115.7
201.9	118.6
201.9	119.4
201.9	120.7
202.1	126.7
202.1	129.1
202.1	129.1
202.1	132.5
202.1	134.3
202.3	137.4
202.3	138
202.4	141.9
202.4	145.8
202.4	146.1
202.4	148.2
202.4	149.2
202.4	151.6
202.5	154.5
202.5	156.6
202.5	157.1
202.5	159.4
202.5	160.2
202.5	160.8
202.6	160.8
202.7	160.5
202.8	157.6
202.8	153.4
202.9	149
202.9	145.6
202.9	145
202.9	141.9
202.9	138.2
202.9	135.4
203	133.5
203	133.3
203	131.4
203	129.3
203	127.5
203.1	126.4
203.3	127.5
203.4	129.1
203.4	130.6
203.5	131.7
203.5	131.7
203.6	131.2
203.6	129.1
203.7	127.8
203.8	126.7
203.9	124.6
204	123
204	121.5
204.1	120.2
204.3	118.9
204.4	117
204.5	116
204.6	118.3
204.6	120.7
204.6	120.9
204.6	121.5
204.9	120.4
204.9	118.9
205	117.8
205.1	118.9
205.1	120.2
205.2	120.7
205.2	122
205.4	123
205.5	122.8
205.6	124.1
205.7	125.4
206	126.7
206	126.7
206.1	124.4
206.1	121.7
206.3	120.2
206.3	118.6
206.6	116
206.6	116
206.6	114.7
206.6	113.4
206.6	111.8
206.6	111.5
206.7	110.2
206.7	108.6
206.8	107.6
206.9	107.6
207.1	107.9
207.5	110.5
207.5	112.8
207.4	115.2
207.4	117.8
207.4	119.4
207.4	119.4
207.4	122.3
207.5	122.8
207.6	124.4
207.7	126.2
207.9	128.3
207.9	128.3
208	129.3
208.1	128.5
208.2	127
208.2	124.4
208.2	124.1
208.3	119.9
208.3	119.6
208.3	119.4
208.4	119.9
208.4	122
208.4	124.6
208.6	126.4
208.6	127
208.6	127.8
209	129.3
209.1	128
209.3	124.6
209.3	122
209.3	119.9
209.4	118.9
209.6	120.7
209.6	122.3
209.6	122.5
209.8	123.8
209.9	122.8
210.1	122.8
210.2	123.3
210.3	125.4
210.3	127.8
210.3	128
210.4	128.8
210.6	130.4
210.8	131.4
210.8	131.9
211	129.6
211.1	130.1
211.1	130.6
211.1	134.6
211.1	136.1
211.1	136.4
211.2	138.2
211.4	139.5
211.4	140.3
211.6	138.8
211.6	138.5
211.7	137.2
211.8	135.1
211.9	131.4
211.9	130.9
211.9	128.3
212	124.9
212	124.6
212.1	124.1
212.1	124.1
212.4	124.9
212.4	125.1
212.6	122.5
212.6	122.5
212.7	120.7
212.7	119.4
212.8	118.1
212.8	117.8
212.9	116.2
212.9	116
213	117.5
213	118.1
213.1	118.9
213.2	119.4
213.2	120.4
213.3	121.7
213.3	121.7
213.4	122.8
213.5	123
213.8	123
213.8	122.3
213.9	121.7
214	121.5
214	120.7
214	118.9
214	117.8
214.1	119.1
214.1	119.4
214.2	120.4
214.3	121.5
214.5	122.5
214.6	123
214.7	121.7
214.7	120.7
214.7	120.7
214.8	120.4
214.9	119.9
215	119.1
215.2	118.9
215.2	118.3
215.2	118.1
215.2	117.5
215.3	117
215.6	118.1
215.7	118.9
215.7	119.9
215.7	121.7
215.8	122
215.9	122.5
216	122
216	120.7
216.1	119.1
216.1	118.1
216.1	117.8
216.1	117.8
216.1	116.8
216.1	115.2
216.3	114.1
216.3	113.6
216.4	113.6
216.4	113.1
216.5	113.1
216.6	113.9
216.6	115.4
216.8	116.8
216.9	117.3
216.9	116.8
217	114.9
217	114.1
217	113.6
217.2	112.3
217.2	112.3
217.2	111.3
217.2	109.9
217.4	108.4
217.5	109.2
217.5	109.4
217.5	111.3
217.6	112
217.7	111.3
217.8	111.5
217.8	112
217.9	113.4
218	115.4
218.1	116.5
218.1	116.8
218.1	117
218.3	116.8
218.3	116.8
218.3	115.4
218.3	114.4
218.4	114.7
218.4	114.9
218.5	115.2
218.7	115.2
218.8	114.4
218.9	114.4
219	113.9
219.1	115.4
219.2	117.8
219.2	119.4
219.2	119.4
219.2	120.4
219.4	119.9
219.5	118.6
219.6	119.6
219.7	119.9
219.8	120.7
219.9	121.7
219.9	122.8
220	123.3
220.1	123.3
220.2	122.3
220.3	121.2
220.3	119.9
220.4	118.3
220.4	116.8
220.4	116
220.7	114.1
220.9	114.7
220.9	116.5
220.9	116.5
221	118.9
221.1	120.4
221.1	121.2
221.2	122
221.3	121.7
221.3	120.9
221.4	120.9
221.4	122.3
221.5	123.6
221.6	125.4
221.6	125.9
221.7	126.7
221.8	126.7
221.8	128.3
222.1	130.9
222.1	131.7
222.1	132.2
222.2	134
222.3	135.6
222.5	134.6
222.6	131.7
222.6	129.3
222.6	127.8
222.6	125.9
222.6	123.8
222.6	123
222.7	120.9
222.7	120.7
222.8	119.9
222.9	119.9
223.1	121.5
223.1	124.1
223.3	124.4
223.3	122.5
223.3	122
223.4	123.8
223.5	125.1
223.6	126.4
223.7	126.7
223.8	126.7
223.8	125.4
223.9	125.4
224	126.2
224.1	127
224.1	127.8
224.1	128.8
224.3	129.9
224.4	130.1
224.4	129.1
224.4	128.3
224.4	127.5
224.6	127.5
224.6	127.5
224.6	127.2
224.7	126.4
224.8	125.1
225	125.7
225.1	125.7
225.2	126.2
225.2	125.9
225.3	125.9
225.3	124.9
225.3	124.6
225.3	124.1
225.4	123.3
225.6	122.8
225.6	122
226.2	127.2
225.9	121.7
226	122.3
226	124.6
226	126.2
226	126.4
226.1	127.8
226.2	129.6
226.2	129.9
226.3	132.2
226.3	133.8
226.3	136.1
226.4	137.2
226.5	136.1
226.5	135.1
226.7	136.7
226.8	137.4
226.9	137.7
227	133.8
227	133.3
227.1	129.9
227.1	127.5
227.1	125.1
227.1	125.1
227.1	123.6
227.3	121.7
227.5	122.8
227.5	124.1
227.6	124.1
227.6	123.6
227.6	124.1
227.8	125.9
227.8	126.4
227.8	127.5
228	125.9
228.1	123
228.1	121.2
228.3	119.4
228.3	118.1
228.3	116.5
228.3	115.7
228.3	114.7
228.4	114.7
228.5	116
228.5	116
228.6	117.5
228.6	120.2
228.7	121.7
228.8	122.3
228.8	123
228.9	124.9
228.9	126.4
229.1	125.1
229.1	123.8
229.1	123.3
229.2	124.1
229.3	125.9
229.3	126.4
229.5	124.4
229.5	122.3
229.5	121.7
229.6	120.7
229.8	120.7
229.8	122.8
229.8	123
229.8	124.6
229.8	127.2
229.9	129.1
229.9	129.6
229.9	130.9
230	132.7
230.1	134.8
230.1	135.1
230.2	135.6
230.2	135.6
230.4	133.8
230.4	131.9
230.4	131.7
230.4	132.2
230.6	133
230.6	133
230.7	129.1
230.7	125.1
230.7	123.3
230.7	123
230.7	121.7
230.9	120.2
231	119.6
231	122.3
231.1	122.5
231.1	124.4
231.3	125.4
231.4	127
231.5	127
231.5	124.9
231.4	122
231.5	120.2
231.5	119.1
231.6	118.3
231.6	118.3
231.7	117.5
231.7	115.7
231.8	114.4
231.8	114.1
231.9	113.4
231.9	112
232	111
232	110.7
232.1	108.6
232.2	108.4
232.2	108.4
232.2	109.2
232.3	108.6
232.3	107.9
232.4	107.6
232.4	106.5
232.5	107.3
232.5	108.4
232.5	109.4
232.6	111
232.6	111.3
232.7	112
232.7	112.6
232.7	113.1
232.9	114.7
233.1	116.8
233	118.9
233	119.6
233.1	121.7
233.3	124.1
233.3	126.4
233.3	127
233.5	130.4
233.5	130.6
233.5	131.7
233.6	132.5
233.7	132.5
233.8	127.8
233.9	125.7
234.1	124.6
234.1	124.4
234.2	122
234.2	119.9
234.2	117.8
234.2	116
234.3	114.9
234.3	113.9
234.5	113.4
234.5	115.4
234.7	116
234.9	115.4
235	118.6
235	121.7
235	123.8
235	123.8
235	123.8
235.1	126.2
235.3	128
235.3	130.1
235.4	130.4
235.6	132.5
235.8	134
235.8	132.5
235.9	128
236	125.4
236.1	123.6
236.1	122.5
236.1	120.7
236.2	120.4
236.3	118.9
236.3	118.9
236.3	119.6
236.4	121.2
236.6	120.4
236.6	120.2
236.6	120.2
236.7	122.8
236.8	123.3
236.8	120.7
236.8	118.6
237.1	118.3
237.2	116
237.2	113.1
237.3	111.5
237.3	108.1
237.4	106.8
237.4	106.5
237.6	105
237.8	100.3
238	98.4
238.2	101
238.2	103.7
238	107.6
238	107.9
238	110.5
238	111.3
238.2	115.4
238.3	117.5
238.3	117.8
238.3	119.6
238.3	121.7
238.4	122.5
238.5	120.9
238.5	119.6
238.5	117.8
238.7	114.7
238.7	116.2
238.7	119.4
238.8	120.2
238.8	121.5
238.9	124.4
239	126.4
239.1	128.3
239.1	129.3
239.2	129.6
239.2	127.5
239.2	125.7
239.3	125.1
239.3	122.5
239.4	121.2
239.5	120.2
239.6	119.6
239.7	118.9
239.7	118.9
239.7	118.3
239.8	120.4
239.9	123.3
239.9	123.6
240	126.4
240.2	128.5
240.3	131.9
240.3	133.8
240.3	134
240.4	136.1
240.4	136.1
240.4	137.4
240.5	139.3
240.5	141.1
240.5	141.4
240.5	141.6
240.6	141.6
240.8	140.9
240.9	140.1
240.9	137.4
240.8	133.3
240.8	131.4
240.9	130.9
240.9	129.6
241	128.8
241.1	127.2
241.2	125.4
241.3	124.9
241.3	122
241.3	119.9
241.3	119.6
241.4	118.3
241.4	118.1
241.6	117.5
241.6	119.9
241.6	123.6
241.6	124.1
241.8	126.2
241.9	129.6
241.9	130.4
242.1	130.1
242.1	130.6
242.1	132.2
242.1	133.8
242.2	135.6
242.4	136.7
242.5	135.6
242.5	133
242.5	132.7
242.6	131.4
242.7	130.4
242.9	129.6
243	129.6
243	128.8
243	126.7
243	125.4
243	125.4
243	120.4
243	119.6
243.1	119.4
243.3	119.4
243.5	122.5
243.6	125.4
243.8	127.8
243.8	128
243.8	128
243.9	126.4
243.9	123.6
243.9	120.9
244	120.4
244	118.9
244	117
244.1	114.4
244.1	112.8
244.1	111.5
244.1	111.3
244.2	109.4
244.4	109.2
244.5	112.6
244.5	112.8
244.5	115.7
244.6	116.5
244.6	114.9
244.7	112
244.7	111.3
244.8	115.7
244.8	115.7
245.1	121.5
245.1	124.1
245.1	124.9
245.1	126.2
245.1	127.2
245.3	125.1
245.3	123.3
245.3	121.7
245.3	119.1
245.3	118.6
245.3	115.4
245.3	113.4
245.5	111.3
245.6	110.5
245.6	109.4
245.7	111.8
245.7	114.4
246	114.7
246	114.9
246.1	117.5
246.1	120.7
246.2	122
246.3	122.8
246.4	122
246.4	122
246.5	122
246.5	123
246.6	124.1
246.6	124.1
246.6	124.9
246.7	125.1
246.8	126.4
246.9	127.5
247.1	126.4
247.1	125.7
247.1	124.4
247.2	123.3
247.4	121.2
247.4	119.1
247.5	119.4
247.5	120.7
247.5	120.9
247.6	122.8
247.7	125.4
247.7	127.2
248	128.5
248.1	129.1
248.1	127.8
248.1	128.5
248.3	127.8
248.4	125.9
248.4	125.1
248.3	122.3
248.3	118.3
248.5	119.4
248.7	116.8
248.8	114.7
248.9	113.9
248.9	113.1
248.9	109.9
248.8	108.1
248.7	105
248.7	103.7
248.7	102.9
248.8	102.9
248.9	102.4
249	102.4
249.2	103.1
249.2	103.4
249.3	104.7
249.3	105
249.4	105.5
249.6	105.8
249.8	109.2
249.8	112.3
249.9	112.8
249.9	112.8
250.1	114.1
250.3	117.5
250.3	120.2
250.3	121.7
250.5	124.9
250.6	126.7
250.6	126.7
250.7	128.5
250.9	129.6
251	131.9
251	134
251	134.6
251	137.2
251	137.4
251.2	139.3
251.2	140.6
251.3	141.6
251.4	141.9
251.4	141.1
251.5	138.2
251.5	135.4
251.5	132.7
251.5	131.2
251.5	130.4
251.5	130.1
251.5	128.8
251.6	128.5
251.8	127.8
251.8	127
251.8	125.7
251.8	124.6
251.8	123.6
251.7	122.3
251.7	120.9
251.7	120.7
251.8	120.2
251.8	119.1
251.8	118.6
251.9	117.5
251.9	116.8
251.9	115.7
252	114.9
252	114.9
252.1	113.1
252.1	113.4
252.2	115.4
252.2	116.8
252.2	118.1
252.3	118.9
252.3	119.9
252.2	120.9
252.2	121.2
252.2	122.3
252.3	123.6
252.4	123.8
252.4	123.8
252.5	123.8
252.6	123.3
252.7	121.5
252.8	119.9
252.9	118.1
252.9	116.8
253	115.4
253	114.9
253	114.4
253	114.4
253.1	115.2
253.2	116.8
253.3	117.5
253.4	117
253.6	116.5
253.6	116.2
253.7	117.3
253.7	117.8
253.7	119.9
253.7	121.5
253.7	123.3
253.8	124.4
253.9	125.9
253.9	125.9
254	127.5
254.2	127
254.2	125.1
254.4	125.9
254.4	127.5
254.5	128.8
254.5	129.3
254.6	132.7
254.7	134.3
254.7	134.3
254.7	134.6
254.8	133.5
255	132.7
255	132.2
255	129.9
255	127
255.1	124.4
255.1	124.1
255.1	123
255.1	121.7
255.2	120.7
255.2	120.4
255.2	119.9
255.5	118.1
255.5	117.8
255.5	119.4
255.6	120.9
255.6	121.7
255.7	121.2
255.8	120.4
255.9	119.9
256	119.4
256	119.6
256.1	122.3
256.1	123.8
256.1	124.6
256.1	125.1
256.2	125.7
256.3	125.7
256.4	123.3
256.5	123.3
256.5	123
256.6	124.6
256.6	125.1
256.6	129.3
256.7	129.9
256.7	130.6
256.8	131.4
257	132.5
257.1	132.5
257.1	130.4
257.2	129.9
257.3	131.2
257.5	131.7
257.6	128
257.6	128
257.6	125.1
257.7	123.3
257.8	122.3
258	121.7
258	119.6
258	118.3
258	118.1
258.1	117
258.1	116
258.2	114.9
258.2	113.9
258.3	112.6
258.5	111.5
258.6	111.8
258.6	113.1
258.6	113.6
258.7	114.7
258.8	115.7
258.9	117
259	117.5
259	118.1
259.3	116.2
259.3	115.7
259.3	113.9
259.4	112.6
259.5	114.7
259.5	116
259.6	117.5
259.6	119.1
259.6	119.1
259.6	121.7
259.7	122.5
259.7	123.3
259.7	124.4
259.7	124.9
259.7	125.7
259.7	126.7
259.9	127.2
260	127
260.1	125.9
260.2	123.6
260.3	121.2
260.3	120.2
260.4	123.3
260.4	123.6
260.4	125.7
260.5	126.4
260.6	128.8
260.6	130.6
260.6	132.5
260.6	133.3
260.6	134
260.7	137.2
260.7	139.3
260.7	139.8
260.8	139.5
261.2	135.1
261.3	130.6
261.3	128
261.4	126.4
261.3	125.4
261.2	123.3
261.2	122.3
261.2	121.2
261.2	119.4
261.2	119.1
261.2	118.1
261.3	117.3
261.4	117.3
261.4	116
261.5	115.7
261.5	116.2
261.6	118.3
261.6	118.9
261.6	118.9
261.7	121.5
261.7	124.1
261.8	125.7
261.8	125.9
262	125.4
262.1	124.9
262.1	120.7
262.2	119.1
262.2	117.8
262.3	116.2
262.4	115.2
262.5	116.2
262.5	116.5
262.6	118.6
262.7	120.2
262.8	120.9
262.9	119.4
262.9	117
262.9	115.4
262.9	115.4
263	114.4
263	113.9
263.2	111.8
263.2	110.7
263.2	110.7
263.3	111.5
263.4	110.7
263.4	110.2
263.5	110.2
263.5	112
263.5	112.3
263.5	113.4
263.5	113.6
263.6	114.1
263.8	114.9
264	116.2
264	116.5
264.1	118.1
264.1	119.6
264.2	120.9
264.3	119.6
264.4	117
264.4	115.4
264.5	114.1
264.5	112.8
264.5	111.8
264.6	111.8
264.7	110.5
264.7	111
264.8	112.8
264.8	113.4
264.9	112
264.9	111
265	110.2
265.1	109.4
265.2	109.2
265.2	109.2
265.3	110.5
265.3	112.6
265.3	115.2
265.3	116
265.4	116
265.5	115.4
265.6	114.1
265.7	113.1
265.8	112.8
265.9	112.6
265.9	112.8
265.9	114.9
265.9	115.7
265.9	116.8
266.1	118.1
266.3	119.6
266.3	120.7
266.3	120.9
266.4	119.9
266.5	117
266.5	115.2
266.5	114.9
266.6	113.9
266.6	113.4
266.6	111.5
266.6	111.3
266.6	110.7
266.6	110.2
266.7	109.4
266.8	106.5
266.8	105.2
266.9	105
266.9	108.1
266.9	108.4
266.9	109.9
267	111.5
267.1	112.6
267.1	112.8
267.3	110.5
267.3	108.6
267.3	107.9
267.3	107.1
267.5	107.6
267.5	107.9
267.6	108.4
267.8	107.6
267.9	106
268	105.5
268	105.5
268	106.8
268	107.1
268.1	109.7
268.1	111.3
268.3	111.8
268.3	111.8
268.5	111.5
268.5	110.2
268.6	111.3
268.6	111.8
268.6	112.3
268.9	111.5
268.9	111.5
268.9	111.5
269	112.6
269	112.8
269	113.6
269	115.4
269	116.5
269.1	117
269.3	116.2
269.4	114.1
269.4	112.6
269.4	111.3
269.4	110.5
269.4	110.2
269.5	110.5
269.7	111.8
269.7	112.8
269.7	113.9
269.6	115.4
269.6	116.5
269.7	117.3
269.7	118.3
270	118.1
270	116.5
270	115.7
270.1	114.9
270.1	112.6
270.1	111.8
270.1	110.5
270.2	109.4
270.3	108.6
270.4	107.9
270.4	107.6
270.5	107.1
270.6	107.6
270.6	108.4
270.7	108.4
270.7	107.3
270.9	107.9
270.9	108.1
270.9	107.3
271	106.8
271.1	105.8
271.1	105.8
271.1	105.5
271.2	106.8
271.2	108.9
271.2	109.4
271.3	110.7
271.3	111.5
271.4	112.6
271.4	114.4
271.5	115.4
271.5	116.5
271.5	116.5
271.5	118.3
271.5	119.4
271.7	119.9
271.7	118.3
271.8	115.4
271.8	113.9
271.8	112.3
271.8	111.8
271.8	109.9
271.8	108.4
271.9	106.8
271.9	106.3
271.8	103.9
271.9	102.4
272	100.5
272	100.3
272.1	99.7
272.2	100
272.2	101.6
272.2	102.1
272.2	102.4
272.4	101
272.5	100.3
272.5	102.4
272.6	106.3
272.7	107.9
272.7	108.1
272.8	109.4
272.9	111.5
272.9	113.4
272.9	113.6
273	116
273	118.3
273.1	119.9
273.1	120.4
273.3	119.1
273.4	117.3
273.5	116.8
273.5	115.4
273.5	113.1
273.5	113.6
273.5	114.7
273.6	116.8
273.7	115.7
273.7	115.2
273.8	115.4
273.8	116.2
273.9	117
274.1	115.7
274.1	114.4
274.1	114.1
274.1	112.3
274.1	111.8
274.1	111.3
274.3	111
274.4	110.5
274.4	111.3
274.4	112.3
274.7	111
274.7	112.3
274.8	113.9
274.9	113.9
275	112.6
275.1	111.3
275.1	110.5
275.1	110.5
275.1	109.9
275.2	110.7
275.2	112
275.2	113.1
275.3	114.1
275.3	115.2
275.4	115.2
275.5	114.7
275.6	113.6
275.6	113.4
275.7	113.9
275.7	114.1
275.8	115.2
275.8	115.2
276	117
276.1	118.3
276.1	120.9
276.1	121.2
276.2	122.3
276.2	122.5
276.3	123.6
276.3	123.8
276.3	122.8
276.4	121.5
276.4	120.2
276.5	118.1
276.5	114.9
276.6	113.4
276.6	111.5
276.6	110.2
276.7	108.1
276.9	109.4
277	111.5
277	112.6
277.1	113.9
277.2	113.6
277.3	112.8
277.3	111
277.3	109.4
277.5	109.2
277.5	110.7
277.6	113.1
277.6	113.4
277.6	113.9
277.8	112
277.8	111.3
277.9	113.1
277.9	114.1
277.9	114.7
278	114.7
278	114.9
278.1	114.9
278.2	113.4
278.2	112.6
278.3	111.8
278.4	109.7
278.4	107.9
278.4	106.5
278.6	105.8
278.9	106.8
278.9	107.1
278.9	109.2
278.9	112
279	113.4
279.1	115.4
279.2	116.8
279.2	117
279.4	118.3
279.5	117.5
279.5	115.7
279.9	117
279.9	117
280	115.2
280	114.9
280	113.1
280.1	110.5
280.1	108.9
280.2	107.3
280.2	106.8
280.2	108.1
280.3	110.7
280.4	112
280.4	112.6
280.5	114.1
280.5	114.9
280.5	114.9
280.6	116
280.6	116.5
280.7	117
280.9	116
280.9	114.7
281.2	112.8
281.2	111.8
281.3	110.5
281.3	110.2
281.4	109.4
281.5	110.5
281.5	112.6
281.5	112.8
281.5	114.1
281.6	115.4
281.7	114.4
281.9	111.3
282	109.9
282.1	108.1
282.1	106.3
282.2	106
282.2	107.9
282.3	108.1
282.5	107.3
282.5	107.3
282.5	108.9
282.5	109.9
282.7	111
283	113.9
283	115.2
283.1	116.8
283.1	117.5
283.1	119.4
283.2	121.2
283.3	122.5
283.3	122.8
283.3	124.1
283.3	125.4
283.3	126.7
283.5	128.3
283.5	130.6
283.5	132.5
283.5	133.8
283.5	134.8
283.5	137.4
283.6	137.7
283.6	138.2
283.7	135.1
283.8	131.4
283.8	130.9
284	126.4
284.2	123.3
284.2	123
284.2	119.6
284.1	117.5
284	115.4
284	112.8
284	108.4
284.1	105.5
284.1	104.4
284.1	99.5
284.1	95.5
284.1	95
284.1	91.4
284.1	88.5
284.1	86.4
284.1	86.1
284.2	84
284.3	83
284.4	80.9
284.4	80.6
284.6	79.6
284.8	78.8
284.9	75.9
284.9	75.1
284.9	73.5
284.9	72
284.9	70.1
285.1	64.4
285.1	62.5
285.1	62
285.1	60.4
285.1	59.1
285.1	57.3
285.1	55.2
285.1	54.7
285.2	53.1
285.2	51.8
285.3	50
285.3	49.2
285.3	48.7
285.4	50.5
285.8	56.3
285.9	57.8
285.9	61
285.8	63.6
285.8	64.4
285.8	65.9
285.8	70.7
285.9	72.2
285.9	75.4
286.1	77.2
286.1	80.1
286.2	83.8
286.2	83.8
286.2	86.9
286.2	88.2
286.2	90.3
286.3	93.7
286.3	96.3
286.3	98.7
286.3	101.6
286.3	102.1
286.3	104.4
286.3	107.6
286.3	109.7
286.3	111
286.4	112.6
286.6	115.2
286.8	116
286.9	116
287	113.1
287.1	110.2
287.2	107.9
287.2	105.5
287.2	105
287.2	107.6
287.4	111
287.7	111.8
287.9	110.7
288	112.8
288.2	115.4
288.2	118.1
288.3	121.2
288.4	122.3
288.4	124.9
288.4	127.5
288.4	128.5
288.5	128.8
288.7	129.6
288.7	129.6
288.8	126.4
288.9	124.1
288.9	121.7
289	121.2
289	120.4
289	120.2
289.2	119.9
289.2	118.3
289.2	118.1
289.3	116.5
289.3	115.2
289.3	114.1
289.3	114.4
289.3	116
289.3	118.6
289.4	119.9
289.4	119.9
289.5	120.7
289.6	121.7
289.7	122.3
289.7	122.3
289.8	122
289.9	119.6
289.9	118.6
289.9	118.1
290	116.5
290	116.2
290	115.2
290	114.7
290	114.1
290.2	112.8
290.3	112
290.3	112.3
290.4	113.1
290.4	113.9
290.5	114.9
290.5	116.2
290.7	117.3
290.7	117.3
290.8	117.3
290.9	117
291	116.5
291	116.5
291.1	116.8
291.2	118.6
291.2	119.1
291.3	119.6
291.4	118.6
291.4	118.3
291.6	116.2
291.6	114.4
291.6	113.6
291.6	113.4
291.8	116
292	118.6
292.1	120.7
292.1	120.9
292.2	122.3
292.2	123.8
292.3	125.1
292.6	126.7
292.6	128.5
292.6	129.9
292.7	130.9
292.7	130.9
292.7	130.9
292.9	129.3
292.9	128.8
292.9	127
293	126.2
293.1	127.2
293.1	127.8
293.2	127.8
293.3	127.5
293.4	124.1
293.5	123
293.5	122
293.6	121.5
293.6	121.7
293.7	124.6
293.7	126.4
293.8	127
293.8	127.2
293.9	128.3
294	128.8
294	128.5
294.1	126.4
294.2	125.4
294.2	124.9
294.2	123.6
294.2	122.3
294.3	121.7
294.4	120.9
294.4	120.7
294.4	120.4
294.5	119.4
294.6	119.1
294.6	121.2
294.7	120.7
294.8	119.4
294.8	119.4
294.9	118.9
295	118.6
295	118.1
295	117
295	118.3
295.1	118.9
295.2	117.8
295.2	117.5
295.3	116.8
295.3	115.7
295.4	117
295.4	117.3
295.4	118.1
295.6	116
295.6	115.7
295.6	115.7
295.8	116.5
295.9	116.8
295.9	117.8
296	119.9
296	119.9
296	122
296.1	123.3
296.1	124.6
296.2	125.9
296.2	126.2
296.3	124.6
296.4	124.6
296.5	122.8
296.7	121.7
296.8	120.7
296.9	120.4
297	120.9
297	122.5
297.1	124.4
297.2	124.9
297.2	125.4
297.3	125.4
297.3	124.4
297.3	125.4
297.3	127.2
297.4	128.5
297.6	129.3
297.7	129.1
297.7	128
297.8	126.2
297.8	124.6
297.9	124.1
298	122.8
298	121.7
298	120.7
298.1	117.8
298.3	116.8
298.4	117.8
298.3	119.1
298.3	121.5
298.3	122
298.3	123.6
298.3	125.7
298.4	128
298.5	129.6
298.6	129.3
298.7	126.4
298.8	125.1
298.8	123.8
298.8	122
298.7	120.2
298.7	119.1
298.7	118.1
298.7	117
298.7	116.8
298.7	116.2
298.7	116
299	115.2
299	114.7
299	113.9
299	113.6
299	113.1
299	113.1
299	112.6
299.1	111.5
299.1	111.5
299.2	112.3
299.2	114.1
299.2	116
299.4	118.1
299.5	119.6
299.6	120.7
299.6	120.9
299.7	119.6
299.7	118.1
299.7	119.6
299.7	120.2
299.8	121.7
299.8	122.8
299.9	124.4
300	124.6
300	124.4
300.1	122.5
300.2	121.2
300.2	120.7
300.2	120.7
300.3	121.7
300.4	121.5
300.6	120.4
300.6	120.2
300.7	119.9
300.9	119.9
300.9	119.9
301	120.7
301.1	121.7
301.2	121.7
301.3	122
301.3	123.3
301.4	125.1
301.4	126.2
301.4	126.2
301.4	126.2
301.4	124.9
301.5	122.8
301.5	122.5
301.7	121.5
301.8	119.9
301.9	118.1
301.9	118.1
301.9	116.5
301.9	114.7
301.9	112.8
302	113.1
302	113.9
302.1	114.9
302.2	116.5
302.3	117.5
302.3	118.9
302.3	119.4
302.3	119.9
302.5	121.5
302.6	120.7
302.6	120.4
302.6	120.4
302.6	118.3
302.6	117.3
302.8	119.4
302.8	119.6
302.9	118.1
302.9	117.5
302.9	115.7
303	115.2
303	115.2
303.1	117.5
303.1	117.8
303.2	119.1
303.2	120.9
303.2	121.5
303.2	122.8
303.2	124.1
303.5	124.9
303.6	123.3
303.6	121.5
303.7	120.4
303.7	118.9
303.7	118.6
303.8	117
303.9	117
303.9	118.1
304	119.1
304	118.3
304.1	116.8
304.2	117.5
304.2	118.1
304.2	119.9
304.2	122
304.2	123
304.4	125.4
304.4	125.4
304.5	125.1
304.6	124.9
304.6	124.6
304.7	123.3
304.8	122.8
304.9	122.8
304.9	123
304.9	123.3
305	124.1
305	124.4
305	124.6
305	124.9
305	124.9
305	125.1
305.1	124.4
305.2	123.8
305.2	124.1
305.3	125.1
305.3	125.7
305.3	125.7
305.4	125.9
305.4	125.9
305.5	124.4
305.6	123.3
305.5	124.4
305.5	124.9
305.5	126.4
305.6	127.5
305.7	129.6
305.7	130.6
305.8	130.9
305.9	130.9
305.9	130.6
306	129.6
306	128.3
306.1	126.4
306.1	126.2
306.1	125.4
306.2	124.4
306.2	122.3
306.4	120.7
306.4	119.9
306.5	120.7
306.5	123
306.5	123.3
306.5	124.9
306.5	125.9
306.6	127
306.7	127.5
306.7	128.3
306.7	129.3
306.7	129.1
306.7	126.4
306.8	124.9
306.9	123.3
307	122
307	121.7
307	120.4
307	120.2
307	119.4
307.1	118.6
307.1	116.8
307.3	114.9
307.3	115.2
307.4	115.7
307.5	117.8
307.5	119.4
307.5	120.7
307.5	120.9
307.7	119.6
307.7	119.6
307.8	119.6
307.9	121.5
307.9	122.8
308	123.6
308	124.6
308	125.4
308	125.9
308	127
308	127
308.1	127.2
308.1	127.5
308.1	127.5
308.1	127.8
308.2	127.8
308.2	127.8
308.3	127.5
308.4	126.7
308.4	125.7
308.4	125.7
308.5	125.4
308.5	125.1
308.6	125.1
308.6	125.1
308.7	124.6
308.8	124.1
308.8	123
308.8	122.8
308.9	122
308.9	122
309	121.5
309	121.5
309.1	124.1
309.1	124.4
309.2	124.6
309.2	124.9
309.3	124.1
309.3	122.8
309.4	121.2
309.5	121.2
309.7	120.7
309.8	120.2
310.1	118.3
310.1	117.3
310.1	116.8
310.1	116.2
310.1	115.4
310.1	114.4
310.1	112.8
310.1	112
310	111.5
310	111.3
310	110.5
310	109.2
310.1	108.1
310.2	108.1
310.2	108.6
310.3	111.3
310.3	111.8
310.3	111.8
310.4	114.1
310.4	116.8
310.6	119.9
310.6	120.2
310.6	120.7
310.6	121.7
310.6	122.3
310.8	121.2
310.8	120.7
310.8	120.7
310.9	120.7
310.9	121.5
311	122
311.1	122
311.1	122
311.3	121.2
311.3	122
311.4	124.1
311.5	125.1
311.6	127
311.6	128.5
311.6	129.1
311.6	131.7
311.6	133.3
311.6	133.8
311.8	134.8
311.9	135.9
311.9	136.4
311.9	136.9
311.9	134.8
311.9	132.2
312	129.1
312.1	127.5
312.1	126.4
312.2	125.7
312.2	124.4
312.2	123
312.3	122.5
312.5	121.2
312.6	120.2
312.6	120.2
312.7	118.9
312.7	117.8
312.9	116.5
312.9	116.2
312.9	116
313	114.4
313	113.1
313	113.4
313.3	117
313.3	117.5
313.3	118.9
313.4	119.6
313.5	120.4
313.5	121.2
313.7	120.7
313.7	121.5
313.7	121.7
313.7	123
313.8	124.1
313.9	123.3
314	121.7
314	120.7
314.2	120.4
314.2	120.4
314.3	120.2
314.4	118.9
314.5	117.5
314.5	116.8
314.6	115.7
314.6	114.7
314.6	114.7
314.5	112.3
314.5	112
314.6	110.7
314.8	111.8
314.9	114.1
314.9	115.2
314.9	116.2
315.2	118.9
315.2	121.2
315.2	122.5
315.2	122.5
315.4	123.3
315.4	124.1
315.5	125.1
315.5	125.9
315.5	126.7
315.5	127.2
315.7	126.4
315.9	124.9
315.9	123.6
316	122.8
316	122.3
316.1	122.3
316.1	124.1
316.3	125.1
316.4	126.2
316.4	127.2
316.5	127.8
316.7	128.3
316.7	128.5
316.6	129.6
316.6	130.9
316.6	133
316.7	134.6
316.8	135.6
316.8	136.4
316.8	136.7
316.8	137.7
316.8	139
316.9	139.8
317	140.6
317	141.4
317.1	142.2
317.2	142.9
317.3	143.7
317.4	144.5
317.4	144.5
317.4	141.6
317.5	139
317.5	138
317.5	137.2
317.6	135.1
317.6	133
317.6	131.4
317.7	130.4
317.9	129.3
318	128.5
318.1	128.3
318.1	128.3
318.3	128
318.3	127.8
318.3	127.2
318.3	126.4
318.3	125.9
318.3	125.4
318.4	124.6
318.5	124.1
318.6	123.6
318.7	123
318.7	121.2
318.7	121.5
318.7	124.4
318.8	125.7
318.9	126.4
319	127.2
319.1	126.2
319.1	125.1
319.1	124.4
319.1	122.8
319.3	121.5
319.4	120.2
319.5	118.6
319.6	119.4
319.6	121.5
319.7	122.8
319.7	124.9
319.8	125.9
319.9	126.2
320	125.9
320.2	124.6
320.4	123.6
320.4	123.3
320.4	123.3
320.5	125.4
320.5	125.7
320.6	126.4
320.7	127.5
320.9	126.2
320.9	126.2
320.9	124.6
320.9	122.8
321.1	122.3
321.1	124.4
321.1	125.4
321.1	127.5
321.1	129.1
321.3	130.4
321.3	130.6
321.3	131.4
321.5	131.4
321.6	130.9
321.6	129.3
321.7	127.5
321.8	127.2
321.8	126.2
322	125.4
322.1	124.9
322.1	124.9
322.2	124.6
322.3	123
322.5	122.8
322.5	122.8
322.6	122.8
322.6	123.3
322.6	125.9
322.6	127.2
322.8	130.4
322.9	131.7
322.9	131.9
323	132.2
323.1	131.4
323.2	130.1
323.3	128.5
323.3	127
323.3	125.7
323.3	125.7
323.5	126.7
323.4	129.6
323.5	129.9
323.7	128.5
323.8	127.8
324	127
324.1	126.2
324.1	124.9
324.1	124.1
324.2	123.6
324.2	124.6
324.2	126.2
324.3	127.5
324.4	128.3
324.7	128.5
324.7	128.5
324.9	128.5
325.1	127.5
325.1	126.4
325.1	126.2
325.1	125.4
325.1	124.4
325.1	123.6
325.1	123
325.3	122.8
325.3	122.8
325.6	123.6
325.6	122
325.6	122.8
325.7	124.1
325.8	125.1
325.8	125.1
326	123.3
326	123.3
326	123.3
326	125.4
326.1	128.3
326.2	130.6
326.2	131.7
326.2	133.5
326.2	133.8
326.2	133.8
326.4	133.3
326.4	133
326.4	132.5
326.5	131.2
326.7	130.9
326.8	129.6
326.9	126.7
326.9	123.6
326.9	122
326.9	121.7
326.9	120.9
326.9	120.2
327	118.6
327.1	117.8
327.2	117.5
327.2	118.6
327.3	118.9
327.5	119.1
327.6	118.3
327.6	118.1
327.6	116.5
327.7	114.9
327.8	113.9
327.7	111.5
327.7	113.6
327.7	113.9
327.8	115.7
327.8	117
327.8	118.9
327.9	119.9
328	120.2
328.1	118.9
328.1	116.5
328.2	114.9
328.3	114.4
328.3	113.1
328.4	114.4
328.4	116.8
328.4	117.8
328.5	119.1
328.8	122.5
328.8	123.8
328.9	125.7
328.9	127.2
328.9	127.8
328.9	128.5
329	129.1
329.1	129.1
329.2	127
329.2	126.7
329.4	128
329.5	129.9
329.6	131.2
329.6	132.5
329.6	133
329.6	134.8
329.6	134.8
329.7	133.8
329.8	131.9
329.9	132.2
330	133.5
330.1	134
330.1	132.7
330.1	130.9
330.2	128.5
330.2	128.3
330.2	128
330.4	131.7
330.4	133
330.5	133.5
330.6	133.8
330.9	131.4
330.9	130.9
331	129.6
331	128.3
331	127
331.1	128
331.2	128.3
331.4	127
331.5	125.7
331.6	124.4
331.7	122.8
331.9	124.6
331.9	125.1
331.9	127.5
331.9	129.3
332	129.1
332.1	126.2
332.2	124.4
332.3	123.6
332.3	123.6
332.5	124.4
332.5	127.2
332.6	128.8
332.7	130.4
332.8	131.7
332.9	132.7
333	133.3
333.1	133.5
333.1	133.5
333.1	133.5
333.2	131.7
333.3	129.3
333.3	127.2
333.4	125.9
333.4	121.7
333.4	120.7
333.6	119.4
333.7	117.8
333.8	116.8
333.8	115.4
333.9	116.2
334	118.1
334	120.4
334.1	121.5
334.4	123.3
334.5	124.9
334.5	125.1
334.5	125.9
334.6	126.4
334.7	124.9
334.8	122.8
334.8	121.2
334.8	120.4
334.8	120.2
334.9	122.3
334.9	122.3
334.9	123.8
335.2	125.1
335.3	125.7
335.4	124.4
335.5	125.1
335.7	125.4
335.8	125.4
335.8	124.4
335.8	123
335.8	122.8
335.8	122.8
335.8	121.7
335.9	120.4
336.1	122
336.1	123.3
336.3	122.3
336.3	121.7
336.4	120.9
336.4	120.4
336.5	119.6
336.6	119.4
336.6	118.6
336.7	117.5
336.9	117.8
337.1	118.3
337.2	116.2
337.2	115.7
337.2	113.6
337.3	112
337.3	112.6
337.4	116.2
337.4	117.3
337.4	119.1
337.5	121.2
337.5	121.2
337.6	122.5
337.6	123.6
337.6	123.8
337.7	124.4
337.8	124.1
337.9	124.1
337.9	125.4
337.9	126.4
338	127.8
338	129.6
338	131.7
338.1	133
338.1	133.3
338.2	133.8
338.4	134.6
338.4	134.8
338.4	135.1
338.4	136.1
338.7	136.4
338.8	136.4
338.8	134
338.9	130.9
338.9	128
338.9	125.7
339	125.4
339	124.1
339	123
339	121.7
339.1	120.4
339.1	119.6
339.2	119.9
339.3	122.3
339.3	123.8
339.6	125.1
339.7	124.9
339.8	122.8
339.8	122.5
339.9	122.5
339.9	121.7
339.9	120.4
340	119.9
340	120.9
340.1	122.5
340.2	124.4
340.2	124.6
340.2	127.8
340.3	129.1
340.4	130.6
340.5	131.7
340.6	131.7
340.6	131.2
340.8	128.5
340.8	127
340.8	125.4
340.8	124.1
340.9	123
341	123.8
341	124.1
341.1	124.9
341.3	124.6
341.4	123.6
341.5	122
341.6	120.4
341.6	119.6
341.6	119.6
341.6	118.1
341.7	117
341.8	121.2
341.9	125.4
341.9	128.5
342	131.2
342.1	131.9
342.1	133.5
342.1	135.9
342.1	135.9
342.1	136.4
342.2	136.7
342.3	135.9
342.3	133
342.4	130.1
342.5	129.3
342.5	128.8
342.6	130.6
342.6	131.2
342.8	131.9
343.1	130.9
343.1	128
343.1	127.2
343.1	125.4
343.2	123.6
343.3	122.3
343.3	121.2
343.4	119.6
343.5	118.9
343.5	117.3
343.6	115.4
343.7	115.4
343.9	119.6
343.9	121.2
344	121.2
344.1	120.4
344.2	122
344.3	125.9
344.4	127.5
344.5	130.6
344.5	132.2
344.5	134.3
344.5	134.8
344.6	135.1
344.6	135.1
344.8	133.8
344.9	131.7
345.2	131.2
345.3	131.2
345.5	129.9
345.6	126.4
345.6	124.6
345.6	124.4
345.6	123
345.6	121.2
345.6	119.4
345.6	119.1
345.6	117.8
345.6	116.2
345.6	116
345.6	114.7
345.7	114.7
345.9	116.8
345.9	117.5
345.9	119.1
345.9	120.4
346.1	122.5
346.1	123
346.3	122
346.5	120.7
346.5	119.9
346.5	119.9
346.5	120.9
346.6	121.2
346.6	122.8
346.7	124.9
346.8	125.9
346.8	127.2
346.8	127.8
346.8	128.8
347	129.6
347.1	128.3
347.1	126.4
347.1	124.9
347.2	124.1
347.4	123.3
347.6	120.9
347.6	120.4
347.6	119.9
347.6	118.9
347.7	117.3
347.8	116
348	119.4
348.1	120.2
348.1	121.7
348.2	122.8
348.3	123
348.4	121.5
348.5	120.2
348.6	119.9
348.6	119.9
348.7	120.9
348.8	120.4
349	118.9
349.1	117.3
349.2	116.5
349.2	115.4
349.2	114.4
349.2	114.1
349.2	113.4
349.3	112.6
349.4	111.3
349.5	110.2
349.5	109.2
349.6	108.1
349.6	107.6
349.6	107.6
349.7	109.2
349.8	111.3
349.8	112.8
350.1	115.7
350.1	116.8
350.1	117
350.3	121.2
350.4	123.6
350.5	125.9
350.5	127.2
350.6	128.8
350.6	129.6
350.7	130.9
350.7	131.7
350.8	131.2
350.9	129.6
351	128
351.1	125.9
351.1	124.1
351.2	123.8
351.3	121.2
351.4	120.2
351.5	121.2
351.6	122.3
351.8	122.3
351.8	122
351.9	120.4
351.9	118.9
351.9	117.3
351.9	115.4
352	113.1
352.1	111.3
352.1	110.5
352.1	109.7
352.2	108.6
352.3	108.4
352.4	109.4
352.4	109.9
352.4	111
352.5	112
352.5	113.6
352.6	114.1
352.6	114.4
352.8	114.1
352.9	112
352.9	110.5
352.9	110.2
353	111
353	111.5
353	113.6
353.2	117.3
353.2	118.6
353.3	120.9
353.6	123.8
353.6	124.1
353.6	126.4
353.6	127.5
353.7	128.3
353.8	128.3
354	125.4
354	121.7
354.1	120.4
354.1	119.4
354.2	118.1
354.2	117.8
354.2	117.5
354.4	116.5
354.5	115.2
354.5	115.2
354.5	114.4
354.6	115.2
354.6	116.2
354.8	116.8
354.9	115.7
355	115.4
355.2	115.4
355.4	114.4
355.4	112.6
355.4	112.3
355.5	111.5
355.5	111
355.5	110.2
355.5	109.7
355.7	111.5
355.7	115.2
355.8	118.1
355.8	122
355.9	124.4
355.9	127.5
355.9	129.3
355.9	129.6
356	131.4
356.2	129.6
356.2	125.4
356.4	122.3
356.4	120.9
356.5	119.1
356.6	116.2
356.6	115.7
356.6	114.1
356.6	112.3
356.7	107.3
356.9	104.7
356.9	103.4
356.9	102.1
356.8	99.5
356.8	97.9
356.9	98.2
357	100.5
357	100.8
357.1	103.1
357.2	103.9
357.2	103.9
357.2	104.2
357.4	101.8
357.5	100
357.5	99.7
357.6	98.4
357.6	96.6
357.6	96.3
357.6	94.5
357.6	94.2
357.6	92.9
357.6	92.1
357.7	92.4
357.8	93.2
357.9	93.4
358	93.4
358	92.7
358	92.1
358	91.1
358	89.5
358	88.2
358	86.6
358.1	85.3
358.2	85.3
358.2	84.5
358.3	84
358.5	84.8
358.5	85.1
358.7	85.6
358.8	86.1
358.9	87.4
359	89.8
359	90
359	92.1
359	92.4
359	94
359	95.8
359	98.2
359.1	100.8
359.1	102.4
359.1	102.6
359.1	104.2
359	106.3
359	106.5
358.9	111.5
358.9	111.8
359	115.7
359	116.5
358.9	118.6
358.9	119.9
359.1	121.7
359.1	122
359.3	123
359.4	124.1
359.5	125.1
359.6	125.7
359.7	125.7
359.9	122
360	118.3
360.2	116
360.2	115.7
360.3	114.9
360.6	111.3
360.6	110.7
360.8	107.3
360.8	105.2
360.8	104.4
360.9	102.9
360.9	101
360.9	98.9
360.9	98.7
361.1	96.9
361.1	94.8
361.1	94
361.2	95.3
361.2	97.6
361.2	98.4
361.3	99.7
361.4	101
361.4	101.3
361.5	103.1
361.7	103.7
361.8	103.4
361.8	98.2
361.8	96.3
361.8	94.8
361.8	93.7
361.9	93.4
362	91.1
362.1	89.5
362.1	88.5
362.2	90.3
362.3	91.4
362.3	91.4
362.6	90.3
362.8	90.6
362.9	91.4
362.9	91.6
363	92.4
363	94.5
363.1	96.3
363.3	94.5
363.3	92.9
363.3	91.9
363.3	90
363.4	88.7
363.4	88.5
363.4	87.7
363.4	87.2
363.6	86.6
363.7	86.9
363.7	89.3
363.7	91.4
363.9	91.9
364	90.8
364	94.5
364	95
364.2	98.2
364.2	98.4
364.4	99.7
364.4	100.5
364.5	99.7
364.6	97.4
364.7	94.8
364.7	93.4
364.7	92.4
364.8	91.1
364.8	90.8
364.9	89.8
364.9	89.3
364.9	88.7
365	88.5
365	88.5
365.2	88.7
365.3	89.5
365.4	88.7
365.5	87.2
365.6	87.7
365.6	90
365.9	92.4
365.9	92.7
365.8	94.8
365.8	96.6
365.9	98.4
366.2	97.1
366.3	95.5
366.4	93.4
366.5	92.1
366.5	91.9
366.6	90.6
366.6	90
366.7	89.3
366.7	87.7
366.8	87.7
366.8	90
366.9	91.6
367	95
367	95.3
367.1	96.9
367	98.9
367	99.7
367	100.5
367	100.8
367.1	101.8
367.1	102.9
367.1	104.7
367.3	106
367.3	106
367.4	107.1
367.4	108.1
367.5	110.5
367.5	111
367.5	112.8
367.5	113.4
367.5	114.1
367.6	113.9
367.6	113.6
367.7	111.8
367.8	110.7
367.8	109.4
368	107.3
368	106.8
368.1	104.2
368.2	101.6
368.3	98.9
368.3	98.2
368.3	96.9
368.3	95.5
368.3	95.3
368.4	95.3
368.5	95.8
368.5	96.9
368.7	96.9
368.7	95.3
368.9	91.9
368.9	90
368.9	88.5
369	86.1
369	85.1
369	85.1
369.2	84.8
369.3	86.1
369.3	87.9
369.5	89.5
369.5	90.3
369.7	91.6
369.8	92.1
369.9	91.9
370	91.6
370.1	92.7
370.1	94
370	95.5
370.1	97.6
370.3	96.1
370.4	96.1
370.5	97.6
370.6	97.6
370.6	96.3
370.9	93.7
370.9	92.1
370.9	91.4
370.9	92.9
371	95.3
371.2	97.1
371.3	99.7
371.4	101
371.4	101.8
371.4	104.4
371.4	105
371.4	106.8
371.5	108.9
371.5	109.2
371.6	111.3
371.6	111.5
371.7	111.5
371.8	111.5
371.9	108.6
372.1	104.7
372.2	100.8
372.1	96.3
372.1	94.2
372.1	91.6
372.1	89.8
372.1	89
372.1	88.2
372.1	87.7
372.1	85.6
372.1	85.3
372.1	84.3
372.2	83.5
372.2	83
372.3	82.4
372.3	81.7
372.4	81.4
372.5	81.9
372.4	85.1
372.5	88.5
372.7	91.6
372.8	92.4
372.9	94.8
372.9	96.6
373.1	98.2
373.2	99.5
373.2	101.3
373.4	102.9
373.5	104.2
373.6	105.2
373.6	106.5
373.7	107.6
373.8	108.1
374	107.9
374	106.8
374.2	107.3
374.4	108.4
374.4	107.9
374.5	105.8
374.6	104.2
374.6	101.8
374.7	101.6
374.8	103.1
374.8	103.7
374.8	103.7
374.9	105.2
374.9	106.3
374.9	107.3
374.9	107.6
375	108.1
375.1	109.2
375.2	109.2
375.3	109.4
375.3	110.7
375.3	111
375.4	111.3
375.6	111.3
375.6	111
375.7	109.9
375.8	109.7
375.8	108.6
372.9	93.4
372.9	94.2
373.1	96.1
373.2	97.1
373.2	98.4
373.2	99.7
373.3	101
373.4	102.1
373.5	102.9
373.5	105
373.7	106.3
373.8	107.3
373.9	108.1
374	107.3
374	106.5
374.1	106.5
374.2	107.9
374.3	108.6
374.4	108.1
374.4	107.9
374.4	106.5
374.4	104.7
374.4	102.9
374.5	102.1
374.6	102.1
374.7	102.4
374.9	104.2
374.9	105.2
374.9	105.8
374.9	106.8
374.9	107.9
375.2	109.2
375.2	109.2
375.2	109.4
375.4	109.2
375.4	109.7
375.4	110.2
375.4	111.3
375.6	111.5
375.6	109.9
375.7	108.4
375.8	107.6
375.8	107.3
375.9	107.9
376.2	109.9
376.3	110.5
376.3	109.7
376.3	108.6
376.5	109.2
376.5	109.2
376.6	110.7
376.7	110.2
376.7	110.2
376.7	108.6
376.7	107.1
376.7	105.2
376.9	103.9
376.9	103.4
377	102.9
377.2	102.1
377.2	101.3
377.2	100.3
377.3	99.7
377.4	100.5
377.4	100.8
377.4	101.6
377.5	102.1
377.6	101.6
377.8	102.1
377.9	103.1
377.9	103.7
378	103.4
378.1	102.4
378.1	101
378.1	100.8
378.2	99.7
378.3	99.2
378.4	100
378.5	101.8
378.5	102.9
378.6	104.2
378.6	105.5
378.8	106
378.9	105.8
378.9	104.2
378.9	103.1
378.9	101.8
379	100.3
379.1	98.9
379.2	97.9
379.4	99.2
379.4	101.6
379.4	103.4
379.5	106.3
379.5	108.9
379.6	110.2
379.6	112.6
379.7	114.4
379.7	116
379.7	116.5
379.7	117.8
379.7	121.2
379.7	121.5
379.7	124.1
379.7	124.4
379.9	125.7
380	125.9
380	126.7
380	127.5
380	127.8
380.1	127.8
380.2	128.3
380.2	128.3
380.3	128.8
380.4	128.3
380.5	126.4
380.5	124.4
380.5	122.3
380.7	121.5
380.8	122.5
380.8	123.8
380.9	122.8
381	122.3
381	123.6
381.1	124.6
381.1	124.9
381.1	125.7
381.3	127
381.4	128
381.3	129.3
381.4	130.1
381.5	129.9
381.6	127.8
381.7	125.9
381.8	125.1
382	125.1
382.1	126.7
382.2	129.1
382.2	130.6
382.3	131.7
382.4	132.2
382.4	132.5
382.5	132.7
382.6	130.4
382.7	128.5
382.8	126.7
382.8	123.8
382.8	123
383	121.7
383	121.5
383.1	121.2
383.2	123.3
383.2	123.6
383.2	125.7
383.2	127
383.4	128.8
383.5	128.8
383.5	128.8
383.6	128.3
383.6	128
383.7	126.7
383.7	125.9
383.7	125.1
383.8	124.1
383.8	123.6
383.9	123.6
383.9	123.6
384	123.6
384.1	122.5
384.1	121.5
384.1	120.9
384.3	120.9
384.4	123.3
384.4	125.1
384.5	127
384.6	127
384.7	125.7
384.9	125.1
385	124.1
385.2	123
385.3	122.5
385.3	121.7
385.4	120.4
385.4	120.2
385.5	118.3
385.5	116.2
385.6	115.2
385.8	116.2
385.9	117.5
386	118.1
386	120.4
386	121.5
386	121.7
386.1	121.5
386.3	119.9
386.4	119.6
386.4	121.5
386.5	122.3
386.5	123.8
386.7	125.1
386.9	123.6
386.9	123.3
386.9	122.5
386.9	120.7
387.1	119.4
387.1	119.1
387.1	118.1
387.1	117.3
387.1	116.5
387.2	116
387.2	116
387.4	116.5
387.5	117
387.6	117.5
387.6	118.9
387.7	120.9
387.7	122
387.7	123
387.8	125.1
387.9	125.1
388	124.9
388.2	123.3
388.4	120.7
388.5	120.2
388.5	119.9
388.6	120.7
388.6	120.7
388.7	122
388.9	121.2
389	121.5
389	123.6
389.1	124.6
389.1	126.7
389.1	127.5
389.2	128
389.2	128.5
389.2	128.8
389.3	128.8
389.3	128.8
389.4	127.2
389.5	125.9
389.6	125.4
389.7	124.9
389.8	122
389.9	121.2
389.9	119.9
389.9	118.3
389.9	117
389.9	114.7
389.9	112.8
389.9	111.5
390.1	108.9
390.1	108.4
390.3	108.1
390.3	108.1
390.4	109.7
390.4	113.4
390.4	114.7
390.4	116.8
390.5	118.1
390.7	122
390.7	123
390.8	124.1
390.8	124.1
390.8	124.1
390.8	122.3
390.9	120.7
391	119.1
391	118.9
391	118.3
391	117.3
391	116.5
391	114.9
391	114.4
391.2	114.7
391.2	116
391.4	117.3
391.4	117.3
391.5	117.5
391.6	117
391.6	116
391.7	114.7
391.9	114.1
392	113.6
392	113.4
392.1	113.6
392.3	116.2
392.3	117.3
392.5	119.6
392.6	122.5
392.7	124.1
392.8	124.9
393	123.6
393	122.8
393.1	121.7
393.1	119.6
393.1	119.4
393.2	115.7
393.2	113.9
393.2	111.8
393.2	111.3
393.3	111.3
393.4	114.1
393.5	116
393.5	117.8
393.5	119.4
393.6	120.9
393.8	125.1
393.8	126.4
393.9	128.8
394	129.6
394	130.6
394.1	131.4
394.1	131.4
394.2	131.2
394.2	128.5
394.2	126.2
394.2	123.8
394.3	121.7
394.3	120.2
394.4	118.3
394.6	117.8
394.8	117.5
395	118.9
395.2	121.2
395.3	123.3
395.3	124.1
395.4	124.9
395.5	124.1
395.5	122.5
395.5	121.7
395.5	121.2
395.5	120.2
395.6	119.9
395.7	119.1
395.8	118.3
395.9	114.9
395.9	114.7
395.9	113.4
396	112.3
396.1	109.2
396.2	108.6
396.2	108.6
396.3	110.5
396.3	111
396.6	113.6
396.6	114.9
396.7	116
396.8	116.2
396.9	116.5
396.9	116.8
396.9	118.6
397	120.4
397	120.9
397.1	122.5
397.1	123.6
397.2	124.4
397.3	125.1
397.4	124.4
397.5	122.5
397.7	122
397.7	122.8
398	125.9
398.2	129.1
398.4	136.1
397.9	129.6
397.8	132.7
397.8	133.3
397.9	135.4
398	136.7
398	136.9
398.2	138
398.3	138.8
398.5	139.8
398.5	140.9
398.6	142.9
398.7	144
398.8	145.3
398.8	145.6
398.8	146.1
399	144.5
399	142.7
399	138.2
399.1	136.7
399.1	136.1
399.1	134
399.1	131.9
399.2	133.3
399.2	134
399.3	134.8
399.5	135.9
399.5	136.1
399.5	136.4
399.6	135.1
399.6	134.8
399.6	133.5
399.6	132.2
399.6	131.2
399.7	129.9
399.7	128.5
399.7	128.3
399.8	126.7
399.9	124.9
399.9	124.6
399.9	124.4
399.7	135.1
399.7	133.5
399.7	132.2
399.8	130.9
399.8	129.9
399.9	128.5
400	127.5
400.1	125.7
400.1	124.4
400.2	125.4
400.4	126.4
400.5	128.3
400.6	129.1
400.7	130.9
400.7	132.7
400.7	133
400.7	134.8
400.8	136.7
400.8	136.9
400.8	137.2
400.9	135.1
400.9	132.5
401	130.4
401	128.8
401	127.2
401.1	125.7
401.2	124.1
401.2	123
401.2	122.8
401.3	120.9
401.4	119.6
401.5	119.6
401.6	121.7
401.7	123.3
401.7	123.6
401.8	124.6
401.9	126.2
401.9	124.6
402	122.5
402	121.2
402	122.3
402.1	124.4
402.1	125.9
402.2	126.7
402.4	127.2
402.5	127
402.6	125.1
402.6	124.1
402.8	123.3
402.8	122
402.9	120.4
402.9	119.1
403	118.6
403.1	119.6
403.1	122.3
403.2	125.7
403.2	127
403.3	128
403.4	127.8
403.5	126.4
403.5	126.4
403.6	126.2
403.7	124.9
403.8	124.6
403.8	122.8
403.8	122.3
403.9	122.8
404	124.1
404	125.7
404	127
404.1	128.3
404.1	129.1
404.1	130.6
404.1	131.7
404.2	131.9
404.3	132.2
404.5	131.9
404.6	129.1
404.6	127.8
404.6	127.5
404.6	126.4
404.6	125.1
404.6	124.9
404.7	123.6
404.7	123.3
404.9	124.1
404.9	124.9
405.1	125.1
405.1	124.9
405.1	124.9
405.2	124.1
405.3	124.6
405.3	124.9
405.3	126.4
405.4	128.5
405.5	130.1
405.5	130.4
405.6	130.6
405.8	128.8
405.9	128
405.9	127.8
406	126.7
406.1	125.7
406.1	124.9
406.1	123.3
406.1	124.1
406.1	124.9
406.2	125.1
406.3	123.8
406.3	123.6
406.4	124.9
406.4	124.9
406.5	125.1
406.6	124.9
406.7	124.9
406.7	124.1
406.7	123.6
406.9	122.3
407	120.9
407	119.6
407.1	120.9
407.2	121.5
407.2	121.7
407.2	123
407.2	124.4
407.4	124.9
407.5	124.6
407.6	125.9
407.6	126.2
407.7	126.4
407.8	125.9
407.8	125.4
407.8	123.8
407.8	123.3
407.9	122.3
408	121.7
408	122
408.1	124.4
408.1	126.7
408.1	128
408.2	129.3
408.3	130.6
408.3	131.4
408.3	132.5
408.3	134
408.3	134.6
408.4	135.4
408.4	135.6
408.6	134.3
408.7	132.2
408.8	130.4
408.9	128.5
409	127.2
409	125.7
409	124.1
409.1	123
409.1	121.7
409.1	120.7
409.2	119.6
409.3	119.4
409.3	120.2
409.3	121.7
409.3	120.4
409.4	119.9
409.6	121.5
409.6	124.4
409.6	126.4
409.6	129.3
409.6	130.1
409.7	133.3
409.7	134.3
409.7	135.9
409.7	136.7
409.8	137.7
410	137.7
410.1	135.6
410.2	132.5
410.3	129.9
410.3	127.8
410.3	125.9
410.4	123.6
410.4	123
410.4	122.8
410.4	124.6
410.5	125.4
410.5	125.7
410.6	126.4
410.7	126.2
410.9	125.9
410.9	128.3
410.9	128.5
410.9	130.1
411	130.9
411.2	130.9
411.4	130.9
411.6	132.2
411.6	132.2
411.6	133.3
411.6	135.1
411.6	136.1
411.7	137.7
411.8	138.5
411.8	139
411.8	139.5
412	140.3
412	141.1
412.2	141.1
412.3	140.1
412.2	137.4
412.2	137.2
412.2	136.7
412.3	136.7
412.3	136.4
412.4	135.1
412.6	131.9
412.6	130.9
412.6	129.9
412.6	128.3
412.7	127.2
412.8	126.2
412.8	124.9
412.9	123.6
412.9	123.3
412.9	122.5
413	120.9
413.2	121.7
413.2	123.6
413.5	125.9
413.5	126.4
413.5	126.4
413.4	128
413.4	130.6
413.4	132.5
413.6	134.3
413.7	136.7
413.7	137.2
413.7	138.5
413.7	139.3
413.7	140.1
413.8	140.9
413.9	140.9
414	140.9
414	137.4
414.2	134.6
414.2	132.7
414.2	130.6
414.3	127.8
414.3	126.4
414.4	125.4
414.5	124.9
414.7	125.1
414.7	124.6
414.7	123.8
414.8	122.8
414.8	122.3
414.8	122.3
414.8	121.7
414.9	123.3
415	125.7
415	128.8
415	130.9
415.2	132.2
415.3	134.6
415.3	135.9
415.3	137.2
415.3	138
415.4	138.8
415.4	139
415.4	139.3
415.4	139.3
415.5	139
415.6	136.4
415.8	134.6
415.9	132.2
415.9	130.9
415.9	129.1
415.9	128.8
416	128.3
416	128
416	127.5
416	126.7
416	125.4
416.1	124.4
416.3	123.8
416.3	124.6
416.4	126.2
416.6	125.1
416.6	125.1
416.6	125.1
416.8	128
416.8	128.3
416.8	129.9
416.8	131.2
416.9	132.5
416.9	133.3
417	132.7
417.1	130.6
417.1	128.5
417.1	127.2
417.3	125.9
417.3	125.9
417.4	125.9
417.5	128.8
417.5	128.8
417.5	130.1
417.5	131.2
417.6	132.7
417.6	133.8
417.7	135.6
417.7	136.1
417.8	136.1
417.9	135.9
417.9	134.8
418	131.4
418.1	125.9
418.2	125.1
418.2	124.1
418.2	122.5
418.3	121.2
418.4	119.6
418.5	118.6
418.5	118.6
418.6	118.3
418.6	121.2
418.6	125.1
418.7	127
418.9	130.4
419	131.2
419.1	132.7
419	134
419	134.6
419	137.2
419	140.1
419	143.5
419	144.8
419	146.1
419.3	147.7
419.3	147.9
419.3	148.7
419.4	149.8
419.4	150
419.5	150.3
419.5	148.7
419.6	146.1
419.6	144
419.7	142.9
419.8	142.9
419.9	142.7
420	140.1
420	137.4
420	135.1
420	133.5
420	132.5
420.2	131.4
420.5	130.4
420.6	128.8
420.7	128.3
420.7	127.5
420.7	127
420.7	125.7
420.7	124.1
420.7	125.1
420.8	126.7
420.9	129.3
420.9	129.6
421	131.2
421	131.4
421.2	129.9
421.3	129.6
421.4	128.5
421.5	129.9
421.6	130.9
421.7	132.2
421.8	132.2
421.8	130.1
421.8	129.6
421.8	129.9
421.9	130.9
422	131.4
422	131.4
422.1	131.4
422.3	131.4
422.3	133
422.5	134.8
422.7	136.4
422.7	138.5
423	140.3
423.2	140.9
423.2	141.6
423.3	142.7
423.3	142.4
423.5	139.3
423.5	137.2
423.5	136.7
423.5	133.3
423.5	129.3
423.5	129.1
423.6	127
423.6	125.7
423.6	121.2
423.7	120.9
423.7	119.1
423.7	117.3
423.7	116.8
423.7	116.8
423.8	114.9
423.9	113.4
424.1	108.6
424	103.7
424	103.1
424	101.8
424	96.9
424.1	92.7
424.1	90.3
424	79.8
424	78.8
423.8	75.9
423.8	75.4
423.8	67.8
423.9	62.8
424	61.5
424	60.2
424.1	57.3
424.1	51.3
424.1	50.8
424.1	46.3
424.2	45
424.3	43.4
424.3	42.1
424.3	41.3
424.6	37.9
424.6	36.9
424.5	35.8
424.5	35
424.6	32.9
424.7	31.6
424.7	30.9
424.7	29.8
424.8	28.2
424.8	27.7
424.9	26.9
424.9	25.6
424.9	24.6
425	23.3
425	22.5
425	22.2
425	21.9
425.1	21.2
425.1	21.2
425.1	20.4
425.2	19.9
425.3	19.6
425.3	19.6
425.5	19.9
425.6	20.1
425.6	20.6
425.5	19.6
425.8	20.1
425.9	20.6
426.1	21.7
426.3	22.7
426.3	22.2
426.3	20.6
426.4	20.1
426.5	18.8
426.8	18.5
427	19.1
427.3	19.6
427.4	20.1
427.6	20.9
427.8	21.9
427.8	22.2
427.8	23.3
427.9	24.8
427.9	26.1
428	25.4
428	24.8
428.1	23.8
428.2	24.3
428.2	24.6
428.3	27.4
428.3	27.4
428.4	29
428.5	31.1
428.5	32.9
428.5	33.2
428.6	34.3
428.8	34
428.8	33.7
428.8	32.4
428.8	29.5
428.9	28.5
428.9	28.5
428.9	27.7
429	26.7
429	26.1
429.1	24.8
429.1	23.3
429.2	22.7
429.4	23.8
429.5	26.1
429.6	26.9
429.6	27.2
429.7	25.9
429.7	25.6
429.8	25.4
430	26.4
430.3	26.7
430.4	26.9
430.5	27.4
430.6	27.7
430.8	25.9
430.9	25.1
430.9	23.8
430.9	22.5
431.1	20.1
431.1	19.1
431.2	18
431.5	17
431.6	16.4
431.7	16.4
431.8	16.4
432	16.2
432	15.4
432	14.9
432.1	14.1
432.2	13
432.3	12.3
432.3	12
432.5	12.5
432.7	14.1
433	15.4
433	15.9
433.1	15.7
433.1	15.1
433.1	14.4
433.1	13.3
433.2	12.5
433.3	11.5
433.5	10.2
433.5	9.9
433.5	9.1
433.6	8.6
433.6	8.3
433.7	7.5
434	7
434.2	8.6
434.2	9.6
434.2	10.4
434.3	9.6
434.3	9.4
434.3	8.9
434.5	8.6
434.5	8.9
434.6	9.6
434.8	10.2
435	10.9
435.1	11.2
435.2	10.7
435.2	10.4
435.2	9.9
435.3	9.1
435.4	8.6
435.5	8.1
435.7	7.8
435.9	7.8
435.9	7.8
436	8.1
436.1	8.1
436.2	9.4
436.2	9.9
436.3	11.5
436.4	13
436.5	14.4
436.6	15.9
436.6	17.2
436.7	19.3
436.9	18.8
436.8	17.5
436.9	15.1
436.9	14.9
436.9	13.3
437.1	13
437.1	13
437.3	11.2
437.3	10.9
437.4	10.2
437.6	9.9
437.8	9.9
438	10.4
438.2	10.9
438.3	11.7
438.6	12.8
438.6	14.6
438.7	15.1
438.8	14.9
439	14.1
439	13.8
439.1	13
439.2	12
439.2	11.7
439.3	11.2
439.5	10.7
439.7	10.2
439.7	9.9
440	10.2
440.2	11.2
440.3	11.2
440.4	10.9
440.4	10.2
440.5	9.1
440.6	8.9
440.8	8.9
441	9.4
441	9.4
441.1	9.1
441.2	8.6
441.4	8.1
441.4	7.5
441.5	7.3
441.8	7.5
442	7.8
442	7.3
442	6.8
442.2	6
442.4	5.7
442.5	6
442.6	7
442.9	8.3
443	8.6
443.1	8.1
443.3	7.5
443.4	7.8
443.7	8.9
443.8	9.9
443.9	10.7
444.1	11.5
444.1	11.5
444.2	11.2
444.4	9.9
444.5	8.6
444.5	8.1
444.8	7.5
444.9	8.1
445	8.3
445.4	7.8
445.6	7.8
445.8	7.3
446.1	6.8
446.2	6.5
446.4	6
446.4	5.2
446.5	4.9
446.8	6
447	6.8
447	7.3
447.1	6.8
447.1	6.2
447.2	6
447.3	6
447.5	6
447.6	6
447.7	5.7
447.8	5.7
448	6
448.1	6
448.3	6
448.6	6.2
448.7	6.5
448.8	6.5
449	7.3
449.2	8.1
449.3	8.1
449.3	7.8
449.4	6.8
449.5	6.5
449.6	6.5
449.7	6.5