29.1	82.7
29.1	82.4
29.2	80.5
29.4	78.9
29.4	78.6
29.4	77.9
29.4	77.9
29.4	77.9
29.6	80.8
29.7	83.6
29.7	84
29.7	85.9
29.8	88.4
29.8	89.4
29.8	87.1
29.8	86.2
29.9	83.6
29.9	83.3
30	80.8
30	77
30	75.1
30	73.1
30.1	70.3
30.2	69.7
30.2	69.7
30.4	70.6
30.4	71.2
30.4	72.8
30.4	75.4
30.5	77.6
30.5	77.9
30.6	80.1
30.8	79.8
30.9	78.9
30.9	78.9
31	76.6
31.1	76.3
31.1	76.3
31.2	79.5
31.2	80.1
31.2	80.1
31.2	81.7
31.2	83
31.3	85.6
31.6	87.5
31.6	87.8
31.7	88.4
31.8	88.7
31.9	88.7
32	86.5
32	86.2
32	82.7
32	79.2
32.1	77.9
32.2	75.4
32.2	71.6
32.5	69.3
32.5	70
32.5	71.6
32.6	73.5
32.6	74.7
32.7	77.9
32.8	83.3
32.9	84.9
33	87.5
32.8	92.2
32.8	93.5
32.9	95.4
33	96.7
33	97.6
33	98.9
33.4	98.9
33.4	98
33.5	97.6
33.6	97.6
33.7	99.9
33.8	101.5
33.8	101.8
33.8	103.4
34.1	113.9
34.1	114.2
34.2	114.5
34.2	117
34.2	117.4
34.2	119.6
34.4	120.9
34.4	123.7
34.4	124
34.6	124
34.7	123.1
34.8	120.9
34.8	120.5
34.8	120.5
35	120.5
35.1	120.5
35.2	117.7
35.3	115.8
35.3	115.1
35.6	113.9
35.6	116.1
35.6	118.6
35.7	121.2
35.7	122.8
35.7	123.1
35.6	124
35.6	124.7
35.7	124.7
35.9	124
35.9	121.2
35.9	119.3
36.1	118.3
36.2	119.9
36.3	120.2
36.4	123.1
36.4	123.1
36.5	123.4
36.5	123.7
36.7	122.1
36.8	123.4
36.9	126.6
36.9	126.6
36.9	128.2
36.9	129.8
36.9	132
37.1	134.5
37.1	135.5
37.1	135.8
37.2	135.8
37.3	135.8
37.5	132.6
37.5	132.3
37.6	135.2
37.7	136.4
37.8	137.4
37.8	138
37.9	139
37.9	140.6
37.9	141.5
37.9	141.5
38	141.8
38.2	141.8
38.3	139
38.3	136.8
38.3	135.2
38.2	133.3
38.2	130.7
38.2	129.4
38.3	127.5
38.5	131
38.5	131.7
38.7	131.7
38.8	129.4
38.8	126.6
38.7	122.4
38.8	120.2
38.9	119.6
38.9	116.7
39.1	115.1
39.3	117.4
39.5	125
39.7	127.5
39.9	129.8
39.9	132
40.1	135.8
40.1	137.1
40.1	138.7
40.1	140.3
40.3	141.2
40.4	141.5
40.5	141.5
40.5	138.7
40.5	138.3
40.7	138.7
40.7	139
40.8	139.3
40.8	139.3
40.9	137.7
40.9	136.4
41	135.5
41.1	135.5
41.1	135.8
41.2	137.1
41.3	137.4
41.6	139.6
41.7	140.3
41.6	137.7
41.6	135.5
41.6	134.8
41.6	132.6
41.6	131.3
41.6	130.1
41.6	129.4
41.8	127.8
41.9	127.8
42	130.7
42	132
42	134.8
42.2	137.7
42.2	139.3
42.4	138.3
42.5	135.5
42.5	135.2
42.6	132.6
42.6	131.7
42.6	129.8
42.6	128.8
42.6	128.2
42.8	126.9
42.8	125.6
42.9	130.1
43	133.9
43	134.2
43.2	136.4
43.2	137.1
43.3	138.3
43.4	139.9
43.4	141.5
43.6	141.2
43.6	138.7
43.6	138
43.6	136.8
43.6	136.1
43.7	135.2
44	135.2
44	135.8
44	138
44.4	138.7
44.5	139.9
44.5	140.3
44.6	143.1
44.6	143.4
44.6	145.7
44.6	147.9
44.8	148.5
44.9	150.1
44.9	151.1
44.9	152
45	149.8
45	148.5
45	147.2
45	146.9
45.2	145
45.3	143.4
45.4	139.9
45.4	139
45.5	138.7
45.5	139.6
45.6	141.5
45.6	143.8
45.8	146.3
46	148.8
46	149.5
46	149.5
46.1	147.6
46.2	144.7
46	143.1
46	141.5
46.2	141.5
46.4	143.8
46.6	145
46.8	146.3
46.8	146.3
46.9	147.6
46.9	148.2
46.9	149.2
47	151.4
47	152.3
47.2	152.7
47.3	151.7
47.2	147.9
47.5	145.7
47.5	144.4
47.7	141.2
47.7	140.9
47.7	139
47.8	137.4
47.9	136.4
47.9	133.9
47.8	130.7
47.8	128.5
48	124.7
48.1	120.5
48.1	115.4
48.1	110.7
48.1	108.1
48.1	108.1
48.1	104.6
48.1	104
48.1	99.9
48.1	99.2
48.1	95.1
48.1	91.3
48.1	86.2
48.2	83.6
48.3	80.5
48.3	78.6
48.3	77.3
48.4	75.4
48.4	75.1
48.4	72.5
48.4	70.6
48.4	69
48.4	67.4
48.5	66.5
48.5	66.2
48.6	65.2
48.6	65.8
48.5	70.3
48.5	73.5
48.6	75.1
48.7	76.3
49	80.5
49.2	87.1
49.3	92.2
49.3	98.3
49.1	102.1
49.1	102.4
49.1	102.4
49.3	109.4
49.3	109.7
49.3	113.2
49.3	114.2
49.3	116.7
49.2	120.9
49.2	121.2
49.2	122.4
49.2	123.4
49.2	127.5
49.1	129.4
49	130.4
49	132.3
49.1	135.5
49.1	136.4
49.2	138.3
49.3	138.3
49.3	137.7
49.5	135.5
49.5	134.8
49.6	132.3
49.9	130.1
50	134.2
50	135.8
50	136.1
50.1	138.3
50.1	139.9
50.1	140.3
50.1	141.2
50.1	141.5
50.2	142.2
50.3	143.1
50.3	144.1
50.3	145.3
50.3	145.7
50.5	146
50.6	146
50.7	143.8
50.7	142.5
50.7	142.2
50.7	139.6
50.7	138
50.6	136.1
50.7	134.5
50.8	133.6
51	132.6
51.1	131.3
51.3	129.8
51.4	129.1
51.4	127.2
51.4	125.6
51.5	124
51.6	121.2
52	122.8
52.1	124.4
52.1	124.7
52.3	126.9
52.5	127.5
52.7	131
52.5	132.3
52.5	136.4
52.5	138.3
52.5	140.9
52.5	143.4
52.6	146
52.7	149.8
52.8	151.7
52.9	153
53	151.1
53.1	149.5
53.1	149.5
53.2	146
53.3	144.7
53.5	145
53.7	146.3
53.7	146.3
53.8	146.6
54	144.7
54.2	143.4
54.3	141.8
54.4	141.5
54.4	139.6
54.4	139.3
54.5	140.9
54.5	140.9
54.6	143.4
54.6	144.1
54.6	145.3
54.8	145.7
54.9	142.8
55	141.8
55.2	144.7
55.2	146.3
55.2	146.9
55.4	148.2
55.5	148.5
55.6	144.7
55.6	141.2
55.6	139.3
55.6	137.7
55.7	140.3
55.8	141.8
55.8	142.2
55.9	143.1
55.9	143.4
55.9	143.4
55.9	144.7
56	145.3
56.2	143.8
56.3	142.2
56.6	141.8
56.7	141.5
56.8	140.9
56.8	139.6
57	137.7
57	136.8
57.1	139.3
57.1	139.6
57.2	140.9
57.3	143.1
57.4	143.1
57.5	144.7
57.6	145.3
57.6	146.6
57.7	147.6
57.8	148.2
57.9	148.2
58.1	146.6
58.2	144.1
58.3	140.6
58.4	138.7
58.4	139.3
58.6	142.2
58.6	142.2
58.6	144.4
58.8	145.7
58.8	146.3
58.8	147.6
58.9	147.9
59	147.6
59.1	146.9
59.1	144.7
59.2	142.8
59.2	141.2
59.4	140.6
59.4	140.3
59.5	139.6
59.8	138
59.8	138.7
59.8	140.9
60.1	139.6
60.2	138.3
60.3	138
60.3	137.7
60.3	136.1
60.3	134.2
60.5	131
60.7	127.2
60.7	123.7
60.7	121.8
60.9	118.3
60.9	115.4
60.9	112.3
60.9	107.5
60.9	105.3
60.9	105
60.9	101.8
60.9	97
60.9	96.4
60.9	93.8
61	93.2
61.1	90.3
61.2	89.4
61.3	87.5
61.3	84
61.3	81.4
61.3	78.9
61.3	75.4
61.5	72.8
61.5	71.2
61.5	70.6
61.7	70.6
61.8	72.2
61.8	75.1
62.1	77.6
62.1	77.3
62.3	75.4
62.5	74.7
62.7	74.1
62.8	74.7
63.1	76.3
63.1	78.6
63.1	80.1
63.1	81.1
63.1	83
63.1	84.6
63.3	85.6
63.3	85.6
63.3	87.8
63.3	88.1
63.3	89.7
63.5	90.3
63.6	91
63.7	89.1
63.9	86.2
64	84
64	83.6
64	82.4
64.1	82.1
64.1	81.1
64.4	79.2
64.4	77.9
64.5	74.1
64.6	72.2
64.6	71.9
64.6	69.3
64.6	69
64.6	67.1
64.9	66.5
64.9	66.5
65.1	67.1
65.3	69
65.4	70.6
65.5	72.2
65.8	72.8
65.8	72.8
65.8	70
65.8	70
65.8	68.7
65.8	68.4
65.8	67.4
65.8	66.8
66.2	65.5
66.2	63.9
66.2	61.7
66.3	62
66.3	62.3
66.3	64.2
66.4	65.8
66.8	65.8
67	67.4
67	70
67	70.6
67.2	72.5
67.2	73.1
67.4	75.1
67.4	76.3
67.3	77
67.4	77.9
67.6	77.6
67.6	77.3
67.6	76
67.6	73.8
67.6	72.5
67.8	72.2
68	70.9
68	70.6
68.1	68.1
68.2	68.1
68.3	70
68.3	70.3
68.4	72.8
68.4	73.5
68.4	75.4
68.5	75.7
68.8	77
68.8	76
68.8	74.7
68.8	73.1
69	72.2
69.1	73.1
69.2	74.4
69.4	73.5
69.4	71.9
69.4	70.9
69.6	70.6
69.6	70.6
69.6	71.2
69.7	71.9
69.8	72.8
70	74.4
70.1	75.1
70.3	75.4
70.4	77.6
70.7	79.5
70.6	80.5
70.6	79.5
70.6	77.6
70.6	74.4
70.6	72.2
70.8	70.9
70.8	71.9
70.9	74.7
71	77.6
71.1	82.1
71.2	84.6
71.2	87.5
71.4	89.7
71.5	91.6
71.6	91.9
71.7	91
71.7	87.5
71.8	86.5
71.8	84.6
72	82.1
72	80.5
72.1	79.2
72.2	77.9
72.2	74.4
72.2	74.1
72.2	73.8
72.3	75.4
72.8	78.2
72.8	82.1
72.9	84
73	86.2
73	87.8
73	89.4
73.2	89.4
73.4	88.1
73.5	89.7
73.6	93.5
73.6	94.8
73.6	95.4
73.6	96.7
73.6	97.6
73.6	98.3
73.6	98.6
73.6	98.6
73.8	98.6
73.9	98.3
74.1	101.1
74.2	103.7
74.3	106.9
74.4	109.7
74.4	110
74.4	112.3
74.5	114.5
74.5	114.8
74.6	116.1
74.8	118.9
74.8	119.6
74.8	119.9
74.8	120.9
74.9	121.5
75	121.5
75	122.1
75	122.1
75.1	122.4
75.1	120.2
75.1	117.7
75.1	117
75.1	115.4
75.1	113.9
75.4	112.3
75.6	110.7
75.7	109.4
75.8	109.7
75.8	112.9
75.8	113.5
75.9	115.8
75.9	117.7
75.9	118.3
76.1	119.5
76.1	120.4
76.1	121.4
76.2	121.4
76.3	120.1
76.4	119.8
76.5	119.1
76.6	119.5
76.6	120.4
76.8	122
76.9	123.3
77	123.9
77	123.6
77	121.7
77	120.4
77	118.8
77.1	117.9
77.2	117.5
77.3	119.8
77.3	120.1
77.3	121
77.3	122.6
77.4	124.5
77.6	125.2
77.6	125.2
77.6	123.6
77.7	121.7
77.7	121
77.9	121.7
77.9	122.6
77.9	123.6
78.2	125.2
78.4	123.9
78.4	121.7
78.4	121.4
78.4	119.8
78.4	120.7
78.4	121.4
78.4	121.4
78.4	123.9
78.3	126.1
78.3	127.7
78.4	130
78.4	130.3
78.5	131.6
78.6	132.5
78.8	132.2
78.9	130.3
78.9	128.1
79	127.1
79.1	124.9
79.1	124.9
79.1	123.6
79.1	121.4
79.2	120.1
79.3	122
79.5	123.9
79.6	125.5
79.6	126.5
79.7	123.6
79.7	123.6
79.7	123.3
79.7	124.9
79.7	126.1
79.9	128.1
79.9	128.4
80.1	126.5
80.1	126.5
80.3	128.7
80.3	129.6
80.4	130.3
80.5	128.7
80.6	129.6
80.6	132.2
80.9	134.1
81.1	135.1
81.1	134.7
81.1	132.2
81.1	128.7
81.1	126.1
81.1	125.8
81.1	124.5
81.2	123.6
81.3	122.6
81.5	120.4
81.5	124.5
81.6	126.8
81.6	129.3
81.6	130.3
81.6	130.6
81.7	130.9
81.8	129.3
81.8	129
81.9	131.9
82	132.5
82.1	131.6
82.2	130.3
82.2	128.4
82.4	124.5
82.6	125.5
82.6	125.8
82.7	127.4
82.7	129
82.8	130
83	130.6
83	133.1
83.2	133.1
83.2	132.5
83.6	127.4
83.6	127.1
83.6	126.5
83.7	128.4
83.7	132.2
83.7	133.8
83.9	135.1
84.1	132.8
84.1	132.2
84.2	132.2
84.2	134.1
84.2	135.1
84.2	136
84.4	136.3
84.5	136.3
84.5	136.3
84.7	135.4
84.7	133.1
84.7	131.9
84.7	131.9
84.7	133.5
84.8	133.5
84.9	132.5
85	130.9
85	129.6
85.1	128.7
85.1	128.1
85.3	127.4
85.4	128.7
85.5	129.3
85.6	127.7
85.7	126.8
85.7	125.5
85.7	126.8
85.8	129.3
85.7	131.6
85.9	130.9
85.9	130.3
86	130
86.1	130.9
86.1	131.6
86.2	130
86.3	129.6
86.4	131.2
86.4	131.2
86.5	130.9
86.6	129.3
86.7	129
86.8	127.4
87	126.8
87	126.5
87	125.2
87	124.2
87	125.8
87.2	126.5
87.2	127.4
87.4	128.4
87.8	126.8
87.8	125.2
87.8	123.3
87.8	121.7
87.8	120.1
87.8	122.6
87.8	123.6
88	126.8
88	127.4
88.1	124.9
88.2	121
88.4	121
88.4	124.5
88.4	126.5
88.4	128.4
88.5	129
88.6	129
88.7	127.4
88.9	125.8
89.1	124.9
89.1	126.8
89.3	126.5
89.5	122.6
89.5	121.7
89.5	121.4
89.5	120.7
89.6	120.1
89.8	118.8
89.9	117.9
89.9	120.1
89.9	122.6
89.9	124.2
89.9	126.8
90	129.6
90	130
90	131.2
90	133.1
90.1	135.1
90.3	137.6
90.3	137.9
90.4	139.8
90.5	138.2
90.5	136.3
90.5	135.4
90.5	133.5
90.5	131.6
90.6	131.2
90.7	132.8
90.7	133.5
90.7	130.6
90.8	127.4
90.9	127.1
90.9	125.5
90.9	125.2
90.9	124.9
90.9	124.2
91.1	123
91.3	122
91.3	120.7
91.3	117.9
91.4	119.5
91.6	122
91.8	123.3
91.9	123.3
91.9	126.8
91.9	126.8
92	129.3
92	130
92	131.2
92	131.6
92	132.5
92.2	132.8
92.3	130.3
92.5	130.3
92.6	130.6
92.7	130.3
92.7	127.4
93	125.2
93	123.6
93	123.6
93.1	123.3
93.2	124.9
93.3	126.1
93.3	127.7
93.4	129
93.4	130.6
93.4	130.9
93.6	132.8
93.6	131.6
93.8	132.2
93.9	133.5
94	133.5
94.1	130.3
94.1	129.3
94.1	126.5
94.1	124.9
94.1	123.6
94.1	123.6
94.2	121.7
94.2	121.4
94.2	120.4
94.3	120.4
94.4	118.8
94.5	118.8
94.6	119.5
94.7	121.7
95.1	123.9
95.3	125.8
95.4	126.5
95.4	127.7
95.4	128.1
95.5	128.4
95.5	126.1
95.6	123.9
95.6	123.6
95.8	122
95.9	122.3
95.9	124.9
96.1	126.1
96.2	126.1
96.3	124.5
96.6	123
96.6	120.7
96.6	121
96.7	124.2
96.7	124.9
96.7	125.5
96.9	123
96.9	122.3
97	121.7
97	121.7
97.2	122.6
97.2	121.7
97.2	119.8
97.3	118.8
97.4	118.8
97.5	122
97.5	122
97.5	123.3
97.6	121.4
97.8	122
97.9	120.1
98	119.8
98	119.8
98.1	120.4
98.1	122.3
98.1	124.5
98.1	126.5
98	128.4
98.2	132.2
98.2	132.2
98.4	130.6
98.5	128.4
98.6	126.8
98.6	125.2
98.7	124.2
98.8	123.9
99	123.3
99.1	122.3
99.1	121.7
99.4	121.4
99.5	121
99.6	122.3
99.7	124.5
99.9	126.8
100	128.4
100	128.4
100.1	129.6
100.1	131.6
100.1	132.2
100.3	132.8
100.4	132.2
100.5	131.2
100.5	129.6
100.5	129.3
100.6	126.8
100.6	126.5
100.7	126.1
100.7	125.2
100.8	124.2
100.9	122.6
100.9	122.3
100.9	121.4
100.9	120.4
101	120.4
101.1	121.4
101.3	122.6
101.4	124.5
101.4	124.9
101.4	125.8
101.3	127.4
101.3	128.1
101.3	130
101.3	130.3
101.6	131.2
101.6	131.2
101.8	130
101.8	128.1
101.9	125.8
102	124.9
102	123.3
102	121.4
102	118.8
102	117.2
102.3	117.5
102.4	118.2
102.4	120.1
102.4	122.3
102.4	123.9
102.4	126.1
102.4	126.8
102.5	125.2
102.6	123.9
102.8	120.7
102.8	120.4
102.8	119.8
102.9	121
102.9	123.6
102.9	124.5
103	123.9
103	123
103.1	123.9
103.1	125.2
103.1	125.5
103.1	125.8
103.2	125.5
103.4	123.9
103.5	122.3
103.5	120.4
103.5	119.8
103.5	119.1
103.8	117.2
103.8	116.3
103.8	113.4
103.9	115.3
104	117.2
104.1	119.1
104.1	119.5
104.3	120.7
104.5	122.6
104.5	123.3
104.6	123.3
104.7	122.3
104.9	123.3
104.9	123.3
105.1	121.7
105.1	121.4
105.2	120.7
105.4	121
105.4	122.3
105.4	123.3
105.5	124.9
105.5	125.2
105.7	125.5
105.8	123.9
105.8	122
105.9	120.1
106	119.8
106.1	119.8
106.1	120.1
106.1	121.7
106.1	122
106.4	123
106.6	121.7
106.8	119.8
106.8	117.9
106.8	117.9
107	121.4
107	122.6
107	124.2
107	124.5
107.2	125.8
107.2	127.1
107.2	128.1
107.3	128.4
107.5	128.4
107.6	127.4
107.7	124.5
107.8	122.6
107.8	123.3
107.8	125.2
107.8	125.5
108	126.1
108.2	126.5
108.2	128.1
108.2	128.4
108.2	129
108.4	130
108.5	128.1
108.6	125.8
108.8	123.3
109	124.2
109	124.9
109	126.5
109	129
109.1	130.9
109.1	132.5
109.2	134.1
109.3	134.4
109.4	135.4
109.4	135.4
109.6	134.7
109.7	132.2
109.8	129.3
109.8	126.1
109.8	125.8
109.8	125.5
109.9	127.4
110	128.1
110.1	129.6
110.1	130
110.1	130.9
110.3	129.6
110.3	128.1
110.3	127.7
110.3	125.5
110.5	123.6
110.5	124.9
110.6	124.9
110.7	122.6
110.7	121.4
110.8	121
110.9	119.5
111	118.2
111.1	117.5
111.1	119.8
111.2	122
111.2	122.3
111.2	124.2
111.4	123.9
111.5	122
111.5	122.6
111.6	125.2
111.7	126.8
111.8	125.8
111.9	126.1
112	126.5
112.2	128.4
112.2	130
112.2	130.6
112.2	129
112.3	128.1
112.3	127.1
112.3	129
112.4	129
112.4	126.5
112.5	126.1
112.6	127.1
112.7	128.4
112.7	130.6
112.7	131.9
113	132.5
113.1	131.6
113.1	131.2
113.1	129.3
113.2	128.1
113.2	125.2
113.3	124.5
113.4	127.4
113.6	129.3
113.6	129.6
113.7	130.3
113.8	130.6
113.9	130.6
114.1	127.4
114.1	125.5
114.3	125.2
114.6	125.8
114.6	125.8
114.7	128.1
114.7	128.1
114.9	125.5
115	123.9
115	121.7
115	121.4
115.2	119.8
115.3	121.4
115.3	124.2
115.3	129.6
115.7	127.1
115.7	127.1
115.7	128.1
115.7	130.3
115.9	131.6
116.1	133.5
116.1	133.5
116.5	131.6
116.6	128.1
116.6	124.5
116.6	122
116.6	121.7
116.6	120.7
116.7	123.3
116.8	126.5
116.8	127.7
116.8	127.7
117.1	125.8
117.3	125.5
117.3	125.8
117.4	127.4
117.5	129.3
117.6	130.6
117.7	130
117.9	128.1
117.9	127.7
118.1	127.7
118.2	128.7
118.3	130
118.4	131.9
118.4	133.5
118.7	134.7
118.7	134.7
118.8	134.7
118.8	131.9
119.1	128.4
119.1	126.8
119.1	126.5
119.2	123.6
119.3	122
119.3	121.7
119.2	121.4
119.2	121.7
119.2	124.2
119.3	125.8
119.4	124.5
119.5	124.2
119.5	123
119.5	122.6
119.7	123
119.9	124.5
120	121.7
120	119.8
120	119.5
120	118.8
120.2	121.7
120.3	124.9
120.3	127.4
120.5	128.1
120.6	128.1
120.7	126.8
120.7	124.9
120.7	123.6
120.9	123
121.1	123.3
121.1	124.5
121.3	124.5
121.3	122
121.4	122.6
121.6	124.9
121.6	125.2
121.5	127.7
121.5	128.4
121.6	129
121.7	128.4
121.7	126.8
122	123
122	123.9
122.2	125.5
122.2	125.8
122.2	127.7
122.5	128.7
122.6	129.3
122.6	126.8
122.6	126.5
122.6	125.5
122.7	125.2
123	127.4
123	126.8
123	124.9
123	123.3
123.1	123.3
123.2	123
123.2	122.6
123.4	120.7
123.4	120.1
123.6	118.2
123.7	117.2
123.8	115.9
124.1	115.9
124.1	116.3
124.1	117.9
124.1	120.4
124.3	121
124.5	123.6
124.5	125.2
124.5	125.8
124.7	126.1
124.7	126.1
124.9	123.3
125	120.1
125	120.7
125	121
124.9	123.9
124.9	124.9
124.9	124.9
124.9	126.5
125.1	128.1
125.2	129.3
125.3	130
125.5	130
125.5	130
125.5	130
125.7	127.7
125.7	127.4
126	127.4
126.1	128.7
126.1	129.3
126.3	128.7
126.3	127.7
126.3	127.4
126.4	127.1
126.5	124.9
126.5	123
126.6	122.3
126.7	123.9
126.8	126.5
126.8	127.4
126.8	127.7
127	127.7
127.2	124.2
127.1	122.3
127.1	123
127.2	123.6
127.2	126.8
127.5	128.4
127.6	129.3
127.6	131.9
127.6	131.9
127.7	131.2
127.9	130
128.1	130.9
128.2	130.9
128.2	131.6
128.2	133.8
128.2	134.4
128.4	132.5
128.5	131.6
128.6	130
128.7	127.1
128.7	129
128.6	133.1
128.6	134.7
128.6	136.3
129	137.3
129	137
129.1	133.5
129.2	131.6
129.2	130
129.2	130.9
129.2	133.8
129.3	136.7
129.3	137.3
129.4	139.5
129.5	141.7
129.5	143
129.7	145.3
129.7	145.3
129.8	141.7
129.8	138.2
129.9	137
129.9	135.4
129.9	132.8
130	130.6
130	130.3
130	128.1
130	126.8
130	126.1
130.1	123.9
130	122
130.1	119.8
130.3	118.8
130.3	118.8
130.5	120.4
130.5	123.3
130.5	126.5
130.5	126.5
130.5	128.7
130.5	129.3
130.7	130.9
130.9	127.4
130.9	127.1
130.9	126.1
130.9	127.4
130.9	129.3
130.9	130.6
131	132.5
131.1	134.1
131.2	134.7
131.4	134.4
131.6	132.5
131.7	129.3
131.8	127.7
131.9	127.4
132	129
131.9	130.6
132	133.5
132.2	134.1
132.2	134.7
132.4	135.7
132.4	136
132.5	131.9
132.5	130
132.6	128.4
132.9	128.4
133	128.4
133.1	127.4
133.2	125.8
133.4	123.6
133.4	123.3
133.4	121
133.4	120.7
133.5	120.4
133.6	122.6
133.8	122
133.8	123
134.1	126.5
134.1	127.1
134.1	130
134.1	131.6
134.1	133.5
134.1	135.7
134.2	136.7
134.3	137.3
134.4	138.6
134.4	138.9
134.2	139.8
134.3	137.9
134.5	136.3
134.5	134.1
134.7	132.2
134.8	133.1
134.9	133.5
135	134.4
135.2	133.5
135.3	131.6
135.3	131.2
135.3	130
135.2	128.1
135.3	126.1
135.3	123.9
135.3	123.6
135.3	122.3
135.3	121.7
135.6	122
135.6	122
135.7	125.2
135.7	127.7
135.9	127.4
136.1	126.5
136.3	130
136.3	130.6
136.3	132.5
136.3	132.8
136.4	133.5
136.7	133.1
136.8	128.1
136.8	127.1
136.8	124.5
136.8	123
136.8	120.4
136.9	119.1
136.9	117.9
136.9	119.5
137	123.6
137.1	127.7
137.2	129.3
137.2	130
137.4	132.2
137.4	132.8
137.3	133.5
137.3	134.1
137.3	134.4
137.3	135.1
137.3	135.4
137.2	135.7
137.2	136.7
137.3	136.7
137.4	137.3
137.4	137.6
137.5	137.3
137.5	137.3
137.6	136.3
137.7	134.4
137.8	133.1
137.8	132.2
138.1	131.2
138.2	132.5
138.1	133.5
138.2	131.2
138.2	130.6
138.2	128.4
138.2	127.4
138.3	123
138.3	122.6
138.4	122.3
138.4	122.3
138.6	124.2
138.5	125.5
138.7	126.8
138.8	126.5
138.9	125.8
139	125.8
139.1	126.1
139.1	126.8
139.1	128.4
139.3	130
139.3	131.6
139.4	133.5
139.5	134.7
139.7	137
139.7	137.9
139.8	138.2
139.8	138.6
139.8	138.9
139.9	139.2
140.1	139.5
140.2	137.9
140.3	135.7
140.3	134.7
140.3	133.1
140.4	134.4
140.5	136
140.5	136.7
140.7	134.1
140.8	131.9
140.9	131.2
140.9	134.4
140.9	134.7
140.9	136
140.9	136
141	138.2
141	139.8
141.2	140.2
141.3	137.6
141.6	135.7
141.7	135.7
141.7	137.9
141.8	139.5
141.8	140.2
141.8	141.4
142	141.4
142.1	139.2
142.2	138.2
142.3	137
142.3	135.7
142.3	135.7
142.2	135.1
142.3	139.2
142.5	140.8
142.6	140.5
142.8	137.9
143	136.7
143.1	136.3
143.2	137.3
143.2	139.2
143.5	142.1
143.5	142.1
143.5	143.7
143.5	144.3
143.4	148.1
143.4	150.3
143.4	151.3
143.6	150.3
143.6	147.8
143.7	146.2
143.8	143.7
143.8	141.1
143.8	138.9
143.8	136.3
143.9	134.1
143.9	133.8
143.9	132.2
143.9	130.6
143.9	128.4
144	128.1
144.1	130
144.2	131.6
144.3	132.8
144.3	133.1
144.5	135.7
144.5	138.6
144.5	140.5
144.5	140.5
144.6	144.6
144.7	152.3
144.7	153.9
144.8	154.8
145	155.4
145.1	156.1
145.1	156.1
145.2	155.4
145.5	150.7
145.5	150.3
145.5	147.5
145.5	145.9
145.6	143.7
145.7	142.1
145.7	140.2
145.7	140.2
145.7	137.6
145.6	134.7
145.5	132.8
145.8	130.9
145.8	131.2
145.8	131.2
145.7	133.8
145.7	134.4
145.6	139.2
145.7	139.8
146	141.7
146	143
146	144.3
145.9	144.3
145.9	145.6
146.1	147.5
146.2	149.1
146.3	149.7
146.3	150
146.4	150.3
146.6	150.3
146.6	150.3
146.6	147.8
146.6	146.8
146.6	144.9
146.6	141.4
146.6	139.2
146.8	136
146.8	136
146.8	135.1
146.9	134.1
147.2	136
147.6	132.2
147.5	130.3
147.5	130
147.5	129
146.9	131.9
147.1	130
147.2	127.7
147.3	125.5
147.4	123.6
147.4	123.3
147.4	121.4
147.5	119.5
147.5	119.1
147.6	121
147.8	124.5
147.8	124.9
147.9	127.7
148.4	142.4
148.4	142.7
148.4	146.8
148.6	149.1
148.6	151.9
148.6	154.2
148.5	155.4
148.3	158.6
148.4	154.8
148.4	154.5
148.5	152.9
148.8	150.3
149	148.8
149.1	147.8
149.5	153.9
149.5	156.1
149.5	157.4
149.5	157.7
149.6	159.9
149.7	161.8
149.7	164.7
149.7	165.6
149.7	166.9
149.9	167.6
149.9	166.9
149.9	165.6
150	166.6
150	166.6
150.1	166.6
150.3	164.4
150.4	160.5
150.4	160.5
150.5	162.5
150.5	162.5
150.5	164.4
150.6	166
150.7	166.9
150.7	167.2
150.7	169.5
150.7	171.1
150.7	171.1
150.9	169.1
150.9	167.6
151	166.9
151	166.3
151	164.7
151.1	164.7
151.1	165
151.2	165
151.3	166.6
151.4	166.6
151.4	166.6
151.5	165.3
151.5	162.8
151.5	162.1
151.5	160.5
151.5	158.3
151.6	156.1
151.6	153.9
151.6	152.6
151.6	152.3
151.7	149.7
151.7	148.8
151.7	148.1
151.7	146.5
151.7	144.9
151.7	143
151.8	142.4
152	143.3
152	144.9
152.2	148.1
152.2	150
152.3	152.9
152.3	153.2
152.3	154.8
152.4	154.5
152.5	152.9
152.6	155.1
152.7	157.7
152.7	158.3
152.7	159
152.8	155.8
152.8	154.2
152.8	152.6
152.9	151
153	148.4
153.2	149.4
153.4	151.6
153.6	153.2
153.6	153.5
153.7	154.2
153.7	151.3
153.8	149.4
154	145.3
154.1	143
154.1	141.7
154.1	139.2
154.1	136.7
154.2	133.5
154.3	131.9
154.3	129.6
154.3	127.4
154.5	125.2
154.5	126.5
154.5	127.1
154.5	129.6
154.5	130
154.5	132.2
154.7	134.4
154.7	135.4
154.7	137
154.7	137.6
154.7	140.5
154.7	141.7
154.7	142.4
154.8	146.8
154.8	147.5
154.9	148.8
154.9	148.8
154.9	148.8
154.9	149.7
155	151.9
155	150
155.1	144.6
155.3	140.2
155.3	139.5
155.3	137.3
155.3	133.5
155.3	132.2
155.3	130.9
155.7	135.1
155.8	136.3
155.8	136
155.8	133.5
155.9	130.9
155.9	127.1
156	123.3
155.9	121
155.9	120.4
156.1	118.5
156.1	116.3
156.1	114.4
156.1	110.2
156.1	106.7
156.1	103.5
156.3	102.9
156.4	102.6
156.4	104.5
156.4	105.1
156.4	108.6
156.4	109.9
156.4	110.2
156.5	111.8
156.6	113.7
156.6	115.3
156.8	120.1
156.9	122.6
156.9	124.2
156.9	125.8
157	127.4
157	127.4
157.1	128.4
157.2	129
157.2	129
157.3	127.1
157.4	122.6
157.5	121
157.6	118.5
157.6	114.7
157.8	111.5
157.8	105.1
157.8	104.5
157.8	104.2
158	108.6
158.3	111.2
158.4	107.7
158.6	106.4
158.7	108.6
158.7	110.2
158.9	111.5
159.1	113.7
159.3	116.9
159.3	118.5
159.3	120.1
159.3	120.4
159.5	121.4
159.6	121.4
159.8	121
159.8	122
159.8	123.3
159.8	124.5
159.8	124.5
160.1	125.5
160.1	125.5
160.1	125.5
160.2	119.5
160.2	117.5
160.3	114.7
160.5	111.5
160.6	108
160.7	105.1
160.9	109.9
160.9	110.5
161.1	112.8
161.1	115
161.3	117.5
161.4	122
161.6	126.8
161.5	128.7
161.4	133.1
161.4	134.1
161.6	136
161.8	143.3
161.8	144.6
161.8	145.3
161.8	146.8
161.8	149.4
161.8	150.3
161.9	151.3
162	152.9
162	153.2
162.1	153.9
162.2	152.6
162.2	146.8
162.2	145.9
162.2	143.3
162.2	140.2
162.4	137.3
162.4	134.7
162.4	132.8
162.4	130.6
162.4	130
162.5	127.4
162.6	126.5
162.6	124.5
162.7	121.4
162.8	119.5
162.8	117.5
162.8	115.9
162.8	115.3
162.9	114
162.9	113.7
162.9	112.4
162.9	112.4
162.9	112.4
163	114.7
163	115.3
163	115.6
163.2	113.7
163.2	114.4
163.2	116.9
163.2	117.2
163.3	119.1
163.4	121.7
163.6	124.5
163.6	123
163.7	122.3
163.7	119.8
163.8	118.2
163.9	117.2
164.1	117.9
164.1	119.1
164.1	124.2
164.1	124.5
164.2	126.1
164.5	126.5
164.7	123.9
164.8	122.3
164.8	119.8
164.9	121
164.9	126.5
165	130.3
165.1	132.2
165.2	137
165.1	140.2
165.1	142.7
165.1	143.7
165.1	144.9
165.2	146.2
165.5	146.8
165.6	146.5
165.7	153.5
165.7	154.2
165.9	155.8
165.9	157.7
165.8	158.3
165.9	159.3
165.9	159.6
166	161.5
166.2	160.5
166.3	158.6
166.4	158.3
166.6	155.4
166.6	152.3
166.5	151.6
166.3	152.6
166.6	154.8
166.6	155.1
166.8	156.4
166.8	157.4
167	155.1
167	154.5
167	152.6
167.3	148.4
167.2	145.6
167.2	144.9
167.2	142.7
167.2	140.8
167.2	139.8
167.4	139.8
167.4	140.2
167.4	142.4
167.5	142.4
167.6	142.4
167.6	142.4
167.6	140.8
167.8	141.7
167.8	148.1
167.8	148.4
167.8	149.1
168	148.4
168	145.9
168.1	142.4
168.2	140.8
168.3	140.2
168.3	139.8
168.4	138.2
168.4	135.4
168.3	129
168.3	126.8
168.3	126.5
168.4	124.5
168.5	123.6
168.6	119.8
168.7	119.1
168.9	121.4
168.9	123
169	124.5
169.3	126.8
169.2	122.3
169.2	121.4
169.2	123
169.4	124.2
169.3	121.7
169.3	121.7
169.3	121.7
169.4	123
169.4	123
169.6	126.1
169.5	130
169.5	131.6
169.6	132.8
169.8	136
169.9	137.9
169.9	137.9
170.2	143
170.3	150
170.3	150.3
170.3	151.9
170.3	156.1
170.5	152.9
170.5	152.9
170.7	155.1
170.9	159.3
171	153.2
171.3	148.4
171.3	152.6
171.5	160.2
171.5	163.1
171.7	161.5
171.8	160.2
172	156.4
172.1	155.4
172.4	152.9
172.2	149.4
172.2	149.4
172.2	154.8
172.4	151.9
172.7	147.5
172.8	145.6
173	142.7
173	140.8
173	140.5
173.1	139.5
173.4	139.2
173.5	143.7
173.6	147.8
173.7	148.4
173.9	146.5
174	145.3
174	142.1
174.1	140.5
174.1	139.8
174.2	144.3
174.4	145.9
174.5	141.1
174.5	140.8
174.5	136.7
174.5	135.7
174.7	137
175	140.2
175.1	143
175.2	145.3
175.3	147.2
175.6	146.8
175.7	144
175.7	141.4
175.7	138.6
175.7	135.4
175.7	132.2
175.7	131.9
175.7	131.6
175.7	131.6
175.9	130.9
176	130.9
176.1	130.9
176.1	130.9
176.2	130.9
176.3	132.2
176.4	132.5
176.6	131.6
176.6	131.2
176.6	129.6
176.8	130
176.8	130.3
176.8	132.2
176.9	133.1
177.1	132.2
177.1	131.6
177.2	130.6
177.4	129.3
177.4	129.3
177.6	129.6
177.8	131.6
177.8	133.1
177.9	133.1
178	131.9
178	131.2
178.2	132.2
178.4	135.7
178.5	138.6
178.7	139.8
179	139.8
179.1	141.4
179.3	145.3
179.3	146.2
179.3	146.5
179.5	150
179.5	150
179.6	152.9
179.7	153.5
179.9	152.3
179.9	151
179.9	150
180.1	147.8
180.1	145.3
180.1	144
180.1	143.7
180.3	142.7
180.3	142.4
180.4	141.1
180.5	139.2
180.5	141.7
180.5	142.4
180.5	142.4
180.6	140.5
180.7	140.2
180.7	140.2
180.7	141.4
180.9	143
180.9	144.3
180.9	144.3
181.1	144.6
181.2	142.1
181.3	140.2
181.4	136.7
181.4	136.3
181.4	134.7
181.4	137.6
181.4	138.9
181.5	139.8
181.6	140.2
182.1	144.6
182.1	145.3
182.1	146.5
182.1	147.5
182	149.1
181.9	150.7
181.9	151.6
181.9	151.6
181.9	153.2
182.1	155.1
182.1	155.4
182.1	153.2
182.2	152.3
182.2	149.4
182.2	148.4
182.4	146.8
182.5	146.5
182.7	146.8
182.8	145.3
182.8	142.1
182.8	141.1
182.8	139.8
183	137.3
183	134.7
183	134.1
183.1	132.2
183.2	133.5
183.2	134.7
183.4	137
183.4	137.9
183.6	140.8
183.6	146.2
183.7	146.5
183.8	144.6
183.8	141.4
183.8	140.8
183.9	139.5
184	137.6
184	135.7
184.1	134.1
184.2	135.7
184.3	136.3
184.4	138.2
184.4	138.9
184.5	140.8
184.5	143
184.7	143.7
184.9	142.4
185	138.9
185.1	137.6
185.2	136.7
185.3	139.8
185.4	142.7
185.3	144.6
185.3	144.9
185.5	143.3
185.9	139.8
185.9	139.5
186.1	138.2
186.3	141.1
186.3	142.7
186.1	146.5
186.1	148.1
186.1	149.1
186.3	151.6
186.4	152.3
186.6	152.3
186.8	149.1
186.9	146.2
187	143.7
187	143
187	141.7
187	141.1
187	141.1
187.2	139.5
187.3	139.5
187.3	138.9
187.3	139.5
187.3	141.7
187.3	142.7
187.6	146.2
187.6	148.8
187.7	147.5
187.7	146.5
187.7	144.3
187.8	141.4
187.8	141.1
187.9	140.8
188	140.8
188.1	142.7
188.2	144
188.2	144.3
188.2	146.5
188.5	148.4
188.6	148.8
188.7	150
188.7	150.3
188.8	149.7
188.8	146.5
188.8	144.3
188.8	143.3
189.1	142.1
189.1	140.5
189.1	139.5
189.3	142.1
189.7	140.2
189.7	139.2
189.7	138.2
189.7	137
189.9	134.7
190.2	133.5
190.5	136
190.4	136.7
190.4	138.2
190.5	139.2
190.5	140.5
190.6	142.7
190.7	144.6
190.8	144.9
190.9	145.6
190.9	146.8
191	145.9
191	142.7
191.1	142.1
191.1	140.2
191.1	138.2
191.1	136.7
191.1	134.7
191.1	134.4
191.3	132.5
191.3	132.8
191.3	132.8
191.4	134.7
191.5	137
191.7	139.5
191.8	141.1
191.9	142.4
192	143
192.1	141.7
192.2	142.7
192.2	143
192.2	143.7
192.3	143
192.4	141.1
192.4	138.6
192.4	136.7
192.4	135.4
192.5	135.4
192.6	135.4
192.7	138.6
192.7	139.5
192.8	141.4
192.8	143.7
192.8	145.6
192.8	146.5
192.9	146.8
193.2	147.5
193.2	146.8
193.2	146.2
193.2	143.7
193.2	143.3
193.2	141.7
193.4	141.1
193.4	140.5
193.5	140.2
193.5	138.6
193.6	137
193.6	136.7
193.7	135.1
193.7	134.1
193.7	133.5
193.7	132.8
193.8	131.9
193.8	131.2
194.1	130.9
194.1	133.5
194.1	133.8
194.2	137
194.2	137.6
194.2	138.2
194.2	138.9
194.2	139.8
194.3	141.7
194.3	142.7
194.3	144
194.3	144
194.4	144.3
194.5	144.3
194.6	144.3
194.7	143
194.7	141.1
194.7	140.8
194.7	140.2
194.8	139.8
194.9	139.5
195.1	138.6
195.3	137.6
195.4	137
195.4	138.9
195.5	141.7
195.6	142.4
195.6	143.3
195.7	143.7
195.8	141.7
195.9	139.2
195.9	137.9
195.9	136.3
196.1	134.7
196.2	133.5
196.2	132.2
196.3	131.9
196.5	132.5
196.6	134.1
196.8	134.7
196.8	134.7
196.9	134.1
197	130.6
197.1	130.6
197.1	129.6
197.2	129
197.4	128.4
197.6	127.7
197.7	130.3
197.8	134.4
198.1	134.1
198.2	132.5
198.4	134.1
198.5	138.9
198.6	139.8
198.6	140.8
198.6	142.1
198.6	143.7
198.6	143.7
198.6	145.3
198.8	147.2
198.8	147.8
198.8	148.4
198.9	148.8
199.1	148.8
199.1	145.9
199.1	145.3
199.2	142.4
199.3	139.5
199.3	137.9
199.4	135.1
199.5	132.8
199.5	132.5
199.5	131.9
199.7	131.2
199.9	128.7
199.9	127.4
199.9	126.5
200	125.2
200.1	124.9
200.3	126.5
200.5	127.7
200.5	128.1
200.7	128.7
200.7	126.8
200.7	125.8
200.7	124.2
200.7	123.6
200.7	122.6
200.7	123
200.8	120.2
200.9	119.8
200.9	117.9
201	117
201	117
201.2	118.3
201.4	120.8
201.4	121.4
201.5	123.6
201.6	125.9
201.7	128.1
201.8	130.6
201.8	131.2
201.8	131.9
201.8	132.8
201.8	136.3
201.8	142.7
201.7	144.2
201.7	144.6
201.7	148.7
201.8	153.1
201.8	153.8
202	158.5
202	158.5
202	161.4
202	167.4
202	167.4
202	169.6
202.1	175.3
202.1	177.2
202.1	177.5
202.1	180.1
202.2	186.7
202.2	188
202.2	189.9
202.2	190.2
202.5	192.1
202.5	191.8
202.5	187.4
202.5	186.4
202.4	183.9
202.4	182.9
202.4	180.4
202.3	177.8
202.3	175.9
202.3	172.1
202.6	169.9
202.6	166.8
202.6	163.9
202.7	161
202.7	156.9
202.8	154.7
202.8	152.5
202.8	150.3
202.8	148
203	148.7
203.1	151.9
203.1	152.2
203.1	154.1
203.1	154.4
203.1	156.3
203.1	158.2
203.1	160.7
203.3	161.4
203.3	157.9
203.3	154.7
203.4	152.5
203.5	152.2
203.5	150.3
203.5	150.3
203.4	146.8
203.6	146.8
203.8	148.4
203.8	150.3
204	150
204	149.3
204	148.7
204.2	150.9
204.3	153.1
204.3	153.4
204.3	153.4
204.4	150.6
204.5	147.4
204.5	146.5
204.5	145.8
204.6	143
204.7	142.7
204.8	144.9
204.8	145.8
204.9	145.8
205	145.5
205.1	143.6
205.1	139.5
205.3	139.5
205.5	142.7
205.5	145.8
205.5	147.4
205.6	146.8
205.7	146.1
205.7	143.9
205.8	143.9
205.9	147.7
206	148
206.1	150.3
206.1	153.4
206.1	151.5
206.2	150.9
206.3	146.8
206.4	144.2
206.6	140.8
206.6	137.9
206.6	137.3
206.6	135.1
206.7	134.1
206.7	131.6
206.8	129.3
207	132.5
207.2	137
207.2	137
207.2	140.8
207.2	143
207.2	143.9
207.2	144.2
207.2	146.5
207.5	150
207.5	148.7
207.5	148.4
207.7	148
207.8	149.3
208	151.9
208.2	150.3
208.2	150.3
208.2	148
208.4	144.6
208.4	143.6
208.5	142.7
208.6	144.2
208.8	144.2
208.9	143.9
209	142
209.1	141.1
209.4	143.9
209.5	148
209.5	148.4
209.8	150.9
209.6	154.1
209.7	155.3
210.1	150
210.1	148.7
210.1	147.4
210.5	145.8
210.9	145.5
210.7	149.6
210.7	150
210.7	153.1
210.7	155.7
210.9	156.9
210.9	157.9
210.9	159.5
210.9	159.8
210.9	160.7
211	161.7
211	163.3
211.1	164.2
211.2	165.5
211.6	163.6
211.6	159.1
211.6	157.9
211.8	155
211.8	152.5
211.7	149.3
211.7	148.4
211.6	145.2
211.6	146.5
211.7	150.6
212	153.4
212	153.4
212.1	152.5
212.4	152.8
212.6	152.5
212.7	150.3
212.7	148.4
212.7	148
212.9	146.5
213	144.2
213.2	147.4
213.3	148.4
213.4	147.7
213.4	145.8
213.5	144.2
213.9	143.3
214	143.6
214.1	145.8
214.1	149
214.3	150.3
214.5	148.7
214.5	147.7
214.5	145.8
214.6	145.2
214.8	147.1
215.2	145.8
215.2	143.9
215.6	143.6
215.7	143.3
215.7	142.3
215.7	141.1
215.9	137.6
216.1	136
216.2	133.5
216.4	135.7
216.3	138.9
216.2	140.4
216.3	142.7
216.3	143
216.6	142.3
216.6	140.4
216.8	138.2
216.8	137.6
217	137
217.1	136.3
217.4	137.9
217.4	138.5
217.6	143.9
217.6	147.7
217.6	148.4
217.8	151.2
217.8	153.8
217.8	153.8
217.9	153.4
218	150.9
218	150.3
218.1	150.3
218.3	151.9
218.4	152.5
218.5	151.9
218.6	149.6
218.6	147.1
218.8	145.5
218.9	144.9
219.1	144.2
219.1	145.8
219.3	147.7
219.3	147.4
219.5	144.9
219.7	144.2
219.8	144.2
219.9	144.6
219.9	147.1
219.9	149.3
219.9	149.6
220	153.8
220.1	155.3
220.1	160.1
220.1	162
220.1	163.3
220.1	164.2
220.2	164.5
220.3	164.2
220.3	168.7
220.3	169
220.6	166.4
220.7	166.1
220.8	162.9
220.9	160.1
221	157.6
220.9	155.7
220.9	155.3
220.7	153.8
221	152.5
221.1	150.3
221.1	150.3
221.1	147.7
221.1	147.1
221.1	145.8
221.1	143.9
221.2	139.2
221.1	137.6
221.1	137
221.2	137
221.3	137.3
221.4	139.5
221.6	143.9
221.8	145.5
221.9	147.7
221.9	148
221.9	148.7
222	150.6
222.2	152.2
222.2	152.8
222.2	154.7
222.3	151.2
222.4	148.7
222.3	150.3
222.3	150.3
222.4	153.8
222.6	155.3
222.6	156.3
222.8	156.9
222.9	154.4
223	151.9
223.2	149
223.2	148.7
223.3	145.5
223.3	145.5
223.4	148
223.4	150.3
223.6	152.2
223.6	153.4
223.6	155
223.6	155.7
223.7	156.9
223.7	155.3
223.8	153.8
224	151.5
224.1	150.6
224.3	152.5
224.5	156
224.6	156.9
224.6	157.6
224.7	158.5
224.9	154.4
224.9	151.9
224.9	151.5
224.9	150.3
224.9	148.4
224.9	145.5
224.9	145.5
224.9	144.6
225.1	143.6
225.1	142.7
225.3	142.3
225.4	142.3
225.5	142.3
225.6	143
225.7	144.6
225.9	144.2
225.8	144.6
226.1	144.6
226.3	145.2
226.3	146.1
226.3	146.8
226.4	148.4
226.6	150.3
226.6	151.9
226.6	152.2
226.8	152.5
226.8	152.5
226.9	154.4
227	155.3
227.1	156.3
227.2	155.3
227.3	153.1
227.3	151.5
227.4	148.7
227.4	145.8
227.4	143.9
227.5	145.5
227.6	146.8
227.8	145.5
227.9	147.1
228	148.4
228	150.6
228	151.9
228.2	153.4
228.4	155.7
228.4	155.7
228.4	156
228.6	156
228.7	153.4
228.7	152.2
228.7	149.3
228.7	146.1
228.7	144.2
228.8	143.6
229	144.6
229.3	147.4
229.2	147.1
229.3	143.6
229.4	143.3
229.5	139.5
229.6	137.6
229.7	135.4
229.9	133.8
230	131.2
230.1	128.7
230.2	126.2
230.2	126.2
230.3	126.5
230.4	128.1
230.4	130.9
230.4	131.2
230.5	133.8
230.5	134.4
230.5	138.2
230.6	141.1
230.6	144.6
230.7	145.8
230.7	147.4
230.9	147.4
231	150.9
231	153.4
231	155.7
231.1	157.6
231.1	157.9
231.1	158.8
231.3	159.1
231.5	156.3
231.5	156
231.6	153.8
231.6	152.8
231.7	149.6
231.8	146.1
232	144.6
232	144.9
232	146.8
232.3	147.7
232.4	149
232.5	150.3
232.6	150.9
232.6	152.5
232.6	152.8
232.7	155.3
232.8	157.2
233	160.1
233	160.4
233	161
233	161.4
233.1	162
233.1	161.7
233.2	157.6
233.2	155
233.3	153.1
233.4	152.5
233.5	151.9
233.5	151.5
233.5	148.7
233.5	146.1
233.6	140.1
233.6	139.5
233.7	138.2
233.8	136
233.8	134.4
233.9	134.1
233.9	133.8
233.9	134.1
234.1	137
234.2	139.8
234.2	142
234.2	143.3
234.5	145.8
234.5	146.1
234.6	143.3
234.6	141.7
234.8	138.2
234.8	136
234.8	133.5
234.8	132.5
234.8	130.6
234.8	129.7
234.8	128.4
234.9	125.5
234.9	122.4
234.9	122.4
235	120.5
235.3	118.3
235.3	119.2
235.3	123.3
235.4	126.5
235.4	130
235.4	130.6
235.4	133.5
235.4	137
235.4	139.8
235.5	141.7
235.5	143
235.5	148.4
235.5	149.6
235.5	150
235.5	150.9
235.8	149.6
236	147.1
236.4	140.8
236.4	141.1
236.5	144.6
236.7	143
236.8	141.7
236.8	142
236.9	143
237	144.9
237	146.5
237	149.6
237	153.4
237	153.8
237	153.8
237.2	158.5
237.2	159.1
237.2	160.1
237.4	163.9
237.5	167.1
237.6	167.7
237.6	168
237.7	168
237.7	167.7
237.8	163.9
237.8	161.7
237.9	160.1
238.1	157.2
238.2	156.9
238.3	154.1
238.3	153.8
238.3	153.8
238.4	150.3
238.4	147.4
238.7	143.6
238.8	142.3
238.9	146.5
238.9	150
238.9	150.3
238.9	154.1
238.9	158.2
239.1	161
239.1	161.7
239.2	163.6
239.2	163.9
239.3	164.9
239.4	164.5
239.5	163.9
239.5	162.9
239.7	160.1
239.8	156.9
239.9	154.7
239.9	157.9
239.9	158.2
239.9	161.4
239.9	163.3
240.1	160.1
240.1	156.9
240.2	156.6
240.2	156.6
240.2	154.1
240.3	150.3
240.3	149
240.3	148
240.3	143.9
240.4	143.3
240.6	145.2
240.6	145.5
240.6	148.7
240.6	151.5
240.6	153.8
240.9	153.1
240.9	152.8
241	150.3
241	148
241	146.1
241	145.8
241	144.6
241	144.2
241.1	142.7
241.4	142.7
241.4	144.2
241.4	144.9
241.5	143.6
241.6	143.6
241.6	144.2
241.6	145.2
241.6	148
241.6	150.6
241.6	151.5
242	150.3
242.1	149
242.2	145.5
242.2	144.2
242.3	143.3
242.3	140.8
242.6	138.9
242.7	141.7
242.7	142.3
242.7	145.8
242.7	149
242.8	154.1
242.8	156.9
242.8	157.6
242.9	157.9
243.1	159.5
243.1	159.8
243.1	160.7
243.1	161.7
243.2	162.3
243.4	162.6
243.5	158.8
243.6	156.9
243.6	155.7
243.8	154.7
243.8	155.3
243.8	157.6
244.1	158.5
244.2	156
244.2	155.7
244.3	154.1
244.4	153.8
244.4	151.5
244.5	148.7
244.5	147.1
244.5	146.8
244.5	145.5
244.5	145.2
244.5	143.3
244.5	142
244.9	144.2
244.9	145.8
244.9	149.6
245.1	151.5
245.1	152.2
245.1	152.2
245.3	152.2
245.3	150.9
245.3	148.4
245.3	146.8
245.5	145.2
245.6	145.5
245.7	148
245.7	148.4
245.8	148.4
245.9	145.5
245.9	146.1
245.9	147.4
245.9	150
246.1	152.5
246.1	153.4
246.5	152.2
246.6	151.5
246.6	149.3
246.6	148.7
246.7	146.8
246.7	146.1
246.8	144.9
246.8	144.2
246.9	149
247	153.1
246.9	155
246.9	156.6
247.2	161.4
247.3	163.6
247.4	160.7
247.6	158.2
247.7	154.4
247.8	151.5
247.8	150.6
247.8	148
247.8	144.6
248	144.9
248.2	144.2
248.2	143.6
248.2	142.3
248.3	138.9
248.3	137
248.3	135.4
248.4	135.4
248.4	134.4
248.5	137
248.6	140.1
248.6	143
248.8	142.7
248.9	141.1
248.9	138.2
249.1	137.3
249.1	136
249.3	132.8
249.6	130
249.6	130.3
249.5	132.5
249.5	134.1
249.7	137.3
249.6	141.1
249.7	144.6
249.7	144.9
250	150.9
250.1	148.7
250.2	146.5
250.3	144.6
250.5	145.5
250.5	148
250.5	148
250.7	150.3
250.9	151.5
251	149.3
250.9	149
250.7	147.4
250.8	145.5
250.9	144.2
250.9	142
251	141.4
251.1	141.1
251.2	141.1
251.3	142
251.4	143.3
251.5	143.6
251.7	143.6
251.8	145.5
251.8	147.7
251.8	149.3
252	150.6
252	150.6
252.2	149.6
252.2	146.5
252.2	146.5
252.3	148
252.5	150.3
252.6	150.9
252.6	150.9
252.8	150.3
252.8	147.4
252.8	145.8
252.8	145.5
252.9	147.7
253	149.3
253.1	150.3
253.1	148.4
253.1	145.2
253.1	142.7
253.1	142.3
253.1	141.7
253.2	141.7
253.3	144.2
253.5	145.5
253.6	146.1
253.6	146.1
253.8	143.9
253.8	141.1
253.8	138.9
253.8	136
253.8	135.1
254	135.1
254.1	137.9
254.3	139.2
254.4	142.3
254.4	143.6
254.5	143.6
254.7	141.7
254.7	139.2
254.7	138.2
254.7	137
254.8	133.8
254.8	131.2
254.9	128.7
254.9	128.4
255	129
255.1	133.1
255.1	136
255.2	136.6
255.3	138.9
255.4	143
255.4	146.5
255.4	146.8
255.4	148.4
255.4	149.6
255.6	145.8
255.7	141.7
255.9	140.8
255.9	146.1
256	148.7
256.2	152.8
256.2	153.1
256.3	155.3
256.3	156.6
256.5	156.6
256.6	152.8
256.6	149
256.6	148.7
256.6	145.5
256.6	144.9
256.7	149
256.7	149.6
256.8	151.9
256.8	148.7
257	147.7
257.1	148
257.1	150.3
257.2	151.2
257.2	147.7
257.3	143.6
257.4	141.1
257.5	138.9
257.6	134.7
257.6	134.1
257.6	131.9
257.6	130.9
257.6	131.9
257.6	132.2
257.8	136.3
257.8	137.3
258	136
258	135.1
258.1	133.1
258.2	130.6
258.3	130
258.4	130.9
258.4	131.2
258.5	134.1
258.6	135.7
258.8	133.8
259	135.7
259	136.3
259	139.8
259.1	143
259.2	145.8
259.2	146.1
259.3	147.1
259.5	145.2
259.5	140.8
259.5	139.8
259.5	137
259.5	136.3
259.7	140.4
259.7	140.8
259.7	141.4
259.8	139.2
260	136
260.1	134.7
260.1	135.1
260.4	139.5
260.5	140.1
260.6	138.5
260.7	135.4
260.8	134.4
260.8	134.4
260.8	133.5
260.9	136.6
261.1	139.5
261.1	140.1
261.1	141.1
261.2	141.7
261.2	138.2
261.3	134.7
261.4	130.9
261.5	128.1
261.6	125.9
261.8	123.6
261.8	123.3
261.8	125.9
262	125.9
262	124.6
262.1	125.9
262.2	130.9
262.4	131.9
262.4	131.9
262.5	131.6
262.8	128.7
262.9	126.2
263	124.6
263.1	123.3
263.2	121.7
263.2	123
263.2	123.6
263.3	124.3
263.4	121.7
263.5	121.1
263.6	122.4
263.6	123.3
263.6	125.9
263.8	129
263.8	132.2
263.8	132.8
263.9	133.5
264	133.5
264.1	131.2
264.2	132.2
264.4	134.7
264.4	135.7
264.5	137
264.7	137.6
264.8	132.5
264.8	129
264.9	126.5
265.1	124.3
265.1	124
265.1	122.1
265.4	119.2
265.5	118.9
265.5	119.5
265.5	124
265.5	124.6
265.7	127.1
265.9	130
265.9	132.8
265.9	133.8
265.9	134.7
265.9	135.4
266.2	133.1
266.2	130.3
266.2	128.7
266.3	125.9
266.4	123
266.6	120.8
266.6	118.9
266.6	116
266.6	114.4
266.8	113.2
266.8	116.7
266.8	117.3
266.8	119.2
266.9	123
267	127.8
267.1	130.9
267.1	130.9
267.3	135.7
267.3	138.2
267.3	138.9
267.4	137.6
267.6	131.9
267.6	131.9
267.6	134.1
267.6	135.7
267.7	137
267.8	139.2
267.9	139.5
268.1	140.8
268.2	141.4
268.2	141.7
268.4	139.5
268.6	137.6
268.6	137.3
268.6	134.7
268.6	133.5
268.8	134.1
268.8	134.1
268.8	136
269	136.3
269.1	134.4
269.2	134.1
269.5	136.6
269.7	135.1
269.7	132.2
269.8	129.7
269.8	128.1
269.8	131.2
269.9	133.5
270	136.3
270	136.6
270.1	137.9
270.2	137
270.3	137.3
270.3	137.6
270.3	139.2
270.5	141.4
270.6	142.7
270.6	143
270.8	143.6
271	140.8
271.1	137
271.1	136.6
271.1	135.7
271.1	134.4
271.3	135.1
271.3	133.5
271.3	131.6
271.3	129.7
271.3	129.3
271.3	129.3
271.3	128.1
271.4	127.4
271.5	126.8
271.6	127.8
271.7	131.6
271.8	131.9
272	131.6
272.1	131.6
272.1	135.7
272.2	137.9
272.2	138.5
272.2	140.4
272.3	141.1
272.6	137.6
272.6	136.3
272.6	134.7
272.7	133.8
272.8	134.1
272.8	137
273	139.2
273	140.4
273	140.4
273	141.7
273	143
273.2	144.9
273.3	145.5
273.5	144.6
273.7	140.8
273.8	138.5
273.8	136
273.8	134.4
273.9	133.8
274	132.8
274	131.9
274	131.2
274.1	128.7
274.2	126.5
274.2	124.9
274.3	123.6
274.5	125.5
274.5	125.9
274.5	129.7
274.5	130
274.6	132.5
274.9	135.4
275.1	137
275.1	137.6
275.1	135.1
275.3	136.3
275.4	134.7
275.4	132.5
275.5	132.2
275.5	130
275.5	129.7
275.5	128.4
275.8	127.1
275.8	126.5
276.1	128.1
276.2	130.3
276.4	130.9
276.6	130.9
276.8	128.7
276.8	127.4
276.9	127.1
277	128.4
277.2	130
277.2	132.5
277.2	132.5
277.3	136.3
277.3	139.2
277.4	141.4
277.6	145.5
277.6	145.8
277.6	147.7
277.6	150.3
277.5	153.4
277.6	155
277.6	158.2
277.7	161
277.7	162.9
277.7	164.5
277.7	164.9
277.7	166.4
277.8	169
277.8	169
277.8	169.3
278	170.6
278	166.8
278	162
278	157.9
278	152.5
278	151.9
278.2	144.9
278	137.9
278	137.6
277.8	133.5
277.7	129
277.7	125.5
277.7	125.5
277.8	119.5
277.9	116
278	113.2
278.2	111.3
278.2	111.3
278.5	109.1
278.8	102.7
278.9	98
278.8	95.4
278.8	90
278.8	85.3
278.9	79.9
278.9	78.9
279.1	74.5
279.2	69.7
279.3	66.3
279.3	65.9
279.3	63.7
279.4	63.7
279.5	63.1
279.6	63.7
279.7	66.9
279.7	67.2
279.9	70.7
279.9	71.6
280.1	76.7
280.1	79.6
280.1	82.4
280.1	82.4
280.1	85.9
280.1	88.1
280.1	91.6
280.1	94.2
280.2	98.3
280.2	103.7
280.3	109.1
280.3	112.5
280.3	112.9
280.2	116
280.2	116.7
280.2	118.9
280.4	121.7
280.5	123
280.5	120.8
280.8	117
280.9	116.7
281.1	119.5
281.1	122.1
281.2	124.9
281.2	125.5
281.3	127.1
281.3	128.4
281.6	127.4
281.6	129.3
281.7	133.1
281.7	136.6
281.7	136.3
281.9	131.6
282.1	129.3
282.2	134.7
282.5	139.5
282.5	139.8
282.5	142.7
282.5	142.7
282.5	144.6
282.7	144.9
282.7	144.6
282.7	143.6
282.8	144.6
283	148.4
283	150
283	150.3
283.2	150.6
283.4	148.7
283.4	145.8
283.4	144.2
283.4	141.7
283.4	140.8
283.4	140.1
283.5	140.1
283.6	143.3
283.6	144.2
283.8	145.5
283.9	143
284	139.8
284	139.5
284	140.4
284	141.7
284.1	144.2
284.3	143
284.4	140.4
284.5	137.6
284.7	140.1
284.9	143
284.9	146.8
285.1	147.4
285.3	145.8
285.3	145.8
285.5	149.3
285.5	150.6
285.7	151.9
285.7	154.1
285.8	149.3
285.9	143.6
285.9	140.4
285.9	140.1
285.9	137
285.9	136.6
286.1	139.2
286.1	141.4
286.5	141.4
286.5	140.1
286.8	147.4
286.8	150
287	150.9
287.1	150.9
287.2	150.9
287.4	151.9
287.6	146.8
287.5	143.3
287.5	142.3
287.5	140.8
287.5	138.5
287.6	137.6
287.7	137.6
287.9	140.1
288	144.6
288.2	150.6
288.2	151.5
288.2	154.7
288.2	155.7
288.2	157.6
288.4	154.4
288.5	152.2
288.6	148.4
288.7	145.8
288.8	147.7
289	146.1
289.3	143
289.7	138.9
289.8	137.3
289.9	134.7
290	134.1
290.1	136.6
290.1	140.1
290.1	143.3
290.1	144.6
290.3	146.5
290.4	149
290.4	150.9
290.4	152.5
290.4	152.8
290.5	150.3
290.6	147.7
290.7	144.9
290.7	143.6
290.9	141.4
290.9	142.3
291	146.5
291	147.4
291.1	151.2
291.3	150.3
291.6	148
291.7	149.6
291.9	150.6
292	150
292.1	146.1
292.2	143.3
292.3	141.4
292.4	145.5
292.4	145.8
292.4	150
292.7	150.6
292.8	147.7
292.8	144.6
292.8	142
293.1	139.2
293.2	139.2
293.3	142
293.3	143.9
293.6	143.9
293.6	144.6
293.6	148
293.6	149
293.8	150.6
293.9	146.1
294	145.2
294.3	151.2
294.5	154.4
294.5	155
294.5	154.7
294.6	151.2
294.7	148.7
294.7	145.8
294.8	146.5
294.9	147.1
294.9	149
295.1	151.2
295.1	153.4
295.5	155.7
295.5	151.2
295.5	146.5
295.5	144.6
295.5	144.2
295.5	143
295.6	142
295.9	141.4
295.9	143.9
296.1	144.9
296.2	142.7
296.4	143
296.4	146.1
296.4	146.5
296.5	148
296.7	149.6
296.9	149.6
297	150
297	150.9
297.1	152.2
297.2	152.5
297.4	153.1
297.5	153.1
297.6	150
297.6	149.6
297.6	146.8
297.6	146.5
297.6	144.2
297.6	142.7
297.6	141.1
297.7	139.8
297.7	138.9
297.7	137.3
297.9	134.7
298	134.4
298	134.4
298.1	134.1
298.4	133.8
298.5	135.4
298.5	135.7
298.4	137.9
298.4	140.4
298.5	144.6
298.5	145.8
298.6	146.5
298.7	149
299	151.2
299.1	151.2
299.1	152.8
299.1	154.4
299.2	155.3
299.2	156.3
299.3	157.6
299.4	157.9
299.5	157.2
299.5	155
299.5	154.7
299.6	153.8
299.7	153.4
299.9	153.4
300	152.8
300.1	149.3
300.2	147.7
300.3	150
300.3	151.2
300.3	152.2
300.4	152.2
300.5	149.6
300.6	148
300.6	148
300.7	145.8
300.7	144.6
300.8	143
300.8	140.8
300.8	140.4
300.8	138.9
300.8	138.2
301.2	139.2
301.1	140.4
301.1	142.7
301.1	144.2
301.1	144.6
301.1	147.4
301.3	150.6
301.4	152.8
301.4	153.4
301.6	154.7
301.7	155
301.8	154.7
302	152.5
302.1	150.6
302.2	150.3
302.2	147.4
302.2	144.2
302.2	144.6
302.4	146.5
302.4	148.4
302.5	149.3
302.6	147.1
302.7	144.2
302.7	143.6
302.7	142.3
302.8	143.6
303	145.5
303	146.5
303	144.6
303.2	141.4
303.2	142.7
303.2	144.9
303.3	145.8
303.4	145.8
303.5	144.6
303.5	143.9
303.6	143.9
303.7	143.9
303.8	142.3
303.9	141.1
304.1	139.8
304.2	141.4
304.3	143.6
304.4	146.1
304.5	147.7
304.5	148
304.5	148.4
304.8	146.1
304.9	144.6
305.1	145.5
305.1	147.7
305.1	148
305.1	149.6
305.1	150.9
305.2	152.8
305.3	155.7
305.3	156.3
305.5	156.6
305.6	154.7
305.7	150.9
305.7	150.3
305.7	150.6
305.8	152.5
305.9	152.5
306.1	150
306.1	144.2
306.1	143.3
306.2	141.4
306.4	138.9
306.6	137.3
306.7	137.9
306.8	138.9
306.8	141.7
306.8	144.9
307	147.4
307.2	145.8
307.3	143.9
307.4	148
307.5	149.3
307.6	149
307.7	145.2
307.7	144.6
307.7	142.3
307.8	139.2
307.8	136.3
307.8	134.1
307.8	131.9
307.8	131.9
308	133.8
308	137.3
308.2	136.6
308.4	135.1
308.4	137.6
308.5	139.8
308.6	141.7
308.9	138.5
309	141.7
309.1	143.3
309.1	144.6
309.3	141.4
309.4	137
309.5	137.9
309.5	141.4
309.5	142.3
309.7	144.2
309.7	144.6
309.9	146.5
309.9	147.4
310.1	149
310.1	150.9
310.1	152.5
310.1	154.1
310.3	155.3
310.3	155.3
310.5	158.8
310.5	160.7
310.5	164.2
310.5	164.5
310.5	167.4
310.5	167.7
310.6	170.6
310.7	174.4
310.7	177.2
310.7	177.8
310.7	179.4
310.9	180.4
311	180.7
311	176.3
311	172.1
311.1	168.3
311.1	167.1
311.1	162.3
311.3	159.1
311.3	155
311.3	152.5
311.6	150.3
311.7	152.5
311.8	155.3
312	151.2
312	150.9
312	146.8
312.1	142.7
312.2	139.2
312.2	137.3
312.3	137.9
312.4	140.8
312.5	141.1
312.6	140.4
312.8	137.9
313	134.4
313	133.1
313.1	136.6
313.1	137.3
313.1	143.6
313	146.5
313	148
313.2	149.6
313.5	151.5
313.7	153.1
313.9	155.7
313.9	156.6
313.9	157.2
314	157.2
314.1	153.1
314.3	150
314.3	146.8
314.4	145.5
314.5	145.5
314.7	145.5
315.1	148.7
315.3	149.3
315.4	147.1
315.5	146.5
315.6	144.6
315.7	143
315.8	145.5
315.8	147.1
315.7	149.3
315.9	151.5
315.9	152.2
315.9	152.2
316	154.4
316.1	156.9
316.1	157.6
316.2	158.5
316.4	158.5
316.5	157.2
316.6	156.6
316.6	156.6
316.7	157.9
316.7	158.8
316.9	158.8
317.1	156
317.1	158.8
317.1	158.8
317.1	160.1
317.2	159.1
317.4	154.4
317.4	153.1
317.4	151.5
317.5	148.7
317.6	149
317.7	152.2
317.8	153.8
318	151.5
318	151.2
318.2	155
318.5	156.3
318.6	157.2
318.6	157.9
318.8	153.8
318.8	152.8
318.8	151.2
318.8	150.3
318.8	148.7
319	146.5
319.1	144.6
319.1	147.7
319.2	151.9
319.2	152.2
319.3	154.1
319.5	151.9
319.5	153.1
319.7	156.6
319.7	157.9
319.7	159.5
319.7	162.3
319.8	162.3
320	161.4
320.1	156.3
320.1	152.5
320.1	150.3
320.1	148
320.2	146.5
320.4	147.1
320.5	148
320.6	146.8
320.6	145.8
320.7	144.2
320.9	141.1
321	139.2
321	138.2
321.1	137.3
321.1	137
321.3	138.2
321.3	136.3
321.3	135.4
321.3	134.4
321.5	136.6
321.6	137.3
321.6	137.3
321.7	132.5
321.7	131.2
321.8	131.2
321.9	132.5
321.9	136
321.9	139.5
321.9	140.4
322	142
322.2	145.2
322.2	146.5
322.2	147.4
322.2	148.7
322.3	150.9
322.4	153.1
322.7	151.5
322.8	150.9
323	154.7
323.1	156
323.2	154.4
323.4	150.9
323.5	148.7
323.5	148.4
323.5	146.5
323.7	146.8
323.8	151.5
323.8	151.9
323.9	153.1
324.1	155
324.1	156.9
324.1	158.8
324.3	158.5
324.3	157.9
324.5	156
324.6	153.1
324.7	150.3
324.8	149.6
324.9	148.4
325.1	149
325.1	151.2
325.2	153.4
325.3	153.8
325.4	154.7
325.5	153.4
325.5	150.9
325.6	150.3
325.6	149.3
325.7	151.2
325.7	153.4
325.7	153.4
325.9	151.5
325.9	153.1
326.2	154.4
326.3	155
326.3	156
326.6	157.6
326.6	158.2
326.6	158.2
326.7	157.6
326.8	155.3
326.9	152.8
326.9	151.5
327.2	149.6
327.2	147.4
327.3	146.1
327.4	145.2
327.4	142
327.4	137.6
327.3	134.7
327.4	134.7
327.6	138.2
327.6	138.5
327.8	141.4
327.8	144.2
327.8	145.2
328	145.5
328.2	142.3
328.3	141.7
328.4	141.4
328.4	140.8
328.6	143
328.7	144.2
328.8	145.5
328.9	147.4
328.9	148.7
329	150
329.1	150
329.3	148
329.3	145.8
329.3	145.2
329.3	143
329.3	142.3
329.3	142
329.4	142
329.6	142.7
329.7	143.9
329.9	142.7
329.9	142.3
329.9	142.3
330	142.3
330.3	143.6
330.5	143.3
330.6	141.1
330.7	140.4
330.7	138.2
330.7	134.7
330.9	131.6
330.9	130
331	128.1
331.1	129.7
331.1	130
331.1	130
331.2	134.1
331.2	136.6
331.3	140.1
331.4	141.1
331.4	143
331.4	145.5
331.6	147.1
331.6	149
331.6	150
331.8	151.5
331.9	152.2
332.1	152.8
332.2	151.5
332.2	151.9
332.2	151.9
332.2	153.8
332.2	154.4
332.2	156
332.3	157.6
332.6	156.3
332.8	154.1
332.8	150.3
332.8	150
332.8	148.7
332.8	145.2
332.9	144.9
332.9	145.2
333	147.1
333	147.4
333.1	149
333.4	150.3
333.4	147.7
333.5	147.4
333.6	150.3
333.6	150.9
333.7	152.2
333.8	152.8
333.8	153.8
334.1	152.8
334.2	150.3
334.3	150.3
334.3	150.3
334.6	151.5
334.7	152.5
334.7	155
334.7	155.3
334.9	156.6
334.9	156.6
335	156.3
335.1	152.8
335.1	152.5
335.1	150.6
335.1	148.7
335.3	144.6
335.4	143.9
335.4	146.5
335.4	151.2
335.5	154.4
335.5	154.7
335.6	156.6
335.6	156.9
335.6	158.5
335.6	162.6
335.6	164.2
335.8	165.8
335.9	166.8
335.9	166.8
336	165.8
336	162.3
336.1	157.9
336.1	157.2
336.2	152.2
336.3	150.3
336.4	151.5
336.4	152.8
336.4	156
336.4	159.1
336.4	162.9
336.4	164.9
336.4	165.8
336.5	167.7
336.5	167.7
336.5	168.3
336.6	168.7
336.7	169.3
336.7	169.6
336.7	168.3
336.8	164.5
336.8	161.7
336.9	159.8
336.9	156.9
337	151.9
337	149.6
337	147.7
337	145.5
337.2	143.6
337.2	141.1
337.2	138.2
337.2	137.9
337.2	135.7
337.2	133.1
337.2	136.3
337.3	138.5
337.3	139.5
337.5	143.9
337.5	144.6
337.7	147.7
337.7	151.5
337.7	151.5
337.7	150
337.8	145.8
337.8	145.8
337.8	148.4
338	150.9
338.1	152.8
338.1	152.8
338.1	154.4
338.2	153.8
338.4	150.3
338.4	147.7
338.5	147.1
338.6	149.6
338.6	151.9
338.7	152.5
338.8	152.8
338.8	151.2
338.8	150.6
339	148.7
339.2	146.1
339.3	144.2
339.5	144.2
339.6	144.2
339.6	146.5
339.6	147.4
339.7	145.8
339.7	145.2
339.9	147.4
339.9	150.6
339.9	150.9
340	152.2
340.1	149
340.2	146.5
340.6	145.8
340.7	146.5
340.8	149.6
340.9	150.9
341.1	149.3
341.1	148.7
341.1	146.8
341.1	143.9
341.1	143.6
341.1	145.8
341.3	143
341.3	142.7
341.6	140.8
341.6	137.3
341.6	134.1
341.6	131.6
341.7	128.7
341.8	130.9
341.9	134.7
341.8	135.4
342	139.5
342	139.5
342	140.8
342.3	142
342.4	143.3
342.5	145.5
342.7	148.4
342.7	148.4
342.8	150
342.8	150.9
342.8	151.9
342.9	152.8
342.9	153.1
343	154.1
343.2	152.2
343.2	149
343.2	148.4
343.3	145.5
343.2	142.3
343.2	140.1
343.5	137.6
343.6	135.4
343.6	132.8
343.6	132.2
343.6	132.2
343.6	129.7
343.6	128.1
343.6	126.2
343.7	126.8
343.9	129.3
343.9	131.6
344	135.4
344.1	135.7
344.3	138.5
344.3	142
344.4	144.9
344.4	145.2
344.5	150
344.6	153.4
344.6	155.7
344.5	157.6
344.5	161.7
344.5	162.9
344.5	163.6
344.7	162.9
344.9	158.2
344.9	157.2
345	153.8
345.1	151.5
345.1	151.2
345.5	148.7
345.7	147.1
345.7	145.5
345.8	145.2
345.9	143.9
346.1	141.7
346.1	139.8
346.1	137.9
346.1	136
346.3	133.8
346.3	130.9
346.6	133.1
346.6	133.5
346.7	132.8
346.8	130.3
347	127.4
347	125.2
347	123.3
347.1	122.1
347.4	123.6
347.4	124.3
347.4	127.4
347.4	131.6
347.4	135.1
347.4	135.7
347.5	136.6
347.5	138.5
347.7	136
347.7	137
347.8	138.2
347.8	139.2
348	139.8
348	139.8
348	137.6
348	135.1
348.1	133.5
348.2	135.1
348.2	137.3
348.3	138.9
348.4	140.1
348.4	141.1
348.6	139.5
348.6	137
348.7	135.1
348.7	134.4
349	131.9
349.2	130
349.3	129.7
349.3	128.1
349.5	126.5
349.5	125.9
349.6	124.6
349.6	124.9
349.7	127.1
349.8	128.4
349.9	130.3
349.9	134.4
349.9	137.6
349.9	139.5
349.9	142
349.8	142
349.8	143.6
349.8	143.6
350	144.9
350.1	144.9
350.2	143.3
350.2	141.7
350.3	138.9
350.3	137.6
350.3	135.7
350.3	135.4
350.3	133.8
350.4	132.8
350.5	131.6
350.5	130.6
350.7	129
350.7	124.3
350.7	123.6
350.7	122.7
350.8	121.1
350.9	119.2
350.9	117.3
350.9	114.4
351.2	116.3
351.3	119.5
351.3	120.2
351.3	122.1
351.3	123.6
351.4	124.3
351.6	121.4
351.6	118.6
351.6	116
351.6	114.4
351.6	111.3
351.6	111.3
351.6	109.4
351.8	107.8
351.9	111.3
351.9	112.9
352	113.8
352	116.3
352	116.3
352	117.9
352	119.2
352.2	118.9
352.2	115.7
352.1	112.5
352.1	112.2
352.1	110.3
352.1	107.5
352.1	105.3
352.2	102.7
352.2	100.2
352.3	97.6
352.3	97.3
352.3	96.4
352.5	95.4
352.6	96.1
352.9	100.5
352.9	103.4
352.9	106.8
352.9	107.5
352.9	109.4
352.9	110.3
352.9	111.6
353	114.8
353	117.3
353	119.5
353	123.3
353	125.2
353	126.5
353.1	129.3
353.2	132.2
353.2	135.1
353.2	137.3
353.3	138.9
353.3	142
353.5	145.2
353.7	144.6
353.8	141.7
353.8	141.7
353.8	142
354.3	146.1
354.3	147.1
354.4	150.3
354.4	151.2
354.4	153.1
354.4	153.8
354.4	154.1
354.5	153.1
354.5	147.7
354.5	146.5
354.5	143.9
354.7	141.4
354.7	140.8
354.9	138.9
354.9	135.7
355	132.8
355.1	129
355.1	126.5
355.3	125.2
355.4	123.6
355.5	123.3
355.6	122.1
355.8	121.1
356	120.5
356.1	119.5
356.1	118.9
356.1	117.9
356.1	117
356.1	114.8
356.2	113.8
356.3	115.4
356.3	116
356.5	118.6
356.6	119.2
356.6	117.3
356.7	113.5
356.8	111.3
356.8	109.1
356.8	109.4
357.1	114.8
357.2	115.1
357.2	118.3
357.2	121.4
357.2	124
357.4	123.3
357.4	119.8
357.4	118.9
357.4	116.7
357.4	114.1
357.5	114.1
357.6	112.2
357.6	110.6
357.7	108.4
357.8	107.5
358	105.6
358	105.6
358.1	109.1
358.1	110.3
358.2	111.3
358	114.8
358	115.4
358.2	113.2
358.3	112.2
358.3	114.4
358.4	115.7
358.6	115.7
358.8	114.1
358.8	113.8
359	113.5
359.4	114.4
359.5	116.3
359.7	116
359.7	112.5
359.8	111.9
359.9	112.5
359.9	115.7
360.1	118.6
360.1	121.7
360.1	122.4
360.2	124
360.5	123.3
360.5	122.7
360.5	117.6
360.6	114.4
360.6	112.5
360.7	110.6
360.7	108.4
360.7	108.1
360.7	107.2
360.8	105.3
360.9	102.7
361.2	104.3
361.2	107.8
361.1	111.9
361.1	112.9
361.2	115.4
361.4	122.4
361.4	125.5
361.3	128.4
361.3	128.7
361.3	132.8
361.3	135.1
361.3	137.6
361.3	137.9
361.5	140.4
361.6	143.9
361.7	144.9
361.8	145.5
361.8	148
361.8	145.5
361.9	141.7
362	140.1
362	138.2
362.1	135.4
362.1	137
362.2	138.5
362.2	138.9
362.3	135.7
362.3	135.4
362.3	130.9
362.3	127.1
362.3	123.3
362.4	121.7
362.4	119.5
362.4	118.9
362.4	115.7
362.4	114.1
362.4	112.5
362.4	112.2
362.5	111
362.6	109.4
362.7	109.4
362.7	113.5
362.7	113.8
362.6	116
362.6	117.6
362.6	118.3
362.7	120.5
362.8	122.1
363	120.5
363	119.5
363.2	116
363.2	115.7
363.2	114.1
363.2	114.1
363.2	112.5
363.3	110.6
363.4	108.7
363.4	107.2
363.4	106.2
363.5	105.9
363.6	105.9
363.6	109.1
363.7	111
363.8	112.9
363.8	114.4
363.8	116.3
363.8	116.7
363.8	116.7
364	114.1
364	114.1
364.1	113.5
364.3	115.7
364.3	117.9
364.3	118.3
364.4	118.3
364.6	116.3
364.7	114.4
364.7	114.1
364.7	112.2
364.7	110.3
364.9	107.8
364.9	105.9
365	104.9
365	104.9
365.3	103.7
365.3	103.7
365.6	103.7
365.6	106.5
365.6	109.4
365.6	110.3
365.6	113.2
365.7	116.3
365.7	117.9
365.8	120.5
365.8	121.7
365.9	124.3
365.9	124.9
365.9	126.2
366.1	127.4
366.1	128.7
366.1	129.7
366.3	130.6
366.3	130.6
366.3	130.3
366.6	119.2
366.6	117.9
366.6	115.4
366.6	114.8
366.6	111.6
366.6	107.8
366.7	103.4
366.8	100.8
366.8	100.2
366.8	98
366.9	96.4
367	102.4
367.1	106.5
367.3	110.6
367.3	112.5
367.3	113.2
367.4	113.8
367.8	113.8
367.9	115.7
368	118.6
368	119.8
368.3	118.9
368.4	118.9
368.4	124
368.4	124
368.4	124.9
368.5	125.5
368.6	125.5
368.7	125.5
368.8	129.7
368.9	132.2
369	133.8
369.1	137.6
369.3	140.4
369.5	137.6
369.5	137.3
369.5	135.1
369.5	135.1
369.5	135.4
369.5	137.6
369.5	138.2
369.8	138.2
369.9	136
369.9	134.4
370.1	136.3
370.1	137.3
370.1	138.9
370.4	140.1
370.4	139.8
370.5	137
370.3	132.5
370.2	130.3
370.2	130
370.2	128.7
370.2	128.4
370.3	127.4
370.4	125.9
370.5	124.6
370.5	124.3
370.9	125.9
370.9	125.9
370.9	126.2
371.2	125.5
371.3	124.3
371.4	122.7
371.4	122.7
371.5	121.1
371.6	120.2
371.8	121.7
371.8	121.7
371.9	123.3
372	121.7
372.1	120.8
372.2	120.8
372.2	122.4
372.3	125.2
372.6	130.6
372.6	130.9
372.6	132.2
372.7	133.1
372.9	132.2
373	131.2
373.1	131.6
373.2	132.5
373.3	130.3
373.3	128.4
373.4	128.1
373.4	127.1
373.5	125.5
373.6	124.3
373.6	123.6
373.8	123
373.9	124
373.9	124.3
373.9	125.9
374.1	124.9
374.1	124
374.3	123.6
374.3	126.2
374.3	126.5
374.3	128.1
374.3	128.7
374.3	129.7
374.6	131.6
374.8	132.2
374.9	129
374.7	126.5
374.7	125.5
374.7	124
374.7	122.4
374.8	120.2
374.8	119.8
374.9	118.9
375.1	121.1
375.2	124.6
375.3	126.5
375.3	128.1
375.4	131.9
375.5	132.8
375.5	133.8
375.7	135.4
375.7	135.7
375.9	137.9
375.9	139.5
376	140.8
376	142.3
376.2	143.9
376.3	145.8
376.5	147.7
376.7	150.3
376.8	152.8
376.8	154.1
376.8	157.9
376.8	159.8
376.8	161
376.8	161.4
376.8	161
377.1	158.2
377.1	155.7
377.1	155.7
377.2	155.3
377.4	156.3
377.4	156
377.5	152.2
377.5	149
377.7	145.8
377.8	144.2
377.9	143.3
378.1	144.6
378.1	146.1
378.4	146.5
378.6	146.5
378.7	144.6
378.8	143
379	140.8
379	140.8
379.1	139.8
379.2	140.1
379.3	142.7
379.3	143.9
379.4	145.5
379.4	148.4
379.4	149
379.6	152.2
379.7	153.4
379.8	155.7
379.9	156
380.2	154.4
380.2	151.9
380.2	150.3
380.4	151.2
380.4	152.8
380.5	152.5
380.7	150.6
380.7	150.3
381.1	150.3
381.2	148.7
381.2	145.8
381.5	143.3
381.5	140.8
381.5	140.1
381.5	138.9
381.5	137
381.5	134.4
381.7	135.1
381.7	137
381.8	137.6
381.9	137.6
381.9	136
382.1	136
382.1	136.6
382.1	138.2
382.3	140.4
382.4	143
382.4	143.3
382.4	143.9
382.4	144.9
382.6	145.8
382.6	146.1
382.7	146.1
382.8	143.3
382.8	140.4
382.8	139.8
382.9	139.5
383	143
383	145.5
383.1	146.8
383.2	146.8
383.3	144.6
383.3	142.3
383.3	142
383.4	139.8
383.5	139.2
383.8	139.5
383.8	141.4
383.8	142.3
383.9	141.4
383.9	141.1
384.1	143.3
384.1	143.9
384.2	142
384.3	140.8
384.3	140.4
384.5	141.4
384.5	142
384.7	141.7
384.8	139.8
384.8	138.5
385.1	138.9
385.1	140.4
385.2	142
385.4	143.6
385.4	143.3
385.6	140.8
385.6	140.4
385.7	138.2
385.9	141.4
385.9	143.3
386	145.5
386	147.1
386	147.4
386.1	148.7
386.2	150.3
386.2	154.1
386.3	154.7
386.4	153.4
386.6	150.3
386.9	146.8
386.9	143.9
386.9	143.6
386.9	141.4
386.9	139.8
386.9	137.9
386.9	136.3
387.2	137.3
387.2	137.6
387.3	140.4
387.3	141.1
387.3	143.6
387.3	145.2
387.3	145.5
387.3	146.5
387.5	147.7
387.6	147.4
387.7	145.2
387.7	143.3
387.7	141.1
387.8	141.1
387.9	142.3
387.9	143.9
387.9	146.8
387.9	147.1
388	144.9
388	144.6
388	142.7
388.1	141.1
388.1	138.2
388.3	141.1
388.3	143.3
388.4	144.2
388.5	144.2
388.5	141.7
388.6	141.1
388.8	141.4
388.8	141.7
388.8	143
388.8	143.3
388.9	141.4
389	141.7
389	143.3
389	143.6
389	145.8
389	147.4
389.1	149
389.2	150.6
389.3	150
389.6	147.7
389.8	145.8
389.8	145.5
389.8	144.2
389.8	142.7
389.9	141.4
390	140.1
390.2	140.1
390.3	140.1
390.3	142.3
390.4	145.5
390.4	146.8
390.5	145.8
390.6	147.1
390.7	147.1
390.8	148
390.8	148.4
390.9	149
390.9	148.7
390.9	146.8
390.9	144.6
390.9	143.6
390.9	142.3
391.1	140.4
391.2	140.1
391.3	135.4
391.3	134.1
391.3	133.8
391.3	134.4
391.3	137
391.3	137.3
391.4	140.1
391.5	144.2
391.5	145.8
391.5	147.4
391.6	149
391.6	150.3
391.6	150.6
391.7	151.2
391.8	152.8
392	152.8
392.1	150.6
392.2	149
392.2	148.4
392.2	146.1
392.2	145.2
392.4	145.8
392.4	146.8
392.5	145.5
392.6	143.3
392.7	142.7
392.7	141.1
392.6	138.9
392.7	137.3
392.8	138.9
392.8	142
392.8	142.3
392.9	144.6
393.1	145.2
393.3	145.2
393.5	142.7
393.5	140.4
393.7	138.9
393.7	136.6
393.8	136
394.1	137.9
394.1	138.5
394.1	141.7
394.3	145.2
394.5	147.7
394.7	150.6
394.7	153.8
394.8	155
394.9	155
395	154.7
395	155.7
395.1	159.5
395.2	160.4
395.2	162
395.3	163.6
395.5	166.8
395.5	167.1
395.5	168
395.5	169.3
395.5	169.6
395.6	170.2
395.6	170.6
395.7	170.9
395.8	170.2
395.9	169.3
395.9	167.7
396	165.5
396	164.5
396	162.6
396.1	162
396.2	160.4
396.3	158.8
396.3	156.9
396.3	156.6
396.4	155.7
396.4	155
396.5	153.8
396.5	152.8
396.6	151.2
396.9	150.3
397.1	148.7
397.1	148
397.2	147.1
397.3	146.5
397.3	150.3
397.5	154.1
397.5	156.3
397.5	157.2
397.5	158.8
397.7	160.4
397.8	157.9
397.8	155
397.9	153.1
397.9	152.5
398	151.5
398.1	152.8
398.1	152.8
398.1	153.1
398.4	151.5
398.4	149.6
398.4	148.7
398.6	150
398.6	150
398.8	147.4
398.8	147.1
398.8	149.6
399	150.6
399	152.2
399	153.4
399.1	155
399.3	154.7
399.3	154.4
399.4	152.5
399.5	149.6
399.6	147.7
399.7	145.8
399.8	145.2
399.9	145.2
399.9	147.7
399.9	150.3
399.9	151.5
400.3	148.4
400.3	146.5
400.3	145.5
400.3	146.8
400.3	149.3
400.5	150.3
400.6	149.6
400.7	147.1
400.8	144.9
400.8	143.3
401	138.5
401	142
401	145.5
401	145.8
401.1	145.5
401.2	149.3
401.3	150.9
401.4	152.2
401.5	154.4
401.6	155.7
401.6	156.6
401.7	157.6
401.8	158.2
401.8	157.2
401.8	156.6
401.8	154.4
401.9	153.1
401.9	151.2
402	148.4
402	145.8
402	145.2
401.9	143.3
401.9	140.8
401.9	140.4
402.1	142
402.2	144.2
402.3	148.4
402.3	150.3
402.4	151.2
402.4	151.5
402.5	151.5
402.8	150
402.9	149.6
402.9	149.6
403	154.1
403.1	155.3
403.1	157.6
403.1	157.9
403.2	159.1
403.3	159.5
403.3	160.1
403.4	160.7
403.6	157.6
403.7	155
403.7	154.7
403.7	153.1
404	155.7
404	156
404	153.4
404	149.6
404	148
404	147.1
404	144.9
404	144.6
404	144.6
404.1	143
404.3	145.2
404.4	147.4
404.8	147.1
404.9	145.2
405	147.7
405	152.5
405.2	154.7
405.3	155.7
405.3	157.6
405.3	160.4
405.3	160.7
405.3	163.3
405.3	166.8
405.3	168
405.3	169.3
405.4	169.9
405.5	170.6
405.5	170.9
405.6	169
405.6	165.5
405.6	164.5
405.7	161
405.8	156.9
405.8	153.8
405.9	153.8
406	154.7
406.1	154.7
406.2	151.9
406.2	150.3
406.4	148.7
406.5	147.4
406.6	147.1
406.7	150.3
406.7	154.7
406.7	158.2
406.7	158.5
406.7	162
406.9	165.2
406.9	165.2
406.9	167.4
406.9	168.7
406.9	169.3
406.9	170.6
407	170.9
407.1	169.3
407.1	165.5
407.1	161.7
407.1	158.8
407.1	155.7
407.2	153.1
407.3	150.6
407.4	150.9
407.5	154.1
407.5	157.6
407.5	158.8
407.5	159.8
407.7	158.5
407.7	157.9
407.8	156
407.8	153.8
407.9	151.2
407.9	149.3
408.1	147.1
408.2	147.1
408.3	148.4
408.4	152.5
408.5	155.7
408.5	158.5
408.5	160.7
408.7	161
408.8	159.8
408.9	159.8
409	160.7
409.1	161
409.2	161
409.3	159.5
409.4	156.3
409.6	152.2
409.7	150.3
409.7	147.7
409.9	149
410	149.3
410.1	153.4
410.2	157.9
410.3	160.1
410.3	162
410.5	165.8
410.6	166.8
410.8	167.7
410.9	165.8
411	162.9
411	162
411	157.6
411	155
411.1	151.5
411.1	149
411.1	148.7
411.2	148.7
411.3	151.9
411.3	152.2
411.3	152.8
411.5	151.9
411.6	150
411.8	150.3
411.8	151.5
411.9	154.4
411.9	157.6
412.1	160.7
412.1	162.9
412.3	162.9
412.4	162.9
412.5	163.3
412.7	162.6
412.8	161
412.8	160.4
412.8	158.5
412.9	157.6
412.9	156.3
412.9	153.4
412.9	153.1
413.1	150.6
413.1	147.4
413.2	144.6
413.2	144.2
413.2	141.7
413.3	142.3
413.3	148
413.5	153.1
413.5	156.9
413.5	157.6
413.5	158.8
413.6	160.1
413.7	160.1
413.7	160.4
413.8	159.8
413.9	157.9
413.9	155.7
413.9	154.4
414	152.2
414.2	152.5
414.2	152.8
414.3	155
414.3	156
414.5	154.4
414.6	152.2
414.7	150.9
414.9	149.3
414.9	147.1
414.9	146.8
415	143.3
415	141.1
415.3	140.8
415.4	144.6
415.4	145.5
415.5	150.3
415.5	150.9
415.5	154.7
415.5	160.1
415.5	162
415.5	162.9
415.6	165.2
415.6	166.1
415.7	167.7
415.8	169.3
415.8	171.5
415.8	173.1
416	175
416	175.3
416	176.3
416.1	176.3
416.2	173.4
416.2	169
416.3	166.1
416.3	163.3
416.4	161.4
416.4	161
416.4	159.1
416.5	157.2
416.8	156.9
417.1	156.9
417.1	156
417.1	154.7
417.1	152.8
417.2	151.5
417.3	151.9
417.3	155
417.3	155.3
417.3	156
417.7	153.1
417.7	151.9
417.7	150
418	148
418.1	146.8
418.5	147.4
418.7	153.8
418.9	151.9
419	153.1
419.2	158.2
419.2	158.8
419.2	161.7
419.1	163.6
419.1	165.8
419.2	167.7
419.3	168.3
419.4	169.3
419.5	170.2
419.7	170.9
419.9	170.6
420	170.2
420.1	167.1
420.1	163.9
420.3	163.3
420.5	166.4
420.8	165.8
420.9	164.5
420.9	161.7
420.9	157.9
421	156.6
421.2	152.8
421.2	150.6
421.2	150.6
421.2	149.6
421.3	147.4
421.3	141.4
421.3	138.2
421.3	133.5
421.3	132.8
421.3	130.3
421.3	126.8
421.3	122.4
421.5	117.3
421.4	111.6
421.4	111
421.4	108.1
421.3	100.8
421.3	100.2
421.3	95.7
421.5	89.7
421.5	89.4
421.6	82.4
421.6	79.3
421.6	75.8
421.6	72.3
421.6	65.9
421.6	63.4
421.6	61.5
421.6	61.2
421.6	60.9
421.7	58
421.7	56.1
421.7	53.6
421.7	49.5
421.6	46.9
421.6	46.6
421.5	45
421.5	42.8
421.5	41.2
421.5	39.6
421.5	39
421.5	37.4
421.6	35.2
421.7	33.6
421.7	32.7
421.7	30.8
421.7	30.4
421.7	29.8
421.8	28.5
421.9	28.5
422	30.4
421.9	33.6
421.9	33.9
422	37.1
422	38.4
422.2	39.3
422.3	39.9
422.5	39.9
422.7	39.6
422.9	38.7
422.9	37.4
422.9	37.4
423.1	37.1
423.3	39
423.3	41.8
423.3	43.4
423.5	44.4
423.7	44.4
423.7	41.2
423.7	38.4
423.7	37.7
423.8	36.1
424	35.2
424.3	36.8
424.4	39.9
424.4	42.2
424.5	42.8
424.7	39.9
424.5	36.5
424.5	35.2
424.5	35.2
424.7	34.6
425.1	34.9
425.1	35.2
425.1	39.3
425.1	39.6
425.3	43.4
425.4	44.7
425.5	41.8
425.6	39.6
425.6	38.4
425.7	38.4
425.7	38.4
426	37.7
426.2	38.7
426.3	40.3
426.3	40.6
426.3	40.6
426.3	42.2
426.3	43.1
426.3	43.4
426.3	45
426.4	46.3
426.6	47.6
426.6	47.6
426.6	47.6
426.8	45.7
426.8	43.4
426.8	43.1
427	44.4
427	44.7
427.2	44.7
427.2	44.7
427.4	43.8
427.4	41.5
427.6	38.7
427.6	35.2
427.8	33.9
427.9	33
428	31.7
428	31.4
428	30.8
428.1	30.4
428.1	30.4
428.3	33
428.3	34.6
428.4	33.9
428.6	33.6
428.7	34.9
428.7	35.2
428.8	36.8
428.8	40.9
428.8	41.2
428.9	43.1
429	45.7
429.1	46.9
429.3	47.2
429.4	44.4
429.7	44.4
429.7	46.3
429.8	47.9
429.9	48.5
430	46.9
430.1	44.7
430.2	41.8
430.3	40.3
430.7	39.9
430.8	38
430.8	36.8
430.8	36.1
430.8	34.9
430.9	33.3
431.1	35.8
431.1	36.5
431.1	39
431.2	41.5
431.3	41.5
431.3	42.2
431.6	40.3
431.8	39
431.8	38.7
431.9	37.7
432.2	36.5
432.3	36.5
432.3	38.7
432.6	43.1
432.8	46.3
432.9	47.6
433	45.3
433.3	43.1
433.3	43.1
433.3	40.3
433.3	39.6
433.3	38.7
433.5	37.7
433.6	37.7
433.7	35.5
433.9	33
434	31.4
434	30.4
434.3	29.8
434.3	33.3
434.5	35.8
434.7	39
434.7	39.3
434.8	39.3
435	36.1
435.2	38
435.4	42.5
435.4	42.8
435.6	47.6
435.7	52
435.7	55.2
435.8	58.3
436	63.4
436.1	62.5
436.1	61.8
436.1	58.3
436.2	53.6
436.6	50.4
436.8	47.9
436.8	45.3
436.8	43.8
436.8	40.6
436.9	39.3
437	39
437.2	41.8
437.4	44.1
437.5	43.1
437.6	40.9
437.9	39
437.9	37.4
437.9	36.1
437.9	35.8
438	35.5
438.2	34.9
438.4	37.7
438.4	40.6
438.6	42.2
438.7	39.9
439.1	39.9
439.4	42.8
439.4	46
439.3	46.6
439.3	50.1
439.5	52.6
439.5	52.9
439.7	54.2
439.9	55.5
440.1	56.7
440.3	52.3
440.3	47.9
440.5	46.3
440.5	44.1
440.5	42.8
440.6	40.9
440.9	40.9
441	42.2
441.1	38.4
441.1	38
441.1	35.8
441.2	33
441.2	32.7
441.2	30.4
441.3	29.2
441.5	26.6
441.6	26
441.7	24.1
441.9	25
441.9	29.5
441.9	34.2
442	38
442.1	40.3
442.3	43.1
442.5	39.9
442.6	38
442.6	38
442.8	40.6
442.8	42.5
442.9	43.8
443.2	41.8
443.4	41.5
443.4	42.2
443.4	43.8
443.6	44.7
443.6	44.7
443.8	43.4
444	43.4
444.1	45
444.1	45.3
444.1	46.6
444.1	46.3
444.1	46
444.1	47.2
444.1	48.5
444.5	48.5
444.5	45.7
444.5	42.5
444.5	41.8
444.5	39.3
444.5	38.7
444.5	37.4
444.8	36.8
444.8	36.8
444.9	38.4
444.9	39.9
445.1	39.9
445.1	38.7
445.5	37.7
445.5	39.3
445.5	39.6
445.6	39.9
445.7	39.6
445.9	38.7
445.9	37.7
446	36.8
446.2	36.1
446.3	36.1
446.3	36.1
446.4	37.4
446.5	39
446.6	42.8
446.8	43.4
446.9	41.8
447	41.8
447	42.8
447.2	41.2
447.2	40.6
447.2	38
447.1	34.9
447.2	32.3
447.2	29.5
447.4	32.3
447.4	30.4
447.4	28.5
447.4	26.9
447.4	24.4
447.5	22.5
447.8	21.2
448.1	21.9
448.2	26.3
448.3	27.9
448.3	28.2
448.4	31.7
448.6	37.1
448.6	39.6
448.6	40.6
448.8	46
448.8	46.6
449	54.2
449.1	57.4
449.1	62.5
449.2	63.4
449.5	72.3
449.5	72.6
449.7	81.2
449.3	72
449.9	94.5
449.3	81.2
449.3	82.1
449.3	91.6
449.1	98
449.3	98
449.7	95.1
449.7	95.1
449.7	95.1
449.9	97.3
449.9	99.2
449.9	99.9
450.1	99.2
450.4	95.4
450.7	88.8
450.7	87.5
450.8	90.7
450.8	93.2
450.8	95.4
451	97.3
451	98.6
451	101.1
451	101.1
451	102.7
451.1	104
451.2	104.3
451.3	104.9
451.3	104.9
451.4	103.7
451.5	101.8
451.6	100.2
451.6	99.5
451.6	97.6
451.7	97.3
451.7	95.4
451.7	95.1
451.7	94.8
451.8	99.9
451.8	100.2
451.8	103.7
451.8	106.8
451.9	110.3
452	112.5
452	116
452	118.6
452.1	121.7
452.1	122.7
452.1	123.6
452.2	124
452.2	124
452.5	120.8
452.5	116.3
452.5	115.7
452.5	113.2
452.5	111.9
452.5	109.7
452.5	106.8
452.6	106.2
452.6	104.9
452.6	104.6
452.7	108.7
452.7	113.5
452.8	118.3
452.8	120.2
452.8	123.3
452.8	125.2
453	130.9
453.1	132.2
453.1	134.1
453.2	135.7
453.3	136.6
453.4	137
453.4	137.3
453.4	136.6
453.4	135.7
453.4	132.5
453.4	128.7
453.4	128.1
453.5	125.9
453.5	124
453.6	121.1
453.6	117.3
453.7	118.6
453.7	121.7
453.7	126.8
453.7	127.8
453.7	129.3
453.7	131.2
453.8	136
453.8	136.3
453.9	138.2
453.9	138.9
453.9	140.1
454	142
454	142.3
454	143
454	144.2
454	144.6
454	145.8
454	147.7
454.1	148.4
454.1	148.7
454.3	149.3
454.3	150
454.4	148.4
454.5	144.6
454.7	139.5
454.7	136
454.7	132.8
454.8	126.5
454.8	122.4
454.8	117.9
454.9	114.8
454.9	109.1
454.9	107.2
455	104.9
455	102.1
454.9	103
454.9	101.4
454.9	98
454.9	95.1
455	94.8
455.1	93.2
455.4	90.7
455.4	88.8
455.4	87.8
455.4	85.9
455.4	83.7
455.7	85.3
455.6	88.1
455.8	94.5
455.7	96.7
455.7	98
455.8	98
456.1	98.9
456.1	99.2
456.3	96.4
456.3	95.4
456.3	91.6
456.5	87.5
456.5	84
456.5	82.4
456.5	82.4
456.5	80.8
456.6	78.6
456.6	78
456.6	75.8
456.7	74.8
456.7	73.2
456.7	68.5
456.7	67.8
456.8	66.6
456.9	64.7
456.9	62.1
457.1	62.8
457.2	67.2
457.2	70.4
457.2	72.3
457.2	75.1
457.2	78.6
457.3	82.1
457.3	83.1
457.4	84.3
457.5	86.2
457.8	88.8
457.7	91.9
457.7	89.4
457.8	88.1
458	83.4
458	82.7
458.3	78.9
458.2	75.5
458.2	72
458.2	68.2
458.4	65
458.4	62.5
458.4	61.8
458.4	58.7
458.4	54.8
458.6	46
458.6	43.1
458.7	39
458.8	37.7
458.8	36.1
458.9	34.2
459	32.7
459.1	30.8
459.3	28.2
459.3	27.3
459.5	26.6
459.7	26.3
459.7	26.3
460.1	28.9
460.2	33
460.3	37.7
460.3	42.2
460.3	42.8
460.4	46.9
460.5	51.4
460.5	57.1
460.5	61.5
460.5	65.3
460.5	65.6
460.5	71.3
460.5	74.2
460.5	77.4
460.5	79.6
460.6	86.9
460.7	91.3
460.9	97.6
460.9	102.1
460.9	106.5
460.9	106.8
461	115.4
460.9	118.6
460.9	122.4
460.9	122.7
460.9	126.2
460.9	126.5
460.9	132.2
460.9	133.8
461	136
461.1	133.1
461.3	127.1
461.4	124.6
461.4	118.6
461.4	111.3
461.4	104.9
461.4	95.4
461.4	89.7
461.4	89.4
461.6	84.6
461.6	78.9
461.6	72.9
461.6	72.3
461.6	70.4
461.5	64.7
461.5	60.6
461.5	56.7
461.5	53.6
461.6	52.9
461.6	51.7
461.6	50.7
461.6	47.2
461.6	44.1
461.7	41.8
461.7	41.2
461.8	39.6
461.8	37.4
461.9	36.5
462	38.7
462	39
462.2	44.7
462.2	52.3
462.2	57.4
462.2	58
462.2	61.8
462.3	63.4
462.4	64.7
462.4	66.6
462.7	75.5
462.7	75.5
462.7	78.3
462.7	82.4
462.8	87.8
462.8	90
462.8	91.3
462.7	96.1
462.7	96.1
462.7	99.2
462.6	101.1
462.6	101.4
462.8	105.6
462.8	107.2
462.8	109.1
462.7	111.6
462.8	113.2
462.8	114.4
463	115.4
463.1	117
463.2	114.4
463.3	110.3
463.3	109.7
463.4	107.5
463.4	110
463.4	111.9
463.4	113.2
463.5	112.9
463.8	104.9
463.8	101.1
463.8	99.9
463.8	97.3
463.9	93.5
463.9	92.9
463.9	90.4
463.8	87.8
463.8	89.7
463.8	94.5
464	97.6
464.2	99.9
464.3	101.8
464.3	102.1
464.3	99.9
464.3	96.4
464.3	94.5
464.4	91.6
464.5	88.8
464.5	87.8
464.5	83.4
464.5	80.5
464.5	75.5
464.7	70.4
464.7	65
464.7	63.4
464.7	61.5
464.7	54.5
464.7	49.8
464.7	48.5
464.8	43.4
464.9	42.5
465.1	39.9
465.1	38
465.1	35.5
465.2	33.9
465.2	33.9
465.2	33.3
465.4	35.8
465.5	36.1
465.5	37.7
465.7	35.8
465.9	33
465.9	31.1
465.9	29.5
465.8	27.6
465.9	28.2
466.1	29.5
466.2	29.8
466.6	29.5
466.8	27.9
466.8	26
466.8	23.8
467	21.2
467	21.2
467.2	21.6
467.4	23.8
467.5	24.1
467.7	27.3
467.7	30.4
467.7	33
467.7	33.3
467.7	33.9
467.8	33.9
467.8	33.6
468	31.1
468	27.9
468.2	24.4
468.4	21.6
468.4	20.3
468.6	23.5
468.7	25.7
468.8	30.4
468.8	31.7
468.8	34.2
469.1	39
469.3	43.4
469.3	45.7
469.3	48.2
469.4	49.8
469.5	50.4
469.5	51
469.6	52.3
469.7	53.3
469.7	53.9
469.9	55.2
470.1	55.5
470.1	55.5
470.1	56.1
470.1	56.7
470.1	57.1
470.2	57.1
470.5	57.1
470.6	57.7
470.7	58.7
470.7	59.6
470.8	59.9
471	59.9
471.3	61.2
471.3	61.2
471.3	59
471.4	59.9
471.6	61.2
471.6	58
471.6	52.6
471.6	49.5
471.7	48.2
472	47.9
472.1	47.6
472.3	46.9
472.4	43.4
472.4	43.1
472.4	40.6
472.6	36.1
472.6	35.5
472.8	38
472.9	41.8
473	43.4
473.1	45
473.2	46
473.4	43.4
473.4	41.5
473.4	39.6
473.4	39.3
473.5	39
473.6	38.4
473.8	39.3
474	41.8
474.1	43.8
474.2	45.7
474.5	48.5
474.6	49.8
474.9	50.4
475	52.3
475	53.6
475	54.5
475.1	55.5
475.3	55.5
475.4	53.9
475.4	52.9
475.4	52.6
475.6	52.6
475.7	53.9
475.7	54.2
475.7	55.2
476	54.8
476.2	54.2
476.2	52.9
476.2	52
476.2	50.7
476.1	48.5
476.1	48.5
476.1	46.9
476.1	44.4
476.3	45.7
476.4	46.9
476.6	49.1
476.6	49.5
476.8	50.4
476.9	51.4
477	52.9
477.1	54.5
477.2	54.8
477.4	53.9
477.4	53.3
477.4	53.3
477.5	52.3
477.5	52.3
477.5	52.3
477.7	54.8
477.8	55.2
477.9	56.1
478	59
478	59.3
478.1	59.9
478.3	59
478.4	56.1
478.4	53.3
478.4	51.7
478.6	53.6
478.7	55.8
478.8	58.7
478.8	60.2
478.8	60.9
479	60.9
479.2	60.9
479.3	59.3
479.4	56.4
479.4	53.6
479.3	51.7
479.3	50.4
479.5	49.5
479.6	47.9
479.7	47.2
479.9	46.6
480.2	47.6
480.3	49.8
480.3	50.7
480.4	50.4
480.5	47.9
480.7	48.2
480.7	49.8
480.8	52.9
480.8	55.2
480.9	56.7
480.9	57.1
481.1	58.3
481.1	58.3
481.1	58.7
481.3	56.7
481.5	53.9
481.5	53.6
481.7	51.7
481.9	49.8
482	49.5
482	47.9
482.1	46.9
482.3	50.4
482.4	53.9
482.4	56.4
482.4	57.7
482.5	58.3
482.7	58.7
482.8	58.3
482.8	59
482.8	60.6
482.9	63.1
483	63.7
483.2	64.7
483.4	64.7
483.5	64
483.8	61.5
484.1	59.3
484.1	58.7
484.1	59.3
484.2	62.1
484.1	65.9
484.1	66.3
484.1	67.5
484.2	69.7
484.3	71
484.4	72.9
484.6	74.2
484.7	75.5
484.8	75.5
484.9	72.9
485.1	71
485.1	70.1
485.3	66.9
485.3	65.6
485.5	65.3
485.5	68.2
485.5	68.2
485.7	67.8
485.7	66.3
485.7	65
485.7	63.4
485.9	63.1
486.1	65.6
486.1	66.3
486.1	68.5
486.2	70.4
486.2	70.7
486.2	72
486.4	74.5
486.5	76.1
486.6	78
486.7	78.9
486.9	79.9
487	78.3
487	76.4
487.2	77.7
487.2	77.7
487.3	74.2
487.4	72
487.4	70.7
487.4	70.1
487.4	69.7
487.6	70.4
487.7	72
487.8	72.3
488	70.7
488	70.7
488	69.4
488	68.8
488	67.2
488	66.6
488.2	66.9
488.4	66.9
488.5	65.3
488.5	64.7
488.6	63.7
488.8	62.1
488.8	64
488.8	67.2
488.8	70.1
488.8	71
489	71
489.1	68.8
489.1	67.2
489.1	65.6
489.2	63.7
489.2	63.7
489.4	64.4
489.5	65.3
489.5	67.2
489.7	68.2
489.9	67.8
490.1	65.6
490.2	64
490.4	64
490.5	65.3
490.8	68.2
490.9	69.1
491.1	68.8
491.1	67.2
491.3	68.8
491.4	69.7
491.5	69.7
491.6	68.8
491.6	66.3
491.8	63.7
491.8	63.7
491.8	61.8
492	59.9
492	58.3
492	56.4
492	53.6
492.3	53.3
492.3	53.6
492.4	57.4
492.5	61.8
492.5	65
492.5	68.2
492.5	70.4
492.5	72.3
492.4	76.1
492.4	76.4
492.4	80.2
492.4	82.1
492.4	82.1
492.6	83.7
492.6	85.3
492.8	87.8
492.9	89.1
493	90.4
493	91.6
493	92.9
493	93.5
493	93.8
493.1	94.8
493.2	96.1
493.3	94.8
493.4	92.3
493.5	89.7
493.6	88.1
493.7	87.2
493.8	86.9
493.8	90.7
493.9	94.8
493.9	96.4
494.2	98
494.5	100.2
494.5	100.8
494.5	101.8
494.5	101.4
494.6	100.2
494.7	94.2
495	88.5
495	85.3
495	83.7
495	81.2
495	80.8
494.9	78
494.9	77
494.9	75.8
495.1	72.9
495.1	70.4
495.1	69.7
495.4	66.3
495.4	64
495.5	61.8
495.5	58.3
495.5	57.1
495.7	54.5
495.7	50.7
495.7	50.4
495.6	47.6
495.6	46
495.6	44.4
495.6	43.1
495.6	41.2
495.6	39.6
495.7	39
495.7	37.1
495.7	34.9
495.9	35.5
496	37.4
496	38.4
496.1	38
496.1	36.5
496.3	34.6
496.5	32.3
496.6	31.1
496.8	32.3
496.9	34.2
496.9	34.9
497	35.5
497.2	33.9
497.2	33.3
497.2	32
497.3	31.1
497.4	29.5
497.4	29.5
497.4	28.5
497.5	28.5
497.7	28.2
497.7	27.3
497.7	25
497.9	23.8
498	23.5
498.1	26.3
498.2	27.6
498.3	27.6
498.6	26
498.6	24.7
498.7	23.5
498.8	22.8
498.9	22.8
499	22.2
499.2	22.2
499.2	22.5
499.4	24.1
499.7	26.3
500	28.5
499.9	30.1
499.9	33
500.1	34.2
500.4	34.6
500.5	32.7
500.5	30.8
500.6	29.5
500.6	28.2
500.8	26.9
500.8	26.3
501.1	26.3
501.3	26.3
501.5	29.8
501.6	30.8
501.8	32.3
501.9	33
502.1	34.2
502.2	34.2
502.4	33
502.4	31.4
502.6	30.1
502.7	29.5
502.8	29.5
503.1	30.1
503.4	32.3
503.4	32.7
503.7	36.1
503.7	38.7
503.7	41.8
503.8	46.6
503.8	50.4
503.8	53.3
503.8	56.4
503.8	59.6
503.9	63.4
504	64.4
504	67.5
504	69.1
504.1	71.6
504.1	73.6
504.3	72.9
504.3	72
504.4	73.9
504.5	75.5
504.5	76.1
504.6	76.4
504.7	74.8
504.7	71.6
504.7	69.4
504.7	67.8
504.9	65
505.1	67.2
505.2	71
505.2	71.6
505.3	73.9
505.3	76.7
505.4	78.9
505.3	82.7
505.3	84.6
505.3	86.5
505.4	88.5
505.5	90.4
505.7	92.9
505.7	93.5
505.8	93.8
506.1	91
506.1	89.1
506.1	87.8
506.2	87.2
506.3	87.5
506.3	91
506.6	97
506.6	97.3
506.6	101.8
506.6	104.6
506.6	104.6
506.6	106.5
506.7	110
506.8	109.4
507	107.5
507.1	109.7
507.1	119.2
507.2	125.5
507.2	131.6
507.5	142.7
507.6	144.9
507.7	153.1
507.7	159.5
507.7	164.9
507.6	166.1
507.6	167.7
507.3	173.4
507.3	175.3
507.3	180.7
507.4	188.9
507.4	189.3
507.5	199.1
507.5	202.6
507.6	206.1
507.6	205.4
507.9	205.7
508.1	205.7
508.2	202.6
508.2	197.5
508.2	194.3
508.1	191.8
508.1	186.7
508.1	184.8
508.2	181.3
508.2	175.3
508.2	175.3
508.4	172.5
508.4	166.4
508.4	160.7
508.4	158.2
508.3	151.2
508.3	150.9
508.3	148
508.4	143.6
508.4	139.2
508.4	137.3
508.4	132.2
508.4	131.6
508.4	128.4
508.4	122.4
508.4	119.2
508.5	116
508.6	113.5
508.8	114.4
508.9	116.7
509.1	119.2
509.1	116.7
509.3	108.1
509.3	100.5
509.2	93.5
509.1	86.5
509.1	84.3
509.1	79.3
509.1	71.3
509.3	66.3
509.3	65
509.1	50.4
509.1	47.2
509.1	45.3
509.1	40.9
509.2	34.9
509.5	33
509.5	32.3
509.4	25.7
509.5	25.4
509.8	25.7
510.1	27.6
510.5	31.4
510.7	37.4
510.8	42.8
510.8	46
510.8	53.6
510.9	55.8
510.9	59.6
511.1	72.6
511.1	74.5
511.1	80.8
511.1	90.7
511.1	102.1
511.3	109.7
511.4	119.8
511.3	129.7
511.3	137.3
511.3	147.1
511.2	151.9
511.1	163.6
511.4	169.6
511.8	169
511.8	160.7
511.7	147.4
511.7	145.5
511.8	140.8
512	129
512	128.7
512	115.4
512	113.8
512	108.7
511.8	91.6
511.7	89.4
511.5	81.8
511.4	73.9
511.4	72
511.3	61.5
511.3	54.8
511.3	54.5
511.6	45.7
511.8	39.6
511.8	34.9
511.8	32.7
511.9	26.6
512	25
512.2	22.5
512.3	21.9
512.3	19.3
512.3	17.4
512.5	17.1
512.8	18.1
513.2	18.1
513.3	15.9
513.4	14.6
513.6	16.8
513.7	17.4
513.9	16.2
514.1	14.3
514.3	12.7
514.4	14.6
514.5	15.5
514.7	14.9
514.7	17.4
515.1	20
515.3	19.7
515.3	19.3
515.5	16.5
515.7	14.9
515.9	14.6
515.9	16.5
516.3	17.1
516.5	17.1
516.9	15.9
516.9	14.3
516.9	14
517	13.3
517.2	13
517.4	13.3
517.6	14
517.8	14.6
517.9	14.6
518.1	14.6
518.3	13.3
518.4	12.7
518.6	12
518.6	12
518.7	12
518.8	13.6
519.1	16.8
519.5	17.8
519.5	14.9
519.5	14
519.8	16.2
520.1	16.8
520.3	15.9
520.3	14.6
520.5	14
520.6	15.5
520.7	14.3
520.8	13.3
521.1	16.8
521.2	16.2
521.2	14.3
521.6	15.5
521.8	14.6
522	13.6
522.2	11.7
522.2	10.1
522.3	11.7
522.3	13.3
522.8	12.4
523.1	11.4
523.1	12.4
523.4	15.5
523.6	15.9
524.1	16.2
524.7	15.2
524.9	13.6
525.3	14
525.4	15.5
525.5	15.5
525.6	14.3
525.6	13.3
525.6	13.3
525.6	14.3
525.7	14.3
525.9	15.9
525.9	17.1
526.1	17.1
526.1	16.8
526.3	16.5
526.4	17.4
526.6	17.4
526.8	16.2
527.2	14.9
527.5	14.3
527.6	16.2
527.7	17.4
527.8	19
527.9	21.2
528	23.1
528.1	23.8
528.3	20.6
528.4	18.1
528.5	16.5
528.7	14.6
529	13.6
529.1	14.9
529.2	17.1
529.4	19.3
529.5	20.6
529.7	19.3
529.8	19.7
529.9	20.9
530	23.5
530.2	27.9
530.2	28.5
530.2	30.1
530.2	33
530.2	33.3
530.2	36.5
530.3	38
530.3	38.4
530.3	41.2
530.3	44.4
530.3	47.9
530.3	52.3
530.3	53.6
530.5	55.5
530.5	57.4
530.6	61.8
530.8	66.3
530.9	71
530.9	76.4
530.9	78.9
530.9	83.4
530.9	88.5
530.9	94.2
530.9	95.1
531	95.7
531.3	103.7
531.3	104
531.3	107.5
531.2	115.1
531.2	118.3
531.3	123.3
531.3	128.4
531.3	130.6
531.4	135.4
531.5	137.3
531.6	139.8
531.6	140.1
531.6	142
531.6	143
531.8	143.3
531.9	142.7
532	138.2
532	137
532	134.4
532.1	133.5
532.1	135.1
532.1	138.9
532.2	142
532.1	143
532.2	142.3
532.3	142
532.4	137.6
532.4	133.8
532.5	133.5
532.7	133.5
532.7	138.5
532.8	143
532.8	143.6
532.9	145.2
533	148.4
533.2	153.1
533.3	155.3
533.4	157.6
533.6	157.6
533.8	155.7
533.9	152.2
534.1	154.1
534.1	156.3
534.4	156.3
534.5	153.8
534.7	156.9
534.7	159.8
534.9	159.8
535.1	156.3
535.1	155
535.2	158.5
535.2	159.1
535.3	157.9
535.4	154.7
535.4	154.4
535.4	155.3
535.5	155.7
535.5	153.1
535.6	155
535.7	156.3
535.7	155.7
535.8	153.8
535.9	150.9
535.9	150.6
536	149
536.2	147.4
536.3	148.7
536.3	149.6
536.3	153.4
536.4	157.6
536.4	158.5
536.5	159.1
536.7	155.7
536.8	151.2
536.9	149
536.9	146.1
537	149
537	151.2
537.2	148.4
537.2	148
537.4	154.7
537.6	158.2
537.7	161.7
537.8	163.3
538.1	160.4
538.2	155.7
538.2	152.5
538.4	152.2
538.5	155.3
538.6	156.3
538.7	154.7
538.8	153.1
538.9	155.7
539.1	157.2
539.3	155
539.4	153.1
539.4	152.8
539.6	153.4
539.7	158.8
539.7	159.1
540.1	162.3
540.1	166.1
540.3	165.8
540.4	159.8
540.5	155.3
540.5	154.7
540.5	151.9
540.5	150
540.5	149.6
540.5	148.4
540.7	148.4
540.7	148.4
540.9	145.8
540.9	141.1
540.9	139.8
540.9	138.5
540.9	137.6
540.9	138.5
541.1	140.1
541.3	141.1
541.4	141.7
541.7	139.8
541.8	138.9
541.8	137.3
541.8	134.4
541.8	131.6
541.8	130
541.8	129.7
542	131.2
542.2	138.5
542.2	141.7
542.6	144.6
542.6	146.5
542.6	148
542.8	148.4
542.9	145.5
543	141.4
543.1	138.9
543.2	142.7
543.2	146.1
543.2	149.6
543.4	153.1
543.5	154.4
543.5	155.7
543.6	156.3
543.8	152.8
543.8	150
543.8	147.7
544	150.3
544.2	151.9
544.4	149.3
544.5	150.6
544.6	153.8
544.6	155
544.9	155.3
545.1	151.5
545.1	150
545.1	149
545.1	147.4
545.1	147.7
545.3	152.2
545.3	156.6
545.3	156.9
545.3	156.9
545.5	159.1
545.5	161.4
545.5	161.7
545.5	164.9
545.5	166.8
545.8	164.9
545.9	159.8
545.9	158.8
546	155
546.1	151.9
546.2	150.9
546.2	149
546.3	146.5
546.3	145.8
546.4	140.8
546.4	138.9
546.4	137.6
546.5	136
546.5	135.7
546.6	133.8
546.8	134.4
546.8	138.5
546.8	141.4
546.7	143.9
546.8	147.1
547	149.6
547	151.5
547.2	150.3
547.4	148.4
547.4	146.1
547.4	143.3
547.4	140.8
547.6	140.1
547.6	142
547.6	143
547.7	141.4
547.8	140.1
547.9	141.7
547.9	144.9
547.9	146.5
547.9	146.8
547.9	148
548	148.7
548.1	148.7
548.2	148
548.3	147.1
548.3	147.1
548.4	148.7
548.6	149.3
548.8	146.5
548.8	143.6
548.8	142
548.8	141.1
548.9	140.4
549	138.9
549	138.5
549	137.3
549.2	138.9
549.3	139.8
549.3	138.2
549.4	136
549.5	134.4
549.6	132.8
549.6	130.6
549.6	129.3
549.7	132.5
549.7	136
549.9	137.9
549.9	140.8
549.9	141.7
549.9	142.3
550.1	142.3
550.1	138.5
550.1	136.6
550.3	135.7
550.3	138.2
550.3	139.2
550.3	143
550.3	143.3
550.5	144.6
550.6	146.5
550.6	146.8
550.6	148
550.9	150.3
550.9	150.6
550.9	150.9
551	149
551.1	148.4
551.1	144.6
551.3	143
551.3	141.4
551.3	139.5
551.4	137.3
551.4	135.7
551.5	134.7
551.6	135.7
551.6	136.6
551.8	138.5
551.9	139.8
552.1	139.5
552.2	140.1
552.2	142.3
552.3	143.9
552.3	145.2
552.3	146.1
552.3	147.1
552.4	147.4
552.7	145.5
552.8	145.2
552.8	148
552.8	149.3
552.8	150.9
552.8	151.2
553	150
553.2	147.4
553.2	147.1
553.2	145.5
553.3	148.4
553.3	148.7
553.4	150.6
553.4	151.9
553.4	152.2
553.6	152.2
553.7	150.6
553.8	149.6
553.8	146.8
553.8	144.9
553.8	144.9
553.8	143.9
554	141.4
554.1	140.1
554.1	138.2
554.1	136.6
554.2	135.4
554.2	135.1
554.2	132.8
554.4	133.5
554.5	136.3
554.7	140.4
554.7	142
554.8	143.9
554.8	144.6
554.9	144.9
555.2	143.6
555.3	141.7
555.6	142.3
555.9	143.9
555.9	146.1
555.9	148.4
556.1	149.6
556.2	151.5
556.3	153.1
556.5	152.5
556.6	150.3
556.6	147.7
556.7	146.5
556.8	147.4
556.8	150.3
556.8	152.8
556.8	155
556.8	157.2
557	159.1
557.1	159.5
557.2	158.2
557.3	155.7
557.4	153.4
557.4	151.5
557.4	150.6
557.4	153.4
557.5	154.7
557.6	155
557.7	154.1
557.7	152.5
557.7	152.2
557.8	150
558	150.6
558	151.2
558.2	152.2
558.3	153.4
558.3	154.1
558.4	154.7
558.5	153.4
558.6	154.4
558.8	157.2
558.8	158.8
558.8	160.1
558.8	161
558.8	161.4
559	161.7
559.1	160.4
559.2	158.2
559.3	156
559.3	154.4
559.3	154.7
559.4	156.9
559.4	157.6
559.5	155.3
559.5	153.8
559.5	152.2
559.9	152.2
559.9	150
560.1	147.1
560.2	150.6
560.2	151.5
560.2	151.5
560.2	152.8
560.3	156.3
560.3	156.9
560.3	157.9
560.3	159.8
560.3	161.7
560.5	162.9
560.5	164.2
560.6	165.8
560.9	167.1
560.9	167.4
561.1	162.9
561.3	157.9
561.3	157.2
561.3	155.3
561.3	154.7
561.3	153.4
561.3	152.2
561.3	151.5
561.3	150.6
561.3	148.4
561.3	148
561.3	146.5
561.4	144.6
561.3	143
561.3	141.4
561.3	141.4
561.3	140.1
561.3	139.5
561.5	138.5
561.8	139.5
562	142.3
562	144.6
561.9	147.1
561.9	149.3
561.9	150.9
562.1	152.2
562.3	153.4
562.5	152.8
562.7	149
562.7	147.1
562.7	145.5
562.7	143.9
562.7	142.3
562.8	141.1
562.9	143.3
563.1	145.8
563.2	148
563.3	149.6
563.5	151.2
563.8	152.2
563.8	150.6
563.9	151.9
564.1	151.9
564.2	149.3
564.3	147.1
564.3	145.2
564.4	145.2
564.5	144.9
564.7	147.4
564.7	150
564.8	152.2
565	152.8
565.1	149.3
565.1	145.2
565	139.8
565	137
564.9	132.8
564.9	128.7
564.9	126.5
565.1	124.6
565.2	122.7
565.2	120.5
565.3	118.6
565.3	118.6
565.3	117
565.3	114.8
565.4	114.8
565.5	114.4
565.7	115.4
565.8	114.1
565.9	112.2
565.9	111
565.9	110
566	110
566.1	111.6
566.3	111.9
566.3	110
566.3	108.4
566.4	107.2
566.4	106.5
566.6	106.5
566.6	108.4
566.7	111.9
566.7	112.5
566.8	116.3
566.8	118.9
566.8	119.5
566.9	122.4
567	124.6
567	125.5
567.1	128.1
567.2	130.3
567.2	130.9
567.3	131.6
567.3	132.2
567.4	132.5
567.4	133.5
567.6	132.8
567.8	130.3
567.8	128.1
568	131.2
568.2	134.1
568.4	135.4
568.6	133.8
568.8	131.2
569	135.1
569.3	137.3
569.4	137.9
569.7	133.1
570	129.7
570.1	127.1
570.1	124.3
570.1	122.4
570.1	120.8
570.2	118.9
570.2	116.3
570.3	114.1
570.3	114.1
570.4	112.5
570.4	111.3
570.4	111
570.4	108.7
570.5	106.5
570.7	106.5
570.7	106.5
570.8	109.4
570.8	112.5
570.7	113.2
570.8	115.7
571	117
571.1	117.3
571.2	118.6
571.2	119.5
571.2	119.8
571.2	121.1
571.2	121.4
571.4	121.7
571.6	120.2
571.7	121.1
571.7	121.4
571.8	123.3
571.9	124.9
571.9	125.2
571.9	127.1
572	128.7
572	129
572.1	129
572.2	125.9
572.2	124.9
572.2	123.3
572.2	121.1
572.2	120.5
572.2	119.2
572.2	118.6
572.2	117.6
572.4	116.7
572.6	117.9
572.6	118.9
572.8	120.8
572.9	121.7
573	123.6
573.1	126.2
573.2	128.4
573.5	131.6
573.6	132.8
573.6	133.8
573.7	134.1
573.8	134.4
573.9	132.8
574	130.6
574	129.3
574.1	132.5
574.3	131.2
574.3	130.9
574.3	129
574.3	127.1
574.4	126.8
574.4	124.9
574.6	124.6
574.7	124.9
574.7	125.5
574.7	126.8
574.7	128.7
574.7	130.9
574.7	132.8
574.9	135.1
574.9	136.6
575.1	137.3
575.3	135.4
575.5	134.7
575.6	136.3
575.7	138.2
575.7	139.2
575.8	140.1
575.8	140.1
576.1	141.1
576.1	142.7
576.1	144.2
576.1	144.6
576.1	145.8
576.3	147.7
576.3	148.7
576.5	150.6
576.6	150.9
576.9	149.3
577	146.5
577	145.8
577.2	148.4
577.4	147.7
577.4	144.6
577.6	145.5
577.7	145.5
577.9	147.7
578	148.7
578.1	147.7
578.2	145.5
578.2	143.6
578.3	140.4
578.4	138.2
578.4	138.2
578.4	141.1
578.6	141.1
578.8	140.8
578.9	139.2
579	137.3
579.1	137
579.1	137
579.3	139.8
579.3	140.1
579.3	140.8
579.5	141.1
579.7	138.5
579.9	141.7
579.9	144.9
580.1	147.7
580.1	150.3
580.1	152.5
580.4	154.7
580.5	157.6
580.6	158.8
580.7	159.1
580.8	158.5
580.9	157.2
581	152.2
581.1	150
581.1	148.4
581.1	145.8
581.1	143.3
581.1	141.1
581.1	139.2
581.3	140.8
581.4	142.3
581.6	144.2
581.6	145.8
581.9	145.2
582	142.3
582	140.8
582.2	142.3
582.4	145.8
582.2	149.3
582.2	150.9
582.3	151.5
582.5	150
582.7	150
582.8	148.4
583	148.4
583	151.2
583.2	150.9
583.4	148
583.4	148
583.6	146.1
583.6	144.2
583.6	144.2
583.8	146.1
583.8	144.2
584.1	141.1
584.1	139.5
584.2	137.9
584.2	135.4
584.3	133.5
584.2	137.3
584.4	135.1
584.5	134.7
584.5	139.5
584.5	140.8
584.8	138.5
584.9	138.2
584.9	141.4
585.1	141.1
585.2	137.3
585.5	133.8
585.5	130.6
585.5	128.4
585.6	126.8
585.6	125.9
585.8	123
585.8	122.1
585.8	120.8
585.7	119.2
585.7	118.9
585.7	117.6
585.7	117
585.7	112.2
585.7	112.2
585.7	110.3
585.7	107.2
585.7	105.3
585.7	104.3
585.7	103
585.6	100.8
585.6	100.2
585.5	97.6
585.5	97.3
585.5	96.4
585.5	94.8
585.5	94.5
585.6	93.2
585.7	94.5
585.8	96.1
585.9	97.6
586.1	98.6
586.1	96.4
586.3	94.5
586.3	92.6
586.6	91.6
586.5	94.5
586.5	96.7
586.5	98
586.8	96.4
586.8	95.4
586.8	98
586.8	99.5
586.8	100.2
587	97.6
587.1	96.4
587.2	98.6
587.2	99.2
587.3	101.4
587.3	101.8
587.6	103
587.8	100.8
587.8	100.8
587.8	98.3
587.8	95.7
587.8	95.4
587.8	94.2
587.9	92.6
588	91.9
588.2	96.1
588.2	97.3
588.2	99.5
588.3	99.2
588.3	97.6
588.4	97
588.6	96.7
588.6	96.4
588.6	96.1
588.8	94.5
588.8	94.2
588.8	92.9
589	91.9
589.1	91.9
589.1	92.9
589.1	96.1
589.1	96.4
589.1	98.6
589.4	98
589.5	99.9
589.7	101.8
590	104.3
589.9	105.3
589.9	105.6
590	102.4
590.1	98.9
590.3	97.3
590.4	98.9
590.5	101.4
590.5	101.8
590.7	104.3
590.7	105.6
590.7	105.9
590.6	107.5
590.7	109.4
590.7	111
591.1	113.2
591.2	114.4
591.5	113.2
591.6	111
591.9	105.9
592	104
592.1	102.4
592.2	100.5
592.2	98
592.4	97.3
592.6	97.6
592.6	100.5
592.6	103
592.6	104.9
592.9	104.9
593.2	104.3
593.3	100.8
593.2	98.6
593.2	96.7
593.4	94.5
593.5	94.8
593.5	98
593.5	100.5
593.6	102.1
593.6	104.6
593.8	106.2
593.8	108.7
593.9	109.4
594	110.3
594.1	111.3
594.2	109.7
594.2	107.8
594.3	105.9
594.3	104.3
594.4	103.7
594.5	105.6
594.5	106.8
594.7	106.2
594.9	107.5
595	107.5
595.1	107.5
595.2	108.4
595.2	109.4
595.3	111.6
595.4	112.9
595.4	113.5
595.6	115.7
595.7	117
595.9	115.4
595.9	112.9
596	113.8
596.1	115.7
596.3	115.1
596.3	112.9
596.3	112.5
596.6	111.9
596.6	111.6
596.7	109.7
596.8	108.7
596.8	108.1
596.8	106.5
596.8	104.6
596.8	103
596.9	102.1
597.1	102.4
597.1	104.9
597.2	107.5
597.4	109.1
597.4	106.8
597.5	105.6
597.5	107.8
597.7	111
597.8	111
598	111
598.1	110
598.1	107.5
598.2	107.2
598.3	110.6
598.4	112.9
598.4	114.1
598.6	116.3
598.7	119.5
598.8	121.1
598.8	121.7
598.8	122.7
598.9	123.6
599.1	123.6
599.1	120.8
599.2	119.8
599.3	120.5
599.3	122.1
599.4	123.6
599.4	124
599.5	124.9
599.6	126.5
599.8	127.4
599.9	128.4
599.9	129.3
600.1	128.4
600.1	125.9
600.2	122.7
600.2	120.8
600.2	118.9
600.1	116.7
600.1	115.7
600.2	119.5
600.3	122.4
600.5	124
600.7	125.9
600.7	126.8
600.8	127.1
600.8	128.1
601	129.3
601.1	130
601.3	129.7
601.5	127.8
601.5	127.4
601.6	124.3
601.6	121.7
601.6	120.2
601.6	118.9
601.7	116.7
601.8	114.4
601.9	113.5
602.1	115.1
602.2	115.7
602.4	115.4
602.4	114.1
602.5	113.8
602.5	112.5
602.5	113.8
602.6	114.8
602.6	116.3
602.8	117.9
603	117.9
603.1	115.7
603.1	113.5
603.2	112.5
603.3	113.2
603.4	116
603.4	117
603.4	119.2
603.4	122.4
603.5	124.6
603.6	126.5
603.6	128.4
603.6	130.3
603.6	130.9
603.8	131.9
603.9	132.2
604	132.2
604.3	129.3
604.3	126.2
604.3	123.6
604.3	121.7
604.3	119.5
604.4	118.9
604.5	117.9
604.7	117.9
604.7	119.8
604.7	123.6
604.8	125.5
604.8	127.4
604.9	129
605	133.1
605	135.1
605.1	137.9
605.3	141.4
605	144.6
605.1	143.9
605.4	139.8
605.8	136.3
605.8	133.5
605.9	130.6
605.9	127.4
605.9	124.3
605.9	123
606.1	125.2
606.3	124.3
606.3	123.6
606.5	121.4
606.6	121.7
606.6	123.6
607	122.1
607	120.2
607	117
607.1	114.8
607.2	116.7
607.2	117.6
607.5	116
607.6	116
607.6	117.9
607.5	121.1
607.5	121.7
607.6	124
607.7	125.9
607.8	126.2
607.8	127.4
608	129.7
608	129.7
608.1	129.7
608.6	134.7
608.6	136.3
608.6	138.9
608.6	142
608.6	144.6
608.6	146.1
608.8	147.7
609	149.3
609	149.3
609.3	143.6
609.3	143
609.4	142.7
609.4	143.9
609.5	144.2
609.7	142.7
609.7	139.5
609.8	138.9
609.7	140.4
609.9	141.7
610	143
610.1	145.5
610.2	147.7
610.3	148.7
610.5	150.9
610.5	151.5
610.5	151.9
610.8	149.6
610.8	147.4
610.7	143.6
610.7	141.4
610.8	139.8
611.1	138.9
611.1	140.1
611.1	142.3
611.2	143.9
611.3	144.6
611.6	143
611.8	143.9
611.8	146.8
611.8	148
612	147.7
612.1	145.5
612.1	143.6
612.1	143.6
612.2	142.7
612.4	140.8
612.4	140.4
612.4	140.4
612.4	139.2
612.4	140.8
612.4	141.7
612.4	145.8
612.4	147.7
612.6	148.4
612.8	146.5
612.8	147.1
612.8	148.4
612.8	150.6
613	152.5
613.2	153.1
613.5	151.2
613.6	148.4
613.7	145.5
613.7	143.3
613.8	143.9
613.8	146.8
614.2	144.9
614.1	147.1
614.2	152.8
614.4	158.2
614.5	160.7
614.6	163.9
614.6	165.8
614.6	167.4
614.7	168.3
614.8	167.7
614.9	161
614.9	155.7
614.9	150.6
615	146.5
614.9	140.1
615	138.5
614.9	135.4
614.5	128.1
614.9	120.5
614.9	116.3
614.9	113.5
614.9	108.4
614.8	105.6
614.8	101.4
614.9	97.3
614.9	93.5
614.9	91.9
614.7	89.1
614.7	86.5
614.7	83.7
614.7	81.8
614.8	79.9
614.8	78.3
615	76.4
615	76.4
615.1	76.1
615.1	77.7
615.2	78
615.4	78.9
615.5	79.6
615.7	78.3
615.7	76.1
615.7	75.5
615.9	72.9
615.9	71
615.9	70.4
616	68.8
616.1	66.9
616.2	65.9
616.2	64
616.1	61.2
616.1	60.9
616.1	59.6
616.1	58
616.2	58.7
616.3	60.2
616.4	60.9
616.7	62.1
616.9	65.3
617	67.5
617	69.1
617.2	72
617.4	72.3
617.4	72.9
617.4	74.2
617.3	77.4
617.4	80.2
617.4	82.1
617.4	84.6
617.6	85.6
617.8	84
618.1	81.8
618.3	81.5
618.2	85.9
618.4	91
618.6	93.5
618.4	95.4
618.4	97.3
618.6	99.5
618.6	100.8
618.6	101.8
618.7	102.4
618.9	103.4
619.1	103
619.1	100.5
619.1	98.6
619.2	97
619.5	95.7
619.6	96.4
619.7	99.9
619.7	103.7
620	106.2
620	107.2
620	110.3
620	113.2
620.1	114.8
620.1	117.3
620.2	119.2
620.2	120.5
620.2	122.1
620.2	124.3
620.2	126.2
620.2	126.5
620.2	128.1
620.3	129
620.3	130
620.3	130.3
620.3	130.3
620.4	130.6
620.6	130.9
620.7	127.8
620.7	124.3
620.9	119.5
621	115.7
621.1	111.6
621.1	109.1
621.1	106.5
621.1	104
621.1	101.1
621.1	98
621	94.2
621	91.6
621	91.3
621	89.4
621.1	87.5
621.1	87.2
621.3	85.6
621.2	84
621.2	83.7
621.2	82.4
621.2	79.9
621.2	79.9
621.3	78
621.3	76.7
621.4	77
621.4	80.2
621.5	83.1
621.6	83.1
621.7	84.6
621.8	86.9
621.8	87.2
622	88.8
622.2	89.7
622.2	90
622.2	88.1
622.4	87.8
622.4	89.1
622.6	90.4
622.7	87.8
622.7	86.5
622.8	85.6
622.8	87.5
622.8	89.7
622.8	91.9
623	93.5
623.1	94.5
623.2	95.7
623.2	96.1
623.3	98
623.4	99.2
623.6	101.4
623.6	103
623.6	104
623.7	104
623.8	102.1
624	99.5
624.1	99.2
624.1	101.8
624.1	103
624.3	102.7
624.5	100.8
624.6	100.5
624.7	101.1
624.7	102.7
624.8	104.3
624.8	105.9
624.9	107.8
625.2	107.8
625.3	105.3
625.5	105.9
625.5	108.1
625.7	110
625.7	111
625.7	112.2
625.8	112.5
626	113.2
626	112.5
626.1	109.7
625.9	106.5
625.8	104
625.9	102.1
626.1	101.8
626.3	104.3
626.3	106.8
626.4	109.1
626.6	110
626.6	111.9
626.6	112.5
626.7	112.9
626.7	113.2
626.8	113.2
626.8	113.2
626.9	110.6
627	108.1
627	106.5
627.2	105.9
627.2	109.7
627.2	112.2
627.4	114.1
627.6	114.4
627.9	116.7
627.9	117
627.9	116
628.2	114.4
628.2	113.8
628.2	113.2
628.7	116
628.9	119.5
628.9	120.8
628.8	122.4
628.8	123.3
628.9	123
629.1	119.5
629.2	117
629.3	114.4
629.5	115.7
629.5	119.2
629.5	119.5
629.7	117.9
629.7	117
629.7	115.4
630.1	113.2
630.5	111.9
630.5	109.7
630.6	105.9
630.7	104.9
630.7	102.4
630.7	99.2
630.7	94.8
630.7	89.7
630.6	82.4
630.6	81.5
630.7	77.4
630.7	71.3
630.7	64
630.7	57.7
630.7	52.3
630.7	52
630.6	49.5
630.6	43.1
630.6	35.8
630.5	25
630.5	19.3
630.5	19.3
630.5	15.5
630.5	10.8
630.5	10.5
630.5	8.6
630.5	5.1
630.6	4.8
630.7	2.9
630.9	1
631.3	-0.3
631.9	0
632	0
632.4	-0.3
633.2	-1.3
634.3	-2.2
635.3	-2.2
635.3	-2.2
635.9	-2.2
636.6	-1.6
636.9	0.3
637.2	3.2
637.2	5.1
637.2	9.2
637.3	14
637.4	17.8
637.6	27.3
637.6	31.1
637.7	37.4
637.6	43.4
637.6	47.9
637.5	53.3
637.6	58.3
637.6	59.9
637.6	62.5
637.7	63.1
637.7	63.1
637.8	63.4
637.8	63.7
637.9	59.6
