25.2	20.1
26.9	20.4
28.5	19.7
29.3	19.7
29.3	19.7
30.1	19.7
30.2	23.7
30.2	24.1
30.2	27.4
30.7	26.7
30.8	26.3
30.9	21.5
31.2	18.6
31.3	19.3
31.3	20.1
31.6	21.9
31.7	22.3
32.1	22.6
32.1	22.6
32.7	23
32.8	20.8
33	16.8
33	16.8
33.1	12
33.2	12
33.6	11.6
33.7	16.4
33.7	17.9
33.9	19.7
33.9	19.7
34.1	21.5
34.4	21.9
34.5	21.5
34.4	17.5
34.4	17.1
34.6	17.5
34.9	20.1
35.3	19.3
35.3	17.1
35.3	15.7
35.6	16.8
35.7	17.5
36	21.9
36.1	22.3
36.4	23.7
36.5	24.8
36.6	25.6
36.9	19.3
36.9	19
37	15.3
37.1	15.3
37.3	18.2
37.3	18.6
37.7	18.6
38.4	16.4
38.5	14.9
38.7	20.1
38.8	24.1
38.9	21.9
39	20.4
39.3	20.8
39.7	20.4
39.8	21.2
39.8	23
39.8	23.4
39.9	25.2
40.2	27
40.3	28.5
40.5	28.9
40.8	28.5
40.8	26.3
40.8	24.5
40.6	22.3
40.6	20.1
40.6	17.9
40.8	16.4
41	13.4
41.1	13.4
41.4	11.6
41.7	15.3
41.9	21.2
42.1	26.7
42.1	26.7
42.2	29.2
42.2	30
42.4	39.5
42.6	36.9
42.7	34.4
42.7	30.7
42.7	30.7
43	24.5
42.9	20.8
43	16.4
43.4	17.9
43.5	18.6
43.5	19.7
43.6	20.1
43.7	19
44.1	16.4
44.3	14.9
45	14.9
45.1	14.9
45.6	13.4
45.7	13.4
45.9	13.8
46.7	14.2
47	14.2
47.3	13.1
47.4	12
47.4	12
47.8	13.8
48.4	16.4
48.4	16.8
48.3	18.2
48.5	19.3
48.6	19.3
48.8	19.3
48.8	21.2
49.3	23.7
49.4	24.8
49.5	27.4
49.8	30.3
50.1	34
50.1	34
50.2	37.7
50.2	37.7
50.3	39.1
50.5	39.5
50.6	40.2
50.9	36.9
51.4	34
51.5	34
52.1	30.7
52.6	35.8
52.5	40.6
52.7	47.2
52.8	45.4
52.8	41.3
52.8	41.3
52.8	36.9
52.8	36.2
52.8	31.8
52.9	27.8
53.1	25.9
53.1	24.8
53.4	22.3
53.5	20.1
53.6	20.1
53.9	18.2
54.3	19
54.7	21.5
55	24.1
55.1	25.9
55.1	28.1
55.3	30
55.4	31.4
55.4	31.4
55.6	30.7
55.7	25.6
55.8	21.9
56	18.6
56.6	21.9
56.6	19.7
56.6	18.6
56.7	16
56.8	15.7
57.1	17.1
57.3	18.6
57.6	16
57.8	13.8
57.9	11.2
58	10.9
58.1	11.2
58.3	12.7
58.3	12.7
58.5	10.5
58.6	10.5
59.1	13.4
59.1	13.8
59.1	15.7
59.1	17.1
59.1	19.3
59.2	20.8
59.3	21.9
59.3	22.3
59.6	27
59.8	31.1
59.8	31.4
60	28.1
60.3	21.5
60.3	21.2
60.2	18.2
60.2	17.9
60	14.6
60	12
60.5	13.1
60.6	12.3
60.7	10.5
61.1	15.3
61.1	17.1
61.1	17.5
61.5	19
61.8	14.6
62.2	16.8
62.2	19
62.3	21.5
62.3	25.9
62.6	34.4
62.6	41.3
62.6	41.7
62.6	48
62.7	64.5
62.7	68.5
63.1	70.3
63.4	67.4
63.4	64.8
63.4	61.5
63.5	57.5
63.5	57.1
63.5	51.6
63.6	46.9
63.7	41
63.8	36.6
64.2	35.5
64.5	35.5
64.7	32.9
65.1	32.2
65.3	33.6
65.4	33.6
65.8	30
65.9	29.2
65.9	28.1
66.2	25.9
66.5	27
66.6	27.8
66.7	32.2
66.8	34.4
66.9	34.4
67	31.8
67.2	32.2
67.2	30
67.9	23.4
67.8	20.8
67.8	19
68.3	17.1
68.7	17.1
68.7	18.6
68.8	22.6
69.3	25.6
69.4	30
69.4	30
69.6	41.7
69.5	43.9
69.5	49.8
69.5	55.3
69.4	63.7
69.4	65.2
69.4	65.6
69.5	69.6
69.9	73.3
70.1	74
70.3	72.9
70.3	74
70.3	74.4
70.4	79.5
70.5	84.7
70.5	84.3
70.6	78.4
70.6	74
70.6	73.6
70.7	69.2
71	66.7
71.1	63
71.1	62.6
71.3	61.5
71.5	63.4
71.6	66.3
71.8	69.6
71.8	69.6
71.9	75.1
71.9	75.5
72	78.4
72	78.8
72	82.1
72.1	87.6
72.2	93.5
72.2	98.2
72.3	100.1
72.4	100.1
72.4	103
72.5	105.2
72.6	105.6
72.7	107.4
72.8	107
72.8	98.2
72.8	98.2
73	95.3
73	94.6
73	91.6
73	88.3
73	88
73.1	84.7
73.1	84.3
73.2	81.4
73.2	80.6
73.2	80.6
73.2	74.7
73.1	70.3
73.4	73.3
73.5	79.9
73.6	84.7
73.6	85.8
73.6	95.3
73.6	99.7
73.6	100.4
74	99.7
74	90.2
74.4	88.3
74.5	93.5
74.5	97.5
74.4	110.4
74.6	113.7
74.8	118.1
74.8	121
74.8	123.6
74.5	137.5
75.1	133.1
75.1	132
75	127.6
75.1	126.1
75.1	122.5
75.3	120.3
75.4	118.4
75.5	116.2
75.6	112.6
75.7	108.2
75.9	111.1
76.2	103.7
76	102.3
76	99.3
76	95.7
76	93.8
76	89.8
76.1	87.6
76.1	84.3
76.1	81
76.1	78.8
76.1	77
76.2	75.8
76.4	74
76.9	80.3
76.9	82.5
76.7	89.4
76.7	95.3
76.8	104.5
76.8	116.2
77.1	126.5
77.3	135.3
77.3	130.9
77.4	132.7
77.7	129.8
77.7	129.4
78.1	125.4
78	119.5
78.3	127.6
78.6	123.2
78.6	122.8
78.6	117.3
78.9	108.9
79	103.7
79.2	95.3
79.1	92
79.1	91.6
79.1	83.6
79.1	79.2
79.1	75.5
79.2	69.6
79.2	63.4
79.4	61.5
79.6	68.5
79.7	75.5
79.9	81
79.8	90.5
79.7	104.5
79.9	110
79.9	114.8
80.2	107.4
80.7	117
80.7	121.7
80.6	131.3
80.7	140.1
80.9	141.9
81.5	143.4
81.7	144.1
82	146
82	146.3
82	147.4
82.3	148.2
82.5	144.5
82.5	142.7
82.5	140.5
82.5	140.5
83.1	140.8
83.2	140.8
83.5	138.6
83.5	138.6
83.3	135.3
83.2	129.4
83.6	122.5
83.7	115.9
83.7	115.5
83.9	108.2
84	100.1
84.1	93.5
84.1	93.1
84.1	86.1
84.1	85.8
84.1	81.4
84.1	80.3
84.1	75.1
84.1	68.5
84.1	68.5
84.5	67.8
84.5	67.8
84.8	73.3
84.8	74
84.7	79.2
84.7	81.7
84.3	87.6
84.3	87.6
84.3	93.5
84.3	93.8
84.7	106.7
84.8	111.8
84.9	113.7
85	117.7
85.2	119.5
85.5	122.1
85.6	120.3
85.6	119.9
85.4	112.9
85.7	109.6
85.7	109.6
86	111.1
86.1	117
86	122.5
86	128
85.9	129.8
85.8	137.5
85.8	137.9
85.8	139.7
86.1	143
86.1	143
86.3	146
86.4	145.6
86.5	140.5
86.4	135.7
86.4	128.7
86.5	119.9
86.5	117.3
86.6	114
86.5	104.1
86.5	103.4
86.5	100.8
86.5	100.4
86.6	91.3
86.6	90.5
87.1	83.2
87.2	80.3
87.2	76.2
87.3	70.3
87.3	70
87.3	61.2
87.3	56.4
87.3	54.6
87.3	49.4
87.5	45.4
87.7	40.2
87.7	34.4
88.1	36.6
88.3	46.9
88.3	61.5
88.1	71.8
88.4	90.5
88.5	102.3
88.7	96.4
88.7	95.7
88.9	90.2
89.5	105.6
89.5	105.6
89.5	105.9
89.5	111.1
89.6	113.7
89.7	122.5
89.9	128
90.1	129.4
90.1	128.7
90.1	121
90.1	112.9
90.1	111.8
90.2	102.6
90.2	102.3
90.5	97.1
90.5	96.4
90.5	96.4
90.5	91.6
90.6	88.7
90.6	88.7
90.6	84.7
90.5	77.7
90.5	77.3
90.5	75.5
90.5	75.1
90.5	68.1
90.5	67
90.9	66.3
91.1	67.4
91.2	69.6
91.2	70.7
91.7	78.4
91.7	89.1
91.9	96.8
92	97.1
92.3	105.2
92.6	110.4
92.6	113.3
92.6	100.4
92.5	93.1
92.5	92.4
92.5	86.5
92.5	85
92.5	79.5
92.9	75.8
92.9	75.5
92.9	72.9
93	72.9
93	74.4
93.2	85.4
93.2	94.2
93.2	103.7
93.2	104.5
93.3	112.2
93.3	112.9
93.6	123.6
93.7	130.9
93.7	132
93.7	136.8
94.1	138.2
94.1	138.2
94.1	134.9
94.3	131.3
94.4	130.2
94.5	128
94.6	128
94.6	124.7
94.9	121.4
95	121.4
95.3	123.2
95.4	125
95.4	126.1
95.7	129.1
95.7	129.4
95.9	127.6
96	127.6
96.2	129.1
96.3	131.6
96.4	135.7
96.4	136.8
96.4	138.6
96.6	139
96.7	136
97	132
97	132
97.2	129.4
97.3	125
97.4	124.3
97.4	124.3
97.4	121.4
97.4	120.3
97.4	117
97.4	116.6
97.4	111.8
97.5	106.7
97.8	101.5
97.8	101.2
97.8	97.1
97.8	96.4
97.8	94.9
98	90.9
98	87.6
98	82.5
98	77.7
98.1	83.6
98.4	91.6
98.4	91.6
98.6	99
98.6	99
98.5	108.2
98.1	114.8
98.1	123.6
98.2	129.1
98.6	136.8
99	140.1
99.2	144.5
99.3	146.3
99.6	146.7
100.1	139.7
100.1	136.8
100.2	136.4
100.6	141.9
100.7	140.1
100.8	138.6
101	135.3
101	135.3
100.7	130.5
100.7	130.2
100.7	125
100.8	120.3
100.8	114.8
100.8	112.6
100.8	111.8
100.7	107
100.7	106.7
100.8	103
101	101.9
101.3	103.7
101.6	103.7
101.6	103.4
101.6	100.1
101.6	96.8
101.6	91.6
101.6	88.7
101.6	85.4
101.6	85.4
101.5	79.5
101.5	79.2
101.5	78.1
101.5	71.4
101.5	71.1
101.5	70
101.9	69.2
102.1	71.8
102.3	76.2
102.5	81
102.4	85.8
102.4	87.6
102.4	92
102.6	92.7
102.6	89.4
102.7	85
102.7	81.4
102.7	77
102.7	74
103	74
103	74
103	74
103.1	77.7
103.1	84.3
103.1	84.7
103.1	87.2
103.2	88.7
103.2	92.7
103.2	94.6
103.3	100.1
103.3	106.7
103.3	107
103.3	108.2
103.3	108.5
103.5	111.5
103.6	114.4
103.6	114.8
103.7	114.8
103.8	112.9
103.9	115.1
104.3	122.1
104.3	122.5
104.3	124.3
104.3	125.4
104.3	126.5
104.3	128
104.3	129.1
104.3	129.1
104.4	128.7
104.7	132
104.7	134.6
104.8	140.5
104.9	141.2
105.1	141.2
105.2	140.1
105.5	141.2
105.5	140.1
105.5	139.4
105.6	135.7
105.9	134.9
106.1	133.8
106.2	132.7
106.2	132
106.3	126.5
106.4	124.7
106.6	118.1
106.7	121.4
107	127.6
107.1	128
107.1	131.3
107.1	131.6
107.1	136
107.3	140.1
107.5	143
107.7	144.9
107.9	144.9
107.9	144.5
107.9	137.9
107.8	133.8
107.8	132
107.8	130.5
107.8	128.7
107.9	127.6
108	125.8
108	125.4
108.1	124.3
108.1	122.8
108.1	119.5
108.1	119.2
108.1	117
108.1	112.9
108.3	110.7
108.3	106.3
108.7	105.6
108.9	110.7
109.1	114.4
109.2	117
109.3	126.5
109.5	129.8
109.7	129.8
109.8	128.7
109.8	124.3
109.8	122.8
109.8	119.2
109.9	117.7
109.9	115.1
110.1	111.1
110.1	108.2
110.3	103
110.4	101.9
110.7	104.5
110.6	109.6
110.5	118.8
110.9	125.4
111.1	128.3
111.1	129.4
111.3	130.9
111.6	130.2
111.6	127.2
111.7	128.7
111.9	131.3
112.1	124.3
112.1	123.9
112.2	121.7
112.2	121.4
112.3	124.3
112.3	124.7
112.3	129.8
112.3	129.8
112.8	132.4
113	132.4
113.1	129.1
113.1	126.1
113.2	125.4
113.3	124.3
113.5	126.1
113.5	127.2
113.6	127.6
113.7	124.7
113.8	122.1
113.8	121
113.9	117.7
114.1	114.4
114	111.8
114	106.7
114	105.9
114	105.9
114	102.3
114.1	100.4
114.1	100.1
114.1	95.7
114.2	94.6
114.2	90.5
114.3	83.6
114.1	78.1
114	75.1
114	74.4
114.2	73.6
114.2	74
114.4	78.8
114.3	82.5
114.3	83.9
114.3	84.7
114.3	90.2
114.3	90.9
114.3	91.3
114.4	93.1
114.5	94.2
114.7	100.4
114.7	101.2
114.8	104.5
115	104.8
115.2	100.8
115.2	99
115.2	94.9
115.2	93.5
115.1	92
115	89.8
115	88.3
114.8	85.4
114.8	85
114.7	81
114.7	80.6
114.7	76.2
114.7	75.8
114.7	70.7
114.7	70.3
114.8	68.9
115.5	65.6
115.3	67.4
115.4	74.4
115.4	82.5
115.4	88
115.5	90.2
115.7	99.3
115.7	102.6
115.8	110.7
115.9	114.8
115.9	116.6
115.9	117
115.9	119.5
115.6	123.2
115.5	126.5
115.6	129.8
115.7	131.6
115.8	133.1
115.8	134.2
115.8	134.2
115.8	136.4
115.9	138.2
115.9	138.6
115.9	138.6
116	135.7
116	135.3
116	132.4
116.1	129.8
116.3	127.2
116.3	125.8
116.4	125.8
116.5	130.9
116.6	135.7
116.7	136.4
116.7	137.5
116.9	142.3
117.3	146.7
117.3	143.8
117.3	140.1
117.3	137.1
117.3	134.9
117.3	132.7
117.3	131.3
117.3	131.3
117.4	130.5
117.7	132
117.7	132.4
117.8	134.6
117.8	135.3
118.2	139
118.2	139
118.3	137.5
118.4	136.8
118.6	134.9
118.7	133.8
118.9	132.4
118.9	132
119	130.2
119	129.4
119	127.6
119.1	123.6
119.1	120.6
119.1	113.7
119.1	112.9
119.3	110.7
119.4	109.3
119.5	107.4
119.5	102.6
119.5	96.8
119.5	96
119.5	96
119.6	93.1
119.7	91.3
119.9	86.9
119.9	86.5
120.1	82.8
120.3	80.6
120.3	80.3
120.3	80.3
120.4	77
120.4	76.6
120.4	72.5
120.4	71.8
120.4	66.7
120.5	66.3
120.8	70
120.8	70.3
120.8	73.3
120.8	74.4
120.9	74.7
121.1	76.6
121.1	78.4
121.4	80.3
122	82.5
122	83.6
122	84.3
122.2	84.7
122.4	85
122.6	85
122.8	83.6
122.8	83.6
122.8	80.3
122.8	79.2
122.7	73.3
122.8	72.2
123.3	74
123.4	74.4
123.6	72.9
123.4	69.6
123.4	64.5
123.4	64.5
123.2	60.8
123.3	60.8
124	60.8
124.1	62.6
124.1	64.1
124.1	65.6
124.2	66.3
124.4	62.3
124.4	60.8
124.8	63
125	61.9
125.2	59
125.3	56.4
125.6	59.7
125.6	60.1
125.7	63.7
125.7	66.3
125.7	67
125.6	73.3
125.6	74.4
125.9	75.5
126.2	72.2
126.3	70
126.6	67
126.8	66.3
127.1	70.7
127.1	70.3
127.2	70.3
127.3	68.1
127.6	66.3
128	67.8
128.1	69.2
128.3	72.5
128.3	73.3
128.4	75.1
128.5	76.6
128.6	77
128.7	74.7
128.8	74.7
128.9	76.6
128.9	79.9
129.1	81.4
129.3	83.9
129.6	80.6
129.7	76.2
130.1	75.5
129.7	72.9
129.7	74
130.1	77.3
130.1	79.2
130.2	79.5
130.2	79.5
130.3	79.2
130.3	77
130.6	74
130.7	71.4
130.6	69.2
130.9	67.8
131.2	70
131.2	70.3
131.2	71.8
131.7	76.2
131.7	81
131.7	85
131.9	88
132	91.3
132.1	94.2
132.1	94.6
132.1	96.4
132.2	96.8
132.2	97.9
132.6	93.8
132.7	93.8
132.5	95.3
132.6	96.8
132.9	98.6
132.9	100.4
132.9	102.6
132.8	106.3
132.8	108.2
132.8	110
132.8	111.8
132.9	113.3
133	114.4
133.1	114.4
133.3	113.7
133.4	111.8
133.5	110.4
133.7	110
133.8	110.7
133.9	113.7
133.9	114
134.1	115.1
134.1	115.1
134.3	115.1
134.4	114.4
134.5	113.7
134.5	114.8
134.5	116.2
134.5	118.4
134.5	119.5
134.6	120.6
134.6	120.6
135.1	116.2
135.1	115.5
135.1	115.1
135.2	113.3
135.2	112.9
135.2	111.5
135.3	110
135.3	110
135.3	108.2
135.4	105.2
135.6	104.5
135.7	106.3
135.8	108.5
135.9	110
136	111.5
136.1	109.6
136.1	109.6
136.3	115.1
136.3	116.6
136.3	117
136.3	117.3
136.5	117.3
136.5	114.8
136.5	113.3
136.5	110.7
136.6	108.9
136.8	108.5
137.1	111.8
137.2	115.5
137.2	115.9
137.3	117.3
137.3	118.1
137.6	119.5
137.9	118.4
138.1	115.5
138.1	114
138.1	116.2
138.1	116.6
138.1	118.8
138.1	119.2
138.1	120.3
138.4	122.5
138.5	125.8
138.7	127.2
139	124.7
139	122.1
138.9	119.5
138.9	119.9
138.9	123.2
138.9	123.2
139	124.7
139.2	125.4
139.3	125.4
139.3	125.4
139.4	122.5
139.4	122.5
139.6	119.9
139.7	117.7
139.7	115.1
139.8	115.5
140.1	118.4
140.3	121
140.4	122.5
140.4	123.9
140.5	125.4
140.5	127.2
140.5	128.3
140.6	129.8
140.9	131.6
140.9	131.6
140.9	132
140.9	132
141.1	127.6
141.1	126.5
141.3	127.6
141.3	126.9
141.4	125.4
141.3	121.7
141.3	120.3
141.3	118.8
141.6	118.4
141.8	118.4
141.9	118.4
141.9	118.4
142.1	117
142.4	117
142.4	117.7
142.4	120.3
142.4	122.8
142.5	122.1
142.6	119.5
142.9	118.1
143.1	119.2
143.2	121
143.2	121.4
143.4	119.5
143.6	118.1
143.7	119.5
143.7	123.2
143.9	124.7
144	124.7
144.1	122.5
144.1	121.7
144.1	121.4
144.4	124.3
144.6	125.4
144.6	125.4
144.8	123.6
144.8	122.8
144.8	121
144.8	120.6
144.9	119.5
144.9	118.1
144.9	117.7
145	116.6
145.3	114.8
145.3	116.6
145.5	118.4
145.5	118.1
145.6	117.3
145.7	115.1
145.7	115.1
145.8	116.2
145.9	116.6
146	118.8
146.1	120.3
146.1	120.3
146.6	120.3
146.7	120.6
146.7	121
146.8	122.1
146.9	122.5
147	122.8
147.1	123.6
147.1	124.3
147.2	124.3
147.5	122.1
147.5	120.3
147.5	119.9
147.6	117.7
147.6	117.3
147.8	116.2
147.8	115.9
148	115.9
148.4	116.6
148.5	117
148.5	119.2
148.6	121
148.6	121.4
148.6	122.5
148.9	124.3
149	124.7
149.1	125.8
149.4	128
149.4	128.7
149.5	127.2
149.6	125.4
149.7	123.2
149.8	121.4
149.8	119.9
149.8	119.5
149.9	118.4
150	117
150.2	116.2
150.5	117.7
150.5	118.1
150.5	119.5
150.7	119.9
150.8	119.5
150.8	117.3
151	115.5
151.3	112.9
151.3	113.7
151.3	114
151.5	115.9
151.6	117
151.6	118.4
151.7	118.8
151.8	118.8
151.9	118.8
152.2	117
152.2	116.6
152.2	114.8
152.2	112.6
152.1	111.8
152.1	109.3
152.1	107.4
152.2	107.4
152.4	107.8
152.4	108.2
152.6	110
152.6	110.7
152.6	112.9
152.7	113.3
152.7	114
152.9	116.2
152.9	116.6
152.9	117.3
153	118.8
153.5	119.2
153.8	119.2
153.9	118.4
154	117
154	115.9
154.1	115.5
154.1	114.4
154.1	114.4
154.1	113.3
154.2	111.8
154.3	110
154.5	108.2
154.7	108.2
154.7	109.6
154.8	112.6
154.9	113.3
155	115.1
155	115.5
155.2	116.6
155.2	117
155.2	117.3
155.3	117.7
155.3	117.7
155.3	117.3
155.5	116.2
155.5	115.9
155.6	114.8
155.7	114.8
155.7	113.7
155.7	112.6
155.7	111.5
155.7	111.1
155.7	110.4
155.8	110.4
155.9	111.5
156	112.2
156	114
156	115.9
156	115.9
156.1	117
156.1	119.2
156.1	119.2
156.2	116.6
156.2	114.8
156.3	114
156.3	112.2
156.5	111.8
156.9	114.4
156.9	115.1
156.9	116.2
156.9	118.4
156.9	119.5
156.9	119.5
156.9	119.9
157.6	115.5
157.6	118.1
157.6	118.4
157.9	121.7
158	122.5
158.1	123.9
158.1	124.3
158.1	124.3
158.1	122.5
158.1	122.1
158.2	119.5
158.3	117
158.3	114.8
158.4	114
158.7	117.3
158.7	118.1
158.8	119.5
158.8	119.9
158.8	120.3
159	120.3
159.2	120.3
159.2	118.8
159.3	116.2
159.5	115.1
159.6	116.6
159.6	117.3
159.6	119.5
159.7	121.7
159.7	123.2
159.9	125
159.9	126.5
159.9	127.6
159.9	128
160	128.7
160.2	125.8
160.2	123.6
160.4	123.6
160.4	121.4
160.4	121.4
160.4	118.8
160.4	117.3
160.5	115.1
160.9	115.1
161	117.7
161	118.1
161.1	119.5
161.1	119.5
161.1	119.5
161.1	117.7
161.1	115.9
161.1	115.9
161.1	114.8
161.4	116.2
161.5	117
161.5	117
161.7	116.2
161.9	113.3
162	112.9
162.3	115.5
162.3	118.1
162.4	119.9
162.5	120.6
162.6	116.6
162.6	116.2
162.6	116.2
162.6	116.2
162.7	119.5
162.7	120.3
162.9	121
163.1	122.1
163.1	122.5
163.5	120.6
163.5	118.8
163.5	117.3
163.5	115.5
163.5	113.7
163.5	113.3
163.6	110
163.6	110
164	114.4
164	116.6
164	117.3
164.2	116.6
164.2	118.8
164.3	119.9
164.5	118.4
164.6	119.2
164.6	120.3
164.8	119.9
165	118.1
165.4	119.5
165.4	120.6
165.4	122.5
165.4	123.6
165.5	123.9
165.7	123.9
165.8	121.7
165.8	121.4
166	116.2
166	115.9
166.2	114.8
166.4	115.1
166.7	116.2
167	118.4
167	119.5
167.2	118.4
167.4	118.1
167.5	117.3
167.6	119.5
167.7	120.3
167.8	122.1
168.1	124.7
168.2	125
168.4	121.7
168.5	122.5
168.6	125.4
168.5	126.9
168.5	127.2
168.5	127.2
168.5	124.3
168.7	121
168.7	121
168.9	119.2
168.9	118.8
169.1	115.9
169.1	115.1
169.3	112.9
169.6	115.1
169.7	115.9
169.7	117.7
169.8	118.4
169.9	120.3
170.1	121.4
170.2	119.9
170.4	121.4
170.5	121.4
170.7	122.1
171	120.3
171.2	119.9
171.3	118.1
171.3	117.7
171.4	117
171.7	118.1
171.7	119.5
171.7	121.4
171.8	123.2
172	123.2
172	119.9
172.2	118.1
172.3	118.8
172.4	121.7
172.4	125
172.4	125
172.4	126.1
172.8	125
173.2	122.8
173.2	121.7
173.2	119.9
173.2	117.3
173.6	117.7
173.6	118.4
173.6	120.3
173.6	119.2
173.9	115.9
174	117
174	119.9
174	121.4
174	122.1
174	122.5
174.5	120.3
175	120.6
175.1	120.6
175.1	121
175.2	121.7
175.5	123.6
175.7	125
175.8	125.8
175.8	128.3
175.8	128.7
175.9	128.7
176	127.2
176	125
176	120.6
176	119.9
175.9	117
176.2	117.7
176.8	120.3
176.9	118.4
177	115.1
177.1	113.3
177.2	113.3
177.3	113.7
177.5	116.6
177.8	119.9
177.8	119.9
177.9	119.9
177.9	118.4
178	119.5
178.2	120.3
178.3	116.6
178.3	116.2
178.6	117.7
178.8	118.4
179.1	121.7
179.2	122.8
179.2	122.8
179.5	120.3
179.5	118.4
179.5	117.3
179.5	114.4
179.3	110
179.3	106.3
179.3	105.9
179.9	106.3
179.9	107.8
180	111.8
180.2	118.1
180.2	118.1
180.4	120.3
180.4	122.1
180.5	122.8
180.5	123.2
180.5	115.9
180.5	115.5
180.8	114.4
181.1	115.5
181.1	115.9
180.9	118.8
181.2	120.6
181.2	121.4
181.4	122.1
181.6	120.3
181.6	119.9
181.7	118.1
181.8	115.5
181.9	112.6
182	110.7
182.4	114.4
182.4	118.1
182.4	118.1
182.5	119.9
182.6	120.3
183.2	118.8
183.2	118.1
183.3	122.8
183.4	123.2
183.6	122.5
183.7	122.1
183.7	118.8
183.8	117.7
183.8	116.2
184	115.5
183.9	119.9
184.1	123.2
184.1	126.1
184.3	128.7
184.4	128.7
184.5	129.1
184.7	125.4
184.7	125
184.8	121.4
185	121.7
185.1	123.2
185.1	123.2
185.2	121
185.3	119.2
185.4	118.4
185.4	117
185.4	114
185.5	116.2
185.5	117.7
185.6	120.6
185.6	122.8
185.8	125.8
185.9	126.9
186	125
186.2	123.6
186.3	123.6
186.4	124.3
186.4	124.3
186.6	125
186.7	127.2
186.8	128.7
186.9	130.2
187.1	131.6
187.2	132
187.6	127.6
187.6	126.9
187.6	124.3
187.6	122.5
187.6	121.7
187.9	122.5
187.9	124.7
187.9	125.8
187.9	125.8
188	125
188	123.9
188	122.8
188.3	121.7
188.3	121.7
188.3	121
188.5	120.6
188.7	120.3
188.7	120.3
188.9	119.2
189.1	118.4
189.1	120.3
189.1	122.8
189.1	124.3
189.2	125
189.4	124.3
189.5	124.3
189.5	122.1
189.7	119.9
189.8	118.4
189.8	116.6
189.8	115.9
190.1	116.6
190.3	117.3
190.3	118.8
190.2	121
190.2	122.5
190.2	122.8
190.4	120.6
190.5	119.9
190.7	121
190.7	122.8
191	123.6
191.2	124.7
191.2	125.4
191.2	125.8
191.3	126.1
191.4	127.2
191.5	127.6
191.5	128.7
191.5	128.7
191.7	128.3
191.7	124.7
191.7	122.5
191.9	122.1
192.1	122.5
192.3	124.3
192.3	125
192.5	125
192.6	125
192.5	123.2
192.4	120.6
192.4	119.2
192.4	117.7
192.4	115.5
192.6	113.7
192.9	112.2
193	111.1
193	115.5
193	116.2
193	118.4
193.2	121
193.2	121.7
193.3	122.8
193.3	123.2
193.3	123.2
193.3	123.9
193.4	124.7
193.4	125
193.4	125.4
193.5	125.8
193.7	124.7
193.8	125
193.8	122.1
194	121.7
194.2	123.9
194.2	124.3
194.2	125.4
194.2	126.5
194.2	127.2
194.6	131.3
194.6	132.4
194.6	133.8
194.6	135.7
194.6	135.7
194.6	136.8
194.7	137.5
194.7	135.3
194.7	133.1
194.7	133.1
194.9	133.5
195	134.6
195.1	135.3
195.3	135.7
195.4	133.5
195.4	131.3
195.4	128.7
195.4	128
195.4	126.5
195.3	125.4
195.3	123.9
195.4	122.5
195.6	120.3
195.7	118.4
195.7	117.3
195.8	116.6
196	118.1
196.2	119.5
196.3	121.4
196.6	121
196.7	121.7
196.7	122.5
196.7	122.8
197.1	124.7
197.4	126.5
197.5	126.9
197.7	123.9
197.8	122.1
198.3	121
198.5	125.8
198.5	126.5
198.6	130.9
198.6	134.9
198.6	136
198.8	139
199	137.1
199	132.4
199	127.6
199	123.2
199.3	126.9
199.3	128
199.5	129.8
199.8	128.3
200	125.8
200	125
200.3	121.7
200.6	115.5
200.6	112.6
200.9	112.6
200.9	112.9
201.1	117.3
201.2	119.2
201.2	121
201.2	122.8
201.4	129.4
201.5	132
201.5	132.4
201.7	134.9
201.7	137.5
201.7	138.2
201.7	141.9
201.8	146.7
201.8	146.7
201.8	149.6
201.8	151.5
201.8	153.3
201.9	154.4
202	154.4
202.2	150.7
202.4	147.1
202.6	145.2
202.6	143.4
202.6	141.9
202.6	141.6
202.6	140.5
202.6	139
202.6	138.6
202.6	136
202.6	134.6
202.6	134.2
202.6	131.3
202.6	129.4
202.6	129.1
202.7	127.6
202.7	127.6
202.7	125
203	122.1
203	122.1
203	124.7
203.1	127.6
203.3	129.4
203.3	133.5
203.3	135.3
203.3	136.4
203.3	137.9
203.3	139.4
203.3	139.4
203.5	142.3
203.4	137.9
203.4	137.5
203.6	134.6
203.7	132.7
203.8	130.5
203.9	128.7
203.9	126.9
203.9	125.8
203.9	125.4
203.9	125.4
203.8	123.6
203.8	122.1
203.8	121
203.8	119.2
203.8	118.8
203.8	116.2
203.8	115.9
203.8	115.1
203.8	114.8
203.9	113.3
204.1	113.3
204.2	114.4
204.2	115.9
204.2	116.2
204.3	118.1
204.4	119.9
204.5	120.6
204.6	121
204.6	121
204.6	117.7
204.6	117
204.8	115.1
205.2	118.1
205.2	120.3
205.2	120.6
205.2	123.9
205	126.9
204.9	130.2
204.9	132.4
204.9	133.8
204.9	134.6
205	137.5
205.1	138.2
205.1	138.6
205.2	140.5
205.3	142.3
205.3	144.1
205.3	144.9
205.3	145.2
205.3	146.7
205.4	147.1
205.5	147.1
205.8	147.1
206	145.6
206.1	141.9
206.6	144.1
206.5	145.2
206.4	147.1
206.4	147.1
206.4	148.9
206.4	149.3
206.5	148.5
206.6	146.7
206.8	146.7
206.9	149.3
207	150.7
207	151.1
207.2	151.1
207.2	148.9
207.2	146.7
207.3	144.9
207.4	144.5
207.6	145.6
207.7	148.2
207.8	150.4
208	152.6
208	152.2
208.2	149.3
208.2	148.2
208.4	147.1
208.5	146.3
208.6	147.4
208.7	148.2
208.8	148.2
208.9	146.3
208.9	146
208.9	144.5
208.9	142.3
209	140.1
209.1	137.1
209.1	135.7
208.9	133.8
208.9	132
208.9	132
209.2	133.8
209.3	136
209.5	139.4
209.6	142.3
209.6	144.5
209.7	142.7
209.7	141.2
209.7	139.7
209.7	138.6
209.9	137.5
210.1	136
210.1	136.4
210.1	137.9
210.2	140.1
210.2	142.3
210.3	142.7
210.3	139
210.4	137.1
210.7	136.4
210.9	137.1
210.8	137.9
210.8	140.1
210.9	141.6
210.9	144.1
211	145.6
211.2	147.4
211.3	147.4
211.3	144.5
211.3	142.7
211.3	140.5
211.3	139
211.3	140.1
211.3	141.9
211.6	141.6
211.6	141.2
211.6	138.6
211.6	138.2
211.5	135.3
211.5	134.2
211.5	132.4
211.5	131.3
211.5	130.9
211.4	127.2
211.4	126.1
211.5	123.2
211.8	121.4
212	117.3
212.1	117
212.1	118.8
212.4	124.3
212.4	124.7
212.4	127.6
212.5	131.3
212.5	131.3
212.5	133.5
212.7	139.7
212.7	140.8
212.9	141.9
212.8	134.2
212.6	131.6
212.6	129.8
212.8	128
212.8	127.6
212.8	124.7
212.8	121.4
212.9	121.4
213.1	122.5
213.1	124.7
213.2	127.6
213.2	128
213.3	130.5
213.4	131.6
213.5	132
213.6	127.2
213.6	126.9
213.6	124.7
213.6	123.6
213.6	121
213.7	117.3
213.7	115.5
213.7	111.5
213.7	111.1
213.9	104.5
213.9	104.5
213.9	103.4
213.9	103
213.9	100.8
213.9	100.4
213.9	99.3
214.1	99.3
214.1	101.9
214.1	102.3
214.4	102.3
214.4	101.5
214.4	100.8
214.5	102.3
214.5	104.1
214.5	106.3
214.6	108.9
214.9	111.5
214.9	112.6
214.9	115.5
214.8	116.6
214.7	118.8
214.6	121.4
214.5	123.6
214.5	123.9
214.5	125.8
214.6	126.9
214.7	128
214.9	129.4
215	130.2
215.2	130.9
215.3	130.5
215.3	126.5
215.2	119.5
215.3	117
215.3	115.9
215.3	112.9
215.3	107.8
215.4	106.3
215.4	104.5
215.5	103.7
215.6	103.4
215.7	101.5
215.7	98.6
215.7	97.1
215.7	96.8
215.7	96.4
215.8	98.6
216	100.1
216.1	100.1
216.1	97.1
216.2	94.6
216.2	94.2
216.2	90.5
216.2	89.8
216.5	90.5
216.8	93.5
216.8	94.2
217	99
217.2	100.4
217.3	100.8
217.3	98.6
217.3	98.6
217.4	101.5
217.5	102.3
217.5	103
217.6	105.2
217.6	105.2
217.6	103.7
217.8	107
217.8	107.4
217.8	110.7
217.8	112.9
217.9	115.9
218	118.1
218	119.9
218.2	121.7
218.4	123.2
218.4	123.2
218.3	119.5
218.3	115.9
218.3	115.5
218.3	113.7
218.5	110.7
218.5	108.2
218.5	106.3
218.5	105.9
218.5	104.1
218.6	101.9
218.7	100.4
218.7	98.6
218.8	96.8
219.1	99.7
219.2	101.5
219.3	104.1
219.3	104.1
219.4	107.8
219.5	108.9
219.5	110.4
219.6	112.6
219.6	116.2
219.6	117.7
219.6	120.6
219.6	123.2
219.6	126.9
219.7	128.7
219.7	129.1
220	133.1
220	134.6
220	134.9
220	138.2
220	140.1
220.1	140.8
220.1	141.9
220.4	142.7
220.5	139.7
220.5	137.1
220.5	134.2
220.4	129.8
220.4	128.7
220.5	123.6
221	118.4
221	115.5
221	113.7
221	112.2
221.2	110
221.2	108.5
221.4	106.3
221.4	105.9
221.8	108.9
222.1	111.5
222.2	111.8
222.3	113.7
222.4	115.9
222.7	118.1
222.8	119.9
223.1	122.8
223.1	124.3
223	128.7
223	130.2
223	134.9
223	136
223	137.1
223	140.5
223	141.9
223.1	142.3
223.1	143.4
223.2	145.2
223.2	145.2
223.3	143.8
223.3	143.4
223.5	140.8
223.5	140.1
223.5	138.2
223.6	136
223.7	134.2
223.8	130.9
223.9	132.7
223.9	133.5
223.9	135.7
224	138.6
224.1	140.8
224.3	142.3
224.4	141.9
224.4	140.8
224.5	142.3
224.7	144.1
224.8	144.9
224.8	145.2
224.8	145.2
225.2	142.7
225.2	141.6
225.3	140.5
225.5	139.7
225.6	137.9
225.8	137.1
226.1	136.8
226.2	135.7
226.2	135.3
226.7	134.9
226.7	136
226.7	139
226.7	139.4
226.9	140.8
226.9	140.5
226.9	140.1
226.9	137.9
227.2	135.7
227.3	134.9
227.4	133.8
227.4	130.9
227.4	128.7
227.3	126.1
227.4	122.5
227.6	120.3
227.6	118.1
227.7	117.7
228	118.4
228	118.8
228	119.2
228.1	117.3
228.1	115.5
228.3	112.9
228.4	110.7
228.4	107.8
228.4	107.4
228.4	104.5
228.6	104.5
228.8	104.8
228.8	108.5
228.8	110.4
228.8	114.8
228.9	118.4
229.1	121.7
229.1	125.4
229.1	129.8
229.1	130.2
229	133.5
229	133.8
229	136
229	139
229	140.1
229	140.5
229	142.3
229	143
229.2	144.9
229.2	146
229.2	148.9
229.2	150
229.2	151.8
229.3	153.7
229.3	154
229.6	155.5
229.6	155.9
229.6	155.9
229.7	153.7
229.7	150
229.8	147.4
229.9	147.1
230.1	144.9
230.2	142.3
230.2	142.3
230.4	139
230.6	139
230.7	139
230.8	140.5
230.9	140.1
231	140.1
231.1	137.5
231.1	136.4
231.1	136
231.1	134.9
231.1	133.8
231.1	132.4
231.1	132
231.1	132
231.2	129.8
231.2	129.4
231.2	127.6
231.2	125.4
231.2	125
231.2	125
231.3	125
231.5	126.1
231.5	128.7
231.6	128.7
231.8	126.9
231.8	126.1
231.8	125
231.9	126.5
231.9	127.2
231.9	129.1
232	132.7
232.1	135.3
232.3	134.6
232.4	134.6
232.3	130.5
232.3	128
232.4	125
232.5	125
232.8	125.4
232.8	128.7
232.8	129.4
232.8	130.9
232.9	131.3
232.9	131.3
233	131.6
233	133.1
233.1	133.5
233.1	133.5
233.2	134.2
233.2	134.2
233.2	134.2
233.2	134.2
233.3	134.2
233.3	130.2
233.3	129.4
233.4	128.3
233.4	128.3
233.4	127.6
233.5	127.2
233.5	125.8
233.6	124.7
233.9	122.1
233.9	122.1
234	120.3
234.1	121.7
234.1	123.6
234.3	122.5
234.3	120.6
234.4	118.8
234.7	122.1
234.7	125
234.6	127.2
234.6	129.1
234.7	129.8
234.8	130.2
235.1	128.3
235.2	126.9
235.4	125.8
235.5	126.1
235.6	127.6
235.7	128
235.7	130.5
235.7	132
235.7	132
235.8	132.4
235.8	132.4
235.9	129.8
236	130.9
236	131.6
236.1	130.5
236.2	129.8
236.5	129.1
236.5	132.4
236.5	133.1
236.5	135.3
236.6	137.1
236.6	139
236.7	140.1
236.8	137.9
236.8	137.5
236.8	136.8
236.9	138.6
236.9	140.5
237	143
237.1	143.4
237.1	142.7
237.2	141.9
237.3	141.9
237.4	141.9
237.6	140.1
237.6	140.1
237.7	141.2
237.7	140.8
237.7	139.7
237.7	138.2
237.9	137.1
238	137.1
238.1	139
238.1	140.8
238.1	142.3
238.1	142.7
238.2	143.8
238.3	144.1
238.5	142.7
238.5	141.9
238.5	141.2
238.7	138.6
238.9	138.2
239	138.2
239.1	140.1
239.1	140.5
239.1	143
239.1	143.8
239.1	144.5
239.2	144.9
239.3	146
239.3	146.7
239.4	147.1
239.5	147.4
239.5	147.8
239.6	147.8
239.8	144.9
239.8	144.5
239.8	142.7
239.8	140.8
239.8	139
239.9	137.5
240.1	135.7
240.1	135.3
240.2	134.2
240.2	132.7
240.2	132
240.3	131.3
240.5	131.3
240.5	133.5
240.5	133.8
240.8	134.2
240.9	132.7
240.9	132.4
240.9	131.6
241	131.3
241	131.3
241.2	128.7
241.3	127.2
241.3	125.4
241.3	123.9
241.3	123.2
241.6	123.9
241.4	127.6
241.4	130.9
241.4	131.3
241.5	132.7
241.5	133.5
241.5	133.8
241.7	135.3
241.8	137.5
241.9	137.1
242.1	134.2
242.3	131.6
242.4	131.3
242.6	133.1
242.6	135.3
242.6	135.7
242.6	137.1
242.7	137.9
242.9	138.6
243	139.7
243.2	137.5
243.3	138.6
243.4	140.1
243.4	140.5
243.7	139
243.7	136.8
243.7	136.4
243.7	133.8
243.8	132.7
244.1	133.8
244.2	133.8
244.3	131.6
244.4	129.8
244.4	128.3
244.4	126.5
244.6	127.2
244.8	129.8
244.8	130.2
244.9	131.6
245.1	132.7
245.1	133.1
245.2	133.1
245.2	132
245.3	131.6
245.3	128.3
245.6	128
245.6	128
245.8	129.8
245.8	130.5
246	130.5
246.1	129.8
246.1	128.3
246.2	128.3
246.3	131.3
246.3	134.9
246.5	136.4
246.6	136.8
246.8	136.4
246.9	135.7
246.9	134.2
246.9	132
247	129.4
247	127.6
247	127.2
247	125
247	125
247.2	126.9
247.5	129.4
247.6	130.9
247.7	128
247.7	129.4
247.8	129.8
247.9	131.6
248.2	129.8
248.2	127.2
248.2	127.2
248.5	126.9
248.5	126.1
248.7	128.7
248.8	130.9
249	132.7
249	134.2
249.1	135.3
249.2	136.4
249.2	134.6
249.3	133.5
249.4	131.3
249.4	129.4
249.6	126.5
248.2	128
248.2	128.3
248.6	129.4
249.7	128.3
249.8	129.4
249.8	129.8
250	132.4
250.1	134.6
250.2	135.3
250.2	137.5
250.5	140.1
250.6	141.6
250.6	142.3
250.6	141.2
250.6	137.1
250.6	133.8
250.7	131.6
250.9	141.9
250.9	138.2
250.9	138.2
251	137.1
251	134.2
251.1	131.6
251.2	130.2
251.3	130.9
251.4	132
251.5	134.2
251.6	135.7
251.7	136
251.8	136.4
251.8	136.8
251.9	136.8
252	136
252.1	133.8
252.1	132
252.2	131.3
252.3	130.9
252.4	132.4
252.5	133.5
252.6	134.6
252.6	135.3
252.6	135.3
252.6	133.8
252.6	134.6
252.7	136
252.8	137.1
252.8	137.1
253	137.1
253	134.9
253	133.5
253.1	132
253.2	131.6
253.2	130.2
253.4	127.2
253.4	127.2
253.4	126.5
253.6	124.3
253.8	123.9
253.8	126.5
253.8	126.9
253.9	126.1
254.3	125.8
254.3	124.3
254.3	123.9
254.4	122.5
254.6	120.3
254.7	118.4
254.7	117.3
254.7	114.4
254.7	113.3
254.7	112.9
254.7	112.9
255.1	114.8
255.1	115.1
255.1	117.3
255.3	119.9
255.5	121.7
255.5	123.2
255.5	123.2
255.6	126.9
255.6	127.6
255.6	129.1
255.6	130.9
255.9	131.3
255.8	127.2
255.8	125.4
255.8	125.4
255.8	125.4
256	126.1
256.1	128
256.1	128.3
256.2	129.8
256.2	130.2
256.4	130.9
256.4	131.3
256.5	129.1
256.5	126.9
256.6	123.9
256.7	123.6
256.6	121
256.6	119.5
256.6	121.4
256.7	123.6
256.9	125
256.9	124.3
257	122.1
257.1	120.3
257.1	117
257.1	117
257.2	114.4
257.7	114.4
257.7	115.5
257.8	115.9
257.8	116.6
257.9	116.6
258.2	116.6
258.3	115.9
258.4	112.2
258.4	108.5
258.4	106.7
258.7	103.7
258.7	104.5
258.7	109.3
258.8	111.5
258.8	114
258.9	117.3
258.9	118.4
259.2	122.1
259.3	128.3
259.3	128.7
259.5	146.3
259.5	146.7
259.3	142.7
259.3	145.6
259.3	150.7
259.5	150.7
259.5	150.7
259.5	157
259.9	154.7
260.1	151.1
260.2	146.7
260	144.6
260	143.1
260	142.8
260.1	140.3
260.1	136.6
260.3	134.1
260.4	133.4
260.7	138.4
260.9	139.5
260.9	139.2
260.9	138.4
260.9	137.4
260.9	134.5
260.9	130.9
260.9	130.9
260.9	130.9
260.9	128
261.2	128.3
261.3	132.3
261.4	136.3
261.6	138.1
261.7	139.5
261.7	140.6
261.8	141
261.9	140.6
261.9	137
262.2	137
262.3	138.4
262.4	139.9
262.4	139.9
262.5	140.6
262.7	141.3
262.8	141.3
262.9	139.9
262.9	136.6
262.9	135.9
262.9	136.3
263.1	137.7
263.3	138.1
263.5	137.7
263.6	135.2
263.6	133.4
263.6	131.6
263.6	129.1
263.7	126.9
264.1	124.4
264.1	128.3
264.1	128.7
264.1	132
264.2	133.4
264.2	134.1
264.3	134.8
264.3	136.3
264.3	137.7
264.4	139.9
264.5	141.7
264.5	142.4
264.5	142.8
264.5	143.1
264.8	141.3
265	140.3
265	140.3
265.1	141
265.2	142.8
265.3	144.6
265.4	146
265.4	147.1
265.4	147.5
265.5	148.6
265.7	150
265.7	150.4
265.9	143.7
265.8	142.2
265.8	140.8
265.9	136.7
266.1	134.5
266.1	134.5
266.2	136.7
266.3	140
266.5	141.9
266.6	143.7
266.7	144.8
266.7	145.2
266.8	145.6
267	145.2
267.6	143
267.6	142.6
267.6	142.6
267.6	143.4
267.7	144.8
267.9	145.9
268	146.3
268	145.9
268.2	142.6
268.2	142.2
268.2	140.8
268.3	138.9
268.4	136.3
268.6	137.8
268.6	139.3
268.8	139.7
268.8	137.1
269	139.7
269.1	141.1
269.2	139.7
269.3	139.7
269.4	137.8
269.4	136.3
269.2	133.8
269.2	133
269.2	131.2
269.6	133
270	131.2
270	133.8
270	135.6
270.1	137.1
270.3	137.8
270.4	139.3
270.5	140.4
270.8	141.5
270.8	142.6
270.9	142.6
270.8	136.3
271	137.8
271	139.7
271	141.1
271	141.9
271.1	143
271.1	143.4
271.2	143.7
271.2	144.5
271.4	142.2
271.5	141.5
271.7	139.7
271.7	139.7
271.7	139.3
271.9	139.7
271.9	140
272	141.1
272	139.7
272.1	138.6
272.2	136.7
272.3	135.2
272.4	133.4
272.4	132.7
272.4	132.7
272.5	131.2
272.7	131.9
272.8	136.3
272.9	137.5
272.9	136
273	136
273.2	135.2
273.4	134.9
273.4	133.8
273.5	131.2
273.7	130.1
274	128.6
274.2	127.5
274	132.7
273.9	136
273.9	136
273.9	137.8
274	140.4
274	140.8
274.6	141.5
274.7	140.4
274.8	140.4
274.8	138.9
275	136
275.1	135.2
275.1	132.7
275.1	132.7
275.2	132.3
275.3	135.2
275.4	137.1
275.4	138.6
275.5	140
275.6	141.9
275.8	143.7
275.8	146.3
275.9	146.7
276	150
276.3	147
276.2	146.7
276.2	146.7
276.2	145.6
276.2	144.5
276.2	143.7
276.4	143.7
276.5	143
276.6	141.9
276.8	140.8
276.8	138.9
276.9	138.9
277	139.7
277	140.4
277.1	142.2
277.1	143.7
277.2	143.7
277.4	142.2
277.5	140.4
277.5	143
277.6	145.2
277.7	145.6
277.7	145.9
277.8	143.7
278	141.9
278	140.8
278	138.9
278	137.1
277.9	134.1
278	132.7
278.1	133
278.3	134.5
278.4	137.8
278.4	140
278.5	141.1
278.5	141.9
278.6	143
278.6	143.7
278.8	144.1
278.9	144.8
278.9	144.8
279.3	142.6
279.3	145.6
279.5	147.4
279.5	148.1
279.5	149.3
279.6	150
279.7	149.6
279.7	146.3
279.7	143.7
279.9	141.5
280	140
280	137.8
280	136.7
280.1	137.5
280.2	141.1
280.2	141.5
280.3	142.2
280.4	141.1
280.4	139.7
280.4	140
280.5	141.9
280.6	144.1
280.6	147
280.6	148.5
280.7	149.3
280.8	149.3
280.8	149.3
280.9	145.2
281	144.5
281	143
281.1	141.1
281.1	139.3
281.3	136.7
281.3	136.3
281.4	140.4
281.5	142.2
281.6	141.5
281.6	138.9
281.7	140
281.7	141.9
281.7	143
282	142.6
282.2	142.6
282.2	146.7
282.2	148.9
282.2	148.9
282.3	151.8
282.3	152.9
282.4	154.4
282.6	155.2
282.8	154.8
282.8	152.6
282.8	149.6
282.8	149.3
282.8	146.3
282.6	144.8
282.5	143.4
282.7	141.5
282.7	141.1
282.8	138.9
282.8	138.2
282.8	136.7
282.9	138.6
283.2	140
283.2	138.6
283.2	137.1
283.2	135.6
283.4	133.8
283.4	133.4
283.4	131.9
283.5	130.1
283.5	126
283.6	124.5
283.9	122.3
284	120.5
284.3	120.1
284.3	123.1
284.3	126.4
284.3	129.7
284.3	131.6
284.3	132.7
284.6	134.5
284.6	134.5
284.7	136
284.7	136.3
284.7	136.7
284.7	137.8
284.7	138.6
284.7	138.9
284.7	139.3
284.7	140.8
284.7	141.1
284.8	140.8
284.9	140.4
284.9	137.8
285	137.1
285.1	138.2
285.1	138.6
285.2	139.7
285.2	139.7
285.2	140.4
285.2	140.8
285.3	140.8
285.6	140.4
285.6	140
285.6	140
285.6	136.3
285.6	137.5
285.6	139.3
285.9	142.2
286	144.5
285.9	145.9
285.9	146.3
285.9	148.5
285.9	148.9
285.9	149.6
285.9	149.6
286	151.8
286	152.6
286	152.9
286.3	153.7
286.7	150.7
286.7	148.1
286.7	150.7
286.7	152.2
286.7	152.6
286.7	152.9
287	151.8
287.1	148.9
287.1	145.9
287.2	144.5
287.2	143
287.2	142.6
287.5	140.8
287.5	140.4
287.5	139.7
287.5	136.3
287.6	136
287.8	134.9
287.9	133
287.9	131.6
287.8	129.7
287.9	126.4
287.9	124.5
288	121.6
288	121.2
288	120.1
288.2	117.2
288.3	121.2
288.3	123.4
288.3	124.2
288.3	125.3
288.3	129
288.3	131.2
288.4	133.8
288.6	136
288.6	136.3
288.7	137.8
288.7	139.3
288.7	141.5
288.8	141.1
288.8	140
288.8	136.7
288.8	134.5
289	135.2
289.2	137.8
289.2	138.2
289.2	135.6
289.3	135.2
289.5	133.4
289.6	135.2
289.6	135.2
289.9	138.9
289.9	140.8
289.9	142.6
289.9	145.9
290	146.3
290	147.4
290.1	149.3
290.1	151.5
290.2	153.3
290.3	154.4
290.3	154.8
290.3	155.2
290.3	155.5
290.3	155.5
290.5	155.9
290.6	155.2
290.7	152.2
290.7	151.8
290.7	150
290.7	148.1
290.7	145.6
290.7	143.7
290.7	142.6
290.7	141.5
290.8	141.1
290.9	140.8
291	140.8
291.1	139.7
291.3	138.9
291.4	138.6
291.5	136.3
291.5	136
291.5	134.5
291.6	140
291.6	141.1
291.8	143
291.9	145.9
291.9	147
292	147.8
292.1	145.9
292.2	146.7
292.3	148.1
292.3	149.6
292.3	150
292.3	150
292.4	151.8
292.5	149.3
292.5	148.9
292.5	147.4
292.6	148.1
292.6	149.6
292.8	150.7
293	148.9
293	147.4
293	144.5
293	144.5
293	142.2
293	141.9
293	140
293.3	138.2
293.3	137.8
293.4	135.2
293.5	136.7
293.5	137.5
293.6	139.7
293.6	140.8
293.7	141.9
293.8	142.2
293.8	142.2
293.9	143.7
293.9	144.1
294.1	144.1
294.2	144.1
294.3	142.2
294.4	138.6
294.3	136.3
294.3	133
294.5	130.1
294.6	129
294.9	129
294.9	133.8
294.9	134.9
295	137.5
295	140.4
295	142.2
295	143
295.2	144.5
295.2	145.6
295.2	145.9
295.2	145.9
295.5	145.6
295.5	144.1
295.4	140
295.6	143.7
295.6	144.8
295.6	145.9
295.7	148.1
295.8	150.7
295.8	151.1
295.9	152.6
296	154.8
296	156.3
296	156.3
296.1	156.6
296.4	157
296.4	156.3
296.6	151.8
296.6	151.1
296.6	148.9
296.6	145.9
296.6	144.5
296.6	143
297	139.3
297	137.8
297.2	135.2
297.3	134.9
297.4	132.3
297.4	132.3
297.4	130.4
297.6	129
297.7	129.3
297.9	130.4
297.8	135.2
297.8	135.6
297.8	136.3
297.9	137.8
298.2	140.4
298.2	139.3
298.7	143.4
298.5	151.1
298.6	153.7
298.7	156.6
298.9	153.3
298.8	151.5
298.6	148.1
298.6	146.3
298.9	142.6
299	142.2
299	140.4
299.3	138.6
299.3	137.5
299.2	134.5
299.2	131.2
299.3	130.1
299.4	129.7
299.5	131.2
299.7	133.4
299.8	134.9
300	134.1
300.2	133.4
300.2	130.8
300.2	130.1
300.4	131.2
300.6	132.3
300.6	132.7
300.7	133.4
300.7	133.8
301	127.9
301.4	129
301.3	129
301.3	129.7
301.1	130.8
301.1	132.3
301.3	132.7
301.4	130.8
301.5	124.5
301.4	125.3
301.4	131.2
301.4	134.1
301.4	137.1
301.6	139.7
301.8	141.1
301.8	143.7
301.8	143.7
302	144.5
302.1	144.5
302.2	141.1
302.2	139.7
302.2	138.9
302.5	135.2
302.5	133
302.5	133
302.5	131.6
302.5	129.7
302.5	129
302.6	127.9
302.6	130.1
302.6	132.3
302.9	133.4
302.9	133.8
303	134.5
303	134.9
303	135.6
303.1	136
303.4	132.7
303.5	130.4
303.7	128.6
303.7	127.9
303.7	129.3
303.8	130.4
303.8	130.8
303.8	131.2
303.8	130.1
303.9	128.6
303.9	126.8
303.9	126
303.9	125.6
304.1	127.1
304.2	127.5
304.2	126.4
304.4	124.2
304.5	123.1
304.5	125.3
304.5	127.9
304.5	129.3
304.5	129.7
304.7	130.4
304.8	131.2
304.8	133
304.9	134.1
305.1	136.3
305.1	136.7
305.4	135.2
305.4	132.3
305.6	131.9
305.7	131.2
305.8	131.2
305.8	132.7
305.8	133.8
305.9	136
306.1	137.5
306.1	138.6
306.1	141.1
306.2	141.9
306.2	143.4
306.3	146.7
306.3	149.3
306.3	150.4
306.5	151.1
306.6	149.6
306.6	147.4
306.6	143.7
306.6	141.9
306.7	140
306.8	138.2
306.8	137.8
306.9	136.3
307	136
307	135.2
307	134.1
307.2	133
307.3	132.7
307.4	131.9
307.5	130.4
307.5	129.3
307.6	127.9
307.8	126
307.8	127.9
307.8	129
308.1	128.6
308.2	127.5
308.3	129.7
308.3	130.8
308.4	131.6
308.6	130.8
308.8	130.1
308.9	130.4
309.1	131.6
309.2	133
309.3	133.4
309.3	134.5
309.4	134.9
309.6	133.4
309.7	131.2
309.7	129.7
309.7	129
309.7	125.6
309.8	123.8
309.9	122.3
310	122.3
310.1	123.4
310.1	124.5
310.3	122.3
310.4	119.7
310.5	120.5
310.5	123.4
310.5	125.3
310.5	127.9
310.5	127.9
310.6	129.3
310.9	131.2
310.9	131.2
311.2	127.9
311.2	127.5
311.2	125.3
311.3	123.8
311.3	122.7
311.3	121.6
311.3	118.3
311.2	117.2
311.2	117.2
311.3	114.6
311.5	111.6
311.7	109.8
311.9	107.6
312	105.4
311.7	112
312.1	113.1
312.1	115.3
312.1	116.4
312.1	116.4
312.4	118.3
312.5	118.6
312.5	119.4
312.5	121.2
312.5	122
312.5	122.3
312.6	122.7
312.6	123.1
312.7	123.1
312.9	120.5
313	117.2
313.1	117.2
313.2	119.4
313.3	119.7
313.3	122.3
313.3	124.2
313.4	124.9
313.5	124.9
313.6	124.9
313.7	121.2
313.9	119.7
313.9	118.3
313.9	117.2
314	117.9
314	117.9
314	119.4
314.1	122
314.3	122.3
314.3	122
314.3	120.5
314.5	121.2
314.5	121.2
314.7	119
314.7	117.5
314.8	117.2
314.9	115.7
315	115.7
315	117.2
315	118.3
315	120.1
315	122.7
315.1	124.9
315.2	126.8
315.3	127.5
315.5	127.9
315.6	126.4
315.7	124.5
315.7	121.2
315.9	118.6
315.7	116.8
315.7	115.7
315.7	114.2
315.9	112
316	109.8
316	107.6
316.1	108.7
316.1	112.7
316.1	114.6
316.5	117.2
316.5	117.5
316.5	119.4
316.6	121.2
316.9	124.5
316.9	124.9
316.9	125.6
316.9	126.4
317	127.1
317.2	127.1
317.3	127.1
317.3	127.1
317.5	122.7
317.5	121.6
317.5	120.5
317.5	123.1
317.6	124.2
317.6	124.9
317.8	126
318	126.4
318	126.4
318	124.5
318.3	127.1
318.3	127.1
318.3	128.2
318.5	129
318.5	129.3
318.8	124.5
318.8	122
318.8	119.4
319	116.4
319	120.5
319	122.7
319.1	124.9
319.1	128.6
319.3	130.1
319.4	131.2
319.6	129.7
319.7	128.6
319.7	126.4
319.8	122.7
319.9	119
319.9	118.6
319.9	116.1
320	119
320.1	120.9
320.1	122.7
320.4	125.6
320.5	127.1
320.8	125.6
320.9	120.9
321	120.1
321.1	124.9
321.1	125.3
321.2	127.9
321.2	128.6
321.4	124.2
321.4	125.6
321.6	127.9
321.6	127.9
321.9	125.3
322	129.7
322.2	132.3
322.2	135.2
322.6	134.1
322.7	130.8
322.7	129.7
322.8	126.8
322.9	123.4
323	122.7
323.2	120.1
323.2	118.3
323.2	115
323.3	110.5
323.3	109.8
323.4	113.8
323.6	116.8
323.6	119.7
323.6	120.5
323.6	122.7
323.6	123.1
323.7	123.1
323.8	123.1
323.6	118.6
323.7	116.4
323.7	114.2
323.8	112.7
324	111.3
324	110.2
324	109.4
324	107.2
324	104.6
324.4	102.4
324.6	109.1
324.6	109.1
325	113.8
325	120.1
325.1	120.9
325.2	116.1
325.2	114.6
325.2	120.1
325.3	119
325.4	118.6
325.3	122
325.6	123.8
325.8	125.3
325.9	126
326	126.8
326.4	127.9
326.5	128.2
326.5	129.7
326.5	129.7
326.5	131.9
326.4	134.9
326.4	136
326.2	139.3
326.2	139.3
326.2	143.4
326.2	145.2
326.2	146.3
326.3	149.6
326.4	151.8
326.5	153.7
326.6	155.2
326.7	155.2
326.9	155.5
327.1	152.2
327.1	148.1
327.2	144.8
327.3	144.5
327.3	140
327.4	134.1
327.4	131.2
327.3	127.1
327.2	124.2
327.2	122.3
327.2	118.3
327.2	117.9
327.2	113.5
327.3	109.8
327.2	106.5
327.3	101.3
327.6	95.8
327.7	93.2
327.8	87.3
327.9	86.2
328	83.6
328	76.6
328	68.5
328	67
328	66.3
328	63.3
328.1	58.1
328.1	55.2
328.3	53
328.5	54.5
328.7	57.8
328.7	58.1
328.8	61.8
328.8	62.2
328.8	67.4
328.8	67.4
328.8	70.3
328.8	74.7
328.8	82.1
328.8	85.1
328.8	90.2
328.8	92.5
328.8	92.8
328.9	95.4
329	98
329.2	100.9
329.2	101.7
329.2	104.3
329.3	106.8
329.4	107.2
329.4	107.9
329.5	107.9
329.6	108.3
329.7	108.7
329.8	110.5
329.8	111.3
329.8	115.7
329.8	118.3
329.9	121.6
330	122.7
330.1	124.9
330.4	122.7
330.8	121.6
330.8	122
330.8	124.2
330.8	126
331.9	137.8
330.4	126.4
330.8	129
331.2	132.7
331.2	133.4
331.3	133.8
331.6	130.4
331.7	133.8
331.7	134.5
331.7	134.5
331.8	137.8
331.9	138.9
332	139.7
332.1	136.3
332.3	133
332.4	129.3
332.4	126.4
332.5	128.2
332.7	132.7
332.8	134.1
332.9	134.9
333.1	130.8
333.2	126.8
333.2	124.5
333.2	124.2
333.3	123.1
333.5	122.7
333.8	123.4
333.8	127.5
333.8	129.3
333.9	129.7
334	130.8
334.2	130.1
334.2	126.4
334.6	129
334.7	131.6
334.7	131.6
334.9	133.4
335.1	134.9
335.2	136
335.4	136.3
335.5	131.2
335.7	132.7
335.9	132.3
335.9	131.9
335.9	129.7
336.1	132.7
336.1	133
336.1	134.9
336.2	136.7
336.3	137.5
336.3	137.5
336.5	137.8
336.7	137.5
336.7	140.8
336.7	142.2
336.7	142.6
336.7	143
336.8	144.5
336.9	142.2
336.9	138.6
337.3	136.3
337.5	136.3
337.5	138.6
337.5	140
337.5	141.5
337.6	142.2
337.7	142.2
337.9	141.5
337.9	136.7
337.9	136.7
337.9	137.1
337.9	138.6
338.1	137.5
338.1	137.5
338.1	136.3
338.1	133.8
338.1	132.3
338.1	129
338.3	126.8
338.4	125.6
338.5	125.6
338.5	125.6
338.8	129.3
338.8	129.7
338.9	131.9
339	133.4
339.3	131.6
339.4	130.8
339.4	132.7
339.4	133.4
339.4	133.8
339.8	135.2
339.8	136.3
340.2	135.2
340.3	136.7
340.4	138.6
340.4	139.3
340.4	140
340.4	140.4
340.6	136.3
340.7	136.3
340.8	135.2
340.9	136
340.9	138.6
341	141.5
341.1	141.9
341.1	143.7
341.1	144.1
341.1	147.8
341.1	148.1
341.1	148.5
341.2	151.5
341.4	154.1
341.5	154.8
341.6	155.2
341.7	154.8
341.7	150.4
341.8	147
341.9	144.1
341.9	142.6
341.9	141.1
341.9	140.8
341.9	137.8
341.9	137.5
341.9	134.5
341.9	132.7
341.9	131.2
341.9	128.2
341.9	127.5
341.9	126.4
341.9	124.9
341.9	124.9
342.1	127.9
342.1	128.2
342.2	128.6
342.3	127.1
342.3	126
342.3	126
342.5	128.2
342.6	128.6
342.6	127.5
342.6	126
342.6	123.1
342.9	123.4
343.3	124.5
343.3	127.5
343.3	127.5
343.3	127.5
343.4	128.2
343.5	129
343.6	130.8
343.7	133
343.8	134.5
344.2	133.8
344.2	131.6
344.3	130.1
344.4	128.2
344.5	127.9
344.5	127.9
344.6	128.2
345	127.5
345	131.6
345	136
345	140.4
345.1	142.2
345.1	142.6
345.2	143.7
345.2	145.9
345.2	146.3
345.4	148.1
345.5	146.3
345.6	142.6
345.6	141.5
345.6	140
345.6	137.5
345.7	134.5
345.9	136
346	140.4
346	142.2
346	142.6
346.1	144.5
346.2	144.8
346.3	143.4
346.3	143
346.4	140
346.5	136.3
346.5	134.1
346.5	132.7
346.7	130.1
346.8	129.3
347	129
347	133
347	134.1
347	135.2
347.2	136.3
347.4	134.9
347.5	131.6
347.6	131.2
347.6	130.4
347.7	137.8
347.7	140
347.7	140
347.8	143
347.8	145.6
348.1	147
348.2	147
348.4	145.9
348.4	141.5
348.4	139.3
348.4	137.1
348.6	136
348.6	138.2
348.6	140.8
348.9	141.5
349.1	140.8
349.1	140.4
349.1	137.8
349.1	134.9
349.3	132.7
349.4	131.2
349.4	130.4
349.4	130.4
349.5	131.6
349.7	133
349.8	130.8
349.8	133
349.8	133.4
350	135.2
350.1	135.6
350.2	136
350.3	134.5
350.6	132.3
350.6	129.7
350.6	129
350.7	126.8
350.7	125.6
350.9	128.2
351	130.1
351.2	134.1
350.4	133.8
350.7	131.6
350.9	130.8
350.9	128.6
350.9	127.9
350.9	126.4
351.2	126
351.1	130.8
351.7	129.7
351.5	130.8
351.5	135.2
351.5	137.1
351.6	138.9
351.6	139.3
351.8	139.7
351.9	137.1
351.9	134.5
351.9	134.1
352.3	133.4
352.4	138.2
352.4	138.9
352.6	139.3
352.7	136.7
352.8	133.4
353	131.2
353	127.5
353.2	126
353.3	127.1
353.3	131.2
353.3	133
353.4	130.1
353.4	133.8
353.4	137.1
353.5	141.1
353.6	141.5
353.8	144.5
353.9	148.1
354	151.8
354.1	152.2
354.1	152.2
354.1	151.5
354.2	149.3
354.2	146.7
354.2	143.7
354.3	143.7
354.4	141.9
354.6	139.3
354.6	138.9
354.6	137.5
354.7	135.2
355	131.2
355	128.2
355.2	126.4
355.3	128.2
355.4	130.4
355.4	132.7
355.4	134.1
355.4	135.6
355.4	136
355.6	136.3
355.7	132.7
355.7	132.7
355.7	130.8
355.8	130.8
355.9	131.9
356.1	133
356.2	133.8
356.2	134.1
356.2	134.5
356.4	131.9
356.4	128.6
356.4	128.2
356.6	125.6
357	126.4
356.9	128.6
356.9	128.6
356.9	129
357.2	126.8
357.2	126.4
357.3	125.6
357.4	127.5
357.4	135.6
357.6	140.4
357.6	141.1
357.6	141.5
357.7	141.5
358	140.8
358	139.7
358.1	138.2
358.1	135.6
358.2	134.1
358.2	134.5
358.4	136.7
358.5	137.8
358.5	137.1
358.6	136
358.7	139.3
358.9	142.6
358.9	144.5
359	146.3
359.4	150
359.4	152.9
359.4	155.2
359.4	157
359.7	157
359.9	148.1
359.9	147
359.9	145.9
359.9	144.5
359.9	143.4
359.9	143
359.9	141.5
359.9	141.1
359.9	138.9
359.8	137.1
359.8	136.3
359.9	136.3
360.3	140
360.4	141.1
360.5	142.2
360.6	141.9
360.7	138.9
360.7	135.6
360.7	135.2
360.7	134.1
360.7	131.2
360.8	130.8
361.1	131.2
361.3	130.8
361.3	129
361.5	124.9
361.5	124.2
361.6	123.4
361.7	126
361.7	127.5
361.7	127.9
361.8	131.6
361.8	133
361.8	133.4
361.7	137.5
361.7	138.6
361.7	140
361.8	140.8
362	141.9
362	141.9
362.1	141.9
362.1	140.4
362.3	141.1
362.4	142.6
362.4	144.8
362.5	145.6
362.6	146.3
362.8	145.2
362.8	144.1
362.9	141.5
363.1	139.3
363.2	136.3
363.2	134.5
363.3	131.6
363.2	128.6
362.9	126.4
362.9	126
363	124.2
363.3	123.1
363.3	123.8
363.5	126.8
363.6	129.7
363.6	132.7
363.6	134.9
363.6	138.2
363.6	138.6
363.6	140
363.8	141.5
364	143.7
364	144.5
364.1	146.7
364.2	148.1
364.2	148.9
364.3	144.8
364.4	144.8
364.5	142.6
364.6	141.1
364.6	141.1
364.8	138.9
364.9	137.1
365	138.6
365.1	140.4
365.1	141.1
365.4	138.2
365.4	137.5
365.5	137.5
365.7	140.8
365.7	141.9
365.8	140.4
366	144.5
366	146.3
366.1	148.1
366.3	146.7
366.4	144.1
366.4	142.2
366.7	141.5
366.8	141.5
366.9	140.8
366.9	139.3
366.9	136.7
366.9	133.8
366.9	133
366.9	131.6
367.3	134.9
367.3	137.5
367.3	139.3
367.6	140.8
367.6	138.9
367.6	138.6
367.6	136.3
367.8	134.5
367.8	133
367.8	131.2
367.8	127.1
367.9	127.1
368	127.1
368	131.6
368	134.5
368	136.3
368	138.6
368.1	137.8
368.3	136
368.4	139.7
368.4	143
368.4	144.1
368.5	145.9
368.5	145.9
368.7	147.4
368.8	148.1
369	148.5
369.2	145.9
369.2	145.6
369.4	142.2
369.4	140
369.3	137.1
369.5	136.7
369.6	137.1
369.6	139.3
369.6	139.7
369.7	138.9
369.7	136.3
369.8	134.5
369.8	134.5
370	135.2
370	137.1
370.3	136
370.4	134.9
370.5	133.4
370.6	131.6
370.8	129
370.9	126.4
370.9	129
370.9	132.3
370.9	132.7
370.8	137.5
370.8	139.3
370.9	140.4
371.2	141.1
371.2	141.9
371.4	142.6
371.4	142.6
371.5	141.5
371.7	142.2
371.8	145.2
371.9	144.5
371.9	144.1
372	141.1
372.1	142.2
372.2	143
372.2	143.4
372.4	139.3
372.6	138.9
372.6	136.7
372.8	141.5
372.7	144.5
372.7	145.9
372.7	146.3
372.7	147.8
372.8	148.5
373	148.9
373.2	148.9
373	144.5
373	143.7
373.2	141.1
373.2	140.4
373.3	139.7
373.6	140.8
373.6	142.6
373.6	141.9
373.6	141.1
373.6	139.3
373.6	137.8
373.9	135.6
373.9	131.9
374	131.9
374	127.9
374.1	127.1
374.1	125.6
374.2	125.3
374.6	127.1
374.6	130.8
374.4	134.1
374.4	135.6
374.4	136
374.4	138.2
374.5	139.3
374.5	139.3
374.7	138.9
374.8	140.8
374.8	143.7
374.8	145.9
374.7	148.5
374.7	148.9
374.8	144.1
375.2	142.6
375.2	141.5
375.4	142.2
375.5	143.4
375.6	139.7
375.6	137.1
376	134.5
376	134.5
376.1	136.3
376.2	137.5
375.3	140
375.3	140.8
375.4	141.5
375.5	143
375.5	143.4
375.9	140.8
375.9	137.5
375.9	137.5
376	135.2
376.1	135.6
376.7	135.2
376.7	132.7
376.7	131.9
376.8	130.8
376.8	123.8
376.9	122.7
376.8	120.5
376.9	123.4
377	124.5
377.1	126.8
377.1	129
377.2	132.7
377.2	135.6
377.1	138.2
377.1	139.3
377.2	139.3
377.2	139.3
377.4	136
377.5	132.7
377.6	131.6
378	132.7
378	133
378	134.9
378	135.6
378.1	137.1
378.2	138.6
378.2	140.4
378.3	141.1
378.4	142.6
378.4	143
378.6	140
378.7	137.5
378.8	138.9
378.8	139.3
378.9	141.9
378.9	142.6
379.2	144.8
379.2	144.8
379.4	144.1
379.6	139.3
379.7	137.1
379.7	136.7
379.7	134.5
379.6	131.6
379.6	130.8
379.6	130.4
379.6	132.3
379.9	134.5
380	134.9
380	136
380	134.5
380	132.3
380	129.7
380	129.3
380.1	128.2
380.6	130.4
380.7	132.7
380.8	135.2
380.9	137.5
381.2	143.7
381.3	146.7
381.4	147
381.7	147.4
382.2	145.2
382.2	142.6
382.2	142.6
382.2	140.8
382.2	140.8
382.3	138.6
382.4	137.1
382.4	134.5
382.6	131.9
382.8	131.6
382.9	129
383.1	128.2
383.2	127.1
383.3	130.1
383.4	133.8
383.4	134.5
383.4	137.5
383.4	137.8
383.5	138.9
383.5	141.1
383.5	144.1
383.5	144.5
383.7	139.3
383.7	139.3
383.7	137.1
383.7	134.1
383.9	132.7
384	131.9
384.1	134.5
384.1	137.8
384.2	139.7
384.3	140
384.4	140
384.6	138.6
385	139.7
385	141.1
385	146.3
385	147.4
385	148.9
385	152.6
383.5	154.8
383.5	151.8
385.1	138.6
385.3	138.6
385.7	138.2
385.9	137.8
387.1	144.8
385.9	141.1
385.9	141.1
385.7	141.5
385.7	142.6
385.7	143.7
385.9	144.5
385.9	145.6
385.8	147
385.7	147.4
385.6	148.9
385.6	149.6
385.5	150.7
385.5	151.8
385.5	152.2
385.9	140.4
385.9	141.9
385.9	142.2
386.2	143.4
386.3	144.5
386.3	146.3
386.3	147
386.3	148.5
386.3	149.6
386.3	150
386.3	150.4
386.3	151.1
386.3	151.8
386.3	152.6
386.3	152.9
386.4	152.9
386.4	151.8
386.4	150.4
386.4	148.9
386.4	147.8
386.4	146.3
386.4	145.2
386.4	144.1
386.4	143
386.5	142.2
386.6	141.5
386.7	140.4
386.7	139.7
386.7	138.6
386.7	136.7
386.8	136.3
386.9	135.2
387	134.1
387	132.3
387	131.9
387	130.4
387.1	129.7
387.1	128.6
387.1	127.5
387.1	126.8
387.1	126
387.2	127.1
387.2	127.5
387.2	129.3
387.4	130.8
387.7	135.2
387.5	138.2
387.5	138.9
387.7	134.9
387.9	134.1
388	134.1
388.1	136.7
388.1	138.6
388.3	140.4
388.3	142.6
388.3	142.6
388.5	141.1
388.6	141.1
388.7	141.1
388.8	140
389	137.5
389	137.1
389	134.5
389	134.1
388.9	132.3
388.8	128.6
388.8	128.2
388.8	126.4
389.1	123.8
389.1	121.6
389.2	120.1
389.6	118.6
389.6	122.7
389.6	125.3
389.7	129.3
389.7	129.3
389.8	131.2
390	135.2
390	137.5
390	137.8
390	138.9
390.1	140.4
390.3	140
390.4	139.7
390.6	140.8
390.6	142.2
390.6	144.1
390.7	143.7
390.9	140
391.2	140.4
391.5	140.4
391.4	138.2
391.4	137.8
391.5	134.1
391.6	131.6
391.6	130.1
391.6	129.7
391.6	128.2
391.6	125.6
391.9	123.4
391.9	123.1
392.2	128.6
392	132.3
392	136
392	137.8
392	138.2
392	138.2
392.1	138.9
392.2	139.3
392.3	139.3
392.3	138.9
392.6	136
392.6	133.8
393.2	133.8
393.3	134.9
393.3	135.2
393.3	135.6
393.3	133
393.7	129
393.8	126
393.8	125.3
393.8	123.4
393.8	120.1
393.8	116.8
394	116.8
394	119
394	121.2
394.2	126.8
394.2	130.1
394.2	133.8
394.4	138.9
394.4	139.3
394.6	141.5
394.6	144.8
394.7	147.4
394.7	151.1
394.9	152.9
394.9	154.1
394.9	155.2
394.9	155.5
395	156.3
395.4	157
395.4	155.5
395.4	154.8
395.4	152.2
395.5	148.5
395.5	145.6
395.5	144.5
395.5	141.9
395.7	140.4
395.8	138.9
395.8	135.2
395.9	134.1
396	133
396.1	135.2
396.1	136.3
396.1	137.5
396.1	138.2
396.2	140.8
396.2	142.2
396.2	142.6
396.5	143
396.8	142.2
396.8	138.2
396.9	137.1
397	134.9
397	131.9
397	128.2
397	127.5
397.1	127.1
397.4	123.4
397.4	121.6
397.4	121.6
397.5	119.4
397.5	117.2
397.8	112.7
397.8	109.4
397.8	107.2
397.9	110.5
397.8	112
397.8	112.4
397.8	112.4
397.7	117.9
397.7	121.6
397.8	124.9
397.8	125.3
397.9	128.6
398.1	129.3
398.2	129.7
398.2	130.8
398.2	131.2
398.1	132.3
398.1	134.1
398.1	134.5
398.2	135.2
398.3	136.7
398.3	137.5
398.4	139.7
398.6	140.8
398.6	141.5
398.6	141.9
398.7	140
398.8	136.7
398.9	134.9
398.9	133.8
399	131.9
399	130.1
399	128.6
399	126
399	124.2
398.8	121.2
399	124.2
399	127.1
399.2	128.6
399.4	124.9
399.6	126.4
400	128.6
400.1	129.3
400.1	129.7
400.2	125.3
400.3	123.8
400.6	125.6
400.6	126
400.6	129
400.7	131.6
400.7	134.5
400.8	135.2
400.9	133
400.9	132.3
401	128.2
401.4	131.9
401.4	130.4
401.4	128.6
401.4	126.8
401.5	126
401.6	124.2
401.6	122.7
401.7	117.2
401.8	116.8
401.9	115.3
401.9	113.8
401.9	113.1
402	113.1
402.1	112
402.2	110.9
402.3	109.4
402.4	107.9
402.4	107.6
402.6	103.5
402.7	102
402.8	100.2
403	99.5
403	100.2
403	103.5
403	104.6
403.1	106.8
403.3	108.3
403.3	109.4
403.3	110.5
403.4	111.3
403.6	108.3
403.6	107.2
403.5	105.4
403.5	103.9
403.5	103.1
403.5	101.7
403.5	100.9
403.5	100.2
403.5	98.4
403.5	96.1
403.5	95.4
403.5	93.2
403.8	91.3
403.9	92.1
403.9	95.4
404	98.4
404.4	107.6
404.4	112
404.4	114.6
404.4	121.6
404.5	127.9
404.7	135.6
404.7	137.1
404.9	134.5
405	133.8
405	130.8
405.1	128.6
405.1	128.2
405.2	127.9
405.3	129.7
405.4	132.7
405.4	135.2
405.4	137.5
405.6	138.6
405.7	135.2
405.7	133.4
405.9	134.1
406.1	134.5
406.2	134.9
406.2	132.3
406.4	128.2
406.6	124.9
406.6	124.5
406.6	123.8
406.7	121.2
406.7	118.3
406.7	114.6
406.7	114.2
406.8	112.4
406.9	115.3
407	116.4
407.2	116.4
407.3	114.6
407.4	112.7
407.4	112.7
407.4	109.8
407.4	108.3
407.4	110.2
407.7	111.6
407.7	110.5
407.9	109.1
407.9	108.7
407.9	106.8
408	105.7
408	104.3
408.2	103.1
408.2	101.7
408.3	100.9
408.4	101.7
408.6	103.1
408.7	103.5
408.8	102.8
408.8	102
408.9	101.3
409	99.1
409	98.7
409.1	97.2
409.3	96.1
409.3	95.8
409.3	99.8
409.3	99.8
409.3	102
409.3	103.5
409.4	106.1
409.4	107.2
409.5	107.9
409.6	108.7
409.8	109.1
410	107.2
410	107.2
410.1	106.1
410.3	105.4
410.4	103.5
410.5	101.7
410.5	100.2
410.8	98.4
410.9	100.6
410.9	103.1
410.9	103.5
411	103.1
411	101.3
411.1	103.5
411.1	106.5
411.1	108.3
411.1	109.1
411.3	111.6
411.7	113.5
410.5	105
411.2	105.7
411.3	108.7
411.4	111.6
411.8	115.3
411.8	112.7
411.9	111.6
412.1	108.7
412.1	103.9
412.1	98.7
412.1	96.9
412.1	97.6
412.3	101.7
412.3	101.7
412.6	103.5
412.6	106.5
412.4	112.7
412.4	113.1
412.4	116.8
412.4	117.2
412.5	118.6
412.5	120.9
412.5	122.7
412.5	123.4
412.5	124.5
412.9	127.5
412.9	129
412.9	129
413	129.3
413.3	123.4
413.3	121.6
413.3	119.7
413.4	117.2
413.4	116.1
413.4	115.7
413.5	114.2
413.5	113.8
413.5	112.7
413.5	111.6
413.6	109.8
413.6	109.4
413.6	107.6
413.6	105.7
413.6	103.9
413.7	101.7
413.7	99.1
413.7	94.3
413.7	92.5
414	93.2
414.1	94.3
414.1	95.8
414	99.1
413.8	100.2
413.8	100.9
413.8	103.5
413.9	105
414	106.1
414.1	107.2
414.2	110.5
414.3	107.9
414.5	106.5
414.5	105
414.7	103.1
414.8	102.4
414.9	100.6
415.2	102
415.3	103.9
415.5	106.5
415.6	107.2
415.8	110.2
415.8	110.9
415.8	112
415.8	113.8
415.8	115
415.7	116.4
416.1	117.5
416.1	116.4
416.1	113.8
416.2	110.9
416.4	107.9
416.4	107.2
416.5	105.4
416.5	102
416.5	99.5
416.5	99.1
416.9	101.3
416.9	103.1
416.9	106.8
417	109.8
417.1	112
417.1	115.7
417.1	116.8
417.1	119
417.1	122
417.1	123.8
417.1	124.2
417.2	125.6
417.3	126.4
417.3	126.8
417.3	126.8
417.4	127.5
417.6	125.6
417.5	121.2
417.4	117.5
417.4	115.3
417.4	114.2
417.4	112
417.5	110.2
417.6	107.9
417.6	107.6
417.6	105.7
417.6	103.5
417.6	101.7
417.8	99.1
417.9	99.1
418	99.1
418	100.9
418	102.8
418.3	106.1
418.3	109.1
418.3	109.8
418.4	107.6
418.4	107.2
418.7	106.5
418.7	106.5
418.9	113.1
418.9	113.5
419.2	116.4
419.2	116.4
419.2	119.7
419.2	120.5
419.2	120.5
419.2	120.5
419.3	120.5
419.7	115.7
419.9	113.1
420	112.7
420.2	114.6
420.3	116.8
420.3	116.8
420.3	118.6
420.4	119
420.6	119
420.7	119.4
420.9	120.9
420.9	121.2
421	122
421.1	122.7
421.1	124.2
421.2	124.9
421.2	125.3
421.5	123.8
421.7	120.5
422	120.1
422.4	120.9
422.5	122
422.7	122.7
422.8	123.1
422.9	123.4
423.1	122.7
423.5	120.1
423.8	115.7
423.8	113.1
424	112
424.3	111.3
424.5	115
424.4	117.5
424.8	119
424.9	118.3
425	117.5
425.1	119
425.5	122.7
425.5	123.1
425.6	124.2
425.8	122.3
425.8	122
425.8	120.1
425.7	117.2
426	119
426	121.6
426.1	122
426.2	123.4
426.2	123.4
426.2	120.9
426.2	119
426.3	117.2
426.4	116.8
426.4	116.4
426.8	116.8
427	118.3
427	119
427	119.4
427.2	119.7
427.2	117.2
427.2	116.1
427.2	114.6
427.5	112.7
427.6	111.3
427.9	113.5
428	115.7
428.1	118.6
428.1	119.7
428.1	120.1
428.1	122
428.3	124.9
428.4	127.5
428.4	129
428.4	130.1
428.4	132.7
428.4	133.8
428.4	134.1
428.4	135.6
428.4	137.8
428.5	137.8
428.5	137.5
428.6	134.9
428.7	133
428.8	130.4
429	129.7
429.2	130.1
429.3	132.7
429.4	134.5
429.5	135.2
429.5	136
429.6	137.1
429.7	138.9
429.9	139.7
429.9	140.8
430.1	142.2
430.3	142.2
430.3	140
430.3	138.2
430.4	137.8
430.6	136.7
430.7	135.6
430.7	135.2
430.8	133.4
430.8	131.2
430.8	130.1
431.2	128.6
431.2	131.9
431.2	133.4
431.2	133.8
431.2	135.2
431.2	137.1
431.3	138.9
431.4	140.8
431.4	140.8
431.6	142.2
431.7	143.4
432	141.9
432	141.5
432	138.9
432	136.3
432	134.1
432	134.1
432.2	135.6
432.2	138.2
432.4	140
432.5	141.1
432.6	141.9
432.7	143.4
432.8	144.1
432.9	145.9
432.9	146.7
433.2	148.5
433.2	146.3
433.2	143.7
433.2	143.4
433.2	140.4
433.2	138.2
433.2	136.3
433.2	133.4
433.5	131.9
433.5	130.8
433.6	130.8
433.8	132.7
433.8	132.7
433.8	133
433.9	131.2
434	129.7
434.1	131.9
434.1	132.7
434.2	133.4
434.2	133.8
434.3	134.5
434.3	132.7
434.3	131.2
434.6	129.7
434.7	131.6
434.7	133.4
434.7	134.5
434.8	134.5
434.9	133.4
434.9	133.4
434.9	131.9
434.9	130.8
435.1	128.6
435.2	128.6
435.2	129
435.5	131.2
435.5	132.3
435.5	131.9
435.5	131.6
435.6	128.6
435.6	125.6
435.9	124.2
435.9	129.3
435.9	129.3
435.9	131.6
435.9	134.1
435.9	135.6
435.9	135.6
435.9	136.3
436.1	137.1
436.2	138.6
436.2	138.6
436.3	132.3
436.3	130.4
436.5	127.5
436.8	127.9
436.8	130.1
436.9	131.9
437.1	134.5
437.1	134.9
437.2	135.2
437.5	136
437.6	133.8
437.5	131.2
437.5	130.4
437.5	129.7
437.6	129
437.8	130.4
437.9	130.8
438	131.9
438.1	132.3
438.3	133.4
438.5	134.5
438.5	134.9
438.7	135.2
438.8	135.2
438.9	132.3
439	131.9
439	131.2
439.2	132.7
439.4	132.7
439.5	132.7
439.5	130.4
439.6	127.5
439.9	126
439.9	126
440.2	125.6
440.3	127.1
440.5	127.9
440.7	129
441	129.3
441.1	129.3
441.1	129.3
441.4	127.5
441.5	130.4
441.5	131.2
441.5	133
441.4	133.8
441.3	130.1
441.3	129.3
441.4	127.1
441.7	126.4
441.9	129.3
441.9	130.1
441.9	131.9
442.2	134.9
442.3	136
442.5	136
443	129.7
443	129.3
443.1	127.1
443.2	131.6
443.2	133
443.1	134.9
443.3	136.7
443.4	141.5
443.6	145.9
443.7	147.8
443.8	150.7
443.9	151.5
443.9	150
443.9	147
443.9	144.5
443.9	143
443.8	142.2
443.8	140.8
443.8	139.3
443.6	137.8
443.7	135.6
443.8	133.4
443.9	131.6
443.9	128.6
443.9	127.9
443.9	126
444	125.3
444.1	122.7
444.2	121.6
444.2	121.6
444.3	126.4
444.3	128.6
444.4	130.1
444.4	131.2
444.6	131.9
444.6	132.3
444.8	133.8
444.8	135.2
445	138.2
445	138.2
445.1	140
445.2	141.9
445.2	142.6
445.4	142.6
445.4	139.3
445.4	136.3
445.6	133
445.9	130.8
445.9	129
445.9	128.6
445.9	126
445.9	128.6
445.9	129
445.9	129
446	134.1
446.2	136.3
446.2	137.1
446.3	135.6
446.3	135.2
446.4	133.8
446.6	131.9
446.9	131.9
447.2	133.4
447.7	138.6
447.9	143.7
448	149.3
448	149.3
448.1	151.5
448.2	154.1
449	157
449	154.8
449	150.4
449	147.4
449.6	144.1
449.6	143.4
449.8	146.3
449.9	146.7
449.9	148.5
450.2	155.5
450.6	155.5
450.6	152.9
450.6	149.6
450.6	147
450.6	144.5
450.6	142.2
450.6	140.4
450.9	138.9
451	138.2
450.2	155.9
450.5	140.4
450.8	140.4
451.3	135.6
451.3	137.5
451.3	138.9
451.3	139.7
451.3	141.9
451.6	143
451.8	143
452	144.1
452.1	144.5
452.2	143.7
452.3	141.9
452.5	139.3
452.5	138.9
452.5	137.5
452.6	137.5
452.9	138.9
452.9	140.8
453.1	143
453.2	144.1
453.3	140.4
453.4	137.8
453.4	134.1
453.5	131.9
453.6	133.8
453.6	137.8
453.6	141.1
453.7	143.4
453.7	144.1
453.8	145.6
454	146.3
454.5	146.3
454.6	143.4
454.6	142.6
454.6	138.6
454.6	135.2
454.7	134.9
454.8	135.2
454.9	137.1
454.9	141.1
455	142.2
455.2	143.4
455.4	144.1
455.4	145.2
455.6	145.6
455.6	145.9
455.9	141.9
455.9	139.7
456	138.6
456	137.5
456.2	140
456.4	144.1
456.4	144.8
456.6	145.6
456.7	143
456.9	141.1
457.2	140
457.5	141.1
457.5	141.5
457.5	141.9
457.6	142.2
457.8	140
457.8	137.8
457.8	135.6
457.9	136
457.9	139.3
457.9	140
457.9	142.2
458	144.8
458.1	146.3
458.1	147
458.2	147.8
458.4	148.1
458.7	145.9
458.7	143.7
458.7	143
458.7	140.8
458.7	138.2
458.8	136.3
458.9	136.7
458.9	137.1
458.9	140
459.1	141.1
459.3	140.8
459.4	138.9
459.5	141.5
459.5	144.5
459.5	147
459.5	149.3
459.4	151.8
459.6	152.9
459.8	152.9
460.2	147.8
460.1	146.3
460.1	145.9
460.1	143.4
460.1	140.8
460.1	138.9
460.4	139.7
460.4	140.4
460.6	139.3
460.6	143.4
460.7	143.7
460.8	143.7
461	143.4
461.3	141.5
461.2	138.6
461.2	138.2
461.1	135.6
461.2	137.5
461.3	139.3
461.4	139.7
461.5	138.9
461.6	137.1
461.7	138.9
461.7	140
461.7	140.8
461.8	143.7
461.9	145.6
462	147.4
462	148.5
462	149.3
462	149.6
462.1	150.7
462.1	151.5
462.1	152.2
462.4	153.7
462.5	151.1
462.6	148.1
462.6	145.6
462.5	143.4
462.5	140.8
462.6	140.4
462.7	143
462.7	143.4
462.9	142.6
462.9	140.8
463.1	138.2
463.2	138.2
463.3	137.8
463.3	141.5
463.3	143.4
463.3	144.5
463.3	146.7
463.4	148.5
463.4	150.4
463.4	150.4
463.4	151.1
463.7	152.6
463.7	152.9
464	150
464	147.4
464	147.4
463.8	145.2
463.8	143.4
463.8	141.9
463.8	140.4
463.9	138.9
463.9	136.7
464.1	133
464.2	132.7
464.4	131.9
464.4	136.7
464.4	137.5
464.7	136.3
464.7	138.9
464.8	141.5
464.9	143.4
464.9	145.2
464.9	146.3
464.9	146.3
465	146.7
465.2	146.7
465.6	145.2
465.6	145.9
465.6	147
465.6	147
465.7	147
465.8	145.2
465.8	143
465.9	142.6
466	141.5
466.1	140
466.1	137.1
466.1	136.7
466.1	133.8
466.1	132.7
466.3	135.2
466.3	138.2
466.3	138.6
466.3	140
466.3	141.9
466.6	144.1
466.7	145.9
466.7	150.4
466.7	152.9
466.7	153.7
466.7	153.7
466.7	154.4
466.7	154.8
466.7	155.2
466.9	155.2
466.9	154.8
466.9	150.7
467	148.1
467.1	145.2
467.1	144.8
467.1	143
467.2	141.1
467.2	139.7
467.2	139.3
467.5	138.2
467.5	138.2
467.7	140.4
467.7	140.8
467.7	141.9
467.9	144.8
468	145.6
468.2	145.2
468.3	143
468.3	141.1
468.3	139.7
468.3	137.8
468.4	135.2
468.5	134.1
468.6	132.3
468.6	130.4
468.8	129
469	130.4
469.1	133.4
469.1	133.8
469.1	136.3
469.1	140
469.1	145.2
469.1	148.9
469	152.6
469	154.8
469.1	152.2
469.2	151.8
469.3	155.5
469.3	155.9
470.1	154.8
470.1	153.3
470.1	151.5
470.2	149.6
470.2	148.5
470.2	148.5
470.2	147.1
470.4	145.2
470.6	143.4
470.5	141.5
470.5	141.5
470.5	138.6
470.6	140.1
470.7	141.2
470.7	141.5
470.9	143.4
471	144.8
471	145.2
471	144.1
471	141.9
471.3	141.9
471.5	141.9
471.6	138.6
471.6	137.9
471.7	135.3
472	133.1
472.1	134.5
472.2	137.9
472.2	138.6
472.2	139.7
472.2	141.2
472.4	142.3
472.7	143
472.7	143.7
472.9	145.2
473	146.7
473	146.7
473.1	147.1
473.2	141.5
473.2	139
473.7	140.1
474	143
474.2	145.6
474.2	148.9
474.2	149.6
474.3	152.2
474.3	153.7
474.4	153.3
474.5	150.4
474.5	148.9
474.8	148.9
475	150.4
475	152.6
475	153.3
475	154
475	155.1
475.2	155.5
475.2	155.5
475.5	154.4
475.3	148.9
475.5	144.1
475.5	142.3
475.5	141.9
475.5	140.1
475.6	136.7
475.5	132.7
475.5	129.4
475.6	127.5
475.7	127.5
475.9	127.5
476	146.3
475.7	152.2
475.7	152.9
476	154.4
476.1	154.8
476.2	154.8
476.4	148.9
476.5	145.6
476.5	143.7
476.3	139.7
476.1	134.9
476.8	129
476.8	128.7
476.8	127.9
476.8	130.1
476.8	133.1
476.8	135.6
477.1	137.9
477.2	140.8
477.1	146.3
477.1	147.8
477.4	149.3
477.5	150
477.4	152.9
477.2	156.6
479.1	154.4
479.4	145.2
479.3	144.5
479.3	141.9
479.4	139.3
479.3	133.4
479.2	131.6
479.1	127.5
479.2	125.7
479.9	134.9
479.6	139
479.6	140.1
479.6	140.4
479.7	140.8
479.8	141.9
480	142.3
480	145.2
480.2	146.3
480.3	147.1
480.4	147.8
480.6	150.4
480.6	151.5
480.6	153.3
480.6	155.1
480.6	156.2
481.2	157
481.5	155.9
481.6	155.5
481.7	151.8
481.8	151.1
482.3	148.5
482.1	147.1
482.5	148.5
482.5	148.5
482.2	145.6
482.2	143.4
482.5	137.9
482.6	135.3
482.6	134.9
482.6	132
482.7	129.8
482.8	122.8
482.8	119.8
482.8	119.1
482.9	116.5
482.9	116.1
483.1	112.8
483.2	112.5
483.3	111.4
483.3	108
483.3	103.6
483.3	101.4
483.5	95.9
483.6	91.5
483.6	89.3
483.6	84.5
483.6	82.7
484.1	84.5
484.1	85.2
484.1	88.9
484.1	91.9
484.1	93
484.3	90.8
484.3	90.4
484.3	87.4
484.2	85.2
484.1	82.7
484.1	79.3
484.1	79.3
484.3	79.7
484.3	83.8
484.4	85.2
484.7	86.7
484.9	87.1
485	87.1
485.2	88.2
485.3	90
485.4	91.5
485.5	92.6
485.5	92.6
486.1	89.7
486.4	88.2
486.4	84.5
486.7	83.4
486.8	82.7
486.9	81.2
487	80.1
487.2	77.1
487.4	74.6
487.4	73.5
487.4	73.5
487.5	72
487.9	76
487.9	76.8
488	79.7
488	80.5
488	81.2
488.2	82.7
488.4	84.1
488.5	84.9
488.6	85.6
488.7	86
488.7	88.2
488.8	89.3
489	88.9
489	87.4
489	84.5
489.3	81.9
489.5	83.8
489.5	83.8
489.7	83
489.8	83.8
490.2	83.4
490.3	80.8
490.2	84.5
490.2	86.7
490.3	87.4
490.5	87.8
490.6	88.9
490.6	89.3
490.6	87.1
490.6	87.1
490.6	83.8
490.8	85.2
490.8	87.4
490.9	88.2
491.1	89.7
491.2	89.7
491.7	86.3
491.7	82.3
491.7	81.9
491.7	79.7
491.8	77.9
491.9	76
491.9	74.2
492.2	72
492.2	72.4
492.5	74.9
492.5	74.6
492.6	72.4
492.7	71.6
492.8	70.5
492.8	68.7
493	66.1
493.3	64.3
493.3	63.9
493.3	62.1
493.6	59.1
493.7	56.2
493.8	54
494.1	55.1
494.3	55.4
494.3	55.8
494.3	59.1
494.2	59.5
494.4	59.1
494.9	58.7
494.9	53.2
495	51
495.5	51.4
495.7	53.6
495.9	55.4
495.9	56.5
496.3	56.5
496.3	53.6
496.4	50.6
496.4	49.5
496.4	47
496.6	46.2
496.7	48.1
496.7	48.1
496.8	46.2
496.8	43.7
497	41.8
497.4	40.3
497.5	41.8
497.6	45.5
497.8	46.2
497.9	44
497.9	42.6
497.9	40.7
498	38.9
498.2	41.1
498.2	42.2
498.4	42.9
498.4	41.4
498.5	40.7
498.8	43.3
498.8	47.7
498.7	50.3
498.7	53.2
498.8	55.1
499	57.3
499.4	56.5
499.4	52.9
499.5	49.5
499.5	48.4
499.6	45.5
500	46.2
500.3	48.4
500.3	48.8
500.5	49.2
500.6	45.9
500.4	42.2
500.5	38.5
500.9	34.1
501.1	36.7
501.1	38.5
501	39.2
501	47.7
501.5	47
501.5	51
501.9	58.4
501.8	62.1
502	63.2
501.3	41.8
501.3	45.1
502.1	67.9
502.1	67.9
502.5	80.8
502.5	83.4
502.5	83.8
502.6	104.7
502.5	112.1
502.6	120.6
502.6	126.1
502.7	134.5
502.8	137.9
502.8	141.2
502.8	141.2
503.2	143.4
503.2	142.3
503.2	137.5
503.2	131.2
503.2	126.1
503.3	121.7
503.6	119.8
503.8	121.3
503.8	122.4
503.8	123.5
504.1	123.1
504.2	119.5
504.2	114.7
504.2	111
504.1	108
504.1	103.6
504.1	100.3
504.1	100
504.2	97.7
504.2	97.4
504.2	94.1
504.5	92.2
504.8	94.1
505	97.4
505	100
505.1	101.8
505.3	103.6
505.4	105.1
505.4	102.2
505.7	95.9
505.7	95.5
505.7	91.5
505.7	87.4
505.7	84.1
505.7	79
505.6	75.3
505.7	68.3
505.7	68.3
505.7	66.1
505.7	59.5
505.9	55.8
506	56.9
506	58
506.2	62.1
506.2	63.5
506.3	69.8
506.5	72.4
506.5	72.4
506.6	75.3
506.7	76.4
507.2	76.8
507.3	76.4
507.5	73.1
507.7	69
507.7	65.4
507.8	63.2
508.1	56.9
508.2	55.1
508.3	52.1
508.4	48.8
508.4	45.1
508.4	40.7
508.5	40.3
508.4	35.9
508.4	33.7
508.4	33
508.5	31.9
508.5	30.4
509.3	29.7
509.6	33
509.6	33.7
509.5	37.8
509.5	38.1
509.5	48.4
509.9	51
509.9	54.3
510	61.3
510.1	63.2
510.1	65.7
510.1	66.1
509.9	73.1
509.9	81.9
510.3	85.2
510.3	90.8
510.3	96.6
510.3	102.5
510.3	104
510.3	108.4
510.3	111.4
510.4	114.7
510.7	116.1
510.6	117.6
510.6	119.5
510.7	113.2
510.7	112.5
510.7	104.4
510.6	96.3
510.6	89.7
510.6	84.5
510.7	81.9
510.8	77.5
511	66.8
511.3	60.9
511	57.6
511.3	48.4
511.3	44.4
511.3	41.4
511.3	39.2
511.3	36.3
511.3	32.6
511.3	30.4
511.3	27.8
511.5	27.8
511.5	32.2
511.1	51.8
511.7	40.3
511.9	49.5
511.9	55.8
512	56.9
512.1	62.8
512.1	65.7
512.1	72.4
512.1	79.7
512.3	84.5
512.3	87.8
512.3	90.4
512.2	93.7
512.1	97
512.1	101.8
512.3	104.7
512.4	107.3
512.4	107.7
512.4	109.9
512.4	109.9
512.5	111.4
512.5	111.7
512.6	108.8
512.7	108.4
512.8	105.8
512.8	101.8
512.7	98.1
512.8	96.3
512.8	97.4
512.8	99.6
513.2	102.5
513.2	102.9
513.2	99.6
513.1	94.8
513.1	90
513.1	89.7
513.1	87.4
513.1	85.2
513.1	80.8
513.1	80.5
513.1	78.6
513.2	76.4
513.6	79
513.6	84.9
513.7	87.1
513.8	96.3
513.6	102.2
513.6	103.3
513.8	104
513.9	104.7
514	102.2
514	94.1
514	90.4
514.2	86.7
514.2	86.3
514.2	86.3
514.3	82.3
514.3	80.8
514.2	75.7
514.2	70.1
514.2	65.7
514.5	55.1
514.4	53.2
514.4	52.1
514.1	43.7
514.3	40.3
514.5	37
514.6	34.5
514.6	34.1
514.9	33.4
515.2	35.6
515.4	34.5
515.4	31.5
515.4	27.1
515.5	26.7
515.6	24.5
515.8	25.3
516	28.2
516	28.6
516.2	29.3
516.2	27.5
516.3	24.9
516.3	23.1
516.5	20.8
516.7	19.4
517	22.7
517	22.7
517.1	25.3
517.1	25.6
517.3	27.1
517.6	27.8
517.9	22.3
517.9	21.6
517.9	20.1
518.1	21.9
518.3	33.4
518.3	36.3
518.3	36.7
518.5	38.5
518.8	39.2
519	41.4
519	41.8
519.1	43.3
519.4	44.4
519.6	47.7
519.7	50.3
519.7	51
519.7	54.7
519.7	55.1
519.7	57.3
519.7	58
519.8	58.7
519.9	58.7
520.1	56.2
520.2	55.8
520.3	52.5
520.9	51
521	52.5
521	54
521	55.8
521	56.2
521.1	56.5
521.2	53.2
521.1	48.8
521.1	45.9
521.7	40.3
521.8	38.9
521.7	37
521.9	35.9
521.9	34.1
522.4	31.9
522.6	30.4
522.6	34.5
522.9	38.1
523.1	38.9
523.1	40
519.4	43.7
520.3	56.5
520	57.6
520.2	58.7
520.7	54.7
520.7	51.4
521.2	55.1
521.3	57.3
521.4	56.5
521.4	50.6
521.4	49.5
521.6	44.8
521.6	40.3
521.8	37
522	35.9
522.3	31.1
522.4	30.8
522.4	30.8
522.8	35.9
522.9	39.2
523	41.1
523.4	38.9
523.4	35.9
523.4	35.9
523.7	36.7
524.4	40
524.4	42.2
524.4	45.5
524.4	46.2
524.7	49.9
524.9	55.4
524.8	57.3
524.8	58.7
525	59.8
525.3	55.4
525.3	54.3
525.3	50.3
525.6	47
526	50.6
526	53.2
526.2	54.3
525.2	51.4
525.2	49.9
525.2	47
526.4	51.8
526.2	48.4
526.1	45.5
526.5	49.2
526.6	52.1
526.6	52.9
526.9	52.9
526.9	55.4
527.2	58
527.4	59.5
527.4	59.8
527.4	59.8
527.8	59.8
528.1	54.7
528.2	51.8
528.2	49.5
528.2	48.4
528.4	50.6
528.4	52.5
528.6	52.5
528.7	54.3
528.7	54.3
528.7	56.2
529.1	54.7
529.1	54
529.3	56.2
529.5	58
529.5	59.1
529.9	58
530	58.4
530	58.7
530.2	59.1
530.3	59.1
530.4	56.2
530.7	53.6
530.7	52.5
530.7	52.9
530.8	55.4
530.8	56.5
530.8	54.3
530.9	54
531	53.6
531.2	56.9
531.2	59.8
531.3	60.9
531.5	60.9
531.5	60.6
531.8	55.8
531.9	53.2
532.4	56.9
532.4	57.6
532.6	60.9
532.6	62.8
532.7	65
532.9	65.7
533	64.3
533.1	64.3
533.3	65.7
533.3	66.1
533.6	63.9
533.6	63.9
533.6	63.9
533.7	60.9
533.8	58.7
534	56.9
534.1	56.2
534.3	58
534.3	58
534.4	60.9
534.4	62.8
534.6	62.4
534.6	62.4
534.6	62.4
534.7	62.8
534.9	62.1
535	59.5
535.1	57.6
535.4	56.5
535.7	58
535.7	58.4
535.8	61.7
536	64.6
536	66.8
536	67.2
536.1	71.6
536.1	73.5
536.2	74.6
536.2	74.9
536.3	75.3
536.5	75.3
536.5	74.2
536.8	70.5
536.8	67.6
536.8	65.4
537.1	64.3
537.2	66.1
537.2	67.2
537.4	68.3
537.5	69.8
537.5	72.7
537.5	73.8
537.6	74.9
537.8	74.9
537.8	74.2
537.9	70.5
538.1	67.6
538.4	65.4
538.4	67.2
538.4	67.9
538.6	67.2
538.7	65
538.8	62.1
538.8	61.7
539	60.2
539	60.2
539.3	60.2
539.4	63.2
539.6	63.9
539.6	62.8
539.8	60.6
539.8	59.8
539.9	57.6
539.9	54.7
539.9	52.5
539.9	52.1
539.9	51
540.2	56.2
540.2	60.6
540.2	62.8
540.2	63.9
540.3	64.3
540.4	64.6
540.7	60.9
540.8	59.5
541	61.3
541	61.7
541.1	62.8
541.1	62.1
541.1	59.1
541.2	58.4
541.3	57.6
541.4	56.5
541.8	59.1
541.8	59.1
542.1	56.9
542.1	56.5
542.2	54.3
542.2	54
542.2	53.2
542.2	52.5
542.3	56.5
542.4	57.3
542.5	59.5
542.6	61.7
543	66.8
543	72
543	73.1
543	74.9
543	80.8
543.4	83.4
543.5	87.4
543.5	88.9
543.6	88.9
543.7	90
543.6	91.9
543.8	86.3
543.9	86
544	83.8
544	81.2
544	78.2
544	75.3
544	74.9
544.3	71.6
544.3	69
544.3	68.7
544.5	74.6
544.5	74.6
544.5	76
544.5	77.9
544.5	81.6
544.3	86.3
544.3	87.8
544.4	89.3
544.7	92.2
544.7	92.2
544.9	90
544.9	86.3
544.9	82.7
544.9	82.3
545.2	77.1
545.2	76.4
545.2	76.4
545.4	73.1
545.4	72.4
545.4	69.4
545.3	67.2
545.3	63.2
545.4	61.3
545.5	59.8
545.7	57.6
545.7	56.9
546	55.1
546	53.2
546.2	50.3
546.1	48.8
546.1	46.6
546.1	43.7
546.1	42.2
546	40
546.3	36.7
546.5	36.3
546.8	38.5
546.9	41.1
547	41.8
547.1	41.4
547.2	40.3
547.2	38.1
547.3	36.3
547.3	35.9
547.3	32.6
547.6	30
547.6	28.6
547.6	28.2
547.8	29.7
547.8	33
547.8	33.4
547.8	35.9
548	38.5
548.1	40.3
548.2	37.4
548.2	34.1
548.2	31.9
548.2	30
548.4	28.9
548.5	27.8
548.6	26.7
548.6	26.4
549.1	26
549.3	26
549.4	26.7
549.6	26.4
549.6	24.9
549.6	24.2
549.8	22.7
549.9	20.8
550.2	19.7
550.5	19.7
550.6	21.2
550.8	22.3
550.9	22.3
551	23.1
551.1	23.4
551.2	25.3
551.5	27.5
551.5	28.9
551.7	30.4
552	28.9
552	28.2
552.1	26
552.3	24.2
552.4	22.7
552.7	21.9
552.8	21.9
553.1	23.8
553.1	24.2
553.2	26
553.5	28.6
553.5	28.9
553.6	29.7
553.9	28.6
554	25.6
554	24.9
554	24.5
554.2	27.1
554.3	27.8
554.9	27.5
554.9	28.9
555	31.1
555.2	33.7
555.2	37.8
555.3	38.1
555.3	40
556	48.1
555.9	50.3
555.9	52.9
555.9	55.1
556.2	52.9
556.4	48.8
556.5	45.9
556.6	51
556.6	51.8
556.7	53.2
556.8	62.4
556.8	62.8
557	67.2
557	71.3
557	72.4
557.1	73.5
557.2	76.8
557.3	80.1
557.3	82.7
557.3	85.6
557.3	86.3
557.3	83.8
557.4	81.6
557.4	79
557.5	78.2
557.6	75.3
557.8	72
557.9	69
557.9	72
557.9	76
557.9	77.5
558.2	75.3
558.3	72
558.3	73.8
558.5	78.6
558.7	81.2
558.8	83
558.9	88.5
558.9	89.3
559	97.4
559	101.4
559	103.6
559.1	111.4
559.1	113.6
559.5	116.1
559.4	120.2
559.4	128.3
559.4	135.3
559.4	140.1
559.5	141.2
559.5	150.4
559.6	152.6
559.7	154.4
559.7	155.5
559.7	157
560.6	155.5
560.6	154.4
560.6	151.5
560.8	148.9
560.8	145.6
560.8	144.8
560.8	143.4
560.8	143.4
560.8	138.6
560.8	146.7
561	140.4
561.1	135.3
561.2	132.7
561.3	129
561.3	129
561.4	125
561.4	123.5
561.3	119.1
561.3	113.9
561.3	110.6
561.3	107.7
561.2	102.9
561.2	98.8
561.2	94.1
561.2	89.7
561.2	85.2
561.2	79.7
561.2	79.3
561.2	74.6
561.4	76
561.7	80.5
561.7	83
561.7	83.8
561.7	83.8
561.8	86.3
561.8	87.1
561.8	87.1
561.9	81.2
562	76.8
562	72
562.1	67.2
562.1	62.4
562.1	57.6
562.1	56.9
562.1	52.5
562	47.7
561.9	41.1
561.9	40.7
561.9	35.9
561.9	35.6
561.9	32.2
562.1	29.7
562.3	27.1
562.5	25.3
562.5	25.3
562.6	26.7
562.6	29.3
562.6	29.3
562.8	30
562.9	28.6
563	25.3
563.3	24.9
563.5	26.7
563.5	27.1
563.5	28.9
563.6	30
564	29.7
564.1	32.6
564.3	34.8
564.6	38.5
564.5	40.7
564.4	48.1
564.4	48.4
564.3	51.4
564.3	54.3
564.3	58
564.5	62.4
564.7	63.9
565	64.6
565.2	63.9
565.4	60.2
565.5	53.2
565.5	49.9
565.5	47
565.7	43.3
565.8	40
565.9	36.7
565.9	32.6
565.9	32.6
565.9	29.3
565.9	26.4
566.1	23.4
566.3	21.9
566.5	23.1
566.7	21.9
566.8	21.9
567.2	23.8
567.4	28.6
567.6	31.1
567.6	31.1
568	37
567.9	39.6
567.7	44.8
567.9	51.4
567.8	55.1
567.8	59.1
567.4	62.8
567.4	63.2
567.4	63.2
567.8	66.5
568	68.3
568.3	69
568.4	64.6
568.4	61.3
568.4	57.3
568.4	47.7
568.5	42.2
568.3	35.2
568.2	31.1
568.1	27.5
568.1	23.8
568.2	19.4
568.2	13.9
568.4	12.7
568.9	13.9
568.9	16.4
569	20.5
569.2	22.3
569.5	26
569.6	28.2
569.7	30.4
569.7	32.6
570	34.5
570.1	31.9
570.2	30.4
570.2	29.7
570.3	26.4
570.3	23.8
570.3	20.8
570.1	16.4
570.1	14.6
570.5	12.4
570.5	12.4
570.7	12.4
570.8	13.1
571	13.1
571.2	13.1
571.3	13.1
571.6	12
571.8	10.5
571.9	10.5
572.1	12.7
572.3	13.9
572.5	12.4
572.7	11.6
573	13.1
573.1	13.9
573.1	14.2
573.4	15
573.4	13.5
573.8	14.2
574.3	14.2
574.3	14.2
574.6	12.7
575	10.9
575.3	11.6
575.4	12.7
575.3	14.2
575.6	15
575.6	15
575.9	13.5
576	14.6
576	17.9
576.1	17.2
576.4	16.8
576.6	16.1
576.8	15.7
576.9	14.6
576.9	13.9
577.1	13.1
577.3	12.4
577.4	12.4
577.8	14.6
577.8	15
578.2	15.7
578.4	13.5
578.5	13.5
578.6	13.9
578.6	16.4
578.6	17.5
578.8	20.1
579	22.3
579.1	26.4
579.2	26.7
579.2	27.5
579.2	29.7
579.2	30.4
579.2	32.6
579.2	33.7
579.3	36.3
579.3	37.4
579.7	33.4
579.6	31.1
579.6	29.3
579.8	27.5
579.9	25.6
579.9	22.7
579.9	21.2
579.9	19.4
580	16.8
580	15.3
580.1	15.3
580.4	15.3
580.7	17.9
580.8	20.1
580.8	20.5
581	22.3
581.1	22.7
581.4	24.5
581.4	25.6
581.4	28.6
581.4	31.5
581.5	33.4
581.6	35.6
581.6	38.9
581.5	40.7
581.6	44.4
581.8	44.8
581.7	40.7
581.8	38.1
582	35.6
582	33.4
582	31.1
582	30
582	27.5
582	25.3
582	24.2
582.2	25.6
582.3	28.6
582.4	31.1
582.5	33.4
582.7	34.8
582.8	35.6
583	35.2
582.9	31.1
582.9	28.9
582.9	27.5
582.9	25.6
582.9	23.4
582.9	22.7
583.2	24.5
583.3	26
583.3	26.4
583.4	25.3
583.4	23.4
583.7	21.9
583.8	23.8
583.9	24.2
583.9	21.9
583.9	20.5
583.9	19
584.2	16.8
584.2	15.7
584.3	14.6
584.6	15.7
584.8	16.4
584.9	15.3
585	15.3
585	14.6
585	12.7
585.4	11.3
585.5	11.3
585.6	12.7
585.7	15.3
585.7	15.7
585.9	15.3
586.5	14.2
587.1	13.9
587.1	13.9
587.4	14.6
587.5	17.9
587.7	21.2
587.8	23.1
587.9	26.7
587.9	27.1
588.2	37.4
588.2	38.9
588.2	44
588.4	56.5
588.4	63.2
588.4	70.1
588.4	70.5
588.6	77.5
588.7	79.3
588.7	81.2
588.7	81.2
588.8	83.4
588.8	85.6
588.8	86.7
588.8	87.4
588.8	87.8
589.1	88.9
589.2	89.3
589.3	89.7
589.4	89.7
589.5	91.1
589.5	92.6
589.5	94.4
589.5	94.8
589.5	95.2
589.7	95.5
589.9	95.2
590	91.1
590	88.9
590.1	85.6
590.2	84.9
590.3	84.9
590.3	87.4
590.5	88.2
590.7	88.2
590.8	85.2
590.9	84.9
590.9	85.6
590.9	89.3
590.9	91.1
591.1	92.2
591.3	89.3
591.4	88.9
591.6	90.4
591.7	93
591.7	94.8
591.8	95.2
591.9	96.3
592.1	97.7
592.2	98.1
592.2	95.2
592.3	92.6
592.6	90
592.6	89.7
592.6	88.2
593	88.5
593.1	90.4
593.4	89.7
593.7	88.2
593.8	86.3
593.8	85.6
594.1	89.3
594.3	90.4
594.3	90.4
594.8	92.6
595.2	93.7
595.2	91.9
595.4	90
595.5	88.5
595.7	86
595.7	84.9
596	82.3
596	81.6
596.4	85.2
596.6	87.4
596.8	89.3
596.9	89.3
597.2	88.5
597.3	87.1
597.4	85.6
597.8	84.5
598.1	84.1
598.2	87.1
598.4	90
598.5	90.4
598.7	90.8
598.8	91.1
598.9	91.5
599.3	91.5
599.5	89.7
599.9	88.9
600.1	88.2
600.3	87.1
600.4	87.1
600.5	87.1
600.7	86.3
600.2	86.7
600.5	86.3
601	86
601.5	83.8
601.5	84.1
601.6	84.9
601.6	86
601.7	87.1
601.8	90.4
602	91.5
602.1	89.7
602.2	86.7
602.6	87.8
602.6	88.2
602.6	90
602.9	90
602.9	87.1
602.9	86