25	48.5
25.2	48.8
25.2	48.8
25.5	49.1
25.6	49.1
25.7	49.1
25.8	49.1
25.8	49.1
25.9	49.1
26	49.1
26.1	48.8
26.2	48
26.2	48
26.3	47.5
26.4	47.2
26.5	46.4
26.6	46.2
26.7	46.2
27	46.2
27.1	46.7
27.2	47.2
27.2	47.5
27.3	48.5
27.3	48.8
27.4	50.1
27.5	50.9
27.6	52.8
27.7	54.6
27.7	55.7
27.9	57.5
28	58.8
28.1	59.9
28.1	59.9
28.1	60.7
28.1	60.9
28.1	62
28.2	62.8
28.4	64.4
28.5	66.2
28.7	68
28.7	70.4
28.8	72
28.8	72
28.9	72.8
28.9	75.4
29	76.2
29.1	78.6
29.1	78.9
29.3	79.4
29.4	79.6
29.4	79.6
29.6	79.4
29.8	78.1
29.9	76.2
29.9	75.2
30	73.8
30	73.6
30	71.7
30	71.7
30.1	71.2
30.2	72.3
30.2	72.3
30.2	73.3
30.4	74.6
30.5	74.6
30.6	74.6
30.7	73.8
30.7	73.8
30.8	74.4
30.9	76
31	76.5
31.1	77
31.2	77.3
31.3	77.3
31.4	78.3
31.4	77.8
31.5	76.2
31.6	74.1
31.6	72.8
31.7	71.7
31.8	70.7
32	70.4
32	70.9
32	72.3
32.2	72.5
32.3	72
32.4	71.2
32.5	69.9
32.5	69.9
32.5	68.8
32.5	68.6
32.7	67.5
32.7	67.3
32.9	66.7
33	66.7
33.2	67.5
33.3	69.6
33.3	69.9
33.3	71.2
33.3	71.7
33.3	72.8
33.3	73.8
33.3	74.9
33.3	76.2
33.3	76.7
33.4	77
33.4	77
33.6	77
33.7	75.7
33.7	75.4
33.9	74.6
33.9	74.4
33.9	73.6
34.1	73.1
34.1	72.3
34.4	72
34.4	74.1
34.4	74.1
34.4	74.9
34.5	76
34.6	76
34.7	75.4
34.7	74.6
34.8	73.8
34.9	72.5
34.9	71.2
34.9	70.2
35	69.4
35.1	68.6
35.2	68.6
35.4	69.9
35.4	69.9
35.6	70.7
35.6	72.3
35.6	72.8
35.7	73.8
35.7	74.1
35.7	74.6
35.7	75.2
35.7	76
35.7	76.7
35.9	78.3
36	78.9
36.1	78.9
36.2	78.9
36.3	77.8
36.3	76.2
36.3	75.2
36.4	74.4
36.5	73.3
36.6	72.5
36.6	72.3
36.7	71.2
36.8	70.7
36.9	70.2
37.1	69.6
37.3	69.9
37.3	70.2
37.2	70.4
37.2	69.1
37.2	68
37.2	68
37.4	67.3
37.6	66.2
37.6	65.9
37.6	65.1
37.7	64.9
37.7	64.4
37.8	64.1
37.8	65.7
37.8	67.3
37.9	69.4
38.2	71.2
38.3	72
38.4	71.7
38.5	71.7
38.6	71.5
38.7	71.7
38.8	73.1
38.8	73.8
38.9	73.6
39.1	72.5
39.3	72.8
39.3	73.1
39.4	73.8
39.6	75.4
39.6	75.4
39.7	75.7
39.9	74.4
40	74.4
40.2	76
40.3	76.5
40.4	76.5
40.4	76.5
40.6	76.5
40.7	76
40.8	75.7
40.9	75.2
40.9	74.4
41.1	75.2
41.1	75.7
41.4	75.2
41.5	74.1
41.5	72.5
41.7	73.6
41.7	75.7
41.7	76.2
41.7	77.5
41.9	78.1
42	76
42.1	76
42.1	78.3
42.2	80.2
42.4	82.3
42.4	82.5
42.7	84.7
42.7	84.7
42.8	87
42.8	87.6
42.8	88.1
42.9	85.4
43	84.1
43.2	82.5
43.2	80.4
43.4	78.1
43.4	76.5
43.5	74.6
43.6	73.6
43.6	73.1
43.7	72.3
43.7	71.5
43.7	70.4
43.8	69.6
43.8	68.8
43.9	68
44	67.8
44.1	69.1
44.3	71.5
44.4	72.8
44.6	73.6
44.6	73.6
44.7	73.6
44.7	73.1
44.9	73.6
45	73.3
45.1	72
45.1	71.5
45.1	70.7
45.2	69.9
45.2	69.4
45.3	68.6
45.3	67.8
45.5	67.3
45.5	67.3
45.5	68.3
45.7	70.7
45.7	72.5
45.8	73.6
45.9	72.3
46	70.7
46.1	71.2
46.1	71.5
46.4	72.8
46.5	73.3
46.6	73.6
46.6	73.1
46.6	71.7
46.7	70.2
46.7	68.6
46.7	67.5
46.8	66.5
46.8	66.2
46.9	65.1
47	64.6
47.1	64.6
47.3	65.9
47.3	66.7
47.4	68.8
47.5	70.4
47.5	72
47.7	73.8
47.8	75.2
47.8	76.5
47.9	77.8
48	78.1
48	78.6
48.1	78.9
48.2	79.1
48.3	79.4
48.4	78.9
48.4	78.6
48.4	77.8
48.5	76.7
48.7	75.4
48.7	74.1
48.8	72.8
48.8	72.5
48.9	72.8
48.9	73.8
49	75.2
49.1	76.7
49.1	77.8
49.2	78.1
49.3	77.5
49.3	77.5
49.5	76.5
49.6	74.9
49.6	74.4
49.7	74.1
49.9	74.4
50.1	75.2
50.2	76.7
50.3	77.5
50.4	78.9
50.4	79.4
50.4	79.9
50.5	80.7
50.5	80.2
50.6	81.2
50.8	81.2
50.8	81.2
50.9	79.6
51	79.1
51	78.3
51.1	76
51.1	73.3
51.2	71.5
51.2	70.9
51.3	70.9
51.5	71.5
51.5	72
51.5	72.3
51.7	73.1
51.7	74.1
51.8	75.2
51.8	75.4
51.9	75.7
52	76.5
52.2	76
52.2	75.2
52.2	73.6
52.2	72
52.3	70.9
52.4	69.4
52.5	69.1
52.6	67
52.7	66.2
52.7	65.4
52.8	63.6
52.8	62.2
53	62
53.2	63
53.2	63.3
53.5	64.6
53.7	65.9
53.8	66.7
53.8	68
53.9	69.4
54	70.9
54.1	71.7
54.3	74.1
54.3	75.2
54.4	75.4
54.4	76.2
54.4	77.3
54.5	78.9
54.7	80.2
54.8	81
54.8	81.2
54.8	82.3
54.8	82.8
55	82.8
55.2	81.2
55.2	79.4
55.3	77.8
55.3	77
55.4	76.5
55.5	76.7
55.6	76.5
55.7	75.4
55.8	73.6
55.8	73.3
55.8	71.7
55.8	70.9
56	70.4
56.2	70.2
56.4	70.7
56.7	70.9
56.7	70.9
56.9	71.7
57	73.1
57	73.6
57	75.4
57	77
57	77.3
57.1	78.3
57.2	79.6
57.2	80.2
57.5	80.7
57.7	80.2
57.7	79.6
57.7	78.1
57.8	77.3
57.8	76
57.8	74.9
57.8	74.4
57.8	73.6
57.8	72.3
57.9	72.3
58	73.6
58	74.6
58.4	74.9
58.4	74.9
58.5	74.9
58.7	74.6
58.8	73.8
59	73.3
59	73.3
59.1	72.3
59.2	72
59.3	71.5
59.4	70.7
59.5	70.4
59.6	72
59.6	72
59.7	73.3
59.8	73.6
59.9	74.6
59.9	74.6
59.9	75.4
60.1	76.5
60.1	76.7
60.1	76.7
60.1	77
60.3	78.3
60.6	79.4
60.7	79.6
60.7	79.6
60.8	78.6
60.9	77.5
61	77
61.1	78.1
61.2	78.9
61.2	79.6
61.5	79.9
61.5	79.4
61.6	76.7
61.6	75.7
61.8	74.6
62	73.1
62	73.1
62	71.5
62	70.4
62	70.2
62.1	70.2
62.1	71.5
62.3	72.8
62.4	73.8
62.4	74.1
62.5	74.1
62.6	73.6
62.7	72.8
62.7	72.3
62.9	72
63	72.8
63	73.1
63	73.3
63.2	73.1
63.2	72.8
63.2	73.1
63.2	73.1
63.3	75.2
63.5	76
63.5	77.3
63.5	77.3
63.5	78.3
63.6	80.4
63.7	81.8
63.7	82.3
63.9	83.1
64	80.4
64	79.1
64	78.1
64.1	76.7
64.1	76.2
64.1	75.4
64.1	75.2
64.2	74.6
64.2	74.4
64.3	75.2
64.4	76.2
64.6	77.3
64.7	77.3
64.8	77.3
64.9	76.7
64.9	75.4
64.9	74.1
65.1	73.1
65.1	71.7
65.1	71.7
65.3	69.9
65.4	69.6
65.4	70.7
65.4	70.9
65.4	72
65.5	72.3
65.5	73.1
65.6	72
65.8	71.7
65.9	73.1
65.9	74.1
65.9	76
66	76.5
66.1	76.7
66.3	76
66.4	75.7
66.5	75.7
66.6	76.5
66.7	77.3
66.8	78.9
67.1	79.6
67.1	79.9
67.1	81
67.4	82
67.5	81.5
67.6	79.6
67.6	78.9
67.7	78.6
67.8	79.4
67.9	79.4
67.9	78.9
68	78.6
68	77.8
68.1	77
68.1	76
68.1	75.2
68.1	74.1
68.2	73.1
68.2	72.8
68.3	72.3
68.3	71.5
68.3	70.2
68.3	69.9
68.4	69.9
68.5	71.2
68.5	72
68.6	72.5
68.7	73.8
68.8	75.4
68.8	75.7
68.9	76.2
69	77.3
69	78.1
69.1	78.3
69.1	78.6
69.3	77
69.4	77
69.5	77.8
69.5	76.5
69.6	76.2
69.6	75.7
69.7	75.7
69.9	76.5
70	77
70	78.1
70.1	78.9
70.2	78.9
70.2	79.1
70.2	79.6
70.3	78.6
70.3	78.1
70.5	78.9
70.7	78.9
70.7	78.6
70.7	77.5
70.7	76.5
70.8	75.4
70.9	74.6
70.9	74.4
70.9	74.1
71	73.6
71.1	72.5
71.4	73.3
71.4	73.8
71.4	75.4
71.6	75.7
71.7	75.4
71.7	75.2
71.8	73.8
71.9	73.1
71.9	73.3
72.1	74.6
72.1	74.9
72.1	75.2
72.3	75.4
72.4	75.4
72.6	74.6
72.6	74.6
72.6	73.8
72.9	73.8
72.9	73.8
73	74.6
73.2	75.4
73.3	75.7
73.3	75.7
73.5	75.4
73.6	74.4
73.6	74.1
73.8	75.4
74	75.4
74.1	74.4
74.1	73.6
74.3	71.7
74.3	70.7
74.3	70.7
74.3	69.4
74.4	67.8
74.5	67
74.5	66.2
74.6	65.7
74.6	65.4
74.7	63.6
74.9	62.5
74.9	62.5
75	62.8
75.1	63.6
75.1	64.1
75.2	65.9
75.3	66.7
75.4	67.8
75.4	67.8
75.4	68.3
75.5	69.6
75.6	69.6
75.7	69.6
75.6	70.7
75.8	71.7
75.9	72
76.1	72.3
76.4	73.3
76.4	74.6
76.4	74.9
76.5	76
76.6	76.7
76.6	77
76.6	78.1
76.6	78.9
76.9	80.4
77	81
77	82.5
77.1	84.4
77.2	84.9
77.3	85.4
77.3	85.7
77.4	85.7
77.6	83.6
77.7	82
77.7	78.9
77.7	76.2
77.7	74.4
77.8	72.8
77.9	72.8
77.9	71.7
77.9	70.4
78	69.4
78	68.6
78.1	66.7
78.2	65.9
78.4	65.7
78.6	66.7
78.7	67.5
78.7	68.6
78.9	71.2
79.2	74.4
79.1	75.4
79.1	75.7
79	77.3
79.1	78.9
79.1	80.2
79.1	80.2
79.2	81.2
79.2	81.5
79.3	83.6
79.5	84.7
79.5	84.9
79.6	85.4
79.6	85.7
79.7	84.7
79.8	84.7
79.8	83.1
79.9	82.5
80	82.5
80.1	83.1
80.1	82.8
80.2	81.8
80.3	80.2
80.4	81
80.4	82
80.5	82
80.6	82.3
80.7	83.1
80.8	84.1
81	86
81.1	87
81.2	85.2
81.2	83.3
81.4	82
81.4	80.4
81.4	78.9
81.4	78.6
81.4	77.5
81.5	77.3
81.6	77
81.9	77
82	77.5
82	77.5
82	78.6
82.1	80.4
82.3	82
82.3	84.1
82.3	86.8
82.3	87
82.3	87.8
82.3	89.7
82.3	91.2
82.3	92.8
82.3	92.8
82.5	93.6
82.6	93.9
82.7	93.1
82.8	91
82.9	88.9
82.9	87.8
82.9	87
82.9	86.8
83	85.4
83	83.3
83	82
83	81.8
83.1	79.6
83.2	77.8
83.3	77
83.5	76.5
83.6	76.5
83.9	77.5
84	78.1
84	78.1
84.1	79.4
84.2	81.2
84.3	83.6
84.3	85.2
84.6	86.8
84.8	89.9
84.8	91
84.8	92.3
84.9	93.6
84.9	93.9
85.1	95.2
85.2	96
85.2	93.4
85.3	92
85.6	92.6
85.7	93.6
85.8	91.5
85.8	89.4
85.9	89.4
85.9	88.6
86	87.3
86.2	86.5
86.3	85.7
86.4	84.1
86.4	82.5
86.5	81
86.5	78.3
86.5	77.8
86.6	76
86.8	74.6
86.9	74.1
87	76.2
87	79.1
87.1	79.4
87.2	82
87.4	84.7
87.4	84.7
87.4	87.3
87.4	87.8
87.4	89.1
87.5	92
87.5	93.9
87.5	94.9
87.6	97.3
87.7	99.2
87.7	99.2
87.9	98.9
87.9	97
88.2	96.5
88.2	96.3
88.3	94.9
88.3	93.1
88.4	91.5
88.4	90.2
88.5	89.9
88.5	89.1
88.6	88.9
88.7	88.9
88.8	89.7
88.9	91.2
89.1	91
89.1	91
89.2	91.8
89.4	93.4
89.6	93.6
89.8	91.5
89.8	91
89.8	89.7
89.9	87.6
90.1	86.5
90.3	86.8
90.3	87
90.4	90.2
90.5	91.8
90.5	92.8
90.4	95.7
90.5	98.1
90.5	98.6
90.5	99.4
90.5	99.9
90.6	100.2
90.6	100.2
90.7	100.2
90.8	100.2
90.8	100.2
90.8	101.3
90.8	101.5
91.1	99.4
91.2	97
91.4	94.9
91.4	93.4
91.5	92.3
91.5	90.5
91.6	90.2
91.7	89.1
91.8	88.1
91.9	89.4
92	91.2
92.2	92.6
92.3	91.8
92.3	89.1
92.3	86.8
92.3	86.2
92.3	85.4
92.3	83.9
92.5	81.8
92.5	81.5
92.6	81
92.6	81
92.8	81.5
92.9	82.3
93.1	84.9
93.2	87.6
93.3	89.4
93.3	89.9
93.4	91.8
93.5	94.4
93.5	95.5
93.7	95.7
93.8	95.2
93.9	93.9
94	92
94.2	91.2
94.4	91.2
94.5	92.3
94.7	92.3
94.9	92.8
95.1	94.7
95.3	96.3
95.3	97
95.4	98.4
95.7	100.2
95.9	101.3
95.9	101.8
95.9	101.5
96	99.7
96.1	98.4
96.3	97.6
96.4	96.8
96.6	96.3
96.6	96.3
96.8	96.5
96.9	96.5
96.9	95.2
97.2	94.9
97.2	94.9
97.2	94.4
97.2	92
97.3	90.2
97.4	89.4
97.5	87.8
97.5	87.3
97.6	86.5
97.8	86.2
97.9	87.3
98.1	88.9
98.2	90.5
98.2	92
98.3	93.4
98.4	93.9
98.5	91.5
98.6	90.2
98.7	89.9
98.9	91
99	92.3
99	92.6
99.4	93.1
99.4	92.8
99.4	91.5
99.4	91.2
99.5	90.5
99.7	89.4
99.9	89.9
100	91.2
100	91.5
100.1	92.3
100.3	92.6
100.4	90.7
100.4	89.4
100.5	89.1
100.5	88.6
100.6	88.1
100.6	86.5
100.7	86.8
100.8	86
100.9	84.7
101	83.1
101	82.3
101	82
101.1	82
101.2	82.3
101.3	84.1
101.3	85.2
101.3	85.4
101.3	85.4
101.4	86.5
101.4	88.1
101.4	88.9
101.5	89.4
101.6	90.2
101.6	90.7
101.7	90.7
101.7	91
101.8	91.2
102.1	91
102.2	89.7
102.4	89.1
102.5	89.4
102.6	90.7
102.7	91.8
102.7	92
102.9	91.2
103	91.2
103.1	91.2
103.2	92.3
103.3	93.4
103.3	93.6
103.3	93.9
103.4	94.4
103.5	94.4
103.5	94.7
103.7	94.1
103.7	93.9
103.8	93.1
103.9	91.5
104.1	89.9
104.3	89.1
104.3	88.9
104.4	87.8
104.6	86.2
104.6	86.2
104.7	86.8
104.8	88.1
104.9	89.1
104.9	89.4
105	90.2
105	90.5
105.1	90.5
105.2	89.4
105.2	88.3
105.3	87.8
105.3	87.3
105.6	85.7
105.8	86.2
105.9	88.9
105.9	89.1
105.9	90.5
105.9	90.7
105.9	92.8
106.1	93.9
106.2	94.1
106.3	94.1
106.4	94.1
106.6	93.4
106.7	92
106.8	90.2
106.9	88.3
107	87
107	86.8
107.2	85.7
107.5	85.2
107.7	87.6
107.8	88.1
107.8	90.2
107.9	92
108	95.2
108.1	97.3
108.1	98.9
108.1	99.4
108.3	102.8
108.3	104.4
108.3	105.5
108.4	107.1
108.4	108.1
108.4	108.1
108.5	110
108.5	110
108.6	111
108.7	112.1
108.9	112.9
108.9	113.6
108.9	115
109	115.5
109.1	116
109.2	116
109.2	116
109.3	114.4
109.3	110.2
109.3	108.6
109.3	106
109.3	103.1
109.3	100.7
109.5	97.6
109.5	96
109.5	93.6
109.5	90.5
109.5	88.6
109.6	88.3
109.6	85.7
109.6	85.4
109.7	84.4
109.8	83.6
109.8	82.5
109.8	81.5
109.9	80.2
109.9	79.9
109.9	79.6
110	81
110	81.2
110.1	80.7
110.2	80.2
110.3	79.9
110.4	83.1
110.6	84.1
110.6	85.2
110.6	85.7
110.7	85.7
110.8	84.4
110.8	82.8
110.8	82.5
111	82.8
111.1	83.3
111.3	84.1
111.4	85.4
111.4	85.7
111.4	83.3
111.4	82
111.4	81.5
111.5	80.4
111.6	78.9
111.6	77.5
111.8	76
111.8	74.6
111.9	74.1
112	74.4
112.1	76.2
112.1	78.3
112.2	79.6
112.3	81.8
112.3	82.3
112.4	83.1
112.5	84.4
112.5	85.7
112.8	87
112.9	87
112.9	87
112.9	84.1
113	82.8
113	82.8
113.1	81
113.1	81
113.2	80.7
113.3	81.8
113.4	81.2
113.5	80.4
113.6	80.4
113.8	81.5
113.9	82.5
114	83.3
114.1	84.1
114.1	84.1
114.1	84.9
114.4	85.2
114.7	86.8
114.6	87.8
114.5	88.9
114.5	89.1
114.8	88.9
115.1	89.1
115.3	91
115.4	91.5
115.5	92.3
115.6	92.8
115.6	93.1
115.6	93.9
115.7	94.7
115.8	95.2
115.9	94.9
116.1	94.4
116.3	94.7
116.3	97
116.2	99.2
116.2	101.5
116.4	104.4
116.4	104.4
116.4	106
116.4	106.3
116.5	107.8
116.6	108.9
116.7	109.4
116.7	108.1
116.8	106.5
117	105
117.1	102.8
117.2	101.3
117.2	101.3
117.2	100.2
117.3	98.6
117.3	96.8
117.4	96
117.4	94.9
117.5	95.5
117.7	96
117.7	95.7
117.7	95.2
117.8	94.7
117.8	94.4
117.9	94.9
118	96
118.1	96.3
118.3	97.3
118.6	98.4
118.5	99.4
118.6	99.7
118.7	99.4
118.7	99.2
118.9	99.2
119	99.7
119.1	100.5
119.3	102.1
119.3	102.3
119.4	102.6
119.5	102.8
119.6	102.1
119.8	101.8
119.8	102.1
119.9	103.4
120.1	103.9
120	103.6
120.1	101.5
120.1	100.7
120.3	99.9
120.6	99.2
120.7	98.6
120.7	99.7
120.9	100.7
121.1	101.5
121.1	102.3
121.1	103.6
121.3	104.7
121.3	105.7
121.4	106.8
121.6	106.8
121.6	107.1
121.6	105.2
121.6	103.4
121.6	102.8
121.7	101.5
121.7	101.5
121.7	100.2
121.7	99.2
121.7	98.6
121.8	96.5
121.9	95.7
122	96.8
122	96.8
122	97.8
122	98.6
122.2	99.4
122.3	99.4
122.3	99.2
122.4	98.4
122.4	97.6
122.4	97
122.5	96
122.6	96
122.6	96
122.7	96
122.8	96.5
122.8	97.8
122.9	98.4
122.9	99.7
123.1	100.7
123.3	101
123.4	101.3
123.4	100.2
123.4	99.7
123.5	98.6
123.5	96.8
123.5	95.5
123.6	93.6
123.6	93.1
123.9	92
123.9	91
123.9	90.2
123.9	89.1
123.9	88.9
123.9	88.1
124	86.8
124	85.4
124	84.7
124	84.7
124.1	83.3
124.1	82.8
124.2	82.8
124.3	83.3
124.4	83.9
124.5	84.7
124.5	84.9
124.6	85.7
124.6	86
124.7	86.8
124.7	88.3
124.7	89.4
124.9	91.5
125.1	92.6
125.1	93.1
125.1	94.1
125.2	95.5
125.3	97
125.4	97.8
125.5	97.6
125.6	96.8
125.7	95.7
125.9	94.4
125.9	93.1
126	92.8
126	94.1
126.1	94.4
126.1	95.5
126.2	96.5
126.2	97.6
126.2	97.8
126.4	101.8
126.4	102.1
126.5	103.1
126.5	104.2
126.6	105.7
126.7	106
126.7	106
126.8	105.5
126.9	104.4
127	102.6
127.1	101.5
127.3	101.3
127.4	101.5
127.5	100.5
127.5	98.9
127.6	97.6
127.6	97.3
127.7	94.7
127.7	92.8
127.9	89.4
127.9	88.3
127.9	86.5
127.9	86.2
128	85.7
128.2	85.7
128.3	87.3
128.4	89.1
128.4	89.4
128.4	89.7
128.7	89.9
128.8	90.7
128.9	92
129	92.6
129	93.4
129	94.1
129.2	94.4
129.3	94.4
129.4	93.6
129.4	93.6
129.5	93.6
129.6	93.9
129.6	95.5
129.6	96.3
129.8	97.3
129.8	97.6
129.9	97.6
129.9	98.1
130	98.6
130.1	99.4
130.2	100.2
130.3	102.6
130.3	103.6
130.3	104.4
130.3	105.5
130.3	106
130.3	106.3
130.4	106.5
130.4	106.3
130.5	105.2
130.6	104.7
130.6	105.2
130.7	106.3
130.8	107.6
131	108.9
131	109.7
131	110
131	110.5
131	112.1
131	113.1
131	114.4
131.1	114.4
131.2	115.2
131.4	115.8
131.5	115
131.5	113.6
131.7	110
131.7	108.1
131.8	105.7
131.8	103.9
131.8	103.1
131.9	101.8
131.9	100.7
131.9	98.9
132.1	95.5
132.3	92.3
132.3	90.7
132.4	89.4
132.4	88.1
132.5	89.1
132.6	91.5
132.6	92
132.7	93.9
132.7	93.9
132.7	96
132.8	96.8
132.8	96.8
132.8	97.6
132.9	98.1
133.1	98.4
133.1	98.4
133.3	98.4
133.5	99.2
133.5	99.7
133.5	100.2
133.5	101
133.6	101.8
133.9	101.5
133.9	100.2
133.9	99.4
134	98.6
134	97.6
134.1	97.3
134.1	97.3
134.2	97.6
134.3	97.8
134.5	98.1
134.6	96.8
134.7	95.7
134.8	95.7
134.9	97.6
134.9	97.6
135.1	98.4
135.2	97.8
135.3	96.5
135.3	95.5
135.4	94.9
135.4	94.7
135.4	94.7
135.5	95.2
135.6	96.5
135.7	96
135.8	95.2
136	94.7
136.2	94.7
136.2	94.9
136.3	96.5
136.3	97.6
136.5	98.9
136.5	99.7
136.5	100.2
136.7	101
136.8	101.3
136.9	100.2
137	99.7
137.2	99.7
137.4	99.4
137.4	99.4
137.5	98.4
137.6	97
137.6	96.8
137.8	95.7
137.8	95.2
137.8	94.1
137.8	93.6
137.8	92.6
138	93.4
138.2	93.1
138.2	92.3
138.3	91.5
138.6	93.1
138.8	95.5
139.1	97.6
139.1	97.8
139.1	98.9
139.2	98.9
139.5	98.9
139.7	99.9
139.7	100.2
139.9	100.5
139.9	100.5
140.1	101
140.3	102.1
140.4	102.1
140.4	100.5
140.5	99.7
140.5	99.7
140.8	99.4
140.8	99.2
140.9	100.2
141	100.5
141	100.5
141.3	99.9
141.4	99.2
141.5	98.1
141.6	98.4
141.6	99.7
141.7	99.2
141.8	98.4
141.9	98.1
142	98.6
142	100.5
142.3	101.3
142.4	101
142.6	98.6
142.6	97.3
142.6	97
142.7	96.3
142.7	95.7
142.8	95.2
142.8	94.4
142.9	94.4
143.1	94.9
143.3	94.9
143.3	93.9
143.3	93.1
143.3	92
143.3	91.5
143.4	90.7
143.4	90.7
143.5	90.5
143.5	90.5
143.7	91
143.7	93.9
143.8	96.3
143.9	97.3
143.9	97.8
144	98.6
144.1	99.2
144.2	97.3
144.4	95.7
144.5	94.9
144.6	95.2
144.7	96.5
145	96.5
145	94.9
145	94.1
145.2	94.4
145.3	94.7
145.3	96
145.6	97.8
145.7	99.2
145.7	99.9
145.8	99.2
146	100.2
146.1	101.5
146.2	101.5
146.2	101.3
146.2	99.7
146.4	99.9
146.6	100.7
146.6	99.9
146.7	98.9
146.7	98.1
146.7	97.6
146.8	96.5
146.9	95.5
147	94.7
147	94.4
147.3	94.9
147.3	95.2
147.4	96.8
147.4	97.6
147.5	98.4
147.5	99.2
147.5	99.4
147.5	99.9
147.6	100.5
147.7	99.9
147.8	99.9
147.8	99.2
147.8	98.1
147.9	97.3
148	97
148	96.8
148.3	95.5
148.5	94.4
148.6	93.9
148.8	94.4
148.8	94.7
148.8	95.5
148.9	96.8
148.9	98.4
149	99.7
149.1	100.5
149.1	101.8
149.2	102.3
149.3	100.7
149.3	100.7
149.6	100.7
149.8	101.8
150.1	102.8
150.2	103.1
150.3	104.7
150.4	104.7
150.4	104.7
150.5	103.4
150.5	101.5
150.5	101
150.5	100.2
150.8	101
150.9	101
151	101.5
151.1	103.1
151.1	104.2
151.2	105.2
151.2	105.5
151.2	105.7
151.4	105.2
151.5	105
151.5	105.5
151.6	106.3
151.6	107.1
151.8	106.8
151.8	106.5
152	105.7
152	105.5
152.2	106.5
152.4	107.1
152.5	107.1
152.5	106.5
152.5	105
152.6	103.4
152.7	102.8
152.7	102.1
152.7	100.2
152.7	99.7
152.8	99.4
152.9	100.7
153.1	102.3
153.1	102.6
153.2	103.1
153.2	103.1
153.3	102.8
153.3	101.8
153.5	100.7
153.6	100.7
153.6	100.7
153.8	102.1
153.9	103.1
153.9	103.4
154.1	104.7
154.1	104.7
154.2	105.2
154.3	105.7
154.5	105.2
154.7	104.2
154.9	103.9
154.9	103.9
155	104.7
155	106.3
155.2	107.3
155.2	108.1
155.4	108.9
155.5	107.6
155.6	107.3
155.6	105.7
155.6	104.4
155.7	103.1
155.8	103.1
155.8	105.5
155.8	105.7
155.8	106.5
155.8	106.8
155.9	107.6
156	108.1
156.1	108.4
156.1	108.6
156.3	108.6
156.4	107.6
156.5	105.7
156.7	105
156.8	106.3
156.8	107.3
156.8	107.6
157	108.4
157.1	109.2
157.2	109.4
157.3	110.5
157.3	110.7
157.3	112.1
157.5	112.3
157.7	111.8
157.7	109.7
157.7	107.8
157.7	106.3
157.8	104.7
157.8	104.7
157.9	102.6
158	104.7
158.1	102.8
158.3	100.7
158.4	98.4
158.5	96.5
158.5	95.2
158.5	94.1
158.5	92.3
158.5	91
158.5	91
158.6	89.7
158.6	89.1
158.7	88.6
158.7	88.3
158.8	88.3
158.9	89.9
159.1	91.8
159.3	94.4
159.4	96.5
159.4	97.3
159.4	98.4
159.5	99.7
159.6	100.5
159.8	101
159.9	101.8
159.9	103.4
160	104.4
160.1	105.2
160.1	107.1
160.3	108.9
160.3	109.2
160.3	110.2
160.4	111.5
160.6	112.3
160.7	110.7
160.9	107.3
161.2	105.5
161.2	105.2
161.2	104.2
161.2	103.4
161.3	103.6
161.3	103.9
161.3	105.7
161.3	106.5
161.3	107.1
161.3	108.1
161.4	110
161.5	111.5
161.5	111.8
161.5	111.8
161.6	112.9
161.7	113.4
161.9	114.4
162	113.1
162	112.3
162.1	110
162.1	108.9
162.2	107.1
162.4	105.7
162.4	107.1
162.5	108.6
162.6	110.2
162.9	111
162.9	110.7
162.9	108.6
162.9	106.8
163	105.7
163	105
163.1	103.1
163.2	101.5
163.3	100.5
163.4	103.1
163.5	105.5
163.6	108.1
163.6	108.6
163.6	110.5
163.6	111.3
163.7	111.8
163.8	109.4
163.9	107.6
163.9	107.6
164	108.4
164.1	110.5
164.4	113.4
164.5	114.4
164.7	115
164.7	112.9
164.7	111
164.8	109.7
164.9	109.2
164.9	108.9
165.1	108.9
165.3	108.6
165.5	107.1
165.5	106.5
165.6	106
165.7	106
165.9	107.3
166	110.2
166	112.3
166.2	115.8
166.4	117.6
166.4	118.1
166.5	120.5
166.5	121.6
166.6	122.1
166.6	121.3
166.6	119.4
166.6	119.2
166.6	116.8
166.6	116.3
166.7	114.4
166.8	113.1
166.9	112.3
167	111.3
167	110.7
167	110.7
167.1	110
167.1	109.7
167.2	109.4
167.3	110.2
167.3	110.5
167.3	111.5
167.7	112.9
167.9	113.1
168.2	114.4
168.5	115.5
168.6	116.3
168.7	116.3
168.8	114.2
168.8	112.6
168.8	112.1
169	112.1
169.1	110.7
169.3	108.9
169.6	107.3
169.7	106
169.7	105.2
169.9	105.7
170	108.1
170.1	109.4
170.2	111.5
170.2	112.1
170.4	110.2
170.6	111
170.8	113.6
171	114.7
171	114.7
171.2	112.3
171.3	110.2
171.4	108.9
171.6	107.8
171.7	107.3
171.7	106.5
171.7	105.2
171.8	104.2
171.9	103.4
171.9	104.7
172.1	105
172.1	104.7
172.2	103.9
172.2	103.1
172.3	103.4
172.4	104.4
172.4	105.5
172.6	105.7
172.7	104.7
172.8	104.4
172.8	104.4
172.9	105.2
172.9	106.8
173	107.1
173	108.1
173	108.1
173.1	109.2
173.1	109.2
173.3	108.4
173.3	108.1
173.3	107.3
173.4	107.3
173.5	107.8
173.6	109.7
173.6	110.2
173.6	111
173.6	111
173.8	112.9
173.9	115
174	115.5
174	118.1
174.1	122.3
174.1	123.9
174.1	125.2
174.2	126.6
174.2	127.6
174.3	127.4
174.4	125
174.6	122.6
174.6	120
174.6	118.4
174.6	117.3
174.6	116.5
174.6	116.3
174.7	115.5
174.7	113.6
174.7	112.1
174.7	111
174.8	110.5
174.8	110
175	109.4
175.1	110.2
175.1	110.5
175.2	111.5
175.3	112.6
175.3	112.9
175.3	111.8
175.4	111.3
175.5	110
175.6	109.4
175.6	109.2
176	109
176	109.3
176	110.8
176.1	111.1
176.2	111.4
176.3	110.3
176.4	109
176.5	108.2
176.7	109.5
176.7	110.6
176.7	111.1
176.9	112.1
177.1	113.7
177.2	112.7
177.2	110.8
177.1	108.2
177.1	106.6
177.1	104.3
177.2	102.7
177.3	101.7
177.4	101.7
177.6	103
177.7	105.1
177.7	105.3
177.7	104.3
177.8	103.5
177.9	103.3
178.1	105.1
178.2	105.3
178.4	106.4
178.5	107.4
178.6	110
178.7	110.6
178.8	111.9
178.9	111.1
179	108.7
179	108.5
179.1	108.2
179.2	109
179.4	110.6
179.5	110.6
179.6	108
179.7	106.1
179.9	107.7
180.1	110.3
180.3	112.4
180.3	112.7
180.5	114
180.6	112.7
180.7	111.4
181	114.2
181	114.2
181	116.8
181.1	118.4
181.3	120
181.3	118.4
181.5	115.5
181.5	113.7
181.6	112.1
181.6	111.9
181.6	110.3
181.6	109.5
181.8	107.7
181.8	107.4
181.9	106.4
181.9	106.1
181.9	105.6
182	104.6
182	105.3
182.1	105.6
182.2	107.2
182.2	108.2
182.1	109.3
182.4	110
182.6	110
182.8	108.2
182.9	106.1
182.9	105.6
183	104.8
183	104
183.1	104
183.2	105.3
183.3	106.9
183.5	109
183.5	109
183.8	110.3
183.8	111.6
183.9	112.7
183.9	112.7
184	113.7
184.3	115.3
184.4	113.7
184.5	113.2
184.6	113.7
184.8	115.3
184.9	116.6
185.1	114.7
185.2	112.7
185.3	111.4
185.5	113.4
185.6	114.5
185.8	115.8
185.8	116.3
185.9	117.9
186	118.7
186	119.5
186.1	119.5
186.2	117.1
186.4	115.8
186.5	115
186.5	114.2
186.7	113.2
186.7	112.1
186.9	111.1
187.1	111.4
187.1	111.4
187.2	111.1
187.2	110.3
187.4	109
187.4	108.7
187.4	108
187.4	106.6
187.4	106.6
187.6	107.4
187.8	108.5
187.9	108.7
188	110
188	111.9
188	112.7
188	112.9
188.2	114.2
188.2	114.5
188.4	114.5
188.6	114.5
188.7	113.2
188.7	111.1
188.7	110
188.9	109.3
189	108.7
189.2	109
189.3	109.8
189.4	110.8
189.4	111.1
189.5	111.9
189.5	112.4
189.6	112.7
189.7	111.9
189.8	111.1
190	111.4
190.1	112.4
190.2	113.7
190.2	114
190.2	114
190.4	113.2
190.5	112.1
190.6	111.1
190.7	112.4
190.7	114
190.9	114.5
191	113.7
191.1	112.7
191.2	112.4
191.3	111.6
191.3	110.8
191.4	109.8
191.5	108.7
191.6	108
191.8	107.2
192	106.9
192.1	108.5
192.2	111.6
192.2	112.1
192.2	113.4
192.2	114
192.6	115.8
192.7	115
192.8	113.4
192.8	111.1
193	109.8
193	109.8
193.2	111.9
193.2	113.4
193.2	115
193.2	115.3
193.2	116.3
193.4	117.9
193.5	118.7
193.5	119.7
193.7	121.3
193.8	122.3
193.9	121.8
194	121.3
194	120
194.1	116.8
194.2	115
194.2	114
194.2	112.9
194.3	112.7
194.3	111.9
194.3	110.6
194.3	109.8
194.3	111.4
194.3	111.9
194.5	112.7
194.6	114
194.6	115.8
194.7	117.1
194.8	119.2
194.8	119.5
194.8	119.7
195	120
195.1	119.5
195.3	116.6
195.5	115
195.5	114
195.5	112.7
195.6	112.7
195.6	112.9
195.6	114.5
195.6	115
195.6	115
195.6	116.1
195.6	117.6
195.6	118.9
195.7	119.7
195.7	120.5
195.9	121.3
196	121.5
196.1	120.2
196.2	119.2
196.2	117.6
196.3	116.3
196.3	116.1
196.3	114.5
196.3	112.4
196.4	110.8
196.4	110.3
196.5	110
196.6	110
196.7	110.6
196.8	114.7
196.8	116.1
197	118.4
197	119.5
197	121.3
197	123.6
197	123.9
197.1	127
197.1	128.6
197.2	127.6
197.3	125.2
197.5	121.3
197.6	119.5
197.7	117.4
197.7	116.8
197.7	115.5
197.8	114
197.8	112.9
197.8	111.4
197.9	110
197.9	109
197.9	109
198.1	109.8
198.2	109.8
198.2	110.3
198.3	111.1
198.4	112.4
198.4	112.9
198.4	114
198.4	114.7
198.5	116.3
198.6	117.6
198.6	118.4
198.7	119.7
198.7	119.7
198.8	120
199	118.9
199	118.4
199.1	117.4
199.1	116.8
199.1	116.1
199.2	114
199.2	114
199.2	114
199.3	114.7
199.4	117.4
199.5	118.4
199.6	120.2
199.7	120.2
199.7	120.8
200	119.2
200.1	117.4
200.1	115.8
200.1	115.5
200.1	114.7
200.1	113.2
200.1	112.4
200	111.6
200	111.1
200.1	109.8
200.3	109.3
200.4	109.8
200.5	111.1
200.5	111.4
200.5	112.1
200.6	114.2
200.7	116.1
200.7	117.1
200.1	117.6
200.1	116.1
200.1	115.5
200.1	114.2
200.1	113.4
200.1	112.1
200.1	109
200.2	108
200.4	108.7
200.4	109.5
200.4	110.8
200.4	112.4
200.4	113.4
200.4	114.5
200.5	115.3
200.5	116.1
200.9	116
200.9	114.4
200.9	113.8
200.9	113.3
200.9	112
200.9	110.4
200.9	108.6
200.9	108
201	107
201	105.1
201.1	103.8
201.2	103
201.3	104.6
201.4	105.4
201.5	105.9
201.6	105.7
201.8	105.1
202	105.7
202.2	107.2
202.2	108.8
202.2	108.8
202.2	110.4
202.2	112.3
202.4	114.6
202.5	116
202.7	114.4
202.8	112
202.8	110.2
202.9	109.6
202.9	108.6
202.9	106.5
202.9	104.9
202.9	104.3
202.9	103
202.9	102.8
203	100.9
203	99.3
203	99.3
203.1	101.2
203.3	102.8
203.3	104.3
203.4	105.7
203.4	106.2
203.5	106.2
203.6	104.9
203.6	102.5
203.6	102.2
203.6	101.2
203.6	100.9
203.6	100.1
203.6	99.3
203.7	98
203.7	98
203.9	96.9
204.1	97.2
204.1	98
204.1	98.8
204.3	100.4
204.3	101.2
204.4	102.5
204.6	102.8
204.8	102.2
204.8	102
205	102.2
205	103
205.1	104.9
205.2	105.4
205.3	106.7
205.3	106.7
205.3	107.2
205.3	107.5
205.3	108.8
205.3	109.6
205.3	110.9
205.3	110.9
205.6	112.3
205.8	112.3
206	110.9
206.1	110.9
206.2	111.2
206.3	112.5
206.4	113.6
206.6	113.8
206.6	113.6
206.7	111.2
206.8	110.2
206.8	108.8
206.8	107.2
206.9	105.9
207.1	105.4
207.3	106.7
207.4	109.1
207.4	109.9
207.4	110.9
207.5	111.7
207.6	113.3
207.6	113.8
207.7	115.4
207.7	116.5
207.7	116.8
207.9	117.8
208	118.3
208	117
208.1	114.9
208.1	114.4
208.2	113.3
208.3	111.7
208.4	111.5
208.5	112
208.6	110.9
208.6	109.6
208.7	108
208.8	107
208.9	105.9
208.9	105.9
209	105.7
209.1	106.2
209.3	106.2
209.3	105.9
209.3	105.1
209.4	105.1
209.5	103.8
209.5	103.6
209.7	102.8
209.9	103.3
209.9	105.1
209.9	105.4
210	106.5
210.1	108
210.2	109.6
210.4	110.7
210.5	111.2
210.6	110.9
210.6	109.4
210.7	107.8
210.9	105.7
210.9	104.1
211	102.5
211	101.2
211.1	100.1
211.1	99.9
211.1	100.6
211.2	103
211.4	103.8
211.4	104.3
211.5	105.4
211.6	105.9
211.9	107.5
212	107.5
212	107.5
212.1	108.8
212.2	110.4
212.1	112.5
212.1	113.6
212.2	113.8
212.3	113.6
212.4	112.3
212.5	111.5
212.6	112.5
212.7	112.8
212.9	112.5
213	110.7
213.1	109.1
213.2	108
213.4	107.2
213.5	106.7
213.6	108.6
213.6	110.4
213.7	112
213.9	113.6
214.1	116.2
214.1	118.3
214.1	119.7
214.1	119.9
214.1	121.5
214.2	122.8
214.5	122.8
214.7	123.4
214.8	124.7
214.9	126
215	128.6
215.1	128.9
215.2	129.2
215.2	126.8
215.2	125.5
215.4	124.9
215.4	125.2
215.5	126.8
215.5	126.8
215.5	128.1
215.6	128.9
215.9	127.1
216	125.5
216.1	125.2
216.2	124.1
216.3	123.9
216.5	123.6
216.8	123.1
216.9	121.8
217	119.9
217.1	118.9
217.1	118.3
217.1	118.1
217.2	118.6
217.3	120.2
217.5	119.9
217.6	119.4
217.6	118.3
217.6	118.1
217.8	119.4
217.8	120.7
218	122.3
218	123.1
218.3	124.4
218.3	124.9
218.3	124.7
218.4	122
218.5	120.7
218.6	119.4
218.6	118.3
218.6	117.8
218.7	117.3
218.8	116.8
219	117
219	118.6
219.2	119.9
219.2	120.7
219.2	121.8
219.2	122.3
219.2	122.8
219.3	123.9
219.3	124.7
219.5	124.7
219.5	123.6
219.6	122.6
219.8	122.6
220	121.2
220.1	120.2
220.1	119.1
220.1	118.3
220.2	117
220.3	116.2
220.3	116
220.3	115.7
220.6	116
220.6	117.5
220.6	118.3
220.6	118.6
220.7	118.9
220.8	118.3
221	118.9
221.1	119.1
221.1	119.9
221.2	120.2
221.2	120.5
221.5	120.2
221.5	120.7
221.5	121.2
221.6	122.8
221.7	122.8
221.7	124.1
221.8	124.9
221.9	126.5
222	128.6
222.1	127.3
222.2	126.3
222.5	125.5
222.5	125.2
222.6	125.2
222.7	126.3
222.7	127.3
222.7	127.8
222.8	128.9
222.8	129.2
222.8	129.7
222.9	130.7
223	130.5
223.1	129.2
223.1	128.4
223.2	127.8
223.3	128.4
223.3	129.2
223.3	129.7
223.4	130.2
223.4	130.7
223.5	130.7
223.7	130.5
223.8	129.2
224	128.9
224.2	129.4
224.3	128.6
224.3	128.1
224.3	127.1
224.3	126
224.3	124.9
224.3	123.6
224.3	123.4
224.3	123.1
224.3	122.6
224.4	122
224.4	121.5
224.6	121.2
224.7	120.7
224.8	119.9
224.8	119.4
224.9	118.6
224.9	118.3
225.1	116.8
225.1	116
225.1	115.7
225.4	117
225.4	117.8
225.4	117
225.5	117
225.6	116.8
225.7	118.1
225.7	118.3
225.7	119.7
225.9	121
226	120.2
226	118.3
226	116.5
226	116.5
226	115.4
226.2	115.7
226.2	116.8
226.3	116.5
226.4	115.2
226.5	113.8
226.7	114.1
226.7	114.4
226.8	115.4
226.8	116
227	115.7
227.1	115.2
227.1	113.8
227.2	112
227.3	109.9
227.4	108.6
227.4	108.3
227.5	108.3
227.7	109.1
227.8	110.9
227.8	112.5
227.8	113.8
227.8	116
228	117.5
228.3	119.1
228.3	120.7
228.4	121.5
228.4	122
228.4	122.3
228.4	122.3
228.5	124.1
228.5	126.5
228.5	127.8
228.6	129.2
228.6	130
228.6	130.5
228.6	131.3
228.8	132.3
228.9	134.2
228.9	135.8
228.9	136.8
229	137.9
229	137.9
229.1	138.4
229.3	138.9
229.3	137.6
229.4	134.4
229.4	133.1
229.4	133.1
229.4	130.7
229.3	127.1
229.3	124.4
229.3	124.1
229.3	123.4
229.3	123.1
229.1	121.8
229.1	120.2
229.1	117
229.2	114.4
229.3	111.2
229.3	110.4
229.4	108
229.4	107.2
229.5	105.4
229.5	103.3
229.5	101.2
229.6	97.5
229.6	95.4
229.7	94.6
229.8	93
229.8	90.6
229.8	88
229.9	85.6
229.9	85.3
230	83.5
230.1	80.8
230.1	80.3
230.1	78.7
230.2	76.9
230.3	74.8
230.3	72.7
230.4	71.3
230.5	69.8
230.7	69.2
230.8	69.8
231	71.6
230.8	74.5
230.8	75
230.9	75.8
230.9	79.3
231	79.5
231	81.9
231.2	85.1
231.2	88
231.2	90.1
231.3	90.6
231.3	91.4
231.3	92.2
231.4	95.6
231.5	97.5
231.8	100.9
231.8	104.9
231.9	105.1
232	107.2
232.1	107.5
232.3	108.8
232.4	109.6
232.8	109.6
232.9	109.6
233	111.7
233.2	115.7
233.2	116
233.4	119.4
233.4	120.5
233.6	121
233.8	121
233.9	120.5
234	121.2
234.3	127.1
234.3	132.9
234.4	134.2
234.4	134.7
234.5	135.8
234.6	132.9
234.7	131.3
234.7	131
234.8	129.2
234.9	127.6
235.1	126.5
235.2	126.5
235.4	128.4
235.5	130
235.6	130.2
235.6	131
235.8	130.7
235.9	129.2
235.9	128.6
236	128.4
236.1	129.7
236.2	131.3
236.5	132.6
236.5	132.6
236.6	131
236.7	129.7
237	128.9
237.2	129.2
237.4	129.7
237.5	131.5
237.5	132.1
237.5	133.4
237.5	134.4
237.6	134.2
237.7	133.9
237.7	132.3
237.7	133.4
237.8	135.2
237.8	136.3
237.9	137.6
238	137.6
238.1	138.7
238.4	136.6
238.4	134.2
238.4	132.3
238.4	132.1
238.5	131.5
238.6	130.5
238.6	130.2
238.7	130.2
238.8	131.8
238.8	133.1
239	133.9
239.2	133.1
239.2	132.9
239.3	133.7
239.3	133.4
239.4	131.8
239.6	130.7
239.7	130.7
239.8	129.4
239.8	129.2
240	128.1
240	128.1
240.1	127.8
240.1	127.3
240.1	126.8
240.1	126
240.4	126.5
240.5	128.6
240.5	127.3
240.6	126.3
240.9	126.8
241	128.9
241	129.2
241	129.2
241	130.2
241.1	130.7
241.2	129.7
241.3	129.7
241.3	131
241.3	131.5
241.3	132.3
241.5	133.7
241.7	132.3
241.8	131.5
241.8	130
241.8	128.4
241.9	126.5
241.9	126.3
241.9	124.7
241.8	123.6
242	125.7
242	125.7
242.1	127.3
242.1	127.6
242.2	128.4
242.3	128.4
242.6	127.8
242.6	128.1
242.7	129.4
242.8	130.5
243.1	131.3
243.1	131.3
243.3	129.4
243.3	127.6
243.5	125.5
243.6	124.9
243.6	123.6
243.7	122.6
244.1	123.1
244.1	125.5
244.1	125.7
244	127.6
244	130
244	131.8
244	133.7
244	134.2
244.1	137.6
244.1	137.6
244.2	137.6
244.5	134.7
244.5	131.8
244.6	130.2
244.7	128.1
244.7	126.3
244.7	125.7
245	123.6
244.9	120.2
244.9	118.3
244.9	118.1
244.9	115.7
245	113.8
245.1	112
245.2	109.4
245.3	106.7
245.4	105.4
245.5	103.8
245.5	101.7
245.6	100.1
245.7	100.9
245.8	101.2
245.8	103
246	105.4
246.3	110.2
246.3	111.5
246.3	111.7
246.3	113.8
246.3	116.2
246.4	117.3
246.5	121.5
246.6	125.7
246.6	126
246.6	128.4
246.7	131.8
246.7	134.2
246.8	135.2
246.9	132.6
246.9	132.3
247	130.5
247.1	129.2
247.2	127.6
247.3	128.6
247.4	129.7
247.4	130.5
247.5	132.6
247.6	134.4
247.7	135.8
247.7	136.6
247.7	138.1
247.7	138.4
247.7	138.7
247.8	137.9
247.9	135.2
247.9	135
248.1	133.4
248.2	133.1
248.2	132.3
248.3	130.7
248.3	129.2
248.3	129.2
248.4	131
248.5	133.1
248.6	135.5
248.7	135.5
248.7	136.3
248.8	137.1
248.8	137.1
248.9	134.7
248.9	132.9
248.9	131.3
248.9	130.2
248.9	129.4
248.9	128.4
248.9	127.1
249.1	126
249.2	125.5
249.3	125.5
249.5	125.7
249.6	126
249.7	127.3
249.8	129.2
249.9	130.7
249.9	131
249.9	131.8
249.9	132.9
249.9	133.7
250.1	133.1
250.1	132.9
250.2	131.8
250.3	131.3
250.4	131.3
250.7	130.2
250.7	129.4
250.8	126.8
250.9	124.9
250.9	124.1
250.9	123.1
251	121
251	118.9
251.2	117.5
251.3	117.3
251.4	115.7
251.4	114.1
251.4	112.5
251.4	110.7
251.5	109.1
251.6	106.7
251.6	104.9
251.7	102.8
251.7	101.2
251.7	98.8
251.7	98.3
251.8	98
251.8	96.9
251.8	95.1
251.8	94.6
251.9	93.8
252	93
252.2	93.3
252.2	95.1
252.2	95.4
252.3	97.2
252.5	97.5
252.5	97.2
252.7	99.3
252.7	100.9
252.8	101.7
252.8	103
253	104.6
253.1	105.4
253.1	106.7
253.1	106.7
253.1	108
253.1	109.6
253.1	112
253.2	114.4
253.4	117
253.3	120.7
253.3	121
253.3	123.4
253.3	124.9
253.4	126.8
253.5	129.2
253.6	129.4
253.6	130.7
253.6	132.6
253.8	135
253.9	136
254	136.6
254.2	138.1
254.4	137.9
254.5	138.7
254.5	137.6
254.5	133.4
254.5	131.3
254.6	129.4
254.6	127.8
254.6	127.6
254.7	124.7
254.8	123.4
254.9	121.8
254.9	121.5
255	119.4
255.1	117.8
255.3	117.3
255.4	118.3
255.3	121.2
255.5	124.1
255.5	124.4
255.5	126.3
255.5	127.6
255.6	128.9
255.8	130.5
255.8	131.3
255.8	132.1
255.9	132.6
256.2	130.5
256.2	130.2
256.3	129.4
256.4	127.8
256.5	127.6
256.6	127.6
256.8	127.6
257.1	128.9
257.3	131
257.3	131
257.3	133.9
257.3	134.2
257.3	135.5
257.3	137.9
257.3	139.2
257.3	139.5
257.5	140.8
257.6	141
257.6	141.3
257.7	139.7
257.9	137.9
258.1	137.4
258.2	137.4
258.4	139.2
258.4	141.3
258.4	142.9
258.5	141.8
258.7	140.8
258.8	140.8
258.9	143.2
259	145
259.1	146.3
259.1	146.9
259.3	145
259.3	142.1
259.5	139.2
259.5	136.8
259.6	132.9
259.6	131.8
259.7	131.8
259.7	130.5
259.8	130.2
259.9	129.2
259.9	129.2
260	129.2
260.1	129.7
260.1	130.7
260.2	131.5
260.5	131
260.6	131.8
260.7	131.8
260.8	133.1
261	134.4
261	135.5
261	136.6
261.1	137.6
261.2	138.9
261.3	138.7
261.4	138.1
261.5	138.1
261.6	138.9
261.7	139.2
261.8	137.9
261.9	136.8
262	135.8
262	134.4
262.2	132.9
262.2	132.6
262.3	131.5
262.5	130
262.7	129.2
262.7	131.5
262.8	132.9
262.9	132.9
263.1	131.8
263.3	130.7
263.4	130.5
263.6	130.2
263.9	131
263.9	132.6
263.9	133.9
263.8	134.2
263.8	135.5
263.8	135.8
263.9	137.4
263.9	139.2
264	139.7
264	139.7
264.1	139.7
264.2	137.9
264.4	135.5
264.5	135
264.5	133.7
264.5	133.1
264.7	131.8
264.7	131.3
264.9	130
264.9	130
264.9	129.2
265	127.8
265.2	125.7
265.2	125.5
265.4	126.8
265.5	128.6
265.5	130
265.5	130.2
265.7	131
266	131.8
266	132.9
266	133.1
266.1	134.2
266.2	135.2
266.2	135.2
266.2	136.3
266.3	134.7
266.4	133.1
266.4	133.1
266.5	131.8
266.5	130.5
266.5	129.4
266.6	128.6
266.7	128.6
266.7	128.6
266.7	129.7
266.8	130.7
267	129.2
267.1	128.6
267.1	128.6
267.3	130
267.4	130.7
267.6	131.8
267.7	130
267.7	128.1
267.8	127.3
268	126.3
268	125.2
268	124.4
268	124.1
268.1	124.1
268.2	126.3
268.3	126.5
268.4	126.8
268.5	125.5
268.5	124.7
268.5	124.4
268.7	123.1
268.7	122
268.8	120.7
268.8	120.5
268.8	118.9
269.3	119.9
269.4	122
269.4	123.1
269.6	124.1
269.7	125.7
269.7	127.3
269.7	129.2
269.7	131.3
269.8	132.9
270	135
270.1	136.6
270.1	137.6
270.2	139.2
270.3	138.9
270.5	138.1
270.6	139.7
270.6	140.8
270.6	140.8
270.7	141.6
270.8	141.6
271	141
271	140.5
271	139.2
271.1	140.3
271.2	142.1
271.2	142.4
271.3	142.9
271.4	142.4
271.7	139.7
271.7	138.1
271.7	137.9
271.8	136.8
271.8	135.5
271.8	134.2
271.8	134.2
271.8	133.4
271.8	132.6
272	132.6
272.1	133.1
272.1	133.7
272.1	133.9
272.2	133.9
272.2	133.1
272.3	132.6
272.6	132.9
272.6	133.9
272.6	134.2
272.6	135
272.8	135.8
272.9	133.1
273.1	132.9
273.2	132.9
273.3	134.2
273.4	136
273.5	137.6
273.6	138.7
273.6	138.9
273.7	139.2
273.8	139.2
273.9	136.3
273.9	134.4
273.9	132.3
273.9	130
273.9	129.7
274.1	127.1
274.1	125.2
274.1	124.7
274.1	124.4
274.1	123.9
274.2	123.4
274.3	124.1
274.3	124.4
274.4	124.7
274.6	124.4
274.7	124.9
274.8	126.3
274.8	126.5
274.9	127.6
274.9	127.8
275	129.4
275.1	130.7
275.2	132.1
275.2	133.4
275.2	133.7
275.3	134.2
275.4	134.4
275.6	132.1
275.6	132.1
275.6	132.1
275.7	134.7
275.7	135.8
275.7	135.5
275.7	136
275.7	136.6
275.9	137.6
275.9	137.6
275.9	137.9
275.9	137.6
276	137.6
276.1	137.6
276.2	138.1
276.2	138.7
276.2	138.9
276.2	138.9
276.3	137.4
276.3	136.6
276.4	136
276.4	134.7
276.4	133.9
276.6	133.4
276.8	133.1
276.8	132.6
276.9	131.8
276.9	130.5
277	129.7
277	128.9
277.2	128.9
277.3	130
277.4	131.5
277.4	132.1
277.4	133.4
277.4	133.7
277.5	133.7
277.5	133.4
277.6	132.3
277.7	131.5
277.7	131.3
277.8	130.7
277.9	130.2
277.9	129.7
278	128.9
278	128.1
278	127.1
278	126.5
278.1	126
278.1	125.2
278.2	124.1
278.4	122.8
278.5	122.3
278.6	123.6
278.6	125.2
278.6	125.5
278.8	126.5
278.8	127.8
278.9	128.9
278.9	130.2
278.9	131
279	131
279	130.7
279.1	130.2
279.1	130.2
279.1	130.5
279.2	131
279.3	131.8
279.3	132.3
279.4	132.6
279.5	131.5
279.6	130.2
279.7	129.4
280	131.3
280	131.5
280	132.6
280.1	133.9
280.1	134.4
280.3	135
280.3	134.2
280.4	132.1
280.4	130.7
280.4	130.2
280.4	129.4
280.5	128.1
280.5	127.1
280.6	125.2
280.8	124.1
280.8	123.9
280.8	123.9
281	125.5
281.1	127.3
281.1	128.4
281.2	129.7
281.2	130.7
281.2	131
281.3	130.7
281.3	130.2
281.4	129.2
281.6	128.6
281.8	128.6
281.9	128.6
281.9	128.6
282	129.2
282.2	130
282.3	132.1
282.3	133.1
282.4	132.9
282.6	133.7
282.6	134.2
282.6	134.7
282.7	134.7
282.8	133.9
282.8	133.4
282.8	132.6
282.8	132.1
283	131.8
283	131.8
283.3	131.8
283.4	133.1
283.5	133.9
283.6	133.1
283.6	132.3
283.7	131.3
283.8	130
283.9	128.6
283.9	128.4
283.9	127.6
283.9	126.5
284	125.7
284	125.5
284	124.9
284.1	123.9
284.1	122.6
284.2	121.5
284.2	121.5
284.3	119.4
284.3	119.1
284.4	120.7
284.5	121
284.5	122.6
284.5	123.1
284.5	124.1
284.5	126
284.5	127.3
284.6	128.1
284.6	128.4
284.7	129.2
284.9	130
285.1	129.2
285.3	129.2
285.4	130.2
285.4	132.6
285.4	132.9
285.4	133.4
285.5	135.2
285.5	136
285.5	136.3
285.5	136.6
285.6	136.8
285.7	135.5
285.7	135.2
285.7	133.7
285.7	132.9
285.9	131.8
285.9	131.3
286	130.7
286.1	130.2
286.1	130.2
286.1	129.7
286.1	128.9
286.1	128.6
286.2	128.1
286.4	127.6
286.4	126.8
286.5	126.5
286.5	126.3
286.6	124.7
286.6	124.1
286.6	124.9
286.7	126.8
286.7	128.1
286.8	130
286.9	130.7
287	130.2
287.1	129.4
287.2	129.2
287.2	129.2
287.3	128.9
287.4	128.4
287.4	127.6
287.5	126.5
287.5	125.5
287.6	124.9
287.6	123.9
287.6	123.4
287.6	122
287.7	121.8
287.7	121.8
287.9	121.8
288.1	123.9
288.1	125.7
288.1	126
288.1	127.1
288.1	128.1
288.4	130.5
288.4	131.5
288.5	133.1
288.6	134.4
288.7	135.5
288.7	135.5
288.8	135.8
288.8	135.8
288.8	134.2
288.8	131.8
288.9	129.2
289	128.1
289.1	126.5
289.1	125.7
289.2	124.4
289.2	123.4
289.2	122
289.2	121.2
289.4	119.7
289.4	119.4
289.5	120.7
289.5	121.2
289.6	123.6
289.7	124.7
289.8	125.7
289.8	127.1
289.8	127.6
289.9	128.9
289.9	129.7
290	131.5
290	132.3
290.1	133.9
290.1	133.9
290.2	134.2
290.2	131.8
290.3	129.7
290.4	128.9
290.4	128.4
290.4	127.3
290.4	126.5
290.5	125.7
290.5	125.2
290.6	124.4
290.7	123.4
290.8	122
290.8	122
290.9	120.5
291	121.2
291	122.8
291	122.8
291	124.7
291.1	125.7
291.1	126.5
291.1	127.3
291.2	127.8
291.2	128.4
291.3	128.6
291.3	128.6
291.4	127.8
291.5	126.5
291.5	125.2
291.6	124.4
291.6	124.4
291.8	122.3
291.8	121.8
291.8	121.2
291.8	120.7
291.8	120.5
291.9	119.7
292	121.2
292	121.2
292	122
292.1	122.3
292.2	122
292.4	121.2
292.6	121
292.6	122.3
292.6	123.6
292.8	125.5
292.8	126.5
292.8	127.6
293	129.4
293	130.7
293.1	131.5
293.1	131
293.1	130.7
293.2	129.7
293.2	129.2
293.3	128.6
293.3	128.1
293.3	127.6
293.5	126.5
293.6	125.5
293.6	125.2
293.6	124.1
293.6	123.4
293.7	122.8
293.7	122
293.8	122
294	124.4
294	125.2
294.1	126.3
294.2	126.8
294.5	125.2
294.7	123.9
294.6	122.3
294.6	121.5
294.6	120.7
294.7	119.9
294.8	119.1
295	118.1
295.1	117.5
295.4	118.6
295.3	120.2
295.3	120.5
295.5	118.3
295.7	116.5
295.9	113.3
296	111.5
296.1	110.7
296.1	110.7
296.3	110.4
296.4	106.7
296.4	105.7
296.5	103.8
296.5	103.6
296.6	101.4
296.7	102.8
296.8	103.8
297	105.1
297.1	106.5
297.3	108.8
297.4	109.6
297.5	106.7
297.6	104.1
297.6	101.4
297.6	101.2
297.6	100.1
297.7	98
297.8	95.9
298.2	96.2
298.2	98
298.2	99.1
298.3	99.1
298.4	98.5
298.4	97.2
298.6	95.1
298.6	94.8
298.7	94
298.8	92.5
298.9	90.6
299.1	89
299.1	90.1
299.2	91.9
299.5	98.3
299.4	100.4
299.4	104.3
299.4	108.3
299.4	109.1
299.4	109.6
299.4	112.3
299.4	114.4
299.5	115.2
299.7	119.4
299.7	121.8
299.7	122.3
299.7	123.9
299.6	126.3
299.6	127.8
299.6	128.9
299.6	129.2
299.8	131.5
299.9	132.6
300.1	131
300.3	129.4
300.3	129.2
300.4	127.6
300.4	125.7
300.4	124.7
300.4	123.6
300.4	122.8
300.4	121.8
300.4	119.9
300.4	118.6
300.4	117.3
300.6	116.5
300.4	115.9
300.4	115.6
300.5	114
300.6	112.5
300.6	110.9
300.6	109
300.6	108
300.6	105.6
300.7	105.4
300.8	103.8
300.8	103
301	99.9
301	98
301	97.2
301.1	98.3
301.1	99.6
301.2	100.6
301.2	100.6
301.4	100.6
301.5	99.6
301.5	98.8
301.6	98.5
301.7	97.5
301.8	95.7
301.9	94.9
302.2	95.7
302.2	95.9
302.2	96.4
302.3	96.7
302.4	96.2
302.4	95.9
302.5	95.9
302.5	98
302.6	98.5
302.7	99.1
302.7	99.9
302.8	100.6
303	100.1
303	99.9
303.1	101.7
303.2	103
303.3	104.1
303.3	104.8
303.4	104.6
303.4	103.5
303.5	102
303.5	101.7
303.5	101.7
303.5	100.6
303.5	99.1
303.5	98.8
303.6	96.7
303.7	95.1
303.8	93.5
303.9	92.2
303.9	92
303.9	90.4
304	89.3
304.2	89.3
304.2	89.9
304.3	90.9
304.3	92.2
304.3	93.5
304.4	95.1
304.6	95.9
304.6	97.2
304.6	97.5
304.6	97.8
304.7	99.3
304.7	99.3
304.8	100.1
304.8	100.6
304.9	101.2
304.9	101.2
305	100.4
305.1	99.3
305.1	97.8
305.1	97.5
305.2	96.2
305.3	95.4
305.3	94.6
305.4	95.4
305.4	95.7
305.4	96.2
305.4	96.4
305.5	97
305.5	97.2
305.6	98.3
305.7	99.9
305.7	100.9
305.7	101.4
305.8	101.4
305.8	101.4
305.9	101.2
306	99.6
306	98.3
306	98
306.1	97
306.1	96.4
306.1	95.9
306.2	95.7
306.3	95.4
306.3	95.1
306.4	95.4
306.4	96.4
306.4	96.7
306.5	97.8
306.6	99.1
306.6	100.9
306.6	102
306.6	102.7
306.6	104.1
306.6	104.3
306.7	105.1
306.7	105.4
306.8	106.2
306.9	106.4
307	106.2
307.1	104.8
307.1	102.7
307.1	101.7
307.2	100.1
307.2	98.8
307.3	97.8
307.3	97.2
307.3	97
307.4	96.4
307.5	96.2
307.6	96.7
307.6	97
307.8	100.1
307.8	100.4
308	101.4
308	101.7
308	103
308	103.8
308.1	105.9
308.1	107.5
308.1	107.7
308.1	109.6
308.1	111.4
308.2	113.3
308.2	113.8
308.2	114
308.2	114.6
308.2	114.8
308.2	115.6
308.2	115.9
308.4	117.2
308.4	117.5
308.6	115.9
308.6	115.4
308.7	111.9
308.7	109.6
308.8	106.4
308.9	103.3
308.9	101.7
308.9	99.9
309	98.3
309.1	96.4
309.1	96.4
309.3	94.3
309.3	93.8
309.4	93.5
309.4	93
309.6	92
309.6	89.9
309.7	88.6
309.7	87.2
309.7	87
309.8	85.4
309.9	84.9
310	85.7
310	85.9
310	88
310.2	89.3
310.2	92
310.2	92.2
310.2	93.3
310.2	93.5
310.2	94.3
310.3	96.7
310.3	98.3
310.3	98.5
310.3	98.8
310.3	99.1
310.4	97.8
310.5	97.2
310.5	96.7
310.6	96.4
310.6	96.4
310.8	96.2
310.9	96.4
310.9	96.7
310.9	97.2
310.9	98.8
310.9	99.1
311	100.4
311.1	102.2
311.1	103
311.1	103.3
311.2	104.6
311.2	105.1
311.2	105.9
311.2	106.2
311.3	106.9
311.3	107.5
311.4	107.5
311.5	106.4
311.5	106.2
311.5	104.3
311.5	102.7
311.7	102
311.7	100.9
311.8	99.9
311.9	98.8
312	97.8
312	97.2
312	95.9
312.1	94.9
312.2	95.4
312.2	95.4
312.2	95.9
312.3	98
312.4	99.9
312.4	100.4
312.4	101.2
312.4	101.4
312.4	102.7
312.6	103
312.6	103
312.7	100.6
312.8	97
312.8	95.4
312.7	93.3
312.7	93
312.7	92
312.7	91.2
312.7	89.1
312.7	88
312.7	87.8
312.8	86.7
312.8	85.4
312.8	84.6
312.9	83.3
312.9	82.5
312.9	82
312.9	81.5
313	81.2
313	80.2
313.1	79.1
313.1	78.6
313.2	76.7
313.3	77
313.4	77.5
313.4	79.1
313.6	81.7
313.6	81.7
313.5	83.8
313.5	85.4
313.6	87.2
313.6	87.5
313.6	89.1
313.7	90.4
313.7	90.7
313.8	89.9
313.9	89.3
313.9	88.8
314	89.1
314	90.4
314	90.7
314	91.7
314.2	93.3
314.2	94.1
314.3	97.5
314.4	98.3
314.4	98.8
314.4	99.1
314.5	99.9
314.5	99.9
314.6	102
314.7	103.3
314.8	104.8
314.9	106.2
314.9	106.9
315	108.5
315.1	110.1
315.1	111.7
315.2	112.5
315.3	111.7
315.4	111.4
315.5	112.2
315.5	113.8
315.6	114.6
315.6	114.6
315.7	114.3
315.8	112.7
315.9	111.7
316	113
316	113.8
316.1	113.8
316.1	113.5
316.2	112.2
316.3	110.4
316.4	109
316.6	109.3
316.6	109.6
316.6	110.6
316.6	110.6
316.7	111.7
316.9	113.3
317	113
317.1	111.4
317.1	110.4
317.1	110.4
317.2	111.7
317.2	112.7
317.3	113
317.3	111.7
317.5	110.9
317.8	112.2
317.9	114.3
317.9	114.3
318	116.7
318	116.9
318	117.7
318	118
318.1	120.6
318.1	122.2
318.2	123.8
318.2	126.1
318.2	126.1
318.2	126.9
318.2	127.2
318.2	128.7
318.3	130.1
318.4	131.1
318.4	132.4
318.4	132.4
318.5	133.7
318.5	134.5
318.5	134.5
318.5	135.3
318.6	136.4
318.6	137.2
318.7	138.5
318.8	139.3
318.8	139.8
318.9	140
319	140.3
319.2	138.7
319.3	137.4
319.3	135.3
319.4	134.8
319.4	134.5
319.4	135.8
319.6	136.9
319.6	137.2
319.6	138.2
319.7	139.5
319.7	140
319.8	140.6
319.9	140.8
319.9	141.4
319.9	141.6
320.1	141.6
320.2	140
320.3	138.7
320.3	138.7
320.3	137.4
320.3	136.1
320.4	135.1
320.5	134.8
320.5	133.5
320.6	130.1
320.8	129.3
320.8	127.7
320.8	127.4
320.9	126.6
321	125.3
321.1	123.8
321.2	122.7
321.3	123
321.4	123.2
321.5	124
321.6	124.8
321.7	125.6
321.9	126.1
321.9	127.2
321.9	127.4
321.9	128
322	127.4
322.1	126.6
322.3	126.6
322.3	128
322.4	129.3
322.5	130.1
322.6	129.5
322.7	128.2
322.7	128
322.8	126.4
322.9	125.3
322.9	125.1
323	126.4
323	126.9
323.1	128
323.1	128
323.2	129.5
323.3	130.3
323.6	129.8
323.7	127.4
323.9	126.6
324	125.6
324	124.8
324	123.8
324	123
324	121.9
324	121.4
324	121.7
324.1	123
324.2	123.5
324.2	122.2
324.3	121.7
324.3	121.1
324.3	121.9
324.5	123
324.6	124
324.6	124.3
324.7	125.3
324.7	125.6
324.8	125.6
324.9	124.5
324.9	124.3
325.1	123
325.1	121.9
325.2	121.1
325.2	121.1
325.2	121.4
325.2	121.7
325.2	122.4
325.2	123
325.4	123.8
325.4	124.3
325.5	125.1
325.5	125.3
325.5	125.6
325.6	124.8
325.6	124.5
325.6	123.8
325.6	123
325.6	122.7
325.6	122.7
325.8	122.7
325.8	122.4
325.9	122.7
325.9	123.2
325.9	124.8
326	126.9
326	127.2
326	128
326.2	129
326.2	129.3
326.2	130.1
326.2	130.6
326.4	131.1
326.4	130.9
326.4	129.3
326.4	127.7
326.4	127.4
326.5	126.6
326.5	125.1
326.5	124.8
326.5	123.2
326.6	122.4
326.7	123.5
326.8	124.3
326.8	125.6
327	127.2
327.1	128.5
327.1	128.5
327.1	129.5
327	130.9
327	131.9
327	132.4
327	132.7
327.2	133
327.4	133
327.5	132.4
327.5	131.4
327.5	130.9
327.7	130.9
327.7	130.6
327.8	129.8
327.9	129.3
328	129.8
328	130.1
328	131.1
328.1	131.9
328.1	133.5
328.2	136.4
328.3	137.9
328.4	139.3
328.5	141.6
328.5	142.7
328.5	143.5
328.5	143.7
328.5	144.8
328.6	145.3
328.7	146.9
328.7	147.9
328.7	148.7
328.9	149.2
329	149.2
329.1	147.1
329.1	145.6
329.1	143.7
329.3	141.6
329.3	140
329.3	138.5
329.4	138.5
329.5	138.5
329.7	139.8
329.7	141.6
329.8	142.4
329.8	143.2
329.8	143.7
329.9	144
330.1	143.2
330.2	141.9
330.2	140.6
330.3	139.8
330.4	139.3
330.4	138.5
330.4	137.4
330.5	135.8
330.6	135.8
330.7	135.1
330.7	136.4
330.9	137.2
330.9	137.9
331	137.7
331	137.4
331	136.1
331	136.1
331	135.3
331.1	135.3
331.3	135.8
331.4	136.4
331.5	135.8
331.6	135.3
331.6	134
331.6	133
331.6	133
331.8	133
331.9	133.7
331.9	134.3
332	134.5
332	135.1
332.1	134.5
332.1	133.5
332.1	133.2
332.1	132.4
332.1	131.1
332.2	129.8
332.3	129.5
332.3	127.7
332.2	125.6
332.3	124.3
332.3	124.3
332.5	124.5
332.7	126.9
332.7	129
332.7	129.5
332.7	130.6
332.7	133.2
332.8	135.1
332.8	136.6
332.8	137.4
332.8	137.7
332.8	138.7
332.9	139.8
333.2	139.8
333.2	137.2
333.2	134.5
333.3	132.7
333.4	132.7
333.5	132.4
333.7	132.2
333.8	131.6
333.9	130.3
333.9	129
334.1	127.2
334.1	125.9
334.1	124.8
334.4	124.5
334.4	125.3
334.4	126.1
334.5	127.4
334.5	127.7
334.5	128.5
334.5	131.6
334.5	132.4
334.7	132.7
334.8	131.9
334.9	131.9
334.9	133.2
335	133.2
335.1	135.6
335.2	136.4
335.2	137.2
335.4	138.7
335.3	140.3
335.3	141.4
335.4	142.1
335.5	142.4
335.7	142.4
335.8	141.9
335.9	140
336.1	139
336.2	137.7
336.2	136.4
336.2	134.8
336.2	134.5
336.2	133.7
336.2	133.5
336.2	132.2
336.5	131.4
336.5	131.4
336.7	131.9
336.8	133
336.8	133.2
336.9	133.7
337	134.5
337.1	134.5
337.2	133
337.2	131.9
337.2	131.4
337.2	130.1
337.2	128.5
337.3	128.5
337.4	128.5
337.5	128.5
337.7	129.3
337.7	130.3
337.7	130.6
337.8	132.2
337.8	132.7
337.9	133.5
337.9	135.1
337.9	136.4
337.9	137.4
338	139
338	139
338	139.8
338	140
338	141.1
338	141.6
338.2	140.6
338.4	139.5
338.6	138.7
338.6	138.7
338.5	136.6
338.6	134.8
338.6	133.7
338.8	132.7
338.9	132.7
339	133.5
339.2	134.3
339.3	134.8
339.3	135.3
339.4	135.6
339.5	135.8
339.7	136.6
339.8	137.2
339.7	137.9
339.7	138.2
339.7	138.5
339.7	139
339.7	139.3
339.7	139.3
339.7	139.5
339.8	139.3
339.8	138.2
339.9	137.2
339.9	136.1
339.9	134.8
339.9	134.3
339.9	133.5
340	133
340	131.9
340	131.6
340	131.1
340.1	130.1
340.2	129
340.2	129
340.2	128.7
340.2	127.7
340.4	126.4
340.4	126.4
340.5	125.6
340.6	125.9
340.6	127.2
340.7	128.7
340.7	130.3
340.9	133.2
340.9	133.7
341.1	135.6
341.1	136.1
341.1	137.4
341	138.7
341.1	139.8
341.1	141.9
341.1	142.1
341.3	142.4
341.3	141.1
341.4	139
341.6	137.4
341.8	136.4
341.8	136.1
341.8	135.3
341.8	134.5
341.9	134
341.9	133.5
342	132.4
342	131.6
342.2	130.3
342.2	130.1
342.2	129
342.2	128.2
342.3	127.4
342.4	127.4
342.4	127.4
342.5	128
342.7	129.5
342.8	130.9
342.8	132.7
342.8	132.7
343	133.7
343.1	134
343.2	134
343.3	134
343.3	134
343.3	133.2
343.3	131.6
343.4	130.6
343.5	129.5
343.6	128.7
343.6	128.5
343.6	128.5
343.7	128.7
343.7	129.8
343.8	131.4
344	133
344	133.2
344	133.7
344.1	133.5
344.1	131.6
344.1	130.1
344.2	128.7
344.3	127.2
344.4	125.9
344.5	126.1
344.5	127.7
344.5	129
344.5	130.6
344.7	132.4
344.8	133.5
344.8	133.5
344.8	135.1
344.8	136.1
344.8	136.6
344.8	137.4
345	137.7
345	137.7
345	136.4
345	134.8
345	133.2
345.2	132.2
345.3	131.9
345.4	131.9
345.6	131.6
345.9	132.4
346.1	133
346.2	134
346.2	134
346.1	134.8
346.1	135.3
346.2	135.6
346.2	134.8
346.4	132.7
346.5	132.7
346.5	132.7
346.6	134
346.6	135.1
346.7	136.1
346.7	136.6
346.7	137.2
346.8	137.4
346.9	136.4
346.9	135.1
347.1	131.9
347.1	131.6
347.1	128.2
347.1	126.1
347.3	123.2
347.3	119.8
347.3	118.8
347.3	115.1
347.4	110.4
347.5	106.9
347.5	104.1
347.4	101.2
347.4	100.1
347.4	95.4
347.4	93.5
347.4	90.9
347.4	90.7
347.5	84.9
347.5	83.6
347.7	76
347.5	70.4
347.5	69.9
347.4	66.5
347.4	61.2
347.4	58.6
347.4	56.5
347.6	53.6
347.6	50.7
347.6	47.1
347.6	43.9
347.5	40.5
347.5	38.1
347.5	34.7
347.5	34.4
347.5	33.1
347.7	28.9
347.7	27.1
347.8	24.5
347.8	24.2
347.8	23.2
347.8	17.1
347.8	16.3
347.8	16.3
347.8	13.2
347.9	12.9
348	12.1
348.1	11.6
348.1	11.9
348.3	13.7
348.5	15.8
348.6	17.1
348.8	18.2
348.9	19.2
348.9	19.5
349.1	21.3
349.1	22.1
349.1	23.7
349.2	25.3
349.2	25.5
349.2	26
349.2	27.6
349.4	28.7
349.4	29.7
349.4	30
349.4	30.2
349.5	30.2
349.6	27.6
349.7	26.6
349.7	26.3
349.7	24.7
349.7	24.5
349.8	23.2
349.9	21.8
349.9	20.3
350	19.2
350	19.2
350.2	18.9
350.4	18.7
350.4	18.4
350.5	18.2
350.6	18.2
350.9	17.6
351.1	17.1
351.2	16.6
351.4	15.5
351.5	15.3
351.6	14.5
351.6	13.4
351.7	13.2
351.7	11.9
351.7	11.1
351.7	9.8
351.7	9
351.8	8.4
352.2	8.7
352.2	8.7
352.4	9.2
352.7	8.4
352.7	8.2
352.8	8.2
353.1	9.5
353.1	10.3
353.2	10.5
353.3	10.8
353.5	10.5
353.6	10.3
353.7	10.3
353.7	10
353.9	10
354	10
354	10.3
354.1	11.1
354.2	11.6
354.3	11.6
354.4	11.6
354.7	10.8
354.7	10.3
354.9	10.3
355	10.8
355	11.1
355.1	12.1
355.2	12.4
355.3	12.4
355.5	11.6
355.6	10.3
355.8	8.7
355.8	6.9
355.9	6.9
356	5.8
356	5.8
356.3	6.3
356.5	7.4
356.6	7.9
356.8	7.7
356.9	6.3
356.9	5.8
356.9	5.6
357	5.6
357.2	6.1
357.2	6.3
357.4	6.1
357.6	5.6
357.7	5.6
357.7	5.8
357.8	6.9
357.8	7.4
358	6.6
358.2	6.1
358.2	7.4
358.3	8.4
358.4	8.7
358.4	9.5
358.7	10.5
358.9	11.9
358.9	13.4
359	14.5
359	15.3
359.1	16.3
359.3	16.8
359.4	16.8
359.4	16.8
359.6	16.3
359.6	16.1
359.7	14
359.7	12.9
359.7	12.4
359.8	11.3
359.9	10.8
359.9	9.8
360	9
360.2	8.7
360.2	8.7
360.4	9
360.5	9.2
360.6	9.2
360.8	8.7
360.9	8.2
361.2	8.7
361.2	9.8
361.4	10.8
361.5	10.8
361.8	10.8
362	11.3
362.1	12.4
362.3	13.4
362.5	14.2
362.5	14.5
362.6	15.5
362.7	15.3
362.7	14.7
362.8	14
362.9	14
363.2	14
363.3	14
363.4	12.6
363.6	11.6
363.9	11.1
364	10.8
364.4	10.3
364.5	10.3
364.6	10.8
364.7	11.3
364.8	12.6
365	12.9
365.1	13.4
365.2	14.5
365.2	14.7
365.2	15.5
365.4	16.6
365.6	15.3
365.7	14.7
365.7	14.5
366	15
366.1	15.8
366.3	16.6
366.6	15.3
366.6	14.7
366.6	14
366.6	13.4
366.7	11.6
366.8	9.8
366.9	9
367	8.2
367.3	8.7
367.3	9
367.4	9
367.6	7.9
367.9	7.4
368	7.4
368.1	7.9
368.2	9
368.2	9
368.5	8.4
368.7	8.2
368.8	8.7
369	9
369.1	8.7
369.2	8.4
369.4	7.9
369.8	7.7
369.9	7.7
369.9	7.1
369.9	6.9
370	6.6
370	6.1
370.1	5.8
370.2	6.9
370.4	8.2
370.7	9.2
370.7	10
370.8	10.3
370.9	10.5
371	10.5
371	11.1
371.1	11.6
371.1	11.6
371.4	11.1
371.6	10.8
371.7	11.6
371.7	11.6
371.8	12.6
371.8	13.2
371.9	13.7
372.1	14.2
372.1	15.3
372.2	16.1
372.2	18.4
372.3	18.9
372.3	19.5
372.4	20.3
372.4	20.3
372.5	21
372.5	22.1
372.7	22.4
372.7	22.1
372.9	20.5
372.9	19.5
373	16.3
373	15
373.1	14.5
373.2	13.7
373.3	12.6
373.4	12.4
373.4	12.1
373.5	11.3
373.6	10.8
373.6	10.5
373.7	9.8
373.8	9.8
373.9	9.8
374	10.5
374	11.6
374.1	12.4
374.1	11.3
374.2	11.1
374.2	10.8
374.4	10.3
374.7	10.3
374.7	10.5
374.8	11.6
375	13.2
375	13.7
375.1	13.7
375.2	13.7
375.3	13.7
375.4	13.4
375.4	12.9
375.5	12.6
375.5	12.4
375.7	13.4
375.7	13.7
375.6	13.7
375.8	12.4
376	11.9
376.2	12.1
376.2	12.6
376.2	13.7
376.2	15.5
376.2	15.5
376.2	16.8
376.3	18.7
376.3	19.2
376.3	19.5
376.4	20.3
376.5	21.6
376.6	22.9
376.6	23.4
376.7	23.7
376.7	24.2
376.8	24.2
376.8	24.5
376.8	24.5
376.9	24.5
376.9	24.5
377.1	22.9
377.2	20.5
377.2	18.7
377.2	18.2
377.3	16.8
377.5	15
377.7	13.4
377.7	12.6
377.7	12.1
377.9	11.3
378.1	10.5
378.2	9
378.3	7.9
378.4	7.1
378.6	7.9
378.7	7.9
378.9	7.1
379	6.9
379.1	6.1
379.3	5.3
379.6	5.8
379.7	6.9
379.8	5.8
379.9	4.8
379.9	4.5
379.9	4.5
380.1	4.5
380.2	4.2
380.4	4.2
380.6	3.5
380.8	3.2
381.1	3.2
381.6	3.2
381.7	3.2
381.9	2.9
382	4.5
382	5.6
382.1	7.4
382.2	8.2
382.3	8.7
382.5	8.7
382.5	8.4
382.5	7.4
382.6	6.3
382.7	5.6
383	4.5
383	5.3
383.1	5.6
383.1	5.8
383.2	5.6
383.4	5.3
383.4	4.5
383.8	4.2
383.9	4.2
384	4.2
384.1	4.2
384.3	4.2
384.5	4.2
384.7	4.5
385	5.3
385	5.3
385	5.6
385.2	6.3
385.2	6.6
385.3	7.1
385.4	7.7
385.5	8.7
385.6	9.8
385.6	10.3
385.7	10.8
385.8	11.1
385.9	10.8
385.9	10.5
386	9.5
386.1	8.7
386.2	7.9
386.3	7.4
386.3	6.9
386.5	6.3
386.7	5.8
386.8	5.8
386.9	6.3
387	6.6
387.1	6.6
387.2	6.3
387.4	5.6
387.4	5.6
387.6	6.1
387.7	6.3
387.8	7.1
388	8.2
388.1	8.7
388.3	9.8
388.3	9.8
388.4	8.7
388.5	8.4
388.6	7.7
388.8	7.1
388.9	6.9
389	6.6
389.2	6.3
389.2	6.3
389.4	6.3
389.6	6.1
389.6	6.1
389.9	6.1
390	6.1
390.3	6.1
390.5	6.1
391.2	6.6
390.7	7.7
390.8	8.2
390.9	8.4
391	9.2
391.1	10.3
391.2	11.3
391.3	12.1
391.3	12.1
391.3	12.4
391.6	12.1
391.6	10.8
391.6	10.8
391.8	9.5
391.9	8.7
392	8.2
392.1	8.2
392.3	8.2
392.6	8.7
393	10
393.2	10.8
393.2	11.3
393.4	9.8
393.5	9.2
393.5	9.2
393.5	9.2
393.7	8.4
393.8	7.7
393.9	7.1
393.9	6.9
394	6.6
394.2	6.1
394.4	5.8
394.4	6.6
394.4	7.9
394.7	8.4
394.9	7.7
395	7.1
395.2	7.1
395.4	7.7
395.6	7.7
395.7	8.4
395.8	8.7
395.9	8.4
396	8.4
396.1	8.4
396.1	8.4
396.2	9.2
396.4	9.8
396.5	9.2
396.7	9
397	9.8
397	10
397.1	10
397.2	9.8
397.3	9.8
397.4	10.5
397.5	10.3
397.5	9.2
397.5	8.7
397.7	8.7
397.7	9.5
397.8	9.5
397.9	9.5
398	9.2
398.1	9.2
398.2	7.9
398.3	7.1
398.5	7.1
398.7	8.4
398.9	9.2
399.2	10.8
399.4	11.9
399.4	13.2
399.4	14.2
399.5	15.3
399.6	16.8
399.6	17.9
399.7	18.7
399.6	18.7
399.7	20.8
399.8	27.6
399.8	29.2
399.9	34.7
399.9	37.9
400.2	42.3
400.2	42.9
400.3	44.2
400.3	47.3
400.3	49.7
400.5	53.9
400.2	54.9
400.2	54.9
400.4	56.8
400.4	57.8
400.4	59.9
400.4	60.5
400.5	61.8
400.5	61.2
400.6	59.7
400.6	59.4
400.7	58.4
400.7	57.3
400.7	56.5
400.7	56.2
401	56.2
401	56.2
401	55.7
401	54.7
401	53.4
401.2	51.3
401.2	50.7
401.3	49.7
401.3	48.4
401.3	47.8
401.4	47.3
401.5	46.5
401.6	45.2
401.7	43.9
401.9	41.8
402	40.8
402	39.4
402	38.9
402.1	37.6
402.1	36.8
402.1	35.8
402.1	35.5
402.1	34.2
402.3	32.6
402.4	31.3
402.5	30.2
402.6	28.4
402.6	28.4
402.8	28.1
402.9	28.9
403	30.5
403	32.3
403	33.9
403	34.7
403	38.6
403.1	40.2
403.1	40.5
403.1	42.1
403.2	43.6
403.2	46
403.2	46.5
403.2	46.5
403.4	50.7
403.4	51.5
403.4	54.4
403.2	56
403.2	56
403.2	56.5
403.2	58.4
403.2	58.6
403.2	59.7
403.4	60.5
403.4	60.7
403.7	59.4
403.8	57.6
403.8	56
403.9	56.8
403.9	57.8
403.9	57.8
404	58.4
404.3	57.3
404.6	53.6
404.6	51.5
404.6	49.7
404.6	48.6
404.6	47.1
404.7	45.5
404.8	44.2
404.9	43.4
405.1	42.9
405.3	44.4
405.3	44.7
405.3	46.5
405.3	48.9
405.3	50.7
405.3	51.3
405.7	53.9
405.7	54.4
405.6	58.9
405.5	63.3
405.6	67.3
405.7	69.1
405.8	69.4
406.2	72.8
406.2	74.9
406.1	76.7
406.1	77.8
406.1	78.1
406.2	77.5
406.2	74.6
406.2	72.5
406.2	70.7
406.3	69.6
406.3	68.9
406.4	68.3
406.5	69.1
406.6	69.9
406.7	69.9
406.7	68.6
406.7	67.5
406.8	67.3
406.8	66
406.8	65.7
407.1	64.9
407.1	66.8
407.1	68.9
407.2	71.5
407.2	72
407.2	72.8
407.6	74.4
407.6	74.4
407.7	75.7
408.1	77.3
408.2	76.2
408.2	74.9
408.2	73.1
408.3	71
408.3	68.9
408.4	67.3
408.5	63.9
408.6	63.9
408.8	61.8
408.8	58.9
408.8	57.3
408.8	56
408.8	54.4
408.8	53.1
408.8	52
408.8	50.7
408.9	48.6
409	49.2
409.1	51.3
409.1	53.4
409.2	55.2
409.2	56.8
409.2	58.6
409.3	59.7
409.3	61
409.4	62
409.4	64.7
409.5	65.2
409.6	63.9
409.7	63.1
409.7	60.7
409.8	58.6
409.8	57
409.9	55.7
409.9	53.9
410	53.4
410	52.6
410	51
410	48.9
410.1	48.1
410.3	49.4
410.3	49.4
410.4	49.9
410.5	51.3
410.7	52.3
410.9	53.4
410.9	54.9
411.1	55.7
411.3	54.9
411.3	54.7
411.4	54.1
411.9	53.9
411.9	53.6
412	52.6
412	51.3
412.3	49.2
412.3	48.4
412.3	44.7
412.4	42.6
412.4	36.8
412.4	36.3
412.4	35.2
412.4	33.9
412.4	32.9
412.6	31.8
412.6	30
412.7	28.9
412.8	27.6
412.9	22.4
413	21.8
413.1	21.6
413.2	21
413.4	20.8
413.5	20.3
413.5	20.3
413.7	18.9
414	17.9
414.1	17.6
414.2	18.2
414.3	18.7
414.4	19.7
414.4	20
414.5	21.3
414.6	22.9
414.7	23.9
414.9	23.7
415	22.1
415	21.6
415.1	20.8
415.1	20
415.2	19.2
415.2	18.9
415.3	18.9
415.4	18.9
415.6	19.5
415.7	19.7
415.8	19.5
415.9	18.4
416.1	17.4
416.1	17.1
416.2	16.8
416.3	17.1
416.3	17.4
416.3	18.2
416.4	19.5
416.4	20.8
416.7	21.3
416.7	20.5
416.7	20.3
416.7	19.7
416.8	18.4
417	17.9
417.1	17.9
417.3	17.1
417.5	17.6
417.8	19.7
417.8	19.7
417.8	21
417.9	22.9
418.4	31.3
418.4	31.6
418.4	33.1
418.4	40
418.7	51.8
418.7	52
418.7	58.6
418.9	72.8
419	80.7
419	82.3
419.3	96.2
419.5	106.9
419.5	107.2
419.5	107.2
419.4	103.8
419.3	108
419.3	108.3
419.2	110.1
419.2	111.7
419.2	115.1
419.2	115.9
419.5	115.4
419.7	113
419.8	110.9
419.8	109
419.9	107.7
419.9	106.4
419.8	105.4
419.8	103.5
419.8	102.2
419.8	101.7
419.8	101.4
419.9	102.7
420	103.3
420.1	102.7
420.4	100.9
420.4	96.4
420.4	92.8
420.4	91.7
420.5	88
420.5	85.7
420.5	85.1
420.6	82.8
420.6	82.3
420.6	80.2
420.6	77.8
420.7	74.6
420.7	74.1
420.7	73.1
420.7	68.3
420.7	66.5
420.7	63.3
420.7	60.2
420.9	57
420.9	55.5
420.9	52.3
420.9	51.8
420.9	50.2
420.9	48.9
421	48.1
421.1	47.1
421.1	46
421.2	43.9
421.3	43.4
421.5	44.7
421.5	45
421.5	46
421.5	47.1
421.6	47.3
421.8	47.1
421.9	45.5
422	44.2
422.1	41.8
422.1	40.5
422.1	40
422.2	40
422.3	42.9
422.3	43.6
422.4	45.5
422.4	46.8
422.7	49.7
422.7	49.7
422.7	50.7
422.6	52
422.6	52.8
422.7	53.4
422.7	53.4
422.9	51.3
423.1	48.9
423.2	47.3
423.2	46
423.2	45.7
423.3	47.6
423.4	48.4
423.5	49.4
423.6	50.5
423.6	50.7
423.7	52
423.7	52.6
423.8	53.9
423.9	54.4
424	55.2
424	55.5
424	55.5
424	53.4
424.1	51.3
424.1	50.7
424.1	49.4
424.1	47.8
424.2	46.5
424.3	45
424.3	43.9
424.3	42.3
424.7	38.6
424.7	39.7
424.7	41.3
424.7	42.1
424.7	43.1
424.7	45.2
424.9	40
424.9	41.8
424.9	42.9
424.8	44.7
424.8	46
424.9	47.3
424.9	49.4
424.9	49.4
425	49.7
425.3	48.6
425.3	47.6
425.6	49.2
425.7	48.6
425.7	47.3
425.8	46.3
425.8	45.7
425.8	45.7
425.9	45.2
426	45.2
426.1	46.3
426.1	47.8
426.1	48.9
426.2	49.9
426.3	50.5
426.3	50.7
426.6	50.7
426.8	50.7
426.9	50.5
427	49.2
427	49.2
427.1	47.6
427.3	46.5
427.3	45.2
427.3	44.7
427.4	44.2
427.5	42.9
427.5	42.9
427.6	41.3
427.6	40.2
427.7	38.6
427.7	37.6
427.8	36.8
427.8	36
427.9	34.7
428	34.2
428.2	34.2
428.2	33.9
428.4	35.2
428.5	36.3
428.6	38.1
428.6	38.6
428.9	39.7
429	40.2
429.2	41.3
429.3	42.3
429.4	42.9
429.5	44.2
429.5	44.4
429.6	45.2
429.7	46
429.7	46.3
429.8	45.2
429.8	43.4
429.8	42.6
429.9	41.3
430	40.2
430.1	38.4
430.1	38.4
430.3	37.9
430.3	37.6
430.5	38.4
430.5	40
430.6	41
430.6	43.1
430.7	43.9
430.7	44.2
430.8	45.2
430.8	46.5
430.8	47.6
430.8	46.8
430.9	45
431	43.4
431	41.5
431.2	41.5
431.2	41.5
431.4	41.3
431.5	40.5
431.5	40.5
431.6	40
431.8	39.7
432	40.2
432.2	40.2
432.3	41
432.3	42.6
432.6	43.9
432.7	43.9
432.7	42.3
432.7	41.3
432.8	40.2
433	39.4
433.2	39.2
433.3	39.4
433.5	40.8
433.5	42.3
433.5	42.6
433.6	43.4
433.7	43.6
433.7	44.2
433.7	45
433.8	44.7
433.9	43.6
434	42.9
434	42.6
434.3	42.3
434.4	43.1
434.5	43.6
434.8	43.1
434.9	43.9
434.9	45
435	45.2
435.1	45
435.1	43.6
435.2	42.6
435.2	42.3
435.3	42.1
435.4	41.5
435.5	40.8
435.5	39.2
435.6	37.9
435.8	36.5
436	36
436	38.9
436	40.5
436	40.8
436.1	42.6
436.3	44.2
436.4	45.7
436.4	47.6
436.6	45
436.9	44.2
437	43.6
437.1	42.3
437.4	42.3
437.5	41
437.6	40.8
437.7	40.8
437.7	41.5
437.8	42.6
438	44.4
438.1	45.2
438.1	47.1
438.2	48.1
438.5	51.3
438.5	53.6
438.5	54.9
438.7	56.5
438.8	58.1
439	58.9
438.8	58.1
439	59.9
439.1	61.2
439.1	62.6
439.2	63.6
439.3	64.7
439.5	63.9
439.6	63.3
439.7	62.8
440	61.8
440	61.5
440.1	61.2
440.2	60.5
440.5	59.7
440.7	58.4
440.8	57.8
440.8	57.6
440.8	57.6
440.8	57.6
440.9	57.3
441.1	58.1
441.2	57.6
441.2	57.3
441.3	56.8
441.4	57.6
441.4	58.9
441.4	58.9
441.5	59.7
441.6	61.2
441.7	62.3
441.7	63.1
441.7	64.1
441.9	65.2
442	65.7
442.2	65.7
442.2	64.9
442.3	64.9
442.3	63.1
442.4	61.8
442.5	61.5
442.5	62
442.8	62.3
442.8	61.5
442.9	61
442.9	60.2
443	59.1
443	58.9
443.1	58.4
443.2	58.4
443.4	58.9
443.5	60.5
443.5	62.3
443.5	62.6
443.5	63.1
443.6	63.9
443.6	64.1
443.7	64.7
443.7	65.7
443.8	65.7
443.9	65.2
443.9	63.9
444	63.1
444.1	61.8
444.3	61.5
444.3	61.5
444.3	62.3
444.4	63.3
444.4	63.3
444.5	63.3
444.7	63.1
445	62.3
445.2	62.3
445.6	62.3
445.7	60.7
445.7	59.4
446	58.4
446	57.3
446	56
446.1	54.9
446.1	54.7
446.1	53.4
446.1	52.3
446.2	52
446.3	52
446.4	52
446.5	52.8
446.7	54.4
447.1	56.5
447.1	57.6
447.2	59.4
447.3	62.3
447.2	65.7
447.2	66.5
447.3	67
447.5	66.5
447.5	66.2
447.6	65.4
447.7	63.1
447.8	62
447.9	60.2
448	58.9
448	57.8
448.1	57.8
448.1	57.8
448.2	58.4
448.3	58.1
448.4	57.3
448.4	57.8
448.6	58.6
448.7	59.1
448.7	59.4
448.8	60.7
448.9	62
449	64.4
449	64.7
449	66.5
449.2	68.6
449.1	71
449.2	72.5
449.3	75.2
449.4	76.7
449.4	77.5
449.6	78.3
449.6	78.3
449.7	78.3
449.8	79.1
449.9	80.2
450	80.7
450.1	80.7
450.1	79.4
450.1	79.1
450.1	77.8
450.2	76
450.3	76
450.4	74.4
450.4	73.1
450.4	72
450.4	71
450.5	69.6
450.6	67.8
450.5	67.3
450.8	68.9
450.8	70.2
450.8	71
450.8	71.2
450.9	72.3
450.9	74.9
451	76.2
451.1	76.7
451.2	77.5
451.3	77.5
451.4	77.5
451.5	74.9
451.5	73.1
451.5	71.7
451.6	70.2
451.6	69.6
451.6	66.8
451.9	62.8
452	59.9
452	59.7
452	57.3
452.1	55.7
452.3	52
452.3	51.8
452.3	48.9
452.4	42.9
452.4	41.8
452.6	38.4
452.7	38.1
452.7	36.8
452.7	34.7
452.9	32.9
453	32.1
453.2	33.4
453.2	34.4
453.2	34.7
453.3	33.9
453.3	33.4
453.4	32.3
453.4	32.1
453.5	31.6
453.7	31.8
453.9	32.9
454	32.9
454	31.8
454.1	30.2
454.2	28.7
454.4	27.4
454.5	26.6
454.7	26
454.8	26
454.9	25
455	23.4
455.2	22.1
455.3	21.8
455.4	22.1
455.5	23.7
455.5	25
455.5	25.3
455.6	26.3
455.8	25
456	23.9
456.1	24.7
456.3	25.8
456.5	26.3
456.6	26.6
456.7	26.6
456.8	26
457	24.2
457.1	23.9
457.2	25
457.3	26.6
457.3	27.1
457.3	28.4
457.3	29.2
457.7	31.6
457.8	32.9
457.8	33.4
457.8	34.4
457.9	36
457.9	36.3
458.1	37.1
458.3	37.9
458.5	37.9
458.7	35.2
458.8	33.7
458.7	32.6
458.8	32.6
458.9	33.1
458.9	33.4
459.1	32.6
459.2	32.6
459.3	33.1
459.4	34.7
459.4	36.5
459.4	38.4
459.4	40.2
459.4	40.2
459.4	41.5
459.4	43.1
459.5	45
459.7	45.7
459.7	47.8
459.8	48.6
459.8	48.6
459.8	49.2
459.9	49.4
460	49.7
460.1	46.8
460.1	45
460.1	43.9
460.3	45.2
460.5	44.7
460.5	43.6
460.5	43.4
460.5	43.4
460.7	44.4
460.9	44.7
460.9	43.6
461	42.6
461.3	43.4
461.3	44.7
461.4	46.5
461.7	54.4
461.7	54.4
461.7	55.2
461.9	57
461.9	57
462	59.4
462	60.2
462	61.2
462.2	64.1
462.3	66.8
462.3	68.1
462.3	69.1
462.4	71.7
462.6	74.4
462.7	74.6
462.7	75.2
462.7	76
462.7	76.7
462.7	78.3
462.8	78.6
463	79.1
463.1	77.5
463.2	76
463.5	74.6
463.8	76.2
463.8	76.7
463.8	79.4
464	82.8
464.1	85.7
464.5	91.4
464.6	93.5
464.6	96.4
464.6	97
464.7	98.5
464.7	100.4
464.8	102.2
465	103.5
465.1	105.1
465.2	105.4
465.2	104.8
465.3	102.5
465.4	100.1
465.5	98.5
465.6	97
465.7	95.9
465.8	95.1
465.9	94.9
465.9	94.3
466	93.3
466	93
466.1	92.5
466.2	91.7
466.3	91.7
466.4	93.3
466.7	92.8
467.1	93.3
467.1	93.3
467.2	95.9
467.3	99.1
467.3	104.1
467.4	106.2
467.5	108.5
467.6	113.5
467.7	116.4
467.7	121.4
467.7	121.9
467.7	126.1
467.9	131.9
468	136.4
468	141.1
468.1	144.8
468.1	147.1
468	149.8
468.1	152.7
468.1	153.4
469.1	153.4
469.2	149
469.3	146.3
469.3	146.3
469.5	141.4
469.5	138.2
469.7	132.4
469.7	131.4
469.7	126.4
469.7	126.1
469.7	125.3
469.8	123.5
469.8	123.5
470.2	122.4
470.3	121.1
470.4	118
470.7	110.6
470.6	108.8
470.6	108.5
471	95.1
471	90.4
471	88.6
471	82.8
471	78.3
471	68.1
471	64.4
471	63.9
471.1	59.7
471.1	59.1
471.2	54.9
471.4	51
471.7	42.9
471.8	42.6
471.6	45.2
471.6	43.1
471.6	42.9
471.6	41.3
471.7	39.7
471.7	38.1
471.7	36
471.7	35.5
471.8	33.9
471.9	33.4
472	32.6
472.1	31.6
472.5	30
472.7	29.2
472.8	28.9
473.1	28.9
473.2	29.2
473.2	29.2
473.6	31.3
473.7	33.1
473.7	34.2
473.8	34.2
473.9	34.2
474	34.7
474.1	35.8
474.2	37.9
474.2	39.4
474.3	41.5
474.3	42.6
474.4	43.4
474.5	43.9
474.6	43.4
474.6	41.5
474.7	41
474.8	40.8
474.9	41.3
474.9	41.3
475	42.3
475.1	43.6
475.2	45.2