23	54.3
23.1	54.3
23.3	53.1
23.3	53.1
23.4	51.9
23.5	51.3
23.5	50.7
23.7	50.7
23.7	50.1
23.8	49.5
24	49.5
24.1	49.5
24.2	50.1
24.3	50.1
24.3	50.7
24.3	50.7
24.4	51.3
24.5	51.9
24.6	51.9
24.7	51.9
24.7	51.9
24.9	51.3
25	48.9
25.1	47.8
25.2	47.2
25.3	46
25.4	46
25.5	46
25.6	49.5
25.7	49.5
25.9	49.5
25.9	49.5
26.1	53.1
26.1	53.7
26.2	54.9
26.2	55.5
26.2	53.1
26.3	50.7
26.4	48.9
26.6	46.6
26.6	46
26.9	47.2
27	46.6
27.1	43.6
27.1	43.6
27.1	43.6
27.2	43
27.5	46
27.7	45.4
27.8	42.4
27.8	42.4
28	41.8
28.2	44.2
28.2	44.8
28.3	45.4
28.4	43.6
28.4	40
28.6	40
28.6	40.6
28.7	41.8
28.8	42.4
28.9	40.6
28.9	38.8
29	38.8
29.2	39.4
29.2	39.4
29.3	39.4
29.4	38.8
29.6	38.2
29.6	38.2
29.6	41.2
29.6	41.8
29.8	44.2
29.9	44.2
30.1	41.8
30.2	41.8
30.4	44.2
30.5	46
30.5	46.6
30.6	47.2
30.6	47.2
30.8	47.2
30.9	46
31.1	44.2
31.1	43.6
31.1	42.4
31.3	41.2
31.4	40.6
31.6	40.6
31.6	40.6
31.9	40.6
31.9	40.6
32	41.8
32.2	45.4
32.3	48.3
32.4	53.7
32.4	54.3
32.5	55.5
32.7	56.7
32.8	56.7
33	56.7
33.1	59.1
33.1	61.5
33.2	66.8
33.2	67.4
33.4	67.4
33.4	67.4
33.6	69.2
33.7	70.4
33.7	72.8
33.7	72.8
33.8	74
33.8	74.6
33.9	75.2
33.9	74.6
33.9	73.4
34	72.8
34.1	72.2
34.1	71.6
34.2	71
34.2	70.4
34.4	68.6
34.5	67.4
34.5	65.7
34.6	65.1
34.6	62.7
34.6	62.7
34.8	66.3
34.8	66.8
34.9	69.2
35	72.2
35.1	74
35.3	73.4
35.3	72.8
35.4	72.8
35.5	74.6
35.5	78.2
35.6	78.8
35.7	75.8
35.7	76.4
35.7	76.4
35.7	73.4
35.7	71.6
35.7	71
35.7	69.8
35.7	69.2
35.9	67.4
36	68.6
36.2	72.2
36.2	72.8
36.4	71.6
36.5	70.4
36.7	70.4
36.7	70.4
36.8	68.6
36.9	68.6
36.9	68
37	66.3
37.1	65.7
37.2	65.1
37.3	65.1
37.3	66.8
37.4	68.6
37.7	72.2
37.8	72.2
38	72.2
38	72.2
38.1	73.4
38.3	74.6
38.3	76.4
38.4	78.2
38.5	80.6
38.5	82.4
38.5	82.4
38.6	82.4
38.7	81.2
38.8	78.2
38.8	77.6
38.8	77
38.8	75.2
38.9	74
39.1	72.2
39.3	74
39.4	75.2
39.4	75.2
39.4	76.4
39.5	76.4
39.6	74.6
39.8	74
39.9	71.6
39.9	70.4
40	68.6
40	65.7
40.2	62.7
40.3	57.3
40.6	57.9
40.6	59.1
40.6	59.7
40.6	61.5
40.2	60.9
40.4	60.3
40.5	62.1
40.6	62.7
40.8	61.5
41.1	62.1
41.1	63.3
41.3	65.1
41.3	65.7
41.6	67.4
41.6	69.8
41.6	72.8
41.8	75.8
41.8	75.8
42	75.2
42.2	75.8
42.4	78.2
42.4	78.8
42.7	82.4
42.7	83.6
42.7	84.8
42.8	84.8
42.9	84.8
43	85.4
43.1	83.6
43.1	83
43.1	81.8
43.2	81.8
43.4	81.8
43.5	75.8
43.6	74
43.6	74
43.7	72.2
43.7	70.4
43.8	68.6
44	67.4
44.1	68
44.2	71.6
44.3	74.6
44.5	77.6
44.5	79.4
44.5	80.6
44.7	80.6
44.8	80.6
44.9	79.4
45	76.4
45.2	75.2
45.2	75.2
45.3	75.2
45.4	77.6
45.4	79.4
45.5	81.2
45.6	83.6
45.6	83.6
45.7	84.2
45.8	86.5
45.8	87.1
45.8	88.9
45.9	90.7
46	91.9
46.2	90.7
46.2	90.7
46.3	87.1
46.4	85.9
46.5	85.9
46.5	85.4
46.6	82.4
46.6	80
46.6	77.6
46.9	71
46.9	69.8
46.9	67.4
47.1	65.7
47.1	64.5
47.2	64.5
47.3	65.7
47.4	69.2
47.6	72.8
47.6	73.4
47.7	76.4
47.7	79.4
47.8	81.2
47.9	81.2
48	80
48.1	78.2
48.3	78.2
48.4	78.2
48.4	78.8
48.6	80.6
48.7	82.4
48.8	82.4
49	80
49	76.4
49.2	73.4
49.3	69.8
49.3	68.6
49.4	66.8
49.5	64.5
49.5	63.9
49.5	63.9
49.7	64.5
49.9	66.3
50	68.6
50	69.2
50	70.4
50	74
50.1	75.2
50.1	77
50.1	78.8
50.2	79.4
50.3	79.4
50.4	80.6
50.5	81.2
50.5	81.2
50.6	79.4
50.8	77
50.9	74.6
51	72.8
51.1	68
51.1	63.9
51.2	59.7
51.2	58.5
51.4	54.9
51.5	49.5
51.6	44.8
51.6	44.2
51.7	39.4
51.8	34
51.8	32.8
51.9	29.2
51.9	25.1
52	23.9
52.2	27.5
52.2	28.1
52.2	31.6
52.2	32.2
52.3	38.2
52.4	41.8
52.4	47.2
52.4	47.8
52.4	51.3
52.4	56.1
52.4	56.7
52.4	59.7
52.5	62.1
52.6	68
52.6	72.2
52.6	73.4
52.6	80
52.7	83
52.8	83
52.9	81.2
52.9	79.4
53.1	78.8
53.3	80
53.3	80
53.4	82.4
53.5	85.4
53.7	87.7
53.8	87.7
53.8	87.7
54	87.7
54.2	83.6
54.4	77
54.5	72.8
54.5	72.2
54.5	69.8
54.6	67.4
54.8	67.4
54.9	68
55.1	69.8
55.1	71
55.2	71
55.4	69.2
55.5	68.6
55.6	68
55.8	65.7
56	68
56	68.6
56	70.4
56.1	71
56.2	71
56.3	68
56.4	68
56.5	71.6
56.6	72.8
56.7	71
56.9	69.2
56.9	68
57.2	69.8
57.3	72.2
57.5	74.6
57.5	76.4
57.5	77
57.5	75.8
57.8	73.4
58.1	72.8
58.3	74.6
58.4	75.2
58.5	72.2
58.6	69.8
58.7	66.8
58.8	64.5
59.1	62.7
59.3	62.1
59.5	65.7
59.8	68
59.8	71
59.8	72.2
60	71.6
60.2	71.6
60.2	71.6
60.3	72.8
60.3	75.8
60.4	77.6
60.6	77
60.6	75.8
60.7	75.2
60.7	75.2
60.8	78.8
61	81.2
61	81.8
61	81.8
61.1	84.2
61.3	85.4
61.5	81.8
61.5	80.6
61.6	78.2
61.6	77
61.7	77
61.9	78.2
62	78.2
62.1	77
62.1	76.4
62.1	75.2
62.1	74
62.1	73.4
62.2	73.4
62.4	75.2
62.5	75.2
62.5	75.2
62.6	75.2
62.7	74
62.9	72.2
62.9	72.2
63	71.6
63.1	71
63.2	71
63.3	72.2
63.3	72.2
63.4	72.2
63.6	72.8
63.7	74
63.7	74
63.8	74.6
63.8	75.2
63.9	75.8
64.1	77
64	76.4
64	76.4
64	74
64.1	71.6
64.2	69.8
64.3	69.8
64.4	70.4
64.4	74.6
64.6	78.2
64.7	78.2
64.8	77.6
64.9	76.4
65.2	76.4
65.4	79.4
65.5	82.4
65.6	84.8
65.6	85.9
65.7	84.2
65.8	82.4
66	80
66	79.4
66	77
66.2	77
66.3	77.6
66.4	78.8
66.6	78.2
66.6	75.8
66.6	75.2
66.8	75.2
66.9	76.4
66.9	77.6
67	77
67	74
67.1	72.8
67.2	74.6
67.3	77.6
67.5	80.6
67.7	80.6
67.7	80.6
67.8	79.4
68	77
68.1	77
68.3	76.4
68.3	76.4
68.4	76.4
68.7	77
68.8	74.6
69	72.2
69.1	71
69.2	68.6
69.2	68.6
69.2	68
69.3	72.2
69.5	75.2
69.5	76.4
69.6	77
69.7	78.2
69.8	75.8
69.9	73.4
70.1	73.4
70.2	74
70.3	74
70.5	75.8
70.6	76.4
70.7	75.8
71	74.6
71.1	76.4
71.1	77.6
71.1	78.2
71.3	78.2
71.4	77
71.5	77
71.8	79.4
71.8	79.4
71.9	79.4
72	77.6
72.2	76.4
72.3	75.2
72.4	73.4
72.5	71.6
72.7	70.4
72.9	72.2
73	75.8
73.1	77.6
73.2	76.4
73.2	76.4
73.3	75.2
73.5	74
73.6	75.2
73.7	77
73.8	77
73.8	75.2
74	75.8
74	75.8
74.1	78.8
74.1	79.4
74.2	81.2
74.2	81.8
74.3	81.8
74.4	80
74.4	78.8
74.5	77
74.6	76.4
74.6	74.6
74.7	74.6
74.9	78.2
75	78.2
75.1	75.8
75.1	74
75.2	73.4
75.3	72.2
75.3	71
75.4	70.4
75.4	70.4
75.5	69.8
75.7	68
76	68
76	71.6
76.1	72.8
76.3	71.6
76.4	70.4
76.5	69.8
76.8	71.6
77	73.4
77.2	74.6
77.4	76.4
77.5	76.4
77.5	77.6
77.5	77.6
77.6	78.2
77.7	78.2
77.7	78.2
77.9	75.8
78	72.8
78.1	71.6
78.2	71.6
78.3	70.4
78.5	68.6
78.6	66.8
78.6	66.3
78.7	65.1
78.7	65.1
78.9	66.3
79	66.3
79.1	67.4
79.2	68
79.2	68
79.4	68
79.5	68
79.6	69.8
79.9	72.8
80	72.8
80.2	75.2
80.4	77
80.6	77
80.7	76.4
80.8	72.8
80.9	71.6
81	74
81.1	75.2
81.2	75.2
81.3	73.4
81.4	72.8
81.5	71.6
81.7	70.4
81.9	68
82.1	66.8
82.3	68.6
82.4	71
82.6	72.8
82.7	74
82.7	74
82.8	73.4
82.9	73.4
83	74.6
83.1	76.4
83.2	76.4
83.2	74
83.4	73.4
83.4	74.6
83.6	75.2
83.7	75.8
83.8	77
83.8	77.6
83.9	78.2
84	80.6
84.2	82.4
84.3	81.8
84.4	81.8
84.5	83.6
84.6	84.8
84.6	87.1
84.7	88.3
84.7	88.3
84.8	86.5
84.8	86.5
84.9	84.2
85	80
85.2	77
85.3	73.4
85.3	71
85.7	69.2
85.7	69.2
85.8	69.2
85.8	71.6
85.8	77
85.8	80
86	84.2
86.2	86.5
86.2	88.9
86.5	88.3
86.6	84.2
86.6	83
86.7	80.6
86.8	77.6
87	75.8
87.2	75.2
87.4	74.6
87.5	74.6
87.6	74.6
87.9	74
88	78.8
88.1	80
88.2	83
88.3	86.5
88.4	88.3
88.6	88.3
88.7	90.1
88.7	90.1
89	94.9
89	96.7
89.2	94.3
89.3	92.5
89.3	91.3
89.5	88.9
89.5	88.3
89.5	88.3
89.7	90.1
89.8	90.7
90	86.5
90	83.6
90.1	80
90.2	77
90.2	75.8
90.3	73.4
90.4	71
90.4	69.8
90.6	71.6
90.6	72.8
90.9	75.2
91.1	76.4
91.1	81.2
91.1	82.4
91.2	85.9
91.3	88.9
91.4	90.7
91.5	92.5
91.6	93.1
91.9	92.5
92	90.1
92	87.1
92.1	85.4
92.1	84.2
92.1	83.6
92.2	82.4
92.3	79.4
92.4	78.8
92.4	78.2
92.5	79.4
92.6	81.8
92.7	82.4
92.8	84.8
92.8	86.5
92.9	89.5
93	91.3
93.1	92.5
93.1	92.5
93.1	93.1
93.2	92.5
93.3	90.1
93.3	87.1
93.4	84.2
93.4	83.6
93.4	82.4
93.5	80.6
93.6	80
93.6	78.2
93.6	77.6
93.7	77.6
93.7	78.2
93.9	83.6
94	84.8
94.1	85.4
94.2	87.1
94.3	90.7
94.4	90.7
94.6	96.1
94.8	95.5
94.8	93.1
94.8	93.1
95.1	93.1
95.1	93.1
95.2	91.9
95.3	89.5
95.4	87.7
95.5	87.1
95.6	86.5
95.7	85.9
95.8	85.9
95.8	86.5
96.1	86.5
96.1	85.4
96.2	83.6
96.3	83
96.5	80.6
96.6	80
96.6	79.4
96.9	82.4
97	83.6
97.1	83.6
97.3	85.4
97.3	87.7
97.4	89.5
97.4	89.5
97.6	87.1
97.6	87.1
97.7	90.1
97.7	90.1
97.8	91.3
98	89.5
98.2	89.5
98.2	90.1
98.3	94.3
98.3	95.5
98.4	98.5
98.5	100.3
98.5	102.1
98.6	102.1
98.7	102.1
98.7	99.1
98.9	99.1
99	99.1
99.1	96.1
99.2	93.7
99.3	93.1
99.5	93.7
99.6	93.7
99.6	95.5
99.9	96.1
100	96.1
100.1	94.9
100.1	93.1
100.2	91.3
100.2	91.3
100.3	88.9
100.4	86.5
100.5	85.4
100.5	85.4
100.3	83
100.3	81.8
100.5	82.4
100.6	80
100.7	79.4
100.7	78.8
100.9	80.6
101	83.6
101.2	88.9
101.3	90.1
101.4	87.7
101.4	87.1
101.6	88.9
101.8	93.7
101.8	94.3
101.9	93.7
102	90.1
102	90.1
102	88.9
102.1	88.9
102.2	88.9
102.3	87.1
102.4	84.8
102.5	83
102.6	81.8
102.7	79.4
102.8	83.6
102.9	85.9
102.9	87.1
103	91.3
103.1	94.3
103.3	96.1
103.4	94.9
103.5	90.7
103.5	87.1
103.5	82.4
103.5	81.2
103.5	78.2
103.7	75.2
103.8	75.8
103.8	76.4
103.8	77.6
103.9	76.4
104	74.6
104.2	74
104.4	74
104.4	74
104.5	75.2
104.7	78.8
104.7	83.6
104.8	87.1
104.9	87.7
105	91.9
105.1	94.9
105.3	94.9
105.5	94.9
105.6	97.3
105.6	97.9
105.7	99.1
105.8	99.1
106	94.9
106.1	91.3
106.1	90.1
106.1	87.7
106.3	86.5
106.5	87.7
106.7	91.3
106.7	91.9
106.8	93.7
106.8	94.3
106.9	96.1
107	97.9
107.2	96.1
107.2	96.1
107.2	92.5
107.4	88.9
107.6	84.8
107.8	83
108	83.6
108.2	82.4
108.4	80.6
108.4	80
108.5	78.8
108.7	77.6
108.8	78.8
108.8	78.8
108.9	83
108.9	87.7
109	89.5
109.2	93.1
109.4	94.3
109.6	91.3
109.6	87.1
109.6	85.9
109.6	83.6
109.8	83.6
109.9	84.8
110	81.2
110.1	80.6
110.2	80.6
110.4	81.2
110.6	85.4
110.6	90.1
110.6	93.1
110.7	95.5
110.7	98.5
110.7	101.5
110.7	101.5
110.9	104.4
110.9	106.8
110.9	108.6
111	109.8
111.2	109.8
111.2	109.8
111.3	112.8
111.4	114.6
111.5	116.4
111.5	116.4
111.8	110.4
111.9	103.3
111.9	97.9
111.9	93.7
111.9	88.9
112	84.8
112	83.6
112	81.2
112.1	77
112.2	77.6
112.2	78.2
112.3	80.6
112.5	83
112.6	83
112.6	82.4
112.7	81.2
112.8	83
112.8	84.2
113.1	82.4
113.1	80.6
113.3	77.6
113.4	75.8
113.6	74
113.7	72.8
113.8	77
113.8	81.2
114	83
114.1	82.4
114.2	79.4
114.4	79.4
114.5	81.2
114.8	81.8
114.9	81.8
114.9	81.8
115	79.4
115.1	80.6
115.2	85.4
115.3	85.9
115.3	85.4
115.5	81.8
115.6	80
115.7	81.8
115.8	84.8
115.8	85.4
115.9	84.2
115.9	85.9
116	86.5
116.1	84.2
116.1	82.4
116.3	80
116.3	80
116.5	80.6
116.7	84.2
117	84.2
117.1	82.4
117.1	81.2
117.2	79.4
117.3	77.6
117.4	75.8
117.5	75.2
117.7	78.2
118	81.2
118.1	81.8
118.1	82.4
118.3	83
118.4	82.4
118.4	81.2
118.5	81.2
118.6	81.2
118.7	80.6
118.7	80.6
118.9	83
118.9	85.4
118.9	87.1
119	88.9
119.2	91.9
119.3	94.9
119.3	95.5
119.3	97.9
119.4	101.5
119.5	103.3
119.5	105.6
119.5	105.6
119.6	105.6
119.6	105
119.8	105
119.8	105
119.9	103.3
120	102.1
120.1	99.7
120.3	98.5
120.3	97.9
120.5	96.1
120.6	94.3
120.7	92.5
120.8	90.7
120.8	89.5
121	89.5
121.1	88.9
121.2	88.9
121.4	90.7
121.5	93.1
121.7	94.9
121.8	95.5
121.9	94.3
122	92.5
122.2	94.3
122.3	96.1
122.5	99.7
122.6	101.5
122.6	101.5
122.7	103.3
122.8	106.8
123	108
123	109.2
123.1	109.8
123.2	107.4
123.3	105.6
123.3	105
123.4	102.1
123.6	100.9
123.6	101.5
123.7	103.3
123.8	102.7
123.9	101.5
124.1	101.5
124.2	99.7
124.3	96.7
124.4	93.1
124.5	91.3
124.5	89.5
124.5	88.3
124.6	90.7
124.7	93.7
124.7	94.3
124.7	96.1
124.8	98.5
124.9	101.5
124.9	102.1
125.1	103.9
125.2	104.4
125.3	100.9
125.4	98.5
125.4	98.5
125.4	97.3
125.5	96.1
125.6	94.9
125.7	93.7
125.7	91.9
125.8	91.3
125.9	90.7
125.9	90.7
126.2	93.7
126.3	97.3
126.4	101.5
126.5	102.7
126.5	102.7
126.6	100.3
126.7	100.9
126.9	101.5
126.9	101.5
126.9	100.9
127	100.9
127.1	100.9
127.1	100.9
127.2	100.9
127.3	100.9
127.3	100.3
127.4	98.5
127.6	99.1
127.6	98.5
127.7	95.5
127.8	96.1
127.9	97.9
127.9	99.1
128	99.7
128.1	98.5
128.2	96.1
128.4	94.3
128.5	91.9
128.6	89.5
128.7	91.3
128.9	91.9
129	90.1
129	87.1
129.2	85.9
129.3	84.2
129.3	83.6
129.4	81.8
129.5	81.8
129.7	84.8
129.7	84.8
129.8	86.5
129.9	88.9
129.9	93.1
130.1	97.9
130.2	100.9
130.5	103.3
130.6	102.7
130.8	100.9
130.8	99.7
130.9	97.9
131	95.5
131.1	94.3
131.2	94.3
131.3	94.9
131.4	96.7
131.7	100.9
131.8	102.1
131.9	101.5
131.9	100.9
131.9	99.7
132	101.5
132	102.7
132.1	102.7
132.2	99.7
132.4	102.1
132.4	103.3
132.6	106.2
132.7	106.8
132.8	103.3
133	100.3
133	99.1
133	96.7
133.1	94.3
133.1	94.3
133.1	90.7
133.1	88.3
133.3	85.9
133.3	85.4
133.4	85.4
133.5	85.9
133.7	87.1
133.9	88.9
134	92.5
134.2	96.1
134.2	96.7
134.3	97.3
134.5	97.3
134.6	94.9
134.7	93.7
134.9	93.1
134.9	94.3
135	94.3
135.1	93.1
135.2	90.7
135.3	92.5
135.5	92.5
135.6	91.3
135.7	90.1
135.7	89.5
135.8	87.7
135.9	87.1
136	90.1
136.1	93.1
136.1	97.9
136.2	99.7
136.3	100.3
136.4	102.7
136.5	106.2
136.7	109.2
136.8	111.6
136.8	113.4
137	114
137	114
137.1	112.2
137.2	106.2
137.2	103.3
137.3	102.1
137.3	99.7
137.3	96.1
137.4	93.7
137.4	91.9
137.5	93.7
137.6	91.9
137.7	93.1
137.7	93.1
137.9	95.5
138.1	96.1
138.3	93.7
138.4	93.1
138.5	92.5
138.7	92.5
139	94.3
139	96.7
139.1	97.3
139.2	102.7
139.4	105
139.4	105
139.4	104.4
139.5	102.1
139.7	100.3
139.8	99.1
139.9	96.7
140	94.9
140	94.3
140.1	93.7
140.2	94.3
140.3	96.1
140.4	97.3
140.6	98.5
140.7	96.1
140.7	96.1
140.8	94.9
141	96.1
141.2	96.7
141.3	93.7
141.4	92.5
141.5	91.9
141.6	91.3
141.7	88.9
141.8	87.1
142.1	90.1
142.1	90.7
142.2	95.5
142.2	99.7
142.3	102.7
142.5	102.1
142.6	99.7
142.7	101.5
142.9	102.1
143	100.3
143	99.1
143.1	98.5
143.2	96.7
143.3	96.7
143.3	97.3
143.5	94.9
143.7	96.1
143.8	96.7
143.9	97.3
144	97.9
144.1	97.9
144.2	97.3
144.4	96.7
144.5	94.9
144.6	93.1
144.6	91.9
144.6	91.3
144.9	92.5
144.9	92.5
145	98.5
145	99.1
145.1	99.1
145.3	98.5
145.4	95.5
145.5	93.1
145.6	90.7
145.7	93.1
145.7	93.7
145.9	94.9
146.1	96.1
146.1	96.7
146.2	96.7
146.3	94.3
146.4	96.1
146.5	97.9
146.6	98.5
146.7	96.7
146.9	96.1
147.1	99.1
147.3	99.1
147.4	98.5
147.4	97.3
147.6	96.1
147.7	94.9
147.8	96.7
147.9	97.9
148.1	98.5
148.1	98.5
148.2	96.7
148.3	96.7
148.3	97.9
148.4	99.7
148.4	99.7
148.5	98.5
148.6	97.9
148.7	97.9
148.9	99.1
148.9	99.7
149	97.9
149.1	94.9
149.2	92.5
149.3	91.3
149.4	90.7
149.4	90.7
149.5	92.5
149.6	96.1
149.8	100.9
149.8	101.5
150	108
150	109.2
150	109.8
150.1	112.2
150.2	109.8
150.3	108.6
150.3	107.4
150.4	106.2
150.4	105
150.5	103.9
150.5	102.7
150.6	102.7
150.6	99.7
150.7	98.5
150.7	97.3
150.9	96.1
151.2	96.7
151.3	97.3
151.4	95.5
151.5	92.5
151.6	91.3
151.8	93.1
152	97.9
152	100.9
152	102.1
152.1	105.6
152.1	105.6
152.2	103.9
152.4	106.2
152.4	105.6
152.4	105
152.4	101.5
152.5	100.9
152.7	102.1
152.7	102.1
152.8	99.1
152.8	97.9
152.9	97.9
153	98.5
153.1	100.3
153.2	100.9
153.2	101.5
153.3	101.5
153.4	101.5
153.5	99.7
153.6	97.9
153.6	96.1
153.7	91.9
153.9	91.9
153.9	93.7
153.9	96.1
154.1	99.1
154.2	100.9
154.2	102.1
154.4	102.7
154.4	102.7
154.4	101.5
154.4	99.1
154.5	98.5
154.6	98.5
154.7	99.1
154.9	99.1
155	97.9
155.1	95.5
155.2	93.7
155.2	90.1
155.3	88.9
155.4	90.7
155.4	91.3
155.4	92.5
155.5	93.1
155.6	93.1
155.7	93.1
155.7	93.1
156	90.7
156	90.1
156.1	89.5
156.2	89.5
156.5	94.9
156.5	96.7
156.6	99.7
156.8	100.3
156.9	101.5
157	102.1
157.2	102.7
157.3	102.7
157.4	102.1
157.5	99.7
157.6	97.3
157.7	94.3
157.9	90.7
158.1	93.7
158.1	94.9
158.3	97.9
158.3	100.3
158.3	101.5
158.4	103.3
158.5	105.6
158.5	106.2
158.6	103.9
158.7	103.9
158.7	105.6
158.8	106.8
158.9	107.4
159.1	106.8
159.1	105
159.2	103.9
159.3	102.7
159.3	102.1
159.4	102.1
159.5	102.1
159.7	104.4
159.8	104.4
159.9	103.9
159.9	102.1
160	100.3
160.2	100.9
160.3	102.1
160.3	102.7
160.4	103.3
160.4	103.3
160.6	100.3
160.7	98.5
160.7	96.1
160.8	94.9
161	99.7
161.2	102.7
161.2	105.6
161.3	107.4
161.4	107.4
161.5	104.4
161.6	102.7
161.8	103.3
161.9	103.9
162	104.4
162.1	105
162.3	104.4
162.5	103.3
162.6	103.3
162.9	104.4
163.1	105
163.1	103.9
163.2	106.2
163.3	108
163.3	110.4
163.5	112.8
163.5	113.4
163.6	112.2
163.7	109.8
163.7	109.2
163.8	106.8
163.9	105
163.9	104.4
163.9	102.7
163.9	101.5
164.1	103.9
164.2	106.8
164.3	106.8
164.5	106.8
164.7	106.8
164.7	108
164.8	112.8
165	114
165.1	112.2
165.1	108.6
165.2	106.2
165.3	105
165.5	105
165.6	104.4
165.8	101.5
165.8	100.3
165.8	99.7
165.9	97.3
165.9	96.1
166	94.3
166.1	91.9
166.1	90.7
166.1	89.5
166.1	88.3
166.4	88.9
166.4	90.1
166.7	92.5
166.8	93.7
166.8	96.1
166.9	99.1
166.9	99.7
167	100.9
167.2	102.1
167.3	103.9
167.3	106.2
167.4	107.4
167.5	109.2
167.5	109.2
167.6	109.2
167.6	109.2
167.7	111
167.8	111.6
167.9	112.2
167.9	114
167.9	114
168	111
168.1	109.8
168.1	109.2
168.2	108
168.3	106.2
168.3	105.6
168.3	104.4
168.4	102.1
168.4	99.7
168.5	100.3
168.6	100.9
168.7	103.3
168.8	106.2
168.8	108
168.9	109.8
169	111
169.1	111.6
169.1	111.6
169.2	109.2
169.2	106.2
169.3	105.6
169.4	103.3
169.4	102.7
169.4	100.9
169.5	100.3
169.6	100.3
169.6	102.7
169.7	105.6
169.8	107.4
169.8	108
169.9	109.8
169.9	111.6
170	112.2
170.1	112.8
170.1	112.8
170.2	111
170.3	109.2
170.4	107.4
170.5	106.8
170.7	109.2
170.8	111
170.9	111
171.1	109.2
171.1	106.8
171.2	104.4
171.3	103.3
171.4	103.3
171.5	103.9
171.5	105.6
171.6	108
171.7	109.2
171.8	109.8
171.9	111
171.9	111.6
172	112.8
172.1	114
172.1	114
172.3	115.8
172.4	116.4
172.5	116.4
172.6	115.2
172.7	114.6
172.7	114
172.8	112.8
172.9	109.8
173	108
173	106.8
173.1	105.6
173.1	103.9
173.3	102.7
173.3	100.9
173.4	100.3
173.6	101.5
173.6	105
173.6	105.6
173.7	107.4
173.8	109.8
173.8	111.6
173.8	115.8
173.9	116.4
173.9	118.8
174	120
174.2	120
174.2	120
174.3	116.4
174.3	113.4
174.3	112.2
174.3	111
174.4	110.4
174.4	109.2
174.4	108.6
174.4	108.6
174.5	107.4
174.5	106.8
174.5	106.2
174.6	105.6
174.6	105.6
174.7	105.6
174.8	106.2
174.9	106.8
175	107.4
175.1	107.4
175.2	107.4
175.2	108
175.2	108
175.3	109.8
175.4	111
175.4	111
175.5	111.6
175.5	112.2
175.5	112.8
175.5	113.4
175.8	116.4
175.8	114.6
175.8	113.4
176.1	115.2
176.1	115.2
176.1	111.6
176.3	111
176.4	112.8
176.5	114
176.5	112.2
176.5	111
176.7	115.2
176.7	118.8
176.8	120.6
176.8	119.4
176.9	114.6
177.1	114.6
177.2	115.8
177.3	116.4
177.4	116.4
177.4	114
177.4	111.6
177.4	111
177.4	110.4
177.5	109.8
177.5	109.8
177.6	109.2
177.6	108.6
177.7	108
177.7	106.8
177.7	105.6
177.8	104.4
178	103.3
178.1	102.1
178.2	100.3
178.3	100.9
178.3	103.9
178.4	106.8
178.5	109.8
178.7	111.6
178.7	112.8
178.9	109.8
179	108
179.1	105.6
179.2	103.3
179.3	103.3
179.5	105.6
179.5	107.4
179.5	109.2
179.7	109.8
179.7	109.2
179.8	109.2
179.9	110.4
180.1	111
180.2	109.8
180.4	111.6
180.4	114
180.5	112.8
180.5	111
180.6	109.8
180.8	107.4
180.9	106.8
181.2	109.2
181.3	111.6
181.3	111.6
181.4	111.6
181.5	109.2
181.6	108.6
181.8	109.2
181.9	111
181.9	108.6
182	106.8
182.2	106.2
182.3	108.6
182.4	111
182.5	114
182.7	119.4
182.8	123
182.8	125.9
182.8	125.9
182.9	121.8
183.1	116.4
183.2	114
183.2	109.8
183.2	107.4
183.3	105
183.4	103.3
183.4	101.5
183.5	100.9
183.6	103.9
183.6	104.4
183.7	103.3
183.8	102.1
183.8	101.5
183.9	99.7
183.9	99.7
183.9	99.1
184.1	97.9
184.1	97.9
184.3	99.1
184.4	101.5
184.4	102.1
184.6	103.3
184.7	103.9
184.8	105.6
184.8	106.2
184.9	105
185	102.7
185.1	101.5
185.2	102.7
185.3	105
185.4	108
185.5	108.6
185.6	108
185.8	106.8
185.8	105
185.9	103.9
186	103.3
186.1	101.5
186.3	101.5
186.3	101.5
186.5	102.7
186.8	105.6
186.8	107.4
186.9	108.6
187.1	109.8
187.2	109.8
187.3	108
187.3	106.2
187.4	104.4
187.4	103.9
187.6	105
187.8	106.2
187.8	106.8
188	106.2
188.1	105
188.1	103.3
188.4	102.1
188.4	103.3
188.3	105.6
188.3	105.6
188.3	106.8
188.6	105.6
188.7	105
188.8	104.4
188.9	103.9
189	103.9
189.1	105.6
189.3	107.4
189.3	108
189.4	109.8
189.4	111
189.6	109.8
189.6	108.6
189.7	109.8
189.7	112.2
189.7	113.4
189.8	111
189.9	111
189.9	111
189.9	112.8
189.9	114
189.9	114
190	114.6
190.1	114.6
190.2	115.8
190.3	115.8
190.5	115.8
190.5	114
190.6	111.6
190.6	109.8
190.7	108.6
190.7	107.4
190.8	106.2
190.9	106.2
191	108.6
191	108.6
191.1	111.6
191.2	112.8
191.3	112.8
191.3	111
191.3	110.4
191.5	112.2
191.5	112.2
191.5	112.2
191.6	111.6
191.6	110.4
191.6	109.8
191.6	108.6
191.7	108
191.8	111
191.9	111
192	108.6
192	108
192	106.8
192.2	104.4
192.2	102.7
192.3	100.9
192.3	99.7
192.3	99.1
192.4	97.9
192.4	96.7
192.4	97.3
192.5	97.9
192.6	98.5
192.7	99.1
192.7	99.7
192.8	100.3
192.9	102.1
193	103.3
193.1	104.4
193.2	105.6
193.2	106.2
193.3	106.2
193.4	105.6
193.8	105.6
193.8	106.8
193.8	110.4
193.9	112.2
194.1	112.8
194.3	111.6
194.3	109.8
194.3	109.8
194.4	109.8
194.4	109.8
194.5	110.4
194.5	110.4
194.6	110.4
194.7	109.2
194.7	108.6
194.8	108.6
194.9	109.2
195	111
195	110.4
195.1	109.2
195.1	109.2
195.2	108
195.2	108
195.2	107.4
195.4	108.6
195.4	108.6
195.4	109.2
195.4	109.2
195.5	109.8
195.5	109.8
195.6	109.8
195.7	109.8
195.7	109.2
195.8	109.2
195.8	109.2
196	109.2
196.2	107.4
196.2	107.4
196.2	106.8
196.3	108
196.3	108
196.4	109.2
196.5	111
196.6	112.8
196.8	112.8
196.9	112.8
197	111.6
197	111
197	109.2
197	108
197.2	109.2
197.2	111.6
197.3	114
197.3	115.2
197.4	118.2
197.5	119.4
197.5	119.4
197.5	120
197.6	120
197.7	118.8
197.7	117.6
197.8	117.6
197.9	117.6
198	115.2
198.2	115.2
198.2	115.8
198.4	115.8
198.5	117.6
198.5	117.6
198.6	118.8
198.7	118.8
198.7	118.8
198.8	117.6
198.8	117
198.8	115.8
198.9	114.6
198.8	114.6
199	112.8
199.1	111
199.1	110.4
199.3	110.4
199.4	112.8
199.4	114
199.6	112.8
199.8	111.6
199.9	111.6
200	112.8
200.2	115.2
200.2	117.6
200.3	118.2
200.3	118.8
200.4	116.4
200.5	115.2
200.5	114
200.5	113.4
200.5	112.2
200.6	110.4
200.6	109.2
200.8	107.4
200.8	111
200.7	113.4
200.7	113.4
200.7	113.4
200.7	112.8
200.8	111.6
201	109.8
201.2	108.6
201.3	108.6
201.3	108.6
201.4	108.6
201.5	108.6
201.6	108.6
201.7	109.2
201.8	111.6
201.9	112.8
202	114
202	114.6
202	115.8
202.1	116.4
202.1	116.4
202.2	115.2
202.3	114.6
202.4	115.8
202.4	116.4
202.5	117.6
202.6	118.2
202.6	118.8
202.7	118.8
202.8	116.4
202.8	114
202.9	111.6
203	109.8
203	112.2
203.1	115.2
203.2	117
203.4	117.6
203.5	116.4
203.5	113.4
203.5	112.8
203.6	111
203.6	108
203.6	107.4
203.8	103.9
203.9	103.9
203.9	107.4
203.9	107.4
204	109.2
204.1	111
204.2	111.6
204.2	112.2
204.4	114.6
204.4	117
204.5	120
204.6	120
204.8	121.2
204.8	118.8
204.9	117
205	114.6
205.1	112.8
205.1	112.2
205.2	111
205.5	110.4
205.3	111
205.3	114
205.3	117
205.4	120
205.4	123
205.5	124.7
205.8	128.9
205.9	129.5
205.9	130.1
205.9	132.5
206	134.3
206	129.5
206.1	125.3
206.1	120
206.2	117
206.3	114.6
206.3	112.2
206.4	109.8
206.5	109.8
206.6	111.6
206.6	116.4
206.8	118.2
206.9	119.4
206.9	121.8
206.9	123.5
206.9	125.3
207.1	127.7
207.1	129.5
207.4	130.1
207.6	128.3
207.6	127.7
207.7	125.3
207.7	120.6
207.7	119.4
207.7	119.4
207.7	117.6
207.8	114
207.8	113.4
207.8	111
207.9	109.8
207.9	107.4
208	106.8
208.1	106.8
208.1	112.8
208.2	115.8
208.3	117.6
208.4	117.6
208.4	115.8
208.6	114.6
208.7	116.4
208.8	117
208.9	115.8
209	112.8
209.1	109.8
209.2	108
209.3	107.4
209.4	107.4
209.5	109.2
209.5	110.4
209.7	112.8
209.8	114.6
209.9	115.8
209.9	117
209.9	120
209.9	120.6
209.9	121.2
210	121.2
210	121.2
210.1	121.2
210.3	118.2
210.4	115.8
210.4	115.2
210.5	112.8
210.5	112.2
210.6	116.4
210.7	118.8
210.7	120
210.8	119.4
210.9	116.4
210.9	115.8
211	114
211	111.6
211.1	110.4
211.1	109.2
211.3	103.9
211.3	103.3
211.3	103.9
211.3	106.8
211.4	108.6
211.4	108.6
211.7	111.6
211.8	110.4
211.9	110.4
212	109.8
212	111.6
212.3	108
212.3	107.4
212.3	105.6
212.4	105
212.4	105.6
212.4	106.2
212.4	108
212.5	109.2
212.6	112.2
212.7	114
212.7	115.2
212.7	114.6
212.8	112.8
212.8	110.4
212.9	108
212.9	105.6
212.9	105
213	103.9
213.1	102.1
213.1	101.5
213.2	100.3
213.2	99.1
213.3	97.3
213.4	96.7
213.4	95.5
213.5	94.9
213.5	97.9
213.6	99.1
213.6	101.5
213.7	103.9
213.8	103.9
213.8	103.9
213.9	100.9
213.9	100.3
213.9	99.7
214	99.7
214.1	100.9
214.2	100.9
214.2	100.3
214.3	98.5
214.4	96.7
214.5	91.9
214.6	91.3
214.6	91.3
214.7	94.3
214.7	97.3
214.9	99.1
215	100.9
215.1	101.5
215.3	101.5
215.3	100.3
215.5	99.1
215.6	99.1
215.8	102.7
216	103.3
216	105
216.2	106.8
216.6	109.2
216.6	110.4
216.5	112.2
216.6	113.4
216.7	114
216.7	114
216.8	114
216.8	111
216.8	111
216.9	108.6
217	107.4
217.1	107.4
217.1	105.6
217.3	105
217.4	106.2
217.5	108.6
217.6	111.6
217.6	111.6
217.7	111
217.8	108
218	107.4
218	109.2
218.2	111
218.3	113.4
218.3	113.4
218.3	113.4
218.5	112.2
218.5	113.4
218.6	114.6
218.6	114.6
218.6	114.6
218.7	113.4
218.8	112.8
218.9	113.4
219	114
219.1	114.6
219.1	115.2
219.1	115.2
219.3	115.2
219.4	113.4
219.4	110.4
219.5	106.8
219.5	104.4
219.6	102.1
219.6	101.5
219.7	101.5
219.9	103.3
220.1	105
220.2	106.8
220.3	107.4
220.4	106.8
220.5	105.6
220.6	105
220.6	106.2
220.8	107.4
220.9	107.4
221	107.4
221	105.6
221.1	105
221.2	104.4
221.3	105.6
221.4	106.2
221.6	104.4
221.8	103.9
221.9	103.3
222	104.4
222	106.8
222.1	108.6
222.3	107.4
222.5	108
222.5	110.4
222.5	112.2
222.7	112.2
222.9	112.2
223	114
223	115.2
223.1	115.8
223.2	114.6
223.4	114
223.6	112.2
223.6	111.6
223.7	109.8
223.8	109.2
223.9	109.2
223.9	109.2
224	109.8
224.1	110.4
224.1	111
224.2	111
224.3	111.6
224.3	114
224.3	114.6
224.4	113.4
224.6	112.8
224.7	113.4
224.7	115.2
224.9	116.4
225	117
225.1	117
225.3	117
225.5	117
225.5	117
225.6	118.2
225.6	120
225.6	120.6
225.6	124.1
225.7	126.5
225.7	127.1
225.7	127.7
225.8	128.9
226	129.5
226.1	128.9
226.1	127.7
226.2	125.3
226.2	124.7
226.3	123.5
226.3	123
226.4	120.6
226.5	117.6
226.5	117
226.6	118.8
226.6	119.4
226.6	122.4
226.6	123
226.6	123.5
226.7	124.1
226.8	124.1
226.9	123.5
227	124.7
227	124.1
227.1	123.5
227.1	123
227.2	123
227.3	123.5
227.3	124.7
227.4	124.7
227.5	123
227.7	121.8
228	124.7
228.1	127.1
228.1	129.5
228.1	129.5
228.1	129.5
228.2	125.9
228.2	124.7
228.3	123
228.3	119.4
228.4	116.4
228.4	114.6
228.5	114.6
228.6	116.4
228.7	117.6
228.9	118.2
228.9	120
228.9	121.8
228.9	123
229	125.3
229	127.7
229.1	129.5
229.2	131.9
229.2	132.5
229.2	133.1
229.3	131.3
229.4	131.9
229.5	133.7
229.6	135.5
229.7	136.1
229.8	133.1
229.8	130.1
229.9	128.3
229.9	126.5
230.1	124.1
230.1	123
230.1	121.2
230.2	119.4
230.3	118.2
230.3	117.6
230.3	117.6
230.4	119.4
230.5	121.8
230.6	122.4
230.6	124.7
230.8	126.5
230.8	127.1
230.9	127.7
231	130.1
231.1	130.1
231.1	130.1
231.2	130.1
231.2	128.9
231.3	127.1
231.4	125.9
231.5	123
231.6	121.2
231.6	117.6
231.7	115.8
231.9	118.2
232	121.2
232.2	121.8
232.3	120
232.4	120
232.6	120.6
232.8	120.6
232.8	120.6
233	119.4
233.2	118.8
233.2	119.4
233.3	122.4
233.4	124.7
233.6	125.9
233.8	127.7
233.8	127.7
233.9	127.7
234.1	125.9
234.2	125.9
234.2	125.3
234.3	125.9
234.3	126.5
234.4	128.3
234.5	130.7
234.5	131.3
234.6	133.1
234.7	133.1
234.8	131.3
234.8	130.1
234.8	128.3
234.9	125.9
234.9	125.3
234.9	124.1
235	122.4
235	122.4
235	124.7
235.1	127.1
235.2	128.3
235.4	130.7
235.5	131.9
235.6	133.1
235.8	133.1
235.9	132.5
235.9	130.1
236	125.9
236	124.7
236.1	122.4
236.1	122.4
236.2	123.5
236.2	125.9
236.3	126.5
236.4	127.7
236.5	127.1
236.5	125.9
236.7	125.3
236.7	123.5
236.8	123
236.8	121.2
236.8	120
236.9	119.4
236.9	119.4
237.1	120.6
237.2	121.2
237.3	121.2
237.3	121.2
237.4	120
237.4	118.2
237.4	117.6
237.4	117.6
237.5	118.2
237.6	119.4
237.7	120
237.7	120
238	120
238.1	118.8
238.1	117.6
238.1	117.6
238.2	118.8
238.2	120.6
238.4	120.6
238.5	124.1
238.6	121.2
238.6	121.2
238.7	120.6
238.8	119.4
238.9	116.4
239	115.2
239.1	115.2
239.1	117.6
239.4	118.8
239.4	118.8
239.5	118.8
239.5	117.6
239.6	118.8
239.8	117
239.8	116.4
239.8	114.6
239.9	112.2
239.9	112.2
240	111.6
240.1	111
240.1	111
240.2	111
240.4	111.6
240.6	113.4
240.8	114.6
240.8	114.6
240.9	114.6
240.9	117
240.9	117.6
240.9	118.8
241	121.8
241.1	123
241.1	123.5
241.2	126.5
241.2	129.5
241.3	133.7
241.3	134.3
241.4	136.1
241.5	141.5
241.5	142.6
241.5	145.6
241.5	149.2
241.5	150.4
241.6	152.8
241.6	156.4
241.6	155.8
241.6	153.4
241.6	148.6
241.7	142.6
241.7	136.1
241.8	127.1
242	123
242.1	117.6
242.1	112.2
242.2	108.6
242.4	105
242.5	100.9
242.5	98.5
242.6	96.7
242.7	94.3
242.8	91.3
242.8	87.7
242.9	84.2
243	80
243	75.8
243.1	72.2
243.1	68.6
243.1	65.7
243.1	62.7
243.2	60.9
243.3	58.5
243.4	57.9
243.5	58.5
243.5	59.7
243.6	63.9
243.6	67.4
243.7	70.4
243.7	74.6
243.8	77
243.8	78.2
243.8	81.2
243.9	82.4
243.9	87.7
244	91.9
244	94.9
244.2	99.7
244.2	102.1
244.3	103.3
244.4	105.6
244.6	108.6
244.7	109.2
244.8	109.8
244.8	112.2
244.9	114
245	115.8
245.1	118.8
245.2	120
245.3	117.6
245.3	115.8
245.5	113.4
245.6	112.2
245.8	111.6
245.8	112.8
246	114.6
246.2	114
246.3	114
246.3	118.2
246.4	121.2
246.5	123
246.6	126.5
246.7	127.7
246.8	129.5
246.8	130.7
246.8	131.9
246.9	133.1
246.9	133.7
246.9	134.3
247	132.5
247	131.9
247	134.3
247.1	136.1
247.2	138.5
247.2	138.5
247.3	136.1
247.4	132.5
247.4	129.5
247.5	127.1
247.6	124.7
247.6	121.8
247.7	120.6
247.8	121.2
247.9	124.7
248	124.7
248.2	122.4
248.4	120.6
248.7	120
248.8	121.8
248.8	125.3
248.8	125.9
248.8	129.5
248.9	130.7
248.9	130.7
249	127.7
249	130.7
249.1	133.1
249.2	134.3
249.2	134.9
249.3	136.1
249.4	136.7
249.4	136.1
249.6	133.7
249.7	133.7
249.7	133.1
249.7	132.5
249.7	132.5
249.9	134.9
249.9	136.1
250	137.3
250	137.3
250.2	137.3
250.2	136.7
250.3	135.5
250.4	134.9
250.4	134.3
250.6	132.5
250.7	130.7
250.7	130.1
250.8	130.1
250.9	130.7
251	131.9
251.1	133.1
251.3	133.1
251.4	131.3
251.5	128.9
251.6	128.9
251.6	129.5
251.8	132.5
251.9	134.9
252	135.5
252	136.1
252	133.7
252.1	131.3
252.2	128.9
252.2	127.1
252.3	130.7
252.4	131.9
252.5	132.5
252.6	132.5
252.6	134.3
252.7	135.5
252.9	134.3
253	131.3
253	129.5
253	126.5
253.1	124.1
253.2	123
253.4	125.9
253.5	128.9
253.7	129.5
253.8	129.5
253.9	129.5
254	131.9
254.1	133.7
254.1	134.3
254.2	135.5
254.3	136.7
254.4	135.5
254.4	132.5
254.5	131.3
254.5	129.5
254.5	127.1
254.6	125.9
254.7	124.1
254.8	123.5
254.8	123.5
254.9	125.3
255	124.7
255.1	123
255.2	123
255.3	125.9
255.3	128.9
255.5	131.3
255.6	131.9
255.6	131.9
255.7	130.1
255.7	130.1
255.7	128.3
255.7	127.1
255.8	127.1
255.8	125.3
255.9	124.1
255.9	124.1
255.9	123
256	122.4
256	121.8
256.1	122.4
256.3	124.1
256.4	123.5
256.4	121.8
256.5	121.2
256.6	124.1
256.6	125.9
256.6	125.9
256.8	128.9
256.9	127.7
256.9	127.1
257	125.3
257.1	125.3
257.2	128.9
257.3	129.5
257.4	131.9
257.4	133.1
257.5	134.3
257.6	134.9
257.7	131.9
257.8	130.1
257.8	128.3
257.9	125.3
257.9	124.1
258.1	125.9
258.1	128.9
258.1	130.7
258.3	133.7
258.3	137.3
258.4	137.9
258.6	136.1
258.6	135.5
258.6	136.1
258.8	139.7
258.9	140.3
258.9	137.9
259	136.1
259.2	134.9
259.3	131.9
259.3	128.3
259.5	125.3
259.7	121.8
259.8	118.8
259.8	116.4
259.8	114
259.8	112.2
259.8	110.4
259.9	108
260	108
260.1	108
260.2	106.8
260.2	105.6
260.3	109.8
260.4	112.8
260.4	117.6
260.5	121.2
260.6	124.1
260.6	127.1
260.6	129.5
260.7	133.1
260.8	135.5
260.8	137.9
260.9	139.1
261.1	137.9
261.1	135.5
261.2	133.1
261.3	129.5
261.3	128.9
261.3	127.1
261.5	130.1
261.5	132.5
261.5	136.1
261.6	137.3
261.7	137.9
261.7	137.9
261.9	136.1
262	135.5
262	133.7
262.2	132.5
262.3	133.1
262.3	134.9
262.3	135.5
262.5	137.3
262.6	137.3
262.7	136.7
262.8	134.9
262.9	134.3
263	136.7
263	136.7
263.1	136.7
263.3	136.1
263.3	135.5
263.2	135.5
263.3	137.3
263.3	137.9
263.3	137.9
263.3	138.5
263.3	137.9
263.4	137.9
263.3	137.3
263.3	136.7
263.5	136.7
263.5	134.9
263.5	133.1
263.6	130.7
263.6	130.1
263.6	129.5
263.7	128.3
263.8	127.1
264	127.1
264.1	127.1
264.1	127.1
264.3	128.3
264.4	130.1
264.5	130.7
264.6	130.1
264.6	128.9
264.8	127.7
264.8	127.1
264.9	126.5
264.9	125.3
264.9	125.3
265	124.7
265	125.3
265	124.1
265.1	125.3
265.1	126.5
265.2	127.7
265.2	127.7
265.4	127.1
265.5	125.3
265.6	124.1
265.7	121.2
265.7	120
265.8	119.4
266	115.8
266	112.8
266.1	109.8
266.2	107.4
266.2	105
266.3	102.1
266.3	100.9
266.3	99.1
266.4	97.3
266.4	96.7
266.5	96.7
266.5	98.5
266.6	99.1
266.8	99.1
266.8	99.1
267	99.7
267	103.3
267.1	105.6
267.3	108
267.3	109.8
267.4	112.8
267.5	114.6
267.5	115.2
267.5	115.2
267.5	117
267.5	118.2
267.6	120
267.7	121.8
267.8	123
267.8	124.7
267.8	124.7
267.8	125.9
267.9	127.1
267.9	127.1
268	127.1
268.1	124.7
268.1	124.1
268.1	124.1
268.1	125.9
268.2	127.1
268.3	129.5
268.3	130.1
268.3	131.9
268.4	133.1
268.6	132.5
268.7	131.3
268.7	130.7
268.8	132.5
268.8	132.5
268.9	133.7
268.9	136.7
269	137.9
269.1	137.9
269.1	137.9
269.1	136.1
269.2	134.3
269.2	133.7
269.2	132.5
269.4	130.1
269.4	127.7
269.4	125.9
269.5	124.7
269.6	122.4
269.6	121.2
269.8	121.8
269.9	123.5
269.9	124.7
270	126.5
270	127.7
270.2	128.3
270.3	129.5
270.4	131.9
270.5	133.1
270.5	133.1
270.7	131.9
270.7	130.7
270.7	128.9
270.8	128.3
270.9	126.5
270.9	126.5
270.9	125.3
271	125.3
271.1	124.1
271.2	123.5
271.2	122.4
271.3	121.8
271.4	121.8
271.5	122.4
271.5	126.5
271.6	130.7
271.7	133.1
271.9	134.9
271.9	136.7
272.1	137.3
272.2	136.1
272.2	134.9
272.2	134.3
272.2	133.1
272.3	132.5
272.3	132.5
272.4	134.3
272.6	134.3
272.7	134.3
272.8	134.3
272.9	136.1
272.9	137.9
273	139.1
273.1	140.9
273.2	142.6
273.2	144.4
273.2	146.8
273.6	153.4
273.6	154
273.4	152.8
273.5	156.4
273.6	157.6
273.7	157.6
273.7	157
273.8	154
273.8	150.4
273.8	149.8
273.9	146.8
273.9	143.8
273.9	143.2
273.9	140.9
274	139.1
274	137.9
274	136.7
274	134.3
274	133.7
274	131.9
274.1	131.3
274.1	130.1
274.2	128.9
274.3	128.3
274.4	128.9
274.5	130.7
274.6	131.3
274.7	131.3
275	129.5
275.1	128.3
275.1	128.3
275.2	126.5
275.2	125.9
275.4	124.7
275.4	124.1
275.5	125.9
275.6	130.1
275.6	131.9
275.7	131.9
275.5	133.7
275.6	134.3
275.6	136.1
275.6	136.1
275.6	137.3
275.7	139.1
275.8	140.3
275.8	140.9
275.9	142.6
276	143.8
276.2	145
276.2	145.6
276.2	145.6
276.3	145
276.3	142.6
276.3	139.7
276.3	137.9
276.4	134.9
276.5	131.9
276.6	129.5
276.6	127.1
276.7	127.7
276.8	129.5
276.9	131.3
276.9	131.9
277	133.1
277.1	133.7
277.1	131.9
277.2	128.3
277.2	124.7
277.3	126.5
277.3	130.1
277.4	133.7
277.5	136.1
277.6	136.7
277.7	136.1
277.7	134.3
277.9	133.7
278	133.7
278.1	135.5
278.2	137.9
278.3	137.3
278.3	134.9
278.4	131.9
278.5	130.1
278.6	134.9
278.6	137.3
278.7	139.1
278.8	140.9
278.9	142
278.9	142
279	143.2
279	143.8
279	143.8
279.1	141.5
279.2	139.7
279.2	136.7
279.3	134.3
279.3	133.1
279.3	131.9
279.3	128.3
279.4	125.3
279.5	123.5
279.6	123.5
279.6	126.5
279.7	128.3
279.7	128.9
279.8	130.1
279.8	131.3
279.9	131.9
280	131.9
280.1	131.9
280.1	130.7
280.1	130.1
280.2	131.3
280.2	131.3
280.3	131.3
280.4	130.1
280.4	128.3
280.5	126.5
280.5	126.5
280.7	124.7
280.7	123
280.9	122.4
281	125.9
281.1	126.5
281.4	126.5
281.5	125.9
281.5	126.5
281.6	128.3
281.7	130.7
281.8	134.3
281.8	134.9
281.8	135.5
281.8	136.1
281.8	137.9
281.8	138.5
281.9	140.3
282	141.5
282.1	142
282.2	140.3
282.3	137.3
282.3	136.7
282.4	134.9
282.4	132.5
282.4	130.7
282.5	128.3
282.5	126.5
282.5	124.7
282.6	124.1
282.6	127.7
282.7	131.3
282.8	134.9
282.8	137.3
282.9	138.5
283	138.5
283	137.9
283.1	136.7
283.1	135.5
283.2	133.1
283.3	131.3
283.3	130.7
283.3	128.9
283.4	126.5
283.4	124.1
283.5	123
283.6	122.4
283.6	124.7
283.8	125.3
284.1	126.5
284.2	127.7
284.3	129.5
284.4	131.3
284.4	133.1
284.4	135.5
284.4	136.1
284.4	136.1
284.5	137.9
284.6	139.1
284.6	139.1
284.7	137.9
284.8	137.3
284.8	136.7
284.9	134.9
284.9	133.1
285	131.9
285	131.3
285.2	128.3
285.2	128.3
285.2	129.5
285.2	131.3
285.2	133.7
285.4	136.7
285.4	138.5
285.4	140.3
285.4	141.5
285.4	142
285.5	140.9
285.6	139.1
285.8	137.3
285.8	136.1
285.8	135.5
285.9	137.9
286	139.7
286	138.5
286.1	137.9
286.1	136.1
286.1	134.3
286.1	133.7
286.2	133.1
286.2	133.7
286.2	134.3
286.2	136.7
286.3	140.3
286.3	140.9
286.5	143.2
286.5	143.2
286.6	141.5
286.7	140.3
286.7	139.1
286.7	137.3
286.8	134.9
286.9	133.7
287	131.9
287.1	131.9
287.2	133.7
287.2	136.7
287.2	137.3
287.3	137.9
287.3	137.9
287.3	136.1
287.4	134.9
287.4	134.9
287.5	134.9
287.6	134.3
287.7	136.1
287.7	137.9
287.7	138.5
287.7	139.1
287.8	139.1
287.8	139.1
288	139.1
288	140.3
288	143.8
288.1	143.8
288.2	144.4
288.2	144.4
288.2	143.8
288.2	142.6
288.2	140.9
288.2	139.7
288.3	138.5
288.5	137.3
288.5	136.7
288.5	136.7
288.6	135.5
288.6	134.3
288.7	133.1
288.7	131.3
288.8	131.3
288.8	131.3
288.8	128.9
288.9	127.1
288.9	125.9
289	125.3
289	125.3
289.2	125.9
289.2	127.1
289.3	127.7
289.3	127.7
289.3	127.1
289.5	125.9
289.5	125.9
289.5	127.7
289.5	128.9
289.6	128.9
289.6	128.3
289.6	127.7
289.7	127.1
289.7	125.9
289.8	125.9
290	127.1
290	128.9
290.1	130.7
290.1	133.7
290.2	134.9
290.4	137.3
290.5	138.5
290.5	139.1
290.6	140.3
290.6	140.3
290.7	139.7
290.7	137.9
290.7	135.5
290.7	133.7
290.8	130.7
290.8	129.5
290.8	128.9
290.8	129.5
290.9	131.3
291.1	133.7
291.1	134.3
291.2	136.1
291.2	137.9
291.2	137.9
291.3	136.7
291.3	134.9
291.3	133.1
291.3	131.9
291.4	130.1
291.4	129.5
291.6	128.3
291.7	126.5
291.8	125.9
292	124.7
292.1	124.1
292.1	122.4
292.2	122.4
292.3	125.9
292.3	127.7
292.4	131.9
292.4	133.7
292.4	136.1
292.5	136.1
292.5	135.5
292.6	134.9
292.6	133.7
292.7	132.5
292.7	130.7
292.8	128.9
292.9	127.7
292.9	126.5
292.9	124.7
293	123.5
293.1	123
293.1	123
293.1	123
293.2	121.8
293.4	120.6
293.5	121.2
293.6	124.7
293.8	127.7
293.8	128.3
293.8	130.7
293.9	133.1
293.9	134.3
293.9	136.7
294	139.1
294.1	140.3
294.1	142
294.1	143.8
294.2	145
294.2	148
294.3	149.2
294.3	149.2
294.4	147.4
294.4	145
294.6	145
294.7	144.4
294.9	140.9
295.1	137.9
295.2	136.1
295.2	136.1
295.3	134.9
295.4	134.9
295.5	134.9
295.6	135.5
295.7	135.5
295.7	135.5
295.8	131.9
296	128.3
296	126.5
296.1	124.7
296.2	124.1
296.3	128.3
296.3	131.3
296.4	133.1
296.5	136.1
296.5	136.7
296.6	135.5
296.7	134.3
296.7	136.1
296.8	136.1
296.8	133.7
296.9	131.3
297	130.1
297.1	127.7
297.2	126.5
297.2	124.1
297.2	125.3
297.3	128.3
297.4	130.1
297.6	131.9
297.8	131.3
297.9	128.9
298	127.7
298.1	131.3
298.2	131.3
298.3	133.1
298.3	136.1
298.4	138.5
298.5	139.1
298.5	139.1
298.6	137.9
298.7	137.3
298.7	137.3
298.8	139.1
298.8	139.7
298.8	141.5
298.9	142
298.9	143.2
299	144.4
299	146.2
299	148
299	148.6
299.2	148.6
299.2	148
299.3	146.8
299.3	146.8
299.4	146.8
299.4	147.4
299.4	147.4
299.4	147.4
299.5	146.2
299.5	145.6
299.5	144.4
299.5	140.3
299.6	136.1
299.7	131.9
299.7	130.7
299.7	130.1
299.8	129.5
299.9	128.9
299.9	128.3
299.9	127.1
300	125.9
300	124.1
300	123.5
300	123
300	121.8
300.1	120.6
300.1	118.8
300.2	117.6
300.2	118.8
300.3	120.6
300.4	123.5
300.5	125.9
300.6	127.7
300.6	128.3
300.4	128.3
300.4	129.5
300.4	131.9
300.4	132.5
300.6	131.9
300.7	133.1
300.8	136.1
300.9	137.3
301	138.5
301	139.1
301.2	137.3
301.3	135.5
301.3	134.9
301.3	132.5
301.3	130.1
301.3	127.7
301.4	124.7
301.6	121.8
301.6	122.4
301.7	123.5
301.7	125.3
301.8	125.9
301.9	128.9
302.1	130.1
302.2	128.9
302.3	126.5
302.4	124.1
302.4	123.5
302.5	125.3
302.6	127.1
302.8	129.5
302.8	131.9
302.8	131.9
302.9	133.7
303	133.7
303.1	133.7
303.1	130.7
303.1	128.9
303.1	126.5
303.3	124.7
303.3	124.1
303.3	122.4
303.4	120.6
303.4	120.6
303.4	119.4
303.4	118.2
303.5	116.4
303.5	115.2
303.7	115.8
303.7	118.2
303.8	120
303.8	123.5
304	126.5
304.1	129.5
304.2	131.3
304.3	129.5
304.4	129.5
304.4	132.5
304.5	134.9
304.5	134.9
304.6	135.5
304.7	135.5
304.8	134.9
304.8	131.3
304.9	128.9
304.9	128.9
305.1	126.5
305.2	125.3
305.2	125.3
305.3	124.1
305.4	122.4
305.5	121.2
305.6	120
305.7	122.4
305.7	124.1
305.8	124.1
305.8	124.1
305.9	126.5
305.9	128.3
306	128.9
306	131.3
306	131.3
306	132.5
306.1	134.9
306.2	136.7
306.3	138.5
306.3	140.3
306.3	142
306.3	143.8
306.4	146.8
306.5	147.4
306.7	146.2
306.8	142.6
306.9	139.7
306.9	137.3
306.9	136.7
307	134.9
307.1	131.9
307.1	131.9
307.2	134.9
307.2	134.9
307.2	133.1
307.3	131.9
307.4	130.7
307.5	131.9
307.6	133.1
307.7	134.3
307.7	133.7
307.7	131.3
307.8	131.9
308	132.5
308	133.7
308.1	132.5
308.2	130.1
308.2	129.5
308.2	125.9
308.3	124.1
308.3	123.5
308.5	122.4
308.5	121.2
308.6	120.6
308.6	121.2
308.8	123.5
308.9	126.5
309.1	130.7
309.1	132.5
309.1	136.1
309.1	138.5
309.2	139.7
309.3	139.1
309.3	139.1
309.4	138.5
309.5	138.5
309.5	139.1
309.7	140.3
309.8	141.5
309.8	142
309.8	142.6
309.8	140.3
310	138.5
310.1	136.7
310.1	133.7
310.2	130.7
310.3	130.1
310.5	130.7
310.6	130.7
310.6	130.7
310.7	129.5
310.8	127.1
310.8	125.3
310.9	124.1
311	122.4
311.1	121.2
311.2	120
311.2	120
311.3	124.1
311.4	124.7
311.4	127.1
311.6	125.3
311.6	124.1
311.7	124.1
311.8	128.9
312	131.9
312	134.3
312.2	133.1
312.2	128.3
312.2	127.7
312.2	125.3
312.2	122.4
312.2	120.6
312.2	118.2
312.3	114.6
312.4	112.8
312.5	113.4
312.6	118.2
312.7	118.8
312.8	115.2
312.8	114.6
312.8	112.8
312.9	111
313	106.8
313.1	105
313.2	102.1
313.2	103.3
313.3	107.4
313.3	108.6
313.4	112.8
313.6	116.4
313.6	117
313.6	118.2
313.7	118.8
313.7	115.2
313.8	113.4
314	113.4
314.1	112.8
314.2	109.8
314.2	107.4
314.3	104.4
314.4	103.9
314.4	101.5
314.4	98.5
314.4	97.9
314.4	97.9
314.6	99.1
314.7	102.7
314.9	106.2
315	106.2
315.2	103.3
315.3	100.9
315.3	100.3
315.4	97.9
315.5	95.5
315.5	94.9
315.5	93.1
315.6	91.3
315.7	89.5
315.7	87.7
315.8	86.5
315.9	85.4
316	87.7
316	92.5
316	96.1
316.2	100.9
316.3	102.1
316.3	105
316.4	110.4
316.4	111
316.3	113.4
316.3	116.4
316.4	119.4
316.4	120.6
316.4	122.4
316.5	124.1
316.6	126.5
316.6	127.1
316.8	127.1
316.9	125.3
317	121.8
317.2	119.4
317.3	122.4
317.3	122.4
317.4	123.5
317.5	123.5
317.7	120.6
317.7	119.4
317.7	123.5
317.7	125.3
317.9	128.3
318.1	129.5
318.1	129.5
318.1	130.7
318.2	126.5
318.3	123
318.4	120
318.4	117
318.4	114.6
318.5	112.2
318.5	112.2
318.5	109.8
318.6	108.6
318.6	107.4
318.7	106.8
318.7	104.4
318.7	101.5
318.7	98.5
318.8	96.7
318.9	97.9
319	101.5
319.2	105
319.2	106.8
319.4	108.6
319.5	107.4
319.5	105
319.5	104.4
319.5	103.9
319.6	103.3
319.7	102.7
319.7	102.1
319.7	102.1
319.8	102.1
319.8	102.1
319.9	102.1
319.9	103.9
319.9	103.9
320	102.7
320	102.1
320.1	100.3
320.2	99.7
320.4	99.7
320.5	100.3
320.7	101.5
320.7	103.9
320.8	108
321.1	110.4
321.2	108.6
321.3	107.4
321.4	106.2
321.5	104.4
321.5	103.3
321.6	104.4
321.7	103.3
321.7	101.5
321.8	99.7
321.8	97.9
321.8	97.3
322	97.3
322.1	97.3
322.2	99.7
322.4	100.3
322.4	100.3
322.5	100.3
322.5	99.7
322.5	96.7
322.6	94.9
322.6	93.7
322.7	91.9
322.7	90.1
322.7	90.1
322.8	88.3
322.8	86.5
322.9	85.9
322.9	88.3
323	91.9
323.1	92.5
323.2	93.7
323.3	97.3
323.3	100.3
323.4	103.3
323.4	105.6
323.5	108
323.5	109.8
323.7	109.8
323.7	109.2
323.8	108.6
323.8	105
324	102.1
324.1	98.5
324.3	97.3
324.4	99.1
324.4	102.1
324.6	105
324.6	105.6
324.6	108
324.6	111
324.6	111.6
324.6	113.4
324.7	115.2
324.9	116.4
324.9	116.4
325	112.2
325.1	108
325.1	105
325.1	103.9
325.1	102.1
325.2	101.5
325.2	100.9
325.2	100.3
325.3	99.1
325.3	97.9
325.4	96.1
325.4	94.9
325.4	93.7
325.6	91.9
325.5	90.1
325.5	90.1
325.6	87.1
325.6	85.4
325.8	90.1
325.9	96.1
325.9	99.7
325.9	106.8
325.9	108
326	112.8
326	115.2
326	115.2
326.1	118.8
326.1	121.2
326.2	125.3
326.4	129.5
326.5	130.7
326.5	130.7
326.5	130.7
326.6	125.3
326.6	120
326.9	114.6
326.9	109.2
327.1	106.2
327.2	105
327.2	102.1
327.3	99.1
327.4	96.1
327.5	95.5
327.6	92.5
327.7	90.7
327.7	88.9
327.8	84.2
327.8	81.8
327.9	77.6
328	78.2
328	79.4
328.1	84.2
328.1	91.3
328.1	94.9
328.2	100.3
328.4	103.9
328.5	103.3
328.6	99.7
328.6	99.1
328.8	95.5
328.9	96.1
328.9	99.7
329	100.3
329.1	102.1
329.3	105
329.3	105.6
329.4	107.4
329.5	108.6
329.6	110.4
329.7	111.6
329.7	111.6
329.9	108
329.9	105
330.1	100.9
330.2	99.1
330.2	97.3
330.3	95.5
330.4	96.7
330.5	99.1
330.6	103.3
330.6	103.9
330.8	109.2
330.8	110.4
330.8	111
331	111.6
331	109.2
331.2	102.7
331.3	97.3
331.4	93.7
331.4	90.7
331.4	90.7
331.5	88.3
331.5	86.5
331.5	83.6
331.5	80
331.6	76.4
331.7	74
331.8	75.8
331.9	79.4
332	84.2
332	87.1
332.1	85.4
332.1	84.2
332.2	83.6
332.4	85.4
332.4	88.9
332.4	90.1
332.5	90.7
332.8	91.3
332.8	91.3
333	91.9
333.1	94.9
333.1	98.5
333.3	102.1
333.3	105.6
333.6	109.8
333.6	110.4
333.7	112.8
333.9	116.4
334.1	118.8
334.4	121.8
334.5	120.6
334.5	119.4
334.6	116.4
334.8	112.8
334.8	110.4
334.9	109.2
335.1	108.6
335.2	107.4
335.3	105
335.3	104.4
335.4	103.9
335.5	109.2
335.6	111
335.8	112.8
335.8	112.8
335.9	112.8
336	111
336.2	110.4
336.4	111.6
336.4	112.2
336.6	112.2
336.7	110.4
336.7	109.8
336.8	108.6
337.1	109.2
337.2	109.2
337.3	114
337.4	115.2
337.5	117.6
337.6	120.6
337.6	121.2
337.7	124.1
337.7	123.5
338.1	131.9
338.1	132.5
338.1	133.1
338.2	134.9
338.4	139.1
338.4	140.9
338.5	142
338.5	142
338.6	139.7
338.7	136.7
338.8	136.1
338.9	134.3
339.1	133.7
339.3	134.9
339.4	136.1
339.5	137.9
339.6	139.7
339.6	140.3
339.7	140.9
339.8	140.3
339.8	136.1
339.8	134.9
339.9	131.9
340	131.9
340	132.5
340.2	137.3
340.2	137.9
340.4	136.1
340.6	133.1
340.6	132.5
340.8	132.5
341	131.3
341	129.5
341	128.9
341.1	127.7
341.2	125.9
341.5	125.9
341.7	125.9
341.8	128.3
341.8	130.1
341.9	130.1
342	130.1
342	131.9
342.1	134.3
342.2	136.7
342.2	137.3
342.3	137.9
342.4	135.5
342.5	132.5
342.5	129.5
342.6	127.1
342.6	125.9
342.6	125.3
342.7	126.5
342.7	129.5
342.7	130.1
342.9	131.3
343	130.7
343	128.3
343.1	127.7
343.2	127.7
343.3	130.1
343.4	130.1
343.4	128.3
343.5	126.5
343.6	126.5
343.6	126.5
343.7	126.5
343.7	126.5
343.8	127.1
343.9	127.7
344	128.3
344.1	128.3
344.2	125.9
344.2	124.1
344.3	121.8
344.4	118.8
344.4	118.2
344.5	118.2
344.5	120.6
344.6	123.5
344.6	123.5
344.6	124.1
344.7	124.7
344.8	127.1
344.9	127.1
345	124.7
345	124.7
345.2	123
345.4	123
345.5	125.9
345.5	128.9
345.7	129.5
345.7	128.9
345.8	128.3
345.8	127.7
345.9	127.7
346.1	131.9
346.2	132.5
346.3	133.7
346.3	133.7
346.4	132.5
346.4	129.5
346.5	129.5
346.5	128.9
346.6	128.3
346.7	127.1
346.9	131.3
347	134.9
347	135.5
347.1	139.7
347.2	140.3
347.2	140.9
347.2	140.9
347.3	140.9
347.4	137.9
347.4	136.1
347.5	132.5
347.5	130.1
347.6	129.5
347.6	130.1
347.7	133.1
347.8	134.9
347.9	137.3
348	138.5
348.1	138.5
348.1	137.3
348.1	134.9
348.2	131.9
348.2	130.1
348.2	127.7
348.2	125.9
348.2	124.1
348.3	124.1
348.5	124.7
348.7	127.7
348.8	130.1
349	130.1
349.1	130.7
349.2	133.1
349.3	135.5
349.4	136.1
349.4	137.9
349.5	140.3
349.6	143.2
349.6	143.2
349.6	145
349.7	147.4
350	149.2
350	149.8
350.1	150.4
350.1	151.6
350.1	150.4
350.1	149.8
350.2	149.2
350.3	146.8
350.3	145.6
350.5	143.8
350.5	142.6
350.7	139.7
350.8	137.9
351	136.7
351	138.5
351.2	136.7
351.2	134.9
351.3	134.9
351.5	137.3
351.6	136.1
351.6	133.1
351.6	131.9
351.7	131.3
351.8	134.3
351.9	137.3
351.9	134.9
351.9	134.3
351.9	133.7
352	134.3
352.1	134.3
352.1	132.5
352.2	130.7
352.2	128.9
352.3	128.3
352.4	130.7
352.5	134.3
352.6	135.5
352.7	132.5
352.8	131.9
352.8	131.3
352.9	130.1
353	127.7
353.1	128.3
353.2	130.7
353.3	133.7
353.4	136.1
353.4	138.5
353.5	140.3
353.6	140.9
353.6	137.9
353.7	135.5
353.8	134.3
353.8	133.1
353.9	132.5
353.9	134.9
354	136.1
354.1	138.5
354.2	140.3
354.4	142.6
354.4	142.6
354.5	140.3
354.5	138.5
354.6	137.3
354.6	136.7
354.6	135.5
354.7	133.7
354.8	133.1
354.8	132.5
355	130.7
355.1	129.5
355.3	130.1
355.3	130.1
355.4	131.3
355.4	131.3
355.4	131.3
355.6	130.1
355.7	128.3
355.7	125.9
355.9	125.3
355.9	126.5
356	127.1
356.1	127.1
356.2	128.9
356.2	130.7
356.2	133.1
356.3	134.3
356.4	132.5
356.5	131.9
356.7	131.9
356.7	131.9
356.7	133.1
356.7	134.3
356.7	134.9
356.9	135.5
357	135.5
357	136.7
357.1	138.5
357.1	140.9
357.2	146.2
357.4	149.2
357.4	151
357.5	151
357.6	148.6
357.7	146.2
357.8	142.6
357.9	141.5
358	140.3
358.1	138.5
358.2	137.9
358.3	136.1
358.3	133.7
358.3	131.9
358.3	129.5
358.3	128.3
358.4	127.1
358.5	124.7
358.5	124.1
358.6	122.4
358.7	121.8
358.8	123.5
358.8	127.1
358.8	127.1
359.1	131.3
359.1	133.7
359.3	137.9
359.6	140.9
359.6	140.3
359.6	134.9
359.7	131.9
359.7	129.5
359.7	127.7
359.7	126.5
359.9	124.1
359.9	124.1
360	123.5
360	124.1
360.1	127.1
360.3	130.7
360.4	134.9
360.5	139.1
360.7	142
360.8	143.2
360.9	144.4
360.9	145
360.9	142
361.1	139.1
361.1	135.5
361.2	133.7
361.2	131.3
361.2	130.1
361.2	128.3
361.2	127.1
361.3	125.9
361.3	125.9
361.4	129.5
361.4	131.3
361.4	131.3
361.5	133.1
361.6	133.7
361.7	133.7
361.7	133.1
361.8	132.5
361.9	131.3
361.9	131.3
361.9	130.7
362.1	133.7
362.2	135.5
362.2	136.1
362.3	137.3
362.4	137.9
362.5	139.1
362.6	139.1
362.6	138.5
362.7	137.3
362.7	136.1
362.8	135.5
362.9	134.3
363	133.7
363	133.1
363.1	132.5
363.2	132.5
363.3	132.5
363.4	130.7
363.5	128.3
363.5	127.7
363.6	126.5
363.6	125.3
363.7	124.7
364	128.9
364.1	131.3
364.1	133.1
364.3	133.1
364.3	131.3
364.5	131.9
364.6	134.3
364.7	134.9
364.8	136.1
364.8	136.1
364.9	134.3
364.9	133.7
365	131.9
365.1	130.1
365.2	128.9
365.2	128.3
365.4	129.5
365.5	130.1
365.5	131.3
365.5	132.5
365.6	132.5
365.7	133.1
365.7	132.5
365.9	131.9
366	130.7
366	130.1
366	127.7
366	124.7
366.1	124.1
366.1	127.1
366.3	124.7
366.3	123.5
366.4	123.5
366.6	127.7
366.6	131.3
366.6	131.3
366.6	131.3
366.6	133.7
366.8	138.5
367	139.1
367	135.5
367.2	134.9
367.3	136.1
367.5	137.3
367.7	137.9
367.9	135.5
367.9	133.1
367.9	130.7
367.9	130.1
367.9	130.1
368.1	129.5
368.2	132.5
368.3	134.3
368.3	134.9
368.4	136.1
368.4	136.1
368.5	134.3
368.6	133.7
368.7	135.5
368.8	135.5
368.9	133.7
369	133.1
369.1	134.9
369.1	138.5
369.2	141.5
369.4	143.2
369.4	145
369.5	148
369.5	150.4
369.5	151
369.6	151.6
369.7	150.4
369.7	146.8
369.8	144.4
369.9	142
370	139.7
370	138.5
370.1	137.3
370.2	134.9
370.2	134.3
370.3	135.5
370.4	137.9
370.5	137.9
370.7	138.5
370.8	139.1
371	139.7
371.1	137.9
371.1	136.1
371.1	134.3
371.2	131.9
371.3	129.5
371.4	128.3
371.4	127.1
371.4	126.5
371.6	128.3
371.8	127.7
371.8	125.9
371.8	125.3
371.8	124.7
371.9	126.5
371.9	127.1
372	130.1
372.1	133.7
372.2	137.3
372.2	139.1
372.3	143.2
372.3	145.6
372.4	148
372.5	151.6
372.5	154
372.6	155.8
372.6	155.8
372.7	155.2
372.7	152.2
372.8	151.6
372.8	151.6
372.9	151
373	148.6
373.1	147.4
373.1	147.4
373.2	146.2
373.2	144.4
373.4	143.8
373.4	143.8
373.5	143.2
373.5	141.5
373.6	140.3
373.6	137.9
373.6	136.1
373.6	134.3
373.6	134.3
373.7	137.3
373.7	136.1
373.7	134.3
373.8	133.1
373.8	131.3
373.8	131.3
373.9	133.7
373.9	134.3
374	136.1
374.2	138.5
374.3	140.3
374.5	143.8
374.5	144.4
374.5	146.8
374.5	149.2
374.5	151.6
374.6	153.4
374.7	154.6
374.7	156.4
374.7	160
374.8	161.1
374.9	161.7
375	163.5
375.1	165.3
375.1	165.9
375.2	166.5
375.4	165.9
375.5	164.1
375.1	165.9
375.2	165.9
375.3	164.1
375.3	162.9
375.4	161.7
375.4	160
375.5	157.6
375.5	155.2
375.5	154
375.5	151
375.6	149.8
375.7	149.2
375.7	146.8
375.7	143.8
375.7	139.7
375.7	135.5
375.7	131.3
375.7	131.3
375.7	127.7
375.8	124.7
375.8	122.4
375.9	117.6
375.9	114.6
375.9	114
376.1	111.6
376.1	111.6
376.2	111.6
376.3	116.4
376.3	118.8
376.5	123.5
376.5	126.5
376.5	128.3
376.6	133.1
376.6	135.5
376.6	137.3
376.7	139.1
376.8	140.3
376.8	140.9
377	141.5
377.2	142
377.2	142.6
377.3	142.6
377.3	139.7
377.4	134.9
377.4	131.3
377.5	128.3
377.6	124.1
377.7	121.8
377.7	120
377.7	117.6
377.8	112.8
377.8	111.6
377.8	109.2
377.9	106.8
377.9	106.8
378	105.6
378.1	106.2
378.1	106.8
378.2	109.2
378.2	111
378.2	111.6
378.3	117
378.4	119.4
378.4	123
378.5	127.1
378.5	131.3
378.5	133.1
378.6	134.9
378.8	134.3
378.9	134.9
378.9	135.5
378.9	136.1
379	137.9
379.1	140.9
379.2	143.8
379.2	146.8
379.4	146.2
379.5	142.6
379.6	142.6
379.6	140.3
379.6	136.7
379.7	132.5
379.9	130.7
380.1	130.7
380.2	131.9
380.3	134.3
380.4	134.3
380.4	132.5
380.4	128.9
380.5	125.3
380.5	124.7
380.6	120
380.7	116.4
380.7	115.8
380.7	111.6
380.7	108.6
380.7	105
380.8	103.9
380.9	101.5
380.9	99.7
380.9	97.9
380.9	93.7
380.9	93.1
380.9	90.1
380.9	88.9
380.9	87.1
381	86.5
381	84.2
381	81.8
381.1	81.8
381.2	84.2
381.3	87.1
381.4	90.1
381.5	91.9
381.5	88.9
381.5	85.4
381.5	84.2
381.7	80.6
382	78.2
382	80.6
382.1	80.6
382.2	83.6
382.3	85.4
382.3	86.5
382.4	89.5
382.5	89.5
382.5	88.3
382.6	85.4
382.7	82.4
382.7	81.2
382.9	80.6
383	81.8
383.1	83
383.2	85.9
383.2	85.9
383.3	85.9
383.4	86.5
383.5	90.1
383.6	91.3
383.7	90.7
383.8	91.3
383.9	92.5
383.9	94.3
384	94.3
384.1	94.3
384.3	94.3
384.3	94.9
384.4	97.9
384.6	97.3
384.6	94.9
384.7	91.3
384.7	88.9
384.7	87.7
384.8	87.1
384.8	85.9
384.9	85.4
385.1	84.8
385.3	85.9
385.4	85.9
385.4	82.4
385.5	79.4
385.6	77
385.7	74
385.8	71
385.8	69.2
385.9	68
386.2	68.6
386.4	71.6
386.4	71.6
386.6	74
386.6	75.2
386.7	78.2
386.8	81.8
386.8	83
386.9	85.9
387.1	89.5
387.2	90.1
387.2	88.9
387.2	87.1
387.3	84.2
387.3	83
387.4	84.2
387.4	82.4
387.4	81.2
387.4	81.2
387.5	80.6
387.6	80.6
387.7	82.4
387.9	85.9
388	84.2
388.1	83.6
388.1	81.2
388.2	80
388.2	80
388.4	79.4
388.4	79.4
388.5	83
388.7	87.1
388.9	91.3
389	92.5
389	93.1
389	89.5
389.1	90.1
389.4	97.3
389.6	100.3
389.6	105
389.6	108.6
389.7	108
389.8	105
390	102.1
390	100.9
390.1	99.7
390.3	99.1
390.3	99.1
390.4	103.9
390.4	108.6
390.4	111
390.6	113.4
390.7	114
390.7	114
390.9	111
391	110.4
391.1	110.4
391.3	108
391.4	108
391.7	111
391.8	111.6
392	109.8
392	104.4
392	97.9
392	97.9
392.1	95.5
392.1	89.5
392.2	84.8
392.3	81.2
392.3	77
392.3	74
392.3	72.2
392.3	68.6
392.3	68
392.3	65.1
392.4	63.3
392.4	57.3
392.4	56.1
392.4	53.7
392.4	53.7
392.5	52.5
392.5	51.9
392.6	50.1
392.7	50.1
392.8	50.1
392.9	48.9
392.9	48.3
392.9	46.6
393.2	48.9
393.2	49.5
393.4	50.7
393.5	48.9
393.7	48.9
393.8	48.9
393.9	50.1
393.9	50.1
394	53.1
394.1	59.1
394.1	59.7
394.2	63.9
394.2	65.1
394.2	69.2
394.4	74
394.4	74
394.4	78.8
394.4	83
394.5	86.5
394.6	89.5
394.7	91.3
394.8	90.7
394.9	82.4
394.9	80.6
394.9	74
395	68.6
395	63.3
395.1	57.9
395.1	54.9
395.2	51.9
395.2	48.3
395.2	46
395.2	45.4
395.3	45.4
395.4	47.2
395.5	51.3
395.5	51.9
395.7	55.5
395.7	59.1
395.8	60.3
396	60.9
396.2	60.9
396.3	59.1
396.3	57.3
396.4	56.1
396.6	56.1
396.6	57.3
396.7	57.9
396.9	58.5
396.9	58.5
396.9	57.9
397	56.1
397.1	54.9
397.2	53.1
397.3	52.5
397.4	51.3
397.5	50.1
397.6	48.9
397.7	48.3
397.7	50.1
397.8	50.7
397.8	53.1
397.8	53.1
398	53.1
398.1	56.1
398.2	58.5
398.2	59.7
398.3	60.9
398.3	63.9
398.4	65.1
398.5	66.3
398.5	64.5
398.6	63.3
398.6	63.3
398.7	62.1
398.7	59.7
398.8	57.9
398.8	57.3
399	59.1
399	59.1
399.1	59.1
399.3	58.5
399.5	56.7
399.7	55.5
399.7	54.9
399.7	54.3
399.7	52.5
399.9	51.3
400	53.1
400.1	53.7
400.1	51.3
400.2	49.5
400.2	48.9
400.3	47.8
400.5	46.6
400.6	47.8
400.6	47.8
400.6	47.2
400.6	49.5
400.6	50.1
400.7	50.1
400.9	50.7
401	50.7
401.2	50.7
401.4	50.1
401.5	47.8
401.7	45.4
401.8	44.2
402.1	41.8
402.2	40.6
402.3	40.6
402.4	41.2
402.6	43.6
402.7	46
402.8	48.3
402.8	50.1
402.9	50.1
403	47.8
403.2	50.1
403.3	50.7
403.4	50.1
403.5	48.3
403.5	46.6
403.7	44.2
403.8	42.4
403.9	43
404	44.2
404	44.2
404	44.2
404.2	44.2
404.2	44.2
404.4	43.6
404.5	41.8
404.7	40
404.8	40.6
404.8	43
405	43
405.1	40.6
405.1	38.8
405.3	38.8
405.4	39.4
405.6	39.4
405.7	39.4
405.8	40.6
406	43
406	44.2
406.1	43
406.3	41.2
406.4	39.4
406.7	39.4
406.7	40.6
406.7	43
406.7	46
406.7	46.6
406.9	47.8
407	48.9
407	49.5
407	51.9
407.1	54.3
407.2	54.3
407.4	54.9
407.4	54.9
407.4	51.9
407.5	50.1
407.5	48.3
407.6	44.2
407.7	42.4
407.7	40.6
407.9	38.2
408.1	36.4
408.2	38.8
408.2	41.8
408.4	44.2
408.5	43.6
408.6	40.6
408.6	38.8
408.7	36.4
408.8	35.8
409.1	38.2
409.2	40
409.5	42.4
409.7	43.6
409.8	46.6
409.8	48.9
409.8	48.9
409.8	50.7
410	51.3
410	51.3
410.2	51.3
410.3	53.7
410.3	55.5
410.5	57.9
410.5	59.1
410.6	63.9
410.6	64.5
410.6	68
410.7	72.2
410.7	72.8
410.8	84.2
410.9	93.7
411	104.4
411	106.8
411	109.2
411	114.6
411	115.8
411.1	117.6
411.1	117
411.2	115.8
411.3	115.2
411.3	118.2
411.3	120.6
411.4	124.1
411.4	124.7
411.5	126.5
411.7	128.3
411.8	124.7
411.9	120
412.1	112.2
412.1	111
412.2	108.6
412.2	107.4
412.2	103.9
412.3	100.3
412.4	96.1
412.4	94.3
412.4	94.3
412.6	99.7
412.8	103.9
412.9	104.4
412.9	102.1
413.1	100.9
413.1	99.1
413.2	96.1
413.3	95.5
413.4	94.3
413.5	92.5
413.6	95.5
413.8	96.7
414.1	94.3
414.2	95.5
414.4	99.7
414.5	100.3
414.6	97.3
414.6	93.1
414.6	92.5
414.6	91.9
414.6	90.1
414.6	85.9
414.6	84.8
414.7	82.4
414.8	78.8
414.8	75.2
414.8	74
414.9	70.4
414.9	66.8
414.9	61.5
414.9	60.9
414.9	57.3
414.9	53.1
415	50.1
415.2	52.5
415.3	57.3
415.4	63.9
415.4	64.5
415.5	68.6
415.5	72.8
415.6	77
415.7	77
415.8	73.4
415.8	70.4
415.8	67.4
416	65.7
416.2	64.5
416.3	64.5
416.5	67.4
416.5	71.6
416.5	72.2
416.5	72.8
416.6	75.2
416.7	76.4
416.8	77
416.9	79.4
417.2	77.6
417.2	71
417.3	67.4
417.3	66.8
417.4	62.1
417.6	60.9
417.6	56.7
417.6	52.5
417.6	48.9
417.7	45.4
417.7	44.2
417.7	43
417.7	40
417.8	39.4
417.8	37.6
418	35.2
418	32.8
418.1	31.6
418.1	29.8
418.2	27.5
418.3	26.3
418.3	25.1
418.4	23.9
418.5	21.5
418.6	19.7
418.7	17.9
419	17.9
419.1	20.9
419.1	21.5
419.2	25.1
419.4	25.1
419.5	22.7
419.7	20.9
419.8	19.7
420	18.5
420.1	18.5
420.3	19.7
420.6	26.3
420.8	29.8
420.8	34
420.8	42.4
420.8	46
420.9	49.5
421	51.9
421	53.1
421.2	57.9
421.3	62.1
421.3	63.3
421.3	65.1
421.4	71
421.4	74.6
421.5	78.2
421.6	83.6
421.6	84.2
421.6	86.5
421.6	87.1
421.6	90.1
421.6	91.9
421.7	93.1
421.8	96.7
421.9	100.9
421.9	101.5
421.9	102.7
422	100.9
422.2	97.9
422.3	99.7
422.5	103.3
422.6	101.5
422.7	93.1
422.8	90.7
422.8	83
422.8	81.2
422.8	77
422.8	72.8
422.9	63.9
423	59.1
423	54.9
423	50.1
423	48.3
423	46
423.1	45.4
423.1	44.2
423.2	41.8
423.3	40.6
423.5	38.8
423.7	38.2
423.7	38.8
423.8	41.8
423.8	43.6
423.9	43.6
424	41.8
424.3	40.6
424.3	43
424.4	44.8
424.5	47.2
424.6	47.8
424.6	49.5
424.7	51.3
424.8	51.9
424.9	51.9
424.9	52.5
425	51.9
425	51.3
425.1	50.1
425.1	49.5
425.1	48.3
425.1	47.2
425.2	45.4
425.2	43.6
425.2	42.4
425.3	40.6
425.4	40.6
425.5	41.8
425.5	43.6
425.6	43
425.7	47.2
425.7	48.9
425.9	52.5
426	54.9
426.2	56.7
426.2	57.9
426.2	57.9
426.4	57.9
426.5	54.9
426.5	51.3
426.7	48.3
426.7	45.4
426.8	43
426.9	42.4
427	43.6
427.1	44.2
427.2	46
427.3	48.3
427.3	48.3
427.4	48.3
427.7	44.8
427.7	44.2
427.9	42.4
428	44.8
428.1	47.8
428.2	51.9
428.3	53.7
428.5	49.5
428.6	48.9
428.6	50.7
428.8	53.7
429	56.1
429.1	56.1
429.1	55.5
429.3	50.7
429.3	49.5
429.5	46
429.6	43.6
429.9	39.4
430	37.6
430.1	37
430.3	35.2
430.3	34.6
430.5	34
430.6	37
430.6	37.6
430.7	37.6
430.9	37.6
431.1	37.6
431.2	37.6
431.4	38.2
431.4	40
431.4	42.4
431.4	43
431.4	43
431.6	44.8
431.8	45.4
431.8	45.4
431.9	45.4
432	44.8
432.1	43.6
432.1	41.8
432.2	40
432.3	38.2
432.6	37
432.6	38.2
432.6	41.8
432.7	44.2
432.8	46
432.9	46
433.1	46
433.1	46
433.2	46
433.3	45.4
433.3	45.4
433.3	45.4
433.5	44.8
433.5	42.4
433.5	42.4
433.7	40.6
433.8	38.8
433.9	38.8
434.2	38.2
434.4	40.6
434.5	42.4
434.6	43
434.8	43.6
434.8	42.4
434.8	42.4
434.9	40
435	38.2
435	38.2
435.1	37
435.3	40
435.3	40
435.4	39.4
435.4	38.2
435.5	39.4
435.6	40.6
435.8	40
436	38.8
436.1	38.8
436.2	40
436.4	42.4
436.5	45.4
436.5	46.6
436.6	47.8
436.7	48.3
436.8	46.6
436.9	46.6
437.1	47.8
437.3	48.3
437.5	47.2
437.6	45.4
437.6	44.2
437.7	43
437.8	41.8
437.9	40.6
438.2	39.4
438.2	40.6
438.5	42.4
438.7	42.4
438.8	44.8
438.8	46.6
438.8	47.8
438.8	49.5
438.9	50.7
439	50.7
439.2	50.1
439.2	48.3
439.2	47.8
439.3	46.6
439.4	46.6
439.4	46.6
439.6	45.4
439.6	44.8
439.8	42.4
439.9	42.4
439.9	43.6
440	46
440.1	48.9
440.2	48.9
440.3	48.9
440.3	48.9
440.3	48.3
440.3	47.2
440.3	46.6
440.5	45.4
440.6	44.8
440.7	44.8
440.7	46.6
440.8	47.2
440.9	46.6
440.9	44.2
441	45.4
441	46.6
441	47.8
441.1	48.3
441.3	48.3
441.4	48.9
441.4	48.9
441.7	53.1
441.7	54.9
441.8	56.1
441.9	58.5
442	59.7
442.1	57.9
442.2	57.3
442.2	58.5
442.4	59.7
442.1	57.9
442.1	57.9
442.2	57.9
442.4	59.7
442.5	60.3
442.5	60.9
442.5	62.1
442.5	62.7
442.5	61.5
442.6	59.1
442.6	58.5
442.7	56.7
442.7	56.1
442.8	56.1
442.9	58.5
442.9	59.1
443	59.7
443	56.7
443	56.1
443.1	54.9
443.1	54.9
443.1	54.9
443.2	56.7
443.2	57.3
443.3	56.7
443.3	55.5
443.3	54.9
443.4	53.1
443.6	51.3
443.6	51.3
443.7	54.3
443.8	56.7
444	56.7
444.3	57.3
444.3	57.3
444.4	62.1
444.6	65.7
444.7	65.7
444.7	62.7
444.7	60.9
444.8	59.7
444.9	61.5
445	62.7
445.1	62.7
445.3	59.7
445.4	57.9
445.5	57.3
445.6	57.3
445.7	57.9
445.7	58.5
445.8	59.7
446	62.1
446	62.1
446.2	63.9
446.3	66.3
446.4	67.4
446.5	66.3
446.5	65.7
446.5	62.7
446.6	60.9
446.6	60.9
446.7	59.1
446.7	57.9
446.7	60.3
446.8	62.1
446.9	62.1
447	62.7
447.1	62.7
447.2	62.1
447.3	60.3
447.3	59.7
447.3	58.5
447.4	56.7
447.5	55.5
447.7	57.9
447.8	60.3
447.8	61.5
447.9	63.3
448.1	62.7
448.1	61.5
448.2	61.5
448.2	63.3
448.3	65.1
448.3	66.3
448.3	68
448.4	69.2
448.6	69.2
448.7	68
448.7	66.3
448.8	65.1
448.8	63.3
448.8	62.7
448.8	62.1
448.8	60.9
448.9	61.5
448.9	62.1
449	62.1
449.1	62.1
449.2	62.1
449.2	62.1
449.3	61.5
449.3	60.9
449.3	59.7
449.3	59.1
449.4	59.1
449.4	60.3
449.5	63.3
449.6	63.9
449.7	63.9
449.8	62.7
449.9	62.7
450	60.9
450.2	60.3
450.3	59.7
450.4	59.7
450.4	59.1
450.4	58.5
450.4	57.9
450.5	56.7
450.6	55.5
450.6	55.5
450.6	56.7
450.6	56.7
450.7	61.5
450.8	62.1
451	61.5
451.1	62.7
451.3	67.4
451.3	72.2
451.3	75.8
451.4	78.2
451.6	80
451.6	80.6
451.7	80.6
451.9	81.8
451.9	81.8
452.1	80.6
452.1	79.4
452.2	75.8
452.3	75.8
452.4	78.8
452.5	80
452.6	78.2
452.7	74
452.8	73.4
452.9	77.6
453	79.4
453.1	81.2
453.2	81.2
453.3	81.2
453.4	80
453.6	74.6
453.6	71.6
453.8	68.6
453.8	68.6
454	65.7
454.1	62.7
454.2	58.5
454.4	54.9
454.5	51.9
454.5	47.8
454.6	43.6
454.7	40.6
454.8	37
454.8	36.4
454.8	34.6
454.9	30.4
455.1	32.8
455.2	33.4
455.3	30.4
455.4	28.7
455.5	26.3
455.6	26.3
455.7	28.7
455.8	31.6
455.9	32.2
456	31
456.2	29.8
456.2	29.2
456.3	29.2
456.3	28.7
456.4	29.2
456.5	31
456.6	31
456.6	31
456.7	29.2
456.7	28.1
456.8	28.1
457	29.2
457	29.2
457.1	29.8
457.1	30.4
457.2	31
457.4	31.6
457.4	31.6
457.7	31
457.4	32.8
457.6	31
457.6	29.8
457.6	28.7
457.7	28.1
457.7	27.5
457.9	29.2
457.9	29.8
458	29.8
458.2	30.4
458.3	32.2
458.4	32.8
458.4	32.8
458.5	30.4
458.5	29.2
458.5	28.1
458.6	28.1
458.6	27.5
458.7	26.3
458.9	25.7
458.9	25.7
459	26.3
459.1	27.5
459.3	28.7
459.4	29.8
459.6	32.8
459.8	34
459.9	36.4
460.1	38.2
460.2	37.6
460.2	35.8
460.3	34
460.4	32.8
460.6	31.6
460.7	31
460.8	31
461	32.8
461	32.8
461.2	34
461.4	35.2
461.4	36.4
461.4	39.4
461.5	42.4
461.8	46.6
461.9	47.8
461.8	49.5
461.8	48.9
461.9	46
462	43.6
462.1	43.6
462.2	42.4
462.3	41.8
462.5	40.6
462.6	39.4
462.7	37.6
462.7	36.4
462.8	34.6
462.9	34.6
463.1	34.6
463.1	34.6
463.3	37.6
463.3	41.2
463.3	41.8
463.4	44.8
463.4	48.9
463.4	52.5
463.4	53.1
463.4	57.3
463.5	58.5
463.6	58.5
463.9	56.7
464	56.7
464.2	57.9
464.2	59.7
464.3	62.1
464.4	64.5
464.5	68
464.6	68.6
464.6	70.4
464.6	73.4
464.6	74
464.6	75.8
464.6	77.6
464.6	78.2
464.7	80
464.8	81.2
464.9	79.4
465	76.4
465	75.8
465.2	69.2
465.3	71.6
465.5	72.2
465.7	74
465.8	78.2
466	80
466	79.4
466	84.8
466.1	85.9
466.1	86.5
466.3	89.5
466.3	89.5
466.3	90.7
466.4	94.9
466.5	97.9
466.6	101.5
466.8	102.1
466.9	102.1
467	101.5
467.2	99.1
467.4	94.9
467.4	94.9
467.5	93.1
467.6	91.3
467.7	88.9
467.8	88.3
467.9	91.3
468	91.3
468	88.9
468.1	87.1
468.3	87.1
468.3	90.7
468.4	94.9
468.4	98.5
468.5	102.7
468.7	107.4
468.7	108
468.7	109.8
468.7	118.8
468.7	123.5
468.7	124.7
468.8	130.1
468.8	140.3
468.8	147.4
468.9	152.2
468.9	159.4
468.9	159.4
469	162.9
469.2	172.5
469.3	176.7
469.3	177.9
469.3	182.6
469.3	183.2
469.3	184.4
469.4	190.4
469.5	195.2
469.5	198.7
469.6	202.9
469.6	204.7
469.6	205.9
469.6	205.9
469.8	207.1
469.8	207.1
469.8	207.1
469.9	204.7
469.9	201.1
469.9	199.9
469.8	195.8
469.7	190.4
469.8	184.4
470	177.3
470	171.3
470.3	158.8
470.3	154
470.3	152.8
470.3	149.8
470.4	146.2
470.5	145
470.6	142
470.7	139.1
470.8	136.7
471	130.1
471.1	118.2
471.1	111
471.1	103.9
471.1	97.9
471.1	91.3
471.1	85.9
471.1	84.8
471.1	81.8
471.2	75.2
471.4	67.4
471.4	65.1
471.4	60.9
471.4	57.3
471.4	51.9
471.5	47.8
471.5	44.2
471.5	43.6
471.5	41.2
471.5	37
471.5	36.4
471.5	34.6
471.6	32.2
471.8	31
471.8	28.7
471.9	28.1
472.1	30.4
472.3	30.4
472.3	28.7
472.4	26.9
472.5	25.7
472.7	25.1
472.8	23.9
472.9	23.9
473	26.9
473.1	28.1
473.3	28.1
473.3	28.1
473.5	28.1
473.6	30.4
473.6	32.8
473.7	35.2
473.9	38.8
474	40
474.1	41.2
474.2	42.4
474.3	43
474.4	40.6
474.4	40
474.5	40
474.5	41.8
474.6	44.2
474.7	44.8
474.8	47.2
474.8	47.8
474.9	50.1
475	53.7
475.1	60.3
475.1	66.8
475.2	70.4
475.4	74
475.4	78.2
475.4	81.2
475.4	82.4
475.4	85.9
475.4	88.3
475.5	90.7
475.5	94.9
475.5	95.5
475.6	98.5
475.6	101.5
475.6	102.7
475.4	106.2
475.4	111.6
475.5	116.4
475.5	126.5
475.6	134.3
475.6	143.8
475.6	146.8
475.6	149.2
475.7	162.3
475.7	162.9
475.7	167.7
475.7	177.3
475.7	177.9
475.7	183.8
475.7	190.4
475.7	194.6
475.7	197.6
475.7	201.1
475.7	204.1
475.7	207.1
475.7	208.3
475.8	207.1
477.8	201.7
477.8	206.5
477.8	208.3
477.8	208.9
478	210.1
478	210.1
478.1	210.1
478.3	204.1
478.3	195.8
478.3	191.6
478.3	182.6
478.3	164.7
478.3	159.4
478.2	149.8
478.2	139.1
478.2	137.3
478.4	130.7
478.6	126.5
478.7	120
478.7	119.4
478.7	119.4
478.8	115.2
478.8	111.6
478.8	110.4
478.8	105
478.8	99.1
478.8	99.1
478.9	95.5
478.9	94.3
478.9	92.5
479.1	88.9
479.1	88.9
479.2	88.3
479.3	85.4
479.4	81.2
479.5	75.8
479.5	74.6
479.8	80.6
479.9	86.5
479.9	96.7
480	100.9
480.3	103.9
480.3	104.4
480.4	102.1
480.5	96.1
480.5	95.5
480.6	91.3
480.7	88.9
480.8	87.7
481	94.3
481	94.9
481.1	100.3
481.3	103.3
481.3	103.3
481.6	105.6
481.6	106.2
481.7	104.4
481.9	96.1
481.9	94.9
481.9	89.5
482.1	81.2
482.1	73.4
482.2	66.3
482.2	57.3
482.3	51.9
482.4	46.6
482.5	41.8
482.8	41.8
482.9	46
483	50.1
483.1	57.3
483.1	68
483.1	74.6
483.1	75.2
483.2	80.6
483.2	90.1
483.4	105.6
483.4	105.6
483.3	113.4
483.3	119.4
483.3	123.5
483.7	127.7
483.9	130.7
483.9	131.3
484	136.1
484.1	137.9
484.1	138.5
484.1	137.9
484.2	136.1
484.4	130.7
484.4	129.5
484.5	131.9
484.5	134.3
484.7	134.9
484.7	134.9
485.1	133.1
485.1	128.9
485.2	123.5
485.3	120
485.4	118.8
485.4	118.2
485.5	119.4
485.6	121.8
485.7	121.8
485.8	121.8
485.5	117
485.7	121.2
485.8	120.6
486	124.1
486.2	130.7
486.2	133.1
486.3	137.3
486.4	138.5
486.5	135.5
486.7	135.5
486.9	142.6
487	139.1
487	136.1
487.1	131.9
487.2	129.5
487.3	128.9
487.6	131.9
487.8	134.3
488	136.1
488	137.9
488	137.9
488	138.5
488.1	138.5
488.2	131.9
488.3	126.5
488.4	123
488.5	121.8
488.5	122.4
488.9	133.1
489	138.5
489.1	143.2
489.1	147.4
489.2	149.2
489.3	139.1
489.6	134.3
489.9	127.7
489.9	123
490	119.4
490.1	112.8
490.2	111
490.2	106.8
490.3	103.3
490.4	99.7
490.4	98.5
490.5	96.1
490.5	91.9
490.5	91.9
490.6	88.9
490.6	86.5
490.7	90.7
490.9	99.7
490.9	107.4
491	114
491.2	122.4
491.3	124.1
491.3	121.8
491.4	120
491.5	119.4
491.5	118.8
491.7	118.8
491.8	117.6
492.1	116.4
492.2	116.4
492.2	116.4
492.3	114
492.3	112.8
492.5	113.4
492.5	115.2
492.6	115.2
492.8	112.8
492.9	110.4
492.9	109.2
492.9	110.4
493.1	114
493.3	117.6
493.5	121.2
493.6	118.8
493.6	118.2
493.7	115.2
493.8	114.6
493.9	114.6
494	113.4
494.1	110.4
494.1	109.2
494.1	106.2
494.1	105
494.3	114.6
494.4	120
494.4	123.5
494.5	126.5
494.5	128.3
494.6	128.3
494.7	124.7
494.8	120.6
494.9	117.6
494.9	118.8
494.9	116.4
494.9	112.8
495	111.6
495	109.8
495.1	106.8
495.1	106.2
495.1	104.4
495.2	103.3
495.3	103.9
495.5	108
495.5	111.6
495.6	116.4
495.8	118.8
495.9	119.4
496	117.6
496.2	116.4
496.3	115.2
496.4	112.8
496.5	111.6
496.5	111.6
496.6	113.4
496.9	115.8
497.1	120
497.1	120.6
497.2	124.1
497.2	124.1
497.3	121.8
497.5	121.2
497.8	119.4
497.9	117.6
498	116.4
498.1	116.4
498.1	117
498.2	117.6
498.2	120.6
498.4	123
498.7	124.7
498.8	124.7
498.9	121.8
499.1	120
499.1	119.4
499.2	118.8
499.3	116.4
499.3	115.2
499.3	114
499.4	111.6
499.5	109.8
499.6	107.4
499.6	105.6
499.6	105
499.7	103.9
499.7	104.4
500	109.8
500.1	113.4
500.2	116.4
500.4	120.6
500.6	121.8
500.6	126.5
500.6	127.1
500.7	127.1
500.9	125.3
501	123
501	121.8
501.2	122.4
501.3	122.4
501.5	117.6
501.6	114
501.6	113.4
501.6	110.4
501.6	107.4
501.6	106.8
501.7	104.4
501.7	103.3
501.7	102.7
501.9	104.4
502	104.4
502	103.9
502.3	102.1
502.3	102.1
502.3	102.1
502.3	103.9
502.4	106.8
502.5	106.8
502.5	106.2
502.6	106.8
502.6	106.8
502.7	110.4
502.8	113.4
502.8	114
502.9	114.6
503	111.6
503.1	111.6
503.1	112.8
503.3	115.8
503.4	117
503.5	114
503.6	109.2
503.6	107.4
503.6	104.4
503.7	100.9
503.8	98.5
503.9	94.9
504	94.9
504.2	97.9
504.3	97.3
504.4	97.3
504.4	96.7
504.6	100.9
504.6	100.9
504.7	106.2
504.8	109.8
504.9	111
505.1	109.8
505.2	111.6
505.2	114
505.2	115.2
505.3	119.4
505.4	121.2
505.5	121.2
505.5	121.2
505.7	114.6
505.7	114
505.8	108
505.8	108
505.9	105
505.9	103.9
506	102.7
506.1	100.3
506.2	98.5
506.3	96.1
506.3	94.3
506.3	92.5
506.4	88.9
506.4	84.8
506.4	83.6
506.5	78.2
506.6	74.6
506.6	74
506.8	75.2
506.9	78.2
507	84.2
507.2	89.5
507.6	93.1
507.7	93.7
507.9	94.9
508	94.9
508.1	96.1
508.2	98.5
508.2	100.3
508.2	100.3
508.3	100.9
508.4	100.9
508.5	100.9
508.5	99.7
508.7	98.5
508.7	97.9
508.9	97.3
509.2	96.7
509.3	96.7
509.3	97.9
509.3	102.1
509.3	103.3
509.3	105.6
509.3	106.8
509.3	106.8
509.3	104.4
509.4	103.9
509.5	101.5
509.8	97.9
510	95.5
510.2	95.5
510.4	97.9
510.6	97.3
510.9	96.7
510.9	95.5
511	94.9
511.1	92.5
511.1	90.7
511.1	90.7
511.3	92.5
511.3	95.5
511.4	100.3
511.5	100.3
511.6	101.5
511.7	102.7
511.8	103.9
511.8	106.2
512	108.6
512.1	111
512.1	112.2
512.2	114
512.4	115.2
512.5	114.6
512.6	113.4
512.6	112.8
512.7	112.2
512.8	114
512.8	114
513	112.8
513.1	111
513.1	108.6
513.1	105.6
513.1	105
513.1	107.4
513.3	107.4
513.4	105.6
513.6	105
513.6	105.6
513.7	107.4
513.8	112.2
513.8	112.8
513.9	114.6
514	114.6
514.3	111
514.4	109.8
514.4	106.8
514.4	106.8
514.6	105
514.6	105.6
514.7	109.2
514.8	109.8
514.9	111.6
515	109.8
515	108
515	107.4
515.2	108
515.2	108.6
515.4	113.4
515.5	117.6
515.6	121.2
515.7	123
515.8	121.2
516	122.4
516.2	124.1
516.3	124.1
516.4	120.6
516.5	117.6
516.5	117
516.7	115.8
516.8	115.2
516.8	115.2
516.8	112.8
517	111
517	110.4
517.2	108
517.2	107.4
517.3	109.8
517.5	112.8
517.5	115.8
517.6	117.6
517.8	119.4
517.8	119.4
517.9	117.6
518	115.8
518.1	114.6
518.2	112.8
518.2	113.4
518.3	115.2
518.4	115.8
518.5	115.2
518.5	114.6
518.6	114.6
518.6	117
518.7	119.4
518.8	118.2
518.8	117.6
518.9	115.8
519	115.2
519.2	117.6
519.2	117.6
519.3	115.2
519.4	112.8
519.4	113.4
519.5	114.6
519.5	116.4
519.6	118.8
519.7	121.2
519.8	121.2
520.1	120
520.2	120
520.4	121.8
520.5	124.1
520.5	124.1
520.6	125.9
520.6	126.5
520.6	127.1
520.6	124.7
520.6	124.7
520.7	126.5
520.7	127.1
520.7	127.1
520.8	126.5
520.8	125.9
520.9	124.1
521	124.1
521.1	126.5
521.1	127.7
521.3	127.7
521.3	125.3
521.5	124.1
521.5	124.1
521.6	125.9
521.7	128.3
521.7	129.5
521.8	130.7
521.8	131.9
521.8	130.7
522	127.7
522	124.7
522	124.7
522.2	121.8
522.3	119.4
522.3	117.6
522.3	115.2
522.4	114.6
522.5	110.4
522.5	110.4
522.8	112.8
522.8	117
522.9	121.8
522.9	123.5
523	123
523	122.4
523	121.8
523.1	121.8
523.2	123
523.3	123
523.3	121.8
523.4	120
523.5	119.4
523.5	119.4
523.6	121.2
523.6	121.2
523.8	121.8
523.8	121.8
523.9	120.6
524.2	120.6
524.2	122.4
524.2	123.5
524.3	124.1
524.3	124.1
524.4	124.1
524.4	123.5
524.4	123.5
524.5	123
524.5	123
524.5	123
524.5	124.7
524.6	126.5
524.7	126.5
524.8	126.5
524.8	126.5
524.9	126.5
525	124.7
525.1	124.1
525.1	124.1
525.2	123
525.3	121.8
525.3	121.8
525.4	120
525.4	119.4
525.4	121.2
525.5	122.4
525.5	122.4
525.4	121.8
525.4	123
525.5	127.1
525.5	129.5
525.5	131.3
525.6	133.1
525.7	133.1
525.7	132.5
525.8	130.7
525.9	128.3
526.2	129.5
526.3	129.5
526.3	127.7
526.3	125.9
526.4	125.3
526.6	128.3
526.7	125.3
526.7	123
526.8	126.5
527	131.9
527	132.5
527.1	130.7
527.3	127.7
527.4	127.7
527.4	126.5
527.5	125.3
527.8	128.9
527.9	130.1
528	130.1
528.2	131.3
528.3	131.3
528.3	131.3
528.4	129.5
528.5	128.3
528.5	126.5
528.7	123
528.7	121.8
528.7	119.4
528.7	115.8
528.7	114.6
528.8	111
529.1	106.8
529.1	106.2
529.2	102.7
529.2	99.1
529.3	99.1
529.3	95.5
529.6	91.9
529.6	93.7
529.6	97.9
529.7	99.7
529.9	99.7
529.9	99.7
530.1	100.9
530.2	100.9
530.3	100.9
530.4	100.3
530.4	99.7
530.4	99.7
530.7	99.7
530.7	99.7
530.7	99.7
530.8	100.3
530.9	100.9
531	101.5
531	102.1
531.1	103.3
531.1	104.4
531.2	103.9
531.2	102.1
531.3	101.5
531.3	100.3
531.4	102.1
531.5	102.1
531.6	103.3
531.8	102.1
531.9	102.7
532	103.3
532	104.4
532.2	108
532.2	110.4
532.3	110.4
532.5	110.4
532.6	109.2
532.7	109.2
532.8	110.4
532.9	113.4
533	114.6
533.1	118.2
533.2	119.4
533.3	120
533.4	121.8
533.5	122.4
533.7	119.4
533.9	119.4
534.2	121.8
534.2	123.5
534.2	125.3
534.4	127.1
534.5	128.3
534.7	127.1
534.8	127.1
535	128.9
535.1	133.1
535.2	136.1
535.2	136.7
535.4	134.3
535.5	130.1
535.5	128.9
535.6	125.3
535.7	120.6
535.7	119.4
535.8	115.2
535.8	109.8
535.8	108.6
535.8	103.9
535.9	97.9
535.9	91.3
535.9	85.4
535.9	79.4
535.9	77.6
536	74.6
536	71
536.1	69.2
536.1	67.4
536.2	65.1
536.4	64.5
536.5	64.5
536.6	64.5
536.8	69.8
536.8	71
536.9	75.8
536.9	80.6
536.9	81.2
536.9	84.8
537.1	88.9
537.1	90.7
537.2	94.3
537.2	97.9
537.3	103.3
537.3	108
537.4	117
537.5	122.4
537.5	125.3
537.6	131.9
537.7	134.3
537.8	130.1
537.8	127.1
537.8	125.3
537.9	123
538	121.2
538.1	118.2
538.2	117.6
538.4	118.8
538.5	112.8
538.6	107.4
538.7	100.9
538.8	97.3
539	91.3
539	87.7
539.2	82.4
539.2	77.6
539.3	74
539.4	71
539.5	68.6
539.7	68
539.8	68
539.8	66.8
540	63.9
540.1	63.9
540.3	60.9
540.4	58.5
540.4	55.5
540.5	50.1
540.6	49.5
541	54.9
541	56.1
541.1	56.1
541.1	52.5
541.2	49.5
541.4	44.8
541.5	43.6
541.5	41.8
541.6	38.8
541.7	38.8
541.8	42.4
541.8	43
542.1	43.6
542.3	43.6
542.5	44.8
542.5	45.4
542.6	44.8
542.7	43.6
542.8	44.8
542.9	46.6
542.9	47.2
543	48.3
543.1	50.1
543.2	51.9
543.3	52.5
543.4	49.5
543.5	48.9
543.5	48.9
543.6	50.7
543.7	51.3
543.8	53.7
543.9	56.7
543.9	57.3
544	57.9
544.2	57.3
544.2	56.7
544.5	54.9
544.5	55.5
544.5	56.1
544.6	59.7
544.7	62.1
544.8	63.9
545	66.8
545	66.8
545.1	69.2
545.2	74
545.2	74.6
545.3	77
545.5	83
545.5	83
545.6	85.4
545.8	87.7
545.8	87.7
545.8	87.7
546	89.5
546.2	87.7
546.2	86.5
546.3	83
546.4	78.8
546.4	77.6
546.4	75.2
546.5	72.2
546.6	67.4
546.6	62.7
546.7	57.3
546.7	52.5
546.8	50.1
546.8	47.8
547	46
547	41.2
547	40.6
547	46.6
547	50.7
547.3	59.1
547.3	63.9
547.3	65.7
547.3	69.8
547.4	71.6
547.5	72.2
547.6	72.2
547.7	69.2
547.9	66.3
547.9	65.7
547.9	64.5
548	63.3
548.1	64.5
548.3	65.7
548.5	68
548.7	69.2
548.9	69.8
549	69.8
549.2	69.8
549.2	71
549.3	71.6
549.5	74
549.5	75.8
549.5	78.8
549.5	80
549.6	80.6
549.6	80.6
549.7	80
549.8	77.6
549.9	77
550	75.8
550	74.6
550.1	71.6
550.1	71
550.2	72.8
550.3	75.8
550.4	75.8
550.5	78.2
550.5	79.4
550.6	80
550.7	79.4
550.8	79.4
550.8	80
551	81.2
551.2	83.6
551.3	85.9
551.3	90.1
551.3	90.1
551.4	91.3
551.5	91.9
551.6	90.7
551.8	93.1
551.8	93.7
552	91.3
552.1	87.7
552.1	83
552.1	79.4
552.2	76.4
552.3	72.8
552.5	75.8
552.5	76.4
552.5	78.8
552.7	80
552.9	80
553	80.6
553	82.4
553.1	86.5
553.2	88.9
553.4	91.3
553.4	91.3
553.6	90.7
553.6	87.7
553.6	84.2
553.7	78.8
553.8	72.8
553.8	64.5
553.9	58.5
554	55.5
554	51.3
554	47.8
554.1	43
554.2	41.8
554.3	43
554.3	48.9
554.4	50.7
554.4	51.9
554.6	57.3
554.7	58.5
554.7	58.5
554.9	56.1
555	54.9
555.1	54.9
555.2	56.1
555.4	60.3
555.5	62.1
555.5	64.5
555.7	64.5
555.8	62.1
555.9	59.1
556	58.5
556.1	56.7
556.2	54.9
556.4	53.7
556.5	52.5
556.6	50.7
556.7	48.3
556.7	46.6
556.8	44.8
556.9	44.2
557	41.8
557.1	47.2
557.2	50.7
557.2	54.3
557.2	59.1
557.3	59.7
557.3	60.9
557.5	63.9
557.6	64.5
557.6	64.5
557.7	66.3
557.9	68
557.9	68
558	71
558.1	72.2
558.3	70.4
558.4	69.8
558.7	72.2
558.8	74.6
558.8	78.2
558.8	80.6
559.1	83
559.1	83.6
559.3	86.5
559.3	87.7
559.4	88.3
559.4	89.5
559.5	90.1
559.6	91.9
559.6	92.5
559.9	87.7
560	83
560	78.2
560.1	72.8
560.1	68.6
560.1	65.1
560.1	64.5
560.2	61.5
560.6	62.1
560.6	67.4
560.7	72.2
560.8	74.6
560.9	78.8
560.9	82.4
560.8	85.9
560.8	87.7
560.9	90.1
560.9	91.3
561	93.7
561	96.1
561	97.3
561.1	98.5
561.1	99.7
561.1	100.3
561.2	102.7
561.2	102.7
561.3	105.6
561.4	106.2
561.7	103.3
561.7	100.9
561.8	96.7
561.8	90.7
561.8	85.4
561.9	80.6
561.9	78.8
561.9	76.4
561.9	72.8
562	68
562	65.7
562	64.5
562	62.7
562.1	58.5
562.1	57.9
562.1	56.7
562.1	56.1
562.2	55.5
562.3	54.9
562.4	58.5
562.4	63.3
562.5	64.5
562.6	66.3
562.7	68.6
562.8	70.4
562.8	71
563	65.1
563	63.3
563.1	60.3
563.1	57.9
563.2	54.9
563.2	53.1
563.4	51.9
563.4	51.9
563.5	54.3
563.6	54.9
563.6	57.3
563.7	58.5
564	60.3
564.1	60.9
564.1	60.3
564.2	58.5
564.2	56.1
564.2	56.1
564.3	54.3
564.4	51.9
564.5	50.7
564.7	50.7
564.7	51.3
564.9	53.7
564.9	54.9
564.9	56.1
565	56.1
565.1	53.7
565.2	53.7
565.3	51.3
565.4	49.5
565.6	47.8
565.6	47.2
565.8	46
565.9	47.8
566	48.3
566.1	47.8
566.1	47.8
566.1	45.4
566.2	41.2
566.2	38.8
566.3	35.8
566.4	33.4
566.5	31.6
566.7	30.4
566.8	33.4
567.1	37.6
567.2	41.8
567.3	47.2
567.4	51.9
567.4	54.9
567.4	57.3
567.5	59.7
567.6	62.1
567.6	65.1
567.7	69.8
567.8	72.8
567.8	74.6
567.9	77.6
567.9	78.8
567.9	78.8
567.9	79.4
568	79.4
568	80
568.1	78.2
568.1	75.8
568.2	72.8
568.3	66.8
568.3	60.9
568.3	57.9
568.3	55.5
568.4	53.1
568.5	50.1
568.7	48.9
568.9	53.1
569.1	54.9
569.3	56.7
569.5	59.7
569.5	61.5
569.6	61.5
569.6	60.9
569.7	57.9
569.8	56.1
569.8	56.1
569.8	54.3
570	50.7
570.1	48.9
570.2	51.9
570.3	54.9
570.3	55.5
570.4	55.5
570.5	54.9
570.6	53.7
570.6	51.9
570.7	50.7
570.9	50.1
571.1	52.5
571.2	51.9
571.3	50.7
571.4	50.1
571.6	50.1
571.7	50.1
571.7	50.1
571.8	50.1
571.8	50.1
571.9	50.1
572	50.7
572.1	50.1
572.3	47.8
572.5	47.8
572.6	47.8
572.6	48.9
572.7	54.3
572.8	57.9
572.9	61.5
573	63.3
573.1	63.9
573.2	63.9
573.3	62.1
573.4	59.7
573.4	59.7
573.5	58.5
573.5	58.5
573.6	58.5
573.6	59.1
573.7	60.3
573.7	64.5
573.7	65.1
573.8	66.3
573.9	65.7
573.9	65.7
574	66.3
574	68
574	68.6
574.1	70.4
574.3	69.2
574.3	65.7
574.3	62.1
574.4	58.5
574.5	57.9
574.5	56.7
574.6	53.7
574.7	50.7
574.8	48.9
574.9	47.2
575	46.6
575.1	46
575.1	44.8
575.1	44.2
575.2	43
575.2	42.4
575.3	42.4
575.3	42.4
575.4	41.8
575.4	41.8
575.5	41.8
575.5	41.8
575.6	42.4
575.7	43.6
576	45.4
576.2	47.8
576.3	48.3
576.4	47.2
576.6	44.2
577	43
577.2	44.2
577.2	46
577.3	46
577.3	45.4
577.4	42.4
577.4	38.2
577.4	36.4
577.5	35.2
577.6	32.2
577.6	27.5
577.8	27.5
577.9	29.8
578.2	29.8
578.3	29.8
578.4	29.8
578.4	25.7
578.5	26.3
578.6	26.9
578.7	29.2
578.9	34
579	35.8
579.1	39.4
579.2	43
579.2	46.6
579.4	47.8
579.5	46.6
579.7	49.5
579.8	53.7
579.9	58.5
579.9	58.5
580.1	55.5
580.2	50.7
580.2	49.5
580.2	46
580.3	41.8
580.4	40
580.4	40
580.7	44.2
580.8	43
580.9	41.8
581	40
581.1	37
581.2	36.4
581.5	40.6
581.5	42.4
581.6	43.6
581.8	44.2
581.9	43.6
582.1	41.2
582.2	38.8
582.3	36.4
582.4	34
582.4	32.2
582.7	32.8
582.8	35.2
582.8	37.6
582.9	38.2
583.1	35.8
583.2	32.8
583.2	32.2
583.3	30.4
583.3	28.7
583.4	28.1
583.5	27.5
583.7	26.3
583.8	26.3
583.9	28.1
584.1	31
584.1	33.4
584.2	35.2
584.2	39.4
584.2	41.8
584.2	43
584.3	47.2
584.4	50.7
584.5	53.7
584.5	55.5
584.5	57.3
584.7	58.5
584.8	60.3
584.9	60.9
584.9	61.5
584.9	62.7
585	63.9
585	66.3
585.1	66.8
585.2	66.8
585.3	63.3
585.4	60.9
585.6	62.1
585.7	63.9
585.8	62.1
586	58.5
586.2	55.5
586.2	54.3
586.3	52.5
586.5	49.5
586.5	46
586.6	44.2
586.8	47.8
586.9	48.3
587.1	46.6
587.2	46
587.3	46.6
587.6	48.9
587.7	56.1
587.8	62.7
588	67.4
588	69.8
588.2	74
588.2	77
588.2	80
588.3	83
588.4	87.1
588.4	89.5
588.5	91.9
588.5	95.5
588.6	97.9
588.7	100.9
588.7	102.1
588.8	102.7
588.8	102.7
588.9	103.3
589	101.5
589.2	97.3
589.3	95.5
589.4	95.5
589.5	92.5
589.6	88.9
589.6	87.7
589.7	85.9
589.7	81.8
589.7	80
589.7	77
589.7	76.4
589.7	76.4
589.8	77
590	79.4
590.2	79.4
590.3	80
590.6	87.1
590.7	93.1
590.8	101.5
590.8	105.6
590.9	108
590.9	108.6
591	109.8
591.1	112.2
591.1	112.2
591.3	116.4
591.4	117
591.5	116.4
591.5	109.2
591.6	104.4
591.7	100.3
591.8	96.7
591.8	94.9
592	94.3
592.2	94.3
592.4	96.7
592.4	99.1
592.7	97.9
592.7	95.5
592.9	91.9
592.9	91.3
593	87.7
593.1	81.8
593.2	75.2
593.2	68.6
593.3	57.3
593.4	48.9
593.4	41.2
593.5	37
593.6	32.8
593.8	29.8
593.8	27.5
593.9	25.1
593.9	23.9
593.9	21.5
594	22.1
594.2	24.5
594.3	23.9
594.3	22.1
594.5	23.3
594.5	23.3
594.6	26.9
594.8	28.1
594.8	28.1
594.8	28.7
595	29.8
595.1	31
595.2	35.8
595.5	44.8
595.6	53.7
595.6	54.3
595.8	71
595.8	71.6
595.8	80
596	88.9
596.1	96.1
596.1	103.3
596.1	106.8
596.2	111
596.2	115.8
596.2	117.6
596.5	115.2
596.7	111.6
596.8	111.6
597.1	123
597.1	127.1
597.1	127.7
597.2	130.1
597.3	132.5
597.3	133.1
597.4	136.7
597.5	136.7
597.5	136.7
597.7	134.3
597.7	129.5
597.8	125.9
597.8	124.7
597.9	121.8
598	120.6
598	120
598.2	120
598.3	120.6
598.4	120.6
598.4	121.8
598.5	124.7
598.7	127.7
598.8	128.3
598.8	124.7
598.9	117
599	110.4
599.1	102.1
599.1	98.5
599.2	95.5
599.3	93.1
599.3	90.7
599.3	89.5
599.3	88.9
599.4	88.3
599.4	86.5
599.5	88.9
599.6	94.3
599.6	97.9
599.6	100.3
599.6	101.5
599.7	104.4
599.8	104.4
599.9	104.4
600	103.9
600	105
600	105.6
600.1	108
600.2	109.2
600.3	109.8
600.3	109.8
600.4	109.2
600.4	106.8
600.4	106.2
600.4	103.9
600.4	104.4
600.4	100.9
600.5	100.3
600.5	97.9
600.5	97.9
600.7	98.5
600.8	100.3
600.8	100.3
601	99.1
601.2	96.7
601.3	93.7
601.4	93.1
601.5	91.9
601.6	91.9
601.8	97.3
601.8	100.9
601.8	101.5
601.9	105
601.9	111
601.9	111.6
602	119.4
602	121.2
602	121.2
602.1	124.7
602.3	123
602.3	122.4
602.4	122.4
602.5	126.5
602.5	127.1
602.6	129.5
602.6	129.5
602.7	128.3
602.9	124.1
602.9	124.1
602.9	120.6
603	117
603	115.8
603	114
603.1	111.6
603.1	108.6
603.2	105.6
603.3	105
603.4	108.6
603.4	112.2
603.4	115.2
603.5	118.2
603.6	118.2
603.7	119.4
603.8	119.4
603.8	118.8
604	117.6
604	114.6
604.1	111.6
604.1	108.6
604.2	108
604.3	112.2
604.3	116.4
604.3	119.4
604.4	123
604.6	126.5
604.8	131.9
604.8	132.5
604.9	133.7
605	130.7
605.2	128.9
605.2	129.5
605.2	131.9
605.2	131.9
605.4	131.3
605.4	127.7
605.5	125.3
605.5	124.7
605.5	124.7
605.6	123
605.7	120
605.7	120
605.8	119.4
605.9	121.8
606	123.5
606.2	124.7
606.4	124.1
606.4	123
606.5	121.8
606.7	121.8
606.8	121.8
606.9	123
607	124.1
607.1	125.3
607.1	127.7
607.2	128.9
607.2	129.5
607.3	129.5
607.4	126.5
607.5	123.5
607.6	120.6
607.7	117
607.8	114
608	111
608.1	109.2
608.3	106.8
608.3	106.8
608.5	105
608.5	108.6
608.6	111.6
608.8	115.8
608.8	117
608.8	121.8
608.8	125.3
609	130.1
609	131.3
609.2	130.1
609.3	127.1
609.4	124.1
609.5	123.5
609.8	124.1
609.8	124.1
610	125.9
610.1	127.1
610.2	127.1
610.4	125.9
610.4	121.8
610.4	118.8
610.4	115.2
610.5	112.2
610.6	106.2
610.7	105.6
610.7	103.9
610.8	106.8
610.9	107.4
610.9	110.4
611	113.4
611	115.2
611.1	117
611.2	111.6
611.5	102.7
611.5	93.7
611.4	89.5
611.4	87.7
611.4	84.8
611.4	80.6
611.5	74
611.6	68
611.6	61.5
611.7	56.1
611.7	50.7
611.7	46.6
611.8	43
611.8	42.4
611.9	41.8
612	38.8
612	37.6
612.2	37.6
612.2	37
612.3	34.6
612.4	32.2
612.5	29.8
612.6	28.1
612.7	28.1
612.7	25.7
612.8	23.3
612.8	20.9
612.9	19.7
613	19.1
613.1	17.9
613.3	19.7
613.4	21.5
613.5	20.9
613.6	19.1
613.6	19.1
613.8	18.5
613.9	19.1
614.1	22.1
614.2	23.3
614.3	26.3
614.5	26.9
614.7	27.5
614.9	29.2
615	30.4
615.1	31.6
615.2	34
615.3	34
615.4	30.4
615.6	28.1
615.6	28.1
615.9	28.7
615.9	31
615.9	31.6
616.1	35.2
616.2	37.6
616.2	38.2
616.2	41.2
616.3	45.4
616.3	46
616.3	47.8
616.4	48.9
616.5	48.9
616.6	48.9
616.8	47.2
616.8	44.2
616.9	41.8
617	40
617.1	38.8
617.3	40.6
617.4	43.6
617.4	47.2
617.5	51.9
617.5	54.3
617.6	58.5
617.6	62.7
617.6	63.3
617.6	66.3
617.6	69.2
617.6	70.4
617.7	72.2
617.7	74
617.8	74.6
617.9	72.8
617.9	74.6
617.9	75.8
618	75.8
618.1	71.6
618.1	66.8
618.2	64.5
618.4	62.7
618.4	62.7
618.5	60.9
618.6	58.5
618.7	56.7
618.7	56.1
618.7	59.7
618.8	63.9
618.9	67.4
619	71
619.1	72.2
619.2	71
619.2	70.4
619.2	68.6
619.3	66.8
619.4	65.7
619.4	65.7
619.6	66.3
619.7	66.3
619.9	66.3
620.1	65.1
620.2	64.5
620.2	64.5
620.3	65.1
620.4	67.4
620.5	70.4
620.7	70.4
620.7	71
620.8	71.6
621	72.2
621.1	73.4
621.3	77
621.3	78.8
621.5	80
621.7	78.2
621.9	75.8
622	73.4
622	71
622.1	70.4
622.1	68.6
622.3	66.8
622.4	65.7
622.4	64.5
622.5	63.9
622.6	63.9
622.7	63.3
622.9	63.3
623	63.9
623.1	65.1
623.3	65.7
623.4	66.3
623.4	63.9
623.4	63.3
623.4	62.1
623.4	60.9
623.5	60.3
623.6	59.7
623.7	58.5
623.8	58.5
623.9	63.3
623.9	68
623.9	71.6
623.9	76.4
624	79.4
624.1	82.4
624.1	83
624.1	83.6
624.3	87.7
624.4	90.7
624.4	93.1
624.5	91.9
624.6	89.5
624.7	87.1
624.9	83.6
624.9	80
625	77.6
625.1	75.2
625.1	74.6
625.2	72.8
625.3	69.8
625.3	68.6
625.3	66.8
625.4	64.5
625.4	60.9
625.4	59.1
625.3	57.3
625.4	52.5
625.4	51.3
625.6	51.9
625.6	55.5
625.7	62.1
625.8	65.1
625.9	67.4
625.9	71
625.9	74
625.9	77
625.9	78.8
626	80.6
626	81.2
626.1	82.4
626.1	83
626.2	83.6
626.2	83.6
626.4	83
626.5	80
626.6	76.4
626.6	72.2
626.6	71
626.6	69.2
626.7	69.2
626.8	71.6
626.9	74.6
627	77.6
627	78.8
627	78.8
627.2	77.6
627.2	75.2
627.2	74.6
627.3	72.8
627.3	71
627.3	69.2
627.3	67.4
627.4	66.3
627.5	66.3
627.6	68.6
627.7	72.2
627.8	72.8
628.1	73.4
628.3	74.6
628.4	77.6
628.4	81.8
628.4	85.9
628.4	88.3
628.5	89.5
628.6	89.5
628.8	86.5
628.9	84.8
629	81.2
629	81.2
629.1	78.2
629.1	77
629.2	77.6
629.3	83.6
629.3	85.4
629.4	84.2
629.7	81.8
629.8	81.2
630	88.9
630.1	91.9
630.1	92.5
630.1	94.3
630.1	94.3
630.2	94.9
630.3	92.5
630.4	90.1
630.5	85.9
630.5	83
630.6	85.9
630.8	88.9
630.9	90.1
631	91.9
631.2	91.9
631.3	91.9
631.4	90.1
631.6	86.5
631.7	83
631.8	80.6
632	80.6
632	80.6
632.2	85.9
632.3	87.7
632.4	84.2
632.5	81.8
632.6	78.2
632.8	74
633	70.4
633.2	68.6
633.3	74.6
633.4	78.8
633.6	77.6
633.7	75.8
633.9	75.2
634.1	75.2
634.3	76.4
634.4	80.6
634.4	84.8
634.4	93.1
634.5	102.7
634.6	110.4
634.7	119.4
634.8	137.9
634.8	144.4
634.8	148
635	153.4
635.1	154.6
635.1	154.6
635.2	154
635.3	149.8
635.3	149.2
635.4	145.6
635.5	142
635.6	138.5
635.7	136.7
635.9	132.5
636	130.7
636.2	133.1
636.3	136.1
636.4	138.5
636.5	137.3
636.8	134.9
636.8	131.3
636.9	128.3
637.1	124.7
637.2	121.8
637.3	121.8
637.4	125.9
637.6	131.9
637.6	138.5
637.6	139.1
637.9	137.9
638	137.9
638.1	142.6
638.3	145.6
638.4	145.6
638.4	143.8
638.4	139.7
638.5	134.9
638.6	133.1
638.6	128.9
638.7	122.4
638.7	121.8
638.8	117.6
638.9	114.6
638.9	111.6
639	106.8
639.2	100.9
639.3	93.1
639.3	85.4
639.3	81.8
639.4	78.2
639.6	74.6
639.8	74
639.9	77
640	82.4
640	85.4
640.1	88.9
640.2	90.7
640.2	92.5
640.3	93.1
640.3	91.3
640.3	91.9
640.4	93.7
640.7	98.5
640.8	101.5
640.9	102.1
641	99.7
641.1	97.9
641.2	97.3
641.3	93.7
641.3	89.5
641.3	88.3
641.4	85.9
641.5	81.8
641.5	80
641.5	77.6
641.6	75.2
641.7	74
641.7	71.6
641.7	71.6
641.8	75.2
642.1	78.8
642.2	84.2
642.2	88.3
642.5	92.5
642.5	93.7
642.6	96.7
642.5	99.1
642.5	99.7
642.5	99.7
642.6	97.9
642.7	96.7
642.8	96.1
643	95.5
643.1	92.5
643.1	90.7
643.1	90.7
643.3	94.3
643.5	97.3
643.6	97.3
643.6	97.3
643.8	94.9
644	92.5
644.1	90.1
644.1	87.7
644.2	84.2
644.3	81.2
644.5	76.4
644.6	72.8
644.5	75.8
644.5	75.8
644.5	72.2
644.5	68.6
644.6	68
644.7	66.3
644.7	66.3
644.7	66.8
644.7	71
644.7	74
644.8	75.2
644.9	78.8
644.9	83
644.9	85.9
645.1	89.5
645.2	91.3
645.3	92.5
645.5	90.7
645.6	84.8
645.7	77.6
645.8	76.4
645.8	72.2
645.8	68
645.9	62.7
646	60.3
646.1	59.7
646.3	60.9
646.5	62.1
646.5	65.1
646.7	68
646.7	68.6
646.9	74.6
646.9	75.8
647.1	76.4
647.1	74
647.3	73.4
647.3	77.6
647.4	80.6
647.5	80.6
647.5	80
647.6	77.6
647.6	71.6
647.6	69.8
647.7	68
647.7	63.3
647.8	59.7
647.8	55.5
647.8	53.1
647.8	49.5
647.9	46.6
647.9	44.8
648.1	43.6
648.2	45.4
648.3	46.6
648.4	47.2
648.4	46
648.4	45.4
648.6	44.8
648.7	46
648.8	50.7
649	53.1
649	54.9
649.1	55.5
649.2	54.9
649.3	52.5
649.3	50.7
649.4	49.5
649.6	48.9
649.7	50.1
649.7	50.7
649.9	50.7
650	49.5
650.1	48.9
650.1	47.8
650.2	46.6
650.2	44.8
650.3	44.2
650.5	44.2
650.5	44.2
650.5	44.2
650.7	44.2
650.7	46
650.8	49.5
650.8	49.5
650.9	51.3
651	53.1
651.2	53.1
651.3	52.5
651.3	51.9
651.4	52.5
651.5	54.3
651.7	56.1
651.8	56.1
651.8	55.5
651.9	53.7
652	50.7
652.2	47.2
652.3	44.2
652.4	41.2
652.6	43.6
652.6	43.6
652.8	42.4
653	40
653.2	39.4
653.3	39.4
653.5	41.2
653.7	44.2
653.8	46.6
653.8	47.2
653.8	47.8
653.9	45.4
653.9	43
654.1	43
654.2	43.6
654.3	43
654.3	42.4
654.5	41.2
654.6	39.4
654.7	39.4
654.9	40
655.1	41.2
655.2	43.6
655.3	45.4
655.4	43.6
655.5	41.2
655.7	39.4
655.8	37.6
655.9	35.2
656	32.8
656	31
656.1	32.8
656.3	32.2
656.4	30.4
656.4	29.8
656.4	27.5
656.5	26.3
656.7	28.1
656.8	28.7
657.1	26.3
657.1	25.7
657.2	25.1
657.4	28.7
657.5	29.2
657.5	29.2
657.5	32.2
657.5	36.4
657.7	40.6
657.8	44.2
657.8	52.5
657.8	54.9
658	60.3
658	72.8
658	73.4
658	80.6
658.1	87.1
658	87.7
658	95.5
658	103.3
658	107.4
658	111.6
658.1	115.8
658.3	115.8
658.4	110.4
658.5	109.8
658.6	105.6
658.8	108.6
658.8	110.4
658.8	113.4
658.9	117
659.1	127.1
659.2	137.3
659.2	148
659.2	149.2
659.4	154
659.4	152.2
659.4	151.6
659.4	146.2
659.5	148
659.6	150.4
659.7	151
659.7	150.4
659.8	148.6
659.8	148
659.9	149.2
659.9	151
660	153.4
660.1	154.6
660.2	155.8
660.3	154.6
660.3	152.2
660.4	149.8
660.5	146.8
660.6	143.8
660.7	143.2
660.8	144.4
660.8	145
660.9	145
661	143.8
661.1	142
661.1	141.5
661.3	139.7
661.3	140.9
661.4	143.2
661.4	145.6
661.5	148.6
661.7	148.6
661.8	146.2
661.8	145.6
662	143.2
662.2	139.7
662.3	139.7
662.4	141.5
662.5	141.5
662.6	137.9
662.7	133.7
662.7	131.9
