25.1	50.1
25.6	47.7
26	46.9
26.5	50.9
27	48.5
27.4	50.9
27.6	44.6
27.8	39.8
28.2	46.9
28.7	46.1
29.2	52.5
29.2	48.5
30	52.5
30	53.2
30.1	54.8
30.5	54
30.9	50.9
31.2	49.3
31.5	58
31.5	58
31.6	61.2
31.6	61.2
32.1	57.2
32.5	61.2
32.8	59.6
32.9	58
33.2	56.4
33.2	56.4
33.8	62.7
34.2	59.6
34.7	66.7
34.9	69.1
34.9	69.8
35.4	67.5
35.4	62.7
36.3	67.5
36.6	68.3
36.6	68.3
37	63.5
37.3	62.7
37.4	60.4
37.4	58.8
37.8	66.7
37.8	67.5
38	67.5
38.3	67.5
38.5	59.6
39	60.4
39	61.2
39.2	66.7
39.5	65.1
40	68.3
40.3	64.3
40.4	61.2
40.5	59.6
40.9	60.4
41	61.2
41	59.6
41.2	58.8
41.4	58.8
41.5	59.6
41.7	64.3
42.2	68.3
42.3	69.1
42.8	69.8
43.3	70.6
43.7	69.1
43.7	68.3
44	64.3
44.1	64.3
44.5	61.2
44.8	68.3
45	69.1
45	69.1
45.2	66.7
45.2	66.7
45.4	69.1
46	69.1
46.1	65.1
46.6	61.9
46.9	66.7
47.3	68.3
47.5	63.5
47.8	62.7
47.8	63.5
48	66.7
48	66.7
48.4	65.1
48.8	61.9
48.9	61.9
49.1	65.1
49.2	65.9
49.4	69.1
49.6	72.2
50.1	78.5
50.1	78.5
50.4	77.8
50.4	77
50.5	71.4
50.7	69.1
50.7	68.3
50.2	80.9
50.9	69.8
51	67.5
51	64.3
51.1	60.4
51.3	56.4
51.3	56.4
51.7	61.2
51.9	63.5
51.9	64.3
52.2	63.5
52.4	57.2
52.4	56.4
52.4	53.2
52.6	50.9
53	52.5
53	52.5
53.2	58
53.2	58.8
53.4	61.2
53.8	67.5
53.8	67.5
54.2	73.8
54.5	75.4
54.7	73
55.1	69.1
55.3	65.1
55.3	61.2
55.3	60.4
55.6	57.2
55.7	58.8
56	64.3
56	65.9
56.1	66.7
56.3	66.7
56.6	65.9
57	65.1
57	66.7
57.4	73
57.6	80.9
57.8	83.3
58.1	78.5
58.1	77
58.2	73
58.7	68.3
58.8	65.9
58.8	65.9
59	60.4
59	60.4
59.3	59.6
59.7	63.5
59.9	65.1
60	65.1
60.4	70.6
60.5	69.8
60.9	73
60.9	74.6
61.1	77.8
61.1	77.8
61.1	70.6
61.1	67.5
61.3	65.9
61.6	63.5
61.6	63.5
61.8	61.9
62.2	63.5
62.2	65.9
62.2	65.9
62.2	70.6
62.3	71.4
62.4	73
62.6	73.8
62.8	75.4
63.4	76.2
63.6	73
63.8	65.1
64	62.7
64.3	58
64.3	52.5
64.5	46.1
64.9	57.2
64.9	58
64.9	65.1
64.9	66.7
65.1	69.8
65.6	73.8
65.8	76.2
65.8	76.2
66.1	71.4
66.3	71.4
66.3	69.1
66.6	60.4
66.6	60.4
67.1	63.5
67.1	64.3
67.2	69.1
67.8	70.6
67.8	69.1
67.8	67.5
67.8	63.5
68.6	64.3
68.8	63.5
68.9	65.1
68.9	65.9
69.3	64.3
69.5	61.9
69.7	65.1
69.9	69.1
69.9	68.3
70	63.5
70	63.5
70.3	65.1
70.3	69.8
70.4	71.4
70.5	72.2
70.9	68.3
71	65.1
71	65.1
71.4	68.3
71.8	69.1
72	68.3
72.5	66.7
72.6	66.7
72.6	65.1
73.1	67.5
73.2	69.1
73.2	75.4
73.7	73.8
74.4	79.3
74.4	70.6
74.9	69.1
74.9	69.1
75.4	69.1
75.7	62.7
76.2	62.7
76.6	67.5
76.9	72.2
77.2	63.5
77.7	68.3
77.8	73
77.9	69.8
78	69.8
78.2	63.5
78.5	65.1
78.8	64.3
79.2	59.6
79.5	55.6
79.5	55.6
79.9	61.2
79.9	65.1
80.1	67.5
80.5	67.5
80.6	67.5
80.7	68.3
80.8	66.7
80.8	58.8
81.5	57.2
81.7	65.1
82	68.3
82.1	69.1
82.4	66.7
82.8	69.1
83	73
83.2	74.6
83.3	74.6
83.7	73.8
83.9	69.8
84.3	69.1
84.5	71.4
84.7	77
85	77
84.9	72.2
84.9	71.4
85.2	74.6
85.2	75.4
85.5	73.8
85.5	69.1
85.5	68.3
85.7	69.8
85.7	72.2
86.1	72.2
86.8	67.5
86.8	69.8
87.3	67.5
87.3	65.9
87.4	63.5
87.6	63.5
87.8	63.5
88.1	63.5
88.2	64.3
88.5	65.9
88.6	67.5
88.7	67.5
88.8	67.5
89.1	67.5
89.6	69.1
89.7	70.6
89.7	71.4
89.7	72.2
90	73.8
90.2	69.8
90.4	68.3
90.5	65.1
90.5	63.5
90.5	61.2
90.9	65.1
91.2	69.1
91.5	65.1
91.6	63.5
91.6	63.5
92	69.1
92	69.1
92.1	68.3
92.2	68.3
92.4	69.1
92.4	69.1
92.8	73
92.8	73
93	68.3
93.1	67.5
93.4	65.9
93.5	65.1
93.6	63.5
93.8	61.9
93.8	61.9
94.5	60.4
94.6	60.4
94.9	65.1
94.9	65.9
95.1	68.3
95.2	68.3
95.9	71.4
95.9	72.2
96.3	74.6
96.6	76.2
96.7	78.5
97.2	72.2
97.5	67.5
98.1	73
98.1	73
98.1	75.4
98.1	76.2
98.2	80.9
98.4	80.9
98.4	83.3
98.5	85.7
98.8	80.9
99.1	75.4
99.3	71.4
99.3	71.4
99.6	68.3
100	66.7
100.4	75.4
100.4	77
100.5	80.1
100.5	80.1
100.7	83.3
101.2	81.7
101.7	78.5
102.1	77.8
102.4	79.3
102.8	73.8
102.8	73.8
102.9	69.1
103.4	62.7
103.6	69.1
103.6	69.8
103.8	80.1
103.8	80.1
103.9	83.3
104.1	85.7
104.4	89.6
104.7	82.5
104.9	79.3
105.2	78.5
105.4	78.5
105.7	80.9
105.9	86.4
106.1	84.1
106.4	76.2
106.4	76.2
106.9	83.3
106.8	86.4
106.9	88.8
107.1	83.3
107.5	81.7
107.5	83.3
107.6	84.9
107.7	84.9
107.8	84.9
108	83.3
108	79.3
108	78.5
108.2	77
108.2	76.2
108.2	76.2
108.6	77
108.9	75.4
109	71.4
109.1	70.6
109.3	69.8
109.4	72.2
109.6	77
109.7	80.1
110.1	80.9
110.5	82.5
110.9	83.3
111.1	84.1
111.3	87.2
111.6	89.6
112	88.8
112.2	88.8
112.2	93.6
112.2	93.6
112.4	94.4
112.7	94.4
113	90.4
113.2	83.3
113.4	81.7
113.6	80.1
113.7	77.8
114	77
114	77.8
114.3	81.7
114.3	82.5
114.4	84.1
114.5	84.9
115	83.3
115.1	83.3
115.3	84.1
115.3	84.9
115.4	86.4
115.5	87.2
115.9	82.5
115.9	84.9
116	84.9
116.1	85.7
116.3	86.4
116.6	84.9
116.6	83.3
116.6	79.3
116.6	77.8
116.6	75.4
116.9	78.5
117.2	74.6
117.3	73
117.7	71.4
117.8	75.4
117.9	79.3
118.2	83.3
118.5	81.7
118.5	79.3
118.6	86.4
119	86.4
119.1	89.6
119.3	83.3
119.5	87.2
119.9	87.2
119.9	87.2
120.1	92
120.1	92.8
120.5	93.6
120.8	93.6
120.8	87.2
120.8	84.9
120.8	83.3
120.8	80.1
120.9	75.4
120.9	75.4
121.2	73
121.3	72.2
121.4	72.2
121.4	73.8
121.6	78.5
121.9	72.2
122	74.6
122.2	80.1
122.2	80.9
122.2	82.5
122.4	85.7
122.5	87.2
122.8	89.6
122.8	89.6
123	82.5
123	77.8
123.4	77.8
123.5	77.8
123.7	78.5
123.8	84.1
123.8	84.1
124.3	89.6
124.4	92
124.5	98.3
124.8	104.6
124.9	108.6
125.1	112.5
125.3	112.5
125.3	112.5
125.3	105.4
125.3	104.6
125.3	99.1
125.4	97.5
125.7	92
125.6	80.1
125.1	114.1
125.4	101.5
125.5	91.2
125.7	79.3
126	77
126.3	73.8
126.6	71.4
126.7	71.4
127.1	73.8
127.2	75.4
127.4	80.1
127.6	78.5
127.9	78.5
128.2	79.3
128.3	77.8
128.6	75.4
129	75.4
129.3	77.8
129.4	78.5
129.6	80.1
129.8	76.2
130	73.8
130.3	72.2
130.7	77
131	78.5
131.1	78.5
131.8	77.8
132	77.8
132.1	79.3
132.3	84.9
132.3	84.9
132.4	89.6
132.8	95.1
132.8	95.9
132.8	95.9
132.9	96.7
133.2	99.1
133.2	98.3
133.4	91.2
133.8	87.2
133.8	85.7
133.8	84.1
133.8	83.3
134.2	81.7
134.3	81.7
134.6	81.7
134.7	88.8
134.7	92.8
135.1	88.8
135.4	88.8
135.6	90.4
135.7	92.8
136.3	98.3
136.3	99.1
136.5	101.5
136.6	103
136.6	102.3
136.8	98.3
136.8	94.4
137	92.8
137.2	91.2
137.4	88
137.7	88
137.8	91.2
137.8	94.4
138.2	99.1
138.2	99.1
138.5	99.1
138.6	99.1
138.8	93.6
139.2	92
139.3	94.4
139.7	94.4
139.7	94.4
139.7	89.6
139.8	90.4
140.1	95.1
140.3	96.7
140.5	95.9
140.7	94.4
140.9	95.1
141.1	99.9
141.2	100.7
141.6	100.7
142	99.1
142.1	96.7
142.1	95.9
142.1	95.9
142.2	93.6
142.2	92.8
142.2	90.4
142.5	87.2
142.6	84.1
142.8	84.1
143	83.3
143	86.4
143.3	92
143.3	93.6
143.8	88
144.1	92
144.2	92
144.6	93.6
145	99.1
145.2	99.9
145.5	99.1
145.7	97.5
146	95.9
146.1	89.6
146.1	88.8
146.6	87.2
146.6	87.2
146.6	94.4
146.8	95.1
147	93.6
147.2	91.2
147.4	88
147.8	85.7
148	88
148.2	92.8
148.2	93.6
148.3	95.1
148.6	95.1
149	95.9
149.1	99.1
149.1	100.7
149.3	101.5
149.5	103
149.7	103
149.7	104.6
149.8	104.6
150.1	100.7
150.3	99.9
150.3	98.3
150.3	96.7
150.3	95.1
150.3	94.4
150.3	90.4
150.4	88
150.5	87.2
150.5	82.5
150.6	84.1
150.9	88
151.1	90.4
151.5	87.2
151.8	88.8
152	97.5
152.4	94.4
152.6	89.6
152.6	88.8
152.8	85.7
152.8	84.9
153.1	83.3
153.2	86.4
153.4	89.6
153.5	91.2
153.8	86.4
153.8	81.7
154.1	83.3
154.2	85.7
154.5	82.5
154.5	79.3
154.6	75.4
154.7	80.1
154.9	86.4
155.1	92
155.2	97.5
155.3	97.5
155.5	99.1
155.9	95.9
156.1	95.1
156.1	91.2
156.5	92.8
156.7	89.6
156.8	87.2
157.1	89.6
157.2	91.2
157.6	88
157.8	90.4
157.9	94.4
158.1	93.6
158.3	90.4
158.5	87.2
158.6	87.2
158.7	88.8
158.8	91.2
159	93.6
159.2	93.6
159.3	93.6
159.5	92
159.5	91.2
159.7	92
159.7	92.8
159.9	93.6
160	89.6
160.1	89.6
160.3	92
160.5	91.2
160.6	88.8
160.9	90.4
161.1	93.6
161.3	94.4
161.6	94.4
161.6	93.6
161.6	92.8
161.6	88.8
161.8	86.4
161.9	84.9
162.2	82.5
162.2	82.5
162.4	84.1
162.4	84.9
162.6	88
162.8	90.4
163.2	92
163.4	95.1
163.8	95.1
164.1	95.9
164.4	99.9
164.4	100.7
164.5	93.6
164.7	90.4
164.7	90.4
164.9	89.6
165.1	88.8
165.1	88.8
165.2	92
165.3	93.6
165.4	95.9
165.5	102.3
165.7	105.4
165.9	102.3
165.9	96.7
166.3	92
166.4	91.2
166.4	90.4
166.7	91.2
166.8	94.4
166.8	95.1
167.1	97.5
167.2	97.5
167.3	97.5
167.6	97.5
167.8	92
167.8	91.2
167.9	93.6
168	95.1
168	95.9
168.2	93.6
168.4	90.4
168.4	93.6
168.4	95.1
168.6	92.8
168.6	92.8
168.6	92.8
168.8	93.6
168.9	95.1
169.1	95.9
169.1	96.7
169.3	99.9
169.3	102.3
169.6	96.7
169.7	95.9
170.1	94.4
170.2	92.8
170.3	91.2
170.3	90.4
170.4	90.4
170.7	94.4
170.7	94.4
170.7	95.9
170.8	95.9
171.1	96.7
171.3	96.7
171.6	97.5
171.9	99.1
172.1	99.1
172.2	100.7
172.3	101.5
172.6	101.5
173	98.3
172.9	96.7
173.1	101.5
173.2	103
173.6	104.6
173.8	103.8
174	99.9
174	99.9
174	98.3
174.7	98.3
174.8	100.7
175.3	99.9
175.3	99.9
175.5	95.9
175.9	96.7
175.9	96.7
176.3	99.9
176.5	103
176.9	102.3
176.9	102.3
177.2	100.7
177.5	103
177.6	106.2
177.9	105.4
177.9	104.6
177.9	98.3
178	98.3
178.2	95.1
178.5	99.9
178.7	99.1
178.7	99.1
178.9	92
179.2	86.4
179.5	88.8
179.7	92.8
180	95.1
180.1	95.1
180.4	99.1
180.5	102.3
180.7	107.8
180.9	109.4
181.3	97.5
181.5	96.7
181.6	99.9
181.8	102.3
182	106.2
182.1	107
182.5	99.9
183	103.8
183.2	105.4
183.4	100.7
183.6	96.7
184	103.8
184.1	106.2
184.4	101.5
184.7	101.5
184.9	105.4
185.4	107
185.5	109.4
185.8	109.4
186	101.5
186.2	94.4
186.7	98.3
187	104.6
187	105.4
186.9	111
186.9	117.3
187	117.3
187.4	111
187.9	102.3
188	102.3
188.3	102.3
188.5	110.2
188.7	109.4
188.8	107.8
189.1	112.5
189.3	116.5
189.5	114.1
189.6	111
189.6	107.8
189.7	107.8
190	109.4
190.1	105.4
190.1	100.7
190.5	104.6
190.6	103
190.6	103
191	108.6
191	108.6
191.1	110.2
191.3	110.2
191.4	107
191.6	103.8
192	99.9
192.2	107.8
192.2	107.8
192.4	102.3
192.5	104.6
192.6	105.4
192.7	106.2
192.7	106.2
193	104.6
193	103.8
193.4	103.8
193.6	102.3
193.7	97.5
194.3	100.7
194.5	104.6
194.7	110.2
194.9	115.7
194.9	118.9
195.1	127.6
195.2	128.3
195.3	128.3
195.3	128.3
195.7	119.6
195.7	115.7
195.7	110.2
195.8	107
195.9	105.4
196	103.8
196.3	103
196.3	103
196.6	105.4
197	110.2
197	113.3
197.2	113.3
197.2	113.3
197.7	111.7
197.8	111.7
198	111
198	107.8
198	106.2
198.3	101.5
198.3	101.5
198.5	99.1
198.7	99.1
199	103.8
199.1	105.4
199.4	106.2
199.7	105.4
199.7	105.4
199.7	105.4
200	103.8
200.1	103
200.4	102.3
200.7	104.6
201.2	103
201.6	103
201.6	103.8
201.8	105.4
202.2	111
202.3	114.9
202.3	114.9
202.6	122
202.6	117.3
203	107.8
203.1	104.6
203.2	100.7
203.2	101.5
203.4	104.6
203.7	105.4
203.8	101.5
204.1	98.3
204.1	99.9
204.3	104.6
204.3	105.4
204.3	108.6
204.6	103.8
205.1	102.3
205.1	103
205.5	107
205.9	103.8
206.4	105.4
206.8	103.8
206.9	105.4
207.2	110.2
207.4	111
207.6	103
207.6	105.4
207.8	111.7
207.8	112.5
208.1	109.4
208.2	108.6
208.2	107
208.3	106.2
208.6	101.5
208.6	101.5
208.9	105.4
209.4	108.6
209.6	105.4
209.8	111
210.1	114.1
210.2	108.6
210.4	106.2
210.7	112.5
210.7	112.5
210.9	107.8
211.1	103.8
211.3	101.5
211.6	103
211.8	103.8
211.9	103.8
212.2	107
212.5	107
212.8	107.8
212.8	108.6
213	104.6
213.2	103.8
213.5	104.6
213.8	107.8
213.9	108.6
214.2	112.5
214.3	113.3
214.4	114.9
214.4	115.7
214.5	116.5
214.5	116.5
214.7	118.9
214.9	120.4
214.9	113.3
215.3	120.4
215.5	130.7
215.6	131.5
215.8	131.5
215.7	123.6
215.7	122.8
215.7	118.1
215.7	114.9
215.7	113.3
215.7	109.4
215.9	106.2
216.1	103.8
216.1	101.5
216.3	98.3
216.7	104.6
216.8	110.2
216.8	111
217	111.7
217.1	110.2
217.2	109.4
217.2	114.1
217.3	115.7
217.4	125.2
217.5	126
217.9	129.9
217.8	124.4
217.9	118.9
217.9	118.1
218.1	114.1
218.2	110.2
218.3	109.4
218.5	111
218.6	111.7
218.8	116.5
218.9	117.3
219.1	121.2
219.5	121.2
219.7	121.2
219.7	118.1
219.5	113.3
219.7	109.4
219.9	108.6
220	107
220.5	107
220.5	107.8
220.6	107.8
220.7	107
221	101.5
221.1	105.4
221.1	109.4
221.6	112.5
221.7	114.1
221.7	115.7
221.7	116.5
221.8	116.5
221.8	116.5
222.3	108.6
222.8	117.3
222.8	118.9
223	112.5
223	111.7
223.4	107
223.4	106.2
223.4	98.3
223.6	105.4
223.8	107
223.9	102.3
224.3	99.9
224.4	107
224.5	110.2
224.7	111
224.7	110.2
224.8	103
224.9	103
224.9	99.1
224.9	98.3
224.9	95.9
225.1	89.6
225.2	89.6
225.4	84.1
225.7	92
225.7	92.8
225.7	95.9
225.9	97.5
226.2	88.8
226.5	88.8
226.7	93.6
226.9	92.8
227.2	91.2
227.4	98.3
227.4	99.1
227.6	104.6
227.6	104.6
227.8	98.3
228	96.7
228.1	103.8
228.4	108.6
228.7	105.4
229.1	100.7
229.3	98.3
229.3	98.3
229.5	99.9
229.5	100.7
229.7	106.2
229.9	111
230.3	114.9
230.3	116.5
230.3	118.1
230.4	121.2
230.5	122
230.7	114.9
230.7	109.4
231.1	102.3
231.1	98.3
231.6	94.4
231.6	95.1
231.7	99.1
231.8	99.9
232	99.9
232	99.1
232.1	94.4
232.2	94.4
232.3	92
232.6	95.9
232.6	97.5
232.7	99.1
233	99.9
233.4	99.9
233.6	96.7
234.2	95.1
234.2	101.5
234.2	103
234.3	103.8
234.4	104.6
234.7	104.6
234.8	104.6
234.9	104.6
234.9	107
234.9	109.4
235	112.5
235.3	111
235.3	111
235.4	107
235.7	108.6
236.1	111.7
236.2	111.7
236.2	111.7
236.1	109.4
236.3	109.4
236.6	111
236.7	111
237.2	111
237.2	113.3
237.4	115.7
237.4	119.6
237.6	122.8
238	118.9
238	118.1
238.4	121.2
238.9	125.2
239.3	126.8
239.3	123.6
239.4	122.8
239.4	118.9
239.4	118.9
239.5	114.9
239.5	114.1
239.5	111
239.5	111
239.6	107
239.6	107
239.9	114.1
240	118.1
240.3	118.1
240.3	118.1
240.5	120.4
240.7	121.2
240.9	121.2
240.9	118.1
241	114.9
241.3	114.1
241.3	113.3
241.4	111.7
241.7	117.3
241.8	118.9
241.9	120.4
242.3	120.4
242.5	116.5
242.8	113.3
243	111.7
243.3	109.4
243.4	112.5
243.4	113.3
243.5	114.1
244	111.7
244.2	111.7
244.6	109.4
244.7	108.6
244.9	109.4
245.1	114.1
245.3	118.9
245.5	120.4
245.7	122.8
245.7	122.8
245.9	121.2
245.9	121.2
245.9	114.9
246.2	116.5
246.3	117.3
246.4	121.2
246.5	122
246.6	123.6
247	122
247.2	118.9
247.6	116.5
248	110.2
248.2	109.4
248.5	114.9
248.5	116.5
249.1	116.5
249.3	111.7
249.3	111.7
249.5	108.6
249.7	106.2
250.1	110.2
250.3	111
250.3	111
250.7	106.2
250.7	103
251.2	99.9
251.3	95.9
251.6	101.5
251.9	110.2
252	112.5
252.2	114.9
252.2	115.7
252.3	119.6
252.5	122.8
252.5	114.1
252.5	113.3
252.8	101.5
252.8	100.7
253	97.5
253.2	93.6
253.4	87.2
253.5	80.1
253.5	79.3
253.7	71.4
254.1	62.7
254.4	57.2
254.7	69.1
254.8	70.6
255.2	85.7
255.2	94.4
255.4	99.1
255.4	99.1
255.8	102.3
256.2	107
256.8	107
256.8	107
257	111.7
257.2	114.9
257.6	121.2
258	117.3
258.3	118.9
258.4	119.6
258.7	125.2
258.8	129.1
259.2	127.6
259.2	127.6
259.4	121.2
259.8	123.6
259.9	126.8
260	127.6
260.1	128.3
260.6	126
260.6	126
260.6	124.4
260.9	124.4
261.2	122.8
261.6	121.2
261.8	121.2
262.1	123.6
262.3	125.2
262.5	130.7
262.8	133.9
263	129.1
263.2	126.8
263.4	123.6
263.8	119.6
263.9	118.9
264.5	124.4
264.5	124.4
264.7	126
264.7	126.8
265.3	126.8
265.7	128.3
266.1	127.6
266.1	126
266.1	122
266.1	121.2
266.3	117.3
266.5	113.3
267.2	112.5
267.2	112.5
267.4	118.9
267.6	123.6
267.9	124.4
267.9	124.4
268.2	121.2
268.2	117.3
268.3	115.7
268.6	119.6
268.6	124.4
268.8	127.6
269.3	126
269.5	128.3
269.7	133.1
269.9	133.9
270.1	127.6
270.1	127.6
270.3	122
270.3	122
270.5	117.3
270.7	113.3
270.5	107
270.5	105.4
271.3	124.4
271.4	128.3
271.4	128.3
271.5	130.7
271.6	132.3
272	128.3
272.1	128.3
272.1	122.8
272.1	121.2
272.3	125.2
272.5	127.6
272.8	129.9
273.1	125.2
273.1	124.4
273.2	124.4
273.4	127.6
273.5	129.1
273.8	127.6
273.9	124.4
274.1	123.6
274.1	123.6
274.3	126.8
274.5	129.9
274.5	129.9
274.7	131.5
274.8	131.5
274.9	128.3
275.1	126
275.5	124.4
275.5	124.4
276	121.2
276	118.9
276	118.1
276.1	115.7
276.5	114.9
276.5	112.5
276.5	112.5
276.5	110.2
276.6	107.8
276.6	107.8
276.7	100.7
276.7	99.9
276.8	96.7
277	91.2
277.4	95.1
277.4	95.9
277.4	99.1
277.6	98.3
277.6	99.1
277.7	105.4
278	111.7
278	116.5
278	120.4
278.2	126
278.6	127.6
278.7	127.6
278.9	122
279.2	125.2
279.3	128.3
279.4	129.9
279.5	124.4
279.6	119.6
279.8	115.7
279.8	113.3
279.9	112.5
280	111
280.3	113.3
280.7	118.1
280.9	121.2
281.2	122
281.6	118.1
281.8	117.3
282	118.9
282.1	120.4
282.1	120.4
282.1	124.4
282.3	123.6
282.6	120.4
282.8	119.6
282.9	120.4
283.1	122.8
283.2	127.6
283.3	128.3
283.4	134.7
283.4	134.7
283.4	134.7
283.4	137.8
283.6	137.8
284.1	135.5
284.1	133.9
284.1	133.9
284.1	131.5
284.4	130.7
284.4	126.8
284.4	124.4
284.5	119.6
284.5	118.9
284.7	116.5
285	114.1
285.3	118.9
285.3	127.6
285.3	127.6
285.5	124.4
285.6	125.2
285.7	131.5
285.8	138.6
286	133.9
286.1	133.1
286.1	126.8
286.3	124.4
286.3	123.6
286.4	122.8
286.6	118.9
286.6	118.9
286.6	118.1
286.7	118.1
287	118.9
287	120.4
287	122.8
287.2	126
287.3	127.6
287.4	130.7
287.6	133.1
287.7	133.9
287.8	133.1
288.1	124.4
288.4	121.2
288.8	121.2
288.8	122
288.8	122
289	123.6
289.1	124.4
289.3	124.4
289.5	122
289.7	120.4
289.7	120.4
290	124.4
290.1	129.1
290.4	129.9
290.5	129.9
290.5	129.1
290.5	124.4
290.5	122.8
290.7	120.4
290.8	117.3
290.9	114.9
290.9	114.9
291.2	114.9
291.4	122
291.4	129.1
291.4	129.9
291.7	131.5
291.9	127.6
291.9	126.8
292.2	129.1
292.2	129.9
292.3	129.9
292.4	126
292.4	122.8
292.4	118.9
292.6	111.7
292.9	109.4
293	109.4
293.2	120.4
293.1	125.2
293.1	126
293.2	124.4
293.2	123.6
293.4	118.1
293.5	117.3
293.6	117.3
293.6	117.3
293.9	114.9
293.9	114.9
294.5	119.6
294.5	122
294.5	130.7
294.5	131.5
295.1	135.5
295.3	135.5
295.5	133.1
295.5	132.3
295.5	127.6
295.9	126.8
296.1	126
296.3	125.2
296.8	124.4
297	124.4
297.3	124.4
297.4	124.4
297.4	126.8
297.4	127.6
297.4	127.6
297.5	127.6
297.7	126
297.8	126.8
297.8	127.6
297.8	131.5
297.8	131.5
298.1	133.1
298.2	133.1
298.3	130.7
298.3	129.9
299	133.1
298.6	132.3
298.7	126
298.8	122.8
299	121.2
299.1	118.9
299.3	118.9
299.5	119.6
299.7	122
299.9	125.2
300	125.2
300.1	126
300.1	128.3
300.3	130.7
300.3	130.7
300.3	126.8
300.4	125.2
300.5	124.4
300.7	122.8
300.9	122
301.1	119.6
301.3	114.9
301.5	114.1
301.5	114.9
301.7	118.9
301.9	123.6
302	123.6
302	123.6
302	123.6
302.3	123.6
302.6	123.6
302.6	122.8
302.8	118.9
302.9	118.9
303.1	115.7
303.3	114.1
303.4	111
303.4	110.2
303.8	113.3
303.9	118.1
304.2	122.8
304.2	122.8
304.3	126.8
304.4	128.3
304.5	130.7
304.7	132.3
304.7	129.9
305	125.2
305.3	122.8
305.5	120.4
305.7	120.4
306.1	115.7
306.3	118.1
306.4	122.8
306.6	124.4
306.7	124.4
306.8	124.4
306.8	124.4
306.8	120.4
306.9	119.6
307.1	117.3
307.2	117.3
307.3	118.9
307.5	119.6
307.9	118.9
308	118.9
308.2	121.2
308.2	122
308.5	122.8
308.6	124.4
308.6	127.6
308.9	131.5
309.1	133.9
309.2	136.2
309.3	140.2
309.4	142.6
309.6	131.5
309.6	131.5
309.7	126.8
309.8	124.4
310.1	119.6
310.1	115.7
310.1	112.5
310.1	107.8
310.3	111
310.3	113.3
310.4	118.1
310.5	120.4
310.7	122
311	122.8
311.1	123.6
311.2	123.6
311.2	123.6
311.3	125.2
311.6	122.8
311.7	118.1
312	119.6
312.2	122.8
312.2	124.4
312.3	126
312.8	121.2
312.8	121.2
312.8	125.2
312.9	126
313	127.6
313	127.6
313	126.8
313.2	122.8
313.3	119.6
313.4	119.6
313.4	118.1
313.4	117.3
313.4	113.3
313.4	112.5
313.6	110.2
313.8	110.2
313.8	116.5
313.8	116.5
313.9	119.6
314.1	123.6
314.1	126.8
314.2	128.3
314.3	129.1
314.4	131.5
314.5	134.7
314.7	129.1
314.7	129.1
314.7	125.2
314.7	123.6
314.9	121.2
314.9	121.2
315.1	118.9
315.1	116.5
315.3	114.9
315.5	116.5
315.5	118.1
315.6	120.4
315.7	121.2
315.8	122
316	124.4
316.1	129.9
316.3	131.5
316.3	132.3
316.4	132.3
316.5	126.8
316.5	126
316.6	124.4
316.8	122.8
317	119.6
317.2	116.5
317.3	119.6
317.4	122
317.4	123.6
317.4	126
317.6	126.8
317.7	124.4
317.9	121.2
317.9	120.4
318.3	119.6
318.4	119.6
318.6	119.6
318.7	122
318.7	123.6
318.7	123.6
319.1	122
319.2	121.2
319.4	123.6
319.4	124.4
319.6	121.2
319.6	117.3
319.8	114.1
319.9	113.3
319.9	112.5
320.1	112.5
320.4	111.7
320.8	114.1
320.9	114.9
321.1	116.5
321.4	118.1
321.6	118.1
321.7	118.1
321.8	114.9
322	111
322.1	110.2
322.1	110.2
322.2	110.2
322.2	111
322.2	111.7
322.3	112.5
322.4	112.5
322.4	111.7
325.1	92
325.1	89.6
325.2	85.7
325.5	82.5
325.6	83.3
325.6	84.9
325.7	90.4
325.7	91.2
326.4	111.7
326.4	114.1
326.5	120.4
326.7	121.2
326.7	121.2
326.8	121.2
326.9	113.3
327.1	110.2
327.2	110.2
327.4	110.2
327.8	107
327.8	103
327.9	99.1
328.1	99.9
328.2	101.5
328.2	101.5
328.5	99.1
328.5	99.1
328.6	95.1
328.7	93.6
328.9	92
329.1	92
329.5	92
330.1	95.1
330.3	95.9
330.6	96.7
330.7	95.1
330.8	90.4
330.9	85.7
331.1	82.5
331.3	83.3
331.3	84.1
331.3	86.4
331.3	87.2
331.5	87.2
331.6	87.2
331.6	87.2
331.7	88.8
331.7	88.8
331.9	87.2
332	84.9
332.2	82.5
332.4	85.7
332.5	90.4
332.5	92.8
332.6	93.6
332.6	94.4
332.9	100.7
333	102.3
333	103
333	102.3
333.2	90.4
333.4	86.4
333.4	88
333.5	92.8
333.6	96.7
333.7	99.1
333.7	99.9
333.8	103
334	105.4
334.3	106.2
334.4	106.2
334.4	102.3
334.3	98.3
334.3	95.9
334.3	94.4
334.4	94.4
334.6	92.8
334.6	92
334.7	89.6
334.7	88.8
334.8	90.4
334.9	92.8
335	95.1
335.1	100.7
335.1	102.3
335.4	110.2
335.5	112.5
335.5	117.3
335.7	120.4
335.7	120.4
335.9	116.5
335.8	111.7
335.8	110.2
335.8	104.6
336.1	102.3
336.2	100.7
336.2	98.3
336.2	95.1
336.5	92
336.5	90.4
336.8	89.6
336.9	92.8
336.9	88.8
337	86.4
337	81.7
337	80.1
337.2	80.1
337.4	77.8
337.4	82.5
337.5	92
337.7	88.8
338	87.2
338.2	95.1
338.2	95.9
338.6	100.7
338.9	104.6
338.9	107
338.9	107.8
339.1	103
339.3	95.9
339.5	88
339.5	86.4
339.9	94.4
340	96.7
340.1	93.6
340.1	92
340.2	88.8
340.3	86.4
340.3	77.8
340.8	66.7
341	73.8
341.3	78.5
341.4	80.9
341.6	81.7
341.8	84.1
342	85.7
342.2	89.6
342.3	92.8
342.6	95.9
342.6	98.3
343	105.4
343.1	107
343.1	108.6
343.3	111.7
343.4	113.3
343.2	114.9
343.4	114.1
343.4	114.1
343.6	111
343.9	107
344.1	106.2
344.2	106.2
344.4	105.4
344.5	105.4
344.7	104.6
345.2	104.6
345.6	105.4
346.1	107.8
346.6	110.2
346.8	114.1
346.8	114.9
346.8	118.9
347.1	123.6
347.3	126.8
347.4	129.9
348	123.6
348.6	126
348.7	129.1
349	122.8
349.1	122
349.2	118.9
349.2	118.1
349.3	117.3
349.5	121.2
349.8	126
350.1	127.6
350.3	127.6
350.3	127.6
350.4	122.8
350.4	122
350.5	120.4
350.7	119.6
351.2	122
351.3	122
351.4	123.6
351.7	119.6
351.7	119.6
351.9	116.5
352	116.5
352.6	121.2
352.8	126.8
353	127.6
353	122
353.6	120.4
353.8	122.8
354	123.6
354.1	120.4
354.1	117.3
354.1	114.1
354.1	111
354.3	114.1
354.7	119.6
354.9	122
355.2	123.6
355.3	121.2
355.4	118.9
355.5	118.1
355.8	121.2
355.9	122.8
356.1	119.6
356.1	118.9
356.2	117.3
356.6	122
356.6	122
356.6	126
357	128.3
357.1	125.2
357.1	122
357	117.3
357	116.5
357.4	120.4
357.8	120.4
358	120.4
358.1	116.5
358.2	116.5
358.2	116.5
358.3	120.4
358.3	121.2
358.4	125.2
358.5	127.6
358.5	130.7
358.6	133.9
358.7	134.7
359.1	137
359.2	138.6
359.5	137
359.7	131.5
359.9	129.1
360.1	134.7
360.4	135.5
360.5	135.5
360.7	133.1
360.7	127.6
360.7	122.8
360.7	122.8
360.7	122.8
360.8	124.4
360.8	125.2
360.8	128.3
360.9	129.1
361.1	129.1
361.5	128.3
361.7	127.6
361.8	125.2
361.8	125.2
361.8	124.4
361.9	123.6
362	123.6
362.2	123.6
362.2	123.6
362.3	123.6
362.6	124.4
362.8	125.2
362.8	122.8
362.8	122
363.2	126
363.5	129.1
363.6	129.9
364	127.6
364	124.4
364	124.4
364.1	122.8
364.1	122
364.3	119.6
364.4	118.1
364.5	118.1
364.5	118.1
364.7	117.3
364.7	114.9
364.7	113.3
364.7	112.5
365.1	111.7
365.3	115.7
365.3	119.6
365.4	120.4
365.6	119.6
365.6	119.6
365.7	119.6
365.9	121.2
365.9	122
365.9	124.4
366	127.6
366	129.9
366.3	133.9
366.3	134.7
366.6	127.6
366.7	126
367	129.1
367	129.9
367	130.7
367.3	124.4
367.4	121.2
367.6	117.3
367.6	115.7
368	121.2
368	123.6
368	124.4
368	127.6
368	128.3
368.4	126
368.4	119.6
368.6	118.9
368.7	118.9
369	122
369.1	119.6
369.2	122
369.2	122.8
369.3	125.2
369.4	126.8
369.5	128.3
369.5	128.3
369.7	128.3
369.7	128.3
369.7	128.3
370.2	124.4
370.3	123.6
370.3	120.4
370.4	119.6
370.8	122.8
371.1	130.7
371.1	130.7
371.2	131.5
371.3	129.1
371.3	128.3
371.5	126.8
371.6	125.2
371.9	122
372	120.4
372.1	119.6
372.1	119.6
372.4	114.9
372.8	117.3
372.9	122.8
373	122.8
373	126.8
373.2	133.9
373.2	134.7
373.2	126
373.4	126
373.6	129.1
374.1	126
374.1	122
374.1	121.2
374.1	120.4
374.6	120.4
374.7	120.4
374.9	115.7
375	114.9
375.3	114.9
375.5	128.3
375.5	129.1
375.6	132.3
375.6	133.1
375.7	133.9
376	130.7
376.1	130.7
376.2	126
376.3	125.2
376.6	125.2
376.7	126
376.8	122.8
376.9	118.9
377.1	114.1
377.4	112.5
377.5	116.5
377.8	122.8
377.8	128.3
378	129.9
378.4	131.5
378.5	129.1
378.5	128.3
378.6	122.8
378.6	122
378.7	119.6
378.9	120.4
379.1	122.8
379.1	126
379.3	128.3
379.4	129.1
379.7	129.9
379.8	128.3
379.9	126
380.1	122.8
380.1	122
380.5	122.8
380.5	125.2
380.8	129.1
380.9	133.9
380.9	135.5
380.9	138.6
380.9	141.8
381	147.3
381.1	148.9
381.3	146.5
381.4	141
381.6	138.6
381.6	138.6
381.8	136.2
382	133.1
382	131.5
382.1	130.7
382.3	127.6
382.3	125.2
382.4	123.6
383	125.2
383	130.7
383	130.7
383	133.1
383	133.9
383.3	136.2
383.4	138.6
383.8	143.4
384	147.3
384.1	152.8
384.1	154.4
384.2	156.8
384.2	157.6
384.4	156
384.4	154.4
384.5	149.7
384.6	148.9
384.8	145.7
384.8	143.4
384.8	141
384.9	137.8
384.9	134.7
385.1	131.5
385.3	127.6
385.3	124.4
385.3	119.6
385.3	118.9
385.3	117.3
385.3	116.5
385.3	114.9
385.5	103
385.5	100.7
385.5	99.9
385.7	106.2
385.7	115.7
385.7	116.5
385.7	119.6
385.9	124.4
385.9	127.6
386	133.9
386.1	135.5
386.2	138.6
386.3	141.8
386.3	142.6
386.3	144.1
386.4	144.9
386.5	144.1
386.6	137.8
386.6	136.2
386.8	133.1
386.8	132.3
386.8	128.3
386.8	127.6
386.8	122.8
387	117.3
387.1	113.3
387.3	110.2
387.6	108.6
387.9	114.9
388.1	122
388.1	122.8
388.2	126
388.2	127.6
388.2	127.6
388.4	129.9
388.6	133.1
388.8	135.5
388.8	137.8
389	133.9
389	132.3
389.1	128.3
389.5	125.2
389.6	122.8
389.9	118.1
389.9	117.3
389.9	116.5
390	111.7
390.1	108.6
390.2	107
390.3	103.8
390.3	100.7
390.3	97.5
390.4	95.1
390.6	95.1
390.7	95.1
390.9	92.8
390.9	87.2
390.9	84.9
391	79.3
391.1	78.5
391.2	77.8
391.3	77.8
391.6	80.1
391.6	81.7
391.8	77
392	76.2
392.1	82.5
392.2	84.1
392.3	88.8
392.6	87.2
392.6	86.4
392.9	84.1
393.2	89.6
393.2	92
393.4	93.6
393.4	94.4
393.6	94.4
393.9	93.6
393.9	88
394.1	84.9
394.3	80.9
394.4	78.5
394.5	77
394.5	75.4
394.7	73.8
395	75.4
395.3	74.6
395.3	74.6
396.1	88
395.6	78.5
395.6	77.8
395.9	80.1
395.9	83.3
396.2	85.7
396.2	86.4
396.3	86.4
396.5	84.9
396.6	83.3
396.9	82.5
397	79.3
397.2	77.8
397.2	77
397.2	73.8
397.5	73
397.6	73
398.1	77.8
398.2	77.8
398.4	82.5
398.4	86.4
398.5	88
398.8	85.7
399.1	95.9
399.5	103
399.5	103.8
399.6	105.4
399.7	97.5
399.8	96.7
399.9	95.9
400.1	96.7
400.2	99.9
400.2	98.3
400.2	95.9
400.6	99.1
400.6	100.7
400.7	102.3
400.8	103.8
400.9	103.8
400.4	93.6
401.1	107
401.5	107.8
401.6	108.6
401.6	108.6
401.7	109.4
401.7	109.4
402	105.4
402	103.8
402	99.1
402	94.4
402.2	87.2
402.2	78.5
402.3	73.8
402.4	65.1
402.6	58
402.8	54
402.9	50.9
402.9	50.9
403	49.3
403.1	48.5
403.2	47.7
403.4	46.1
403.9	46.9
404.2	50.9
404.3	51.7
404.5	55.6
404.9	61.9
404.9	64.3
404.9	65.1
405	69.8
405.2	69.8
405.5	62.7
405.7	56.4
405.7	54
405.7	53.2
405.7	50.1
405.7	46.1
406	39
406	38.2
406.1	35.9
406.1	35.1
406.1	31.1
406.2	28.7
406.2	28
406.1	25.6
406.1	24.8
406.3	27.2
406.4	33.5
406.4	41.4
406.6	44.6
406.7	48.5
406.8	56.4
406.8	61.2
406.8	62.7
407.1	60.4
407.2	54
407.4	52.5
407.8	54
408	58.8
408	59.6
408.3	60.4
408.4	60.4
408.4	56.4
408.5	56.4
408.7	56.4
409.1	60.4
409.7	64.3
409.7	64.3
410	63.5
410	61.9
410	59.6
410.2	55.6
410.4	52.5
410.6	50.1
410.7	49.3
410.9	46.9
411	45.3
411.2	43.8
411.3	43.8
411.3	43.8
411.8	46.9
411.8	47.7
411.8	43.8
411.8	40.6
411.8	40.6
412	39
412	39
412.2	38.2
412.2	39.8
412.4	44.6
412.5	48.5
412.5	50.1
412.6	50.9
412.9	50.9
413	50.1
413.1	48.5
413.3	46.1
413.4	43
413.9	43
414	43.8
414.4	43.8
414.5	43.8
414.7	43.8
414.7	43.8
415.2	43.8
415.3	43.8
415.3	43.8
415.9	44.6
415.9	40.6
416.1	39
416.1	39
416.8	42.2
416.9	44.6
417.2	44.6
417.5	47.7
417.5	48.5
417.6	50.1
417.6	50.1
417.6	50.1
417.8	45.3
417.8	43.8
418	41.4
418	40.6
418.2	38.2
418.4	36.6
418.6	36.6
418.6	36.6
419.3	34.3
419.7	37.4
420	39.8
420.1	46.1
420.1	51.7
420.1	59.6
420.2	62.7
420.3	62.7
420.5	62.7
420.7	64.3
420.9	67.5
420.9	73.8
420.9	75.4
420.9	84.1
421.1	92
421.1	95.1
421.2	99.9
421.2	111
421.3	111.7
421.3	115.7
421.4	120.4
421.5	120.4
421.5	119.6
421.5	119.6
421.6	107.8
421.7	103
421.8	102.3
421.9	95.9
422	95.1
422	92
422	91.2
422	87.2
422	85.7
422.1	84.1
422.2	83.3
422.4	86.4
422.4	90.4
422.6	86.4
422.6	82.5
422.7	77
422.7	77
422.8	73.8
422.8	73
422.8	70.6
422.8	61.2
422.8	60.4
422.8	54.8
422.9	50.9
423.2	43
423.3	46.9
423.3	54
423.6	55.6
424	54.8
424.3	57.2
424.5	62.7
424.8	65.9
424.9	67.5
425	63.5
425.1	61.2
425.2	58.8
425.5	59.6
425.7	55.6
425.7	51.7
426.3	48.5
426.2	46.1
426.2	45.3
426.3	41.4
426.6	37.4
426.8	32.7
427	27.2
427.2	24
427.6	24
427.6	24.8
427.6	25.6
428.3	19.3
428.4	16.9
428.6	20.8
428.6	21.6
428.8	25.6
428.8	31.9
428.8	40.6
428.8	47.7
429	51.7
429	51.7
429.1	61.9
429.1	61.9
429.2	65.1
429.3	66.7
429.9	80.9
430	89.6
430.3	93.6
430.7	94.4
430.7	94.4
430.7	88
430.7	86.4
430.7	82.5
430.7	76.2
430.8	65.9
430.9	58
431	52.5
431	52.5
431.1	49.3
431.1	47.7
431.4	42.2
431.5	41.4
431.8	45.3
431.9	46.1
431.9	44.6
431.9	42.2
432	40.6
432.1	36.6
432.4	37.4
432.7	43
432.8	46.1
432.9	43
433.1	39.8
433.4	41.4
433.6	47.7
433.8	52.5
434	56.4
434.1	57.2
434.2	55.6
434.2	54
434.3	49.3
434.4	44.6
434.4	40.6
434.5	38.2
434.8	41.4
434.9	45.3
435.1	43.8
435.4	41.4
435.5	41.4
436	46.1
436	46.9
436.3	46.1
436.8	49.3
436.8	50.1
437.1	47.7
437.2	44.6
437.4	39.8
437.6	37.4
437.8	34.3
438	32.7
438.2	33.5
438.4	39
438.5	39.8
438.6	39.8
438.8	39.8
439	36.6
439.2	39
439.3	42.2
439.5	39.8
439.7	37.4
440.1	34.3
440.2	33.5
440.3	35.9
440.3	41.4
440.5	45.3
440.8	45.3
441	43
441.1	41.4
441.3	39.8
441.3	39
441.5	38.2
441.6	37.4
441.6	37.4
441.8	36.6
441.9	36.6
442.2	36.6
442.6	35.1
442.7	38.2
443.2	41.4
443.2	41.4
443.6	39
443.7	41.4
443.8	44.6
444.4	46.1
444.4	46.1
444.5	46.1
444.7	44.6
444.8	44.6
445	42.2
445	39.8
445.1	37.4
445.3	36.6
445.3	36.6
445.4	39
445.5	40.6
445.7	41.4
445.8	41.4
445.7	41.4
445.7	42.2
446.3	42.2
447.1	42.2
447.2	42.2
447.3	42.2
447.7	45.3
447.8	46.9
448.4	47.7
448.6	50.9
448.9	54.8
449.1	55.6
449.5	54.8
449.7	54.8
450.3	54
450.8	54.8
451	53.2
451.3	55.6
451.3	56.4
451.3	60.4
451.4	65.9
451.5	66.7
451.6	66.7
451.6	63.5
451.6	58
451.8	56.4
452.2	58.8
452.2	58.8
452.4	60.4
452.4	61.2
452.6	58.8
452.7	58
452.9	58.8
453	59.6
453.3	62.7
453.7	64.3
454.1	64.3
454.2	62.7
454.2	58.8
454.5	54.8
455	56.4
455.3	62.7
455.3	65.1
455.4	65.9
455.6	63.5
455.6	58
455.8	54.8
455.9	54.8
456.1	54.8
456.3	58.8
456.7	63.5
456.8	65.1
457.3	62.7
457.4	56.4
457.4	54.8
457.8	57.2
458	61.9
458.1	65.1
458.2	69.8
458.2	71.4
458.4	75.4
458.6	78.5
458.8	81.7
458.8	83.3
459.1	84.1
459.3	77
459.6	69.1
459.7	64.3
460	73
460.1	75.4
460.1	78.5
460.3	77.8
460.5	72.2
460.5	67.5
460.6	66.7
460.8	63.5
460.9	60.4
461.1	58.8
461.1	58.8
461.4	54
461.5	53.2
461.6	49.3
461.6	46.9
461.6	43.8
461.9	39
462	35.1
462	35.1
462.1	33.5
462.3	33.5
462.6	31.1
462.8	31.1
463.2	28
463.5	26.4
463.8	24.8
464.5	27.2
464.5	28
464.5	28
464.7	25.6
464.7	24.8
464.9	24
465	24.8
465.1	30.3
465.1	31.1
465.2	31.9
465.5	27.2
465.9	24.8
466.3	28
466.5	28
466.5	28
467.4	30.3
467.8	29.5
467.8	28.7
468.2	34.3
468.2	35.1
468.5	42.2
468.5	43
469.5	36.6
469.7	34.3
470.1	36.6
470.3	46.1
471	54.8
471	55.6
471	57.2
471.5	69.1
471.5	72.2
471.6	76.2
472	73
472	71.4
472	71.4
472.2	68.3
472.3	69.8
472.6	76.2
472.8	84.1
472.8	85.7
473	86.4
473.2	89.6
473.3	92.8
473.3	93.6
473.7	104.6
473.8	107
473.9	104.6
474.3	95.1
474.5	88.8
474.5	88
474.9	87.2
474.9	95.1
474.9	106.2
474.9	117.3
475.1	124.4
475.1	142.6
475.2	144.9
475.3	151.3
475.5	158.4
475.7	161.5
475.7	162.3
475.3	163.9
474.9	81.7
474.9	88
474.9	88.8
475.1	94.4
475.3	97.5
475.4	102.3
475.4	105.4
475.5	112.5
475.5	119.6
475.7	125.2
475.8	142.6
475.9	147.3
475.9	153.6
476	156
476.5	151.3
476.5	150.5
476.6	144.1
476.6	141
477	128.3
477	128.3
477	122.8
477	120.4
477	112.5
477	111.7
477	103.8
477	103
477	95.1
477	94.4
477	82.5
477	82.5
477	80.9
477.2	74.6
477.2	70.6
477.3	61.9
477.3	61.2
477.4	54.8
477.4	48.5
477.4	48.5
477.6	37.4
477.7	34.3
477.8	29.5
478.1	24.8
478.2	24.8
478.8	24
479	24
479.1	24
479.2	24
479.7	29.5
480	34.3
480.1	38.2
480.1	38.2
480.3	45.3
480.3	48.5
480.5	53.2
481.1	65.1
480.8	76.2
480.8	77.8
480.8	88.8
480.9	90.4
481.2	98.3
481.3	103.8
481.3	111
481.4	122.8
481.4	123.6
481.4	123.6
481.4	127.6
481.4	137.8
481.4	138.6
481.4	144.9
481.8	165.5
482.2	165.5
482.4	156.8
482.6	144.9
482.6	143.4
482.6	137.8
482.4	134.7
482.4	127.6
482.6	114.9
482.6	103
482.6	99.1
482.6	88.8
482.6	78.5
482.6	70.6
482.6	60.4
482.6	50.1
482.8	39.8
482.8	35.9
482.8	35.1
482.9	28
483	26.4
483.3	19.3
483.5	16.1
483.8	12.1
484.7	16.1
484.6	29.5
484.6	40.6
484.6	41.4
484.7	46.1
484.8	50.1
485	54
485.3	70.6
485.4	71.4
485.7	65.9
486.1	57.2
486.6	55.6
487	66.7
487	67.5
487.1	80.1
487.2	101.5
487.2	103
487.2	103.8
487.3	103
487.4	101.5
487.5	89.6
487.5	87.2
487.6	84.1
487.6	76.2
487.8	64.3
487.9	58.8
487.9	54
488	50.9
488.3	64.3
488.5	71.4
488.5	71.4
488.6	72.2
488.8	83.3
488.9	84.1
489.4	86.4
489.5	88.8
489.6	88.8
489.8	83.3
490	78.5
490.1	79.3
490.4	83.3
490.4	88.8
490.4	93.6
490.4	106.2
490.5	108.6
490.6	108.6
490.8	100.7
490.7	95.9
490.8	90.4
490.9	86.4
490.9	86.4
491.2	95.1
491.2	95.1
491.2	99.9
491.3	102.3
491.5	104.6
491.5	107
491.6	114.1
491.6	114.9
491.6	115.7
491.7	115.7
491.8	104.6
491.8	103.8
491.8	99.9
492	95.9
492.3	97.5
492.6	106.2
492.6	110.2
492.6	114.1
492.6	114.9
492.6	114.9
492.9	114.1
493.3	107.8
493.5	101.5
493.8	103.8
493.8	104.6
493.8	109.4
494	112.5
494	113.3
494.2	111
494.3	109.4
494.5	112.5
494.5	118.9
494.5	121.2
494.5	122.8
494.7	123.6
495	123.6
495	117.3
495.1	112.5
495.5	115.7
495.7	116.5
496.1	114.1
496.3	115.7
496.3	116.5
496.3	118.9
496.4	121.2
496.4	121.2
496.5	122
496.7	122.8
496.8	119.6
496.8	118.9
496.8	114.9
497.2	108.6
497.2	107.8
497.2	104.6
497.2	103.8
497.4	106.2
497.5	114.1
497.5	114.9
497.5	118.9
497.6	120.4
497.8	123.6
497.8	126
498	126
498.2	123.6
498.2	121.2
498.2	117.3
498.4	117.3
498.6	121.2
498.6	121.2
498.8	120.4
498.8	117.3
498.8	115.7
498.8	111
499	108.6
499	107.8
499.1	105.4
499.3	103
499.5	103
499.6	103.8
500	105.4
500.1	106.2
500.6	107
500.8	103.8
500.9	102.3
501.2	107.8
501.4	103
501.5	99.1
501.6	94.4
501.6	88.8
501.6	88
501.7	82.5
501.8	75.4
501.9	69.8
502.2	66.7
502.2	76.2
502.4	85.7
502.4	89.6
502.6	105.4
502.6	106.2
502.7	112.5
502.7	116.5
503	119.6
503.2	110.2
503.4	106.2
503.8	112.5
503.8	113.3
504.1	108.6
504.3	108.6
504.6	115.7
504.7	117.3
505.1	118.1
505.4	110.2
505.5	107
505.9	109.4
505.9	110.2
506.3	114.1
506.6	111
506.6	110.2
506.7	109.4
507	111
507.1	113.3
507.4	111
507.4	110.2
507.6	107
507.8	103
507.9	100.7
508.3	98.3
508.4	98.3
508.5	99.9
508.6	101.5
508.9	98.3
509.2	97.5
509.3	99.9
509.4	101.5
509.5	102.3
509.5	103
509.7	103
509.9	100.7
510.3	103
510.4	102.3
510.4	101.5
510.7	98.3
510.7	97.5
510.9	101.5
511	103.8
511.1	107.8
511.3	108.6
511.6	99.9
511.7	99.9
511.9	96.7
512	95.9
512	91.2
512.1	86.4
512.2	81.7
512.2	81.7
512.3	75.4
512.4	69.1
512.4	66.7
512.8	61.9
512.9	60.4
513.2	54
513.4	48.5
513.6	46.9
514.1	48.5
514.1	50.9
514.1	58
514.1	65.1
514.2	65.1
514.3	71.4
514.5	80.1
514.5	80.9
514.6	83.3
514.7	84.9
515	85.7
515.1	81.7
515.3	84.1
515.5	86.4
516.1	90.4
516.1	90.4
516.2	94.4
516.3	96.7
516.5	99.9
516.6	99.9
516.8	92.8
516.8	92
516.8	87.2
516.9	83.3
517	77
517.4	72.2
517.7	76.2
517.8	85.7
517.8	88
518.1	83.3
518.2	84.1
518.4	85.7
518.6	89.6
518.8	94.4
518.8	97.5
518.8	98.3
519.2	102.3
519.3	102.3
519.3	96.7
519.4	98.3
519.8	102.3
520	103
520.3	105.4
520.6	106.2
520.9	107.8
521.6	108.6
521.8	103
521.9	102.3
522.2	106.2
522.3	107
522.4	111
522.5	113.3
522.5	114.1
522.6	118.1
522.8	114.1
522.9	111.7
522.9	107.8
523	103
523.1	105.4
523.2	107
523.2	108.6
523.2	106.2
523.4	102.3
523.4	101.5
523.6	99.1
523.6	95.1
523.6	93.6
523.6	88.8
523.9	90.4
524	92.8
524.1	98.3
524.2	106.2
524.3	108.6
524.3	108.6
524.4	110.2
524.5	111.7
524.7	112.5
524.9	112.5
525.3	107.8
525.3	107.8
525.5	108.6
525.6	105.4
525.7	104.6
525.9	103
526.1	106.2
526.1	107.8
526.3	110.2
526.3	113.3
526.6	116.5
527	113.3
527	111.7
527.2	111.7
527.4	113.3
527.5	116.5
527.6	120.4
527.8	123.6
527.8	124.4
528.2	127.6
528.3	125.2
528.4	120.4
528.6	118.9
528.6	118.9
529	121.2
529	121.2
529	121.2
529.3	118.1
529.4	118.1
529.5	114.1
529.5	110.2
529.6	106.2
529.8	103.8
530	114.1
530.1	116.5
530.2	119.6
530.2	120.4
530.4	121.2
530.5	119.6
530.5	118.9
530.5	115.7
530.7	116.5
530.7	116.5
530.9	114.9
531.3	115.7
531.3	120.4
531.4	124.4
531.5	124.4
531.6	125.2
531.8	121.2
531.9	118.9
532.1	118.9
532.2	119.6
532.4	118.9
532.6	114.1
532.6	112.5
532.6	111.7
532.9	114.1
533	117.3
533.1	118.1
533.3	118.1
533.4	115.7
533.4	115.7
533.5	115.7
533.7	115.7
533.8	115.7
534.1	115.7
534.3	115.7
534.3	117.3
534.3	118.1
534.5	118.9
534.5	118.9
534.8	118.9
534.8	118.9
534.9	118.1
535.2	115.7
535.3	114.9
535.3	113.3
535.3	111.7
535.4	108.6
535.5	105.4
535.5	104.6
535.5	103
535.5	102.3
535.5	100.7
535.7	95.9
535.7	94.4
536	88.8
536	88.8
536.1	92
536.3	95.9
536.3	91.2
536.6	92
536.9	96.7
537	97.5
537	97.5
537.2	94.4
537.4	95.9
537.6	103
537.9	109.4
538	111
538.4	112.5
538.6	114.1
539.1	117.3
539.4	118.9
539.5	118.9
539.6	119.6
539.9	122
540.1	122.8
540.3	125.2
540.5	126.8
540.6	129.9
540.7	133.1
540.7	134.7
540.7	130.7
540.7	126
541	121.2
541	120.4
541.2	118.1
541.2	117.3
541.3	114.1
541.3	114.1
541.4	109.4
541.4	108.6
541.4	103.8
541.4	99.1
541.4	98.3
541.4	95.1
541.5	94.4
541.7	89.6
541.7	89.6
541.4	80.1
541.5	80.1
541.6	76.2
541.7	73
541.8	69.8
541.9	63.5
541.9	61.2
541.9	61.2
542	58
542.2	57.2
542.5	59.6
542.6	63.5
542.7	68.3
542.7	69.1
542.8	75.4
542.8	76.2
543	84.9
543.1	102.3
543.1	103
543.2	107
543.4	120.4
543.4	122
543.6	124.4
543.7	126.8
543.7	131.5
543.8	129.9
543.8	123.6
544	121.2
544	119.6
544	114.9
544.2	107.8
544.3	107.8
544.3	104.6
544.3	101.5
544.3	99.9
544.4	95.1
544.4	93.6
544.5	86.4
544.5	84.9
544.5	82.5
544.5	81.7
544.7	77
544.7	72.2
544.7	70.6
544.9	71.4
545.2	75.4
545.3	76.2
545.3	77
545.7	70.6
545.9	68.3
545.9	67.5
545.9	65.9
546.1	63.5
546.3	61.9
546.7	61.2
546.9	65.1
547.2	66.7
547.4	69.8
547.6	70.6
547.7	70.6
547.9	67.5
548	65.1
548	64.3
548.2	60.4
548.2	58.8
548.4	57.2
548.6	54.8
548.8	54.8
549.1	57.2
549.2	61.9
549.4	63.5
549.5	63.5
549.7	46.9
550.1	47.7
550.5	53.2
550.5	55.6
550.7	55.6
550.7	55.6
551	55.6
551.4	53.2
551.8	54
552.2	60.4
552.4	63.5
552.5	63.5
552.7	65.9
553	71.4
553.1	74.6
553.1	78.5
553.2	80.1
553.2	81.7
553.2	84.9
553.3	88.8
553.5	87.2
553.7	84.1
553.8	80.9
553.9	75.4
554	74.6
554.2	76.2
554.2	77
554.3	81.7
554.7	81.7
554.5	75.4
554.5	74.6
554.5	68.3
554.5	65.9
554.5	61.9
554.5	61.2
554.7	55.6
555	52.5
555.4	59.6
555.5	63.5
555.6	64.3
555.8	69.1
555.9	73.8
555.9	77
556.1	79.3
556.3	80.1
556.5	78.5
556.6	73.8
556.7	73
556.9	79.3
557.2	82.5
557.2	85.7
557.4	89.6
557.5	90.4
557.8	84.9
557.8	84.1
557.9	84.1
558	86.4
558.1	88.8
558.2	90.4
558.3	90.4
558.4	84.9
558.5	77
558.5	77
558.8	78.5
559.1	84.9
559.1	88
559.1	91.2
559.3	94.4
559.5	95.1
559.6	92.8
559.9	85.7
559.9	84.1
559.9	80.1
559.9	76.2
559.9	71.4
559.9	71.4
560	66.7
560	65.9
560.3	66.7
560.7	73.8
560.7	80.1
560.9	85.7
561	89.6
561.1	93.6
561.2	95.9
561.2	99.9
561.3	104.6
561.5	107
561.7	107.8
561.8	105.4
561.8	97.5
562	92.8
562	86.4
562	86.4
562.2	80.1
562.2	78.5
562.4	77
562.4	73.8
562.4	73.8
562.6	78.5
562.6	81.7
562.7	80.9
563	76.2
563	76.2
563.2	72.2
563.3	72.2
563.2	69.1
563.2	66.7
563.3	65.9
563.3	65.1
563.4	62.7
563.5	61.2
563.8	59.6
564	58
564.3	55.6
564.3	54.8
564.5	54
564.5	54
564.5	54
564.5	54
564.7	50.9
564.7	50.1
564.9	50.1
564.9	50.1
565.2	55.6
565.3	57.2
565.5	58
565.8	61.9
566	65.9
566.1	65.9
566.5	68.3
566.6	68.3
566.9	60.4
567	57.2
567	56.4
567.2	57.2
567.2	58.8
567.3	63.5
567.4	70.6
567.5	76.2
567.5	76.2
567.6	82.5
567.7	86.4
567.7	94.4
567.7	97.5
567.7	99.9
567.7	101.5
567.7	102.3
567.7	103.8
567.9	105.4
575.4	57.2
568.4	103.8
568.4	103.8
568.5	104.6
568.5	104.6
568.6	108.6
568.6	108.6
568.7	107.8
568.8	107
568.8	102.3
568.8	100.7
568.8	97.5
568.8	94.4
568.8	93.6
568.8	90.4
568.9	89.6
569.1	88
569.1	84.1
569.1	84.1
569.2	78.5
569.3	76.2
569.3	75.4
569.3	73
569.4	69.8
569.4	69.1
569.5	64.3
569.5	64.3
569.5	64.3
569.4	62.7
569.3	58
569.3	56.4
569.4	56.4
569.6	59.6
569.6	62.7
569.6	65.1
569.7	65.9
569.7	66.7
569.8	66.7
569.8	63.5
569.8	61.2
569.8	59.6
569.9	56.4
570.1	54
570.1	51.7
570.7	41.4
570.9	39.8
570.9	39.8
571.1	40.6
571.1	41.4
571.1	42.2
571.1	42.2
571.4	39.8
571.5	39
571.5	38.2
571.6	40.6
571.7	43.8
571.8	46.1
571.8	49.3
572	51.7
572.1	55.6
572.2	57.2
572.2	58.8
572.2	59.6
572.3	59.6
572.4	61.2
572.6	54.8
572.8	50.1
573	48.5
573	50.9
573.2	50.9
573.4	48.5
573.5	46.1
573.6	44.6
573.8	44.6
573.9	48.5
574.3	50.9
574.7	58
574.9	63.5
575.1	66.7
575.3	68.3
575.6	65.1
575.6	63.5
575.5	59.6
575.5	54.8
575.5	53.2
575.7	52.5
575.8	64.3
574.5	77
574.5	68.3
574.9	68.3
575	70.6
575.1	72.2
575.1	73
575	73
574.9	73
575	48.5
551.1	162.3
576	53.2
576.2	56.4
576.2	57.2
576.4	61.2
576.5	64.3
576.5	65.1
576.6	69.8
576.8	70.6
576.8	64.3
577	58
577.2	54.8
577.4	54
577.9	54
578	53.2
578.2	53.2
578.5	57.2
578.7	54
579.1	50.9
579.1	50.9
579.1	47.7
579.2	46.1
579.3	43.8
579.4	43
579.6	42.2
580.1	43
580.2	46.1
580.3	50.1
580.7	54
581	61.2
581.2	65.9
581.3	68.3
581.6	68.3
581.7	64.3
581.7	63.5
581.8	58.8
581.9	57.2
582.2	58
582.4	57.2
582.4	57.2
582.5	52.5
582.6	49.3
582.6	44.6
582.8	41.4
582.9	39.8
583.2	41.4
583.2	46.1
583.4	51.7
583.4	52.5
583.5	56.4
583.7	61.2
584.1	62.7
584.1	55.6
584.1	50.1
584.1	50.1
584.1	46.1
584.1	41.4
584.1	38.2
584.2	37.4
584.3	36.6
584.6	34.3
584.9	35.9
585	39
585.1	39
585.5	39
585.7	38.2
585.9	36.6
585.9	35.9
586.2	36.6
586.2	37.4
586.2	42.2
586.5	44.6
586.8	41.4
587	39.8
587.3	39.8
587.5	42.2
587.8	45.3
588	49.3
588	49.3
588.4	49.3
588.4	44.6
588.5	43
588.5	40.6
588.7	38.2
589	42.2
589.4	41.4
589.7	39
590	36.6
590.1	36.6
590.2	34.3
590.3	32.7
590.7	31.9
591.6	31.9
591.7	35.1
591.7	35.9
592.2	38.2
592.2	39
592.2	41.4
592.3	43
592.3	46.1
592.4	47.7
592.4	47.7
592.7	54
592.9	54.8
593.2	56.4
593.3	54
593.3	51.7
593.6	54
593.7	55.6
594	54
594.2	58
594.2	61.2
594.3	63.5
594.6	68.3
594.7	71.4
594.7	73
595	74.6
595.3	85.7
595.5	90.4
596.1	92
596.2	93.6
596.6	94.4
596.7	89.6
597	85.7
597	79.3
597.2	75.4
597.2	75.4
597.6	81.7
597.6	89.6
597.8	95.9
597.9	97.5
598.1	101.5
598.1	103
598.5	99.1
598.6	99.1
598.5	92
598.5	90.4
598.5	85.7
598.5	84.9
598.5	81.7
598.7	79.3
598.8	79.3
599.1	79.3
599.2	79.3
599.4	80.9
599.4	81.7
599.4	81.7
599.5	88.8
599.6	95.9
599.6	99.1
599.7	111.7
599.8	113.3
599.8	114.1
599.9	117.3
599.9	118.9
600.3	117.3
600.3	108.6
600.4	98.3
600.4	96.7
600.5	90.4
600.5	87.2
600.5	82.5
600.4	72.2
600.3	68.3
600.3	66.7
600.3	61.9
600.7	56.4
600.8	52.5
600.7	49.3
600.7	42.2
600.7	35.1
600.7	30.3
601.1	29.5
601.3	33.5
601.4	36.6
601.8	39.8
601.9	40.6
602	43
602.1	49.3
602.2	53.2
602.3	60.4
602.3	60.4
602.4	63.5
602.5	65.9
602.6	67.5
602.7	69.1
602.7	69.8
602.7	68.3
602.9	50.9
603	46.9
603.5	59.6
603.4	73
603.4	73.8
603.4	80.9
603.4	88.8
603.4	89.6
603.5	101.5
603.6	105.4
603.6	111
603.7	118.9
603.7	119.6
603.8	122
603.8	124.4
603.9	126
604.1	127.6
604.2	122
604.2	111
604.2	111
604.5	99.9
604.5	92.8
604.5	92
604.5	82.5
604.5	80.9
604.5	75.4
604.5	69.1
604.5	60.4
604.6	52.5
604.7	44.6
604.7	39
604.7	38.2
605.3	42.2
605.4	46.9
605.5	46.1
605.7	44.6
605.7	44.6
605.9	53.2
606.2	64.3
606.4	65.9
606.6	61.9
606.8	58.8
607.2	61.9
607.2	73.8
607.2	84.9
607.2	85.7
607.3	89.6
607.3	91.2
607.7	102.3
607.8	102.3
607.9	102.3
608.2	102.3
608.4	97.5
608.5	94.4
608.5	91.2
608.8	89.6
609.1	88.8
609.3	93.6
609.3	93.6
609.5	97.5
609.9	99.1
609.9	99.1
610.4	96.7
610.6	91.2
610.6	91.2
610.8	87.2
610.8	87.2
611.1	93.6
611.2	106.2
611.2	108.6
611.3	108.6
611.3	108.6
611.5	99.1
611.7	94.4
611.8	98.3
611.9	104.6
612	113.3
612	115.7
612	118.1
612.1	120.4
612.2	120.4
612.2	119.6
612.4	113.3
612.5	112.5
612.6	112.5
612.8	118.1
612.9	118.9
613	119.6
613.3	112.5
613.4	110.2
613.5	112.5
613.6	116.5
613.7	118.1
613.8	118.1
614.1	110.2
614.3	110.2
614.4	114.1
614.5	114.9
614.7	111.7
614.9	111.7
615.1	113.3
615.2	114.9
615.6	114.1
615.7	109.4
616.1	103
616.2	97.5
616.6	98.3
616.6	103.8
616.6	103.8
617.4	103
617.6	109.4
617.6	115.7
617.7	116.5
617.8	118.1
618	118.1
618.2	110.2
618.6	111.7
618.8	111.7
619.1	114.9
619.1	114.9
619.3	107.8
619.4	101.5
619.4	96.7
619.3	76.2
619.4	66.7
619.5	58
619.5	54.8
619.5	50.1
619.7	46.9
620.1	37.4
620.1	36.6
620.1	36.6
620.1	35.1
620.1	31.9
620.3	26.4
620.5	23.2
620.5	23.2
620.5	22.4
620.6	21.6
620.8	20.8
621.1	20.8
621.4	19.3
621.8	19.3
622.1	19.3
622.4	19.3
622.8	20
622.9	20
623.4	22.4
623.4	22.4
623.6	24
623.6	25.6
623.6	30.3
623.8	31.9
623.8	34.3
623.9	38.2
624.1	43.8
624.3	47.7
624.4	52.5
624.6	54.8
624.7	56.4
624.9	48.5
624.9	45.3
624.9	44.6
625.1	42.2
625.2	40.6
625.4	44.6
625.6	51.7
625.6	52.5
625.7	56.4
626	61.9
626	63.5
626.1	66.7
626.1	70.6
626.3	75.4
626.4	75.4
626.6	73.8
626.6	67.5
626.6	67.5
626.7	61.2
626.8	59.6
626.9	54.8
627	54
627.2	54
627.4	61.2
627.7	69.1
627.7	65.9
627.8	63.5
628.2	65.9
628.7	68.3
628.9	72.2
628.9	72.2
628.9	76.2
629.1	75.4
629.3	73.8
629.4	69.1
629.4	69.1
629.5	68.3
629.9	69.1
630.1	66.7
630.5	61.2
630.7	65.1
630.7	68.3
630.7	69.8
630.8	70.6
631.2	69.1
631.2	66.7
631.3	64.3
631.6	63.5
631.7	63.5
632	67.5
632	70.6
632.2	75.4
632.4	78.5
632.4	79.3
632.6	80.1
632.9	80.1
633.3	76.2
633.4	76.2
633.6	73
633.7	67.5
633.6	63.5
633.8	62.7
634	64.3
634.1	71.4
634.3	76.2
634.4	77
634.5	77
634.6	73
634.6	68.3
634.7	65.1
634.7	65.1
634.7	61.9
634.7	60.4
635	63.5
635.2	65.9
635.2	66.7
635.5	68.3
635.7	66.7
635.7	65.1
635.7	62.7
635.8	60.4
636.3	61.2
636.5	65.9
636.5	70.6
636.6	73.8
636.7	74.6
636.7	77
636.9	81.7
637	88
637	92.8
637.1	93.6
637.4	92
637.5	86.4
637.6	84.9
637.8	80.1
638.1	75.4
637.9	72.2
638	72.2
638	80.1
638.4	82.5
638.5	82.5
638.6	77.8
638.6	73.8
638.7	69.1
638.9	68.3
639.3	73.8
639.4	80.9
639.5	85.7
639.5	87.2
639.5	89.6
639.5	93.6
639.9	94.4
639.9	94.4
640.1	92
640.2	88
640.2	84.9
640.4	81.7
640.4	80.9
640.4	79.3
640.5	76.2
640.7	70.6
640.9	65.9
640.9	64.3
641.1	61.9
641.3	61.9
641.8	65.1
641.8	65.9
641.8	70.6
642.2	72.2
642.3	73.8
642.8	81.7
642.8	90.4
643	92
643	92
643.1	97.5
643.2	107.8
643.2	118.1
643.2	118.9
643.4	124.4
643.4	129.1
643.4	130.7
643.6	137
643.8	133.1
644	131.5
644.1	123.6
644.4	120.4
644.5	119.6
644.5	118.1
645	118.1
645.4	121.2
645.3	126
645.6	127.6
646.1	126
646.1	124.4
646.1	118.9
646.6	120.4
646.6	122.8
646.8	126.8
647.2	124.4
647.2	118.9
647.2	118.1
647.1	112.5
647.3	105.4
647.3	103
647.6	87.2
647.7	80.1
648	72.2
648.2	71.4
648.6	78.5
648.6	80.9
648.8	88.8
648.9	89.6
649.1	90.4
649.3	90.4
649.5	88
649.7	84.1
649.7	83.3
649.7	80.1
649.7	75.4
650.1	65.9
650.1	65.1
650.3	64.3
650.7	69.1
650.7	69.8
650.9	76.2
650.9	76.2
651.1	81.7
651.2	82.5
651.3	82.5
651.3	82.5
651.5	82.5
651.6	82.5
651.7	81.7
652	81.7
652	82.5
652.1	84.9
652.7	82.5
652.7	78.5
652.7	76.2
653	73.8
653	72.2
653.1	68.3
653.2	62.7
653.5	66.7
653.6	75.4
653.7	77.8
653.9	83.3
653.9	85.7
654.1	84.9
654.2	78.5
654.4	73
654.4	68.3
654.4	59.6
654.4	58.8
654.4	52.5
654.4	51.7
654.5	47.7
654.7	42.2
654.9	41.4
655.1	49.3
655.3	55.6
655.5	61.9
655.5	67.5
655.8	71.4
655.9	71.4
656.1	72.2
656.2	72.2
656.3	61.2
656.4	61.2
656.6	55.6
656.6	50.9
656.8	51.7
656.8	54
656.9	54
657.1	52.5
657.2	49.3
657.4	46.1
657.5	42.2
657.8	42.2
657.8	43
658.4	41.4
658.5	43.8
658.6	49.3
658.8	51.7
658.9	49.3
659	46.9
659.2	46.9
659.4	50.1
659.5	51.7
659.7	49.3
659.7	48.5
659.9	45.3
659.9	41.4
660	40.6
660.1	39.8
660.1	36.6
660.4	34.3
660.6	34.3
660.6	35.9
660.8	33.5
660.8	30.3
660.9	28.7
661.1	26.4
661.4	24.8
661.6	24.8
661.6	25.6
661.8	26.4
662	30.3
662.2	32.7
662.7	33.5
662.8	32.7
662.9	31.1
663	30.3
663.4	34.3
663.6	36.6
663.9	31.9
664	29.5
664.2	30.3
664.6	35.1
664.7	41.4
664.7	43.8
664.9	46.1
665.1	48.5
665.1	61.2
665.1	62.7
665.2	73
665.3	74.6
665.5	78.5
665.6	81.7
665.8	85.7
665.9	89.6
666.1	97.5
666.1	101.5
666.2	101.5
666.3	99.9
666.3	88.8
666.3	85.7
666.4	74.6