25.7	59.8
25.8	60.4
25.9	60.6
26.1	60.1
26.1	60.1
26.3	59.3
26.3	59
26.5	58.2
26.5	58.2
26.6	58.2
26.6	58.7
26.7	59.5
26.7	59.8
26.7	60.4
26.7	61.5
26.8	61.7
26.9	61.7
27	61.7
27	61.5
27.3	61.7
27.4	63.1
27.7	63.9
28	64.5
28.4	66.7
28.4	67.2
28.6	68
28.6	68.6
28.6	69.7
28.6	70.2
28.7	70.2
28.8	70.2
29	70.8
29.2	73.2
29.2	74.9
29.2	74.9
29.2	76.8
29.1	79.5
29.2	80.9
29.3	81.7
29.5	82
29.7	81.7
29.8	81.4
29.8	80.6
30.2	80.6
30.3	81.4
30.4	81.7
30.7	82.8
30.7	82.8
30.9	82.5
31	82
31.1	83.3
31.2	83.6
31.2	83.9
31.3	83.1
31.4	81.7
31.5	80
31.7	80
31.7	80
32.1	82.2
32.1	83.6
32.1	83.6
32.1	83.6
32.4	82.5
32.4	82.2
32.4	81.7
32.5	80.6
32.7	81.1
32.8	81.4
32.9	80.6
32.9	79.5
33	79.2
33.3	78.7
33.3	80.3
33.4	82
33.6	83.6
33.8	83.6
33.8	83.3
33.9	83.1
34	84.4
34.2	85.8
34.3	86.9
34.3	87.2
34.4	87.4
34.4	87.2
34.4	85.5
34.5	85.2
34.5	84.1
34.5	83.3
34.6	82.2
34.6	81.1
34.7	80
34.9	79.2
35.2	80.6
35.3	81.4
35.3	80.3
35.5	79.2
35.7	78.7
35.9	78.1
36.2	79.5
36.2	79.5
36.2	79
36.3	77.9
36.4	75.9
36.6	75.9
36.7	78.7
36.9	79.8
36.9	79.8
37	80
37.1	79.2
37.3	79.5
37.3	79.2
37.4	78.4
37.4	77.9
37.5	77
37.7	77.6
37.8	79.2
38.1	80.3
38.2	80.9
38.3	82
38.4	83.6
38.4	84.1
38.4	85.8
38.5	86.3
38.6	86.3
38.7	85
38.9	84.7
38.9	85
39	85.8
39	85.8
39.1	84.7
39.2	83.6
39.2	82.8
39.3	82.8
39.3	82.5
39.5	83.1
39.5	83.3
39.5	83.9
39.7	83.9
39.8	83.3
40	83.9
40	84.1
40	84.7
40.1	85
40.2	84.7
40.4	84.7
40.5	86.6
40.5	87.4
40.8	88.5
40.8	88.8
40.8	89.1
40.9	89.1
41	88.2
41.2	88
41.2	87.7
41.2	86.1
41.3	85.2
41.4	83.9
41.4	82.8
41.6	81.7
41.6	82
41.8	83.6
42	84.1
42.1	84.4
42.2	85
42.2	83.3
42.2	83.1
42.3	82
42.5	81.7
42.5	81.7
42.8	82
43	82.8
43	85
43	86.6
43.2	86.9
43.3	86.6
43.4	86.6
43.5	86.9
43.6	86.3
43.8	85.5
43.9	84.7
44	84.4
44	84.4
44	84.4
44.2	85
44.3	85.2
44.4	86.1
44.4	86.6
44.6	86.3
44.6	85.8
44.8	85.5
45	85.5
45.1	85
45.3	83.9
45.3	83.9
45.4	83.3
45.6	83.1
45.7	82.8
45.8	82
45.9	81.1
45.9	80.9
46	80.3
46.1	79.5
46.1	79.5
46.2	78.7
46.3	78.4
46.3	78.1
46.4	77.6
46.5	77.3
46.6	77
46.7	77
46.9	77
47	76.5
46.8	78.7
47	79.2
47.2	78.1
47.3	77.6
47.3	77.6
47.4	77.3
47.5	77
47.6	76.8
47.6	76.8
47.8	77
47.8	77.3
48	78.4
48	79
48.3	81.4
48.5	82
48.6	82.5
48.7	83.9
48.8	85
48.8	85.2
48.9	83.9
48.9	82.8
48.9	82.5
49	82.5
49.1	82.2
49.2	82
49.3	81.7
49.4	81.7
49.4	81.7
49.6	81.4
49.9	81.1
50.1	80.9
50.1	80.3
50.2	79.5
50.2	79.5
50.3	80
50.3	81.7
50.4	82.5
50.5	82
50.6	81.4
50.7	80.6
50.7	80.6
50.7	80.3
50.7	80.3
50.9	80.3
51	79.2
51.2	78.1
51.2	77.9
51.3	77.6
51.5	77.9
51.7	78.7
51.9	78.7
51.9	77.9
52	77.9
52.2	79
52.2	79.2
52.3	80.6
52.3	81.1
52.4	81.4
52.4	81.4
52.5	81.1
52.6	81.1
52.7	81.7
52.9	82.8
52.9	83.1
53	82
53.1	80
53.1	78.7
53.3	77
53.3	77
53.4	76.8
53.4	77.6
53.5	78.4
53.6	79.8
53.7	80.6
54	81.4
54	81.7
54	82.5
54.1	83.9
54.1	84.7
54.3	85.2
54.3	86.6
54.4	87.2
54.5	85.2
54.5	85
54.6	83.1
54.6	81.7
54.8	81.4
54.8	80.6
54.8	79.8
54.9	79.5
55.1	78.1
55.2	77.9
55.2	77.3
55.3	77.3
55.5	77
55.7	77.9
56	78.7
56	77.9
56.1	77.6
56.1	77
56.2	75.9
56.5	74.3
56.5	73.2
56.8	72.9
56.8	72.9
57	74
57	74.6
57.1	75.1
57.3	76.5
57.5	76.8
57.6	75.7
57.7	75.4
57.9	75.9
58.1	77
58.2	77.3
58.2	75.9
58.2	75.4
58.3	75.1
58.3	74.3
58.4	72.7
58.6	71.3
58.7	71
58.9	72.1
59	73.8
59.2	73.8
59.3	73.8
59.3	73.5
59.4	73.8
59.4	74.6
59.5	76.5
59.5	78.1
59.5	80.9
59.6	81.7
59.8	82.8
59.8	83.1
59.9	83.9
60	83.9
60	83.9
60.2	82.8
60.2	82.2
60.4	84.4
60.5	84.4
60.5	84.7
60.7	84.4
60.8	83.3
60.8	83.3
60.9	84.7
60.9	85
61.2	83.9
61.4	83.1
61.5	82
61.6	81.1
61.6	80.3
61.6	79.5
61.7	79
61.9	78.7
61.9	79
61.9	80.3
62	82.2
62.1	82.5
62.2	82.5
62.3	82.2
62.3	82.8
62.4	84.4
62.4	84.7
62.5	85
62.7	84.7
62.7	83.3
62.8	82
62.9	81.4
63	81.4
63	81.4
63	82.2
63.2	83.3
63.3	83.6
63.3	83.6
63.4	83.3
63.4	82.2
63.6	80
63.6	80
63.8	79.2
64	77.6
64	76.8
64.1	75.7
64.1	74.6
64.1	73.2
64.1	73.2
64.2	71.8
64.2	71.3
64.2	70.5
64.3	70.5
64.4	70.2
64.5	70.5
64.5	72.1
64.8	73.8
64.9	73.5
65.1	71.8
65.2	70.5
65.2	70.5
65.4	71
65.6	72.9
65.8	75.1
66	75.9
66	75.9
65.9	74.3
66.2	73.8
66.4	73.2
66.6	73.5
66.6	73.8
66.6	75.4
66.6	75.7
66.9	77.6
67.1	78.1
67.1	78.7
67.1	79.8
67.2	80
67.3	78.7
67.6	79.5
67.7	80.6
67.9	80.9
68	80
68	79.2
68.2	80.3
68.2	80.6
68.3	80.6
68.3	79.8
68.4	79
68.6	80
68.6	80.6
68.8	80.6
68.8	80.6
68.9	80.3
68.9	80.3
69.1	79.5
69.4	79
69.4	79.5
69.5	80.3
69.5	81.4
69.7	82.2
69.9	82.2
69.9	82.2
69.9	80.9
69.9	79.5
69.9	79.2
70	79
70.1	78.7
70.2	77.9
70.3	76.2
70.4	75.7
70.3	75.7
70.5	75.7
70.6	74.3
70.6	74
70.6	73.2
70.6	71.8
70.8	70.8
71	69.7
71	69.7
71.3	69.4
71.3	69.4
71.4	70.2
71.4	70.5
71.4	71.6
71.8	71.6
72.1	72.9
72.4	73.8
72.5	73.2
72.5	72.4
72.6	73.5
72.6	75.7
72.6	76.2
72.7	77.6
72.7	78.1
72.8	79
73.1	80.9
73.2	81.7
73.2	82
73.2	82
73.3	82
73.4	82
73.5	81.1
73.5	80
73.6	78.7
73.7	79.2
73.9	79.5
73.9	78.4
73.9	78.1
73.9	77.6
74	77
74.1	76.8
74.2	76.2
74.4	75.9
74.5	75.7
74.7	76.2
74.7	76.5
74.9	78.1
74.9	78.1
74.9	79
75	79.2
75.1	79.5
75.1	79.8
75.1	80
75.2	80.9
75.2	81.4
75.4	82
75.4	82.2
75.4	82.8
75.5	83.1
75.5	83.6
75.5	84.4
75.5	85.5
75.6	85.8
75.6	86.1
75.6	86.6
75.6	86.9
75.5	88.2
75.7	89.6
75.7	89.6
75.7	88.5
75.8	88.2
76	87.4
76	86.6
76.2	85.8
76.2	84.1
76.2	83.6
76.3	83.1
76.4	82.5
76.5	82
76.5	81.4
76.7	81.7
76.7	83.1
76.9	84.1
76.9	85
77.3	86.1
77.4	86.9
77.4	86.9
77.4	86.6
77.4	86.6
77.5	85.2
77.5	85
77.5	84.7
77.6	83.9
77.6	83.3
77.8	82.8
77.9	82
78.1	81.4
78.1	81.4
78.1	80.9
78.1	80.3
78.3	81.1
78.4	82.2
78.5	82
78.6	82
78.7	82.5
78.7	83.1
78.7	83.9
78.8	84.1
78.9	83.1
79	83.9
79.1	83.6
79.3	83.3
79.3	83.3
79.3	84.4
79.3	84.7
79.6	85.8
79.6	85.5
79.5	85
79.5	84.1
79.5	84.7
79.5	85.5
79.7	85.8
79.8	85.2
79.8	84.7
79.9	85.2
80	85.8
80	86.6
80.1	85.5
80.1	85.2
80.1	84.7
80.2	84.7
80.3	85
80.4	85.8
80.6	86.3
80.8	87.2
80.8	87.2
80.8	87.4
81	87.7
81	87.4
81.1	86.6
81.1	86.3
81.2	86.9
81.4	87.2
81.4	87.4
81.5	87.4
81.5	87.7
81.8	87.7
81.8	87.2
81.8	85.8
81.8	85.5
81.8	84.7
82	83.9
82.1	82.8
82.3	82.5
82.3	82.8
82.3	84.1
82.3	85.2
82.3	86.6
82.3	88
82.4	88.8
82.5	89.1
82.6	89.1
82.7	88.2
82.8	87.2
82.8	86.6
82.8	85.5
82.8	84.4
82.8	83.9
82.9	83.1
82.9	83.1
83	82.5
83.2	81.7
83.3	81.1
83.3	80.9
83.4	80
83.5	79.8
83.6	79
83.6	78.4
83.8	78.1
83.8	77.9
83.9	77
84	77.3
84	77.9
84.1	78.7
84.1	80.3
84.2	82
84.2	82.2
84.2	82.8
84.2	82.8
84.3	82.8
84.5	82.8
84.5	81.7
84.6	80.9
84.7	80
84.7	79.8
84.7	78.7
84.8	77.9
84.8	77.6
84.9	77
84.9	77
85	76.5
85.2	76.5
85.3	77.3
85.4	78.1
85.5	79
85.5	80
85.5	80
85.5	81.1
85.7	81.4
85.8	81.4
86	82.2
86.1	83.3
86.1	83.3
86.2	83.3
86.2	82.5
86.3	81.4
86.4	81.1
86.5	81.4
86.7	81.7
86.7	82
86.9	82.2
87	82.2
87	82.5
87.3	83.3
87.4	84.1
87.4	85.2
87.5	85.2
87.7	84.4
88	83.9
88.1	84.4
88.1	85.8
88.1	86.1
88.4	87.4
88.4	88
88.5	88
88.6	86.6
88.6	86.6
88.7	84.7
88.8	83.1
88.9	82.2
89.1	81.4
89.3	82.5
89.4	82.8
89.5	82.8
89.5	82
89.6	80.3
89.7	79.8
89.8	79.8
89.9	79
90.1	78.4
90.1	79
90.2	80
90.3	81.1
90.4	82.2
90.4	82.5
90.5	82.8
90.6	83.9
90.7	84.7
90.7	85.2
90.7	85.2
90.8	86.1
90.9	85.8
91	84.7
91.1	82.5
91.1	81.1
91.2	79.8
91.2	79.5
91.2	79
91.3	78.1
91.4	77
91.5	77
91.6	78.7
91.6	80.3
91.6	80.3
91.6	81.7
91.7	82.8
91.8	84.1
91.8	84.7
92	85.2
92.1	85.2
92.1	85.2
92.2	85.2
92.5	84.1
92.5	82.5
92.6	83.9
92.6	84.4
92.6	84.4
92.6	85.8
92.9	86.3
92.9	85.5
93	83.6
93.2	82
93.3	80.9
93.4	80
93.6	79.2
93.5	78.7
93.5	77.6
93.6	76.5
93.6	76.5
93.7	75.7
93.8	74.9
93.9	74.6
94	75.4
94	75.7
94.1	76.2
94.2	77.9
94.4	79.2
94.5	80
94.5	80.3
94.7	82
94.9	81.4
94.9	82.2
94.9	83.1
95.1	83.9
95.2	85.5
95.2	85.8
95.2	85.8
95.3	85.2
95.4	83.3
95.4	82.5
95.6	80.9
95.6	82
95.6	82.2
95.7	83.1
95.8	82
95.9	80.6
95.9	80
96.3	79.5
96.7	78.7
97	79
97.1	78.1
97.3	76.8
97.4	77
97.4	77.9
97.4	78.7
97.5	80
97.5	82
97.5	83.3
97.5	83.6
97.5	83.9
97.5	84.7
97.6	85.2
97.8	85.8
97.8	86.3
98	86.6
98.1	85
98.1	84.1
98.1	84.1
98.1	83.9
98.2	83.3
98.2	83.6
98.3	84.4
98.4	84.7
98.4	85
98.7	84.1
98.7	84.1
98.7	84.7
98.7	85
98.8	85.2
98.9	85.5
99	84.1
99	83.3
99.1	82.2
99.1	82.2
99.2	81.4
99.3	80.9
99.3	80.9
99.4	80.9
99.6	80.9
99.6	80.9
99.7	81.7
99.7	82
99.8	82
99.8	82
99.8	82.5
99.9	83.3
99.9	83.6
99.9	84.1
99.9	84.7
99.9	85.5
99.9	86.3
99.9	86.6
99.9	86.9
100	87.2
100.1	87.4
100.1	87.7
100.1	88.5
100.2	88.5
100.4	88.5
100.5	88.2
100.5	87.7
100.5	87.4
100.6	87.7
100.6	88.5
100.6	88.5
100.8	87.2
100.8	86.6
100.9	85.8
101	85
101	85
101.1	85
101.2	85
101.2	85.8
101.3	86.6
101.3	87.2
101.3	88
101.4	89.1
101.4	89.1
101.5	89.9
101.5	90.4
101.7	90.4
101.7	90.2
101.8	89.6
101.9	88.5
101.9	87.2
102.3	87.2
102.4	88
102.4	88
102.4	88
102.5	86.3
102.5	84.4
102.5	82.5
102.6	82
102.7	81.1
102.9	79.5
102.9	78.7
103	78.7
103	79.5
103.1	80.9
103.2	82.8
103.2	82.8
103.2	83.9
103.4	85.8
103.4	86.6
103.4	87.4
103.4	87.7
103.4	88.2
103.4	88.8
103.4	89.1
103.5	89.9
103.6	90.4
103.6	91.8
103.6	92.1
104	93.7
104.2	91.8
104.2	91.3
104.2	91
104.1	90.4
104.1	91
104.1	91.5
104.1	91.8
104.4	91.8
104.5	90.2
104.5	87.4
104.6	87.2
104.7	84.4
104.7	83.6
104.7	82.8
104.8	81.7
104.8	80.3
105	79.5
105.1	80
105.2	81.7
105.2	82
105.2	82.8
105.2	83.9
105.5	82.8
105.5	82.5
105.9	82
105.9	82.2
105.9	83.1
106	85
106	86.1
106	86.6
106.2	87.4
106.2	88
106.2	88.8
106.3	89.1
106.3	89.3
106.6	89.3
106.6	89.9
106.6	91.3
106.6	91.5
106.6	91.5
106.7	91.8
106.8	90.7
107	89.3
107.1	89.1
107.4	89.3
107.5	90.4
107.5	90.7
107.6	91.3
107.7	91.3
107.8	90.7
107.8	90.4
107.9	89.3
108.1	88.8
108.2	88
108.3	86.9
108.5	85.8
108.6	84.7
108.8	83.1
108.8	83.3
108.8	83.9
108.9	85.5
109	86.6
109.2	88
109.2	88
109.2	88.5
109.2	90.2
109.2	90.7
109.2	91
109.3	91.8
109.3	92.1
109.4	92.6
109.5	94.3
109.6	94.5
109.7	95.4
109.8	95.9
109.9	95.9
109.9	95.6
110	94.3
110	94
110.2	92.6
110.3	91
110.3	89.1
110.4	88.5
110.5	87.7
110.6	86.6
110.6	85.8
110.7	85
110.9	84.4
111	84.7
111.1	85.8
111.2	87.2
111.3	88
111.1	86.3
111.2	88.2
111.2	88.8
111.4	89.6
111.4	89.6
111.5	89.6
111.6	89.3
111.7	88
112.1	86.9
112.1	87.2
112.2	90.2
112.2	90.7
112.2	91.3
112.3	92.1
112.5	93.2
112.6	93.7
112.6	94.3
112.7	94.8
112.7	95.4
112.8	93.7
112.9	93.4
113	93.4
113.1	92.9
113.2	91
113.5	89.6
113.5	89.3
113.5	88.2
113.5	87.4
113.7	85.8
113.8	84.7
113.9	84.4
114	82.8
114.2	81.4
114.2	80.6
114.3	80.3
114.4	81.1
114.4	83.6
114.4	85.5
114.5	86.9
114.5	88.2
114.5	89.3
114.7	90.2
114.7	90.4
114.8	91.3
114.8	91.8
115.1	93.4
115.2	93.7
115.2	94
115.2	94.5
115.2	94.8
115.3	94.8
115.3	94.8
115.5	94.8
115.5	94.8
115.5	94.8
115.7	93.4
115.7	92.9
115.8	92.9
115.8	93.2
115.8	93.4
115.9	93.4
115.9	93.4
116.2	93.2
116.3	91.5
116.4	90.4
116.4	91.3
116.4	92.3
116.4	92.3
116.4	92.6
116.6	93.2
116.6	93.4
116.6	93.7
116.7	94.8
116.7	95.6
116.9	95.9
117	96.2
117	96.4
117.1	96.7
117.1	97.3
117.2	97.3
117.3	97.3
117.4	96.4
117.5	95.1
117.6	94.3
117.7	94.3
117.8	94.3
117.8	94.5
117.8	94.5
117.8	94.5
117.8	95.1
117.8	95.1
117.8	95.4
118	95.4
118	95.1
118	95.4
118.1	95.6
118.1	95.9
118.1	95.9
118.2	96.2
118.2	96.2
118.3	95.4
118.4	94.5
118.5	94
118.6	92.9
118.7	91.8
118.9	90.4
119	91.3
119	91.5
119	92.9
119	93.2
119.1	94.3
119.1	95.9
119.1	95.9
119.3	97
119.4	97.3
120	98.6
119.5	97.5
119.8	98.4
119.9	96.4
120	95.4
120.2	94
120.2	93.2
120.3	92.9
120.3	92.3
120.4	91.8
120.5	90.2
120.5	90.2
120.6	89.1
120.6	88.8
120.9	87.4
121	88
121.1	89.3
121.2	90.2
121.2	90.4
121.3	91.3
121.3	91.8
121.3	92.3
121.3	92.9
121.4	92.6
121.4	92.1
121.5	90.7
121.5	89.6
121.6	89.3
121.7	88.5
121.7	88
121.7	87.2
121.7	86.9
121.8	86.6
122	86.9
122.2	87.2
122.2	86.6
122.2	85.5
122.3	84.4
122.4	83.9
122.4	82.8
122.5	83.3
122.5	83.6
122.5	83.6
122.7	84.7
122.8	85
122.8	84.1
122.8	84.1
122.9	83.1
122.9	82
122.9	82
123	81.7
123.1	80.3
123.1	79.5
123.2	78.7
123.3	80.6
123.3	80.9
123.5	80.6
123.6	81.1
123.6	82.8
123.7	83.6
123.9	84.7
123.9	85.5
123.9	86.1
124	86.6
124.1	87.4
124.3	87.7
124.4	88.2
124.4	89.1
124.5	89.3
124.6	89.6
124.7	90.2
124.7	90.4
124.8	90.7
124.9	90.4
124.9	89.3
125	88.8
125	88.8
125	88.8
125	89.1
125.2	90.4
125.2	90.7
125.2	91
125.2	91.3
125.4	92.1
125.4	92.6
125.5	93.7
125.6	91
125.6	89.9
125.6	89.1
125.6	88.8
125.7	88.2
125.9	87.4
125.9	86.9
125.9	86.6
125.9	86.1
125.9	85.5
125.9	85
125.9	83.6
126	83.1
126.2	83.6
126.2	83.9
126.3	84.7
126.5	85
126.5	85.2
126.6	85.5
126.6	85.5
126.6	85.5
126.7	85
126.7	84.7
126.7	84.1
126.7	83.3
126.8	82.5
126.9	82.2
127	81.7
127.1	81.7
127.3	83.1
127.3	83.3
127.3	84.1
127.4	85.2
127.6	86.6
127.6	86.9
127.7	86.6
127.8	85.8
127.9	85.5
128	86.1
128.1	86.9
128.2	86.3
128.2	86.1
128.2	85
128.4	84.4
128.4	83.9
128.6	83.9
128.7	85.5
128.7	85.5
128.7	86.9
128.7	87.4
128.7	88.5
128.7	89.6
128.8	91.8
128.8	92.3
129	94
129.2	97.3
129.2	97.3
129.2	98.1
129.2	100.3
129.2	101.1
129.1	102.7
129.1	103.8
129.1	103.8
129.2	104.1
129.3	105.5
129.5	108.7
129.5	109.6
129.5	109.6
129.7	110.9
129.8	111.5
129.9	111.2
130	109.8
130	106.3
130.1	101.9
130.1	99.2
130.2	96.7
130.2	93.2
130.3	90.4
130.3	87.4
130.3	87.2
130.3	85.5
130.5	83.3
130.6	81.7
130.6	80.9
130.8	80.3
130.9	79.5
130.9	79
130.9	78.7
130.9	78.4
131	77.6
131	76.2
131.1	75.4
131.2	75.4
131.2	75.9
131.4	77.3
131.4	77.9
131.4	78.1
131.4	78.7
131.4	79
131.8	77.6
131.9	76.8
131.9	76.8
132	78.7
132	79.8
132.1	80.9
132.2	81.7
132.4	81.4
132.4	80
132.5	79.8
132.5	79.2
132.6	78.7
132.8	78.1
132.8	77.3
132.8	77.3
132.9	77
133	77.9
133.1	80
133.1	80.6
133.1	82.2
133.1	82.5
133.1	83.6
133.2	83.9
133.3	85
133.5	85.5
133.5	86.6
133.5	87.7
133.8	88.5
133.9	88.5
134	87.2
134.1	86.6
134.2	87.2
134.3	86.6
134.4	85.5
134.4	84.1
134.5	82.2
134.5	80.6
134.5	80
134.5	80
134.6	81.1
134.7	82.2
134.7	82.8
134.7	84.1
134.8	86.3
135	86.9
135.1	88
135.1	88.2
135.2	89.6
135.2	90.2
135.3	90.7
135.3	90.7
135.3	90.7
135.5	91.3
135.5	92.1
135.6	92.6
135.7	92.9
135.7	92.3
135.9	92.6
136.1	93.2
136.1	91.5
136.2	90.7
136.2	90.4
136.2	90.4
136.4	90.4
136.4	90.4
136.5	90.7
136.5	91.5
136.6	92.3
136.6	92.6
136.7	93.4
136.8	94.5
136.9	95.6
136.9	95.6
136.9	97.3
137	97.8
137.3	97
137.3	96.4
137.5	95.4
137.6	93.7
137.6	91.8
137.7	91.5
137.7	90.7
137.7	89.1
137.7	87.7
137.8	86.9
137.8	86.6
137.9	86.3
138.1	87.4
138.3	88.8
138.4	89.6
138.6	90.7
138.7	91.5
138.9	92.9
139	93.2
139.1	94
139.1	94.3
139.2	94.3
139.3	93.4
139.5	91.8
139.5	91.5
139.5	91
139.7	91
139.8	91.5
139.8	92.9
139.9	94
140.1	93.2
140.4	92.9
140.4	92.9
140.5	93.2
140.5	94
140.7	95.1
140.8	95.1
141	95.1
141.1	95.4
141.1	95.4
141.1	96.4
141.2	96.7
141.3	96.7
141.4	95.9
141.4	95.6
141.6	96.4
141.6	96.7
141.7	97
141.8	97
141.9	95.6
141.9	94
141.9	93.4
141.9	92.9
141.9	91.5
141.9	91
142.1	90.7
142.2	90.7
142.2	90.7
142.5	91.8
142.6	92.3
142.6	92.6
142.6	92.6
142.6	93.2
142.8	94
142.8	94.8
142.8	95.4
142.8	95.6
142.8	95.6
143	95.1
143.1	94.3
143.2	94.3
143.2	94.8
143.2	95.9
143.2	96.4
143.2	96.7
143.2	97
143.2	97.8
143.4	98.4
143.5	99.2
143.5	99.5
143.6	100.3
143.9	98.9
144	98.6
144	98.4
144.2	96.7
144.2	94
144.2	92.6
144.2	91
144.2	89.9
144.2	89.1
144.3	88.2
144.4	88
144.5	87.7
144.6	89.3
144.6	89.6
144.7	90.7
144.9	92.1
145	94
145.3	94.8
145.4	94.8
145.4	94.8
145.4	95.4
145.6	97
145.6	97.5
145.8	97.8
145.9	99.7
146	101.1
146	101.4
146.1	100.5
146.1	98.4
146.3	96.2
146.3	95.9
146.3	94.8
146.3	94.5
146.3	94
146.4	93.2
146.5	92.9
146.6	93.2
146.7	94.3
146.7	93.7
146.8	93.2
146.9	93.2
147	92.6
147.1	92.1
147.1	92.1
147.1	91.3
147.3	90.2
147.4	89.3
147.5	88.8
147.5	88.5
147.6	88.5
147.7	89.3
147.9	90.2
148	90.7
148.4	92.3
148.4	92.3
148.4	91.5
148.4	90.4
148.4	89.6
148.4	89.1
148.5	89.1
148.6	89.1
148.7	89.1
148.7	89.1
148.8	89.1
148.9	89.1
149	88.5
149.1	88
149.2	88
149.2	87.7
149.2	88.8
149.2	90.2
149.2	90.4
149.2	91.3
149.3	92.6
149.4	93.4
149.5	94.3
149.6	94.5
149.6	95.1
149.7	95.4
149.7	95.6
149.8	95.9
149.8	96.4
149.9	96.7
149.9	97
149.9	97
150.2	97.3
150.2	97.5
150.2	97.8
150.2	97.8
150.3	97.8
150.3	96.4
150.4	95.6
150.4	94.8
150.4	94
150.5	93.2
150.5	93.2
150.5	92.6
150.6	92.1
150.6	91.8
150.6	91.8
150.6	91.5
150.6	91
150.7	90.4
150.9	90.7
151	92.6
151.1	93.7
151.2	94.5
151.2	94.5
151.2	95.6
151.3	96.7
151.5	98.6
151.6	99.5
151.7	98.6
151.7	98.4
151.8	97
151.8	96.4
151.8	95.4
152	95.1
152	95.6
152.1	95.9
152.2	96.2
152.5	95.1
152.8	94.3
152.9	94.5
152.9	94.8
152.9	94.8
153.1	96.2
153.1	96.7
153.1	97.3
153.1	97.5
153.3	97.3
153.3	95.9
153.3	94.5
153.5	92.9
153.7	91.3
153.8	90.4
153.8	89.3
154.1	89.1
154.2	89.1
154.3	89.3
154.3	91
154.3	91.8
154.4	92.1
154.5	92.1
154.6	91.3
154.7	91.5
154.8	92.9
154.8	93.2
154.8	93.7
155	94.8
155	95.4
155.1	96.4
155.2	97.3
155.4	96.7
155.5	94.8
155.5	94.3
155.7	93.2
155.7	92.1
155.7	90.7
155.8	89.6
156.2	91.3
156.2	92.9
156.2	94.3
156.2	94.5
156.5	95.9
156.6	96.4
156.6	97.5
156.7	98.4
156.7	96.7
156.7	96.2
156.7	95.9
156.9	94.5
156.9	94
156.9	94.3
156.9	94.8
157.1	95.6
157.1	95.9
157.2	95.9
157.3	95.6
157.5	95.4
157.5	95.4
157.6	94.5
157.8	93.7
157.8	94.5
157.9	95.4
158.1	95.9
158.3	95.9
158.3	95.6
158.3	95.1
158.5	94
158.5	93.2
158.6	93.4
158.6	93.7
158.6	95.1
158.7	95.4
158.8	95.1
158.8	94.5
158.9	93.7
158.8	93.2
158.9	93.7
159	93.7
159.1	93.7
159.2	93.4
159.3	92.6
159.5	91.5
159.5	91.3
159.6	91
159.7	90.7
159.8	91
159.9	91.5
160	92.3
160	93.7
160	94.5
160.1	95.6
160.2	96.2
160.2	96.4
160.2	96.7
160.2	96.4
160.3	95.9
160.5	95.4
160.5	95.1
160.5	94.8
160.5	95.4
160.6	96.2
160.6	96.2
160.7	94.8
160.9	93.7
160.9	93.2
161	92.3
161.1	91.8
161.2	90.7
161.3	90.2
161.3	89.6
161.4	89.3
161.8	89.3
161.7	91.3
161.7	92.1
161.7	92.1
161.9	92.3
162	92.6
162.1	93.4
162.1	94.3
162	94.8
162	95.9
162.1	96.7
162.1	96.7
162.3	96.7
162.4	95.9
162.6	95.1
162.7	95.6
162.7	96.2
162.7	97.3
162.9	97.8
163	97.8
163.1	98.1
163.1	98.4
163.2	99.5
163.3	99.7
163.4	100
163.6	98.4
163.7	97.5
163.7	97.3
163.8	97
163.8	96.4
163.8	95.1
163.9	95.9
164	97.3
164.1	97.3
164.2	97.3
164.4	97.5
164.6	98.6
164.6	98.6
164.6	97.3
164.6	96.2
164.7	95.4
164.8	95.1
164.9	95.1
165	94.8
165	94.3
165	94
165.1	93.7
165.3	93.7
165.5	93.4
165.6	93.2
165.8	92.9
165.8	92.9
165.8	93.7
165.9	95.4
166	96.4
166.1	96.4
166.1	97
166.2	97.8
166.2	98.1
166.3	98.1
166.4	98.1
166.4	98.1
166.4	97.8
166.5	96.7
166.5	96.2
166.5	95.6
166.5	94.5
166.5	94.3
166.7	95.1
166.7	95.1
166.7	95.4
166.9	94.8
167.1	93.7
167.2	93.4
167.3	95.4
167.3	95.6
167.3	97
167.2	97.8
167.2	98.4
167.3	98.6
167.4	98.6
167.5	98.6
167.5	98.4
167.6	97.8
167.6	97.3
167.8	96.2
167.8	95.6
167.9	95.1
168	94
168	93.7
168	93.4
168.1	94.5
168.2	94.8
168.3	94.8
168.5	93.7
168.6	94.3
168.6	95.1
168.6	96.2
168.6	96.7
168.6	97
168.6	97
168.7	97
168.9	96.2
168.9	95.9
169	95.6
169.2	96.2
169.2	97.5
169.2	98.6
169.3	98.6
169.5	99.2
169.6	99.7
169.7	100.3
169.8	101.1
169.9	101.1
169.9	101.6
170	101.9
170	102.2
170.2	102.5
170.2	102.5
170.3	101.6
170.3	101.1
170.3	100.8
170.6	99.5
170.6	98.9
170.7	98.6
170.8	99.2
170.9	99.7
171	100
171.1	100.3
171.3	100
171.4	100
171.4	102.2
171.5	103.6
171.6	104.9
171.6	105.7
171.6	106.8
171.6	107.1
171.9	107.7
171.9	106.8
172	106.3
172.2	105.2
172.2	103.6
172.3	103.3
172.3	103
172.5	105.7
172.5	106.3
172.5	105.7
172.5	105.2
172.6	103.8
172.7	103.8
172.8	104.6
173	105.7
173.1	105.7
173.2	104.1
173.2	102.7
173.2	101.6
173.5	102.7
173.5	102.7
173.6	102.2
173.7	100.8
173.7	99.7
173.8	98.9
173.8	98.4
173.8	97.8
173.9	97.3
174	97
174.2	98.1
174.2	99.7
174.4	100.5
174.4	100.5
174.5	100.5
174.7	101.1
174.8	102.2
174.9	103
175	103.6
175.1	104.9
175.1	105.5
175.3	106.6
175.4	106.8
175.4	106.8
175.6	106.6
175.6	103.6
175.6	102.7
175.7	101.6
175.7	101.1
175.8	101.1
175.9	101.1
176.2	102.2
176.2	103.3
176.3	103.6
176.3	103.6
176.3	103.8
176.4	104.1
176.4	103.3
176.5	101.6
176.5	100
176.6	99.5
176.6	98.9
176.6	98.1
176.6	97.8
176.7	97
176.7	95.9
176.9	95.9
177	97.3
177.1	97.8
177.2	98.1
177.2	98.4
177.3	99.2
177.4	100
177.4	100.3
177.5	100.5
177.6	100.5
177.6	99.2
177.6	98.6
177.7	97.8
177.7	98.4
177.9	100
177.9	100.3
177.9	100.8
178	101.4
178	101.6
178.1	100.8
178.3	99.7
178.3	99.7
178.3	99.2
178.4	97.8
178.4	97.3
178.4	97.3
178.4	97
178.4	97
178.5	98.4
178.6	98.9
178.6	99.2
178.7	98.6
178.7	98.4
178.8	98.9
178.8	99.2
178.8	99.2
178.8	98.6
179	97.8
179	97
179	97
179.1	97
179.3	98.1
179.4	98.9
179.5	98.9
179.5	98.4
179.5	98.1
179.5	97.5
179.5	97
179.5	96.7
179.6	96.2
179.6	96.2
179.7	95.1
179.8	94.3
179.9	93.2
180	92.9
180.1	94.5
180.2	96.2
180.2	98.1
180.2	100
180.2	101.9
180.2	102.2
180.2	103
180.2	103.8
180.3	106
180.4	106.6
180.4	107.7
180.4	109
180.4	110.1
180.4	110.1
180.4	111.5
180.4	111.8
180.4	112.6
180.5	113.4
180.6	114.2
180.6	114.2
180.7	113.4
180.7	112.3
180.8	110.4
180.9	107.9
181	106.8
181	105.2
181.1	103.3
181.1	102.5
181.2	102.2
181.2	102.2
181.3	102.2
181.5	102.7
181.5	103.8
181.5	104.1
181.8	105.7
181.8	106
181.9	107.1
182	107.4
182.1	106.6
182.2	106.3
182.2	105.7
182.4	107.1
182.4	108.2
182.4	109.3
182.4	109.6
182.5	110.7
182.5	111.2
182.8	111.8
182.8	111.8
182.9	111.5
182.9	110.1
182.9	109
182.9	109
183.1	108.5
183.1	107.7
183.2	107.1
183.3	106.6
183.4	105.7
183.4	105.5
183.5	104.9
183.6	104.1
183.6	103
183.8	103.3
183.9	104.1
183.9	105.2
184	105.5
184.2	104.6
184.2	104.4
184.2	104.4
184.3	105.5
184.3	106
184.3	106.3
184.4	106.6
184.4	107.1
184.5	108.2
184.5	108.5
184.5	108.5
184.6	108.5
184.7	107.7
184.7	107.7
184.7	106.3
184.8	106
184.8	103.8
184.9	102.7
185	101.1
185.1	101.1
185.2	100.3
185.2	99.5
185.4	99.2
185.6	98.4
185.7	97.5
185.8	98.9
185.8	99.5
185.9	99.5
186	98.9
186.1	98.4
186.3	98.9
186.3	99.5
186.4	99.5
186.6	99.7
186.7	99.5
186.7	98.4
186.7	97.8
186.7	99.5
186.9	101.4
187	102.5
187.3	103.3
187.4	103.8
187.4	104.4
187.4	106.3
187.5	107.1
187.7	109
187.7	111.2
187.7	112.8
187.6	112.8
187.6	114.2
187.6	115
187.6	116.7
187.8	117.8
187.8	117.8
187.8	117.2
188	113.1
188	110.1
188	109.8
188	106
188	104.9
188.1	103.3
188.3	102.2
188.3	101.9
188.3	101.9
188.5	101.1
188.5	101.1
188.7	101.1
188.8	101.9
188.9	103.6
189	105.7
189.1	107.1
189.2	108.2
189.4	109
189.4	109
189.5	108.7
189.5	107.7
189.7	105.5
189.9	103
189.9	101.4
190	100.8
190.1	100
190.1	99.5
190.2	99.5
190.2	99.5
190.3	99.5
190.4	99.5
190.5	98.6
190.5	97.5
190.5	97.3
190.5	96.4
190.6	95.4
190.7	94.5
190.8	94.3
190.9	94
191.1	95.4
191.4	97
191.4	98.1
191.4	98.9
191.4	100.3
191.5	100.8
191.7	99.5
191.8	98.6
192.1	98.1
192.2	98.4
192.2	98.9
192.2	99.7
192.3	101.1
192.4	101.9
192.5	103.3
192.5	103.3
192.7	103
192.7	102.7
192.8	101.6
192.8	100.5
192.9	100.3
193	100.5
193.1	101.6
193.2	102.2
193.2	103
193.2	103.3
193.2	104.4
193.3	105.2
193.4	107.1
193.4	107.4
193.5	108.2
193.6	108.5
193.7	109
193.7	109
193.8	109
193.9	108.2
194	107.9
194.2	107.9
194.2	109
194.3	108.2
194.4	107.1
194.4	106.3
194.4	105.7
194.5	104.6
194.6	103.6
194.7	102.5
194.8	101.6
195	101.6
195	103
195	104.4
195.4	105.2
195.4	106.6
195.4	107.4
195.5	108.2
195.6	108.2
195.9	107.1
196	105.7
196	105.5
196	104.6
196.1	103.6
196.2	103
196.4	102.7
196.6	102.7
196.7	102.7
196.7	103
196.8	104.4
196.8	105.7
197.1	105.7
197.3	104.6
197.3	104.6
197.4	104.4
197.4	106.3
197.4	106.3
197.6	105.5
197.7	104.4
197.8	103.6
198	103.6
198.1	104.1
198.2	105.5
198.4	106.3
198.5	105.5
198.5	105.2
198.5	104.1
198.7	103.6
198.7	103
198.8	102.2
198.8	101.6
198.9	100.5
198.9	100.5
199.1	98.9
199.1	98.9
199.2	99.2
199.2	100.3
199.3	101.1
199.5	101.1
199.7	101.9
199.8	103.3
199.8	103.6
199.8	103.6
199.8	105.2
199.8	106
199.8	106.6
199.8	106.8
199.8	107.4
200	108.7
200	108.7
200.1	109.3
200.1	109.3
200.2	108.2
200.2	107.7
200.2	107.4
200.2	107.4
200.3	108.2
200.3	108.5
200.3	109
200.4	109.6
200.4	109.8
200.5	109.8
200.6	110.4
200.6	110.7
200.6	110.9
200.7	111.2
200.7	112
201	111.8
201	110.7
201.1	110.1
201.2	108.7
201.2	107.9
201.3	107.1
201.4	106.3
201.5	106
201.5	105.2
201.6	104.9
201.7	104.6
201.8	105.2
201.8	105.2
201.9	104.9
202	104.6
202	103.8
202.2	103.3
202.4	104.1
202.5	104.9
202.6	106.6
202.6	107.7
202.7	108.5
202.9	109
202.9	109.3
203	108.7
203	108.7
203.1	107.7
203.2	107.1
203.3	106.6
203.5	105.7
203.6	105.2
203.6	104.9
203.6	104.6
203.8	104.9
203.9	104.6
204.1	103.8
204.1	103.8
204.3	104.4
204.3	105.5
204.3	106
204.4	106.3
204.5	107.4
204.7	107.9
204.7	108.2
204.7	108.7
204.7	108.7
204.8	109.6
204.8	109.6
205	109
205.1	108.5
205.2	108.2
205.2	108.2
205.3	108.5
205.4	108.7
205.5	109
205.5	110.4
205.5	110.7
205.5	112.3
205.5	112.6
205.6	112.8
205.7	114.2
205.8	115.9
205.8	116.7
206	117.5
206.1	116.4
206.1	114.8
206.1	113.1
206.2	111.5
206.2	110.1
206.2	109.8
206.2	108.7
206.3	107.4
206.4	106.3
206.4	105.7
206.4	105.2
206.5	104.9
206.6	105.7
206.6	107.4
206.7	109.6
206.7	110.7
206.8	111.8
206.9	112.6
206.9	113.1
207.2	113.4
207.3	113.1
207.3	112
207.3	110.7
207.3	110.1
207.4	110.4
207.5	110.7
207.5	111.5
207.6	111.5
207.6	111.8
207.6	112.6
207.7	113.4
207.7	113.9
207.8	114.2
207.9	114.5
208	113.7
208.1	112
208.1	110.4
208.1	109.3
208.2	107.9
208.2	107.7
208.2	107.1
208.3	106
208.4	105.2
208.5	105.2
208.5	106.3
208.5	107.4
208.6	109
208.7	110.1
208.8	112
208.9	113.1
209	113.4
209.1	111.5
209.2	109.8
209.2	109.3
209.2	108.2
209.2	107.7
209.3	106.6
209.3	105.5
209.5	104.4
209.6	103
209.7	102.2
209.7	101.9
209.7	101.6
209.9	101.1
209.9	100.8
210.1	101.9
210.1	103.6
210.2	104.6
210.2	105.7
210.2	106.3
210.3	107.1
210.5	105.7
210.6	105.7
210.7	104.4
210.7	103.6
211	105.2
211	105.5
211.1	106.8
211.1	109
211.1	110.4
211.1	111.2
211.2	112.6
211.3	113.4
211.3	114.5
211.4	115.6
211.4	115.6
211.5	116.1
211.5	116.9
211.7	117.5
211.8	117.5
211.9	115.3
211.9	113.1
211.9	112
212	110.9
212	109.8
212	109.8
212	108.5
212	107.7
212.1	107.7
212.2	108.2
212.3	109.3
212.4	109.8
212.6	107.9
212.6	106.6
212.6	105.5
212.6	104.6
212.6	103.6
212.6	103
212.6	102.7
212.6	102.5
212.8	101.4
212.8	101.1
213.1	101.9
213.1	102.2
213.1	104.1
213.1	105.7
213.2	106.3
213.3	106.3
213.4	105.2
213.4	103.8
213.4	102.7
213.4	101.6
213.4	101.1
213.4	99.7
213.6	99.5
213.7	98.9
213.8	100.5
213.8	101.1
213.9	102.2
214	103
214.2	102.2
214.2	100.5
214.2	99.7
214.3	98.6
214.5	97.8
214.5	97.5
214.7	95.1
214.7	94.8
214.7	95.6
214.8	97
214.9	97.5
215	97.3
215.1	95.9
215.2	94.5
215.3	93.7
215.5	92.6
215.6	91.5
215.7	91.5
215.7	92.9
215.8	95.4
215.8	95.6
215.8	97.3
215.9	98.1
215.9	98.6
215.9	98.9
216.1	98.9
216.1	98.6
216.2	98.4
216.2	98.1
216.3	97.8
216.4	98.1
216.4	98.6
216.5	99.5
216.5	101.1
216.5	101.4
216.5	101.4
216.6	102.5
216.6	103.3
216.6	103.8
216.8	104.1
216.9	103.8
216.9	103.6
217.1	102.7
217.1	102.7
217.2	102.5
217.3	103.8
217.3	104.9
217.5	106
217.5	106.3
217.6	105.5
217.6	105.2
217.6	103.6
217.7	103
217.8	101.9
217.8	100.5
217.9	99.5
218	99.2
218.1	99.7
218.1	99.7
218.1	100.8
218.2	101.4
218.4	100.8
218.5	101.4
218.6	103
218.6	104.6
218.6	105.7
218.6	106.3
218.6	106.8
218.6	107.1
218.7	107.7
218.8	108.5
219	108.5
219.1	107.4
219.2	106.3
219.2	104.4
219.2	104.1
219.3	102.7
219.3	101.9
219.3	100.5
219.5	99.2
219.7	97.8
219.8	95.9
219.9	94.3
219.9	92.3
220.1	93.2
220.2	95.1
220.4	97.8
220.6	99.5
220.6	99.7
220.6	100.8
220.6	101.6
220.6	102.5
220.7	102.5
220.8	102.5
220.8	102.5
220.9	101.9
220.9	101.9
220.9	103.3
221	103.8
221	104.1
221.1	104.1
221.3	103.3
221.3	102.5
221.4	102.5
221.6	102.5
221.8	102.5
222	101.9
222.1	101.4
222.1	101.1
222.3	101.6
222.3	102.5
222.3	103.3
222.3	103.8
222.4	103.8
222.5	104.1
222.5	104.4
222.5	105.5
222.5	106.6
222.5	106.6
222.5	107.1
222.5	107.4
222.6	107.9
222.6	108.5
222.6	108.7
222.8	109.6
222.8	110.7
222.8	111.2
222.9	111.2
223	110.9
223.1	110.4
223.1	109.6
223.1	109.6
223.2	109.8
223.2	110.1
223.2	110.1
223.4	110.1
223.5	110.1
223.5	109.6
223.7	109
223.8	109
223.8	108.7
223.8	108.2
223.9	107.9
224.1	107.1
224.1	106.8
224.2	106.8
224.2	106.6
224.4	107.7
224.5	108.7
224.6	109.3
224.7	109.6
224.8	110.4
224.8	110.9
224.8	110.9
224.8	111.2
224.8	111.2
224.8	110.4
224.8	109.6
224.8	109.3
224.8	109
224.8	108.2
224.9	107.7
225	107.1
225	107.1
225.1	107.4
225.1	108.5
225.1	109.6
225.2	110.9
225.2	110.9
225.2	111.8
225.3	112.3
225.4	112.6
225.4	112.8
225.4	113.1
225.4	113.1
225.4	113.1
225.5	112.6
225.5	111.8
225.6	111.8
225.6	112
225.7	112.8
225.7	112.3
225.8	111.2
225.9	110.1
226.1	109
226.1	108.5
226.2	107.9
226.2	106.6
226.3	104.9
226.5	105.7
226.5	107.4
226.6	107.7
226.6	108.5
226.7	110.7
226.8	111.5
226.9	111.8
227.2	111.2
227.3	110.1
227.3	109.8
227.6	111.8
227.6	112
227.6	113.7
227.8	114.5
227.9	112.8
228	112.6
228	113.1
228.1	113.9
228.3	114.8
228.3	115
228.4	115.3
228.4	112.6
228.5	110.7
228.5	108.5
228.6	107.4
228.7	106.3
228.7	105.7
228.7	104.9
228.9	103.8
229.1	103.3
229.4	105.7
229.4	107.4
229.4	107.4
229.4	108.5
229.5	109
229.5	109.3
229.5	110.1
229.7	110.7
229.7	110.7
229.8	110.7
229.9	110.4
230	109
230	108.7
230.1	108.5
230.1	107.7
230.1	107.7
230.2	108.2
230.4	108.7
230.4	109.3
230.5	109.8
230.6	109.8
230.7	109.6
230.8	109.3
231	108.7
231.1	108.7
231.2	108.7
231.3	108.7
231.3	109.3
231.3	109.6
231.3	111.5
231.3	111.8
231.4	112.6
231.5	113.1
231.7	112.8
231.7	111.5
231.8	110.7
231.8	111.2
231.9	112.8
231.9	113.9
231.9	115.3
232	115.9
232.1	116.9
232.1	117.2
232.2	118.3
232.3	119.7
232.4	120.2
232.4	119.1
232.4	118
232.4	116.9
232.5	116.7
232.6	114.5
232.7	113.9
232.8	112.8
232.9	111.8
233	110.7
233.2	110.4
233.3	110.1
233.3	110.1
233.4	109.6
233.6	108.7
233.6	108.5
233.7	107.9
233.7	107.7
233.7	106.8
233.8	106.3
233.8	105.5
233.9	105.2
234	105.7
234.1	105.7
234.1	105.5
234.2	104.4
234.3	104.1
234.3	103.3
234.4	104.4
234.6	105.7
234.7	106.3
234.9	106.6
235	105.7
235	105.2
235	104.4
235.1	103.6
235.2	103
235.3	102.2
235.5	101.1
235.5	100.5
235.6	100.5
235.6	100.5
235.7	102.5
235.7	103.8
235.7	104.1
235.9	104.1
236	102.7
236	101.9
236	101.9
236.1	100.5
236.1	100
236.3	99.7
236.3	100.5
236.3	101.4
236.3	101.6
236.4	101.1
236.6	100
236.7	101.1
236.8	101.6
236.9	102.5
236.9	103.6
236.9	104.1
237	104.6
237	104.9
237.1	103.6
237.2	102.5
237.3	101.9
237.4	101.9
237.7	102.5
237.7	103.8
237.7	104.1
237.7	104.9
237.7	105.7
237.7	106.3
237.7	107.7
237.7	107.9
237.8	109
237.8	109.3
237.8	109.6
237.8	110.4
237.8	111.2
238	112.3
238.1	112.6
238.1	113.1
238.1	113.7
238.2	115
238.2	115.9
238.2	116.1
238.2	117.8
238.2	117.8
238.4	119.1
238.4	120
238.4	121.3
238.3	121.9
238.3	123.2
238.3	124.3
238.3	124.9
238.3	125.4
238.4	126
238.4	126.2
238.4	127.1
238.4	127.3
238.4	127.9
238.5	129.2
238.5	129.5
238.5	129.5
238.5	129.5
238.5	129.5
238.5	129.5
238.7	129.2
238.7	128.2
238.7	127.3
238.7	124.3
238.7	123.2
238.7	121.3
238.9	116.1
238.9	115.9
238.9	115.3
238.9	112.3
238.8	105.5
238.8	103.6
238.8	103
238.8	98.4
238.9	96.7
239	91.3
239.2	89.6
239.2	87.7
239.5	82.2
239.7	80
239.7	78.7
239.7	78.4
239.7	76.5
239.7	74.3
239.7	73.2
239.7	72.7
239.8	70.8
239.8	69.7
239.9	69.1
239.9	68.8
239.9	68
239.9	67.2
239.9	65.8
239.9	65
239.9	64.5
239.9	64.5
239.9	63.9
239.9	63.1
240	62.6
240.1	62
240.2	61.5
240.3	60.9
240.4	60.9
240.6	62.8
240.7	64.7
240.8	66.7
240.8	69.1
241	72.4
241	73.8
240.9	75.9
240.9	78.1
240.9	80
240.9	80.9
240.9	82.8
240.9	84.4
240.9	86.9
240.9	88.8
241.1	91.8
241.1	93.2
241.1	96.4
241.1	97.8
241.1	97.8
241.1	98.4
241.1	98.6
241.2	99.5
241.3	100
241.4	100
241.4	100
241.5	100.3
241.5	101.1
241.5	101.4
241.6	102.2
241.6	103.8
241.6	105.2
241.7	105.5
241.9	106
241.9	106.6
242.1	106.6
242.1	106.6
242.2	106.6
242.2	106.6
242.4	106.6
242.5	107.1
242.5	108.2
242.6	109
242.7	110.1
242.8	112
242.8	112.3
242.9	112.8
242.9	114.5
243	115.3
243	116.1
243	117.2
243.1	118
243.2	119.4
243.2	120.8
243.2	121
243.2	122.1
243.2	123.2
243.3	124.1
243.4	124.6
243.5	124.9
243.5	125.1
243.5	125.1
243.5	124.1
243.5	123.2
243.5	123
243.5	122.1
243.5	120.2
243.6	118.6
243.6	117.5
243.7	117.2
243.7	117.2
244.1	117.5
244.1	117.8
244.2	117.2
244.2	116.9
244.2	116.7
244.2	115
244.3	113.9
244.4	113.1
244.6	113.7
244.6	114.8
244.7	115.9
244.7	116.7
244.9	117.2
245	118.9
245	120.2
245	121.3
245.2	122.7
245.2	123.5
245.4	125.1
245.4	126.2
245.4	127.1
245.4	127.1
245.4	127.1
245.5	126.5
245.5	125.4
245.5	125.1
245.6	123.8
245.6	122.7
245.6	121.9
245.6	121.9
245.8	122.1
245.8	122.4
245.9	123
246	123.2
246.1	122.7
246.1	121.9
246.2	121
246.3	120.5
246.3	120.8
246.4	122.1
246.6	123.8
246.6	124.1
246.8	124.6
246.8	123.8
246.8	122.1
247	120.8
247.1	122.4
247.1	124.1
247.2	125.1
247.2	125.4
247.4	126
247.4	125.7
247.5	123.8
247.6	122.7
247.8	121.6
247.8	120.8
247.9	120
248	120
248	119.4
248.2	118.3
248.2	118
248.4	117.8
248.5	118.6
248.5	119.7
248.7	120.2
248.7	120.2
248.8	120.2
248.9	119.4
249.1	119.1
249.2	120
249.2	120.2
249.2	120.5
249.2	121.6
249.2	121.9
249.4	121.9
249.4	121.9
249.4	121.9
249.5	121.9
249.5	122.1
249.5	123
249.5	123.2
249.6	123.2
249.7	122.7
249.7	122.4
249.8	121.3
249.8	121
249.8	120.8
249.8	120.5
249.8	120.5
249.8	121
249.9	121.9
249.9	122.4
249.9	123.2
249.9	123.5
250.1	123.5
250.1	123.2
250.2	121.9
250.2	120.8
250.2	120.5
250.2	120.2
250.2	120
250.3	119.4
250.4	119.1
250.4	118.9
250.5	118.6
250.5	118
250.5	117.8
250.5	117.5
250.6	117.5
250.6	117.2
250.6	116.7
250.6	116.1
250.6	115
250.6	114.8
250.7	115.6
250.9	115.6
250.9	114.2
250.9	113.9
250.9	112.8
251	112.3
251	112
251.1	110.7
251.2	109.3
251.3	109.6
251.3	110.4
251.3	110.9
251.5	111.8
251.5	112.3
251.6	112.3
251.7	111.2
251.7	110.1
251.7	110.1
251.7	110.1
251.8	109.6
252	109.6
252.1	109.6
252.1	109.8
252.2	110.9
252.4	113.7
252.4	116.4
252.4	116.7
252.6	119.4
252.6	120.5
252.7	121.9
252.7	121.9
252.7	120.8
252.7	120.2
252.9	116.9
253	115.6
253.1	112.8
253.3	111.8
253.6	107.1
253.8	101.9
253.7	99.7
253.7	98.4
253.7	96.7
253.7	94.5
253.7	93.7
253.7	92.6
253.7	91
253.7	90.7
253.7	89.3
253.8	89.1
253.8	88
254	86.1
254.1	85.5
254.3	87.2
254.5	88.2
254.7	90.2
254.7	92.9
254.7	95.1
254.8	95.9
255	98.6
255.1	100.5
255.1	100.8
255.1	103
255.1	104.4
255.2	106
255.2	106.6
255.4	110.7
255.4	111.8
255.4	113.9
255.4	115
255.5	115.9
255.7	116.4
255.8	115.3
255.9	114.2
256	114.5
256	115.6
256.4	118.3
256.4	119.4
256.4	120.5
256.4	120.8
256.4	120.8
256.5	120
256.6	118.3
256.7	117.5
256.7	116.9
256.7	116.7
256.8	116.1
256.8	115.9
256.9	115
256.9	114.8
256.9	113.7
256.9	112.6
257	112.8
257.2	113.9
257.2	114.2
257.2	114.8
257.3	116.7
257.3	116.9
257.3	117.8
257.3	118
257.3	118
257.4	118.6
257.5	118.9
257.6	118.3
257.6	117.2
257.6	116.4
257.8	115.9
257.9	115.6
258	116.1
258	116.9
258	116.9
258.1	118
258.1	118.9
258.1	119.1
258.2	120.5
258.2	121.9
258.3	122.4
258.3	122.4
258.4	123.5
258.5	124.6
258.6	125.4
258.6	125.7
258.6	126.5
258.8	127.1
258.8	127.1
258.8	126.8
258.8	126
258.8	123.5
258.9	121.9
259	121
259.2	120.2
259.3	119.7
259.4	118.9
259.5	117.8
259.5	117.8
259.5	116.4
259.6	114.8
259.6	113.1
259.6	111.5
259.7	110.1
259.7	109
259.9	108.7
259.9	107.9
260	106.8
260	106.3
260.2	105.5
260.3	104.4
260.3	102.7
260.6	97.5
260.7	95.4
260.7	94.5
260.7	92.9
260.7	92.3
260.7	91.8
260.7	91
260.7	90.2
260.7	88.8
260.9	88.8
260.9	88
260.9	87.2
260.9	87.2
261.2	87.2
261.3	87.4
261.3	87.4
261.4	89.3
261.5	91.8
261.5	92.1
261.6	94
261.6	95.4
261.6	98.4
261.6	98.6
261.7	99.7
261.7	101.6
261.7	103.6
261.7	104.1
261.7	105.2
261.7	105.7
261.7	106.8
261.8	108.5
261.9	110.1
262	111.5
262	112.8
262.1	113.9
262.1	114.5
262.3	115.9
262.4	116.4
262.4	116.9
262.6	118.3
262.6	119.7
262.6	119.7
262.7	120.5
262.7	120.5
262.7	120.5
262.8	120.5
262.8	118
262.8	117.8
262.9	117.8
263	117.8
263.1	117.2
263.3	115.6
263.3	115
263.3	114.5
263.3	113.1
263.3	112.6
263.4	111.5
263.4	110.7
263.5	109.8
263.8	109.3
264	108.5
264	109.6
264.1	112.3
264.2	113.1
264.2	113.9
264.2	115.6
264.2	115.6
264.3	116.7
264.3	117.2
264.4	118.6
264.6	119.7
264.7	120
264.7	120.2
264.7	119.4
264.7	117.5
264.8	116.4
264.8	115.9
264.9	115.3
264.9	115
265.2	115
265.3	115
265.4	114.2
265.4	113.7
265.4	113.1
265.4	112
265.5	110.9
265.5	110.9
265.5	110.1
265.7	109.6
265.7	110.9
265.7	112
265.7	112.8
265.7	113.1
265.7	113.7
265.7	114.8
265.8	116.1
265.8	116.9
265.8	118.9
265.8	119.1
265.9	120.5
266.1	121.3
266.1	121.6
266.2	120.5
266.4	118.3
266.4	117.8
266.4	116.9
266.5	116.7
266.5	116.9
266.6	118.6
266.6	118.9
266.7	120
266.8	121.6
267.1	125.1
267.1	126
267	126.8
267	128.4
267	128.7
267	128.7
267.2	130.3
267.3	131.7
267.3	133.3
267.3	133.6
267.3	134.2
267.3	135.3
267.3	136.6
267.5	138.5
267.5	138.8
267.5	139.4
267.5	139.9
267.5	139.9
267.6	140.2
267.6	139.6
267.7	138.3
267.8	136.4
267.9	134.7
267.8	133.1
267.8	132.5
267.8	132
267.8	132
267.8	131.2
267.9	130.1
267.9	129.8
268	129.2
268	128.4
268	127.3
268.2	126.5
268.2	125.7
268.3	124.9
268.3	124.3
268.4	123.2
268.4	123
268.4	122.7
268.5	121.9
268.5	121.3
268.5	120.8
268.5	120.2
268.5	119.1
268.7	119.1
268.7	119.1
268.7	121
268.7	122.1
268.9	122.7
268.9	122.7
269.1	121.3
269.2	120.2
269.2	118.9
269.2	118
269.2	117.8
269.2	117.2
269.2	116.9
269.5	117.2
269.5	117.5
269.7	117.8
269.8	118.6
269.8	118.9
269.9	120.5
270	122.1
270	122.4
270.2	121.6
270.3	120.5
270.4	120.5
270.4	120.5
270.6	121
270.7	122.1
270.7	123.2
270.7	123.5
270.7	124.1
270.7	125.1
270.7	125.1
270.8	126
270.8	127.1
270.8	127.9
270.9	128.4
271	128.4
271	128.4
271.2	127.6
271.3	126
271.4	125.1
271.4	124.9
271.5	124.1
271.6	123.2
271.6	122.4
271.6	121.6
271.8	121.6
271.8	122.1
272	123.5
272.1	123.8
272.2	123.8
272.3	121.9
272.3	121.6
272.3	121
272.3	120.5
272.3	119.7
272.3	119.1
272.3	118.6
272.3	118.3
272.3	118.3
272.4	118.6
272.5	120
272.7	120.5
272.8	120.8
273	120.2
273	120
273	121.6
273	122.1
273	122.4
273.2	123
273.4	122.7
273.4	122.1
273.4	121.3
273.4	120.5
273.4	120.2
273.5	119.4
273.5	119.4
273.6	119.1
273.6	118.6
273.7	118.3
273.7	118
273.8	117.8
273.8	117.5
273.9	116.9
274	116.7
274	116.7
274.1	116.7
274.1	116.4
274.2	116.1
274.3	116.1
274.4	116.9
274.4	118
274.5	119.1
274.5	119.7
274.6	120.8
274.6	121.3
274.6	122.1
274.7	123
274.8	122.4
274.8	122.4
274.9	121.3
274.9	121.3
274.9	122.4
275.1	122.7
275.1	123.5
275.1	124.1
275.3	124.9
275.3	124.9
275.4	123.8
275.4	122.7
275.4	121.9
275.4	120.8
275.4	120
275.4	119.1
275.4	118.6
275.5	118
275.5	117.5
275.6	117.2
275.6	116.9
275.7	115.6
275.7	115.6
275.9	115
275.9	115
276.1	115
276.2	115.9
276.2	116.4
276.3	116.9
276.3	116.9
276.3	116.9
276.3	115.9
276.3	114.5
276.3	114.5
276.4	113.1
276.4	112
276.5	111.2
276.6	109.6
276.6	108.5
276.7	109
276.7	110.9
276.8	111.8
277	111.5
277.3	111.2
277.3	111.2
277.4	112.8
277.4	113.4
277.4	115
277.5	117.2
277.5	118.6
277.6	120
277.6	120.5
277.6	121
277.7	122.4
277.9	122.4
278.1	121.9
278.1	121
278.2	119.1
278.3	119.1
278.3	119.7
278.3	121.3
278.5	122.7
278.5	123
278.6	122.1
278.8	121
278.8	121
278.8	121.6
278.9	121.6
279	121.9
279.1	121.9
279.4	121
279.4	120.2
279.4	119.7
279.5	119.4
279.5	119.4
279.7	119.4
279.8	120
280	120.8
280	121.3
280.1	122.1
280.2	123
280.3	123.2
280.4	123.2
280.5	122.1
280.6	121.3
280.6	121
280.7	121
280.8	121.9
281	123
281	123.5
281.1	124.1
281.2	122.7
281.3	122.4
281.4	121.9
281.5	121
281.7	120.2
281.8	119.4
281.8	118.9
281.9	117.8
282	116.7
282.1	116.1
282.1	115.6
282.3	114.8
282.3	115
282.4	117.2
282.4	118.6
282.5	120.8
282.6	122.1
282.7	122.4
282.8	122.4
282.9	122.1
282.9	121.6
283.1	120.8
283.1	120.2
283.2	119.4
283.2	118.3
283.3	117.5
283.3	116.7
283.5	115.9
283.5	115.3
283.6	115.6
283.6	115.9
283.7	116.9
283.8	118
283.8	118
284	118
284	118
284	117.5
284	117.2
284.1	118.3
284.2	119.7
284.4	120
284.5	119.7
284.5	118.9
284.6	117.2
284.6	116.9
284.6	116.7
284.7	115.3
284.9	114.2
285	113.7
285	115
285	115.3
285.1	116.1
285.3	115.6
285.5	113.7
285.5	113.1
285.7	111.8
285.7	111.5
285.8	110.7
285.9	110.1
285.9	109.6
285.9	111.2
286.1	112.3
286.2	112.3
286.2	112.3
286.7	113.7
286.7	113.9
286.7	115.6
286.7	117.2
286.7	118
286.7	118.9
286.8	120
286.9	120.2
286.9	120.8
287	121.3
287.1	121.6
287.3	121.6
287.4	120.2
287.5	119.4
287.6	120.8
287.6	121
287.7	121
287.8	119.7
288	118.3
288	117.5
288	116.9
288.1	116.4
288.3	115.6
288.3	114.8
288.6	113.9
288.7	114.5
288.7	115.3
288.7	116.7
288.7	118
288.7	118.3
288.8	119.7
288.9	120.5
289	121.6
289.1	122.4
289.1	122.4
289.2	121.3
289.2	120
289.4	118.6
289.4	118
289.5	117.8
289.5	118.3
289.5	119.1
289.6	119.4
289.8	119.7
289.8	119.7
289.9	119.1
290.1	118
290.1	118
290.1	118
290.1	119.4
290.1	121.3
290.2	122.1
290.3	122.7
290.4	123.8
290.4	124.1
290.5	124.9
290.5	125.4
290.6	126
290.7	126.5
290.8	127.1
290.8	127.3
290.9	126.2
290.9	125.1
290.9	124.1
291.1	122.7
291.1	121.9
291.2	121.6
291.4	122.7
291.4	123
291.5	122.4
291.5	121.6
291.5	121.3
291.6	120.5
291.7	119.1
291.7	118.3
291.8	116.9
291.8	116.4
291.8	116.1
291.9	115.3
292	115
292	114.5
292	114.2
292.1	113.7
292.1	112.6
292.1	112.3
292.1	111.8
292.1	111.5
292.2	110.7
292.2	110.4
292.2	109.8
292.3	109
292.3	109
292.4	111.2
292.6	113.1
292.6	114.5
292.6	115
292.6	115.3
292.7	115.3
292.8	114.8
292.8	113.9
293	113.4
293.1	114.8
293.2	116.1
293.3	116.1
293.4	116.1
293.5	115
293.5	113.9
293.6	113.1
293.7	113.4
293.9	113.7
293.9	113.9
294	113.4
294	112.6
294.1	112.6
294.2	112.8
294.2	113.7
294.3	114.5
294.4	114.2
294.4	113.1
294.4	112.6
294.4	112.6
294.4	111.8
294.4	111.2
294.4	111.5
294.5	112.3
294.6	113.1
294.6	114.2
294.7	114.8
294.7	115.6
294.7	115.9
294.8	116.9
294.9	117.8
294.9	118
295.1	119.4
295.2	119.7
295.2	119.1
295.3	117.5
295.3	117.5
295.3	116.9
295.4	115.9
295.4	115
295.5	114.5
295.5	114.2
295.6	114.2
295.7	114.2
295.8	114.2
295.9	114.2
296	114.5
295.9	115.9
295.9	116.4
295.9	117.2
296	117.8
296	118
296.1	118.3
296.1	118.3
296.2	118.3
296.3	117.8
296.4	116.7
296.4	116.4
296.4	115.6
296.4	114.8
296.5	114.5
296.7	113.9
296.8	113.4
296.9	113.1
297	113.1
297.1	115
297.3	116.1
297.3	116.4
297.3	116.7
297.3	117.8
297.4	118
297.5	117.8
297.6	117.8
297.6	118
297.6	118.9
297.6	118.9
297.7	119.4
297.7	119.4
297.8	118.6
297.9	117.8
298	116.7
298.1	116.1
298.1	117.8
298.2	118.3
298.2	119.4
298.2	119.7
298.3	120.2
298.4	120.8
298.5	121
298.5	121.3
298.6	121.3
298.7	120.2
298.7	119.7
298.7	118.9
298.8	117.2
298.8	116.9
298.9	115.3
298.9	115.3
298.9	115
299	114.2
299	113.9
299.1	113.7
299.1	112.8
299.1	112
299.2	111.5
299.2	110.4
299.2	109.8
299.3	110.4
299.4	112
299.5	113.4
299.6	114.5
299.7	114.8
299.8	115
299.9	113.9
299.9	113.7
299.8	112.3
299.8	112
299.9	114.5
300.1	115.6
300.2	116.1
300.4	117.2
300.5	117.5
300.5	117.8
300.6	118.3
300.7	118.9
300.7	120
300.7	120
300.6	120.2
301	120.8
301	120.8
301	120.8
301	120.8
301	119.1
301	116.9
301	115.9
301.2	114.2
301.3	113.7
301.3	114.8
301.4	114.5
301.5	113.9
301.5	112.3
301.5	110.4
301.5	110.4
301.6	108.7
301.6	108.2
301.6	107.1
301.6	106.3
301.8	105.2
301.9	104.6
301.9	104.4
302.1	103.8
302.2	103.8
302.4	103.3
302.5	103
302.6	104.6
302.6	104.9
302.6	106.6
302.6	108.2
302.6	109.6
302.6	110.4
302.7	111.5
302.8	112.8
302.8	113.1
302.9	113.9
302.9	113.9
303	111.8
303	109.8
303	109.6
303	107.9
303	105.5
303.2	103.3
303.2	102.5
303.2	101.6
303.2	100
303.2	99.5
303.3	99.2
303.4	100
303.6	100.5
303.7	98.6
303.8	97.5
303.8	97.3
303.8	95.9
303.8	95.6
303.8	95.4
303.8	94.3
303.8	93.4
303.9	92.9
304	94
304	95.1
304.1	95.4
304.2	95.1
304.3	94.5
304.4	94.3
304.5	94.3
304.5	95.1
304.5	97.3
304.5	97.8
304.5	98.9
304.5	99.5
304.7	100.3
304.7	100.3
304.8	99.5
304.8	97.8
304.8	97.3
304.8	96.2
304.8	95.1
304.8	95.1
304.9	93.7
304.9	92.3
304.9	91.5
304.9	90.7
304.9	89.9
305	89.3
305.1	88.8
305.1	88.8
305.1	89.1
305.2	89.3
305.3	88.8
305.4	89.6
305.4	89.1
305.5	87.2
305.5	85.5
305.7	84.1
305.8	82.8
306	82
306	81.7
306.1	82.5
306.1	82.5
306.1	83.6
306.1	83.9
306.2	85.2
306.2	86.1
306.2	86.1
306.2	87.2
306.2	87.7
306.2	88
306.2	88.5
306.4	89.6
306.4	90.7
306.4	91.8
306.5	93.2
306.6	93.4
306.7	95.4
306.8	96.7
306.8	97.8
306.8	98.1
306.8	99.7
306.9	103
306.9	103.6
306.9	105.5
306.9	106
306.9	106.6
306.9	107.9
306.9	109.3
307	111.5
307.1	111.8
307.1	112
307.2	112
307.4	109.6
307.4	107.7
307.5	106
307.6	103
307.6	101.6
307.7	101.1
307.8	100.5
307.9	101.9
307.9	101.9
307.9	101.4
308.1	100.5
308.2	99.5
308.2	98.9
308.3	98.1
308.5	97.5
308.7	97.5
308.8	98.4
308.9	98.1
308.9	97
308.9	96.7
308.9	95.9
309	94.8
309.1	93.4
309.2	92.6
309.3	91.5
309.3	91
309.3	90.2
309.6	88.8
309.6	88.5
309.6	88
309.7	87.2
309.8	86.6
309.8	88.8
309.9	90.7
310	92.3
310.1	93.4
310.1	94.5
310.1	94.5
310.1	94.8
310.3	92.6
310.4	91.8
310.4	91.8
310.5	90.7
310.6	89.6
310.6	89.3
310.6	91
310.8	92.3
311	93.4
311.2	93.4
311.2	91.5
311.3	91
311.3	90.4
311.3	89.6
311.3	89.1
311.4	88.8
311.4	88.2
311.4	87.7
311.5	86.9
311.6	85.5
311.6	85.5
311.8	86.9
311.9	88.2
311.9	87.7
312	86.6
312.1	85.8
312.1	85.2
312.2	85
312.3	86.3
312.5	86.3
312.6	85.2
312.6	83.9
312.8	81.1
312.8	80.6
312.8	80
312.8	79.8
312.9	79.5
313	79.2
313	79.2
313.1	81.4
313.2	83.1
313.2	84.7
313.3	86.6
313.3	87.7
313.3	89.3
313.3	90.7
313.3	91
313.3	91.5
313.4	92.9
313.5	93.4
313.5	93.4
313.5	93.7
313.7	94.5
313.8	94.3
313.8	92.6
313.8	90.4
314	88.8
314.2	88.2
314.2	87.2
314.4	86.3
314.4	88
314.4	89.3
314.4	90.2
314.4	91.3
314.5	91.5
314.5	91.5
314.5	91.8
314.5	92.3
314.6	93.2
314.7	94
314.7	94.8
314.7	94.8
315	95.1
314.9	93.7
314.8	92.6
314.9	91.3
314.9	90.7
314.9	89.9
315.1	88.5
315.1	88
315.4	87.2
315.5	88.2
315.5	89.1
315.5	89.1
315.6	91.8
315.7	93.7
315.8	94.3
315.8	95.4
315.8	96.4
315.8	97
315.8	98.4
315.8	98.9
315.9	99.7
315.9	100.8
315.9	100.8
315.9	101.9
315.9	102.2
315.9	103.3
316	104.1
316.1	104.6
316.1	104.9
316.2	104.9
316.4	103.6
316.5	101.4
316.5	99.2
316.6	96.7
316.7	94.5
316.7	93.2
316.8	91.8
316.8	90.4
316.9	88.8
317.1	86.9
317.2	86.1
317.3	84.7
317.3	83.3
317.3	82.8
317.3	82.2
317.4	81.1
317.5	80.9
317.5	80
317.6	79.2
317.7	80.6
317.7	83.6
317.8	84.7
317.9	86.3
318	87.4
318.2	87.7
318.2	87.4
318.3	85.8
318.3	85.2
318.5	85.5
318.5	86.6
318.5	88
318.7	90.4
318.7	91.3
318.9	91.8
319	90.7
319	89.9
319.1	88.5
319.2	87.7
319.2	87.4
319.2	86.6
319.3	85.5
319.4	85.5
319.4	84.7
319.6	84.7
319.6	86.9
319.7	89.1
319.8	90.4
319.8	91.3
319.8	92.1
319.9	92.9
319.9	93.2
319.9	93.4
320.1	90.4
320.2	88
320.2	87.7
320.2	86.3
320.2	85
320.3	83.3
320.3	82.2
320.4	80.3
320.4	79.5
320.4	78.1
320.4	77.3
320.4	76.2
320.4	75.9
320.6	74
320.6	73.2
320.6	72.7
320.6	72.7
320.7	73.8
320.7	75.4
320.7	75.7
320.8	77.9
320.9	78.4
320.9	80.6
320.9	81.4
320.9	81.7
321.1	82
321.1	82.8
321.3	84.4
321.3	85.5
321.3	86.9
321.4	88.2
321.4	89.3
321.4	90.7
321.4	92.3
321.4	92.9
321.6	96.7
321.6	97.3
321.6	98.4
321.6	99.5
321.6	100.5
321.6	101.9
321.7	102.7
321.7	103
321.7	103
321.7	103.3
321.7	103.6
321.8	103.8
322	103.3
322.1	103.8
322.1	104.1
322.1	104.4
322.1	104.9
322.1	105.7
322.1	106
322.2	106
322.4	103.3
322.5	101.4
322.5	100
322.7	100
322.7	102.2
322.8	103.8
322.9	104.6
322.9	105.2
323.1	106
323.2	106.6
323.2	106.6
323.3	106.3
323.4	104.1
323.5	103.3
323.6	102.7
323.7	103
323.7	103.8
323.8	104.1
323.8	104.4
324.1	102.7
324.1	103
324.2	104.1
324.3	105.2
324.3	106.3
324.4	107.1
324.4	108.5
324.4	110.4
324.4	110.4
324.5	111.2
324.5	111.5
324.6	113.4
324.6	113.9
324.6	113.9
324.7	115
324.7	116.1
324.7	116.9
324.8	117.5
324.9	118.3
324.9	118.3
325	118.3
325.1	117.8
325.2	116.1
325.3	116.4
325.3	117.2
325.4	117.5
325.4	115.9
325.6	118.6
325.6	119.1
325.6	120.8
325.6	120.8
325.7	121.6
325.7	122.1
325.7	122.4
325.9	122.7
325.9	122.7
325.9	121.9
325.9	121
326	120.2
326.1	118.6
326.2	117.5
326.2	116.7
326.3	116.4
326.3	116.4
326.4	117.8
326.5	117.8
326.5	117.8
326.6	116.4
326.7	115.9
326.9	115.9
327	114.5
327.2	113.9
327.2	113.1
327.2	112.3
327.3	113.1
327.4	113.7
327.4	113.7
327.6	113.7
327.7	113.1
327.7	112.3
327.9	112.6
328	113.1
328.2	113.9
328.3	114.5
328.3	114.8
328.5	115
328.6	113.9
328.6	114.5
328.6	115.6
328.7	116.1
328.8	116.9
328.8	117.5
328.9	118
329	118.3
329	118.6
329.1	119.1
329.1	119.4
329.1	119.7
329.3	118.6
329.4	116.9
329.4	114.2
329.4	113.1
329.6	111.5
329.7	110.4
329.8	109.6
329.8	108.7
329.8	107.9
330	107.1
330.1	107.7
330.1	109.6
330.2	111.8
330.2	112.6
330.4	110.9
330.5	110.4
330.7	110.7
330.7	112.6
331.2	114.2
331.2	113.9
331.3	112.8
331.4	113.1
331.4	113.1
331.4	113.7
331.6	114.8
331.6	114.8
331.6	115.3
331.7	115.9
331.7	115.9
331.8	116.4
331.9	116.4
332.1	114.8
332.1	114.5
332.1	113.4
332.1	111.5
332.2	110.9
332.2	110.1
332.3	108.5
332.3	108.2
332.4	107.7
332.4	107.9
332.4	107.9
332.5	109.6
332.5	111.2
332.6	112.3
332.6	113.9
332.6	113.9
332.7	114.8
332.8	115.6
332.9	115.6
332.9	115.3
332.9	114.5
333.1	112.6
333.1	112
333.2	111.8
333.2	110.9
333.3	110.7
333.3	111.8
333.4	112.6
333.4	112.6
333.5	113.7
333.5	113.9
333.6	114.2
333.6	115.6
333.6	115.6
333.8	116.4
333.9	116.4
333.9	116.1
334	114.8
334	114.5
334.1	114.8
334.2	115.9
334.2	116.4
334.3	116.4
334.4	115
334.5	113.9
334.5	112.8
334.7	112
334.7	113.1
334.7	114.5
334.8	115.6
334.8	115.9
334.8	116.4
334.9	117.2
335	117.5
335	117.8
335.1	118
335.1	118
335.2	118.3
335.2	118.3
335.2	119.7
335.3	120.8
335.5	122.1
335.6	124.3
335.7	128.7
335.9	130.3
335.9	131.7
335.9	132.5
335.9	133.6
336	135.3
336.2	137.2
336.3	138
336.3	138.3
336.3	139.4
336.3	139.6
336.3	139.9
336.4	138.3
336.4	138
336.5	135.8
336.6	131.7
336.6	129.8
336.7	127.1
336.7	125.4
336.8	124.9
336.9	124.1
337	122.7
337	122.1
337	121
337	119.4
337.1	120.8
337.1	121.3
337.1	123
337.3	123.8
337.3	124.1
337.4	124.1
337.5	123.8
337.6	123.2
337.6	122.7
337.7	121
337.7	120.2
337.8	118.9
337.8	118.6
338	119.1
338	121
338	121.3
338	122.4
338.1	123.5
338.3	124.6
338.3	124.9
338.4	126.2
338.5	126.5
338.7	125.4
338.8	123.8
338.8	123.2
338.8	122.4
338.8	121.9
338.9	121.6
339	121.6
339.1	121.3
339.2	120.5
339.2	119.7
339.4	119.1
339.4	118.6
339.5	116.7
339.6	115.9
339.6	115
339.8	115
339.8	114.8
339.8	113.9
339.9	113.7
339.9	112.8
340	112.3
340	112
340.1	112.6
340.2	113.9
340.2	114.5
340.4	115.6
340.5	116.7
340.6	117.2
340.7	116.9
340.8	115.6
340.8	115.3
340.9	115.3
340.9	116.1
340.9	116.4
341	117.8
341	118.9
341.1	119.4
341.1	119.7
341.1	120.5
341.1	121.6
341.1	121.9
341.3	122.1
341.4	122.7
341.4	123.2
341.5	123.5
341.6	124.1
341.6	124.3
341.6	125.1
341.6	125.7
341.6	125.7
341.8	126.5
341.8	124.9
341.8	123.5
341.9	121.6
341.9	121
341.9	121
341.9	121
342.1	120
342.2	121.9
342.2	121
342.2	119.7
342.2	118.6
342.2	117.5
342.4	116.4
342.5	115.6
342.6	114.5
342.7	113.7
342.8	113.1
342.8	114.8
343	114.8
343	114.5
343.1	114.8
343.2	115.9
343.2	116.4
343.3	117.8
343.4	117.8
343.5	118.6
343.7	119.4
343.7	120.5
343.8	121.9
343.9	123
343.9	123.2
344.1	121.3
344.2	120.8
344.3	119.4
344.3	118.9
344.5	118.9
344.6	117.8
344.6	117.5
344.6	116.4
344.7	115.6
344.7	115.3
344.8	113.7
344.9	113.4
345	114.5
345	114.8
345.1	115.3
345.1	117.5
345.1	117.5
345.2	118.3
345.2	118.9
345.2	118.9
345.2	119.4
345.3	120.8
345.4	121.3
345.4	121.3
345.5	120.8
345.6	119.1
345.6	118.6
345.7	117.5
345.7	116.4
345.7	116.1
345.9	115.6
345.9	115.6
346	116.9
346	119.4
346	120.5
346.1	121.9
346.1	122.1
346.2	122.7
346.3	124.1
346.4	124.6
346.4	125.1
346.6	126
346.6	126.5
346.6	127.1
346.6	127.3
346.6	127.6
346.8	126.2
346.8	124.9
346.9	122.4
347	121.9
347	120.8
347	119.1
347	119.1
347	118.6
347.1	118
347.2	118.3
347.3	119.7
347.3	120.2
347.4	120.8
347.4	121
347.5	121
347.5	121
347.6	121.3
347.7	120.8
347.7	119.4
347.7	118.9
347.7	118.9
347.7	118.3
347.7	118
347.8	117.8
347.8	117.2
347.8	116.4
348	117.2
348	117.2
348.1	117.2
348.2	116.9
348.3	116.4
348.4	116.4
348.4	115.9
348.4	115.6
348.4	115.3
348.5	116.4
348.6	117.8
348.7	118.6
348.9	119.4
349	118
349	117.2
349	117.2
349	117.2
349.1	116.9
349.1	117.2
349.1	118.3
349.2	118.3
349.2	118.3
349.3	117.5
349.4	117.2
349.4	117.8
349.4	118.3
349.5	118
349.5	116.9
349.7	116.4
349.7	115.9
349.8	115
349.8	114.8
349.8	114.5
349.8	113.9
349.8	113.7
349.9	113.4
349.9	114.5
349.9	115
350.2	115.9
350.2	115.6
350.2	114.8
350.2	113.9
350.2	113.7
350.4	113.4
350.5	113.4
350.5	113.7
350.5	113.9
350.6	114.8
350.6	115.9
350.8	116.7
350.6	117.5
350.6	118
350.7	119.7
350.7	120
350.9	121
351.1	123
351.2	123
351.2	123.5
351.4	122.7
351.4	122.4
351.5	120.8
351.5	120.2
351.5	118.9
351.5	117.5
351.5	116.1
351.5	114.8
351.5	113.1
351.5	112.8
351.6	112.3
351.8	113.7
352	113.1
352	113.1
352.1	113.9
352.2	115.6
352.6	118.9
352.6	120.2
352.7	121.3
352.7	121.3
352.8	120
352.9	118
352.9	117.8
352.9	116.4
353	115
353	115
353.1	114.8
353.3	116.1
353.3	116.9
353.4	115.9
353.5	114.5
353.6	112.8
353.7	111.8
353.8	110.9
353.9	109
354	108.5
354	107.9
354.1	106.6
354.1	106
354.2	106
354.2	106.6
354.3	106.8
354.3	107.7
354.5	108.7
354.7	109.3
354.8	109.3
354.8	108.5
354.8	106.8
354.9	104.4
355	101.9
355	100.3
355.1	90.2
355.1	86.3
355.1	80.9
355.1	80.6
355.1	75.1
355.1	74.3
355.1	69.9
355.1	59.8
355.1	53.3
355.1	51.6
355.1	45.9
355.1	45.1
355.1	33.6
355.2	25.4
355.4	22.1
355.4	20.7
355.5	18.3
355.5	17.2
355.7	15.5
355.7	14.2
355.7	12.8
355.8	11.4
355.9	11.2
356	10.9
356.1	12
356.1	12
356.1	12
356.2	11.4
356.2	11.2
356.3	10.6
356.4	9.8
356.6	9.2
356.7	8.4
356.9	9.2
356.9	9.2
357	10.1
357.2	10.6
357.3	10.6
357.4	10.9
357.5	10.9
357.5	9.8
357.5	9.5
357.5	9.2
357.6	9.2
357.8	9.8
357.8	9.8
357.9	9.5
358	8.2
358.1	7.1
358.4	6
358.6	6.8
358.6	7.1
358.6	7.6
358.6	8.2
359	8.2
359.2	7.6
359.2	7.1
359.3	7.1
359.9	7.6
359.9	7.6
360	7.9
360.1	7.1
360.2	6.2
360.3	6.2
360.7	7.6
360.8	7.9
360.9	7.9
360.9	7.6
361.1	7.1
361.2	6.5
361.5	6
361.8	5.7
361.9	5.7
361.9	5.7
362	6.2
362.1	7.6
362.1	7.9
362.1	8.4
362.4	9.8
362.6	10.6
362.7	11.2
363.1	12.3
363.3	12.8
363.3	13.6
363.3	14.4
363.3	15.8
363.4	16.4
363.4	16.4
363.5	16.1
363.6	15.8
363.7	14.4
363.7	13.1
363.7	12
363.9	10.6
364.1	9.5
364.3	8.4
364.5	7.1
364.7	6
364.9	5.4
365.1	5.4
365.2	6.5
365.4	6.8
365.5	6.8
365.5	6.5
365.6	6.2
365.7	5.4
365.7	5.7
365.8	6.8
365.9	7.6
366.2	7.1
366.2	7.3
366.4	7.9
366.6	8.7
366.7	9.8
366.9	10.9
367.2	13.3
367.3	14.2
367.3	14.2
367.3	14.4
367.5	13.9
367.5	13.3
367.5	13.1
367.7	14.2
367.8	14.4
368	12.3
368	12
368	9.8
368	8.7
368	8.7
368.1	7.3
368.2	6.8
368.3	6
368.4	5.7
368.5	5.7
368.7	6.5
368.8	6.5
368.9	6
369	6.5
369	6.8
369.1	7.6
369.2	7.9
369.4	7.9
369.6	6.8
369.7	6
369.8	6
369.9	6.8
370.2	7.1
370.3	6.5
370.4	6
370.6	5.7
371	5.4
371.1	4.9
371.2	4.6
371.3	4.3
371.5	4.3
371.6	4.3
371.7	4.3
371.8	4.3
371.9	5.1
372.1	6.2
372.1	6.2
372.2	6.2
372.3	6.2
372.4	6
372.5	5.7
372.7	5.4
372.8	5.4
372.9	5.4
373.1	6
373.2	7.1
373.2	7.9
373.2	7.6
373.2	7.3
373.3	7.1
373.4	6.8
373.4	6.5
373.5	7.1
373.5	8.2
373.5	8.2
373.6	8.4
373.7	8.2
373.8	7.6
373.8	6.8
373.9	6.8
373.9	7.1
374.1	7.9
374.1	7.6
374.2	7.1
374.2	7.1
374.3	6.5
374.4	6.2
374.6	5.4
374.7	4.9
374.8	4.6
374.9	4.6
375	4.1
375	3.8
375	3.5
375.1	3
375.3	3.8
375.4	4.3
375.6	4.6
375.7	4.9
375.8	5.4
375.9	5.4
376	6
376.2	7.1
376.3	7.3
376.5	8.4
376.5	8.4
376.6	8.2
376.7	6.2
376.9	5.4
376.9	5.1
376.9	4.9
377.1	4.3
377.2	4.1
377.3	4.1
377.4	3.8
377.5	3.5
377.6	3.2
377.7	3.2
378	3.8
378.3	4.9
378.5	4.9
378.6	4.3
378.7	3.8
378.9	3.2
379.1	4.1
379.2	5.1
379.3	5.1
379.4	4.3
379.6	5.4
379.8	5.7
379.8	6
379.9	6.2
380.1	6.5
380.2	6.5
380.4	6.2
380.6	5.1
380.7	5.4
381	6.8
381.1	6.8
381.2	6.8
381.2	6.5
381.3	6.2
381.3	6
381.5	5.7
381.5	5.4
381.6	5.4
381.7	5.1
381.8	5.1
381.9	4.9
381.9	4.6
382	4.3
382.1	4.3
382.2	4.3
382.5	4.6
382.6	4.9
382.7	4.9
382.7	4.9
382.8	5.1
382.8	5.1
382.9	5.1
383	5.1
383.1	5.1
383.2	5.1
383.3	4.9
383.3	4.6
383.4	4.1
383.5	4.1
383.6	4.1
383.9	4.1
384.2	5.1
384.2	5.7
384.3	6.5
384.6	6.5
384.8	6
385	5.7
385.2	4.6
385.3	4.6
385.3	4.3
385.4	4.1
385.5	4.1
385.6	3.5
385.8	3.8
386	5.1
386.1	5.1
386.2	5.1
386.3	4.3
386.5	3.5
386.6	3
386.7	2.7
386.7	4.1
386.7	4.1
386.9	4.1
387	4.1
387.1	4.1
387.3	4.1
387.5	4.1
387.6	4.1
387.8	3.8
388.3	3.8
388.3	3.8
388.4	4.1
388.5	4.3
388.8	5.1
388.8	6.2
389	6.2
389.1	6
389.1	5.7
389.3	4.9
389.6	4.9
389.7	5.4
389.8	5.7
389.9	6.5
390	6.5
390.2	6.5
390.3	6.5
390.4	6.2
390.7	6.2
390.7	6.2
390.8	6.2
390.9	6
391.1	6
391.2	6
391.2	6
391.2	6
391.4	6
391.4	6
391.5	5.4
391.5	5.4
391.6	5.4
391.7	5.7
391.7	6.2
391.8	7.1
391.9	7.1
392	7.1
392	7.1
392.3	7.1
392.3	7.1
392.3	6.8
392.5	6.2
392.5	6
392.6	6
392.7	5.4
392.7	5.1
392.7	5.1
392.9	5.7
393	5.7
393.4	6.2
393.5	6.2
393.6	6.2
393.6	6.2
393.8	6
393.9	6
393.9	7.1
394	7.3
394	7.3
394.2	7.3
394.4	7.1
394.6	6.8
394.9	6.8
394.9	6.8
395.1	6
395.1	5.7
395.2	5.7
395.2	4.9
395.3	4.9
395.4	4.3
395.5	4.3
395.6	4.3
395.7	5.4
395.8	6.2
396	6.8
396.2	6.2
396.5	6.2
396.8	6.2
397	6
397.1	6
397.2	6
397.3	6.2
397.4	7.3
397.6	7.6
397.8	7.6
398	7.1
398.2	6.5
398.2	6.2
398.4	6.8
398.6	7.6
398.7	8.2
398.7	8.2
398.8	8.4
398.8	7.9
398.8	7.6
398.9	7.6
399	8.2
399.1	8.4
399.2	8.2
399.4	7.6
399.5	6.8
399.7	6.2
399.7	6
399.8	5.7
399.8	5.7
400	5.7
400	6
400.2	6.5
400.4	6.8
400.4	7.1
400.4	7.3
400.5	7.9
400.5	7.9
400.5	8.2
400.5	8.7
400.5	9
400.5	9
400.7	9.2
400.7	9
400.7	8.4
400.8	8.2
400.9	7.6
400.9	7.3
401	7.3
401.2	7.1
401.2	7.1
401.5	7.3
401.5	7.3
401.6	7.6
401.6	7.9
401.6	7.9
401.7	7.9
401.7	7.6
401.8	7.1
401.9	6.5
401.9	6.5
401.9	7.1
402	8.2
402.1	9.2
402.3	10.9
402.3	11.2
402.4	11.2
402.5	11.2
402.6	10.3
402.7	9.8
402.8	9
402.9	8.4
403.1	7.3
403.5	6
403.6	7.3
403.6	7.3
403.6	8.4
403.7	9.8
403.7	9.8
404	10.3
404.1	9
404.1	8.4
404.1	8.4
404.2	8.2
404.3	8.2
404.4	8.4
404.6	9.2
404.8	8.7
404.8	8.4
404.9	7.9
405.2	7.3
405.3	7.3
405.5	7.1
405.5	6.2
405.7	5.7
405.8	5.7
405.8	6
405.8	6.8
406	7.1
406.1	6.5
406.2	5.7
406.2	5.1
406.2	5.1
406.4	5.1
406.5	5.7
406.7	6.2
406.8	6.2
406.8	6.2
406.9	6.2
407	6.8
407.4	6.2
407.5	6
407.5	5.7
407.6	5.7
407.7	6
407.8	5.7
407.8	5.1
407.9	4.6
407.9	4.1
408	3.8
408.3	4.3
408.3	4.3
408.4	4.6
408.5	4.9
408.6	4.9
408.8	5.7
408.9	6.2
408.9	6.5
409	7.1
409.1	7.3
409.2	7.3
409.3	6.8
409.4	5.7
409.5	5.4
409.7	4.9
409.9	5.4
409.9	5.7
410	6.2
410.2	6.5
410.3	6.2
410.3	6
410.6	6
410.7	5.7
410.8	5.7
410.9	6.8
411	7.3
411	7.6
411.2	8.2
411.4	8.7
411.4	9
411.5	9.8
411.5	10.9
411.5	11.7
411.6	12.5
411.6	13.6
411.7	15
411.7	15.3
411.7	15.5
411.7	16.9
411.9	19.9
411.9	20.7
412	21.8
412.3	28.4
412.3	28.7
412.3	28.7
412.3	29.2
412.3	29.8
412.3	30
412.5	29.5
412.6	28.7
412.7	29.2
412.7	31.1
412.7	31.9
412.9	34.7
412.9	35.2
413	35.5
413.1	34.7
413.5	34.7
413.5	36
413.5	36.3
413.5	37.1
413.5	37.1
413.5	37.7
413.5	38.2
413.7	39.3
413.7	42.6
413.8	43.7
414	45.6
414.2	50.5
414.2	51.1
414.2	51.9
414.3	52.2
414.4	52.2
414.5	51.9
414.7	51.9
414.7	52.4
414.7	54.1
414.8	54.9
414.9	55.2
415	55.4
415.1	56
415.1	56
415.1	56
415.2	56.3
415.3	57.1
415.5	58.5
415.5	59
415.5	59.3
415.4	58.5
415.4	59.3
415.4	60.4
415.5	61.7
415.6	62.6
415.7	62.8
415.7	63.6
415.7	63.9
416	64.2
416.1	62.6
416.1	61.5
416.1	60.9
416.2	61.2
416.4	61.5
416.4	59.8
416.5	57.1
416.5	55.7
416.6	50.3
416.8	48.3
416.8	47.8
416.9	46.4
416.9	44.5
416.9	43.1
417	41.5
417	41.2
417.1	40.1
417.1	39.3
417.1	38.2
417.2	37.1
417.3	36.6
417.5	39.3
417.5	41.5
417.5	43.1
417.6	43.4
417.6	44.2
417.6	46.7
417.6	47
417.7	48.3
417.8	48.9
417.9	49.7
417.9	50.8
417.9	51.1
418	53.5
418	53.5
418.2	53.8
418.3	54.1
418.5	54.1
418.6	53.3
418.7	51.9
418.8	50.8
418.9	50.3
418.9	49.7
418.9	48.3
419	48.9
419.2	49.7
419.2	52.2
419.2	53.3
419.2	54.9
419.2	55.4
419.3	56
419.4	57.1
419.4	57.4
419.7	57.6
419.8	56.8
419.8	54.9
419.9	53
420	53
420.1	54.9
420.1	55.2
420.1	56.3
420.2	57.4
420.3	58.7
420.3	60.1
420.3	60.6
420.4	61.7
420.4	63.9
420.4	63.9
420.4	65.6
420.5	66.4
420.6	67.7
420.6	70.2
420.6	70.2
420.7	71.6
420.7	71.8
420.7	72.9
420.7	74
420.7	74
420.7	74.6
420.7	75.1
420.7	75.7
420.7	75.9
420.9	76.5
420.9	76.5
421	76.8
421.1	75.1
421.1	74.6
421.1	75.7
421.3	77
421.6	78.1
421.6	78.1
421.7	75.4
421.7	72.7
421.8	69.9
421.8	68
421.8	66.9
421.8	65.3
421.8	63.9
422	62.6
422.1	60.9
422.1	59.5
422.2	58.5
422.3	57.1
422.3	56.3
422.4	55.4
422.5	54.6
422.7	54.4
422.8	54.9
422.8	56.8
422.9	56.8
423	55.7
423.1	56
423.1	57.6
423.2	57.6
423.3	57.4
423.4	56
423.4	55.7
423.5	54.6
423.5	53.3
423.5	53.3
423.6	52.7
423.7	51.9
423.7	51.6
423.7	49.7
423.8	49.7
423.8	49.4
423.9	51.1
423.9	51.9
424.1	54.6
424.1	56
424.3	56
424.3	55.2
424.3	54.6
424.4	54.1
424.5	54.1
424.6	53.5
424.7	53
424.7	53
424.7	51.1
424.7	50.8
424.7	50.3
424.8	48.6
424.8	47.2
424.8	46.7
424.8	43.7
424.8	41
424.8	40.7
424.9	39.3
425.1	37.4
425.1	37.1
425.1	35.8
425.2	34.1
425.3	32.2
425.4	31.1
425.4	30.3
425.4	28.9
425.5	28.1
425.5	26.7
425.6	25.4
425.6	24.6
425.6	24.3
425.6	23.5
425.5	22.6
425.5	21.8
425.5	21
425.5	20.5
425.6	20.2
425.6	19.6
425.7	19.1
425.9	18.5
425.9	18.5
425.9	18
426	17.4
426.2	17.4
426.2	17.7
426.2	18
426.3	18.8
426.5	19.4
426.5	19.6
426.5	19.6
426.7	19.1
426.7	18.5
427	18
427.3	17.4
427.3	17.2
427.4	17.2
427.6	18.5
427.6	19.1
427.6	20.7
427.6	22.4
427.6	22.9
427.6	24.3
427.6	24.6
427.6	26.2
427.6	26.5
427.7	28.4
427.9	29.8
427.9	31.1
427.9	31.7
428.2	36
428.2	37.1
428.3	37.1
428.3	42.3
428.6	47.2
428.6	48.6
428.6	51.6
428.7	54.9
428.7	57.9
428.8	59.3
428.9	62.6
429.1	66.7
429.1	67.5
429.4	72.1
429.4	76.8
429.4	82.8
429.4	86.6
429.6	94.3
429.6	95.9
429.6	97.8
429.7	103.3
429.9	106.8
429.9	107.7
429.9	108.2
429.9	108.2
430	106.3
430	105.7
430.1	102.2
430.1	99.7
430.1	99.2
430.1	97.5
430.2	96.7
430.2	95.4
430.2	92.9
430.2	92.3
430.1	90.2
430.1	90.2
430.2	91.3
430.2	91.8
430.2	91.8
430.4	91.8
430.4	91.8
430.5	91.5
430.5	91.3
430.5	90.2
430.6	89.9
430.6	89.6
430.6	89.1
430.5	86.3
430.5	78.4
430.5	74
430.7	69.4
430.7	63.6
430.7	63.6
430.7	61.2
430.8	56.5
430.8	55.7
430.8	53.8
430.8	51.6
430.8	51.3
430.8	47.8
430.8	44.5
431	42.1
431.1	40.1
431.1	38.8
431.2	37.4
431.4	36.3
431.4	35.2
431.5	34.4
431.5	34.1
431.7	31.7
431.8	31.7
431.8	31.9
431.8	33
431.9	34.4
431.9	35.5
432.1	36.6
432.1	36.9
432.1	36.9
432.2	37.4
432.3	37.4
432.5	37.7
432.6	38.5
432.6	39.6
432.6	40.7
432.6	42.1
432.7	43.4
432.9	44.5
432.9	45.1
433.1	44.5
433.2	42.6
433.2	40.7
433.2	39.3
433.3	38.2
433.5	37.4
433.5	37.4
433.6	38.5
433.7	40.7
433.8	43.1
434.2	45.1
434.3	45.9
434.3	45.3
434.3	43.4
434.3	43.1
434.4	42.1
434.5	40.7
434.5	39
434.5	38.8
434.6	38
434.6	36.6
434.6	35.8
434.7	34.7
434.7	34.7
434.9	34.7
435	36
435	37.4
435	38.8
435.1	39.9
435.2	40.7
435.2	41.5
435.3	42.3
435.4	42.6
435.5	41.2
435.6	40.4
435.6	39
435.7	38.8
435.8	38.2
436	38.2
436.2	38.8
436.3	40.1
436.3	40.1
436.4	42.6
436.4	42.9
436.6	43.7
436.7	44.5
436.7	44.8
436.7	45.1
436.7	45.3
436.7	45.6
436.7	46.2
436.7	47
436.7	47
436.9	46.4
436.9	46.2
437	45.1
437.1	44.5
437.3	45.6
437.3	45.9
437.3	45.9
437.4	43.4
437.4	43.1
437.5	42.3
437.6	40.7
437.6	40.1
437.7	38.8
437.8	37.4
437.9	36.6
438.1	34.7
438.2	34.4
438.4	33.6
438.5	32.8
438.6	32.2
438.8	33
439	35.2
439	36.9
439.1	39
439.2	39.3
439.3	38.5
439.4	38.8
439.5	39.3
439.5	39.3
439.7	38.2
439.7	37.4
439.8	36.6
439.9	36.6
440	37.1
440.2	38
440.3	38
440.4	37.1
440.4	37.1
440.4	36.6
440.5	36
440.5	35.8
440.7	34.4
440.7	35.2
440.8	37.1
440.8	37.4
440.8	38.2
440.8	39.3
440.8	39.3
440.9	40.4
441.2	41.8
441.2	42.1
441.2	42.1
441.4	42.9
441.5	43.1
441.5	41.5
441.5	40.4
441.7	40.1
441.8	40.1
441.9	39.3
442	39
442.1	39
442.2	38.2
442.2	38
442.2	38
442.5	39.3
442.6	39.9
442.6	41
442.7	42.1
442.7	42.9
442.8	43.4
442.8	43.4
442.9	44.8
442.9	44.8
442.9	45.3
443	46.2
443	45.1
443	44.8
443.1	44.8
443.1	44.8
443.2	44.8
443.2	44.8
443.3	43.4
443.3	42.1
443.3	41.5
443.4	40.7
443.6	38.8
443.6	38.8
443.6	37.7
443.7	37.1
443.8	37.4
443.8	38.8
443.9	39.3
444.1	39.3
444.2	39.9
444.2	40.4
444.4	41
444.4	41
444.5	39.9
444.7	38.8
444.9	38.8
444.9	40.4
444.9	41.8
445	42.9
445.1	43.4
445.2	44
445.2	43.4
445.2	42.1
445.3	41
445.3	40.4
445.3	40.1
445.3	39.6
445.6	40.1
445.6	38.5
445.6	38.2
445.7	37.4
445.8	37.4
445.9	37.4
446	38
446	38
446.1	38
446.2	36.9
446.3	36.9
446.4	37.7
446.6	38.5
446.8	39.6
446.8	39.6
446.8	39.6
446.9	40.4
447.1	41.8
447.1	41.8
447.1	42.1
447.1	42.3
447.2	42.3
447.3	42.3
447.3	42.1
447.4	42.1
447.4	41.8
447.5	41.2
447.5	41
447.7	40.7
447.8	39.9
447.8	39.9
448	38.8
448.1	38.2
448.2	38
448.4	39.3
448.4	41
448.6	42.6
448.7	43.7
448.7	45.1
448.8	45.6
448.9	44.5
448.9	44.5
449	45.3
449	45.9
449.1	46.7
449.2	47
449.2	47.5
449.3	47.8
449.4	48.3
449.4	48.9
449.4	49.2
449.4	49.7
449.4	50
449.4	50.8
449.4	51.1
449.5	50.8
449.5	50.5
449.7	50.5
449.8	50.5
449.8	50.5
449.9	50.8
449.9	50.8
450	50.8
450.1	51.6
450.2	51.9
450.2	52.2
450.2	52.4
450.2	52.7
450.3	53
450.3	53.3
450.4	53.5
450.4	53.3
450.4	52.4
450.4	52.2
450.5	51.9
450.5	51.6
450.6	51.3
450.7	50.8
450.7	50.5
451	48.9
451	48.9
451.1	48.9
451.3	50
451.5	51.6
451.5	51.9
451.6	51.9
451.7	51.6
451.8	52.7
451.9	53
452	54.9
452	55.7
452	56.5
452.1	56.8
452.1	56
452.2	54.9
452.3	54.1
452.4	53
452.5	52.4
452.7	53.5
452.8	54.4
452.9	55.4
452.9	55.4
453.1	55.4
453.3	55.4
453.3	56
453.4	57.4
453.6	60.1
453.6	60.6
453.6	62
453.6	63.4
453.7	64.2
453.7	64.5
453.8	62.6
453.9	61.2
454	59.5
454.1	58.7
454.3	58.5
454.4	56
454.4	55.2
454.5	54.6
454.7	54.4
454.7	53.8
454.7	53.5
454.7	53.3
454.7	52.7
454.8	52.4
454.9	51.3
454.9	50.8
455.1	50.5
455.2	50.5
455.3	51.6
455.4	53.5
455.4	54.6
455.7	56
455.7	56.5
455.8	56.8
455.8	55.4
455.9	55.2
456	55.4
456.1	56
456.1	56.3
456.1	56.5
456.4	56.8
456.5	56
456.6	55.4
456.7	56.3
456.7	57.4
456.9	58.2
456.9	59.3
456.9	59.8
456.9	59
457.1	58.5
457.1	59
457.1	59
457.3	59.8
457.3	60.4
457.3	60.6
457.5	59.8
457.5	57.9
457.5	56
457.7	54.6
457.8	53.8
457.8	52.4
457.9	51.9
457.9	50.8
458	50.8
458	49.7
458.1	49.2
458.1	48.9
458.1	48.1
458.3	47.2
458.3	47
458.5	46.4
458.5	45.9
458.5	44.8
458.8	45.1
458.8	48.3
458.8	49.4
458.8	51.1
459	52.2
459	53
459	53.8
459	54.1
459.2	55.2
459.2	55.7
459.2	56.5
459.2	57.9
459.7	62
459.5	61.7
459.5	62.3
459.5	63.4
459.6	65.8
459.6	67.5
459.6	69.4
459.6	70.5
459.6	71.3
459.6	71.8
459.7	72.7
459.8	73.2
459.9	73.8
459.9	74.9
459.9	76.5
460.1	76.2
460.2	73.8
460.2	71.6
460.3	70.2
460.4	68
460.5	66.4
460.6	65
460.6	63.6
460.6	63.1
460.7	62
460.7	60.6
460.8	60.1
460.9	58.2
460.9	56.8
460.9	55.7
460.9	55.4
461	55.2
461.2	57.9
461.2	59
461.2	61.7
461.2	62.3
461.2	62.3
461.3	63.1
461.3	64.7
461.4	65.6
461.5	66.9
461.6	68.6
461.6	69.7
461.6	70.2
461.9	69.7
462	66.9
462	64.5
462	62.6
462.1	59
462.1	57.1
462.3	54.1
462.3	52.4
462.4	48.9
462.5	47.5
462.5	47.2
462.7	44.5
462.7	42.3
462.9	39.9
463	37.7
463.1	36.9
463.1	35.5
463.1	34.7
463.2	33.9
463.3	33.3
463.3	32.5
463.3	31.7
463.3	31.1
463.4	30.6
463.4	30.3
463.6	30.6
463.6	31.4
463.7	31.7
463.8	30.8
463.8	29.8
464	28.4
464	27.8
464	27.6
464.1	27
464.1	26.7
464.1	26.7
464.2	28.4
464.3	29.8
464.5	31.4
464.7	32.8
464.8	32.8
464.9	31.4
464.9	30.8
465	29.8
465.1	28.4
465.1	25.9
465.2	25.1
465.2	24.6
465.2	24
465.3	23.2
465.5	24
465.7	23.7
465.7	23.5
465.8	22.9
465.8	22.4
465.9	22.4
465.9	22.6
465.9	24.3
465.9	24.6
466.1	25.4
466.4	25.1
466.4	24.3
466.5	25.1
466.6	26.2
466.8	27.6
466.9	27.6
467.2	28.1
467.2	28.1
467.3	27.8
467.4	26.2
467.5	25.9
467.6	24.6
467.6	25.4
467.6	25.7
467.7	27.3
467.8	28.4
467.9	31.1
467.9	31.4
468	33
468	34.4
468	34.7
468.2	36.6
468.2	37.4
468.3	38.5
468.4	39.3
468.4	39.6
468.6	41
468.6	41.2
468.7	41
468.7	38.2
468.7	35.8
468.8	33.9
468.9	32.5
469.1	32.8
469.1	33.6
469.3	35.8
469.3	36.6
469.4	37.7
469.6	40.1
469.6	41.2
469.6	42.9
469.6	43.7
469.8	44.5
470	44
470	42.3
470.2	42.6
470.2	42.9
470.3	43.7
470.4	44
470.4	43.7
470.5	42.1
470.6	40.1
470.6	39.6
470.8	40.7
470.8	43.1
471	45.3
471	52.4
471.1	52.7
471.3	54.1
471.3	55.7
471.3	56.5
471.4	57.4
471.5	57.6
471.5	57.6
471.7	59.3
471.7	60.1
471.7	62
471.8	64.2
471.8	65.3
472	66.4
472	66.9
472	66.9
472.1	69.4
472.1	71.3
472.1	72.1
472.1	72.1
472.1	72.7
472.3	74.9
472.3	75.9
472.3	76.8
472.3	77.6
472.3	78.1
472.3	78.7
472.3	79.2
472.3	79.2
472.3	79.8
472.4	79.8
472.4	78.4
472.5	77
472.7	75.9
472.8	75.7
473	77.3
473	77.3
473.1	78.1
473.2	79.2
473.4	80.3
473.4	82.5
473.4	84.1
473.4	84.4
473.5	85.8
473.5	88.2
473.6	89.3
473.7	92.1
473.7	94.3
473.8	95.4
473.8	97
473.9	100.8
473.9	101.6
474	104.6
474.1	107.7
474.2	110.4
474.2	113.4
474.2	116.7
474.3	119.7
474.3	123.5
474.4	128.4
474.3	134.4
474.3	138
474.3	139.4
474.3	141.3
474.3	148.4
474.3	148.9
474.3	152.2
474.3	152.5
474.4	156.6
474.5	167
474.6	169.7
474.6	173
474.6	176.8
474.9	182.8
474.8	184.5
474.8	184.7
474.8	187.2
474.7	188.3
474.7	188.6
474.7	188.8
474.8	185.6
474.7	183.1
474.7	181.2
474.8	178.2
474.9	175.2
474.9	172.4
474.9	169.7
474.9	164.5
474.9	161
474.9	156
474.9	152.5
474.9	151.9
474.9	149.2
474.9	146.2
474.9	145.9
475	143.7
475	141.3
475	140.7
475.1	138.5
475.2	136.4
475.3	133.1
475.4	130.9
475.4	130.3
475.4	128.4
475.4	126.5
475.4	125.4
475.4	125.1
475.4	124.9
475.4	124.3
475.4	124.3
475.4	124.1
475.4	125.1
475.5	125.7
475.6	126.2
475.6	126.2
475.6	125.4
475.7	124.9
475.7	124.3
475.9	123.2
475.9	121.6
476	120.5
476	118
476	115
476	108.7
476	104.6
476	98.6
476.1	91.5
476.2	88
476.3	82
476.4	69.7
476.4	68.8
476.4	66.9
476.3	59
476.3	56.8
476.3	52.4
476.3	47
476.4	45.1
476.5	34.7
476.5	34.1
476.5	34.1
476.5	31.4
476.5	30
476.5	29.5
476.6	28.4
476.7	26.7
476.7	26.5
476.8	25.1
476.8	24.8
477	23.5
477.1	22.6
477.2	22.1
477.3	21.3
477.3	20.7
477.5	21.5
477.5	22.6
477.6	23.2
477.7	24
477.9	24.6
478	25.1
478.2	26.5
478.3	28.1
478.3	28.1
478.3	30
478.3	31.7
478.3	31.7
478.3	33.9
478.3	34.7
478.4	36
478.6	37.4
478.8	38.2
479	38.8
479.1	39.6
479.1	40.1
479.2	41
479.3	41
479.4	40.4
479.5	38.5
479.5	37.7
479.5	37.7
479.7	38.8
479.7	39.6
479.7	41
479.7	41.2
479.9	42.1
480	42.1
480	41.2
480	39.6
480	38.2
480.1	39.3
480.2	40.4
480.3	41.2
480.4	42.1
480.5	42.3
480.5	42.3
480.7	42.3
480.7	41
480.7	41
480.8	41
480.8	41.2
480.9	41.2
481.1	41
481.1	40.1
481.1	39.3
481.2	39.6
481.4	39.6
481.5	39.6
481.7	38.8
481.7	37.7
