27.7	27.1
27.7	27.1
27.9	27.9
28	28.7
28.1	29.5
28.4	29.2
28.5	28.4
28.6	27.4
28.7	26.6
28.8	26.1
28.8	26.1
28.9	24.8
28.9	24.8
29	24.2
29	23.2
29.2	21.9
29.2	20.8
29.2	19.8
29.3	19.5
29.5	20.3
29.5	21.9
29.5	22.9
29.7	24
29.7	24.2
29.7	24.5
29.8	25
30	25
30.1	24.8
30.2	23.5
30.2	22.9
30.3	23.7
30.4	24
30.5	24
30.6	24
30.7	22.9
30.7	22.4
30.9	21.9
31	20.8
31	20.8
31	20.8
31	20.1
31.1	20.1
31.2	21.1
31.3	21.1
31.5	21.4
31.7	20.3
31.7	20.3
31.7	19.5
31.9	19.8
31.9	21.1
31.9	22.1
31.9	22.7
31.9	23.7
32	24.8
32.2	25
32.3	25
32.3	24.8
32.3	23.5
32.4	22.4
32.4	22.1
32.5	21.6
32.7	21.4
32.7	22.1
32.7	22.9
32.9	23.5
33	22.7
33.2	22.4
33.3	23.2
33.6	24.2
33.7	24.5
34	25.8
34	26.9
34	27.4
34	27.9
34.2	28.9
34.4	30
34.4	30.8
34.4	31
34.5	31.3
34.5	31.6
34.5	31.8
34.7	31.8
34.7	31.8
34.7	31.8
34.8	31.8
34.9	31.6
35.1	30.5
35.1	30.5
35.3	29.5
35.5	28.7
36	27.9
36.2	27.9
36.2	27.9
36.3	29.5
36.3	30.8
36.5	31.3
36.5	31.6
36.6	31.8
36.6	32.6
36.7	32.9
36.7	32.9
36.8	32.9
36.9	31.8
37.1	28.7
37.2	28.2
37.2	28.2
37.4	28.4
37.6	28.4
37.8	28.9
37.9	29.7
37.9	30.2
38	30.8
38.2	30.8
38.4	30.2
38.5	29.5
38.4	28.7
38.4	27.9
38.6	29.2
38.6	29.5
38.7	30.2
38.8	30.2
38.9	31.6
39.1	32.1
39.2	32.3
39.3	31.6
39.4	31.6
39.6	31.6
39.9	32.6
40.3	33.6
40.4	34.7
40.5	33.6
40.6	34.7
40.7	35.2
40.9	35.5
41.2	36
41.3	36
41.4	36
41.6	35.7
41.7	35.2
41.7	34.4
41.7	33.6
41.7	33.4
41.7	33.6
41.9	34.2
41.9	35.7
41.9	36.3
42.2	36.5
42.3	36.5
42.4	37.6
42.5	37.6
42.9	38.3
43.1	38.9
43.2	40.4
43.2	41.2
43.2	43
43.2	43
43.4	47
43.4	47.5
43.4	48.3
43.6	49.8
43.7	51.1
43.7	52.5
43.7	53.5
43.8	53.2
43.9	52.2
44.1	51.1
44.1	50.9
44.1	50.4
44.2	49.8
44.3	49.8
44.5	51.1
44.6	54
44.9	56.9
45	59.5
45	61.1
45	63.2
45	65
45.2	67.9
45.2	71.8
45.1	72.3
45.1	72.8
45.2	74.1
45.2	76.2
45.4	77.3
45.4	77.5
45.4	77
45.5	72
45.6	71.5
45.6	69.7
45.6	69.4
45.6	68.1
45.7	66.3
45.7	65
45.8	63.4
45.9	62.6
45.8	59.5
45.9	57.9
45.9	56.9
46	55.8
46	55.3
46.1	54.8
46.2	52.2
46.2	51.9
46.1	50.4
46.1	49.8
46.2	49.3
46.3	50.1
46.4	51.4
46.6	53.8
46.7	54
46.7	55.1
46.8	56.9
46.9	58.7
46.9	60.3
47.1	60.5
47.1	61.6
47.2	61.9
47.2	62.4
47.4	63.4
47.4	63.7
47.4	63.4
47.4	61.6
47.6	59.5
47.8	59.5
47.8	59.5
47.9	61.1
47.9	61.6
47.9	62.1
47.9	62.6
47.9	63.4
48.3	63.2
48.3	61.3
48.4	61.1
48.4	60.8
48.8	60.8
48.9	61.1
49.1	61.6
49.1	61.1
49.2	59.8
49.2	59
49.2	57.7
49.2	55.8
49.2	54.8
49.2	54.3
49.2	52.5
49.4	49.6
49.6	46.2
49.6	45.1
49.6	44.9
49.7	44.4
49.7	43.6
49.7	43
49.9	42.5
50	42.3
50.1	42.3
50.1	41.7
50.1	41
50.2	39.7
50.3	38.9
50.3	38.6
50.3	38.1
50.4	37
50.6	36.5
50.6	36
50.6	35.5
50.7	34.2
50.8	32.9
50.8	31.6
50.8	30.8
50.9	30.2
51.1	30.2
51.2	31.6
51.2	32.9
51.2	33.6
51.3	33.9
51.4	33.6
51.5	32.1
51.5	31
51.7	30.5
51.8	30.2
51.9	29.2
52.1	27.6
52.2	27.1
52.4	25.8
52.4	25.5
52.4	25.5
52.5	24.2
52.5	22.4
52.7	21.4
52.8	20.6
53	23.2
53	23.5
53.2	24.2
53.2	24.8
53.3	25.8
53.3	26.1
53.3	27.1
53.3	27.6
53.3	28.4
53.3	30
53.3	31.3
53.3	31.8
53.5	34.2
53.5	34.9
53.7	36.8
53.7	39.7
53.8	43
53.9	43.8
53.9	46.2
53.9	49.6
53.9	51.1
53.9	51.9
53.8	53.5
53.8	55.6
53.8	55.6
53.9	57.9
53.9	58.5
53.9	64.2
53.9	67.1
53.9	71.5
53.9	71.8
53.9	73.6
53.9	76
54	80.1
54	82.2
54	83.8
54	84.1
54	85.4
54.1	86.7
54.2	88.2
54.2	89.8
54.3	90.1
54.4	90.1
54.5	87.2
54.5	86.4
54.5	85.1
54.5	83.8
54.6	82.5
54.8	80.7
54.8	83.8
54.8	83.8
54.8	86.4
54.8	88.2
54.8	88.8
54.9	92.9
54.9	100.3
54.9	100.5
54.9	105
54.9	108.9
55.1	111
55.2	105.7
55.2	101.3
55.2	98.7
55.2	98.2
55.2	97.4
55.2	96.6
55.2	95.6
55.2	92.7
55.2	89
55.3	86.7
55.4	84.3
55.4	84.1
55.4	82.5
55.5	79.9
55.5	79.6
55.5	78.6
55.5	78.1
55.5	76.2
55.6	74.4
55.6	72.8
55.7	71
55.7	70.7
55.7	69.4
55.7	69.4
55.7	68.4
55.7	67.6
55.7	66.8
55.7	65.3
55.8	63.2
55.8	62.9
55.9	63.4
56	64.7
56	65.5
56.1	65.5
56.2	66.8
56.2	68.6
56.3	67.1
56.4	67.1
56.5	66.8
56.7	67.1
56.7	68.1
56.9	70.7
56.9	73.1
56.9	76
56.9	76
57	77.5
57	78.1
57.1	79.9
57.2	82.2
57.2	84.6
57.2	89.5
57.2	92.2
57.2	93.2
57.2	95
57.3	100
57.3	102.3
57.3	108.6
57.3	110.2
57.3	110.4
57.3	113.1
57.2	113.6
57.2	116.5
57.2	120.4
57.3	122.2
57.3	123.2
57.3	126.6
57.4	131.3
57.4	131.6
57.4	134.5
57.4	136.3
57.4	139.4
57.4	139.4
57.4	140.7
57.4	141.5
57.4	142.3
57.4	143.1
57.4	144.4
57.4	144.4
57.4	144.4
57.5	144.7
57.8	143.6
57.9	141.3
58	141
58.3	135.8
58.3	132.4
58.3	131.3
58.3	128.7
58.3	125.9
58.4	123
58.4	123
58.4	120.6
58.4	115.9
58.4	115.1
58.4	111.2
58.4	109.4
58.4	108.1
58.5	106
58.5	106
58.7	100.3
58.6	96.3
58.6	94.5
58.6	94
58.5	92.7
58.5	90.6
58.7	92.7
58.8	96.1
58.8	96.9
58.8	97.6
58.9	100.3
58.9	102.9
59	105.5
59	106.3
59	106.3
59	104.7
59	103.9
59	102.1
59.2	101.6
59.3	102.9
59.3	103.7
59.4	106.3
59.4	106.5
59.4	108.9
59.4	111.2
59.4	117.2
59.4	119.8
59.4	120.4
59.4	122.2
59.4	125.3
59.5	126.9
59.9	136.8
59.9	140
59.9	142.6
60	143.9
60	145.4
60	147
60.1	148.8
60.1	149.1
60.2	149.6
60.2	149.9
60.3	151.2
60.5	150.9
60.5	148.3
60.5	147.8
60.5	147
60.7	144.9
60.8	143.1
60.9	140.2
61	139.2
61.2	137.9
61.2	137.9
61.3	136.3
61.3	135.5
61.4	133.4
61.6	133.4
61.6	134
61.6	134.7
61.8	136
61.9	137.1
61.9	137.1
61.9	138.1
62	138.4
62.1	138.1
62.2	136.8
62.3	136.3
62.3	136.3
62.4	136.6
62.6	137.4
62.8	137.6
62.9	134.5
62.9	131.3
62.9	131.1
62.9	129
62.9	128.7
63	126.1
63.1	124.6
63.2	121.9
63.3	119.3
63.4	116.2
63.5	112.5
63.6	112
63.6	109.9
63.6	107.6
63.6	105
63.6	102.1
63.6	100
63.7	100
63.7	98.4
63.7	97.4
63.6	95
63.6	93.7
63.7	91.6
63.7	90.6
63.7	90.6
63.8	88.2
63.8	86.7
63.9	85.6
64.1	85.9
64.2	86.7
64.2	86.7
64.3	88.2
64.3	89
64.3	90.6
64.3	91.9
64.6	94.8
64.6	96.9
64.6	97.4
64.7	98.7
64.7	101
64.8	103.9
64.8	106.5
64.7	111.5
64.7	117.2
64.7	122.5
64.7	125.3
64.7	128.7
64.7	131.3
64.9	135.5
64.9	136
64.9	138.4
64.9	138.7
64.9	138.7
64.9	141.5
65.1	142.8
65.1	143.4
65.1	144.4
65.1	146
65.2	146.5
65.3	147.8
65.3	148.1
65.3	148.8
65.6	150.4
65.8	151.5
65.8	151.5
65.9	148.1
66	144.4
66.1	140.7
65.9	136.8
65.8	132.1
65.8	130.6
65.9	126.6
66	123.2
66.2	118.3
66.2	117.8
66.2	114.6
66.3	106.3
66.3	102.3
66.2	99.2
66.3	95.3
66.3	93.7
66.3	84.3
66.4	79.1
66.5	75.4
66.5	74.4
66.7	71
66.8	67.1
66.8	66.6
66.8	62.1
66.8	57.7
66.8	54
66.8	51.7
66.7	45.7
66.7	41.5
66.7	41.2
66.7	39.9
66.9	37.3
67.1	34.9
67.2	33.1
67.4	30
67.5	25.5
67.5	24.2
67.5	22.9
67.6	22.1
67.6	21.9
67.7	21.9
67.8	22.9
67.8	22.9
67.8	25.3
67.8	25.5
67.8	27.4
67.9	29.5
67.9	30.2
68	32.3
68	34.2
68.2	36.5
68.2	37.6
68.2	40.4
68.2	42
68.2	44.6
68.3	49.3
68.3	49.3
68.3	54
68.5	59.5
68.5	63.2
68.5	66.8
68.7	82.2
68.7	83.3
68.7	84.6
68.9	87.5
69	89
69	90.1
69	91.1
69.1	91.9
69.2	91.1
69.4	87.7
69.6	86.9
69.6	89.5
69.6	90.1
69.6	91.6
69.6	92.7
69.8	90.9
69.8	90.3
69.9	88.2
70	87.2
70.1	85.1
70.1	84.8
70.2	85.9
70.3	88.8
70.4	89.5
70.4	90.6
70.4	91.9
70.5	100.5
70.5	103.1
70.6	105.7
70.6	108.9
70.6	113.6
70.7	118.3
70.8	122.2
70.8	122.5
70.9	127.4
70.9	128.2
70.9	131.6
70.9	135.3
71.1	138.4
71.2	137.6
71.2	134.5
71.2	134.5
71.4	136
71.4	136.3
71.4	136.3
71.4	135.5
71.5	134
71.6	132.9
71.6	131.6
71.6	130.6
71.6	130.3
71.7	128.5
71.8	127.4
71.8	127.7
72	130
72.1	131.3
72.1	131.6
72.1	131.9
72.2	130.6
72.4	129.3
72.4	129
72.4	128.5
72.8	129.8
73.1	131.9
73.1	132.1
73.1	130.3
73.1	127.2
73.1	126.4
73.1	123.8
73.3	121.4
73.4	119.8
73.4	118.3
73.6	116.7
73.7	114.1
73.7	112.3
73.8	110.2
73.8	109.9
73.8	108.1
73.8	106.3
73.9	108.9
74	111.5
74.2	114.6
74.2	116.2
74.3	118
74.3	119.1
74.3	119.3
74.3	120.9
74.3	121.7
74.6	122.7
74.6	120.4
74.5	117.2
74.5	114.4
74.5	113.8
74.6	112.3
74.6	111.5
74.8	109.1
74.9	107
74.9	105.2
75	102.9
75.1	102.1
75.1	99.2
75.1	95
75.1	91.6
75.2	86.9
75.2	85.4
75.2	84.8
75.2	84.8
75.2	84.1
75.2	82
75.2	79.6
75.2	78.6
75.2	77
75.3	75.2
75.3	74.7
75.3	74.7
75.4	73.9
75.4	76.5
75.4	78.1
75.4	80.7
75.4	80.9
75.4	82.5
75.5	79.9
75.5	79.4
75.6	80.7
75.7	82.8
75.1	95.6
75.1	100.3
75.1	100.5
75	102.1
75	103.4
75.1	103.9
75.3	104.4
75.4	103.9
75.5	102.3
75.7	100.3
75.7	99
75.7	99.7
75.7	100.3
75.9	101.8
76	104.7
76	104.7
75.9	108.9
75.9	115.9
75.9	116.7
75.9	117
75.9	121.9
75.9	122.2
75.8	125.9
76	130.3
76	132.9
76.1	134.2
76.2	135.8
76.2	136.6
76.3	138.1
76.3	139.7
76.3	139.7
76.4	138.1
76.5	135.5
76.5	135
76.7	132.9
76.7	132.4
76.8	130.6
76.9	130.3
76.9	131.9
77.1	134
77.3	135
77.3	135.8
77.3	137.1
77.3	137.4
77.3	137.6
77.5	136.8
77.7	138.1
77.8	140
77.8	140.7
77.8	141
77.9	141.5
78	141.5
78.1	139.2
78.2	137.4
78.2	136.3
78.2	136.3
78.3	137.1
78.3	138.4
78.5	139.4
78.7	139.4
78.8	137.9
78.8	137.6
78.8	137.4
78.8	137.4
78.9	138.7
79.2	139.2
79.3	138.1
79.3	137.4
79.4	138.4
79.5	140.5
79.5	141
79.5	141.8
79.5	141.8
79.5	142.8
79.7	140.7
79.7	140.7
79.7	138.1
79.8	137.4
79.9	136.6
79.9	135.5
80	135.3
80.1	135.3
80.2	134.5
80.3	132.4
80.3	130.8
80.4	130.8
80.6	134.2
80.6	135.5
80.6	135.5
80.8	138.1
80.8	140
81.1	138.7
81.2	136.6
81.2	135.8
81.2	135
81.2	133.2
81.4	131.1
81.4	129.5
81.5	126.9
81.8	121.2
81.9	118
81.9	117.8
81.9	116.5
82.2	117.5
82.2	119.8
82.2	120.1
82.2	123.2
82.4	126.6
82.4	129.3
82.3	131.6
82.3	131.9
82.3	134
82.3	134.2
82.5	133.7
82.6	133.7
82.7	133.4
82.7	133.7
82.7	134.5
82.8	135.3
82.7	137.1
82.8	137.1
82.9	136.6
82.9	135.5
83	133.4
83	132.4
83.2	132.1
83.3	132.6
83.3	133.7
83.4	134.2
83.5	134.2
83.5	134
83.5	132.6
83.5	131.9
83.7	131.3
83.8	130.8
83.8	129.8
83.8	129.5
83.8	126.9
83.9	124.6
83.9	123.5
84	121.9
84	120.4
84	119.8
84.1	118.5
84.2	118.3
84.2	117.2
84.3	116.5
84.3	117.8
84.4	120.1
84.4	120.4
84.5	122.5
84.4	124.3
84.4	124.6
84.7	121.9
84.8	120.9
84.9	120.1
85	120.9
85	122.2
85.1	123.5
85.3	124.8
85.3	126.1
85.3	126.1
85.4	126.4
85.6	124.8
85.6	122.7
85.6	121.9
85.6	120.1
85.6	117.5
85.7	113.6
85.9	112.3
86	110.4
86.2	108.4
86.4	106.8
86.6	105.2
86.7	103.7
86.8	102.3
86.9	102.3
86.9	102.9
87	104.2
87.1	105.2
87.1	106.5
87.2	109.1
87.3	111.5
87.2	112
87.2	114.4
87.3	116.5
87.3	119.3
87.3	119.3
87.4	120.9
87.5	121.7
87.5	122.2
87.5	122.2
87.5	123
87.6	124
87.6	124.3
87.7	124.8
87.9	124
88	121.9
88.1	119.1
88.1	118.3
88.1	117.5
88.2	117.2
88.3	119.3
88.4	119.3
88.6	117.5
88.7	116.5
88.8	117.2
88.8	118.8
88.9	120.1
89	122.5
89	124.3
89	125.1
89.3	129.5
89.3	130.6
89.5	130.8
89.7	130.3
89.7	130.8
89.7	131.9
89.9	132.6
90	131.3
90.1	127.4
90.2	125.3
90.2	123.8
90.2	121.4
90.3	120.1
90.3	119.1
90.5	117
90.4	115.4
90.4	113.3
90.3	112.8
90.3	111.8
90.3	110.7
90.3	109.9
90.4	108.1
90.6	105.2
90.6	103.9
90.6	103.7
90.7	104.4
90.7	105.2
90.7	111
90.8	113.3
90.8	114.9
90.8	115.4
90.8	116.5
90.9	119.8
90.8	122.7
90.8	123.2
90.8	128.2
90.8	130.8
90.9	132.9
90.9	135.5
91.1	136.8
91.1	138.4
91.1	138.9
91.2	139.7
91.3	139.7
91.3	139.7
91.3	135.5
91.3	133.4
91.3	131.1
91.3	131.1
91.3	129.5
91.3	127.7
91.3	126.4
91.4	125.9
91.6	124.3
91.7	123.8
91.7	121.9
91.7	120.4
91.8	118.5
91.8	116.2
91.9	116.2
92	116.2
92.2	118.5
92.2	119.6
92.3	121.2
92.4	123.2
92.4	125.6
92.4	125.6
92.4	127.7
92.5	130
92.5	130.8
92.5	130.8
92.5	131.6
92.6	132.6
92.7	132.9
92.7	130
92.8	126.6
92.9	126.6
92.9	127.2
92.9	128.5
92.9	129.8
93.1	128.5
93.2	127.4
93.2	125.6
93.4	122.7
93.4	120.9
93.4	119.3
93.6	117.5
93.6	117
93.6	115.1
93.6	113.3
93.6	110.2
93.6	106.8
93.6	104.7
93.7	102.9
93.7	102.9
93.7	101.3
93.6	98.7
93.6	95.8
93.6	95.6
93.6	94.8
93.7	93.5
93.7	91.4
93.7	90.1
93.8	89.8
93.8	86.2
93.8	84.8
93.9	84.6
93.9	84.6
94.1	85.4
94.1	88
94.1	89.8
94.1	91.6
94.1	91.9
94	99.2
94	100
94.2	105.2
94.2	109.1
94.3	116.2
94.4	118.3
94.4	118.5
94.4	121.9
94.6	126.4
94.6	130
94.6	132.4
94.6	132.4
94.6	132.4
94.6	134.2
94.6	135
94.6	138.1
94.7	140.7
94.7	141.5
94.7	142.8
94.7	143.4
94.8	144.4
94.8	145.2
94.8	146
94.9	143.9
94.9	142.1
95.1	141
95.2	142.3
95.3	142.8
95.3	145.2
95.5	147.5
95.6	148.3
95.7	147.5
95.6	144.9
95.7	144.9
96.1	146.2
96.1	145.4
96.1	143.4
96.1	142.1
96.2	141.8
96.3	141.8
96.3	142.6
96.3	144.1
96.4	145.4
96.6	145.2
96.6	143.4
96.6	142.6
96.7	142.6
96.8	142.3
96.8	139.7
96.9	136.6
97	130
97	129.5
97	124.8
97	124.3
97.2	119.6
97.1	114.1
97	109.4
97	104.2
97	103.7
97.1	100.3
97	97.9
97.1	95.6
97.3	91.4
97.4	85.4
97.4	84.8
97.4	83
97.4	80.4
97.6	78.1
97.6	77.8
97.7	73.4
97.7	71.8
97.7	71.5
97.8	71.8
97.8	74.1
97.8	82
97.9	89.3
97.9	91.4
97.9	92.2
97.9	93.5
98.2	98.4
98.3	106
98.3	106
98.3	107.6
98.3	113.1
98.3	115.7
98.5	124.3
98.7	128.7
98.7	128.7
98.8	134.7
98.8	137.1
98.9	138.1
99.1	139.2
99.1	137.4
99.1	137.1
99.1	136
99.2	134.5
99.2	133.2
99.3	132.1
99.3	130.6
99.4	129.5
99.4	128.7
99.5	128.5
99.6	128.5
99.7	129.8
99.8	131.6
99.9	133.2
99.9	134
100.1	134.7
100.1	135
100.2	135.8
100.4	136.8
100.4	137.9
100.4	138.7
100.4	138.9
100.7	138.9
100.9	138.1
101	135.8
101	134.5
101.2	132.6
101.2	132.4
101.3	130.8
101.3	129
101.5	126.9
101.5	126.4
101.7	122.5
101.8	120.4
101.8	119.8
101.8	118.3
101.9	114.6
101.9	112.3
101.9	111.8
101.9	110.4
101.9	109.7
101.9	106.3
101.9	103.9
101.9	100.3
101.9	96.9
102	93.2
102	92.7
102	89.3
102.1	86.7
102.2	84.1
102.3	81.4
102.3	79.1
102.3	78.3
102.3	76.2
102.4	74.9
102.6	70.5
102.7	68.6
102.8	65.5
102.9	65.5
102.9	65
103	64.7
103.1	65
103.1	65.5
103.2	66.3
103.3	68.1
103.6	70.5
103.7	71.8
103.7	72.3
103.7	73.1
103.8	74.7
104	76.7
104	77
104	78.1
104.3	80.1
104.3	80.4
104.3	80.9
104.3	81.4
104.3	82.2
104.5	83.3
104.6	84.1
104.7	84.8
104.7	84.8
104.8	85.6
104.9	85.4
104.9	82.8
105	82
105	79.6
105	77.5
105.2	76.7
105.2	76.7
105.4	76
105.4	76
105.4	74.7
105.5	72
105.6	71
105.7	68.9
105.7	68.4
105.7	67.6
105.8	66.3
106.1	65
106.2	63.7
106.2	63.2
106.2	61.9
106.2	61.3
106.3	61.1
106.4	60.5
106.5	60
106.6	59.8
106.7	61.1
106.7	61.3
106.8	62.9
106.8	62.9
106.8	63.7
106.8	63.9
106.8	62.4
106.8	62.1
106.9	61.1
107	59.8
107.1	58.5
107.2	56.9
107.3	56.6
107.4	55.6
107.4	55.1
107.7	54.8
107.8	56.1
108	58.7
108	61.3
108.1	63.9
108.1	64.2
108.2	67.6
108.3	69.2
108.3	69.7
108.3	70.2
108.3	70.5
108.3	71.8
108.3	72.3
108.4	72.8
108.5	71.5
108.7	70.5
108.8	72.3
108.8	72.8
108.9	74.4
109	75.2
109.2	74.7
109.2	74.1
109.3	73.1
109.3	70.2
109.4	68.1
109.4	67.9
109.4	67.3
109.6	66.3
109.8	65.8
109.8	65.8
110	67.9
110	69.7
110	71.3
110	71.5
110	72.6
110	73.9
110.2	73.1
110.2	72
110.3	71.8
110.4	71
110.5	71.8
110.8	73.1
110.8	73.4
110.9	74.1
110.9	74.7
110.9	75.4
111	76.7
111	77.5
111.2	78.8
111.2	79.1
111.2	79.9
111.3	80.1
111.3	76.7
111.3	76.5
111.3	75.4
111.4	74.7
111.5	72.6
111.6	71.3
111.6	70.5
111.6	70
111.7	68.6
111.8	68.4
111.8	67.3
111.8	67.3
111.8	66.3
111.9	66.8
111.9	67.1
112.1	66.3
112.2	66.6
112.3	69.2
112.3	72.6
112.4	77.3
112.4	78.8
112.4	80.7
112.3	82.2
112.3	83.5
112.7	82.5
112.7	82
112.8	79.9
112.8	79.4
113	76
113.1	73.1
113.2	72.3
113.2	72.3
113.3	73.1
113.4	75.2
113.3	77.8
113.3	77.8
113.3	79.1
113.4	80.1
113.5	81.2
113.7	82.8
113.8	84.6
113.9	87.5
113.9	89
113.9	89
113.9	90.1
113.9	90.9
113.9	91.4
113.9	92.4
114.1	94.8
114.2	96.9
114.2	97.1
114.3	100.3
114.4	102.6
114.4	103.4
114.4	103.7
114.4	104.4
114.4	105
114.5	106.8
114.6	106.5
114.7	105
114.8	104.4
114.9	104.2
115.3	107.8
115.3	108.1
115.3	108.9
115.4	110.2
115.6	112
115.6	112.3
115.7	115.1
115.7	115.4
115.7	117
115.7	117.5
115.7	118
115.7	119.1
115.7	119.1
115.7	119.3
115.8	117.5
115.9	114.9
115.9	115.9
116.1	117.2
116.1	118.8
116.1	119.8
116.2	120.4
116.3	121.2
116.3	121.4
116.3	121.4
116.4	120.9
116.4	119.6
116.7	116.7
116.7	117
116.7	117
116.7	118
116.8	118.3
116.8	117.8
116.8	117.5
117.1	117
117.1	117.5
117.1	117.8
117.2	118
117.2	118
117.3	117.8
117.3	117.5
117.4	117.5
117.4	117.5
117.4	117.5
117.5	118.5
117.5	119.3
117.5	119.6
117.6	119.6
117.8	117.5
117.8	117.5
117.8	116.5
117.8	116.2
117.8	115.7
117.8	115.4
117.9	115.1
118.1	113.8
118.1	113.8
118.2	114.4
118.2	114.4
118.2	114.1
118.4	113.1
118.4	112.3
118.4	111.5
118.6	110.2
118.7	109.7
118.8	109.1
118.9	108.9
119.2	110.2
119.2	110.7
119.3	112
119.3	113.3
119.6	114.6
119.6	115.7
119.7	115.7
119.8	116.2
119.9	117
120.1	117.5
120.1	117.8
120.2	118
120.3	118.3
120.3	118.3
120.4	118.3
120.6	118
120.7	117.8
120.7	118
120.7	118.3
120.7	118.8
120.8	119.3
120.9	119.6
120.9	119.8
121.1	119.3
121.2	119.1
121.3	119.8
121.3	120.1
121.3	120.6
121.4	121.7
121.4	121.9
121.4	122.2
121.4	123
121.6	123.5
121.6	124
121.6	124.8
121.6	125.1
121.8	125.3
121.8	124.6
121.9	123.2
121.9	122.7
121.9	121.9
122	123.2
122.1	124
122.3	124.6
122.3	125.1
122.4	125.9
122.4	125.9
122.6	126.6
122.6	126.6
122.6	126.6
122.7	127.2
122.7	127.2
122.8	127.2
122.9	126.9
123	126.1
123.1	125.3
123.1	124
123.2	122.5
123.2	121.4
123.2	120.9
123.2	120.6
123.2	120.6
123.3	120.6
123.5	120.6
123.6	120.9
123.6	121.7
123.6	121.9
123.8	120.1
123.8	119.6
123.8	119.3
123.9	118.8
123.9	118.5
124.2	120.1
124.4	121.2
124.7	121.9
124.7	122.2
124.7	123
124.7	124
124.8	124.3
124.8	124.3
124.9	124
125	122.7
125	122.2
125.1	121.9
125.2	121.9
125.2	121.9
125.3	121.9
125.4	122.5
125.4	122.7
125.5	122.7
125.5	122.5
125.6	121.2
125.6	120.9
125.9	120.6
126	120.4
126.2	120.1
126.3	120.4
126.4	121.7
126.4	122.5
126.4	122.5
126.5	122.2
126.5	120.6
126.6	119.8
126.7	119.3
126.8	119.1
127	119.1
127.2	119.6
127.2	119.8
127.3	120.4
127.3	119.3
127.3	115.9
127.4	114.9
127.4	114.4
127.5	112.8
127.6	111
127.7	111
127.8	112.8
128	114.6
128	115.1
128	116.2
128.1	118
128.2	118.5
128.3	119.6
128.4	120.4
128.6	120.1
128.7	120.1
128.8	120.1
128.8	121.4
128.8	122.5
128.8	122.5
128.8	122.7
128.9	122.2
129	121.9
129.1	121.7
129.4	122.2
129.4	122.7
129.6	122.2
129.7	121.9
129.8	122.5
130	123.8
130	124.6
130.2	125.9
130.3	126.9
130.3	127.7
130.4	128.5
130.4	128.7
130.6	127.7
130.7	125.6
130.7	123.5
130.7	121.2
130.8	119.1
130.8	119.1
130.8	119.1
130.9	117.8
131	116.5
131.1	114.6
131.1	111.8
131.1	111.5
131.2	110.7
131.2	109.9
131.3	109.9
131.5	111
131.8	113.1
131.9	113.8
131.9	115.4
132	116.5
132	117
132	117.8
132.1	118.8
132.1	119.3
132.1	120.1
132.1	120.4
132.1	120.1
132.2	118.8
132.3	118.5
132.3	118.8
132.4	119.8
132.4	121.2
132.5	122.2
132.6	121.7
132.7	119.3
132.8	118
132.9	117.5
133	117.5
133.1	117.8
133.2	117.8
133.3	116.5
133.3	115.7
133.5	117
133.5	118.3
133.6	118.5
133.7	118.3
133.7	118.3
133.8	118.8
133.9	120.1
134	120.9
134.1	121.2
134.1	122.5
134.2	123.2
134.4	124.6
134.4	125.9
134.4	126.4
134.4	126.9
134.6	126.6
134.8	125.3
134.8	124.6
135.1	122.7
135.1	122.5
135.2	121.7
135.5	122.2
135.5	123.8
135.6	125.1
135.6	125.3
135.7	124.3
135.9	123.2
136	122.7
136.2	123
136.2	123.5
136.2	123.5
136.3	123.5
136.4	120.6
136.5	119.3
136.6	117.8
136.7	116.5
136.8	116.2
136.8	116.2
136.9	116.2
137	116.2
137.2	116.5
137.4	117.8
137.4	117.8
137.5	118.8
137.7	120.6
138	121.7
138.1	122.2
138.2	123.2
138.3	123.2
138.3	123.2
138.4	123.2
138.5	121.9
138.6	120.6
138.7	120.6
138.7	120.4
138.9	120.6
139	121.7
139	122.5
139.1	122.5
139.2	122.5
139.4	120.9
139.4	120.6
139.5	120.4
139.5	119.6
139.6	119.3
139.7	118.5
139.7	118.8
139.8	119.8
139.8	120.6
139.8	121.2
139.8	121.4
139.9	121.7
140	121.7
140.1	121.7
140.3	121.4
140.3	121.9
140.3	122.2
140.3	122.7
140.4	123.5
140.6	124.6
140.6	125.1
140.7	125.6
140.8	124.6
140.8	123.2
140.9	123.2
140.9	123.2
141.2	124
141.3	124.3
141.4	123
141.4	121.4
141.4	121.2
141.4	120.6
141.6	119.6
141.7	118.8
141.8	118.5
141.9	118.5
142	119.3
142	119.3
142.2	120.1
142.2	121.2
142.4	122.5
142.4	123.5
142.5	123.8
142.5	123.8
142.6	123.2
142.7	122.5
142.8	120.9
142.8	120.1
142.9	119.8
142.9	119.6
143.1	119.1
143.2	118.5
143.3	118
143.4	118.3
143.6	119.1
143.6	119.8
143.6	119.8
143.7	120.4
143.7	120.4
143.8	120.4
143.9	120.1
143.9	119.1
143.9	118.3
143.9	118
144	117.5
144.2	117
144.3	116.5
144.4	116.5
144.5	116.5
144.6	117.5
144.7	118
144.8	118
144.9	118.3
144.9	118.3
145	117.8
145.1	118
145.2	119.3
145.3	120.1
145.5	121.4
145.5	122.5
145.5	122.5
145.5	122.7
145.6	122.2
145.7	120.9
145.7	120.6
145.9	119.8
145.9	119.3
145.9	118.5
145.9	117.5
146	116.5
146	115.9
146	115.4
146	114.6
146.1	114.1
146.1	113.8
146.1	112.8
146.2	112.5
146.2	112.5
146.4	112.3
146.4	113.6
146.5	114.1
146.6	114.9
146.7	116.2
146.7	117.2
146.7	118.5
146.7	118.8
146.8	118.8
146.9	117.5
147	117.5
147.1	119.1
147.2	119.3
147.2	120.4
147.3	120.9
147.4	121.4
147.4	122.5
147.5	123
147.6	123.5
147.7	123.8
147.7	124
147.7	124.6
147.8	124.6
147.8	124.8
148	124
148	123
148	121.4
148	121.2
148.1	120.9
148.2	120.4
148.3	120.1
148.5	120.9
148.5	121.7
148.6	122.2
148.7	122.5
148.7	122.5
148.7	121.7
148.7	120.6
148.8	120.4
148.9	120.4
148.9	120.4
149	120.4
149	120.1
149	119.1
149	118.8
149.1	118.3
149.2	118.3
149.3	118.3
149.5	118.3
149.5	118.8
149.6	119.3
149.7	119.8
149.7	120.9
149.7	121.2
149.7	121.4
149.7	121.4
149.7	121.4
149.8	121.4
149.8	120.6
149.9	119.6
150.1	119.3
150.2	118.8
150.4	118.3
150.4	119.1
150.4	119.6
150.4	120.9
150.8	118
150.7	118.8
150.8	119.3
150.9	119.8
151.1	119.8
151.1	119.8
151.1	119.8
151.2	120.6
151.3	120.9
151.4	120.4
151.5	119.3
151.6	118
151.6	117.8
151.9	118.5
151.9	119.3
152	120.9
152.1	122.7
152.1	122.7
152.1	123.2
152.1	124
152.2	124.6
152.2	124.6
152.3	124.3
152.3	123
152.4	121.4
152.6	120.4
152.7	121.2
152.8	122.5
152.9	123.5
152.9	123.8
153	123.8
153	123
153	123.2
153.1	124.6
153.2	125.9
153.3	126.9
153.3	126.9
153.4	126.4
153.5	123.5
153.6	122.2
153.6	121.2
153.6	120.9
153.7	120.6
153.7	120.6
153.7	120.4
153.8	119.6
153.8	118.5
153.9	117.8
153.9	117.5
154	117.8
154.1	117.8
154.2	118.8
154.3	119.6
154.4	121.2
154.5	121.7
154.6	120.4
154.7	120.9
154.7	121.2
154.7	121.7
154.8	122.5
154.8	122.7
154.8	123
154.9	123.2
155	123.8
155	124
155.1	124
155.1	124.3
155.2	124.6
155.3	125.3
155.3	125.9
155.3	125.6
155.4	124.8
155.4	124
155.6	123.2
155.6	122.7
155.7	122.7
155.8	123.2
155.8	124.3
155.8	125.3
155.8	125.6
155.9	125.6
156.2	124.8
156.2	124.8
156.2	125.3
156.2	126.1
156.2	126.4
156.2	127.2
156.4	127.9
156.4	128.2
156.4	128.5
156.4	129.8
156.5	130.6
156.6	131.1
156.7	131.3
156.7	131.6
156.8	131.9
156.8	129.8
156.9	129.5
156.9	127.4
156.9	124.8
157	122.5
157	121.2
157.1	120.9
157.3	118
157.3	117.8
157.3	117.5
157.3	116.7
157.4	116.2
157.4	115.9
157.4	116.2
157.5	117.2
157.6	118.5
157.7	120.4
157.7	120.6
157.8	121.2
157.9	121.2
158	120.1
158	119.6
158	119.3
158.2	119.3
158.3	118.8
158.4	118
158.5	117.5
158.5	116.5
158.5	116.5
158.5	115.4
158.6	114.1
158.6	113.3
158.7	113.1
158.9	112.5
158.9	112.3
159.1	113.3
159.1	114.4
159.1	114.4
159.2	115.9
159.2	118
159.3	119.1
159.3	119.3
159.4	120.1
159.5	120.6
159.5	120.9
159.7	120.4
159.7	119.6
159.7	119.6
159.8	117.8
159.8	117
159.9	116.2
159.9	116.2
160	117
160.1	119.1
160.3	120.1
160.4	120.6
160.5	122.2
160.6	123
160.6	124
160.6	124.6
160.6	125.1
160.7	125.6
160.7	125.9
160.9	125.1
161	123.8
161.1	122.5
161.1	122.5
161.3	123.5
161.5	124.8
161.5	125.1
161.5	124.3
161.6	123
161.6	122.5
161.7	121.4
161.9	121.2
161.9	120.9
161.9	120.9
162.1	122.2
162.1	123.2
162.2	124
162.4	125.6
162.5	126.1
162.5	127.4
162.7	126.9
162.7	126.4
162.7	126.4
162.7	125.9
162.8	126.1
162.8	126.9
162.9	127.7
163	127.2
163	125.9
163.2	124.3
163.2	123.8
163.3	123
163.3	122.5
163.5	120.9
163.5	120.4
163.6	120.1
163.9	122.5
163.9	123.8
163.9	124.3
163.9	124.3
164.1	122.7
164.1	122.2
164.1	121.7
164.2	119.8
164.2	119.1
164.4	120.6
164.5	122.2
164.4	123
164.6	124
164.8	124.8
165	125.1
165.1	124.8
165.3	122.2
165.3	121.2
165.3	120.6
165.3	119.6
165.5	118.3
165.5	117.8
165.6	117
165.9	115.9
165.9	116.2
165.9	117
165.9	117.2
166	117.5
166.1	117.5
166.3	119.8
166.2	119.8
166.2	120.6
166.2	120.9
166.2	121.7
166.2	122.7
166.3	122.2
166.4	121.7
166.4	121.2
166.6	119.8
166.7	119.1
166.7	120.1
166.8	121.2
166.9	122.2
167.1	123.2
167.3	124.3
167.3	124.6
167.3	125.6
167.5	127.2
167.5	128.5
167.5	129.3
167.7	129.8
167.9	127.4
168	124.6
168	124
168	122.7
168	121.7
168	120.1
168	120.1
168.1	119.6
168.2	118.8
168.2	118.5
168.2	118.5
168.3	118.5
168.4	118.8
168.5	119.6
168.6	119.8
168.8	120.4
168.9	120.4
168.9	121.4
169	121.4
169.2	120.9
169.3	120.4
169.3	120.1
169.5	119.8
169.6	119.8
169.8	119.8
169.8	119.8
169.8	120.9
169.8	121.7
169.9	122.5
169.9	122.5
170.1	122.2
170.1	121.4
170.2	121.2
170.4	121.4
170.4	122.7
170.4	124
170.4	124.6
170.5	124.8
170.6	124.8
170.6	124.3
170.7	123.5
170.8	123.2
170.9	123.5
171	123
171.2	122.2
171.2	121.4
171.2	121.4
171.4	120.6
171.5	120.9
171.6	121.4
171.6	122.5
171.7	124.8
171.9	126.6
171.9	126.9
171.9	128.2
172.1	129.3
172.1	130.6
172.1	130.8
172.2	131.6
172.3	131.9
172.3	132.1
172.4	132.9
172.4	134.2
172.4	135.3
172.4	135.8
172.4	136
172.6	136.3
172.7	134
172.9	131.6
173	129.8
173	127.4
173	127.2
173	126.4
173	125.3
173	124
173	123.5
173.1	123.5
173.2	124.8
173.3	125.1
173.3	124.6
173.3	123.8
173.4	123.2
173.5	122.2
173.5	121.9
173.5	121.2
173.5	120.4
173.6	118.8
173.6	118.8
173.6	117.8
173.8	119.3
173.9	121.4
174	121.9
174.1	121.9
174.2	122.5
174.2	122.7
174.3	123
174.4	122.7
174.5	122.7
174.5	123.5
174.5	123.8
174.5	124.3
174.5	125.1
174.5	125.1
174.7	125.3
174.8	125.3
174.9	125.9
174.9	125.9
174.9	126.1
175.1	126.6
175.2	127.4
175.2	128.2
175.2	128.7
175.2	129.3
175.3	129.5
175.4	130
175.5	130.8
175.5	130.8
175.5	128.7
175.7	126.4
175.7	128.2
175.7	129
175.8	130
175.9	130
175.9	129.8
176	128.2
176.1	128.2
176.1	126.4
176.1	125.3
176.2	123.8
176.4	124.8
176.5	125.1
176.5	126.4
176.5	127.9
176.5	129.8
176.5	130
176.6	130.6
176.6	131.1
176.6	131.3
176.8	130.3
176.9	129
177	126.4
177.2	125.9
177.3	127.2
177.3	128.2
177.4	129.3
177.6	129.3
177.7	130.3
177.9	130.8
178.1	131.1
178.3	131.1
178.5	131.1
178.6	130.3
178.7	129.5
178.8	127.9
178.9	126.9
179	125.6
179	125.1
179.1	124.3
179.1	124.6
179.1	126.1
179.2	127.7
179.2	129.5
179.2	129.8
179.2	130.8
179.4	131.9
179.6	131.3
179.6	131.1
179.7	131.9
179.7	132.1
179.8	133.2
179.8	134
180	135.5
180.1	136.3
180.1	137.1
180.2	137.9
180.2	137.9
180.4	138.1
180.4	138.1
180.6	138.1
180.6	138.1
180.7	136.3
180.8	135.3
180.8	134.7
180.9	133.4
181.1	132.9
181.4	132.9
181.7	133.7
181.8	134
181.9	135.3
181.9	136.6
182	137.4
182	138.1
182	138.4
182.1	136.3
182.1	135.3
182.1	133.7
182.5	132.4
182.5	130.8
182.5	129.3
182.6	127.9
182.6	126.6
182.6	126.4
182.6	125.6
182.7	126.4
182.9	129
182.9	129.3
182.8	131.1
182.8	132.9
182.9	134.2
183	135.5
183	136.6
183	136.6
183	138.1
183.1	139.2
183.2	139.7
183.2	140.5
183.2	141.8
183.3	142.3
183.3	143.1
183.3	144.7
183.6	147
183.6	147.3
183.7	148.6
183.7	150.2
183.7	150.9
183.8	152
183.8	153
183.8	154.1
183.8	154.3
183.8	155.1
183.9	155.4
184	154.1
184.1	153.8
184.1	151.7
184.2	149.6
184.2	147.8
184.2	147.3
184.3	144.7
184.4	143.1
184.5	141.3
184.5	140.7
184.5	139.7
184.5	138.1
184.5	136.8
184.4	135.8
184.4	135.5
184.5	135.5
184.5	135.3
184.6	134.7
184.7	136
184.7	137.6
184.8	138.9
184.8	139.4
184.8	140.2
184.8	140.7
184.9	141.5
185	142.6
185	143.1
185.1	143.6
185.1	143.6
185.3	143.4
185.4	141.3
185.5	140
185.5	138.1
185.5	137.6
185.5	136.6
185.7	135.3
185.7	134.5
185.7	132.9
185.8	132.6
185.8	131.3
186	128.2
186.2	125.9
186.2	124.6
186.2	124.6
186.2	124.8
186.4	128.5
186.5	130.3
186.5	132.9
186.5	134.5
186.6	136
186.6	136.3
186.7	137.4
186.7	138.1
186.7	138.7
186.8	139.4
186.9	140
187.1	141.3
187.1	141.8
187.2	142.6
187.2	143.6
187.2	143.9
187.2	143.9
187.5	144.7
187.7	144.1
187.8	144.1
187.8	144.1
187.8	144.9
187.9	146
188	147.5
188.2	148.1
188.4	149.1
188.4	149.4
188.5	150.7
188.5	150.9
188.6	152.2
188.6	152.5
188.7	153.3
188.7	153.5
188.8	154.1
189	155.1
189	155.4
189.1	155.6
189.1	156.4
189.1	156.9
189.2	158.8
189.4	159
189.5	159.3
189.6	159.3
189.7	158.2
189.8	157.2
189.8	155.6
189.8	154.9
190	153.8
190	153
190.1	152.5
190.1	151.7
190.1	151.5
190.1	150.7
190.2	149.9
190.2	149.4
190.4	148.3
190.6	147
190.6	146.2
190.6	146
190.7	145.7
190.8	144.7
190.9	144.4
191	146.2
191.1	147.3
191.1	149.6
191.1	150.7
191.1	151.2
191.1	151.7
191.1	152.2
191.1	152.2
191.3	152.8
191.4	152.8
191.4	152.8
191.5	153
191.5	153.8
191.6	153
191.7	151.5
191.7	150.4
191.7	148.6
191.9	147.3
192.2	148.1
192.4	148.1
192.7	148.3
192.4	147.8
192.6	146.2
192.7	144.4
192.9	141.8
193	140
193	138.7
193	137.6
193.1	136.6
193.1	135
193.2	134.5
193.2	132.6
193.3	130.8
193.3	128.7
193.3	125.3
193.3	124
193.5	123.2
193.6	123.8
193.6	124.8
193.6	126.1
193.7	127.7
193.9	130.6
193.9	130.8
193.9	131.9
193.9	132.9
193.9	133.7
193.9	134
193.9	135.8
193.8	136.8
193.8	138.4
193.8	140
193.8	141.3
193.8	141.3
193.8	142.3
193.8	142.6
193.9	143.4
193.9	143.6
194.1	144.1
194.1	143.6
194.2	141.8
194.3	139.4
194.3	137.6
194.3	135.8
194.3	134.5
194.3	134.5
194.3	135.5
194.7	137.4
194.9	137.9
194.8	136.3
194.8	134.2
194.8	132.1
194.9	130.3
194.9	128.5
194.9	126.9
195	125.6
195	123.2
195.1	120.9
195.1	119.1
195.2	116.5
195.2	114.9
195.2	113.6
195.3	111.2
195.3	111
195.3	110.4
195.3	109.7
195.3	108.6
195.3	108.4
195.4	108.4
195.4	109.7
195.4	109.9
195.5	111
195.6	112
195.7	113.3
195.7	114.1
196	115.1
196	113.3
196	111.2
196	110.7
196	109.7
196.1	108.1
196.2	106.3
196.3	102.9
196.3	102.1
196.4	101.6
196.4	101
196.5	101
196.5	100.5
196.5	100
196.5	99.2
196.5	99
196.6	98.4
196.6	98.2
196.6	97.9
196.7	97.1
196.8	96.6
196.8	96.3
196.8	96.1
196.9	95.6
196.9	97.6
196.9	98.2
197	98.7
197.4	100.3
197.6	100.8
197.7	101.8
197.7	103.1
197.7	105
197.7	105.2
197.9	104.2
197.9	103.7
197.9	105
197.9	105.5
197.9	106.8
198	107.8
198.1	109.7
198.1	109.9
198.1	110.4
198.2	111
198.2	112
198.4	113.1
198.5	114.9
198.6	115.9
198.6	115.9
198.6	118.5
198.6	120.4
198.6	121.2
198.6	121.7
198.8	122.5
198.9	121.7
199.1	119.3
199.1	117.8
199.1	116.2
199.2	115.4
199.3	114.9
199.3	114.1
199.3	113.1
199.5	112
199.5	111
199.6	110.2
199.6	108.4
199.7	107.6
199.7	107
199.8	106.3
199.9	107.3
200.1	107.8
200.1	108.4
200.1	110.2
200.3	113.6
200.3	117.5
200.2	119.3
200.2	120.1
200.2	125.1
200.6	127.9
200.7	132.1
200.6	134
200.6	134
200.6	135.3
200.6	135.8
200.6	136.6
200.6	137.4
200.7	138.7
200.7	138.7
201	140
201	140
201	138.7
201	138.4
201	136
201.1	134.5
201.1	132.6
201.1	132.4
201.1	131.3
201.1	130.6
201.2	128.7
201.2	127.4
201.4	125.3
201.5	123.8
201.8	121.4
201.8	119.8
201.8	119.6
201.8	117.5
201.9	116.5
202.1	115.1
202.2	114.6
202.2	114.4
202.4	114.4
202.4	114.4
202.5	114.6
202.5	114.6
202.6	114.6
202.6	114.4
202.6	113.6
202.6	113.1
202.6	113.1
202.9	113.8
202.9	113.8
203	114.4
203	115.1
203.1	116.2
203.1	117
203.1	118
203.1	118.3
203.1	118.8
203.1	120.4
203.1	120.4
203.1	121.4
203.3	122.7
203.3	123.5
203.3	123.8
203.3	124.6
203.4	125.1
203.6	128.5
203.6	129.8
203.6	130.8
203.7	131.3
203.7	131.9
203.7	134.7
203.7	137.1
203.8	138.7
204	140.2
204.1	141.8
204.1	142.8
204.1	144.7
204.2	145.2
204.2	145.4
204.3	146.5
204.4	146.5
204.5	145.2
204.6	143.4
204.6	143.6
204.6	144.9
204.7	146.2
204.7	146.5
204.8	148.3
204.8	148.6
204.8	149.1
204.8	149.9
204.8	150.9
204.9	152.2
205	153
205.1	155.4
205.1	156.2
205.2	156.2
205.2	155.4
205.3	154.6
205.4	152.8
205.4	150.4
205.5	148.8
205.5	148.6
205.6	149.4
205.7	150.4
205.8	150.7
205.8	150.7
205.8	149.4
205.9	147.8
206	147
206.1	146.2
206.2	145.4
206.4	145.2
206.5	145.2
206.7	145.2
207	142.8
207	140.7
207.1	140.5
207.2	137.9
207.2	137.9
207.3	135.8
207.3	135
207.5	133.2
207.5	133.2
207.6	131.3
207.6	131.1
207.7	130.3
207.8	130
207.9	128.7
207.9	128.2
207.9	127.9
207.9	127.7
207.9	126.6
208	125.3
208	125.1
208	124
208	123.8
208.1	122.5
208.3	121.2
208.3	120.6
208.4	120.6
208.7	123.8
208.7	124.3
208.7	125.3
208.8	126.6
208.9	127.7
209	129.5
209	130.3
209	130.6
209	131.9
209	132.1
209.1	135
209.1	137.4
209.2	138.4
209.2	138.9
209.2	140
209.2	140.2
209.4	141.5
209.4	143.1
209.5	144.1
209.6	146.5
209.7	147
209.7	147.5
209.8	148.1
209.9	148.8
210.1	148.1
210.1	148.1
210.1	148.1
210.1	147.8
210.1	148.1
210.2	150.2
210.3	151.5
210.2	152.5
210.2	152.5
210.3	151.2
210.3	149.9
210.4	148.6
210.5	148.1
210.6	148.3
210.6	148.6
210.8	149.6
210.8	150.4
211	150.9
211.1	148.6
211.2	147.3
211.2	146.8
211.2	146
211.3	145.7
211.3	145.4
211.6	145.2
211.6	145.2
211.7	143.6
211.8	142.6
211.8	141.3
211.8	139.7
211.8	139.7
211.9	137.6
211.9	136.8
211.9	135.3
211.9	134.5
211.9	134.2
212	133.4
212	133.2
212.1	132.9
212.2	132.9
212.2	133.4
212.2	134
212.3	135.8
212.3	136.6
212.4	137.4
212.4	137.6
212.5	137.9
212.6	136.8
212.6	135
212.6	134.5
212.6	133.7
212.6	133.7
212.7	133.4
212.9	133.4
212.9	134.5
212.9	134.7
213	133.7
213	133.2
213	132.6
213	132.4
213.2	131.3
213.5	129.3
213.5	129
213.5	128.7
213.7	130.3
213.7	130.8
213.8	132.1
213.8	133.2
213.8	134.2
213.8	135.8
213.8	136.8
213.8	138.1
213.8	139.2
213.8	139.4
213.9	141.3
214	140.7
214	139.2
214	137.6
214.1	136
214.3	137.4
214.4	139.4
214.5	140
214.6	138.9
214.6	137.1
214.7	136
214.8	134.5
214.9	134.2
214.9	133.4
215	133.2
215	132.6
215	131.9
215	131.6
215.1	130.6
215.2	130.6
215.5	130
215.5	131.3
215.5	132.1
215.6	132.1
215.6	131.9
215.7	131.3
215.7	130.8
215.7	130.3
215.7	130
215.7	129.5
215.9	129
216	128.2
216.1	127.9
216.2	127.9
216.3	127.9
216.4	128.2
216.5	129.3
216.6	130.3
216.6	130.8
216.7	131.9
216.7	133.2
216.8	134.2
216.8	134.2
217	133.2
217.1	131.9
217.1	130.6
217.1	130.3
217.1	129.5
217.2	128.2
217.2	128.7
217.2	130.3
217.3	131.6
217.3	132.4
217.3	133.4
217.4	135
217.4	135.3
217.4	136.6
217.4	138.4
217.5	139.2
217.7	140.7
217.7	141.5
217.7	141.8
217.9	144.1
218	144.1
218.1	144.9
218.1	145.4
218.1	146
218.1	146.8
218.2	146
218.2	144.9
218.2	144.9
218.2	144.1
218.4	143.1
218.6	142.6
218.6	142.6
218.7	143.6
218.8	144.7
218.9	143.6
219.1	143.1
219.3	143.4
219.3	143.6
219.3	144.7
219.4	147
219.5	148.1
219.6	149.1
219.7	149.6
219.7	150.2
219.8	150.9
219.9	151.2
220	152.2
220	153.5
220	154.6
220.3	156.2
220.4	156.9
220.5	158
220.6	157.7
220.6	154.9
220.5	152.8
220.5	151.5
220.7	150.2
220.9	149.1
220.9	148.1
220.9	146.5
220.9	145.2
220.9	145.2
220.9	145.2
221	144.7
221.1	144.4
221.2	143.9
221.3	143.6
221.3	142.6
221.4	141
221.4	140
221.5	140
221.5	138.9
221.6	137.6
221.8	136.8
221.9	135.3
221.9	134.5
222.1	135
222.2	137.4
222.2	138.7
222.6	138.4
222.7	138.7
222.8	139.4
222.9	140.2
223.1	141.8
223.1	142.3
223.2	143.6
223.2	145.2
223.3	146.2
223.3	146.2
223.5	145.7
223.5	144.1
223.6	142.8
223.6	142.8
223.7	144.1
223.7	145.2
223.7	146
223.8	147
223.8	148.1
223.8	148.3
223.8	148.3
224	148.1
224	146.2
224	144.7
224.2	143.1
224.4	142.3
224.6	141.5
224.6	141
224.6	139.7
224.6	139.4
224.6	138.7
224.7	137.4
224.7	134.5
224.7	134.5
224.7	135.8
224.7	136.3
224.8	137.4
225.2	139.7
225.2	140.5
225.4	141.5
225.5	142.3
225.6	142.6
225.9	142.6
226	141.5
226.1	141.3
226.2	141
226.3	141
226.3	141.3
226.4	141.5
226.4	141.8
226.5	141.8
226.5	141.8
226.8	141
226.8	141
226.9	140.5
227	139.4
227	138.1
227.1	138.1
227.4	139.4
227.5	139.4
227.5	138.9
227.5	138.7
227.5	137.9
227.6	136.3
227.6	134.7
227.7	133.7
227.8	132.6
227.9	131.6
228	130.3
228	128.7
228.1	128.7
228.1	127.9
228.2	127.9
228.5	128.7
228.5	130
228.7	131.3
228.7	131.9
228.9	132.6
229	133.2
229	134.5
229.1	135.8
229.3	136.8
229.5	138.1
229.7	137.4
229.7	136.6
229.7	136.6
229.8	136.8
229.9	137.1
230	135.8
230	135.3
230.1	133.7
230.1	132.6
230.2	131.9
230.3	130.8
230.4	130.8
230.4	131.9
230.4	133.2
230.4	134.7
230.4	134.7
230.4	135.3
230.5	136
230.6	136.6
230.7	137.4
230.7	137.9
230.7	138.1
230.7	138.9
230.8	139.7
230.8	140.2
230.9	140.2
231	139.4
231	138.9
231	138.7
231.2	137.9
231.2	136.6
231.2	135.8
231.4	136.6
231.4	136.6
231.5	136.3
231.6	135
231.7	133.2
231.7	132.6
231.8	134.2
231.8	135.8
231.8	136.3
231.8	137.4
231.8	138.4
231.9	138.9
231.9	139.7
232.2	140.5
232.2	140.5
232.2	140
232.3	138.1
232.4	137.1
232.4	136.6
232.4	135.5
232.5	134.2
232.6	133.2
232.7	133.2
232.8	133.4
232.9	135
232.9	136.8
232.9	138.7
232.9	140.2
233.1	141
233.1	141.3
233.2	142.1
233.2	143.1
233.3	144.1
233.3	144.4
233.4	145.2
233.4	145.4
233.4	145.7
233.4	147.3
233.5	147.8
233.5	147.8
233.6	147.8
233.6	146.8
233.7	143.9
233.8	143.1
233.9	142.8
234	143.1
234.1	143.6
234.1	143.4
234.2	141.3
234.3	138.9
234.3	138.9
234.5	137.9
234.5	137.6
234.5	136.6
234.6	136
234.6	135.8
234.8	135
234.8	134.7
234.9	134.2
235	134.2
235	134.2
235	134.2
235.1	134.5
235.1	135.3
235.3	135.5
235.4	135
235.5	135
235.8	134.5
235.9	134.5
236	134.5
236	133.4
236	133.2
236.1	132.4
236.4	130.8
236.4	129.5
236.5	128.2
236.6	126.6
236.7	128.2
236.7	128.5
236.7	129.5
236.8	130.6
236.9	131.9
236.9	132.6
236.9	133.7
237.1	133.4
237.2	131.9
237.2	131.9
237.2	131.1
237.2	131.1
237.3	132.9
237.4	134.7
237.5	135.3
237.6	135.5
237.6	136.6
237.6	137.1
237.7	138.1
237.7	139.2
237.8	140.7
237.9	142.1
238	142.8
238.2	142.8
238.2	142.1
238.2	139.4
238.2	138.7
238.3	135.5
238.3	135
238.4	134
238.4	132.6
238.4	132.6
238.4	131.6
238.5	130.3
238.5	129.3
238.5	127.9
238.5	126.6
238.5	125.6
238.5	124.6
238.5	122.7
238.5	122.7
238.6	121.7
238.6	121.7
238.7	120.9
238.7	120.4
238.8	119.6
238.9	119.1
238.9	118.5
238.9	117.8
238.9	117.8
238.9	117.2
239	117
239	117.5
239	117.8
239.1	118
239.3	118
239.4	117.8
239.4	117.8
239.5	117.8
239.7	117
239.9	116.5
239.9	115.9
239.9	115.4
240	115.4
240.1	116.2
240.1	118
240.1	119.6
240.1	121.2
240.1	122.7
240.1	123
240.1	124
240.1	124.3
240.2	124.8
240.2	125.9
240.4	128.7
240.4	131.1
240.4	131.6
240.4	132.4
240.4	135.8
240.4	140.5
240.4	141.5
240.3	142.3
240.3	144.4
240.3	145.2
240.9	154.9
240.6	151.5
240.6	154.9
240.7	158
240.7	161.6
240.7	163.7
240.7	164
240.8	165.8
240.8	168.7
240.8	170
240.8	170.3
240.9	172.1
240.9	173.1
240.9	173.7
240.9	174.7
241	175.5
241	176
241	176.3
241.1	176.3
241.2	176
241.3	173.7
241.5	170.8
241.5	169.7
241.6	167.4
241.6	166.9
241.6	165.3
241.6	162.7
241.7	160.9
241.7	160.3
241.7	159.6
241.7	156.7
241.7	154.9
241.7	153.3
241.8	152.2
241.8	152
241.8	151.2
241.8	149.9
241.8	148.8
241.8	148.1
241.8	147.8
241.9	147.5
242.1	147.5
242.1	148.3
242.2	148.6
242.3	148.3
242.3	147.5
242.3	147
242.4	146.2
242.4	145.4
242.4	145.2
242.5	144.7
242.7	143.4
242.7	144.1
242.7	145.7
242.7	146
242.7	146.2
242.7	146.8
242.7	147.5
242.7	148.8
242.7	148.8
242.8	148.8
242.8	148.1
242.9	147
242.9	147
242.9	146.2
243.1	145.7
243.2	145.7
243.3	146.2
243.4	146.8
243.4	146.8
243.4	145.7
243.4	145.4
243.4	144.9
243.6	144.1
243.7	143.1
243.8	142.8
243.9	141.5
243.9	140.7
243.9	140.2
244	139.2
244	138.7
244.1	137.6
244.2	135.5
244.2	134.2
244.3	133.4
244.4	133.4
244.6	135
244.6	136.6
244.7	138.9
244.7	140.2
244.7	140.5
244.7	141.3
244.6	142.8
244.5	144.1
244.5	145.2
244.6	146.2
244.7	146.8
244.7	147.3
244.7	147.8
244.9	148.1
244.9	147
244.9	144.9
245	143.1
245	141.5
245.1	140.7
245.2	139.2
245.2	137.6
245.3	136.3
245.3	135.3
245.3	135.3
245.4	134.5
245.5	132.9
245.5	131.9
245.6	133.2
245.6	134
245.6	134.5
245.6	136.6
245.8	138.1
245.9	139.4
246	140.7
246.2	142.8
246.2	143.1
246.3	143.9
246.3	144.9
246.3	146
246.4	146.8
246.4	147
246.5	146.5
246.5	146.2
246.5	144.7
246.6	144.1
246.7	143.9
247	143.9
247.1	143.9
247.2	143.9
247.4	144.1
247.5	143.1
247.5	142.1
247.5	141
247.7	139.4
247.7	140
247.7	142.3
247.7	142.6
247.9	142.8
248	143.6
248	144.4
248.1	145.2
248.2	144.7
248.2	143.9
248.3	144.1
248.3	145.2
248.3	146.2
248.3	146.5
248.5	147.3
248.7	147.3
248.8	146.5
248.8	145.2
248.8	144.4
248.9	143.9
249	143.9
249.1	143.9
249.2	144.1
249.3	145.2
249.3	145.2
249.4	145.7
249.5	146.5
249.6	148.1
249.6	148.1
249.7	149.1
249.7	149.9
249.7	151.5
249.7	151.7
249.8	152.5
249.8	153.5
249.8	154.6
249.8	154.6
249.9	154.6
249.9	153.5
250	152.2
250.1	150.7
250.1	150.4
250.2	150.2
250.2	149.9
250.2	149.1
250.2	148.6
250.2	148.1
250.3	147.8
250.3	147.5
250.3	147.3
250.4	147
250.4	146.8
250.4	146.2
250.5	145.7
250.5	145.4
250.5	145.2
250.6	143.1
250.6	141.8
250.7	141
250.7	139.4
250.7	138.4
250.7	138.1
250.8	138.1
250.9	138.9
250.9	139.4
250.9	140.7
250.9	141.5
251	142.6
251	143.1
251	143.6
251.1	144.7
251.1	144.7
251.1	145.2
251.3	147
251.4	147.3
251.5	146.8
251.5	145.2
251.5	145.2
251.6	145.2
251.7	144.7
251.8	143.4
251.8	142.6
251.8	141
251.9	140
252	138.1
252.1	136.3
252.3	135.8
252.3	135.5
252.4	136
252.5	137.4
252.5	137.9
252.5	139.2
252.6	140.5
252.6	141.5
252.8	142.8
252.9	143.1
253	144.1
253.2	145.2
253.3	145.4
253.5	145.2
253.6	144.9
253.7	144.1
253.8	142.6
254	141.8
254.1	141
254.1	139.7
254.1	138.1
254.1	137.4
254.2	138.1
254.2	139.7
254.2	139.7
254.3	140.7
254.3	140.7
254.5	140.5
254.5	139.4
254.5	139.2
254.6	138.1
254.6	137.6
254.6	137.1
254.6	134.7
254.8	132.9
254.8	131.6
254.9	130.3
255	129.5
255.2	127.2
255.2	127.2
255.2	128.5
255.2	130.6
255.3	130.8
255.3	131.3
255.4	131.6
255.5	131.1
255.6	131.3
255.7	131.3
255.9	133.4
256	135
256	135.5
256.2	136.8
256.2	138.9
256.2	140.2
256.3	141
256.4	141.3
256.5	141
256.5	140
256.5	139.7
256.5	137.6
256.7	138.1
256.9	138.1
257	137.6
257	136.8
257.1	136.3
257.4	136.6
257.5	137.4
257.5	139.2
257.5	140.2
257.6	142.1
257.6	142.6
257.6	142.8
257.6	143.1
257.7	143.4
257.7	143.4
257.9	143.1
257.9	142.8
258	141.5
258.2	141.5
258.3	143.1
258.4	144.7
258.4	145.2
258.4	146
258.4	146.2
258.7	150.7
258.7	150.9
258.7	151.2
258.7	152
258.7	153.8
258.7	153.8
258.8	155.9
258.9	156.7
258.9	157.2
258.9	158
258.9	158.2
258.9	158.5
258.9	158.5
259	159.3
259	159.6
259	158.2
259	155.6
259.1	152.8
259.2	150.4
259.3	148.8
259.4	147.3
259.4	147
259.4	146.2
259.4	145.7
259.6	144.4
259.6	144.1
259.6	142.8
259.7	140.7
259.7	140.5
259.7	139.4
259.8	138.9
259.9	135.8
260	134.5
260	134.5
260.1	136
260.2	137.1
260.2	137.4
260.4	138.7
260.5	140.5
260.6	143.1
260.6	144.7
260.6	146.2
260.6	147.8
260.6	148.8
260.7	148.6
260.8	146
260.9	144.4
260.9	143.4
261	142.1
261.2	140.7
261.2	140.7
261.2	139.2
261.3	138.1
261.5	137.1
261.7	136.8
261.7	137.4
261.7	138.1
261.7	139.7
261.8	141.8
261.8	144.1
261.8	145.4
261.8	146.5
261.9	147.3
262.1	147.5
262.1	147.5
262.3	147.3
262.3	145.7
262.3	145.7
262.5	146.5
262.5	147
262.6	148.6
262.7	150.4
262.7	150.4
262.7	151.2
262.7	151.2
262.8	150.2
262.9	148.8
263.1	148.8
263.3	149.6
263.5	150.4
263.7	149.1
263.7	147
263.7	146
263.9	144.1
264	143.1
264	142.8
264	142.1
264.1	141
264.1	140.5
264.1	141.3
264.1	143.1
264.3	143.6
264.4	144.4
264.5	145.2
264.6	145.2
264.7	144.7
264.8	143.9
264.9	143.4
265	142.8
265.1	142.3
265.3	142.1
265.5	142.6
265.6	143.4
265.6	143.4
265.7	143.1
265.9	141.8
266.1	141.5
266.3	142.3
266.7	143.4
266.8	143.9
266.8	144.1
266.8	142.6
266.8	141.8
266.8	139.4
266.9	138.1
267	137.4
267	136.6
267	135.8
267.1	135.3
267.1	134.2
267.1	133.7
267.2	132.9
267.2	132.6
267.2	132.4
267.2	131.6
267.2	130.6
267.3	129.8
267.3	129
267.5	130
267.6	131.9
267.7	133.7
268	136.3
268.1	137.1
268.1	137.4
268.2	138.9
268.3	140
268.4	142.1
268.4	143.4
268.3	144.7
268.3	145.2
268.3	146.2
268.3	146.8
268.4	145.7
268.6	144.1
268.6	142.8
268.7	142.1
268.8	142.6
268.8	142.8
268.8	143.1
269.1	144.9
269.2	144.9
269.2	143.6
269.3	143.1
269.3	142.6
269.3	141.3
269.5	140.7
269.5	142.3
269.6	143.9
269.6	144.7
269.6	145.2
269.7	146.8
269.7	146.8
269.7	147.3
269.7	147.8
269.7	148.1
269.7	148.3
269.7	148.8
269.7	149.4
269.8	150.7
269.8	150.7
269.9	150.2
270	148.8
270.2	148.1
270.2	148.1
270.3	148.1
270.3	148.1
270.4	148.1
270.4	148.6
270.4	148.6
270.5	146.8
270.5	145.4
270.5	145.2
270.5	144.9
270.5	144.9
270.6	144.7
270.7	143.6
270.8	143.1
270.9	142.6
271	142.1
271	140.7
271	140
271	139.7
271.4	141.5
271.4	141.8
271.6	142.6
271.7	142.3
271.6	141.3
271.6	140.7
271.7	137.1
271.8	135
271.8	134
271.9	132.9
272	131.6
272.1	130.3
272	128.5
272	127.4
272	126.9
272	125.3
272	125.1
272.1	124.6
272.1	124
272.1	124
272.1	122.2
272.1	121.2
272.1	119.3
272.2	118.8
272.2	118.8
272.3	118.8
272.4	119.1
272.5	119.8
272.5	120.6
272.6	123
272.6	123.2
272.7	125.1
272.7	127.4
272.9	134.2
272.9	134.5
272.9	136.6
272.9	137.1
272.9	137.9
272.9	138.7
273	140.2
273.1	140.7
273.2	141
273.2	141.3
273.2	141.5
273.2	142.1
273.3	142.3
273.3	142.3
273.4	142.3
273.3	143.4
273.3	142.8
273.4	140.2
273.5	139.4
273.6	138.4
273.7	138.4
273.7	138.4
273.7	138.7
273.8	140.2
273.9	142.1
273.9	143.6
273.9	144.1
274	145.4
274	146.8
274.1	148.3
274.1	149.4
274.1	150.9
274.1	152.5
274.2	153.5
274.2	154.3
274.2	155.4
274.2	156.2
274.2	157.2
274.2	158.5
274.3	159
274.3	159.6
274.3	160.1
274.3	160.3
274.4	160.9
274.4	161.4
274.4	161.9
274.4	162.4
274.4	163
274.4	163.2
274.6	164
274.6	164.3
274.6	162.7
274.7	161.9
274.7	160.6
274.9	158.5
274.9	157.7
275	155.4
275.1	153.8
275.1	153.3
275.1	152.5
275.1	152
275.1	149.9
275.1	149.1
275.1	148.6
275.2	148.1
275.2	147.3
275.2	147
275.3	146.8
275.3	146
275.6	145.7
275.7	147
275.7	147
275.6	145.7
275.7	146.5
275.8	147.8
275.8	148.1
275.9	149.6
275.9	149.9
275.9	150.7
276	151.2
276	153.5
276	153.8
276	154.3
276.1	155.1
276.1	156.4
276.1	156.7
276.1	157.2
276.2	158
276.3	158.5
276.3	158.5
276.5	158
276.5	157.7
276.6	156.9
276.6	155.4
276.6	153.8
276.6	152.8
276.6	152
276.6	150.9
276.7	148.8
276.8	147.3
276.8	146.8
276.9	146.8
276.9	147
277	148.6
277	148.6
277.1	147.8
277.1	147.5
277.1	146.5
277.1	144.7
277.1	143.6
277.2	142.6
277.2	141.5
277.3	140.5
277.4	140.5
277.4	142.3
277.4	143.9
277.5	144.9
277.6	145.7
277.6	145.7
277.6	144.7
277.7	144.1
277.7	143.6
277.7	142.8
277.7	142.6
277.7	141.5
277.7	140.2
277.7	138.4
277.8	137.4
278	137.1
278	138.4
278	138.9
278	139.7
278	141.5
278	141.8
278.1	143.4
278.2	143.9
278.4	143.6
278.5	144.7
278.6	146.2
278.6	147.3
278.6	148.3
278.5	148.6
278.6	149.9
278.6	150.2
278.8	149.1
278.8	148.6
278.9	146
279	145.4
279.1	144.1
279.1	142.8
279.1	141.3
279.1	140.2
279.1	139.2
279.1	138.7
279.1	137.4
279.2	135.8
279.2	135.5
279.3	135.5
279.3	136.6
279.4	138.7
279.4	140.7
279.4	141.8
279.5	142.8
279.7	144.1
279.7	145.7
279.7	146
279.7	147
279.7	148.3
279.8	149.6
279.8	149.9
279.8	150.7
279.8	151.7
279.8	152.2
280.1	153
280.1	153
280.2	152
280.3	151.7
280.4	149.9
280.4	148.8
280.6	148.1
280.6	148.8
280.7	149.9
280.7	149.9
280.8	149.4
281	150.4
281	150.4
281.1	150.2
281.2	150.4
281.3	151.2
281.3	151.2
281.3	151.2
281.3	150.7
281.4	149.1
281.7	148.3
281.8	146.5
281.8	145.2
281.9	142.8
281.9	141
281.9	140
281.9	139.2
281.9	137.6
281.9	136.3
282	135.3
282	135
282	133.4
282.2	132.6
282.2	132.9
282.3	134.5
282.3	136
282.3	136.3
282.3	137.1
282.4	138.1
282.5	139.4
282.6	140.5
282.6	141
282.7	141.8
282.8	142.3
282.8	143.1
282.8	143.6
282.8	143.6
282.9	143.6
282.9	143.9
283	143.1
283	142.6
283	143.4
283	143.9
283	144.4
283.1	144.9
283.4	144.9
283.4	143.6
283.4	143.4
283.5	142.1
283.6	142.3
283.6	142.8
283.7	142.8
283.9	142.3
284	141.5
284.1	140.5
284.1	139.4
284.1	139.2
284.6	137.1
284.4	136.8
284.4	136.8
284.4	136.3
284.4	136
284.4	135.8
284.6	134.7
284.6	134
284.7	133.7
284.9	133.4
285.1	132.1
285.3	131.1
285.3	130.8
285.3	129.5
285.5	129
285.6	130
285.6	132.4
285.7	134.5
285.7	134.7
285.8	136.3
285.9	137.4
286	139.4
286.1	140.7
286.4	143.1
286.4	144.7
286.5	145.4
286.6	146.2
286.6	147.3
286.7	148.6
286.8	149.9
287	150.7
287.1	148.1
287.1	147.3
287.1	145.7
287.1	143.9
287.1	142.8
287.1	142.3
287.1	141.3
287.1	140.7
287.1	140
287.3	140
287.3	140.5
287.4	141
287.5	141.3
287.5	140.2
287.5	140.2
287.6	140
287.7	141.5
287.7	142.1
287.8	142.3
287.8	141
287.9	139.4
287.9	138.7
288	137.9
288	137.4
288.2	137.4
288.2	137.6
288.3	138.9
288.3	140.2
288.4	140.7
288.6	140.7
288.8	139.7
288.9	138.1
288.9	136.6
288.9	136.3
288.9	135.3
289	134
289.1	131.6
289.3	130.6
289.4	128.5
289.4	128.2
289.5	129.3
289.8	131.1
289.9	133.7
289.9	134
289.9	134.5
290	135
290.1	134.5
290.1	134.5
290.1	135
290.1	135.8
290.2	136
290.2	135
290.3	134.7
290.4	134.5
290.5	134.2
290.5	135
290.5	135.3
290.5	136.3
290.5	136.6
290.4	137.1
290.5	138.9
290.6	139.7
290.6	140.7
290.6	140.7
290.6	142.8
290.8	144.1
290.9	144.9
291	146
291.1	147.3
291.1	149.6
291.1	150.4
291.1	150.7
291.3	152
291.4	152.8
291.4	152.8
291.6	153
291.6	152
291.6	150.7
291.7	147.8
291.7	147
291.7	143.4
291.6	140.7
291.6	138.9
291.6	137.4
291.6	136.3
291.7	135.3
291.7	134
291.8	133.2
291.8	132.6
291.9	131.6
292.1	131.3
292.1	132.1
292.2	134
292.5	135.3
292.5	134.2
292.5	134
292.5	132.9
292.5	131.3
292.5	129.3
292.5	127.7
292.6	126.9
292.6	125.9
292.6	125.1
292.6	125.1
292.6	124.8
292.7	124.8
292.7	124.8
292.7	125.3
292.8	126.9
293	128.7
293	130.3
293.2	133.7
293.2	134
293.3	132.1
293.3	132.1
293.4	133.2
293.6	134.7
293.9	138.7
293.9	139.2
294.2	141.5
294.2	143.1
294.2	143.4
294.5	143.9
294.5	144.4
294.5	140
294.5	138.7
294.6	136.6
294.7	135
294.7	133.4
294.7	132.4
294.7	131.6
294.8	131.3
294.8	130
294.8	129.8
294.8	129
294.8	128.7
294.9	127.4
294.9	127.4
294.9	127.2
295	127.2
295.1	127.4
295.1	128.5
295.4	130
295.4	130.3
295.4	131.1
295.5	130.3
295.6	129.5
295.9	129.5
296.1	132.6
296.2	133.4
296.4	134.7
296.4	131.9
296.7	129.3
296.7	128.7
296.8	126.1
296.8	125.6
296.8	124.3
296.8	122.7
296.9	121.4
297	120.1
297	119.3
297.1	118.3
297.1	116.7
297.1	116.2
297.1	115.1
297.1	115.1
297.2	114.9
297.3	115.1
297.4	115.9
297.6	116.5
297.8	115.9
297.9	116.2
297.9	117.8
297.9	118
297.9	119.3
298.1	121.4
298.3	122.5
298.3	123.2
298.4	124
298.5	124.8
298.6	125.3
298.7	126.1
299	125.3
299	124.8
299.1	123.8
299.2	123.8
299.3	123.2
299.4	122.2
299.5	121.4
299.5	120.9
299.6	119.8
299.6	118.8
299.6	118
299.6	117.8
299.6	117.2
299.7	116.5
299.7	116.2
299.8	117
299.9	118
300.2	119.3
300.4	120.6
300.6	122.5
300.6	123.2
300.5	124.6
300.5	124.6
300.6	123.5
300.8	122.2
300.8	121.4
300.9	120.4
300.9	118.8
301	118
301	116.5
301	115.1
301.1	114.9
301.2	115.7
301.3	116.2
301.3	117
301.4	117.5
301.5	119.1
301.6	120.1
301.6	120.9
301.6	121.9
301.7	123.5
301.8	124.8
301.8	125.1
302	125.9
302	124.6
302.1	123.5
302.1	123.8
302.1	124
302.2	125.1
302.2	125.9
302.3	126.4
302.4	126.6
302.6	126.9
302.6	126.9
302.7	127.2
302.7	127.2
302.9	125.9
302.9	123.5
302.9	122.2
303	120.4
303	119.3
303	118.5
303.2	119.3
303.4	121.2
303.5	121.9
303.5	122.5
303.5	123.2
303.5	124.6
303.6	124.8
303.6	125.3
304	125.6
304.1	125.6
304.4	126.9
304.6	128.5
304.5	129.8
304.5	130.6
304.5	131.9
304.6	132.6
304.8	134
304.8	134.2
304.8	134.7
304.9	135.3
304.9	136
305	136.3
305	135.8
305.1	134
305.1	131.6
305.1	130
305.3	130
305.3	130.3
305.3	131.6
305.4	132.6
305.6	132.9
305.6	132.9
305.7	132.1
305.7	130
305.8	128.5
305.9	126.9
305.9	125.3
305.9	124
306	122.7
306.2	121.9
306.3	123.8
306.5	125.9
306.6	126.9
306.7	128.5
306.9	130
306.9	130.6
306.9	131.3
306.9	131.6
306.9	131.9
306.9	131.1
307	130.6
307.2	130
307.3	130
307.4	129.5
307.5	127.7
307.5	128.2
307.5	129.8
307.5	131.1
307.5	132.9
307.6	134
307.6	134.5
307.8	136
307.9	136.6
307.9	137.6
308	137.6
308.2	136.6
308.2	134.7
308.2	134
308.2	133.4
308.3	131.6
308.3	130.8
308.3	130.6
308.4	129.8
308.6	129.3
308.9	129
309	128.5
309.1	126.6
309.2	121.4
309.2	121.2
309.4	121.2
309.4	120.1
309.5	118.8
309.5	118.8
309.6	116.7
309.7	115.9
309.7	114.9
309.7	114.4
310	115.4
310	117
310.1	118.5
310.1	119.3
310.1	119.3
310.2	119.6
310.3	119.1
310.4	118.8
310.5	119.8
310.6	121.7
310.7	122.7
311	124.8
311.1	126.9
311	127.4
311.1	126.6
311.2	126.9
311.2	128.5
311.2	131.9
311.3	132.1
311.4	134
311.6	136
311.6	138.9
311.9	143.1
311.9	145.2
311.9	145.4
311.9	146.8
311.9	148.3
311.9	149.6
311.9	152
311.9	153.8
311.9	154.6
312	156.2
312	155.9
311.9	152.5
311.9	149.4
312	146.8
312.1	144.9
312.2	142.3
312.2	142.1
312.5	138.4
312.4	136.6
312.4	135.8
312.4	134.2
312.4	132.1
312.3	130.3
312.3	130
312.3	127.9
312.3	125.3
312.4	123.5
312.4	123
312.6	119.8
312.7	118.5
312.7	116.7
312.8	111.5
312.8	109.7
313	105
313.1	102.3
313.2	99.7
313.3	95.8
313.3	95
313.4	93.7
313.4	90.9
313.4	90.1
313.4	88.2
313.4	85.1
313.4	84.6
313.4	83.8
313.4	80.1
313.4	80.1
313.4	77.8
313.5	77
313.5	76.2
313.6	73.9
313.7	71.8
313.8	70
313.8	68.9
313.7	66.6
313.7	65.8
313.8	65.8
314	67.3
314	69.7
314.1	70.5
314.1	73.1
314.1	73.4
314	74.7
314	77.3
314	79.6
314	80.1
314	83.3
314	85.1
314.1	88
314.1	92.4
314.3	97.4
314.4	101
314.4	101
314.5	106
314.5	109.1
314.5	113.3
314.6	114.1
314.9	122.5
314.9	123.8
314.9	124.3
314.8	126.1
314.8	127.9
314.8	128.5
314.9	126.6
315.1	125.3
315.3	125.6
315.3	127.9
315.3	128.7
315.4	129.3
315.5	127.4
315.6	126.9
315.6	126.9
315.9	129.8
315.9	131.6
315.9	133.4
315.8	134
315.8	136
315.8	136.8
316.1	136.8
316.2	140
316.3	141.8
316.4	145.2
316.4	145.4
316.5	146.2
316.5	147
316.6	147.3
316.7	149.1
316.8	149.1
316.8	149.1
316.9	148.3
317.1	144.9
317.1	143.4
317.1	141.8
317.1	138.7
317.1	137.4
317.2	136.6
317.4	136
317.5	135.3
317.5	133.7
317.6	132.4
317.6	132.1
317.7	130.8
317.7	129.8
317.7	129.8
317.9	129.8
318	131.3
318.2	132.6
318.3	134.7
318.3	137.4
318.4	137.9
318.5	139.2
318.6	140
318.8	141.3
318.8	141.5
318.9	142.1
319.1	141.5
319.1	140.7
319.2	139.2
319.2	137.1
319.2	136.6
319.2	135.3
319.3	134.5
319.4	134
319.7	134
319.9	135.5
319.9	137.1
320.1	139.4
320.1	140.2
320.1	140.7
320.2	141.3
320.3	141.5
320.4	140
320.4	139.7
320.4	139.4
320.5	139.7
320.7	141
320.8	141.3
320.8	142.8
321	143.1
321	141.8
321	141.5
321	141.5
321	140.2
321	140
321	140
321.2	140.5
321.3	140.7
321.4	141.8
321.6	142.3
321.8	143.6
321.8	143.6
321.9	142.6
322	141.5
322.1	140.5
322.1	140
322.1	138.9
322.1	137.9
322.3	137.1
322.5	137.1
322.6	137.6
322.7	137.1
322.7	136.3
322.8	135.5
322.9	133.4
323	132.4
323.1	131.6
323.2	131.6
323.4	131.6
323.5	133.7
323.6	134.7
323.7	134
324	133.7
324	135
324	135.8
324.1	136
324.4	136
324.5	135.8
324.7	137.4
324.8	138.1
324.8	138.1
325	137.9
325.2	137.9
325.4	137.9
325.4	139.4
325.3	139.7
325.3	139.2
325.8	138.9
325.9	137.9
326	137.1
326.3	138.1
326.3	140.2
326.3	141.8
326.3	142.6
326.4	144.7
326.3	147
326.3	147.8
326.3	149.1
326.3	149.6
326.4	151.2
326.4	152.2
326.6	152.8
326.6	153.8
326.6	153.8
326.6	154.1
326.9	151.7
326.9	149.9
326.9	147
326.9	145.7
326.9	144.7
326.9	143.1
326.9	142.8
327	141.8
327.1	140.5
327.2	138.4
327.2	136.3
327.2	135.5
327.3	136.3
327.5	137.6
327.5	138.1
327.5	138.1
327.5	137.9
327.5	136.6
327.5	135.5
327.6	134.7
327.7	134.5
327.9	135
327.9	135.3
328	136.3
328.1	137.1
328.1	137.4
328.3	137.9
328.3	137.9
328.4	137.1
328.5	136.6
328.5	136.3
328.6	136.8
328.7	137.1
328.7	137.1
328.8	140.2
329	142.3
329.1	143.4
329.2	144.7
329.2	146
329.3	146.2
329.3	145.2
329.5	142.6
329.6	140
329.6	138.1
329.6	136.6
329.7	135.3
329.8	135.5
330.1	137.9
330.1	138.1
330.1	140
330.1	140.2
330.2	141.5
330.3	142.8
330.3	143.9
330.3	145.2
330.3	145.4
330.4	146.8
330.4	147.3
330.4	147.8
330.4	149.1
330.4	149.4
330.6	149.9
330.6	149.9
330.7	148.6
330.7	146.2
330.7	145.4
330.7	144.7
330.8	144.1
331	144.4
331	144.9
331.2	144.7
331.3	143.4
331.3	143.1
331.3	141.8
331.3	140.7
331.4	138.9
331.4	138.7
331.5	136.8
331.6	135.3
331.7	134
331.9	132.6
332	132.1
332.1	132.9
332.2	134.7
332.2	135.5
332.2	136.6
332.2	138.4
332.3	138.9
332.3	139.7
332.3	141.3
332.3	142.1
332.3	142.3
332.3	142.3
332.6	142.1
332.8	142.3
332.8	143.6
332.8	143.9
332.8	144.9
332.9	146.2
333.1	148.3
333.1	149.1
333.1	149.4
333.1	151.2
333.3	151.7
333.3	152.2
333.3	152.2
333.6	151.7
333.7	150.4
333.8	149.1
333.8	148.6
333.9	148.3
333.9	148.8
334	149.6
334	150.4
334	150.7
334	150.9
334.2	151.5
334.4	151.7
334.5	152.2
334.5	149.9
334.5	147.8
334.5	147.8
334.6	147
334.6	144.4
334.6	144.1
334.6	143.1
334.6	142.3
334.7	140
334.9	138.7
335	140.5
335	141.3
335.1	143.1
335.3	144.1
335.4	147
335.5	147.8
335.5	148.1
335.6	149.1
335.6	149.4
335.7	148.6
335.8	146.5
336.1	143.9
336.3	143.9
336.3	145.4
336.4	147
336.7	147.3
336.8	145.7
336.9	144.1
336.9	141.5
337	139.7
337.1	137.9
337.1	137.6
337.1	137.4
337.4	138.7
337.4	137.9
337.6	133.7
337.6	133.2
337.6	132.4
337.6	131.3
337.6	130.8
337.7	129.3
337.7	129.3
337.8	128.7
338	132.1
338.1	135.8
338	140.7
338.2	144.9
338.2	146.2
338.2	146.5
338.4	147.3
338.5	147.3
338.5	148.3
338.5	149.9
338.7	152.2
338.8	153.3
338.9	153.8
339	152.5
339.5	149.6
339.5	149.4
339.6	147
339.5	145.4
339.6	144.4
339.8	143.6
339.9	142.1
340	140.5
340	140.2
340	138.9
340.1	137.9
340.1	136.8
340.1	136.3
340.2	135.8
340.3	135.5
340.5	135.8
340.6	136.3
340.6	137.1
340.7	138.9
340.6	140
340.9	140.2
340.9	140
341	140
341.2	141.3
341.4	141.8
341.5	141.8
341.6	140.5
341.6	140.2
341.7	139.7
342	139.2
342	138.9
342.1	140.7
342.4	142.6
342.3	143.9
342.3	145.4
342.6	145.7
342.6	144.9
342.7	144.1
342.8	143.9
343.1	145.4
343.1	145.7
343.2	146
343.4	143.9
343.7	142.3
343.7	142.3
343.8	142.1
343.8	144.1
343.8	146.2
343.8	147
343.9	147.8
343.9	149.1
343.9	149.4
343.9	150.4
343.9	150.4
344	153.5
344.1	155.6
344.1	156.9
344.2	158.5
344.3	159.8
344.4	161.4
344.4	159.6
344.6	157.2
344.6	156.9
344.6	154.9
344.6	152.8
344.7	149.9
344.9	147.5
344.9	147.5
344.9	146
344.9	144.7
344.9	143.4
344.9	142.3
345	141.8
345	141.8
345.2	141.8
345.3	141.8
345.3	140.7
345.3	139.4
345.4	138.1
345.4	137.9
345.5	136.8
345.5	136.6
345.6	135.8
345.7	134.5
345.9	134.7
346	135.8
346	137.1
346.1	139.7
346.1	140
346.1	141.3
346.2	142.6
346.3	141.5
346.4	141.3
346.5	143.1
346.6	143.9
346.7	143.6
346.7	143.1
346.8	142.1
347	140.7
347.5	140.2
347.5	141.3
347.5	141.8
347.6	142.1
347.8	140.2
347.9	141.3
347.9	143.6
348.2	150.2
348.2	150.4
348.1	153.3
348.1	154.3
348.1	154.6
348.1	155.4
348.3	154.1
348.6	151.5
348.6	150.9
348.7	150.7
348.8	151.2
348.8	151.5
349	153.5
349.1	154.3
349.3	154.3
349.6	152.8
349.7	151.5
349.4	153.8
349.4	152.8
349.5	152
349.7	150.9
349.9	149.9
350	148.8
350	148.6
350.3	148.6
350.4	149.6
350.4	149.6
350.5	149.4
350.6	147.8
351	149.1
351	149.4
351.1	146.8
351.1	145.2
351.1	143.4
351.1	142.3
351.2	140.5
351.3	141
351.4	142.6
351.4	145.2
351.5	146
351.5	147
351.6	148.1
351.8	148.6
351.9	148.3
352	145.7
352.1	145.7
352.4	148.3
352.4	148.8
352.5	147.8
352.6	146.8
352.6	145.2
352.6	142.8
352.6	141.3
352.9	137.6
353.2	134.7
353.2	136.6
353.1	139.4
353.1	141.3
353.2	144.7
353.2	145.2
353.4	147.5
353.6	147
353.6	146.2
353.6	143.9
353.8	142.1
353.8	141.3
354.1	140
354.1	137.4
354.1	135.3
354.2	134.5
354.3	135.3
354.3	136.3
354.4	137.1
354.5	138.1
354.6	140
354.7	140.2
354.8	141.3
355	141.8
355.1	141.5
355.1	139.2
355.2	139.4
355.2	140.5
355.4	139.4
355.6	137.9
355.7	136.3
355.9	137.4
356	139.7
356	140
356.1	141.3
356.3	142.1
356.3	142.1
356.4	143.4
356.4	144.7
356.4	147.3
356.5	148.8
356.5	149.1
356.5	150.2
356.7	150.9
356.8	152.5
356.8	154.1
356.9	155.4
357.3	154.6
357.4	152.2
357.6	149.6
357.9	149.4
358.1	149.9
358.1	147.5
358.1	145.2
358.1	143.4
358.1	141.3
358.1	139.2
358.1	138.7
358.2	137.6
358.3	136.3
358.6	136.3
358.7	138.1
358.9	140.5
358.8	142.8
358.8	145.7
358.8	146.2
358.9	147.8
359.1	149.6
359.2	151.5
359.2	152.5
359.3	152.8
359.6	151.7
359.6	149.4
359.6	147.8
359.6	147.8
359.8	151.2
359.8	152.2
359.9	154.1
360	155.1
360.1	156.2
360.2	157.2
360.3	157.5
360.3	154.9
360.3	152
360.3	151.5
360.5	149.6
360.5	148.1
360.5	147
360.6	144.7
360.6	141.5
360.6	140
360.6	138.9
360.7	136
360.8	135.8
361	135
361	134.7
361.1	135
361.1	137.1
361.1	138.9
361.1	139.4
361.3	141.3
361.4	142.3
361.6	140.2
361.6	140
361.7	141.3
361.7	142.3
361.9	143.1
361.9	142.8
362.1	141.5
362.2	141.3
362.4	142.1
362.6	143.1
362.6	143.4
362.7	144.9
362.7	147.5
362.7	148.8
362.8	149.4
362.9	147.8
362.9	147.3
362.9	145.2
363	143.9
363	143.9
363.1	145.2
363.1	147
363.1	147.8
363.2	148.6
363.2	149.6
363.4	150.4
363.5	150.2
363.7	147.8
363.7	147.3
363.7	145.2
363.8	138.9
363.8	137.1
363.8	136.3
364.1	134.7
364.1	134.7
364.3	136.6
364.5	138.1
364.7	139.4
364.7	140.5
364.7	141.8
364.8	143.1
364.9	146
365	146.2
365.1	152.5
365.1	152.8
365.3	152.8
365.5	151.2
365.5	151.2
365.6	151.5
365.6	152.2
365.7	151.2
365.8	150.4
366.1	150.4
366.2	150.9
366.2	152.5
366.4	153.8
366.6	154.1
366.7	152.8
366.6	150.2
366.6	149.9
366.6	148.8
366.8	146.8
367	145.2
367.1	144.1
367.4	140.7
367.5	140.5
367.5	140.5
367.5	143.4
367.6	147.5
367.8	149.1
367.8	149.9
367.8	151.2
367.9	152
368.1	153.3
368.1	153.5
368.2	149.4
368.2	148.6
368.2	148.1
368.2	147.8
368.2	147.5
368.3	148.8
368.4	147.5
368.5	146.5
368.7	145.2
368.8	144.7
368.9	143.6
369.1	141.5
369.2	141.3
369.3	142.8
369.4	145.4
369.4	147.3
369.4	149.1
369.4	150.7
369.7	154.3
369.7	155.4
369.8	154.1
369.9	152
370	150.2
370	148.1
370.3	145.7
370.4	145.4
370.6	144.9
370.7	143.6
370.8	139.4
370.8	137.1
370.9	135
370.9	134.2
371.3	134.5
371.3	136.8
371.3	138.7
371.3	141
371.3	142.1
371.6	141
371.8	141.3
371.8	142.8
371.9	144.4
371.9	144.7
372	145.7
372.1	145.4
372.2	145.2
372.2	143.9
372.3	143.6
372.5	143.6
372.5	144.4
372.6	143.4
372.7	140.5
372.7	140
372.8	139.4
372.9	139.7
373.1	141.8
373.2	141.8
373.3	143.4
373.4	144.1
373.6	144.4
373.6	144.7
373.9	142.1
374	141.5
374	140.2
374	140
373.9	138.7
373.9	138.4
373.9	137.1
373.8	135.3
373.9	135.3
374.2	136.3
374.5	137.9
374.6	138.4
374.8	138.7
374.8	138.7
374.9	138.1
375	136.8
375.1	136.6
375.3	135.8
375.4	135.5
375.4	134.7
375.5	134.5
375.7	138.4
375.5	140.2
375.5	141.8
375.6	142.8
375.8	144.4
375.8	145.4
375.8	148.3
375.9	150.2
375.9	151.7
376	153.3
376	153.8
376	154.1
376	154.9
376.1	154.9
376.2	154.9
376.3	153.3
376.3	153
376.3	151.7
376.5	151.2
376.6	151.2
376.8	148.3
376.8	146.5
376.9	144.4
376.9	142.1
376.9	140.2
376.9	138.1
376.9	135.5
377	134.2
377.1	131.1
377.1	129.3
377.1	129
377.4	129.8
377.4	131.9
377.5	133.7
377.6	136.6
377.6	138.4
377.6	138.7
377.8	140.5
377.9	143.9
378	147.5
378.1	148.8
378.1	152.2
378.2	154.3
378.2	155.1
378.4	155.4
378.5	153.3
378.7	149.9
378.7	148.3
378.7	146.8
379	146.8
379	146.8
379.1	147.3
379.1	146.2
379.2	144.4
379.3	142.6
379.4	141
379.5	140.5
379.7	141.3
379.9	141.5
380.1	140
380.2	140
380.2	139.2
380.3	136.8
380.3	135.8
380.3	135.5
380.4	132.6
380.6	130.6
380.6	129
380.7	126.9
380.7	126.1
380.7	125.3
380.8	124.8
381	126.1
381.1	127.9
381.1	129.8
381.2	132.1
381.3	134
381.3	135.3
381.4	136.6
381.5	136.3
381.6	135
381.6	135
381.7	136.6
381.7	137.1
381.7	137.4
381.8	137.9
381.9	137.9
382.1	135.8
382.2	134.2
382.2	134
382.2	132.4
382.2	131.9
382.3	131.9
382.4	133.7
382.5	134.7
382.5	135.3
382.5	135.8
382.7	134.7
382.7	132.9
382.8	131.3
382.9	129.5
382.9	128.2
382.9	126.6
383.1	127.4
383.2	128.2
383.3	129
383.4	127.9
383.4	127.4
383.4	126.4
383.5	124.8
383.7	124.8
383.8	126.6
383.9	129.5
384	129.8
384	131.3
384	133.2
384	135
384	135.3
384	135.5
384.1	134.7
384.4	130
384.4	128.5
384.4	127.9
384.4	126.9
384.5	124.6
384.5	123
384.5	123
384.6	120.6
384.6	118.3
384.6	117.2
384.6	116.7
384.7	116.2
384.7	114.6
384.7	114.6
384.8	114.1
384.9	114.1
385	114.6
385.2	115.9
385.2	117.2
385.2	118.3
385.3	119.1
385.4	117.5
385.4	117.2
385.5	116.5
385.5	114.6
385.5	111.2
385.5	110.2
385.6	108.9
385.7	108.1
385.7	107.6
385.7	107
385.7	107
385.8	108.9
385.8	109.1
385.8	109.4
386.1	108.1
386.1	107.6
386.1	106.5
386.2	105.5
386.3	104.7
386.3	104.7
386.4	104.7
386.4	105.5
386.6	106
386.6	106.8
386.7	108.1
386.7	109.9
386.7	111.8
386.7	112.8
386.9	115.4
386.8	119.1
386.8	120.1
387	124
387	124.3
387	132.1
386.9	135.5
386.8	138.4
386.9	141
386.9	142.8
387.1	144.7
387.2	144.9
387.3	145.2
387.4	145.2
387.5	142.6
387.5	141.3
387.7	141.8
387.8	141.3
387.8	139.7
388	138.7
388.2	138.4
388.3	136.8
388.3	136
388.3	134.2
388.4	131.9
388.4	131.9
388.5	129
388.5	126.4
388.6	122.2
388.7	121.7
388.8	117.8
388.8	115.9
388.9	113.3
388.9	111
388.9	109.7
388.9	108.4
389	107
389.2	105.7
389.3	105.5
389.5	106.8
389.5	108.1
389.5	109.7
389.5	110.7
389.5	111.5
389.7	111.2
389.9	109.9
390	109.9
390.1	110.4
390.1	110.4
390.2	109.7
390.5	108.9
390.7	110.2
390.7	112.5
390.7	113.8
391	113.1
391	112.3
391.2	110.7
391.4	108.9
391.5	108.1
391.6	109.4
391.7	110.7
391.8	112.5
392	114.4
392	116.2
392.1	114.4
392.2	113.3
392.3	111.2
392.3	111.2
392.5	111.8
392.5	112
392.6	111
392.6	109.9
392.7	109.1
392.7	109.1
392.8	109.1
393.1	109.9
393.2	111.2
393.3	112.5
393.4	112.3
393.4	112.3
393.6	112.3
393.7	114.4
393.8	115.4
393.8	115.7
393.9	116.2
394	115.7
394	114.1
394.1	111.2
394.2	110.4
394.2	109.4
394.2	107
394.3	105.2
394.3	104.4
394.5	105.2
394.5	105.5
394.5	108.1
394.6	110.4
394.7	111.8
394.8	114.6
394.8	114.6
394.8	116.2
394.7	120.6
394.7	122.5
394.9	125.6
394.9	127.2
394.9	128.7
394.9	129.3
394.9	129.8
395	129.8
395.2	129.8
395.3	127.4
395.5	125.3
395.5	125.1
395.6	124.3
395.6	122.7
395.8	120.9
395.8	120.6
395.8	119.3
395.9	117
396	115.4
396	114.4
396.1	112.5
396.1	111.2
396.1	109.9
396.1	109.7
396.1	108.4
396.1	106.5
396.1	102.3
396.1	103.4
396.3	106.8
396.3	109.9
396.3	111.5
396.4	110.7
396.5	109.1
396.6	106.8
396.6	106.3
396.7	105.7
396.8	104.4
396.9	106
397	109.9
397	111
397.1	112.5
397.2	114.1
397.4	114.4
397.5	115.4
397.6	116.7
397.6	117.5
397.6	117.8
397.6	117.8
397.9	117.8
398.2	117
398.3	115.9
398.3	114.4
398.5	112.5
398.6	110.7
398.6	110.4
398.7	109.4
398.7	108.9
398.9	110.7
399	113.3
399	115.1
398.9	117
399	117.5
399.2	118.3
399.3	118.3
399.3	118.5
399.5	119.3
399.5	119.3
399.6	117.8
399.7	115.9
399.8	113.3
399.8	111.2
399.8	109.7
399.8	107.6
399.9	105.5
399.9	105
399.3	116.2
399.4	116.7
399.4	116.7
399.4	117.5
399.5	118
399.5	118.3
399.6	118.5
399.7	117.8
399.8	116.2
399.8	115.1
399.9	114.4
399.9	113.1
400	110.7
400	109.1
400	108.1
400.3	105.5
400.4	103.9
400.4	104.7
400.4	106.8
400.5	107
400.6	109.1
400.8	111
400.9	112
401.1	113.1
401.1	114.1
401.3	115.9
401.4	117.5
401.5	118
401.5	119.1
401.5	120.4
401.5	121.2
401.5	122.2
401.7	123
401.9	123.5
402	121.9
402	121.7
402	121.7
402.1	122.7
402	125.6
402.1	126.1
402.4	126.1
402.6	125.9
402.7	125.9
402.7	124.3
402.8	123.5
402.9	124.3
402.9	125.9
403	126.4
403.2	127.4
403.2	128.5
403.2	129.5
403.2	130.3
403.3	130.6
403.4	130.6
403.5	129.5
403.5	129.3
403.5	129.3
403.5	130
403.6	130.8
403.6	130.8
403.6	131.3
403.7	131.9
403.7	131.9
403.8	130.6
403.9	129.3
404	127.7
404.1	126.9
404.3	126.6
404.6	124.8
404.6	124.6
404.6	124.3
404.7	122.7
404.7	122.2
404.7	121.4
404.6	119.6
404.6	119.1
404.9	118.8
404.9	118.8
405	120.9
405.1	121.2
405.3	122.5
405.4	122.7
405.5	122.7
405.6	121.7
405.6	120.9
405.7	120.9
405.8	121.4
405.8	122.7
405.8	124
405.8	124.8
406	124
406.1	123
406.1	122.2
406.2	122.2
406.3	122.2
406.5	122.7
406.8	122.5
406.8	122.2
406.8	120.9
406.8	120.4
406.8	120.6
406.9	123.5
407.1	125.6
407.2	126.9
407.3	128.2
407.5	128.7
407.7	128.7
407.8	126.4
407.9	124.8
407.9	123.5
408	123.5
408	124.3
408.1	124.6
408.2	125.9
408.3	126.4
408.4	126.4
408.5	123.8
408.5	123.2
408.5	122.5
408.6	121.9
408.6	120.9
408.6	119.1
408.7	119.3
408.7	121.7
408.9	123.8
408.9	126.1
409	127.7
409.1	129.8
409.2	131.3
409.2	132.9
409.3	133.4
409.4	134.5
409.4	135
409.8	136.3
410.3	136.6
410.5	138.1
410.5	140
410.5	140.7
410.5	142.6
410.5	144.9
410.5	148.8
410.7	149.6
410.8	150.4
410.9	152.8
410.9	150.9
410.9	150.2
410.9	148.6
411.1	146.8
411.2	145.4
411.4	146
411.6	144.4
411.6	142.8
411.6	140.2
411.7	140.5
411.8	140.7
411.9	143.1
412.2	141.8
412.2	141.3
412.4	140.7
412.3	140.7
412.3	141.8
412.5	143.9
412.6	144.9
412.9	145.7
413	145.7
413.1	144.4
413.2	144.1
413.2	144.1
413.3	144.4
413.5	144.4
413.5	143.6
413.6	142.3
413.7	140.7
413.8	139.4
413.8	138.1
413.8	137.6
413.8	137.1
413.8	136.8
413.8	136.6
413.9	135
413.9	135
414	135.5
414.1	136.8
414.1	137.6
414.3	138.7
414.4	139.7
414.4	139.7
414.5	139.7
414.5	140.2
414.6	140.2
414.8	139.4
414.9	138.4
414.9	137.4
414.9	136
414.9	135.3
415	135
415.1	133.7
415.2	133.2
415.3	132.9
415.5	132.9
415.6	133.4
415.6	134.2
415.6	135.3
415.7	135.8
415.7	135.8
416	135.8
416	135.8
416.1	136.8
416.2	137.4
416.3	138.1
416.4	139.4
416.4	140.2
416.4	141
416.4	141
416.4	141.5
416.5	141
416.6	140.7
416.6	140
416.6	139.2
416.6	138.9
416.8	137.6
416.8	137.6
416.9	137.4
417	138.9
417	141
417.1	141.8
417.2	142.3
417.3	142.6
417.3	143.4
417.5	143.6
417.6	142.8
417.7	142.1
417.7	141
417.8	140.5
417.9	140
417.9	140.2
418.1	140.7
418.3	141.3
418.4	141.3
418.4	141
418.4	140.2
418.4	139.7
418.6	139.7
418.7	140
418.8	141
418.9	141.8
419	142.6
419.1	142.1
419.1	141
419.2	140.5
419.2	140
419.3	138.7
419.4	137.1
419.4	135.8
419.3	135.5
419.4	134.5
419.4	133.7
419.5	132.9
419.6	132.9
419.7	132.9
419.8	133.7
420	134.7
420.1	136
420.2	136.8
420.2	136.6
420.2	135.8
420.3	134.7
420.3	134
420.4	133.4
420.5	132.9
420.6	134
420.6	135
420.6	135.8
420.7	136.8
420.9	136.8
421	136.6
421.1	135.3
421.3	134.7
421.4	135
421.6	136.8
421.6	137.4
421.7	139.2
421.8	140.2
421.8	140.7
421.8	141.8
421.9	141.5
421.9	142.1
422	143.1
422	143.9
422.2	143.9
422.2	143.1
422.2	141.8
422.2	141.3
422.4	140.2
422.4	140.2
422.5	140.5
422.5	141.5
422.5	141.8
422.7	142.1
422.8	141.8
422.9	143.1
422.9	145.2
422.9	145.4
423.1	147.3
423.1	148.6
423.1	149.6
423.2	150.4
423.2	151.5
423.3	149.1
423.3	147
423.3	144.9
423.3	144.7
423.3	143.1
423.3	141
423.4	139.7
423.5	137.4
423.6	136
423.6	136
423.6	134.5
423.7	133.4
423.7	131.6
423.8	131.1
423.9	129.3
423.9	129.3
424	128.2
424	127.9
424	127.7
424.2	129.8
424.5	133.4
424.6	136.6
424.6	138.4
424.6	139.2
424.6	141.3
424.6	142.8
424.7	143.4
424.8	144.7
424.8	146
424.9	146
424.9	144.4
424.9	143.1
424.9	142.1
424.9	141.3
425.1	140.5
425.2	140.5
425.5	141.5
425.6	141.3
425.6	140.2
425.6	139.7
425.8	139.2
425.8	139.2
426	140.2
426	139.2
426	137.4
426.1	137.4
426.1	136.3
426.3	136
426.4	137.4
426.4	139.2
426.5	141.5
426.6	143.9
426.7	147.3
426.7	148.1
426.9	151.2
427.1	153
427.1	153.3
427.1	154.6
427.1	155.4
427.2	157.2
427.3	158.2
427.3	160.3
427.5	162.7
427.5	163.2
427.6	162.4
427.7	162.4
427.7	159
427.7	156.2
427.8	154.3
427.8	152.5
427.9	150.9
427.9	150.4
428	149.6
428.1	147.8
428.1	146.8
428.3	145.7
428.5	145.7
428.6	146
428.8	146.8
428.8	147
428.9	147.3
429	147.3
429.1	146.8
429.1	145.7
429.1	145.2
429.3	144.9
429.3	144.9
429.4	143.6
429.4	143.1
429.6	142.1
429.6	140.7
429.6	139.7
429.7	139.4
429.9	140.2
430	141.8
430	141.8
430	142.8
430.1	144.1
430.1	144.4
430.4	145.4
430.5	144.4
430.6	144.9
430.6	145.2
430.8	147
430.9	147.5
431	146.5
431.1	144.4
431.1	143.1
431.2	142.1
431.3	140.2
431.4	139.7
431.5	140
431.5	140.7
431.8	140
431.9	141.5
431.9	141.8
432	142.6
432	144.1
432	144.4
432.1	145.4
432.2	144.4
432.4	143.4
432.4	143.4
432.4	144.7
432.4	146
432.7	147.8
432.8	148.6
432.8	150.2
432.8	151.5
432.9	152.2
433.1	150.9
433.2	150.7
433.2	149.1
433.3	148.6
433.5	149.6
433.5	150.7
433.6	152
433.8	152
434.1	149.4
434.1	147
434.2	144.9
434.2	144.4
434.4	143.6
434.6	142.3
434.6	142.3
434.6	141.8
434.8	142.6
435	143.6
435.2	143.4
435.4	143.9
435.5	144.7
435.6	147
435.8	148.3
435.9	150.4
435.9	151.2
436	152
436.1	153.8
436.1	154.3
436.2	155.1
436.3	156.4
436.4	157.5
436.4	157.7
436.4	158.2
436.6	158.2
436.6	158.2
436.6	155.9
436.6	152.8
436.6	150.9
436.8	149.9
436.8	148.1
436.8	147.5
437	146.5
437.1	146
437.2	145.7
437.2	144.7
437.2	143.6
437.3	141.8
437.3	141
437.5	142.1
437.5	144.1
437.5	144.7
437.5	147
437.6	149.1
437.6	149.1
437.6	150.7
437.7	153.8
437.7	155.4
437.8	156.9
437.9	158.2
437.9	159.3
438.1	159
438.1	156.4
438.1	154.1
438.2	151.2
438.2	149.1
438.2	148.6
438.2	147
438.2	145.7
438.2	145.7
438.2	144.7
438.2	143.9
438.3	145.2
438.3	147
438.5	149.1
438.6	150.9
438.6	151.2
438.7	151.7
438.7	149.4
438.7	146.8
438.8	145.4
439	143.6
439	142.8
439	142.1
439	141
439	140.7
439	140
439	139.4
439.4	138.1
439.4	138.9
439.7	141
439.7	141
439.5	143.1
439.5	145.7
439.6	147.3
439.7	148.1
439.9	147.3
440.1	146.2
440.1	146
440.2	146
440.3	146
440.4	146
440.4	147.5
440.4	147.8
440.6	150.9
440.6	152.5
440.6	154.3
440.7	157.2
440.9	159
441	158.5
441.1	156.4
441.2	154.1
441.3	152.5
441.3	150.2
441.4	148.8
441.5	146.2
441.5	145.7
441.5	144.4
441.6	143.4
441.6	143.1
441.6	142.3
441.8	142.3
441.9	143.4
441.9	143.6
442	144.4
442	144.9
442.1	144.9
442.2	144.9
442.3	146.5
442.3	146.8
442.4	149.1
442.4	149.4
442.4	149.6
442.5	147.8
442.6	146.2
442.7	145.2
442.9	143.9
443.1	142.3
443.2	143.1
443.3	145.7
443.3	148.1
443.3	150.2
443.5	152.8
443.5	154.1
443.6	154.3
443.7	153.5
443.7	152.5
443.7	151.7
443.8	150.9
444	149.1
444	149.1
444.1	148.3
444.3	147.5
444.4	147
444.5	146
444.6	144.4
444.8	142.3
444.8	142.1
444.8	142.1
444.9	142.1
445	142.1
445.1	142.3
445.4	143.6
445.5	145.7
445.7	147.8
445.7	150.2
445.7	152.8
445.7	153
445.7	154.1
445.7	155.9
445.7	157.7
445.6	158.5
445.6	160.1
445.6	160.3
445.7	161.4
445.9	162.4
445.9	162.4
446	162.4
446	159.6
446.2	157.5
446.3	154.1
446.6	153.8
446.8	152.8
446.9	151.5
447	149.6
447	148.3
447	147.3
447.3	144.7
447.4	143.9
447.5	143.6
447.7	143.9
447.8	146.5
447.9	148.1
448	148.6
448.1	148.6
448.6	150.2
448.6	150.2
448.5	151.7
448.5	154.1
448.5	155.6
448.6	155.9
448.8	154.6
448.8	154.3
448.9	154.3
449	155.6
449.1	158
449.1	159
449	160.1
449.1	161.1
449.1	162.4
449.2	162.4
449.3	163.2
449.5	164
449.6	165
449.6	165.8
449.7	166.1
449.8	164.8
449.7	163
449.7	160.6
449.7	160.1
449.8	159.3
449.9	157.5
449.9	157.5
450	156.9
450.4	156.7
450.4	156.4
450.8	156.4
450.8	156.4
450.8	155.9
450.9	154.1
450.9	152.5
451	150.7
451	147.8
451.2	145.2
451.2	144.9
451.2	141.5
451.3	134.2
451.3	130
451.2	124.6
451.2	124.3
451.2	120.6
451.3	112.8
451.3	110.2
451.4	100.5
451.5	95.6
451.5	90.9
451.6	84.3
451.6	79.4
451.6	79.1
451.6	74.4
451.6	73.6
451.5	70.2
451.5	65.3
451.5	57.4
451.5	56.1
451.5	52.7
451.5	46.4
451.6	39.9
451.7	38.9
451.7	36.8
451.7	32.3
451.7	26.6
451.7	20.1
451.8	18
451.9	16.4
452	15.1
452	14.8
452.1	14.3
452.2	13.8
452.3	13
452.4	12.5
452.5	12.2
452.6	11.2
452.7	9.9
453.1	9.9
453.2	10.1
453.5	9.3
453.7	8.6
453.9	8.3
454.2	8
454.6	8.8
454.7	10.4
454.8	12
455	12.5
455.1	12.7
455.2	14.3
455.4	15.6
455.4	15.9
455.5	17.2
455.5	18.5
455.7	20.6
455.9	21.4
456.5	24.8
456.5	25
456.7	26.1
456.9	27.4
456.9	27.6
457	28.9
457.3	30.8
457.3	30.8
457.4	32.9
457.4	35.7
457.6	37
457.7	35.5
457.7	33.4
457.8	32.1
458.1	32.9
458.3	33.9
458.5	33.9
458.7	33.6
458.7	33.6
458.9	32.3
459	31.3
459.2	29.7
459.5	28.7
459.8	28.7
459.9	29.2
460	30.5
460.3	31.8
460.4	31.8
460.5	30.8
460.8	31.3
460.9	31.8
461	32.6
461.1	34.2
461.2	34.4
461.2	35.7
461.3	38.9
461.3	39.1
461.3	40.7
461.5	42.8
461.7	41
461.8	37.6
461.8	36
461.9	34.4
462.2	32.6
462.4	30.5
462.6	30.2
462.7	30.8
462.8	33.1
463.1	36.3
463.3	38.9
463.3	41.7
463.5	45.4
463.7	48
463.7	50.4
463.7	50.6
463.7	53
463.8	51.9
464	49.3
464.1	46.2
464.3	46.4
464.6	45.9
464.8	44.4
464.8	42.5
464.9	42
465.2	40.7
465.2	39.4
465.3	38.9
465.3	38.1
465.3	38.1
465.3	37.6
465.5	36.8
465.7	34.9
465.7	33.6
465.7	32.3
465.8	30.8
465.8	28.9
465.9	28.7
466.1	29.7
466.1	30.5
466.2	31
466.4	33.1
466.4	33.9
466.7	33.4
466.9	32.3
466.9	31.3
467.3	31
467.5	32.1
467.5	31
467.6	30.2
467.7	30.5
468	31.6
468.1	33.4
468.1	33.6
468.2	38.9
468.5	42.3
468.6	43.3
468.6	45.9
468.8	49.3
468.8	50.1
468.9	51.1
468.9	56.9
468.9	58.2
468.9	60.3
469.1	61.3
469.2	59.5
469.3	57.2
469.3	56.9
469.4	56.1
469.6	55.3
469.6	54.3
469.7	53.2
469.8	51.9
469.9	49.8
469.9	49.6
469.9	48.5
470	47.7
470	47.7
470	46.2
470.1	44.9
470.2	43.6
470.3	42.8
470.3	42.3
470.5	40.7
470.5	40.2
470.7	39.9
471	40.7
471	40.7
471.2	42.5
471.1	44.4
471.1	47.2
471.1	47.5
471.3	49.6
471.4	49.3
471.5	49.1
471.7	47.2
471.9	47.5
471.9	48.8
472	49.3
472	50.4
472	51.9
472.1	52.5
472.3	54.3
472.4	54.3
472.5	52.2
472.5	51.9
472.5	50.4
472.6	47.5
472.7	43.8
473	42
473.2	39.1
473.3	36.3
473.4	32.6
473.4	32.6
473.5	31.3
473.5	29.7
473.7	27.9
473.7	26.3
473.7	25.8
473.7	25.5
473.8	25.3
474	25.8
474	26.9
474.1	28.2
474.1	30.8
474.2	31.6
474.2	33.4
474.4	35.7
474.4	36.3
474.5	38.6
474.5	39.4
474.6	39.7
474.7	40.4
474.7	43.8
474.5	36
474.6	37
474.7	38.3
474.7	38.9
474.7	39.7
474.8	39.9
474.8	41
474.9	42.3
475	42.5
475	42.8
475.2	43.3
475.3	42.8
475.3	41.7
475.4	41.5
475.5	41.7
475.5	42.8
475.6	43.8
475.8	42.8
475.9	42.8
475.9	44.4
476	47.5
476.1	48.5
476.3	49.1
476.4	48.8
476.5	46.7
476.5	46.4
476.7	47.2
476.9	47.5
477	47.7
477.1	47.7
477.2	47.5
477.4	47
477.5	46.4
477.5	46.4
477.6	46.7
477.7	47.7
477.9	47.2
478.1	47
478.1	46.7
478.2	46.4
478.2	45.7
478.4	45.1
478.4	45.1
478.6	46.2
478.8	45.7
478.9	45.7
478.9	44.9
479.1	44.1
479.1	43.8
479.2	42.8
479.3	43
479.5	44.6
479.6	44.9
479.7	43
479.8	41.7
479.9	42.3
480	44.4
480	45.7
480.2	44.6
480.3	42.5
480.5	41.5
480.6	39.7
480.7	38.3
480.8	36.3
481	33.9
481.1	32.3
481.3	30.2
481.4	28.4
481.6	28.2
481.7	28.2
481.8	30.8
481.8	33.6
481.8	37
481.9	42.3
482	44.1
482.1	50.1
482.2	57.7
482.2	61.3
482.3	66.8
482.4	70.2
482.5	71.3
482.5	72.6
482.5	72.8
482.5	73.1
482.5	84.1
482.5	84.8
482.5	85.4
482.6	88.2
482.6	92.2
482.6	92.4
482.7	96.1
482.7	96.9
482.8	100.3
482.8	100.5
482.8	102.1
483	102.3
483.1	100.5
483.2	99.5
483.3	98.2
483.3	98.2
483.5	98.4
483.5	96.3
483.6	96.1
483.6	94.8
483.7	93.7
483.7	94.2
483.9	95.3
483.9	97.1
484	98.7
484.3	97.9
484.6	99
484.7	99.7
484.7	100
485	100.5
485.1	101
485.2	102.9
485.7	106.8
485.8	108.4
485.9	112
486	117.5
486.3	124.6
486.4	127.2
486.5	129.3
486.5	131.6
486.5	132.9
486.5	133.2
486.6	135.8
486.6	137.6
486.7	138.1
486.8	138.9
486.9	137.1
487	135.5
487	133.4
487	131.9
487	130
487	129.3
487.2	130.6
487.5	132.9
487.5	130.8
487.6	128.5
487.6	127.4
487.7	125.3
487.9	120.6
488	119.3
488	115.7
488	112.8
488	112.5
488	109.9
488.1	106
488.2	99.7
488.1	97.4
488.1	96.9
488.1	95.8
488.1	93.5
488.2	90.1
488.3	89
488.4	87.7
488.5	87.2
488.7	87.5
488.7	88.8
488.9	91.4
489.1	92.2
489.2	95.6
489.2	100
489.2	103.1
489.3	104.7
489.4	105.5
489.5	105.7
489.6	105.7
489.5	102.3
489.5	99.5
489.5	99.2
489.7	96.6
489.6	91.9
489.6	89.8
489.7	86.4
489.7	82.8
489.6	79.1
489.7	76.5
489.8	75.2
489.9	72
489.9	71.8
490	72.6
490.1	74.7
490.2	77.5
490.4	80.1
490.5	82.2
490.4	85.1
490.4	83.8
490.5	82.5
490.8	83
491	77.5
491.2	73.6
491.3	70.7
491.4	69.4
491.5	66.6
491.6	63.2
491.5	60.3
491.5	54.5
491.5	53.8
491.5	53.8
491.6	51.9
491.8	48.8
491.8	48.3
491.8	45.9
492.3	43.3
492.3	39.1
492.4	36.5
492.5	34.4
492.5	31.3
492.5	30
492.7	29.5
493.1	30
493.2	31
493.5	32.1
493.5	33.4
493.7	43
493.7	43
493.7	48.8
493.7	49.8
493.7	52.7
493.6	57.7
493.6	57.9
493.6	61.1
493.6	66
494	75.7
494	79.4
494	84.1
494.1	92.7
494.1	97.1
494.1	100.3
494.2	102.6
494.4	103.4
494.3	100
494.6	93.5
494.6	86.4
494.7	83
494.7	80.1
494.7	77.5
494.7	76.5
494.6	73.4
494.6	70
494.6	69.2
494.6	67.1
494.7	63.9
494.7	63.7
494.8	61.6
494.9	58.5
495.1	60.3
495.1	67.3
495	72
495	80.4
495	81.4
495	84.6
495.2	94.8
495.2	100
495.3	104.7
495.3	110.2
495.4	114.6
495.4	114.6
495.5	118.8
495.6	123
495.7	125.9
495.7	129.3
495.8	130.6
495.9	130.6
495.9	127.7
496.1	120.1
496.2	115.7
496.2	110.2
496.2	105.5
496.2	102.1
496.3	100
496.5	96.6
496.5	94.5
496.5	93.5
496.5	92.4
496.8	96.1
496.9	97.9
497	99.7
497.1	95.3
497.1	94.8
497	87.7
497	82.2
497	79.1
497.1	75.4
497.3	67.6
497.4	66.3
497.5	63.7
497.4	56.1
497.6	49.6
497.7	48.5
497.9	42.5
498	38.6
498.2	35.7
498.2	35.5
498.2	34.7
498.5	35.5
498.6	35.5
498.7	33.9
498.8	31.8
498.8	29.7
499	26.3
499.1	26.1
499.1	26.3
499.2	28.4
499.5	28.9
499.7	28.4
499.8	27.4
500	26.1
500.1	25.8
500.1	24.8
500.2	24
500.3	23.7
500.3	23.2
500.4	23.7
500.4	24
500.4	25.3
500.5	23.2
500.6	24
500.6	25
500.6	25.5
500.7	26.1
500.8	26.9
500.9	25.5
501	25.3
501.1	23.7
501.2	22.4
501.4	23.7
501.4	24.2
501.4	25
501.5	26.3
501.6	28.9
501.6	31.8
501.7	33.1
501.7	35.2
501.7	36.5
501.7	38.3
501.7	40.2
501.7	43.3
501.8	45.1
502	47.5
502	48
502.1	49.8
502.1	50.9
502.1	51.1
502.5	49.1
502.6	48.8
502.7	50.4
502.7	50.9
502.8	52.2
502.8	54
503.1	56.9
503.2	57.4
503.5	56.4
503.6	54
503.9	55.6
503.9	55.8
503.9	56.6
504.1	58.5
504.2	57.7
504.4	51.9
504.6	49.8
504.7	47.2
504.8	44.4
505.2	40.7
505.3	37.8
505.4	36.5
505.4	34.7
505.6	32.9
505.8	31.6
505.8	31.6
505.9	36.3
505.9	37.3
505.9	38.6
505.9	39.9
506.2	39.1
506.3	36.5
506.4	35.2
506.6	34.2
506.9	36.8
507.1	40.2
507.2	42.5
507.4	43.8
507.6	45.1
507.7	47
507.9	49.6
508	51.9
508.1	53.8
508.1	54.5
508.2	56.9
508.2	57.7
508.2	58.2
508.3	58.5
508.5	58.5
508.6	56.4
508.7	53
508.7	52.7
508.8	52.7
508.9	54.3
509	56.1
509	56.6
509.1	56.6
509.3	54.3
509.3	52.7
509.3	51.4
509.4	50.4
509.6	50.4
509.6	51.7
509.6	53.5
509.7	54.8
509.8	55.8
509.9	53.8
510	53
510.2	52.5
510.4	56.4
510.5	59
510.5	60
510.6	58.5
510.8	55.8
510.9	54.3
511	51.4
511	52.2
511.1	55.3
511.5	55.1
511.7	55.8
511.9	56.1
512.1	56.6
512.4	56.4
512.6	55.3
512.8	54
512.9	52.7
513	51.9
513.1	51.1
513.3	49.3
513.4	49.1
513.5	48.5
513.6	48.5
513.7	50.4
513.8	53
514	55.3
514	55.6
514.1	55.6
514.2	55.6
514.3	54.8
514.4	54.3
514.7	54.5
514.8	53.8
514.9	51.7
515.1	50.6
515.2	50.4
515.4	51.9
515.5	55.1
515.6	57.7
515.7	59.5
515.7	61.6
515.7	64.2
515.8	65.5
515.9	66.3
516	67.3
516.2	66.8
516.3	65
516.3	63.4
516.5	62.6
516.6	61.1
516.6	60.3
516.8	58.7
516.9	57.7
516.9	56.1
517	55.8
517	57.9
517.2	60
517.3	61.3
517.3	62.1
517.4	62.1
517.5	62.4
517.7	62.6
517.9	61.6
518	60.3
518	60
518.2	62.9
518.3	63.9
518.5	65.3
518.8	67.1
518.8	67.1
518.8	67.6
519	67.3
519	67.1
519.1	66.8
519.3	69.4
519.4	69.7
519.6	71
519.7	72
519.8	72.6
519.9	73.1
519.9	73.9
519.9	74.1
520.3	76.2
520.3	76.5
520.4	76.5
520.7	74.9
520.8	72.8
520.8	71
520.9	69.2
520.9	67.3
520.9	66
521.1	63.9
521.1	63.4
521.2	65.3
521.4	65.8
521.5	65
521.5	64.5
521.6	63.7
521.7	61.3
521.8	61.3
521.8	60.5
521.8	60
521.9	60
521.9	58.7
522	57.7
522.2	57.9
522.4	59.5
522.4	59.2
522.4	59
522.5	59.5
522.5	61.3
522.5	63.7
522.5	63.7
522.6	64.5
522.7	65.5
522.9	65.8
523	66.8
523.1	67.3
523.1	67.3
523.2	66.3
523.4	65
523.4	64.2
523.5	62.9
523.5	61.6
523.6	60.8
523.7	61.1
523.7	61.1
523.7	62.6
523.7	63.7
523.7	64.2
523.9	64.2
523.9	63.9
524	62.9
524.1	62.6
524.2	62.4
524.3	62.1
524.4	61.9
524.5	61.9
524.5	62.1
524.6	62.1
524.6	61.9
524.7	60.8
524.8	59.5
524.8	59.5
524.8	58.2
524.9	57.2
524.9	56.4
525.2	56.6
525.3	58.5
525.3	60.5
525.3	61.3
525.3	62.4
525.3	63.2
525.5	65
525.6	66
525.6	67.3
525.6	68.9
525.6	71
525.6	71.3
525.6	73.1
525.6	74.9
525.6	74.9
525.6	76.2
525.8	77
525.8	77.8
525.9	81.4
526	83
526	83
526	84.3
526.1	86.2
526.1	86.7
526.1	88
526.2	89.8
526.2	90.1
526.3	92.9
526.3	94.2
526.4	96.1
526.4	96.6
526.5	97.4
526.5	96.6
526.5	92.4
526.5	91.9
526.5	90.1
526.6	87.5
526.7	86.4
526.7	84.3
526.9	82.5
526.9	81.7
527	79.6
527	79.4
527.2	82
527.4	85.1
527.6	88
527.7	90.1
527.8	88.8
527.7	84.6
527.9	79.4
528.2	73.1
528.3	69.2
528.5	65.8
528.6	64.2
528.7	58.7
528.9	53.8
529.1	48.3
529.2	43.3
529.3	40.7
529.3	37.8
529.4	32.3
529.4	31.3
529.4	31.3
529.5	30
529.7	28.7
529.8	29.7
530	31.3
530.1	31.6
530.3	32.9
530.5	33.9
530.5	32.6
530.7	30.5
530.8	27.4
530.8	26.6
530.8	24.8
530.9	23.7
531.2	22.7
531.3	24.8
531.3	25.5
531.5	25.3
531.6	24.5
531.9	22.7
531.9	22.4
532.1	20.1
532.2	19.5
532.3	19.8
532.6	21.4
533.1	23.2
533.1	23.7
533.2	25
533.1	27.1
533.3	28.4
533.5	30.5
533.6	31.6
533.6	32.6
533.8	33.6
533.9	32.6
533.9	29.5
534	27.9
534.1	26.6
534.4	25.5
534.6	27.4
534.6	28.2
534.8	28.9
535.3	28.9
535.5	28.7
535.8	28.7
536.3	28.7
536.3	28.7
536.6	30.8
536.6	31
536.7	32.6
536.8	34.4
536.9	37.3
536.9	40.2
536.9	45.4
536.9	50.6
537	54.8
537.1	57.2
537.1	59.8
537.4	63.4
537.4	65.5
537.5	67.1
537.7	66.3
537.7	64.2
537.9	61.6
537.9	61.3
538.2	59.8
538.3	61.1
538.5	67.6
538.7	77.3
538.9	80.4
539	83.8
539	85.9
538.9	88.2
539	91.4
539.1	89.5
539.1	88.8
539.2	86.2
539.2	84.1
539.3	83
539.4	81.4
539.5	83.5
539.5	84.1
539.6	88.2
539.6	91.4
539.6	91.6
539.7	92.4
540.1	93.5
540.2	100.3
540.4	104.2
540.7	109.7
540.9	113.3
541.1	119.6
541.2	124.3
541.5	131.9
540.9	134
541.1	142.6
541.1	148.6
541.1	148.8
541.2	155.4
541.3	159.8
541.3	160.3
541.6	165.3
541.6	168.2
541.6	168.4
541.5	171
541.5	171.6
541.5	175
541.5	178.6
541.5	183.6
541.5	187
541.6	190.1
541.6	190.4
541.6	192.7
541.6	194.6
541.7	194.6
541.9	191.7
542.3	185.2
542.3	180.2
542.3	175.8
542.3	171.3
542.4	164.8
542.5	161.1
542.4	152.8
542.4	151.7
542.4	147.3
542.6	142.8
542.9	136.8
543	134.2
543.1	130
543	125.6
543	124.8
542.9	115.1
542.8	107
543	101.8
543.1	96.9
543.1	92.2
543	84.1
543.1	79.4
543.1	78.6
543.2	71.8
543.2	67.1
543.2	66.8
543.5	57.9
543.6	54.5
543.6	53
543.6	52.7
543.6	49.8
543.7	45.9
543.9	42.5
543.9	39.4
543.8	35.5
543.8	35.2
543.8	33.6
543.8	30.5
543.8	30.2
543.8	26.1
543.9	25.5
544	24.8
544.3	24.8
544.4	25.3
544.4	26.9
544.8	29.2
545.2	31
545.4	32.1
545.5	34.4
545.8	40.7
546	47.5
546.3	52.5
546.4	61.1
546.4	70.7
546.4	76
546.4	76.5
546.5	80.1
546.7	91.1
546.8	100.8
546.9	116.2
546.9	121.7
547	131.1
546.9	141
546.9	141
546.9	141
546.9	161.1
546.6	170.5
546.6	170.8
546.6	177.6
546.8	186.2
546.8	186.2
546.8	193.3
546.9	198.5
546.9	201.1
546.9	202.4
547.1	197.7
547.3	193.8
547.4	188
547.4	183.1
547.5	174.4
547.6	167.4
547.6	161.6
547.4	152.2
547.4	148.3
547.3	139.4
547.3	137.9
547.2	132.1
547.4	122.2
547.5	117.2
547.5	114.9
547.4	104.2
547.5	97.9
547.7	90.3
547.7	89.5
547.7	86.7
547.6	82.2
547.5	78.1
547.5	77.5
547.4	75.2
547.4	72.3
547.5	67.6
547.5	62.6
547.5	57.7
547.5	53.8
547.5	50.9
547.5	48.3
547.6	44.1
547.7	41.5
547.8	38.3
548.1	33.9
548.2	30.5
548.2	27.9
548.2	23.7
548.2	22.9
548.2	21.6
548.3	19.3
548.3	18.8
548.3	17.4
548.3	16.1
548.3	15.9
548.4	15.6
548.4	16.9
548.4	16.9
548.4	17.7
548.5	18
548.6	17.2
548.7	16.1
548.7	15.9
548.7	15.4
548.9	15.4
548.9	15.6
549	16.9
549.2	17.7
549.3	17.4
549.5	16.4
549.6	16.4
549.8	16.4
550.1	15.9
550.1	15.9
550.2	15.1
550.3	14.8
550.4	14.8
550.5	14.8
550.6	14.6
550.9	14.3
551.1	13.8
551.2	13.8
551.3	12.5
551.4	12
551.6	12
551.7	12.7
551.8	13.3
552	14.1
552.3	14.1
552.4	14.6
552.7	15.1
552.8	15.4
552.9	15.6
553.1	14.8
553.2	14.1
553.3	13.3
553.6	12
553.8	11.7
554.1	12.7
554.2	13.8
554.3	14.8
554.5	15.1
554.7	13.8
554.9	13
555.2	13
555.4	13.3
555.5	13.3
555.6	13
555.8	12.5
555.8	12.2
556.1	10.7
556.3	8.8
556.3	6.7
556.3	4.4
556.3	2.6
556.4	0.7
556.4	0.5