Depth	Gamma
49.2	84.3
49.2	84.9
49.3	86.7
49.3	88.5
49.3	89.1
49.4	89.1
49.4	89.7
49.4	89.7
49.5	89.7
49.6	89.7
49.8	87.3
49.8	86.7
49.9	86.1
50	85.5
50	84.9
50.2	82
50.2	81.4
50.3	81.4
50.6	81.4
50.7	82
50.8	83.8
50.8	84.3
50.9	85.5
51.1	87.3
51.2	87.3
51.5	87.3
51.5	87.3
51.7	85.5
51.9	83.8
51.9	82
52.1	81.4
52.1	83.8
52.2	84.9
52.2	84.9
52.3	84.9
52.3	84.3
52.4	82
52.4	81.4
52.5	79.6
52.5	79
52.6	78.4
52.8	77.8
52.9	78.4
52.9	79
53	82.6
53.1	83.2
53.1	84.9
53.1	88.5
53.1	90.9
53.1	90.9
53.3	90.3
53.3	89.1
53.4	88.5
53.5	87.9
53.6	86.7
53.7	84.9
53.8	84.9
53.8	87.3
53.9	87.9
54	88.5
54.1	89.1
54.1	85.5
54.2	86.1
54.2	87.9
54.2	87.9
54.4	90.9
54.5	91.5
54.5	92.1
54.5	92.7
54.7	92.7
54.7	92.1
54.7	90.3
54.9	88.5
55	89.7
55.2	90.9
55.2	90.9
55.3	90.9
55.3	90.9
55.4	90.3
55.5	89.7
55.6	89.7
55.6	89.7
55.8	89.1
55.9	88.5
55.9	87.9
56.1	86.1
56.1	84.9
56.3	84.9
56.3	87.3
56.4	87.3
56.4	87.3
56.5	86.7
56.6	85.5
56.7	84.3
56.9	84.9
56.9	84.9
57.1	84.9
57.1	84.9
57.3	84.3
57.4	83.2
57.4	82.6
57.5	82
57.6	82
57.8	81.4
57.8	83.8
57.8	85.5
58	85.5
58	85.5
58	85.5
58.1	85.5
58.2	83.2
58.2	82
58.4	81.4
58.4	80.8
58.4	80.8
58.4	80.8
58.6	80.8
58.7	81.4
58.9	83.8
58.9	84.3
58.9	84.9
58.9	85.5
59	85.5
59.1	85.5
59.2	85.5
59.2	85.5
59.2	84.3
59.3	82.6
59.3	82.6
59.4	82
59.4	82
59.5	82
59.5	80.8
59.5	79.6
59.7	77.8
59.7	77.2
59.7	76
59.8	77.8
59.8	79
59.9	79.6
59.9	79.6
60.1	79.6
60.1	78.4
60.2	79
60.3	79
60.4	80.2
60.5	82
60.5	82.6
60.5	84.3
60.5	85.5
60.7	85.5
60.8	83.2
60.9	82.6
61	82
61	80.8
61.1	79.6
61.3	79.6
61.4	79.6
61.5	79
61.6	78.4
61.7	78.4
61.8	78.4
61.9	78.4
62	78.4
62.2	79.6
62.5	80.2
62.8	82
62.9	83.2
62.9	83.2
62.9	83.2
63	83.8
63.1	84.3
63.2	84.3
63.3	83.8
63.3	82.6
63.4	82.6
63.5	82
63.7	82.6
63.8	83.2
63.9	83.8
63.9	84.9
64	86.7
64	88.5
64.1	89.1
64.2	90.3
64.3	90.3
64.3	90.3
64.4	89.7
64.4	89.1
64.6	87.3
64.7	86.1
65	83.2
65	83.8
65.1	83.8
65.3	83.2
65.4	82.6
65.5	81.4
65.5	80.8
65.7	80.2
65.8	81.4
65.9	81.4
66	80.8
66	80.2
66	77.2
66.1	74.8
66.1	74.8
66.1	74.8
66.3	74.2
66.4	74.2
66.5	76
66.7	76.6
66.7	76.6
66.7	77.8
66.9	79.6
67	80.8
67.1	82.6
67.3	84.9
67.3	85.5
67.5	85.5
67.5	85.5
67.6	84.9
67.6	84.3
67.6	84.3
67.7	85.5
67.8	86.1
67.9	84.3
67.9	83.8
68	82.6
68.1	82.6
68.1	82.6
68.2	80.2
68.3	79.6
68.4	79.6
68.4	82
68.6	83.8
68.7	84.3
68.8	84.9
68.9	84.9
68.9	84.9
69	83.8
69	83.8
69.2	84.3
69.3	85.5
69.4	85.5
69.5	84.3
69.5	83.8
69.5	82.6
69.8	82.6
70	84.3
70.2	88.5
70.3	90.3
70.3	90.3
70.5	87.9
70.5	86.1
70.5	85.5
70.5	84.3
70.6	82.6
70.9	83.2
71	84.3
71.1	84.9
71.1	84.9
71.2	83.8
71.3	81.4
71.5	80.2
71.6	80.2
71.8	79.6
71.9	79.6
72	80.2
72.1	80.2
72.3	82.6
72.4	83.2
72.7	84.3
72.8	84.9
72.9	85.5
73	86.1
73	86.1
73.1	86.1
73.1	84.3
73.2	83.2
73.2	82.6
73.3	83.8
73.4	84.3
73.4	84.3
73.5	83.8
73.5	80.8
73.6	79
73.6	78.4
73.9	78.4
74	77.8
74.1	79
74.2	81.4
74.5	84.3
74.5	86.1
74.5	86.1
74.5	85.5
74.5	84.9
74.5	84.3
74.7	83.2
74.8	82.6
74.8	80.8
75	79.6
75	79.6
75.1	79.6
75.2	82
75.3	82.6
75.3	83.2
75.4	83.2
75.6	83.2
75.6	82.6
75.8	83.8
75.8	84.3
75.8	84.9
75.8	84.9
75.9	84.9
76	84.9
76.1	84.9
76.2	82.6
76.2	82
76.4	81.4
76.4	81.4
76.5	82.6
76.5	83.2
76.5	84.9
76.6	86.7
76.7	87.3
76.8	87.9
76.8	88.5
76.9	89.1
77.1	89.1
77.2	87.3
77.3	86.1
77.3	84.9
77.5	83.2
77.6	82
77.6	84.9
77.7	88.5
77.8	88.5
77.9	89.7
78.1	90.9
78.3	90.3
78.4	89.7
78.5	89.7
78.6	92.1
78.6	94.5
78.7	95.1
78.8	95.7
78.9	92.7
79	91.5
79	90.9
79.3	88.5
79.3	86.7
79.4	84.3
79.4	83.2
79.5	85.5
79.5	85.5
79.6	87.3
79.8	90.3
79.9	90.9
80	91.5
80.2	89.7
80.3	87.3
80.3	86.7
80.3	84.3
80.4	80.8
80.5	77.2
80.5	74.2
80.5	72.4
80.6	75.4
80.8	77.2
80.9	80.2
80.9	80.2
81.1	84.3
81.2	86.1
81.3	84.3
81.4	83.2
81.7	81.4
81.8	81.4
81.9	81.4
82	83.2
82.2	84.3
82.4	86.7
82.5	87.3
82.5	87.9
82.6	90.9
82.7	90.9
82.8	90.9
83.1	89.7
83.1	88.5
83.2	86.1
83.2	85.5
83.3	84.3
83.5	83.2
83.5	83.2
83.7	83.2
83.7	83.2
83.8	83.2
84	83.2
84	84.9
84	87.3
84.2	87.9
84.3	87.9
84.3	85.5
84.3	84.9
84.4	84.3
84.6	86.1
84.8	86.1
84.9	84.9
85	83.8
85.1	83.2
85.2	86.1
85.3	89.7
85.4	90.3
85.6	89.7
85.6	89.1
85.7	88.5
85.9	86.1
86	84.3
86	83.2
86	82.6
86.2	82
86.4	82
86.4	82
86.6	82
86.6	82
86.7	82
86.9	83.2
86.9	84.9
87	89.7
87.1	92.7
87.1	93.3
87.2	94.5
87.2	96.9
87.2	96.9
87.2	98
87.3	99.2
87.4	100.4
87.4	102.2
87.7	100.4
87.8	98.6
87.9	98
87.9	94.5
88	91.5
88	90.3
88.1	91.5
88.2	90.9
88.3	87.9
88.3	84.9
88.3	84.3
88.4	83.8
88.4	83.8
88.5	83.8
88.6	84.9
88.7	87.9
89	92.1
89	92.1
89	92.1
89	89.7
89.1	86.7
89.3	84.3
89.4	81.4
89.4	81.4
89.5	79.6
89.7	80.2
89.9	79.6
90.1	79
90.2	79
90.4	79.6
90.6	79.6
90.6	79.6
90.7	80.8
90.8	83.2
90.9	84.9
90.9	86.1
91	88.5
91	89.1
91.1	90.3
91.2	90.3
91.4	89.1
91.6	87.3
91.6	87.3
91.6	86.1
91.7	83.8
91.7	83.2
91.7	82
91.9	83.2
91.9	83.8
91.9	84.3
92	84.3
92.2	82.6
92.2	82.6
92.2	82.6
92.4	84.3
92.5	85.5
92.5	86.1
92.6	86.7
92.7	87.3
92.8	86.7
92.8	86.7
93	86.7
93	85.5
93	82.6
93.2	81.4
93.4	83.2
93.4	84.3
93.4	87.3
93.5	90.3
93.5	92.1
93.7	93.9
93.8	94.5
94	94.5
94.1	93.3
94.2	92.1
94.2	90.9
94.2	90.3
94.3	88.5
94.4	86.1
94.5	85.5
94.8	86.7
94.9	89.1
95	90.3
95.2	91.5
95.3	92.7
95.4	93.3
95.4	93.9
95.4	94.5
95.5	94.5
95.5	94.5
95.7	95.1
95.8	93.9
95.8	93.3
95.8	92.1
95.9	91.5
96	90.9
96	89.1
96.1	88.5
96.3	88.5
96.3	89.1
96.5	92.7
96.5	92.7
96.8	94.5
96.9	94.5
97	95.1
97.1	96.9
97.2	95.7
97.2	95.1
97.3	94.5
97.4	92.7
97.5	89.1
97.7	89.1
97.7	89.1
97.8	87.9
97.8	87.3
97.9	87.3
98.2	89.7
98.2	92.1
98.4	94.5
98.5	94.5
98.6	92.7
98.6	90.3
98.6	89.7
98.6	89.1
98.6	87.9
98.7	85.5
98.8	84.9
98.9	84.9
99.1	86.1
99.1	87.3
99.2	89.7
99.2	89.7
99.4	92.1
99.6	93.3
99.7	93.9
99.9	93.9
99.9	93.9
100	93.9
100.2	93.9
100.3	92.7
100.3	92.7
100.4	91.5
100.6	90.3
100.6	90.3
100.8	89.1
100.9	87.9
101	87.9
101.1	87.9
101.1	87.9
101.3	87.9
101.4	87.9
101.5	90.3
101.6	92.1
101.7	94.5
101.7	95.1
101.8	95.7
101.9	95.7
102	95.1
102.1	92.7
102.2	89.7
102.2	89.1
102.3	87.3
102.3	87.3
102.4	86.7
102.5	87.9
102.6	88.5
102.6	89.1
102.7	90.3
102.8	90.3
103	87.9
103.2	86.7
103.4	87.9
103.5	91.5
103.6	93.3
103.8	95.1
103.8	95.1
104	93.3
104.1	92.7
104.2	90.9
104.2	90.3
104.3	89.1
104.5	88.5
104.6	89.1
104.9	86.7
104.9	85.5
105	83.8
105	83.2
105.1	83.2
105.3	88.5
105.4	89.7
105.4	90.9
105.6	94.5
105.6	95.1
105.9	95.1
106	95.7
106.1	95.1
106.3	92.1
106.3	91.5
106.3	90.9
106.4	93.9
106.5	95.7
106.6	95.1
106.7	92.7
106.8	92.1
106.9	92.7
107	92.1
107	92.1
107.1	89.1
107.1	88.5
107.2	89.1
107.3	90.9
107.5	92.1
107.6	91.5
107.6	90.9
107.8	90.3
107.8	89.1
107.9	89.7
107.9	90.9
108	90.9
108.1	89.7
108.2	87.9
108.2	87.3
108.3	87.9
108.3	88.5
108.4	89.1
108.4	89.1
108.5	87.9
108.6	86.7
108.7	86.1
108.9	86.7
109	86.7
109.1	86.7
109.2	87.3
109.3	88.5
109.5	89.1
109.5	89.7
109.6	90.9
109.7	91.5
109.8	90.3
109.9	87.3
110.1	86.7
110.3	86.1
110.3	86.7
110.3	89.7
110.6	92.1
110.6	92.1
110.7	90.9
110.9	89.1
110.9	88.5
111	89.7
111.1	90.9
111.2	91.5
111.3	92.1
111.4	92.1
111.4	92.7
111.5	94.5
111.5	95.1
111.7	93.3
111.8	90.3
111.8	89.7
111.9	87.9
112	86.1
112.1	84.9
112.1	83.2
112.2	81.4
112.3	80.8
112.5	84.3
112.5	86.1
112.6	86.1
112.6	86.7
112.7	87.3
112.8	85.5
113.1	84.3
113.2	83.2
113.4	84.9
113.5	86.1
113.7	86.7
113.7	89.1
113.9	91.5
113.9	92.7
113.9	92.7
114	93.3
114.2	93.9
114.3	91.5
114.3	91.5
114.4	90.9
114.6	90.9
114.8	90.3
114.9	88.5
114.9	86.7
114.9	86.1
114.9	84.9
115	84.3
115.1	83.8
115.3	84.9
115.3	86.7
115.5	88.5
115.5	89.1
115.7	91.5
115.7	93.3
115.8	95.1
115.9	95.7
115.9	96.3
115.9	96.9
116	99.2
116.2	99.2
116.3	98.6
116.4	96.9
116.4	96.3
116.5	95.7
116.6	93.9
116.7	92.1
116.8	90.9
116.8	90.9
117	92.7
117	94.5
117.2	94.5
117.3	93.3
117.3	92.7
117.3	92.7
117.6	93.9
117.6	93.9
117.6	95.7
117.9	96.9
118	96.9
118	96.9
118.1	95.7
118.1	94.5
118.1	93.9
118.1	93.3
118.2	92.7
118.3	91.5
118.4	90.3
118.5	90.3
118.6	89.1
118.8	89.7
118.8	90.3
118.9	90.9
118.9	92.1
119	93.3
119.1	93.3
119.1	93.3
119.2	93.3
119.2	93.3
119.2	93.3
119.3	91.5
119.4	90.9
119.5	90.9
119.5	92.7
119.6	93.9
119.7	93.9
119.9	94.5
120	94.5
120	92.7
120	90.3
120.2	90.9
120.2	92.1
120.3	93.9
120.3	94.5
120.5	95.1
120.5	95.1
120.6	94.5
120.6	94.5
120.7	93.3
120.8	93.3
120.8	92.7
121	91.5
121	89.7
121	86.1
121.1	84.3
121.2	83.8
121.3	81.4
121.7	84.9
121.8	86.7
121.9	90.3
122	93.3
122	93.9
122.2	96.9
122.3	100.4
122.3	101
122.3	101
122.4	101.6
122.5	101.6
122.5	99.8
122.6	98.6
122.6	98.6
122.6	96.9
122.6	96.3
122.6	95.1
123.1	93.3
123.1	91.5
123.2	90.3
123.2	89.1
123.2	88.5
123.3	87.3
123.5	87.3
123.6	86.7
123.8	85.5
123.9	85.5
124	86.7
124.2	90.3
124.3	93.9
124.4	96.3
124.4	96.9
124.5	98
124.5	98.6
124.5	98.6
124.7	98.6
124.8	96.3
124.9	95.7
124.9	93.9
124.9	93.3
125.1	92.7
125.2	93.3
125.3	93.9
125.4	93.9
125.5	93.9
125.5	93.3
125.6	91.5
125.6	90.3
125.9	90.3
126	90.9
126	92.1
126.1	93.9
126.1	95.1
126.1	95.7
126.2	95.7
126.3	94.5
126.4	94.5
126.5	95.1
126.6	95.7
126.6	95.7
126.8	95.7
127	96.9
127.1	97.5
127.3	97.5
127.3	97.5
127.5	93.9
127.6	91.5
127.7	90.9
127.9	89.1
128	92.1
128	92.7
128.1	92.7
128.3	92.7
128.4	92.1
128.5	90.3
128.7	89.1
128.8	90.3
128.9	93.3
128.9	95.1
128.9	96.9
129	97.5
129	98.6
129.1	100.4
129.3	103.4
129.5	103.4
129.6	102.8
129.7	99.8
129.8	98.6
129.8	96.9
130	93.9
130.1	92.1
130.1	89.7
130.2	91.5
130.2	92.1
130.2	94.5
130.3	96.9
130.3	99.2
130.5	99.8
130.6	97.5
130.6	95.7
130.7	96.9
130.8	95.7
130.9	95.1
130.9	94.5
130.9	93.9
131	92.7
131.2	92.7
131.2	92.1
131.3	90.3
131.3	90.3
131.6	88.5
131.7	88.5
132	90.9
132.2	92.7
132.2	95.7
132.4	97.5
132.5	98.6
132.5	99.8
132.6	99.8
132.7	99.8
132.7	99.8
132.9	98.6
133.1	98
133.2	98
133.2	97.5
133.3	96.3
133.4	95.1
133.5	95.7
133.6	95.7
133.7	97.5
133.7	99.8
133.8	101
133.9	100.4
133.9	98
133.9	97.5
134	93.9
134	92.7
134	95.7
134.1	97.5
134.2	98
134.3	98
134.4	97.5
134.4	96.9
134.4	95.7
134.4	95.7
134.5	95.7
134.6	97.5
134.6	98
134.7	96.9
134.8	95.7
134.8	94.5
135	93.3
135	91.5
135.1	89.7
135.2	90.9
135.2	91.5
135.2	92.7
135.3	93.3
135.4	93.3
135.5	95.1
135.7	94.5
135.8	92.7
135.9	93.9
136	94.5
136.1	95.1
136.1	97.5
136.2	98
136.3	98
136.3	98
136.3	98
136.5	96.3
136.6	94.5
136.7	93.9
136.7	93.9
136.7	91.5
136.7	90.3
136.9	86.7
136.9	86.7
137	86.1
137.3	89.7
137.3	90.3
137.3	90.9
137.4	90.9
137.7	89.7
137.9	89.1
138	90.9
138.1	92.1
138.3	95.1
138.3	96.9
138.4	99.8
138.5	99.8
138.5	99.8
138.5	101
138.6	101.6
138.7	101
138.8	99.2
139	98
139	98
139	97.5
139.1	98.6
139.2	98.6
139.4	98.6
139.4	98.6
139.7	100.4
139.7	100.4
139.7	101
139.7	101.6
139.9	101.6
140	98
140.2	96.3
140.2	95.7
140.3	95.1
140.4	98.6
140.6	100.4
140.6	101.6
140.6	101.6
140.7	101
141	99.2
141.1	98.6
141.3	98.6
141.4	100.4
141.4	101
141.5	101
141.6	99.8
141.9	95.1
142	95.1
142	98
142.2	98.6
142.2	99.2
142.3	99.2
142.4	100.4
142.4	102.2
142.6	104
142.7	105.2
142.7	105.8
142.8	107
142.9	107.6
143	108.8
143.1	108.8
143.1	105.8
143.2	104
143.3	102.2
143.5	101
143.5	99.2
143.6	97.5
143.8	98
143.9	99.8
143.9	100.4
144	101
144	99.8
144.1	98.6
144.2	98
144.2	96.9
144.4	95.7
144.6	95.1
144.6	94.5
144.6	93.3
144.6	92.1
144.8	89.1
144.9	92.1
144.9	92.1
145	94.5
145	95.1
145.1	95.7
145.2	95.7
145.2	93.3
145.2	92.1
145.3	92.1
145.4	93.3
145.4	93.9
145.5	95.1
145.5	97.5
145.7	97.5
145.7	97.5
145.7	97.5
145.7	97.5
145.8	95.7
145.8	95.1
145.8	93.9
145.9	92.7
146	95.1
146	95.1
146	95.1
146.3	93.9
146.4	94.5
146.5	96.9
146.5	98
146.6	98
146.6	98.6
146.7	98.6
146.7	98.6
146.8	98
147	96.9
147.2	95.7
147.2	95.7
147.3	95.7
147.3	96.3
147.3	96.9
147.4	97.5
147.4	97.5
147.4	96.3
147.6	96.3
147.6	98.6
147.6	99.2
147.7	100.4
147.8	101.6
147.8	102.2
147.8	103.4
147.9	104
147.9	104.6
148	104.6
148	105.2
148	105.8
148	103.4
148.1	102.8
148.1	101
148.1	101
148.2	99.8
148.3	98
148.4	97.5
148.4	96.9
148.4	96.3
148.5	95.7
148.5	95.1
148.6	93.9
148.7	92.7
148.8	91.5
148.8	89.7
148.9	88.5
148.9	87.9
148.9	87.9
149	87.3
149.2	89.7
149.4	90.9
149.5	90.9
149.6	90.9
149.6	90.9
149.7	92.7
150	93.3
150.1	94.5
150.1	96.9
150.3	98.6
150.5	98.6
150.5	98.6
150.6	96.3
150.7	94.5
150.8	93.3
150.8	91.5
150.9	90.3
151	90.3
151.1	91.5
151.1	93.9
151.2	95.7
151.3	96.3
151.4	98.6
151.4	101.6
151.4	101.6
151.4	103.4
151.5	106.4
151.6	108.2
151.6	110.6
151.6	112.9
151.7	113.5
151.8	115.3
151.9	117.1
151.9	117.7
151.9	120.1
152	120.7
152.1	120.7
152.1	120.1
152.1	116.5
152.2	113.5
152.2	110.6
152.2	109.4
152.3	107
152.4	104.6
152.4	102.8
152.4	100.4
152.4	98.6
152.5	95.7
152.5	95.7
152.5	93.3
152.5	92.7
152.6	90.9
152.6	89.1
152.7	87.9
152.8	87.3
152.9	86.7
153	85.5
153.1	86.1
153.3	88.5
153.3	88.5
153.3	88.5
153.4	88.5
153.5	86.7
153.5	86.1
153.5	85.5
153.6	84.3
153.7	83.2
153.8	83.2
153.8	82.6
154	83.8
154.2	86.7
154.2	89.1
154.2	89.7
154.2	89.7
154.2	89.7
154.3	91.5
154.3	92.1
154.4	92.1
154.4	92.1
154.4	90.9
154.5	90.9
154.5	89.1
154.7	88.5
154.9	87.9
155	87.9
155.1	87.3
155.2	87.3
155.4	89.1
155.4	91.5
155.5	91.5
155.6	92.7
155.7	93.3
155.8	93.3
155.9	92.7
156.2	91.5
156.2	90.9
156.5	92.7
156.6	93.9
156.8	93.3
156.8	92.1
157	91.5
157	91.5
157.1	92.1
157.2	93.9
157.3	96.9
157.3	96.9
157.4	99.2
157.5	101
157.6	99.2
157.7	98
157.8	101
157.8	102.8
157.9	102.2
157.9	99.8
158	99.8
158	99.8
158.1	102.2
158.3	105.8
158.4	106.4
158.4	108.8
158.5	110.6
158.5	110.6
158.6	108.2
158.7	105.2
158.7	102.8
158.9	100.4
158.9	99.8
158.9	99.8
159.1	102.2
159.3	103.4
159.3	104
159.3	104.6
159.4	104.6
159.5	104.6
159.7	104.6
159.7	103.4
159.7	102.8
159.8	101.6
160	100.4
160.1	99.2
160.2	98.6
160.4	98.6
160.5	98
160.6	97.5
160.9	98
161	101.6
161.1	102.2
161.2	103.4
161.3	106.4
161.3	108.2
161.3	109.4
161.4	110.6
161.4	111.1
161.6	110.6
161.7	110
161.8	107.6
161.8	107.6
162	105.8
162	105.8
162.1	104.6
162.2	102.8
162.4	102.8
162.6	103.4
162.6	103.4
162.9	105.8
163	107.6
163.1	110
163.1	110
163.2	110
163.3	107.6
163.4	107
163.4	107
163.6	107
163.6	107.6
163.7	107.6
163.7	107.6
164	104
164	104
164.1	104
164.3	104.6
164.6	107.6
164.7	108.2
164.9	108.2
165	108.8
165.3	108.8
165.3	108.2
165.4	107.6
165.5	106.4
165.6	104.6
165.6	104
165.7	102.2
165.8	102.2
165.8	102.2
166	102.8
166	101.6
166	99.2
166.1	97.5
166.2	96.9
166.3	98
166.4	98.6
166.5	101
166.6	104.6
166.7	105.2
166.7	102.8
166.9	105.2
167	105.2
167.1	103.4
167.1	100.4
167.1	99.8
167.1	99.2
167.2	101
167.3	104
167.6	106.4
167.6	107.6
167.7	109.4
167.7	110.6
167.8	110
168	107
168	105.8
168	105.8
168.1	104.6
168.2	101.6
168.3	99.2
168.4	98
168.5	98
168.7	98
168.9	99.2
168.9	101
168.9	101
168.9	102.2
169	99.8
169	101
169.1	101
169.2	101
169.3	101
169.3	102.8
169.6	107
169.6	107.6
169.8	107
169.9	106.4
170.2	104.6
170.3	104.6
170.4	105.8
170.4	106.4
170.6	110
170.6	111.7
170.7	112.9
170.7	115.3
170.8	115.9
171	117.1
171	117.7
171.1	115.3
171.2	112.3
171.3	110.6
171.3	108.8
171.3	107.6
171.4	104.6
171.6	101.6
171.6	102.8
171.6	102.8
171.7	105.2
171.8	107.6
171.8	107.6
171.9	104
172	100.4
172	99.8
172.1	98.6
172.2	101
172.4	103.4
172.4	105.2
172.5	105.2
172.6	104.6
172.6	103.4
172.8	103.4
172.8	104
172.9	105.2
173.1	105.2
173.2	105.8
173.3	105.8
173.4	105.8
173.5	105.2
173.6	104.6
173.7	103.4
173.8	101.6
173.8	101
173.8	100.4
174	98.6
174	96.9
174.1	95.1
174.2	95.1
174.3	94.5
174.3	97.5
174.3	98
174.3	100.4
174.5	100.4
174.6	99.8
174.7	99.8
174.7	99.8
174.9	98.6
175	98.6
175.1	100.4
175.2	101.6
175.4	104.6
175.4	104.6
175.5	106.4
175.6	107
175.6	107
175.7	106.4
175.9	105.8
175.9	105.2
176	104.6
176.1	104.6
176.2	106.4
176.4	109.4
176.4	109.4
176.4	109.4
176.5	109.4
176.6	108.8
176.7	108.8
176.7	108.8
176.9	108.8
177	108.8
177.1	108.8
177.2	108.8
177.3	108.8
177.3	108.2
177.5	109.4
177.6	112.9
177.6	114.1
177.7	112.3
177.8	109.4
177.9	107.6
178	105.2
178.3	105.8
178.4	108.8
178.5	108.8
178.5	106.4
178.6	105.8
178.7	104.6
178.8	102.2
179	101.6
179	101.6
179.1	101.6
179.2	104.6
179.3	107
179.4	108.8
179.4	110.6
179.6	110.6
179.7	110.6
179.8	108.8
179.8	105.8
179.9	102.8
180	101.6
180.2	101
180.4	104
180.6	105.8
180.6	106.4
180.8	106.4
180.9	108.2
180.9	111.1
180.9	111.7
181	114.1
181.1	114.7
181.1	114.7
181.2	114.7
181.4	115.3
181.6	114.1
181.6	112.9
181.7	111.7
181.9	112.3
182.3	112.9
182.3	112.9
182.5	114.1
182.6	117.1
182.7	118.9
182.7	119.5
182.9	119.5
183	119.5
183.2	115.9
183.3	112.3
183.3	110.6
183.3	108.8
183.4	105.8
183.4	103.4
183.5	102.8
183.5	102.2
183.6	105.2
183.7	105.8
184	105.8
184.2	105.2
184.2	104
184.3	103.4
184.4	102.8
184.5	102.8
184.6	106.4
184.7	108.2
184.7	110.6
184.9	110.6
184.9	108.8
185	108.2
185	108.2
185.1	108.8
185.2	108.2
185.3	106.4
185.3	106.4
185.4	105.2
185.6	103.4
185.6	103.4
185.6	103.4
185.8	106.4
185.8	108.8
186	108.8
186	107.6
186.1	107.6
186.1	108.2
186.2	109.4
186.4	109.4
186.4	108.2
186.4	107
186.4	105.2
186.4	104
186.4	104
186.5	102.8
186.6	102.8
186.6	102.8
186.7	105.2
186.7	107
186.8	108.2
186.8	108.8
186.9	110.6
186.9	111.1
187	112.3
187.2	115.3
187.2	115.9
187.3	117.1
187.4	118.3
187.5	120.7
187.6	121.3
187.8	121.3
187.9	118.3
187.9	115.3
188	111.7
188.1	110.6
188.1	108.8
188.2	107
188.2	105.2
188.3	104
188.4	102.8
188.5	101.6
188.6	100.4
188.7	100.4
188.8	102.2
188.8	104
188.9	106.4
189	107.6
189.1	108.2
189.2	108.2
189.3	109.4
189.4	111.1
189.4	112.9
189.5	114.7
189.6	115.9
189.6	116.5
189.7	117.1
189.8	118.9
189.9	119.5
190	119.5
190.1	117.7
190.1	117.7
190.1	120.7
190.3	122.5
190.3	122.5
190.4	123.1
190.5	123.1
190.5	117.1
190.5	115.9
190.6	113.5
190.6	113.5
190.8	112.3
190.8	111.7
190.9	111.7
190.9	111.1
190.9	110
191	108.2
191.1	107
191.1	105.8
191.1	105.2
191.1	104.6
191.1	102.2
191.1	101.6
191.2	100.4
191.3	100.4
191.4	102.2
191.6	104.6
191.8	105.2
191.9	105.2
191.9	108.8
191.9	110.6
192.1	112.3
192.2	114.1
192.3	115.9
192.5	117.1
192.6	118.3
192.7	120.1
192.8	120.7
192.8	120.7
192.8	120.7
192.8	118.9
192.9	116.5
192.9	115.9
193.1	115.3
193.1	115.3
193.2	114.7
193.3	113.5
193.4	115.3
193.4	117.1
193.5	119.5
193.5	119.5
193.6	117.1
193.6	115.9
193.6	115.9
193.7	115.3
193.7	114.7
193.7	112.9
193.8	112.3
193.8	112.3
193.8	111.7
193.9	113.5
193.9	111.1
194.2	108.8
194.2	108.2
194.4	110
194.4	110
194.5	111.1
194.4	114.1
194.6	114.7
194.7	114.7
194.7	114.7
194.8	114.1
194.8	112.3
194.9	111.1
195	111.1
195.2	111.1
195.2	111.1
195.2	111.1
195.3	111.1
195.3	110
195.4	108.8
195.6	110.6
195.6	113.5
195.6	114.1
195.6	115.9
195.7	116.5
195.8	117.1
195.9	115.9
195.9	114.7
196	114.1
196	112.3
196.1	111.1
196.1	110
196.1	108.2
196.2	106.4
196.3	105.2
196.4	107
196.5	108.2
196.5	108.8
196.7	109.4
196.9	110
197	110
197.1	110
197.4	110.6
197.6	112.3
197.6	112.9
197.6	114.1
197.6	116.5
197.7	118.9
197.7	119.5
197.8	118.3
197.9	117.7
198.1	115.9
198.1	114.7
198.2	114.1
198.4	115.3
198.4	115.3
198.6	115.3
198.7	116.5
198.8	116.5
198.8	116.5
198.9	115.3
198.9	114.1
199.1	114.1
199.2	115.3
199.3	117.1
199.5	117.1
199.6	117.1
199.6	117.1
199.7	117.1
199.8	115.3
199.9	114.1
200	112.9
200	112.3
200	111.7
200.3	110
200.4	112.3
200.4	112.9
200.6	112.3
200.6	113.5
200.7	114.7
200.9	116.5
200.9	115.3
200.9	112.3
200.9	110
200.9	108.8
200.9	107.6
201	105.8
201	104.6
201.2	104
201.3	105.8
201.4	106.4
201.4	108.2
201.4	108.8
201.6	110
201.7	109.4
201.8	108.2
201.8	107
201.9	105.8
201.9	105.8
202	105.8
202.1	106.4
202.3	105.8
202.3	103.4
202.4	102.8
202.6	102.2
202.7	102.8
202.9	105.2
203	107
203.2	108.8
203.4	110.6
203.5	111.7
203.7	115.3
203.8	116.5
203.8	115.3
203.8	114.7
203.8	114.1
203.9	114.1
204	114.7
204.1	115.9
204.2	118.9
204.2	118.9
204.2	120.7
204.2	122.5
204.3	123.7
204.3	123.7
204.5	123.1
204.5	118.3
204.6	117.1
204.6	115.9
204.7	112.9
204.7	111.7
204.7	111.1
204.8	109.4
204.9	108.8
205	111.1
205	112.9
205.1	113.5
205.2	114.1
205.3	112.3
205.5	110.6
205.6	107.6
205.6	106.4
205.6	105.8
205.7	103.4
205.8	104
205.8	104.6
205.9	107.6
205.9	109.4
205.9	111.7
206	112.9
206	113.5
206.1	114.7
206.2	115.9
206.2	116.5
206.3	116.5
206.4	114.7
206.4	111.7
206.5	111.1
206.5	109.4
206.5	107
206.6	106.4
206.7	105.8
206.9	108.2
207	109.4
207.1	109.4
207.2	108.8
207.5	108.2
207.7	106.4
207.7	108.2
207.7	110
207.7	110
207.8	108.2
207.9	107.6
208.1	106.4
208.1	106.4
208.2	105.8
208.2	105.8
208.2	105.8
208.3	106.4
208.6	108.2
208.6	109.4
208.9	112.9
208.9	114.1
208.9	110.6
209	110.6
209	113.5
209.1	114.7
209.1	115.3
209.2	115.9
209.4	116.5
209.4	115.3
209.5	115.9
209.5	117.1
209.6	118.9
209.6	121.3
209.6	121.3
209.7	122.5
209.9	123.1
210	123.7
210.1	122.5
210.2	119.5
210.3	117.1
210.3	115.3
210.4	112.9
210.4	111.1
210.5	111.1
210.5	108.8
210.6	106.4
210.6	105.8
210.8	107
210.8	108.8
211	110.6
211	112.3
211.1	113.5
211.2	114.1
211.3	115.3
211.4	117.1
211.5	118.9
211.5	120.7
211.5	121.3
211.5	122.5
211.6	123.1
211.7	120.7
211.8	118.9
211.8	115.3
211.9	115.3
211.9	112.9
212	112.3
212.1	110.6
212.2	110
212.3	109.4
212.4	110.6
212.5	112.9
212.6	115.3
212.6	118.9
212.6	120.1
212.7	120.1
212.8	120.1
212.9	120.7
212.9	121.9
213	124.8
213	125.4
213.2	126.6
213.3	126.6
213.4	124.3
213.5	121.3
213.6	119.5
213.7	118.9
213.7	117.1
213.8	115.3
213.9	114.7
214	115.9
214.1	118.3
214.2	118.3
214.3	118.9
214.5	119.5
214.6	120.7
214.6	121.3
214.7	122.5
214.8	122.5
215	118.9
215	117.7
214.8	113.5
214.8	111.7
215	110.6
215	111.1
215.1	112.9
215.1	114.1
215.2	115.3
215.2	115.9
215.2	116.5
215.5	116.5
215.5	116.5
215.5	115.9
215.6	114.1
215.6	111.7
215.6	111.7
215.7	111.1
215.8	111.7
215.9	113.5
216	115.3
216.2	117.1
216.2	118.9
216.3	119.5
216.4	120.1
216.4	120.1
216.5	119.5
216.6	114.7
216.6	112.9
216.7	110.6
216.7	110
216.8	108.2
216.9	106.4
216.9	105.8
216.9	105.8
217	107
217.1	108.2
217.2	111.1
217.3	112.3
217.3	112.9
217.4	112.9
217.5	111.1
217.6	108.8
217.6	108.2
217.7	107
217.8	107
217.9	108.2
218.1	111.7
218.1	112.9
218.2	112.9
218.2	115.3
218.3	116.5
218.3	119.5
218.4	120.1
218.4	120.7
218.5	123.1
218.6	123.1
218.6	123.1
218.7	122.5
218.8	118.9
218.9	114.1
219	111.1
219.1	111.1
219.1	110
219.2	108.2
219.3	108.8
219.4	110.6
219.6	112.9
219.6	112.9
219.7	114.1
219.9	115.9
219.9	116.5
220	116.5
220	116.5
220.2	115.3
220.3	114.1
220.5	112.9
220.6	112.9
220.6	115.9
220.7	118.3
220.7	118.3
220.7	120.7
220.7	122.5
220.8	124.3
220.9	126
220.9	126
221	126.6
221.1	126.6
221.2	125.4
221.2	122.5
221.2	121.3
221.2	119.5
221.3	116.5
221.3	115.3
221.4	112.9
221.4	112.3
221.5	111.1
221.6	110.6
221.7	111.7
221.8	112.9
221.8	112.9
221.8	114.7
221.9	115.9
222	117.1
222.1	117.1
222.1	117.1
222.2	117.1
222.4	117.1
222.5	117.7
222.5	117.7
222.6	119.5
222.7	120.7
223	121.3
223.1	121.3
223.1	120.1
223.2	118.3
223.3	115.9
223.3	114.1
223.5	112.9
223.5	112.9
223.6	114.1
223.7	117.7
223.7	119.5
223.8	121.3
224	123.1
224	124.3
224	121.9
224.1	119.5
224.2	118.9
224.2	118.3
224.3	117.1
224.5	115.9
224.5	115.9
224.6	114.7
224.6	112.9
224.7	111.7
224.9	110
224.9	110
225	108.2
225.1	107.6
225.1	107
225.1	105.8
225.1	104
225.1	102.8
225.1	102.2
225.2	102.2
225.3	102.8
225.3	105.2
225.4	107
225.4	107
225.4	108.2
225.5	109.4
225.7	113.5
225.7	113.5
225.8	113.5
225.9	113.5
226	113.5
226	114.1
226.1	116.5
226.1	117.7
226.1	118.3
226.1	120.1
226.2	122.5
226.3	123.1
226.3	123.1
226.4	124.3
226.5	125.4
226.5	126
226.6	127.2
226.6	127.8
226.6	128.4
226.7	128.4
226.7	127.8
226.8	124.3
226.8	123.7
226.9	119.5
226.9	116.5
226.9	113.5
226.9	110
226.9	109.4
226.9	108.2
227	105.8
227.1	104.6
227.2	104.6
227.3	105.8
227.3	110
227.3	110.6
227.3	110.6
227.4	111.1
227.5	110
227.6	108.2
227.7	107
227.8	107
227.9	107.6
227.9	108.8
227.9	109.4
227.9	110
228	111.1
228.1	112.9
228.1	112.9
228.2	112.9
228.3	112.9
228.4	110
228.4	108.8
228.4	108.2
228.5	105.8
228.6	102.8
228.7	102.2
228.8	105.2
228.8	106.4
228.8	107
228.8	107.6
229.1	108.8
229.1	107
229.1	104.6
229.2	104
229.2	102.8
229.3	101
229.3	98.6
229.4	96.9
229.4	96.3
229.6	96.9
229.8	99.2
229.8	100.4
229.8	101
229.8	101.6
229.8	102.2
229.8	102.2
230	101.6
230	99.8
230	98.6
230.1	97.5
230.2	96.3
230.3	95.1
230.4	94.5
230.5	93.9
230.6	93.9
230.7	94.5
230.8	95.1
230.8	96.9
230.9	98
231.1	98
231.2	97.5
231.2	96.3
231.3	95.1
231.4	96.3
231.4	96.3
231.5	98
231.6	99.2
231.7	101.6
231.9	102.8
232	103.4
232.1	104.6
232.2	105.8
232.2	106.4
232.3	108.2
232.3	108.2
232.4	107.6
232.4	107
232.5	105.8
232.5	104
232.5	102.2
232.5	101.6
232.7	99.2
232.7	98.6
232.9	99.2
232.9	100.4
233	101.6
233	103.4
233.1	105.2
233.1	106.4
233.1	106.4
233.1	107
233.2	108.2
233.2	109.4
233.3	109.4
233.3	108.8
233.4	107
233.4	104.6
233.4	104.6
233.6	104.6
233.6	105.2
233.6	106.4
233.7	107
233.7	107
233.9	105.2
233.9	105.2
233.9	102.8
233.9	102.2
234.2	101.6
234.4	101
234.4	101
234.5	101.6
234.5	101.6
234.5	104
234.5	107
234.6	109.4
234.7	110
234.7	108.8
234.8	107
234.9	107.6
235	108.8
235.1	110
235.3	110.6
235.4	111.1
235.5	108.8
235.5	107.6
235.5	105.2
235.5	104.6
235.5	103.4
235.6	102.8
235.8	101.6
235.8	101.6
235.9	99.8
236	99.2
236	97.5
236.1	96.3
236.3	96.3
236.4	97.5
236.4	99.8
236.4	102.2
236.5	105.2
236.5	105.8
236.6	106.4
236.7	109.4
236.7	111.7
236.9	112.9
236.9	113.5
237	114.1
237.1	115.9
237.1	115.9
237.2	114.7
237.2	112.3
237.3	111.7
237.3	110
237.4	110
237.4	108.2
237.5	106.4
237.5	104.6
237.5	104.6
237.6	105.8
237.7	108.2
237.8	109.4
237.9	110
238	110.6
238.1	111.1
238.3	111.1
238.4	111.1
238.5	110.6
238.5	110.6
238.6	111.7
238.6	112.9
238.6	113.5
238.7	114.1
238.8	115.3
238.9	115.9
239	116.5
239.1	117.1
239.2	118.3
239.3	118.3
239.3	118.3
239.5	117.7
239.5	115.9
239.6	115.3
239.6	114.7
239.7	114.1
239.7	114.1
239.8	114.1
239.8	114.7
239.8	116.5
239.8	117.7
239.9	117.7
239.9	117.7
240	116.5
240.1	115.3
240.2	115.3
240.3	116.5
240.3	116.5
240.3	117.7
240.3	120.7
240.5	122.5
240.5	122.5
240.5	120.7
240.6	120.1
240.7	121.3
240.8	121.9
240.9	119.5
241	118.9
241	117.1
241.1	114.7
241.1	113.5
241.1	112.9
241.1	112.9
241.1	112.3
241.2	112.3
241.2	111.7
241.3	111.7
241.4	111.7
241.5	111.7
241.6	112.9
241.6	115.3
241.7	115.9
241.8	117.1
241.9	117.1
242	115.9
242	114.7
242.1	115.3
242.2	117.1
242.4	117.7
242.5	117.1
242.6	117.1
242.8	114.1
242.8	114.1
242.8	114.1
242.9	114.1
243	115.3
243	116.5
243	117.7
243.1	119.5
243.3	120.1
243.3	120.1
243.4	118.9
243.4	116.5
243.5	113.5
243.5	111.7
243.5	111.1
243.6	110.6
243.6	109.4
243.6	108.8
243.6	108.2
243.6	107
243.7	106.4
243.9	107.6
244	109.4
244.1	109.4
244.2	108.2
244.3	107
244.3	105.2
244.4	103.4
244.5	104.6
244.6	108.2
244.6	108.2
244.6	111.1
244.7	113.5
244.7	114.7
244.8	114.7
244.8	115.3
244.9	114.7
245.1	111.7
245.1	111.1
245.3	110
245.4	109.4
245.6	109.4
245.6	112.9
245.6	112.9
245.6	114.7
245.6	117.7
245.7	118.9
245.7	118.9
245.8	117.1
245.9	114.7
245.9	114.1
246	114.7
246	115.3
246.1	115.3
246.1	115.3
246.2	114.7
246.3	114.1
246.3	112.9
246.3	112.9
246.4	112.9
246.4	112.9
246.4	112.9
246.5	114.7
246.5	114.7
246.6	114.7
246.7	114.1
246.8	113.5
246.9	113.5
246.9	112.9
246.9	112.9
247	111.7
247.1	114.1
247.2	115.3
247.2	115.3
247.2	115.3
247.4	115.3
247.4	115.3
247.4	115.3
247.5	113.5
247.6	111.7
247.6	110
247.6	109.4
247.6	108.8
247.7	107
247.8	105.2
247.9	104.6
247.9	104
247.9	103.4
248.1	104.6
248.1	106.4
248.2	108.2
248.3	109.4
248.3	109.4
248.3	108.2
248.3	106.4
248.4	105.2
248.5	104.6
248.6	105.8
248.6	106.4
248.7	107
248.7	107
248.8	107
248.8	107
248.9	107
248.9	107
248.9	105.8
249	104.6
249.1	103.4
249.2	102.8
249.2	102.2
249.2	101.6
249.3	99.8
249.3	99.2
249.4	98
249.6	98
249.7	99.2
249.8	102.2
249.9	104
249.9	104
250	107
250.1	108.8
250.1	112.3
250.1	112.3
250.1	114.1
250.1	114.7
250.1	116.5
250.2	118.9
250.2	119.5
250.2	119.5
250.3	120.1
250.4	121.3
250.5	121.9
250.5	121.3
250.5	119.5
250.6	117.7
250.6	115.9
250.7	114.1
250.7	111.7
250.7	108.2
250.7	104.6
250.8	101.6
250.9	99.8
250.9	98
250.9	95.1
251	92.1
251	91.5
251.1	91.5
251.2	89.7
251.4	86.7
251.6	80.8
251.6	79
251.6	76.6
251.6	76
251.8	72.4
251.8	70.6
251.9	68.9
251.9	67.7
252	67.1
252	65.3
251.9	62.3
251.9	61.7
251.9	59.9
252	59.3
252.2	59.9
252.4	60.5
252.5	64.1
252.6	68.3
252.7	70.6
252.7	74.2
252.8	77.8
252.8	78.4
252.8	80.8
252.8	83.2
252.9	86.7
252.9	89.7
252.9	90.9
253	92.7
253	94.5
253.2	96.9
253.2	97.5
253.3	98.6
253.5	102.2
253.6	104.6
253.7	105.8
253.8	107
254	108.8
254	110
254	110.6
254.1	111.1
254.1	109.4
254.1	107.6
254.3	105.8
254.3	105.8
254.4	107
254.4	107
254.5	108.8
254.5	109.4
254.7	111.1
254.7	107.6
254.7	107
254.8	106.4
254.8	110
254.9	112.3
255.1	113.5
255.1	114.7
255.1	115.3
255.1	117.1
255.3	115.9
255.3	115.9
255.4	115.3
255.4	115.3
255.4	115.3
255.5	117.7
255.7	118.9
255.9	119.5
255.9	119.5
255.9	121.3
256	123.1
256.1	123.7
256.2	121.3
256.2	121.3
256.2	119.5
256.3	117.7
256.4	115.3
256.5	113.5
256.6	114.7
256.7	115.3
256.8	116.5
256.9	118.3
257.1	119.5
257.1	121.3
257.1	123.7
257.1	124.3
257.2	124.3
257.3	125.4
257.4	125.4
257.4	122.5
257.5	121.3
257.5	120.1
257.5	116.5
257.6	114.1
257.6	113.5
257.6	112.9
257.7	111.7
257.7	111.7
257.8	112.9
258	115.3
258	119.5
258.1	122.5
258.2	123.1
258.3	123.7
258.4	124.3
258.6	124.3
258.7	122.5
258.8	121.9
258.8	121.9
258.8	121.9
258.8	123.7
259	123.7
259.1	123.7
259.1	122.5
259.5	122.5
259.5	124.3
259.5	126
259.6	127.2
259.9	127.2
260	126
260.2	123.7
260.2	123.1
260.3	120.7
260.4	120.7
260.4	120.7
260.4	118.3
260.5	118.9
260.5	121.3
260.6	124.3
260.8	124.3
260.9	121.9
261.1	118.9
261.3	117.7
261.3	116.5
261.5	117.1
261.5	121.9
261.5	126
261.6	128.4
261.8	128.4
262	125.4
262.1	124.3
262.3	126.6
262.3	129
262.3	132
262.5	133.2
262.6	133.2
262.7	129
262.7	128.4
262.7	126.6
262.9	121.9
263	119.5
263	117.7
263	116.5
263.1	114.7
263.3	112.9
263.3	112.3
263.5	111.1
263.5	113.5
263.6	117.1
263.6	117.7
263.6	119.5
263.8	120.7
263.8	118.3
263.8	117.1
263.9	117.1
264	118.9
264.1	119.5
264.2	119.5
264.4	118.9
264.4	118.3
264.5	115.9
264.6	111.7
264.8	108.2
265	110
265.1	116.5
265.1	120.1
265.2	123.7
265.2	124.8
265.2	127.8
265.2	130.2
265.3	132.6
265.5	133.2
265.7	129.6
265.7	127.8
265.8	127.2
266	127.2
266.1	124.8
266.2	120.1
266.5	114.1
266.5	112.9
266.5	110
266.5	108.2
266.6	105.8
266.7	104
266.8	100.4
266.9	98.6
267	96.9
267.1	96.3
267.2	96.3
267.3	98.6
267.4	102.2
267.5	104.6
267.5	105.8
267.5	110
267.5	114.7
267.6	116.5
267.7	120.1
267.8	122.5
267.8	125.4
267.8	126
267.8	127.8
267.9	129
268	128.4
268	126
268.1	125.4
268.2	127.8
268.3	128.4
268.4	129
268.5	127.2
268.6	124.3
268.6	121.9
268.8	121.3
268.9	123.7
268.9	125.4
269.1	125.4
269.1	122.5
269.2	121.3
269.3	121.3
269.4	119.5
269.4	118.9
269.5	117.1
269.7	114.7
269.7	115.9
269.9	121.3
269.9	124.3
269.9	127.2
270	128.4
270.1	129.6
270.2	130.8
270.2	131.4
270.3	130.8
270.3	129.6
270.5	127.2
270.5	124.3
270.6	122.5
270.7	124.8
270.8	127.2
270.8	127.8
270.8	129.6
271	134.4
271.1	133.2
271.2	130.8
271.2	130.2
271.2	128.4
271.3	125.4
271.3	124.8
271.4	124.8
271.5	126
271.5	127.8
271.6	129
271.7	129.6
271.7	129
271.8	126.6
271.9	124.8
272.1	120.1
272.2	119.5
272.3	117.1
272.4	115.9
272.4	115.9
272.4	117.7
272.6	116.5
272.7	115.9
272.7	115.3
272.7	112.3
272.7	111.7
272.7	107
272.8	103.4
272.8	98
272.8	97.5
272.9	96.3
273	95.7
273.4	89.1
273.4	87.3
273.5	87.3
273.5	90.3
273.5	91.5
273.5	92.7
273.7	93.3
273.8	93.9
273.9	95.7
274.1	98
274.1	99.8
274.1	100.4
274.3	101.6
274.4	102.8
274.4	105.8
274.4	107.6
274.5	110.6
274.5	111.1
274.6	112.9
274.8	112.9
274.9	113.5
275	115.3
275	115.9
275.2	117.7
275.2	118.3
275.3	121.9
275.3	123.1
275.4	123.1
275.4	123.1
275.4	123.7
275.3	124.3
275.3	125.4
275.5	126
275.5	126
275.5	123.7
275.6	122.5
275.7	122.5
275.7	122.5
275.7	123.7
275.8	123.1
275.9	122.5
276	123.1
276.2	123.1
276.2	123.1
276.3	122.5
276.3	120.7
276.5	117.1
276.5	116.5
276.6	114.1
276.7	114.1
276.8	113.5
276.9	114.1
277	117.1
277.1	117.7
277.2	117.1
277.4	115.9
277.5	114.1
277.7	114.1
277.7	114.1
277.9	114.1
278.1	112.9
278.2	111.7
278.4	111.1
278.4	112.9
278.5	115.9
278.5	116.5
278.7	118.3
278.7	120.1
278.8	121.9
278.9	123.7
279	126
279	127.8
279.1	129.6
279.1	130.2
279.1	130.2
279.3	126.6
279.3	125.4
279.4	124.8
279.5	122.5
279.6	121.9
279.8	122.5
279.9	123.7
280	126
280	127.8
280	129
280.1	129
280.3	129
280.4	132
280.5	133.8
280.5	136.2
280.5	139.1
280.6	140.9
280.6	141.5
280.8	141.5
280.8	140.9
280.9	137.9
281.1	134.4
281.2	132.6
281.2	134.4
281.3	135.6
281.4	132.6
281.6	130.2
281.6	129.6
281.6	129.6
281.8	127.8
281.8	127.2
281.8	126.6
281.9	125.4
282	123.1
282.1	121.9
282.1	120.7
282.3	120.1
282.5	119.5
282.5	119.5
282.8	121.3
282.8	124.8
282.9	126.6
283.1	127.8
283.1	127.2
283.2	124.3
283.3	124.3
283.4	126
283.5	127.8
283.7	130.8
283.8	132
284	132
284.1	132
284.2	132
284.4	130.2
284.4	129.6
284.5	128.4
284.5	127.8
284.5	127.8
284.6	126
284.7	124.3
284.8	123.7
284.9	126
285	125.4
285.1	123.1
285.1	121.3
285.2	120.7
285.2	120.7
285.2	119.5
285.3	118.9
285.5	118.3
285.8	118.3
285.8	118.9
285.8	119.5
286	120.1
286.1	121.3
286.1	122.5
286.2	123.7
286.4	124.8
286.5	126
286.6	126.6
286.8	124.3
286.9	124.3
286.9	124.3
287	125.4
287.1	127.2
287.1	127.8
287.1	128.4
287.2	129
287.3	128.4
287.3	127.8
287.5	125.4
287.6	124.3
287.6	126
287.8	126.6
287.8	124.8
288	123.1
288.1	123.1
288.2	125.4
288.2	126
288.3	126.6
288.4	129
288.5	130.2
288.6	132
288.8	130.2
288.9	126.6
288.9	126
289	124.8
289.1	125.4
289.1	129.6
289.2	132
289.3	132.6
289.3	133.2
289.4	130.8
289.5	127.2
289.6	124.3
289.6	120.7
289.6	120.7
289.7	118.3
289.7	117.1
289.7	114.1
289.8	112.9
289.9	112.3
290	112.9
290.1	114.1
290.2	117.1
290.2	117.7
290.3	120.1
290.4	120.1
290.5	117.7
290.6	115.9
290.7	114.1
290.7	113.5
290.7	111.7
290.7	111.1
290.8	112.9
290.9	114.1
291	114.1
291.2	111.7
291.3	111.1
291.4	111.1
291.4	111.1
291.5	112.3
291.5	116.5
291.6	117.7
291.6	121.3
291.6	121.9
291.6	124.3
291.7	124.8
291.8	126.6
291.9	126.6
291.9	128.4
291.9	129.6
292	129.6
292.2	127.2
292.3	124.8
292.4	124.3
292.5	126
292.7	130.8
292.7	130.8
292.9	126.6
292.9	124.3
293.1	122.5
293.1	121.9
293.1	121.9
293.1	122.5
293.3	124.3
293.5	126
293.6	127.8
293.7	128.4
293.7	126.6
293.8	125.4
294	123.7
294	123.1
294	121.3
294.1	120.1
294.2	118.3
294.3	118.3
294.3	118.9
294.4	119.5
294.4	122.5
294.5	125.4
294.5	126
294.5	129.6
294.6	130.8
294.7	129.6
294.7	126.6
294.8	123.7
294.8	121.9
295.1	123.7
295.2	126.6
295.2	127.2
295.2	128.4
295.3	130.2
295.3	133.2
295.4	134.4
295.5	131.4
295.6	129.6
295.7	132.6
295.7	133.2
295.8	134.4
296	133.8
296	132.6
296	130.8
296.1	127.8
296.2	126
296.2	124.3
296.2	123.1
296.3	123.1
296.3	122.5
296.4	122.5
296.5	121.3
296.5	120.7
296.5	120.1
296.5	118.9
296.5	118.9
296.6	117.1
296.6	115.3
296.7	114.7
296.7	114.7
296.8	113.5
296.9	112.9
297	115.3
297	116.5
297	118.3
297.2	119.5
297.2	120.1
297.3	121.9
297.4	123.1
297.6	122.5
297.7	121.3
297.8	119.5
298.1	117.1
298.1	117.1
298.2	115.9
298.2	115.3
298.2	114.1
298.2	115.3
298.2	118.3
298.3	122.5
298.3	123.7
298.3	126.6
298.4	127.2
298.5	127.2
298.6	126
298.6	123.7
298.6	122.5
298.7	121.9
298.9	121.9
298.9	121.9
299	122.5
299	122.5
299	122.5
299.1	123.1
299.1	123.1
299.2	123.1
299.2	123.1
299.2	122.5
299.3	121.3
299.5	121.3
299.6	121.9
299.6	121.9
299.6	121.9
299.7	121.9
299.9	121.3
299.9	121.3
299.9	120.1
300	119.5
300.2	118.3
300.2	117.1
300.2	114.7
300.3	114.1
300.4	112.9
300.4	112.3
300.4	111.7
300.5	111.7
300.7	111.1
300.7	109.5
300.7	112.5
300.8	114.3
300.8	116.7
300.8	119.1
300.9	122.1
300.9	122.1
301.1	122.1
301.3	120.3
301.4	119.1
301.6	122.1
301.6	125.1
301.6	125.7
301.7	128.2
301.8	130.6
301.8	131.2
301.8	132.4
301.9	134.8
301.9	134.8
302	134.8
302.2	131.2
302.2	128.8
302.2	127
302.3	125.1
302.4	123.3
302.5	120.3
302.5	119.7
302.6	116.7
302.6	114.9
302.7	113.7
302.8	116.7
302.9	117.3
302.9	120.3
303	122.7
303.1	125.1
303.1	125.1
303.1	126.4
303.3	127
303.3	125.1
303.4	123.3
303.4	122.7
303.5	123.9
303.7	126.4
303.8	128.2
303.8	129.4
303.8	130
304	128.2
304	127
304	126.4
304.1	125.1
304.1	124.5
304.2	122.1
304.4	119.1
304.5	117.3
304.6	117.3
304.7	120.3
304.8	122.1
305	122.1
305.1	120.3
305.2	119.7
305.4	120.9
305.5	124.5
305.6	128.8
305.6	130
305.6	133
305.7	134.8
305.7	137.2
305.8	139.6
306	137.2
306	136.6
306.1	137.8
306.2	140.8
306.2	140.8
306.3	140.8
306.4	136.6
306.4	136.6
306.5	134.2
306.5	133
306.7	131.2
306.9	127.6
306.9	123.9
306.9	121.5
307.1	116.7
307.1	114.3
307.2	114.3
307.3	114.9
307.4	117.9
307.4	118.5
307.5	120.9
307.5	121.5
307.6	120.9
307.8	122.1
307.9	125.1
307.9	128.2
308	128.8
308.2	128.2
308.4	125.7
308.4	123.3
308.6	122.1
308.6	119.7
308.7	119.7
308.7	117.3
308.7	116.1
308.8	113.7
309	114.3
309.1	115.5
309.2	114.3
309.3	113.1
309.3	114.3
309.4	114.9
309.5	119.1
309.5	120.9
309.5	121.5
309.5	123.3
309.7	122.1
309.9	119.1
310.2	116.7
310.3	116.1
310.4	116.7
310.4	120.3
310.5	122.1
310.6	119.7
310.8	119.1
310.8	122.1
310.8	123.3
310.9	125.7
311.2	128.2
311.3	128.2
311.7	123.9
311.8	121.5
311.9	117.9
311.9	116.7
311.9	114.9
311.9	114.9
311.9	114.9
312	114.3
312.1	116.7
312.2	118.5
312.3	119.1
312.5	122.1
312.6	125.1
312.6	127.6
312.6	129.4
312.7	131.2
312.7	133
312.8	135.4
312.8	135.4
312.9	136
313	131.2
313.2	128.2
313.3	125.1
313.4	120.9
313.4	119.1
313.5	117.9
313.6	119.1
313.7	123.3
313.7	125.7
313.8	128.8
314	130.6
314.2	129.4
314.2	126.4
314.2	125.7
314.2	125.1
314.3	120.9
314.4	119.7
314.4	117.9
314.4	116.1
314.5	116.1
314.6	116.7
314.7	119.7
314.7	119.7
314.8	119.1
315	117.3
315	113.1
314.9	111.3
315	111.9
315.2	116.1
315.2	119.1
315.3	119.1
315.3	119.1
315.4	121.5
315.5	123.9
315.7	125.1
315.8	122.7
316	119.7
316	119.1
316.1	116.1
316.1	113.7
316.1	113.1
316.2	110.1
316.3	110.7
316.3	114.9
316.4	114.9
316.7	117.3
316.7	117.9
316.9	117.9
317.1	117.3
317.3	114.9
317.5	113.1
317.5	115.5
317.6	119.1
317.8	122.7
317.9	121.5
318	117.3
318	115.5
318	113.1
318.1	110.7
318.1	110.1
318.3	110.1
318.5	108.3
318.6	104.7
318.6	103.4
318.6	101
318.6	100.4
318.7	95
318.7	93.8
318.7	93.8
318.8	95.6
318.8	96.8
318.8	99.8
319.1	104.7
319.2	105.9
319.3	110.1
319.3	110.7
319.4	111.3
319.5	107.7
319.6	104.1
319.8	100.4
319.9	99.8
319.9	98.6
319.9	97.4
319.9	94.4
319.9	94.4
320	93.2
320.2	96.8
320.4	99.2
320.5	99.8
320.5	96.8
320.5	95
320.6	93.8
320.6	91.4
320.7	90.8
320.7	89.6
320.8	87.8
321.2	83.6
321.3	83
321.4	83
321.4	85.4
321.4	93.2
321.4	95
321.5	97.4
321.6	99.2
321.6	102.8
321.6	104.1
321.6	105.3
321.7	107.7
321.7	109.5
321.8	109.5
322	107.1
322	106.5
322	107.1
322.1	108.3
322.2	110.1
322.2	112.5
322.4	114.3
322.5	116.7
322.6	117.9
322.6	118.5
322.6	119.1
322.7	120.9
322.8	120.9
322.8	117.3
322.8	114.3
322.9	113.7
322.9	113.1
323.1	112.5
323.2	110.1
323.3	107.1
323.4	104.1
323.4	103.4
323.5	102.2
323.6	100.4
323.6	100.4
323.7	99.2
323.7	99.2
323.7	97.4
323.9	95
323.9	94.4
324	93.8
324.2	91.4
324.4	90.2
324.4	89
324.6	88.4
324.5	92.6
324.7	92.6
324.8	90.8
325	90.2
325.1	90.2
325.3	90.2
325.4	88.4
325.5	87.2
325.5	85.4
325.5	84.2
325.5	83
25.2	62.5
25.2	61.9
25.4	61.3
25.6	61.3
25.8	61.9
26	61.9
26.1	61.3
26.2	58.9
26.3	58.3
26.6	60.1
26.8	60.7
27.1	57.6
27.3	55.8
27.4	51.6
27.4	51.6
27.5	51
27.7	52.8
28	52.8
28.1	51.6
28.2	51
28.4	51.6
28.6	54
28.9	57
29	58.9
29.3	60.7
29.4	61.3
29.5	63.1
29.6	63.7
29.8	64.3
29.8	64.9
29.9	66.1
30	66.1
30.1	66.1
30.2	65.5
30.3	63.1
30.3	63.1
30.6	62.5
30.6	63.1
30.7	63.1
30.8	64.9
31.1	66.7
31.1	66.7
31.2	68.5
31.3	72.1
31.3	72.7
31.4	75.1
31.5	76.9
31.6	78.1
31.8	78.7
31.8	78.7
31.9	78.1
32	76.9
32	76.3
32.1	76.3
32.1	76.3
32.1	74.5
32.2	73.3
32.2	73.3
32.3	76.3
32.4	75.7
32.5	73.9
32.5	73.3
32.6	72.1
32.6	71.5
32.8	70.3
33	68.5
33.1	71.5
33.1	72.1
33.3	75.1
33.3	77.5
33.4	77.5
33.4	79.3
33.4	82.4
33.5	84.2
33.6	83
33.7	81.2
33.8	79.9
33.9	80.5
34	81.8
34	82.4
34.1	83.6
34.1	86.6
34.1	87.2
34.3	90.2
34.4	93.2
34.4	93.2
34.4	93.8
34.5	92.6
34.7	90.8
34.8	89.6
35	87.8
35.1	87.2
35.3	84.8
35.4	84.8
35.4	84.8
35.5	85.4
35.6	87.8
35.7	89
35.8	90.2
35.9	90.2
36	90.2
36	89.6
36.1	89.6
36.1	88.4
36.2	87.8
36.3	89.6
36.4	90.2
36.4	90.8
36.5	92
36.5	92
36.6	90.2
36.7	89.6
36.8	87.8
36.8	86.6
36.9	84.2
37	85.4
37.2	87.8
37.3	89.6
37.4	91.4
37.5	92.6
37.6	91.4
37.7	90.2
37.7	90.2
37.8	89
37.8	87.8
37.9	87.2
37.9	86.6
38	86.6
38	87.8
38.1	88.4
38.3	87.2
38.4	84.8
38.6	83
38.7	83.6
38.7	87.2
38.8	89
38.9	87.8
39	87.2
39.1	87.2
39.2	86.6
39.3	86.6
39.4	86.6
39.5	86.6
39.5	87.2
39.5	89.6
39.5	92.6
39.5	93.2
39.6	94.4
39.7	92
39.7	91.4
39.8	90.2
39.9	87.8
40	87.8
40.2	90.8
40.3	92
40.5	92
40.7	92
40.9	92
41.1	91.4
41.1	90.8
41.2	90.2
41.4	89.6
41.4	89
41.5	89
41.5	89
41.6	87.8
41.7	86
41.7	86
41.8	86
41.9	89
41.9	86.6
42	86
42.1	84.2
42.1	84.2
42.2	84.8
42.3	85.4
42.4	85.4
42.6	84.2
42.6	84.2
42.6	84.2
42.7	84.2
42.8	83
42.9	84.2
42.9	87.2
43	89.6
43	90.2
43	92.6
43	92.6
43.1	93.2
43.2	93.8
43.3	92.6
43.4	91.4
43.5	90.2
43.5	88.4
43.6	88.4
43.7	88.4
43.8	88.4
43.9	88.4
44	86.6
44	86.6
44.2	88.4
44.3	88.4
44.3	86.6
44.4	84.8
44.5	83
44.7	83
44.8	82.4
44.9	83
44.9	87.2
44.9	87.8
45	89.6
45.2	88.4
45.2	86
45.2	85.4
45.4	84.8
45.5	84.8
45.5	85.4
45.7	86.6
45.8	86
45.9	84.8
45.9	84.2
46.1	81.8
46.2	81.8
46.4	83
46.5	84.8
46.5	86.6
46.7	86.6
46.7	86
46.8	86
46.9	86.6
46.9	86.6
46.9	86.6
47	90.2
47.1	92
47.1	92
47.2	94.4
47.3	95
47.3	95.6
47.3	95.6
47.3	93.8
47.3	90.8
47.3	88.4
47.3	86
47.3	84.2
47.4	83
47.5	82.4
47.6	82.4
47.7	83
47.8	84.2
47.8	84.2
47.9	84.2
48.1	81.2
48.2	79.3
48.4	78.1
48.6	78.1
48.6	76.9
48.8	76.9
49	79.9
49.1	82.4
49.2	85.4
325.6	84.2
325.6	85.4
325.7	87.8
325.7	89
325.7	90.8
325.7	92
325.8	92
325.9	92
326	90.8
326	90.2
326.1	89
326.2	89
326.3	89
326.5	90.8
326.5	91.4
326.6	92
326.7	93.2
326.8	95
326.8	96.2
326.8	97.4
326.9	97.4
327	96.8
327	95
327.1	91.4
327.3	89
327.3	87.2
327.4	86
327.4	84.8
327.5	84.2
327.6	86.6
327.7	89
327.8	92
327.8	92.6
327.8	93.8
327.8	94.4
327.8	95
327.9	96.2
327.9	97.4
328	96.8
328.1	94.4
328.2	92
328.2	89
328.2	88.4
328.2	87.8
328.3	86
328.3	85.4
328.5	84.8
328.6	84.8
328.7	86.6
328.8	90.8
328.8	92.6
328.8	96.2
328.9	99.2
329	100.4
329.1	104.7
329.1	105.3
329.2	104.1
329.3	101.6
329.3	99.8
329.4	96.8
329.5	93.2
329.5	93.2
329.6	91.4
329.6	90.2
329.7	87.8
329.9	84.8
329.9	82.4
330.1	79.3
330.1	78.1
330.1	82.4
330.1	83
330.2	86.6
330.4	92
330.4	93.8
330.4	95
330.4	95
330.4	99.2
330.5	101
330.6	105.9
330.7	108.3
330.7	111.9
330.7	112.5
330.8	112.5
330.9	108.9
331	107.1
331.1	104.7
331.2	102.2
331.2	100.4
331.3	99.8
331.4	98.6
331.5	96.8
331.5	96.2
331.5	93.8
331.5	93.2
331.6	92
331.7	92
331.7	92
331.8	90.2
331.9	87.8
332.1	81.8
332.2	79.9
332.3	83
332.3	84.2
332.3	84.2
332.4	84.8
332.7	85.4
332.7	84.8
332.9	84.8
333	85.4
333.1	87.8
333.2	89.6
333.2	89.6
333.3	91.4
333.3	93.2
333.4	93.8
333.5	92
333.6	92
333.7	93.2
333.8	94.4
333.9	94.4
334.1	93.2
334.3	90.8
334.4	89.6
334.5	89
334.7	93.2
334.7	94.4
334.7	95
334.7	96.8
334.7	98
334.7	99.2
334.8	99.2
334.9	99.2
335	93.8
335.1	90.2
335.2	87.2
335.2	84.8
335.2	81.2
335.2	80.5
335.2	79.3
335.2	76.3
335.2	76.3
335.3	73.3
335.3	69.7
335.3	66.1
335.4	68.5
335.4	70.3
335.4	72.7
335.4	73.3
335.5	74.5
335.6	75.1
335.7	75.7
335.9	76.9
335.9	78.7
335.9	79.3
336.1	82.4
336.3	85.4
336.4	88.4
336.6	90.8
336.6	94.4
336.7	96.8
336.8	99.2
336.8	100.4
336.8	101
336.9	102.8
336.9	103.4
336.9	104.1
336.9	107.7
337	107.1
337	104.1
337.1	100.4
337.2	98.6
337.3	98.6
337.3	98.6
337.4	101.6
337.4	101.6
337.5	101.6
337.6	98.6
337.7	98
337.7	98.6
337.7	101
338	104.1
338	104.1
338	104.7
338	106.5
338.2	106.5
338.2	106.5
338.2	104.7
338.4	102.8
338.5	104.7
338.7	105.3
338.8	104.7
338.9	102.2
339	100.4
339.2	99.8
339.3	99.2
339.4	98.6
339.4	100.4
339.5	102.8
339.5	103.4
339.7	105.3
339.8	105.9
339.9	105.3
340	103.4
340	106.5
340.1	110.1
340.2	112.5
340.2	113.7
340.3	114.9
340.3	115.5
340.5	116.1
340.6	115.5
340.7	116.7
340.8	120.9
340.8	120.9
340.9	123.3
341	124.5
341	127
341.1	128.8
341.2	128.2
341.3	125.1
341.3	122.7
341.3	121.5
341.4	119.7
341.4	118.5
341.5	118.5
341.6	118.5
341.7	119.1
341.8	120.9
341.9	123.3
342	125.7
342	125.7
342.2	123.3
342.3	122.1
342.3	121.5
342.3	120.3
342.3	119.7
342.4	117.9
342.5	116.7
342.6	114.3
342.7	112.5
342.8	112.5
342.9	113.1
342.9	116.7
342.9	119.7
343.2	123.3
343.3	124.5
343.5	122.1
343.7	122.1
343.9	122.1
344	120.3
344.1	118.5
344.1	117.9
344.1	116.7
344.2	115.5
344.3	114.9
344.4	114.9
344.4	117.3
344.5	118.5
344.6	118.5
344.7	118.5
344.9	120.3
345	119.1
345.2	116.7
345.3	114.3
345.4	112.5
345.5	111.3
345.5	110.7
345.6	110.7
345.8	110.7
345.8	112.5
345.9	113.7
346	113.7
346.2	113.1
346.2	114.9
346.3	116.1
346.3	116.7
346.5	116.1
346.6	114.9
346.7	115.5
346.8	116.1
346.8	118.5
347	120.3
347.1	121.5
347.2	121.5
347.4	119.1
347.4	117.3
347.5	114.9
347.6	113.7
347.6	111.9
347.6	108.3
347.7	106.5
347.7	107.1
347.8	108.3
347.9	110.1
347.9	110.7
347.9	112.5
348.2	113.7
348.4	113.7
348.4	112.5
348.2	113.1
348.1	113.1
348.2	112.5
348.3	112.5
348.5	113.7
348.6	115.5
348.7	116.1
348.7	116.1
348.8	114.9
348.9	113.7
349	112.5
349	111.9
349.1	111.9
349.1	112.5
349.2	113.1
349.3	114.9
349.4	116.7
349.5	118.5
349.6	118.5
349.9	117.3
349.9	116.7
349.9	116.1
350	114.3
350	113.1
350.1	112.5
350.2	111.9
350.3	111.3
350.3	112.5
350.4	114.9
350.5	119.1
350.7	121.5
350.7	123.9
350.9	122.7
350.9	119.7
350.9	116.1
350.9	116.1
351.1	111.9
351.2	110.1
351.3	110.1
351.4	112.5
351.4	114.9
351.5	117.3
351.6	118.5
351.7	118.5
351.9	117.9
352	117.9
352	117.9
352.1	117.3
352.2	117.3
352.2	119.1
352.3	120.3
352.3	122.1
352.3	122.7
352.4	122.7
352.5	122.7
352.5	120.9
352.6	118.5
352.7	116.1
352.8	114.9
352.9	113.7
353	114.3
353.2	116.1
353.3	117.9
353.4	119.7
353.5	120.9
353.6	123.3
353.6	125.1
353.8	128.2
353.9	129.4
354	131.8
354.1	131.2
354.1	129.4
354.2	129.4
354.2	131.2
354.3	131.8
354.3	134.2
354.3	136
354.3	136.6
354.5	137.2
354.5	137.2
354.5	137.8
354.7	136
354.8	133.6
355	132.4
355.1	129.4
355.2	126.4
355.2	123.9
355.3	121.5
355.5	120.3
355.6	120.9
355.7	124.5
355.7	125.1
355.7	126.4
355.8	128.8
355.8	129.4
355.9	130.6
356	130.6
356.1	127.6
356.2	123.9
356.3	122.1
356.4	120.9
356.6	123.9
356.6	126.4
356.7	128.2
356.8	125.1
356.8	122.7
356.9	120.9
357	120.9
357	121.5
357	123.9
357.1	125.7
357.1	126.4
357.2	127.6
357.4	128.8
357.4	129.4
357.6	128.2
357.6	128.2
357.6	126.4
357.6	125.1
357.8	125.1
357.8	125.1
358	123.9
358.1	122.1
358.1	122.1
358.2	120.9
358.3	119.7
358.4	119.1
358.6	118.5
358.7	117.9
358.9	118.5
359	119.7
359.2	120.9
359.3	120.9
359.4	119.1
359.5	118.5
359.5	116.7
359.7	114.9
359.7	114.9
359.9	117.9
359.9	121.5
360	124.5
360.1	126.4
360.2	127
360.4	123.3
360.5	122.1
360.6	122.7
360.7	125.1
360.8	127.6
361	128.8
361.1	128.8
361.2	127.6
361.2	126.4
361.3	123.9
361.4	123.3
361.4	123.3
361.6	122.7
361.6	121.5
361.7	120.9
361.7	119.1
361.9	116.7
361.9	116.1
361.9	114.9
362.1	114.9
362.1	116.7
362.2	119.1
362.3	119.7
362.3	119.7
362.4	119.1
362.5	118.5
362.6	116.1
362.7	114.9
362.8	117.3
362.9	120.9
363.1	122.1
363.3	125.1
363.4	127
363.5	128.8
363.5	128.2
363.6	124.5
363.7	121.5
363.7	121.5
363.8	120.9
363.9	120.3
364.1	120.3
364.2	119.7
364.4	119.1
364.7	117.9
364.7	117.9
364.8	119.1
364.9	122.7
364.9	123.3
364.9	126.4
364.9	126.4
365	128.2
365.1	131.8
365.2	133
365.2	133
365.3	128.8
365.3	128.8
365.6	125.7
365.6	123.3
365.7	120.3
365.8	119.1
365.8	116.1
365.9	113.7
366	112.5
366.1	112.5
366.2	113.1
366.4	116.1
366.4	120.3
366.4	124.5
366.4	127
366.5	129.4
366.5	131.2
366.6	132.4
366.7	131.2
366.8	130.6
366.9	128.8
366.9	127.6
366.9	126.4
367.1	124.5
367.1	123.9
367.1	122.7
367.2	120.9
367.4	118.5
367.5	116.7
367.6	114.9
367.8	114.9
367.9	116.7
367.9	121.5
367.9	121.5
367.9	123.9
368	125.7
368.1	127
368.2	127.6
368.4	128.2
368.6	127
368.6	122.1
368.6	119.1
368.7	117.9
368.9	114.3
369.1	113.1
369.3	113.7
369.3	115.5
369.4	117.9
369.5	120.9
369.6	121.5
369.7	123.3
369.8	126.4
370	127.6
370	127
370	124.5
370.2	125.1
370.3	127
370.4	128.2
370.5	127
370.5	124.5
370.5	123.9
370.6	125.1
370.8	128.2
370.8	128.2
370.9	128.2
370.9	125.1
370.9	124.5
370.9	123.9
371	122.1
371.2	121.5
371.3	119.7
371.4	119.7
371.5	119.7
371.6	120.9
371.6	123.9
371.6	124.5
371.8	127
372	128.8
372.1	130
372.1	131.2
372.2	131.2
372.2	131.8
372.3	130
372.3	129.4
372.3	127.6
372.3	127
372.4	125.7
372.5	123.3
372.4	123.9
372.5	123.9
372.6	123.3
372.6	122.1
372.6	120.3
372.7	119.7
372.7	119.1
372.7	119.1
372.8	117.3
372.8	116.7
373	116.7
373.1	117.9
373.2	119.1
373.2	119.1
373.2	116.7
373.3	115.5
373.5	115.5
373.7	116.1
373.7	116.1
373.8	118.5
373.9	120.3
373.9	120.9
373.9	123.3
374	126.4
374.1	127
374.1	125.1
374.2	123.9
374.3	125.7
374.5	126.4
374.5	126.4
374.5	126.4
374.6	124.5
374.6	122.7
374.7	122.1
374.8	120.3
374.8	120.3
374.9	122.1
374.9	124.5
375.1	125.1
375.2	124.5
375.3	123.9
375.4	123.3
375.5	123.3
375.5	122.1
375.5	120.9
375.7	120.3
375.7	120.3
375.9	121.5
376	122.1
376.1	121.5
376.1	121.5
376.2	119.7
376.5	120.9
376.5	121.5
376.5	122.1
376.6	126.4
376.6	128.8
376.7	131.8
376.7	132.4
376.7	134.8
376.7	135.4
376.7	137.8
376.8	138.4
377	138.4
377.1	138.4
377.2	135.4
377.3	133
377.4	131.2
377.4	131.2
377.4	128.2
377.6	124.5
377.7	123.9
377.8	125.1
377.9	125.7
377.9	123.9
378	122.7
378.1	123.3
378.2	125.7
378.3	128.2
378.4	130
378.5	131.8
378.6	131.8
378.7	128.8
378.8	125.1
378.9	122.1
378.9	120.3
378.9	116.7
378.9	116.1
378.9	110.7
379	105.9
379	101.6
379	98
379	95.6
379	95
379	92.6
379.1	90.8
379.1	88.4
379.1	84.8
379.1	84.2
379.2	80.5
379.2	78.7
379.3	81.2
379.4	84.8
379.4	87.2
379.4	88.4
379.4	88.4
379.4	90.2
379.5	93.2
379.7	97.4
379.7	98.6
379.9	96.8
379.9	95.6
379.9	92
380	89.6
380	89
380	86.6
380	83
380	83
380.2	78.1
380.3	78.1
380.4	79.3
380.5	81.2
380.6	79.9
380.8	78.1
380.8	75.7
380.9	73.3
381	72.7
381.1	74.5
381.1	78.1
381.2	79.3
381.3	81.8
381.4	83.6
381.4	86
381.6	86
381.7	81.8
381.7	79.9
381.7	79.3
381.9	83
381.9	84.8
382	88.4
382.1	91.4
382.1	95
382.1	96.8
382.2	96.2
382.4	93.2
382.4	89.6
382.4	89
382.5	88.4
382.5	87.8
382.7	87.8
382.8	89
383	89.6
383.2	83
383.1	85.4
383.1	84.8
383.2	80.5
383.3	77.5
383.3	76.3
383.4	72.7
383.5	66.7
383.5	63.1
383.5	60.7
383.5	59.5
383.4	56.4
383.4	54
383.4	51.6
383.4	49.2
383.5	45.6
383.5	45.6
383.6	43.8
383.7	40.8
383.8	39
384	36.6
384.1	36
384.3	34.7
384.3	34.7
384.5	34.7
384.8	36.6
384.8	37.8
384.8	40.2
384.8	40.8
384.9	40.8
385	42
385	42
385.2	40.2
385.2	39.6
385.3	38.4
385.3	36
385.3	34.7
385.3	29.3
385.3	28.1
385.4	26.3
385.5	25.1
385.6	25.7
385.6	27.5
385.6	27.5
385.6	28.1
385.8	28.7
385.8	28.7
385.8	29.3
385.9	30.5
386	30.5
386.1	30.5
386.3	30.5
386.3	30.5
386.4	30.5
386.5	30.5
386.7	31.1
386.7	28.7
386.7	26.9
386.8	26.3
386.8	25.7
387	24.5
387	24.5
387	26.9
387.1	28.1
387.2	27.5
387.3	26.9
387.4	26.3
387.5	25.7
387.7	25.1
387.8	24.5
387.9	25.7
387.9	28.7
388	30.5
388.1	32.3
388.2	33.5
388.2	34.1
388.2	36
388.3	37.2
388.3	38.4
388.4	39.6
388.4	40.2
388.5	41.4
388.6	42
388.6	42.6
388.7	42
388.9	40.2
388.9	39.6
389	39
389	39
389.1	40.2
389.2	43.2
389.2	45.6
389.2	48.6
389.2	49.2
389.3	50.4
389.3	52.8
389.4	54
389.5	52.8
389.6	48
389.7	45.6
389.7	42
389.7	41.4
390	39
390	37.2
390.1	36.6
390.2	36
390.3	36
390.3	36
390.4	37.2
390.5	37.2
390.7	36
390.7	32.9
390.8	34.1
390.9	37.8
390.9	37.8
391.1	35.3
391.4	36
391.4	38.4
391.4	40.8
391.5	42.6
391.6	44.4
391.7	44.4
391.9	42.6
391.9	40.8
392	40.2
392	39
392.1	38.4
392.1	36.6
392.2	36
392.3	36.6
392.4	39
392.5	37.2
392.6	35.3
392.8	33.5
392.8	32.9
393	30.5
393	29.3
393.1	27.5
393.1	28.7
393.2	27.5
393.3	26.3
393.3	25.7
393.6	27.5
393.7	28.1
393.8	28.7
394	28.7
394	28.7
394.2	29.9
394.3	31.7
394.3	31.7
394.4	35.3
394.4	37.8
394.5	40.2
394.5	40.8
394.6	42.6
394.7	45
394.9	47.4
395	48.6
395	49.8
395	49.8
395.2	51
395.3	51.6
395.4	49.8
395.5	47.4
395.6	45
395.7	46.2
395.7	48.6
395.8	50.4
395.9	50.4
396	48
396.1	45
396.3	42.6
396.4	40.8
396.6	39
396.6	37.8
396.7	36.6
396.8	35.3
396.9	36.6
397	37.8
397	39
397.1	39.6
397.3	39.6
397.5	39.6
397.6	40.2
397.7	39.6
397.9	36.6
397.9	34.7
398	34.1
398	31.7
398	30.5
398	29.3
398	27.5
398.2	25.7
398.3	25.7
398.4	24.5
398.5	23.9
398.6	23.3
398.7	23.3
398.7	23.9
398.8	26.3
398.9	28.7
399	31.1
399.1	34.7
399.2	35.3
399.3	37.2
399.3	38.4
399.4	40.8
399.4	42
399.5	43.8
399.6	45
399.6	48
399.6	49.8
399.6	51.6
399.6	52.8
399.6	54
399.6	57
399.6	57
399.6	59.5
399.7	60.7
399.8	61.9
399.9	63.1
400.1	63.7
400.2	63.1
400.3	60.7
400.3	57
400.3	54.6
400.3	52.2
400.3	49.2
400.4	48
400.4	47.4
400.4	46.2
400.4	45.6
400.5	43.8
400.5	42
400.5	42
400.5	40.2
400.6	36.6
400.8	36
400.8	35.3
400.9	36
400.9	37.8
401	39.6
401.1	40.8
401.1	42.6
401.2	42.6
401.2	43.2
401.2	42
401.4	40.8
401.4	40.2
401.5	38.4
401.5	37.8
401.5	36.6
401.6	34.1
401.7	32.9
401.7	30.5
401.8	26.3
401.8	25.7
401.8	24.5
401.9	22.7
401.9	20.9
402	20.9
402.1	23.9
402.2	28.1
402.2	28.7
402.3	31.7
402.3	32.3
402.3	34.1
402.4	37.8
402.5	39
402.5	39.6
402.5	41.4
402.6	41.4
402.8	42
402.8	45
402.9	46.2
403	48.6
403	49.2
403.1	49.2
403.2	47.4
403.3	43.2
403.3	40.2
403.4	37.8
403.5	35.3
403.5	32.3
403.6	31.7
403.6	31.1
403.8	27.5
403.8	25.7
403.9	24.5
404	23.3
404.1	22.7
404.3	22.1
404.5	22.7
404.5	23.9
404.6	25.7
404.7	28.7
404.9	29.9
404.9	31.1
405	32.3
405.2	35.3
405.2	37.2
405.2	38.4
405.4	40.8
405.4	42
405.6	44.4
405.6	45
405.7	46.2
405.8	46.2
405.9	44.4
406.1	41.4
406.1	39
406.2	37.8
406.2	37.2
406.2	36
406.3	36
406.4	37.8
406.5	35.3
406.7	32.9
406.8	32.9
406.9	31.7
406.9	28.7
407	28.1
407	26.9
407.1	26.9
407.1	26.3
407.2	25.7
407.3	25.1
407.3	24.5
407.3	23.9
407.5	23.9
407.5	26.3
407.7	28.7
407.8	28.7
407.9	29.3
408	28.7
408.1	26.9
408.1	25.7
408.3	25.1
408.4	25.1
408.8	26.9
408.9	27.5
408.9	29.9
409	30.5
409.1	31.1
409.2	32.9
409.2	34.1
409.2	36.6
409.2	36.6
409.4	34.7
409.5	32.9
409.6	31.1
409.6	29.3
409.7	28.1
409.8	26.9
409.9	27.5
410.1	29.3
410.1	31.1
410.2	33.5
410.2	34.1
410.3	35.3
410.4	36
410.5	35.3
410.5	33.5
410.6	32.3
410.6	31.1
410.6	29.3
410.6	28.1
410.6	26.3
410.7	25.7
410.9	23.3
410.9	22.1
410.9	20.3
410.9	18.5
411	17.3
411.1	15.5
411.1	15.5
411.2	16.1
411.3	19.1
411.3	20.3
411.3	21.5
411.4	22.7
411.4	22.7
411.5	24.5
411.5	25.7
411.6	28.7
411.6	29.9
411.7	31.7
411.7	34.1
411.8	37.8
411.8	39
411.8	39.6
411.8	42.6
411.8	43.2
411.8	45.6
411.9	46.8
411.9	48
411.9	50.4
411.9	50.4
411.9	52.2
411.9	54
412	56.4
412	58.9
412	59.5
412	60.7
412.1	62.5
412.1	60.1
412.2	61.3
412.2	63.7
412.2	64.3
412.2	64.3
412.3	65.5
412.4	66.1
412.4	66.1
412.4	67.3
412.4	69.7
412.5	71.5
412.5	72.7
412.5	73.9
412.5	76.9
412.6	78.1
412.7	78.7
412.7	81.2
412.7	81.8
412.8	83.6
412.8	84.8
412.9	86
413	87.2
413	87.2
413	83.6
413.1	80.5
413.2	80.5
413.3	77.5
413.3	76.3
413.4	75.7
413.5	75.1
413.5	77.5
413.6	78.1
413.7	76.3
413.8	75.1
413.9	75.7
414	77.5
414.1	79.9
414.3	84.8
414.3	85.4
414.4	87.8
414.4	90.8
414.4	91.4
414.5	92
414.6	91.4
414.6	90.2
414.6	88.4
414.8	90.2
414.9	91.4
415	91.4
415.1	91.4
415.1	87.8
415.2	89
415.3	90.8
415.5	90.8
415.6	87.8
415.7	86.6
415.7	84.8
415.8	81.8
415.8	78.7
415.8	77.5
415.8	75.7
416	74.5
416.1	75.7
416.1	79.3
416.3	84.2
416.3	86.6
416.4	87.8
416.4	90.8
416.5	92.6
416.5	92.6
416.5	93.2
416.5	93.8
416.6	94.4
416.7	94.4
416.8	92.6
416.8	92
416.9	92.6
417	92
417	90.2
417	88.4
417.1	88.4
417.2	88.4
417.3	87.8
417.3	86
417.4	85.4
417.4	83.6
417.4	83
417.4	81.2
417.5	79.9
417.5	79.3
417.6	78.7
417.7	79.3
417.8	83
417.8	86
418	89.6
418.1	92.6
418.2	93.8
418.3	93.2
418.3	90.2
418.3	86
418.4	83
418.4	79.3
418.4	78.1
418.6	75.7
418.6	74.5
418.6	72.1
418.6	69.7
418.6	67.3
418.6	66.7
418.7	64.3
418.7	63.1
418.7	60.7
418.7	58.9
419	58.3
419.1	56.4
419.1	54.6
419.3	52.8
419.4	50.4
419.4	49.2
419.6	49.2
419.7	52.2
419.7	52.8
419.7	54
419.9	55.8
419.9	55.8
420	57.6
420.1	62.5
420.1	63.7
420.2	65.5
420.4	69.7
420.4	70.3
420.4	71.5
420.5	74.5
420.6	75.7
420.6	76.3
420.7	73.3
420.7	71.5
420.9	68.5
421	64.9
421.1	63.1
421.2	60.7
421.2	57
421.5	46.2
421.5	43.8
421.5	41.4
421.5	37.2
421.5	34.7
421.6	32.3
421.7	28.7
421.7	25.7
421.7	25.1
421.8	20.3
421.8	19.1
422	16.7
422.1	14.3
422.1	13.7
422.3	11.8
422.4	10
422.5	10
422.6	10
422.8	10
422.9	10
423.1	12.4
423.3	16.7
423.6	23.9
423.6	25.1
423.7	28.1
423.7	31.7
423.7	32.3
423.7	36.6
423.8	40.8
423.8	41.4
423.9	47.4
424	51.6
424	57.6
424.1	62.5
424.2	66.1
424.2	68.5
424.2	72.7
424.4	76.9
424.5	79.3
424.6	81.8
424.6	83
424.6	85.4
424.7	86.6
424.9	90.2
425.1	94.4
425.2	97.4
425.4	99.2
425.5	94.4
425.5	92
425.5	89.6
425.7	88.4
425.8	88.4
425.8	89.6
425.8	90.8
425.9	92
426	92
426	92.6
426	93.2
426.1	93.2
426.1	92.6
426.2	90.2
426.2	86
426.2	84.8
426.3	81.8
426.3	78.7
426.4	76.9
426.4	73.9
426.4	70.9
426.4	65.5
426.4	61.9
426.5	58.3
426.5	51
426.6	49.2
426.6	46.2
426.7	43.2
426.9	40.2
426.9	39
427.1	37.2
427.3	36.6
427.4	37.8
427.5	39.6
427.7	40.8
427.9	39
428	39
428.1	40.8
428.4	42.6
428.4	44.4
428.6	45
428.6	44.4
428.7	40.8
428.7	38.4
428.8	36.6
428.9	36
429	36
429.2	37.2
429.3	39
429.5	40.8
429.6	42.6
429.7	45
429.8	45
429.9	42
429.9	41.4
430	39
430.2	37.2
430.2	36.6
430.3	35.3
430.4	33.5
430.4	32.3
430.5	34.7
430.5	35.3
430.5	37.8
430.6	40.2
430.6	40.8
430.7	42.6
430.9	43.2
430.9	43.2
431	42.6
431.1	40.8
431.1	40.2
431.3	39.6
431.4	41.4
431.5	43.2
431.7	44.4
431.8	44.4
431.8	46.8
431.8	49.2
431.8	49.2
431.9	49.8
432	48
432.1	45.6
432.4	46.2
432.7	47.4
432.6	47.4
432.7	45.6
432.8	44.4
432.9	44.4
433	44.4
433.2	44.4
433.2	42.6
433.3	40.2
433.3	40.2
433.4	38.4
433.5	37.2
433.6	37.2
433.7	36
433.8	34.1
433.8	33.5
433.9	32.3
434	31.1
434	31.1
434.1	31.1
434.2	31.7
434.2	32.3
434.3	32.9
434.3	33.5
434.5	34.1
434.7	36
434.7	38.4
434.7	39.6
434.8	42
434.8	42.6
434.9	42.6
435	42.6
435	40.8
435.2	40.2
435.2	40.2
435.3	41.4
435.3	42
435.3	42
435.4	40.2
435.4	39.6
435.5	38.4
435.7	37.2
435.8	37.2
435.8	37.2
435.9	36.6
435.9	36
436	35.3
436.3	36.6
436.4	36.6
436.5	36.6
436.5	38.4
436.6	40.8
436.8	43.2
436.8	44.4
436.8	47.4
436.8	49.8
436.9	50.4
436.9	51
437.1	51.6
437.1	51
437.2	48.6
437.2	46.8
437.4	44.4
437.4	43.2
437.4	42
437.4	41.4
437.5	40.2
437.6	39.6
437.6	39.6
437.7	42
437.8	42.6
437.8	43.2
438	42.6
438.1	42.6
438.2	42.6
438.4	42.6
438.5	42.6
438.7	43.2
438.7	43.2
438.9	43.2
439.2	43.2
439.3	43.2
439.4	43.8
439.4	45.6
439.4	48
439.4	48.6
439.6	50.4
439.8	52.8
439.8	54
439.8	54
439.9	54
440	52.2
440.2	51
440.2	51
440.2	50.4
440.3	48.6
440.4	48
440.6	48.6
440.7	49.8
440.8	49.8
441	49.2
441	49.2
441.1	47.4
441.5	46.2
441.6	45
441.5	43.8
441.5	43.8
441.7	45.6
441.7	48.6
441.9	49.2
441.9	48.6
441.9	47.4
442	46.2
442.1	46.2
442.1	46.2
442.3	46.8
442.4	48
442.5	48
442.6	46.8
442.7	45.6
442.8	44.4
442.9	43.8
443	43.8
443	43.2
443.1	42.6
443.2	42
443.3	42
443.4	44.4
443.4	45
443.5	46.8
443.5	46.8
443.6	47.4
443.7	49.2
443.7	49.2
443.7	51
443.9	53.4
443.9	54
444	54.6
444	55.2
444	55.8
444	55.8
444.1	55.2
444.2	54.6
444.3	55.2
444.5	57.6
444.6	59.5
444.7	60.1
445	60.1
445.2	59.5
445.4	58.9
445.4	58.9
445.4	58.3
445.5	57
445.6	55.8
445.6	57
445.6	57
445.7	56.4
445.8	55.8
445.9	55.2
446	55.2
446.1	54.6
446.2	54.6
446.3	54.6
446.5	55.8
446.6	56.4
446.8	57
446.9	55.8
447	54
447.2	52.2
447.3	55.2
447.3	56.4
447.4	58.3
447.4	59.5
447.7	59.5
448	58.9
448.1	60.1
448.3	62.5
448.5	64.3
448.5	66.1
448.6	67.9
448.8	67.9
448.9	65.5
448.9	65.5
448.9	63.7
449	61.9
449	61.9
449.1	60.7
449.1	60.7
449.2	58.9
449.3	58.9
449.4	60.1
449.5	61.3
449.5	62.5
449.6	64.3
449.7	66.1
449.9	66.7
450	66.7
450	64.3
450.1	63.1
450.1	61.3
450.3	60.7
450.5	60.7
450.5	58.3
450.7	56.4
450.7	54
450.8	53.4
451	53.4
451.1	54.6
451.2	56.4
451.4	58.3
451.6	60.1
451.7	60.7
451.7	61.3
451.7	63.1
451.7	63.7
451.8	64.3
451.9	63.1
452	61.3
452	59.5
452.1	57
452.1	56.4
452.2	54
452.3	51
452.3	51
452.4	52.8
452.5	54
452.6	56.4
452.7	58.9
452.8	60.7
452.9	61.9
453	62.5
453.2	61.3
453.2	57.6
453.2	56.4
453.3	55.2
453.5	54.6
453.6	52.8
453.8	52.2
454.1	52.2
454.3	51
454.4	50.4
454.6	52.8
454.6	53.4
454.8	55.8
454.9	58.3
454.9	58.9
454.9	62.5
454.9	66.1
454.9	68.5
455	72.1
455	73.3
455.1	73.3
455.2	72.7
455.3	71.5
455.4	73.3
455.5	74.5
455.7	72.1
455.7	70.9
455.7	69.7
455.8	68.5
455.9	66.7
456.1	64.3
456.1	63.1
456.2	61.9
456.3	60.7
456.3	60.7
456.4	60.1
456.6	60.1
456.6	63.1
456.6	65.5
456.7	67.9
456.8	69.7
456.8	71.5
456.8	72.1
456.9	73.9
457	74.5
457	74.5
457.1	74.5
457.3	69.1
457.3	68.5
457.3	65.5
457.4	61.9
457.5	58.9
457.5	57
457.6	53.4
457.8	48.6
457.8	46.8
457.9	42
458	40.2
458.2	38.4
458.3	36.6
458.4	33.5
458.4	32.9
458.4	31.1
458.6	26.9
458.7	31.1
458.8	30.5
459	28.1
459.1	27.5
459.2	26.9
459.3	29.9
459.3	30.5
459.6	33.5
459.7	36.6
459.9	39
460	39.6
460.1	37.8
460.1	32.9
460.1	31.1
460.2	29.9
460.2	28.1
460.4	26.9
460.4	26.9
460.5	25.7
460.6	25.1
460.8	25.1
460.9	25.1
461	25.1
461.1	25.1
461.2	25.1
461.3	24.5
461.4	23.3
461.5	22.7
461.6	22.1
461.8	23.3
461.9	23.3
462.1	23.3
462.2	23.3
462.3	23.3
462.4	22.7
462.4	22.7
462.6	23.3
462.7	23.3
462.8	22.1
462.8	20.3
462.8	20.3
462.9	20.3
463	19.7
463.2	20.9
463.2	22.1
463.2	25.7
463.4	28.7
463.5	28.7
463.5	31.1
463.5	31.7
463.6	32.9
463.8	32.9
463.9	32.3
463.9	29.9
463.9	29.9
464.1	29.9
464.5	29.9
464.6	31.7
464.8	34.1
464.8	36.6
464.9	39.6
464.9	40.8
465.1	43.8
465.3	46.2
465.3	47.4
465.5	49.2
465.5	51
465.6	51
465.7	49.2
465.7	45.6
465.7	45.6
465.9	46.2
465.9	45
466.1	44.4
466.1	44.4
466.3	45
466.4	46.8
466.5	50.4
466.6	52.8
466.8	57
466.9	57
466.9	59.5
467.1	63.1
467.2	63.1
467.2	63.1
467.4	68.5
467.5	71.5
467.5	73.3
467.3	74.5
467.6	79.9
467.6	81.2
467.6	81.8
467.7	81.8
467.7	81.8
467.7	80.5
467.8	78.7
467.9	77.5
467.9	75.1
467.9	75.1
468	75.1
468.1	75.7
468.2	75.7
468.2	76.9
468.2	75.1
468.3	73.9
468.3	72.1
468.4	70.3
468.6	69.7
468.7	72.1
468.8	76.9
468.8	77.5
468.9	81.8
468.9	82.4
468.9	84.8
468.9	90.2
468.9	91.4
468.9	92.6
468.9	94.4
468.9	95
469.1	97.4
469.1	98
469.1	98
469.3	101
469.3	101.6
469.4	102.8
469.4	102.8
469.5	102.8
469.6	99.2
469.7	97.4
469.8	97.4
469.9	99.2
469.9	101.6
469.9	102.8
470	104.1
470.2	104.7
470.3	106.5
470.4	107.7
470.5	110.7
470.6	113.7
470.6	114.3
470.7	120.9
470.8	127
470.8	130
470.8	130.6
470.8	135.4
470.8	141.4
470.8	148.6
470.8	154.7
470.8	160.1
471.6	161.7
471.7	156.1
471.8	148.6
471.8	142.4
471.8	138
472	133
472.1	130.5
472.1	128.1
472.3	135.5
472.3	138
472.3	133
472.5	128.7
472.5	128.1
472.8	116.8
472.8	108.1
472.8	101.3
472.8	98.8
472.8	94.4
473	81.4
473	72
473	70.2
473	67.7
473	67.1
473	62.1
473.1	54
473.1	46.5
473.1	44.6
473.1	42.2
473.1	39.7
473.2	37.2
473.3	34.7
473.3	32.2
473.4	31.6
473.6	27.2
473.6	26.6
473.7	26.6
473.9	27.8
473.9	27.8
473.9	26
474	24.1
474.2	23.5
474.5	25.4
474.6	28.5
474.6	28.5
474.6	28.5
474.8	28.5
475	29.1
475.1	32.2
475.1	32.8
475.2	32.8
475.3	33.4
475.4	35.9
475.4	38.4
475.6	42.8
475.6	46.5
475.7	52.1
475.8	57.7
475.9	65.2
476	70.2
476.1	82.6
476.1	83.9
476.1	87.6
476.1	88.2
476.1	93.8
476.1	107.5
476.2	116.2
476.2	116.8
476.3	125.6
476.3	127.4
476.3	133.7
476.4	142.4
476.4	148.6
476.4	157.9
476.4	161
476.4	149.8
476.5	143.6
476.6	138.6
476.6	131.8
476.6	129.9
476.6	123.1
476.7	115
476.7	103.2
476.7	100.7
476.7	97.6
476.7	91.3
476.8	87
476.8	71.4
476.8	70.8
476.8	67.1
476.9	62.7
476.9	59
477	54
477	49.6
477	44.6
477	42.2
477	37.2
477	31
477	30.3
477.1	26.6
477.1	22.2
477.1	21.6
477.4	15.4
477.5	14.2
477.5	13.5
477.8	13.5
478	13.5
478.3	11.7
478.4	12.9
478.6	13.5
478.9	11.7
479	11.7
479.1	11.7
479.4	11.7
479.5	11.7
479.6	13.5
479.7	14.8
479.8	15.4
480	14.2
480.2	11
480.3	10.4
480.4	12.3
480.5	13.5
480.6	14.2
480.7	14.2
480.8	12.9
480.9	12.3
481.2	11.7
481.2	12.3
481.4	12.9
481.4	13.5
481.5	13.5
481.5	11.7
481.6	9.2
481.8	11
482	11.7
482	11.7
482.3	12.3
482.5	12.3
482.7	13.5
482.8	14.2
483	13.5
483.3	12.9
483.6	12.9
483.6	12.3
483.7	12.3
484	12.9
484	12.9
484.3	15.4
484.3	17.9
484.4	22.2
484.4	24.7
484.6	27.8
484.7	31.6
484.8	35.9
484.8	36.6
484.8	39
484.8	47.8
484.8	54.6
484.8	59.6
484.8	63.3
484.9	73.3
484.9	77.6
485	79.5
485	83.9
485.3	84.5
485.3	84.5
485.5	87
485.6	93.8
485.8	98.8
485.8	100.7
485.8	103.8
485.9	108.1
486	111.9
486.1	115
486.4	115.6
486.5	116.8
486.6	106.9
486.6	99.4
486.6	95.7
486.8	98.8
486.9	100.7
486.9	103.8
486.9	109.4
486.9	110
487	113.1
487.2	113.7
487.2	113.7
487.4	110.6
487.5	110.6
487.7	116.2
487.7	118.7
487.8	121.2
487.8	121.8
487.9	121.2
488	117.5
488.2	114.4
488.3	114.4
488.5	113.7
489	115.6
489.1	120
489	121.2
489	122.5
489	124.3
489.1	127.4
489.3	123.1
489.3	120
489.3	113.1
489.3	110.6
489.4	109.4
489.4	101.9
489.5	98.8
489.5	96.9
489.5	93.8
489.5	89.5
489.5	85.7
489.6	81.4
489.6	78.3
489.7	73.9
489.8	69.5
489.9	69.5
489.8	79.5
489.8	84.5
489.8	87.6
489.8	90.1
490	94.4
490	95.1
490	98.2
490	103.2
490.1	104.4
490.1	108.1
490.1	108.8
490.1	111.2
490.1	116.2
490.3	118.7
490.4	120.6
490.5	121.8
490.6	123.7
490.6	124.3
490.7	124.3
490.7	124.3
490.8	122.5
491	114.4
491	112.5
491	110
491.1	106.9
491.1	106.3
491.1	103.2
491.2	101.9
491.2	105.6
491.3	110.6
491.3	113.7
491.3	113.7
491.3	115
491.4	116.8
491.4	116.8
491.6	117.5
491.7	115
491.8	109.4
491.8	105.6
491.8	102.5
491.8	101.3
491.8	99.4
491.8	95.1
491.8	93.8
491.9	90.7
492	90.1
492.1	88.8
492.1	93.2
492.2	99.4
492.2	101.9
492.4	104.4
492.7	107.5
492.9	108.8
492.9	108.8
492.9	101.9
493	97.6
493	95.7
493.1	95.7
493.2	97.6
493.2	98.8
493.2	101.9
493.2	105.6
493.2	106.3
493.4	108.1
493.4	110
493.5	110.6
493.6	107.5
493.7	105
493.8	105
494	106.3
494	108.1
494.1	111.9
494.2	113.1
494.3	116.8
494.5	120.6
494.5	122.5
494.6	118.7
494.7	111.9
494.7	111.2
494.7	108.8
494.8	106.3
494.8	105.6
494.8	104.4
494.8	101.3
494.9	98.2
495	95.1
495	93.2
495.1	92.6
495.2	93.8
495.5	98.2
495.5	103.8
495.5	105.6
495.5	108.1
495.5	111.2
495.5	112.5
495.7	115
496	115
496	115
496.2	116.2
496.3	120
496.4	123.7
496.5	126.2
496.5	120
496.7	120
496.8	122.5
496.9	123.1
497.1	120
497.1	116.8
497.1	114.4
497.2	117.5
497.4	121.8
497.5	125.6
497.6	129.3
498	124.9
498	121.2
498	119.3
498	116.8
498.1	115.6
498.1	115
498.1	113.1
498.1	112.5
498.3	112.5
498.4	115.6
498.4	120
498.5	125.6
498.6	127.4
498.6	129.3
498.9	129.9
499	128.1
499.2	125.6
499.4	125.6
499.6	128.7
499.9	130.5
500	130.5
500	131.2
500.1	130.5
500.2	129.3
500.3	128.1
500.4	126.2
500.1	129.4
500.2	128.8
500.3	125.1
500.5	123.3
500.6	122.7
500.6	122.7
500.7	122.1
500.7	120.9
501	120.9
501	119.7
501	117.9
501	116.7
501.1	116.7
501.1	117.3
501.2	119.1
501.2	119.1
501.2	119.1
501.4	118.5
501.4	117.3
501.5	116.1
501.6	113.7
501.6	110.7
501.8	108.9
501.8	107.7
501.9	108.3
502.1	110.1
502.1	112.5
502.2	114.9
502.2	115.5
502.2	118.5
502.2	122.1
502.3	124.5
502.3	127
502.4	128.2
502.6	128.8
502.7	130.6
502.8	133
502.9	133.6
503	130
503.1	128.8
503.1	130
503.1	133.6
503.2	135.4
503.4	135.4
503.4	134.2
503.5	131.8
503.5	128.8
503.6	128.2
503.6	125.7
503.6	123.3
503.7	121.5
503.8	119.7
503.9	117.3
503.9	115.5
503.9	113.7
503.9	111.9
503.9	111.3
503.9	110.1
504	108.9
504	108.3
504.2	106.5
504.2	103.4
504.2	102.2
504.2	100.4
504.2	100.4
504.3	99.8
504.4	99.8
504.5	99.8
504.6	101
504.7	101.6
504.7	104.1
504.8	106.5
504.9	106.5
505.2	107.1
505.2	107.1
505.2	105.3
505.3	104.7
505.4	104.7
505.6	104.1
505.7	104.1
505.8	106.5
505.8	109.5
505.8	109.5
505.8	111.3
506	113.7
506.1	113.1
506.1	109.5
506.1	108.3
506.2	105.3
506.2	103.4
506.3	102.2
506.5	101.6
506.5	101
506.7	102.2
506.8	104.1
506.8	105.9
507	106.5
507.1	106.5
507.3	107.7
507.4	110.1
507.4	110.7
507.4	113.1
507.6	112.5
507.6	111.3
507.7	108.9
507.9	107.7
508.1	108.3
508.1	110.1
508.1	112.5
508.1	113.1
508.1	113.7
508.2	112.5
508.3	111.9
508.3	114.3
508.3	116.1
508.3	117.3
508.4	117.9
508.5	117.3
508.6	114.9
508.7	113.7
508.8	111.3
509	110.7
509.1	111.9
509.1	113.7
509.1	114.9
509.2	115.5
509.3	116.7
509.4	117.3
509.6	117.3
509.6	114.9
509.7	112.5
509.9	110.7
510.3	110.1
510.4	106.5
510.7	104.7
510.7	102.8
510.7	100.4
510.8	99.8
510.8	98
510.9	98
511	98
511	96.2
511.1	93.8
511.2	92
511.2	88.4
511.2	87.2
511.2	85.4
511.2	84.2
511.2	83
511.2	80.5
511.2	76.9
511.3	72.7
511.4	70.3
511.4	67.9
511.4	65.5
511.4	63.7
511.5	60.1
511.5	58.9
511.5	57.6
511.5	56.4
511.7	57
511.7	57.6
511.7	57.6
511.7	62.5
511.7	66.1
511.8	69.7
511.8	72.1
511.8	75.1
511.9	78.7
511.9	81.2
511.9	84.8
511.9	86.6
511.9	89.6
512	93.2
512	93.2
512	96.2
512	98.6
512	101
512.1	101.6
512.2	101.6
512.4	102.2
512.6	100.4
512.9	98.6
513.1	101.6
513.1	105.3
513.3	107.1
513.5	106.5
513.5	101.6
513.6	99.2
513.7	99.8
513.8	99.8
513.8	101
514	97.4
514	96.8
514	94.4
514.1	92.6
514.3	92
514.5	94.4
514.6	96.2
514.7	98
514.9	96.8
515	95
515.2	93.8
515.3	92.6
515.4	92
515.7	91.4
515.8	91.4
515.8	93.8
515.8	95.6
515.9	97.4
516	97.4
516.2	98
516.2	98
516.4	100.4
516.5	101.6
516.6	101
516.6	98
516.7	94.4
516.7	93.8
516.7	92
516.7	90.2
516.7	89
516.7	92
516.8	92.6
516.9	91.4
517	90.2
517.1	88.4
517.2	86.6
517.3	83.6
517.3	83
517.4	83
517.5	86
517.6	89
517.9	92.6
517.9	95.6
518	99.2
518.1	97.4
518.2	93.8
518.2	93.2
518.3	90.8
518.4	88.4
518.4	90.2
518.5	91.4
518.5	91.4
518.6	90.2
518.7	89
518.8	90.2
518.9	92.6
519.1	96.2
519.2	97.4
519.3	96.2
519.3	94.4
519.4	93.8
519.5	95
519.5	97.4
519.5	97.4
519.6	99.2
519.7	101
519.8	101
519.9	99.8
519.9	96.2
519.9	94.4
520	93.2
520.5	93.2
520.7	92.6
520.9	92
521	92.6
521.1	96.2
521.2	98
521.4	98.6
521.5	98
521.5	101
521.5	102.2
521.6	102.8
521.7	104.1
521.8	106.5
521.8	106.5
521.9	108.9
522	110.1
522	110.1
522.3	108.3
522.5	108.3
522.6	107.1
522.9	104.1
522.9	102.8
522.9	100.4
522.9	99.2
522.9	98
522.9	96.2
522.9	94.4
523.1	92.6
523.1	92.6
523.1	95
523.2	98
523.4	100.4
523.5	100.4
523.6	101.6
523.7	102.2
523.7	102.2
523.8	102.2
523.9	100.4
524.1	98.6
524.1	101
524.3	102.2
524.5	103.4
524.6	104.7
524.6	105.3
525	104.1
525	102.8
525	99.8
525.1	98.6
525.1	98.6
525.2	100.4
525.3	102.2
525.3	104.1
525.4	106.5
525.6	105.9
525.7	105.3
526	104.7
526.1	104.7
526.4	105.3
526.4	105.9
526.4	106.5
526.6	108.9
526.7	110.1
526.8	111.3
526.9	113.7
527	113.7
527.1	111.9
527.2	109.5
527.3	106.5
527.4	104.7
527.5	108.3
527.5	108.9
527.6	108.9
527.7	104.7
527.8	105.9
527.9	109.5
528	112.5
528	115.5
528.1	116.7
528.2	117.9
528.3	113.7
528.4	112.5
528.5	115.5
528.6	119.1
528.7	120.3
528.9	119.1
529.1	117.3
529.1	113.7
529.2	110.7
529.3	110.1
529.4	108.3
529.4	107.7
529.4	105.9
529.4	103.4
529.4	103.4
529.4	97.4
529.7	88.4
529.8	84.8
529.8	84.2
529.7	81.8
529.7	76.3
529.7	73.9
529.8	69.7
530	71.5
530.1	73.9
530.2	73.9
530.3	72.1
530.3	70.3
530.4	67.9
530.5	66.1
530.7	67.3
530.8	70.3
531	73.9
531.2	77.5
531.3	78.7
531.5	77.5
531.8	75.7
532	74.5
532.1	73.3
532.2	73.9
532.3	75.1
532.4	75.1
532.5	72.7
532.6	72.1
532.7	72.1
532.7	69.7
532.8	69.1
532.8	68.5
533	69.7
533.1	70.3
533.1	67.9
533.2	65.5
533.3	63.7
533.4	66.1
533.5	67.3
533.6	69.7
533.6	70.9
533.9	72.1
534	72.1
534.2	71.5
534.2	70.9
534.4	69.7
534.5	67.9
534.7	66.1
534.7	66.1
534.8	65.5
534.9	66.1
535.1	68.5
535.1	69.1
535.3	71.5
535.5	74.5
535.5	77.5
535.7	75.1
535.8	73.9
536	76.9
536	78.1
536.1	78.1
536.2	75.1
536.2	78.1
536.4	81.2
536.6	83.6
536.8	86.6
536.8	82.4
536.8	81.8
536.9	78.7
537.1	76.3
537.1	73.9
537.2	70.9
537.3	70.3
537.3	70.3
537.4	72.1
537.6	73.9
537.8	72.1
537.8	70.3
538.2	69.1
538.3	67.9
538.4	66.7
538.6	64.9
538.7	63.1
538.8	61.9
538.9	61.9
538.9	62.5
539	65.5
539	67.9
539.1	68.5
539.4	70.9
539.4	73.9
539.6	75.7
539.6	77.5
539.6	77.5
539.6	79.9
539.8	80.5
539.9	80.5
539.9	77.5
540.1	75.7
540.1	75.7
540.3	73.9
540.5	74.5
540.7	76.3
540.9	78.7
541.1	78.1
541.3	75.7
541.6	73.3
541.7	73.3
541.8	77.5
542	80.5
542	83.6
542.1	86.6
542.3	87.2
542.5	84.2
542.8	84.2
542.9	86.6
542.9	88.4
542.9	89
542.9	89.6
543.1	89.6
543.2	89
543.3	86
543.5	85.4
543.6	86
543.7	87.2
543.7	88.4
543.9	89.6
544.1	93.2
544.2	93.8
544.2	95.6
544.3	98.6
544.4	99.2
544.5	99.8
544.5	96.8
544.6	96.8
544.6	93.8
544.7	93.8
544.9	95.6
544.9	96.8
545.2	98
545.2	97.4
545.3	94.4
545.4	93.8
545.6	93.8
545.7	94.4
545.8	94.4
545.8	93.2
545.8	91.4
545.8	90.2
545.8	89.6
546	88.4
546.1	88.4
546.2	89.6
546.5	92.6
546.5	93.2
546.8	95.6
547	98
547	98.6
547.2	100.4
547.3	101.6
547.4	103.4
547.6	104.7
547.6	106.5
547.7	107.1
547.9	107.7
547.9	105.3
547.9	103.4
548	102.2
548.3	101
548.3	100.4
548.6	101
548.7	102.8
548.7	103.4
548.7	104.7
548.8	105.3
548.8	107.7
548.9	108.3
549	106.5
549	104.7
549	104.7
549.1	102.8
549.1	102.2
549.4	103.4
549.5	104.7
549.5	106.5
549.6	107.7
549.6	107.7
549.7	107.7
549.9	105.3
550	104.7
550.2	103.4
550.3	102.2
550.4	102.2
550.6	101
550.5	97.4
550.8	97.4
550.9	97.4
551.2	100.4
551.2	101.6
551.2	103.4
551.3	105.9
551.3	107.7
551.3	109.5
551.3	109.5
551.4	111.9
551.4	112.5
551.5	111.9
551.7	108.9
551.7	105.3
551.8	102.2
551.8	101.6
552	102.2
552.1	105.3
552.1	105.9
552.1	107.1
552.1	109.5
552.1	109.5
552.1	111.9
552.1	111.9
552.2	113.7
552.3	116.1
552.4	116.7
552.5	117.3
552.5	116.7
552.6	114.3
552.7	111.9
552.7	111.3
552.9	111.3
553	109.5
553	109.5
553	105.9
553	103.4
553.1	103.4
553.2	99.8
553.3	95
553.3	90.8
553.3	87.8
553.4	85.4
553.4	81.2
553.4	77.5
553.6	74.5
553.7	75.7
553.8	77.5
553.8	78.1
553.9	78.7
554	76.9
554.1	75.7
554.2	77.5
554.3	79.9
554.3	81.2
554.4	81.8
554.5	82.4
554.6	83
554.7	83
554.8	82.4
554.9	79.9
555	79.3
555.1	78.7
555.4	78.7
555.5	78.7
555.6	78.7
555.7	82.4
555.7	83
555.8	83.6
555.8	84.8
555.8	86
555.8	89
555.9	90.2
555.9	92
556.1	94.4
556.2	96.8
556.2	97.4
556.4	96.2
556.5	92
556.5	89
556.6	79.9
556.7	78.1
556.6	72.1
556.6	70.3
556.5	64.3
556.6	58.3
556.6	49.8
556.6	49.8
556.7	46.8
556.7	46.2
556.7	41.4
556.7	38.4
556.7	36.6
556.7	36
556.7	32.9
556.8	31.1
557	32.3
557.2	37.2
557.2	47.4
557.2	48.6
557.3	50.4
557.3	53.4
557.3	55.2
557.3	56.4
557.4	58.9
557.5	61.9
557.5	66.7
557.7	72.7
557.7	75.7
557.7	76.3
557.7	76.9
557.7	78.7
557.7	79.3
557.9	80.5
557.9	81.8
557.9	83.6
557.9	84.8
558	86
558.1	87.8
558.2	89.6
558.2	90.2
558.3	86
558.3	81.2
558.4	80.5
558.6	76.9
558.7	74.5
558.9	73.3
559	71.5
559.2	72.7
559.3	74.5
559.5	73.9
559.7	73.9
559.7	76.3
559.7	76.9
559.7	79.9
559.9	81.2
560	81.2
560.1	78.7
560.3	79.9
560.4	79.9
560.6	82.4
560.6	85.4
560.6	86
560.7	87.2
560.8	87.8
560.9	86
561	84.2
561	83.6
561.2	81.8
561.2	80.5
561.2	80.5
561.4	76.9
561.4	76.3
561.4	70.9
561.5	68.5
561.5	64.3
561.5	60.1
561.5	60.1
561.6	57
561.7	55.2
561.6	52.2
561.8	49.2
561.8	44.4
562	45.6
562.1	48.6
562.2	52.2
562.3	55.8
562.4	61.3
562.4	63.7
562.4	64.9
562.6	64.3
562.7	63.7
562.8	66.1
562.9	69.1
563.1	71.5
563.1	72.7
563.2	71.5
563.3	69.7
563.4	69.1
563.6	70.3
563.7	71.5
563.7	71.5
563.8	68.5
563.8	65.5
563.8	64.9
564	63.1
564.2	62.5
564.2	66.7
564.4	69.1
564.5	67.3
564.5	66.7
564.5	65.5
564.5	63.1
564.5	62.5
564.6	59.5
564.7	58.9
564.8	57
565	57.6
565	58.3
565	61.9
565.1	66.1
565.2	67.9
565.3	70.3
565.5	74.5
565.5	74.5
565.5	76.3
565.5	75.7
565.6	72.1
565.6	71.5
565.8	71.5
565.9	70.9
565.9	70.9
566.1	72.7
566.2	77.5
566.5	82.4
566.5	85.4
566.5	87.8
566.6	89.6
566.9	86.6
567	86
567.1	89
567.1	91.4
567.3	93.2
567.5	98
567.5	99.2
567.6	101
567.6	102.2
567.6	104.7
567.6	105.9
567.7	107.1
567.9	104.7
567.9	104.1
568	105.9
568	106.5
568.2	103.4
568.3	104.1
568.4	106.5
568.4	106.5
568.5	99.8
568.4	93.8
568.5	90.8
568.5	87.2
568.6	86
568.6	83
568.7	82.4
568.7	80.5
568.8	77.5
568.8	76.9
568.8	75.1
568.9	71.5
569	69.1
569	67.3
569	65.5
569.1	65.5
569.4	69.7
569.4	73.3
569.4	77.5
569.5	79.9
569.8	84.2
569.8	84.8
569.9	86.6
569.9	89
570	89.6
570.2	88.4
570.2	84.8
570.4	82.4
570.4	79.9
570.5	79.3
570.5	77.5
570.5	75.7
570.6	73.9
570.6	72.7
570.6	70.3
570.6	70.3
570.8	68.5
570.8	67.3
570.8	65.5
570.8	64.3
570.8	63.1
570.8	61.3
571	58.3
571.1	57.6
571.3	59.5
571.3	63.7
571.4	67.9
571.6	71.5
571.6	75.1
571.6	78.7
571.8	81.8
571.9	85.4
571.9	86
572	89.6
572.1	91.4
572.3	92.6
572.4	94.4
572.6	95
572.7	95.6
572.7	97.4
572.8	100.4
572.9	102.8
573	104.1
573.1	104.1
573.1	101.6
573.3	99.8
573.4	101
573.6	102.2
573.7	102.2
573.7	101.6
573.8	101
574	102.2
574.1	103.4
574.2	103.4
574.3	104.1
574.3	100.4
574.3	96.2
574.3	91.4
574.4	87.8
574.4	87.2
574.4	85.4
574.6	84.2
574.6	83.6
574.6	80.5
574.7	79.3
574.7	76.9
574.9	76.9
574.9	78.7
574.9	78.7
575	81.2
575.2	82.4
575.2	82.4
575.3	82.4
575.4	81.2
575.4	79.3
575.5	78.7
575.5	77.5
575.5	76.9
575.6	75.7
575.6	73.3
572.7	96.2
572.7	96.8
572.7	97.4
572.8	98.6
572.9	101
572.9	102.2
573	103.4
573.1	104.1
573.2	104.1
575.7	70.3
575.7	70.3
575.7	68.5
575.8	66.1
575.8	64.9
575.8	62.5
575.9	59.5
575.9	57.6
576	55.2
576.1	52.2
576.2	49.2
576.3	47.4
576.5	43.2
576.6	42
576.8	43.8
576.8	44.4
576.9	42
577	39.6
577.1	38.4
577.2	37.8
577.3	37.2
577.4	39
577.5	40.2
577.5	42.6
577.5	45
577.6	48
577.7	51.6
577.8	55.2
578	59.5
578.1	61.3
578.2	63.7
578.2	64.9
578.5	66.1
578.6	66.7
578.8	66.1
578.8	66.7
579	69.1
579	69.7
579	69.7
579.1	66.7
579.1	62.5
579.1	61.3
579.2	58.9
579.3	56.4
579.4	54.6
579.5	57.6
579.7	60.7
579.8	63.1
579.9	63.7
580.1	63.1
580.3	61.3
580.3	58.9
580.4	57.6
580.6	58.3
580.8	57.6
580.8	55.8
580.8	55.2
580.9	53.4
581	51.6
581.2	51
581.4	52.2
581.5	56.4
581.6	59.5
581.6	62.5
581.7	64.9
581.8	66.7
581.8	67.3
581.9	70.3
582	72.1
582	72.1
582	70.9
582	67.9
582.1	64.9
582.2	62.5
582.3	60.1
582.4	59.5
582.4	58.9
582.4	57.6
582.5	55.8
582.5	55.2
582.6	53.4
582.8	52.2
583	56.4
583.1	60.1
583.2	63.7
583.3	66.7
583.3	68.5
583.3	70.9
583.3	73.9
583.3	74.5
583.3	76.3
583.3	76.9
583.3	78.7
583.4	81.2
583.6	83
583.6	83.6
583.7	83
583.8	79.3
583.9	75.7
583.9	72.7
583.9	69.7
583.9	67.3
584	66.7
584	66.7
584.1	66.7
584.2	67.9
584.3	69.1
584.4	69.7
584.5	69.1
584.7	67.9
584.8	65.5
584.8	64.9
585	61.9
585.1	60.1
585.1	60.1
585.1	58.3
585.1	57
585.1	54.6
585.2	54
585.2	52.2
585.2	51.6
585.2	50.4
585.3	49.8
585.4	49.8
585.5	52.2
585.6	54
585.7	58.9
585.8	61.3
585.9	63.1
586	66.7
586	67.3
586.1	69.1
586.2	69.7
586.3	66.7
586.3	63.7
586.3	60.7
586.3	58.3
586.3	55.8
586.3	54
586.4	49.2
586.5	47.4
586.6	46.2
586.7	46.2
586.8	48
586.9	48
587	45
587	45
587.1	43.2
587.2	41.4
587.2	40.2
587.2	39.6
587.4	37.2
587.4	39.6
587.4	39
587.5	39
587.8	38.4
587.9	34.7
588.1	32.3
588.1	32.3
588.3	31.7
588.4	29.3
588.6	28.1
588.8	26.9
589	26.3
589.2	26.9
589.2	30.5
589.2	30.5
589.4	32.3
589.6	36.6
589.6	37.2
589.7	39.6
589.7	41.4
589.7	42
589.8	43.2
589.8	45
589.9	46.8
589.9	48.6
589.9	51
589.9	52.2
590	53.4
590.2	54.6
590.3	54.6
590.4	54.6
590.5	54
590.5	56.4
590.7	60.1
590.8	60.7
590.7	53.4
590.7	49.2
590.8	46.2
590.9	43.2
591	40.8
591.1	37.8
591.2	36.6
591.3	34.7
591.5	32.3
591.6	32.3
591.8	29.9
591.9	29.3
592	28.7
592.1	28.7
592.1	28.7
592.1	31.1
592.3	32.3
592.4	31.1
592.5	29.3
592.8	28.1
593	28.1
593.1	28.1
593.3	28.1
593.3	28.7
593.4	28.7
593.5	30.5
593.6	31.7
593.6	33.5
593.6	37.8
593.6	42.6
593.7	46.8
593.8	48.6
593.8	50.4
593.9	51.6
593.9	53.4
594	54
594	55.8
594.2	58.9
594.2	59.5
594.2	59.5
594.2	61.9
594.3	62.5
594.3	66.1
594.4	68.5
594.5	70.3
594.6	67.9
594.7	65.5
594.7	61.3
594.8	59.5
594.8	57.6
594.9	57
594.9	55.8
594.9	54
595	51
595	48.6
595.1	47.4
595.2	46.2
595.2	46.2
595.2	49.2
595.3	51
595.4	53.4
595.5	55.2
595.7	55.2
595.7	55.2
595.9	55.8
596	57
596.1	59.5
596.2	60.7
596.3	62.5
596.3	64.9
596.5	65.5
596.5	64.3
596.6	63.7
596.7	62.5
596.8	61.9
597	62.5
597	62.5
597.1	62.5
597.2	65.5
597.2	66.1
597.4	73.9
597.4	78.1
597.4	78.7
597.4	83.6
597.5	86.6
597.6	89
597.6	90.2
597.6	92
597.6	93.2
597.7	95
597.7	95.6
597.7	95.6
597.8	93.2
597.8	92
598.1	91.4
598.3	90.2
598.3	90.2
598.3	90.2
598.5	92.6
598.5	93.2
598.6	93.2
598.6	93.2
598.8	92.6
598.9	89
598.9	88.4
599.1	94.4
599.2	95
599.4	95
599.4	95
599.5	95
599.6	92.6
599.7	92
599.7	90.2
599.7	88.4
599.9	86
600	85.4
600.2	87.2
600.3	90.8
600.3	95.6
600.4	98.6
600.3	99.8
600.4	101
600.4	102.8
600.5	104.1
600.5	106.5
600.6	108.3
600.8	108.3
600.9	108.3
600.9	108.3
601	107.1
601.1	102.8
601.2	99.2
601.4	95
601.4	93.8
601.5	97.4
601.6	96.2
601.6	92
601.8	89
601.8	89
601.8	86
601.8	81.8
601.8	81.2
601.9	78.1
601.9	75.7
601.9	69.7
602.1	67.3
602.1	65.5
602	62.5
602	57
602	54
602	50.4
602	46.2
602	42.6
602.1	40.8
602.2	42
602.3	46.8
602.4	52.2
602.4	55.8
602.5	62.5
602.5	66.7
602.5	67.3
602.5	70.3
602.5	73.9
602.5	74.5
602.7	75.1
602.8	73.9
602.9	67.9
602.9	63.1
602.9	60.1
602.9	59.5
602.9	56.4
603	53.4
603	52.8
603	50.4
603	46.8
603	43.8
603	42
603.1	40.8
603.3	43.8
603.4	48.6
603.4	49.8
603.4	55.2
603.4	57.6
603.4	63.1
603.4	66.7
603.4	70.9
603.6	76.3
603.6	78.1
603.6	79.9
603.6	82.4
603.6	87.8
603.6	89.6
603.8	94.4
603.8	96.8
603.8	101.6
603.8	102.8
603.9	104.1
603.9	105.3
603.9	105.9
603.9	107.1
603.9	108.3
604	108.9
604.2	110.1
604.2	110.1
604.4	104.7
604.4	100.4
604.5	99.8
604.5	99.2
604.5	100.4
604.5	101.6
604.6	104.1
604.7	104.7
604.8	106.5
604.8	108.9
604.9	109.5
605	108.9
605.1	108.3
605.2	105.3
605.2	101
605.2	95.6
605.3	91.4
605.4	87.2
605.5	83.6
605.5	76.3
605.6	70.9
605.6	70.3
605.6	70.3
605.6	66.1
605.6	63.1
605.6	61.9
605.6	58.9
605.7	55.8
605.8	51
605.9	50.4
605.9	57
606.2	67.9
606.3	73.9
606.3	78.7
606.3	81.2
606.4	87.2
606.4	93.2
606.5	96.2
606.5	97.4
606.6	99.8
606.7	102.2
606.7	103.4
606.7	104.1
606.9	106.5
606.9	106.5
606.9	107.1
607	108.9
607.1	110.7
607.2	111.3
607.3	108.9
607.4	105.9
607.4	104.7
607.6	108.9
607.7	110.1
607.7	111.3
607.9	108.9
608.1	105.3
608.2	101
608.3	99.2
608.4	102.8
608.5	105.3
608.6	105.9
608.8	102.2
608.9	99.8
608.9	98.6
609.1	98.6
609.3	101.6
609.3	101.6
609.5	102.2
609.5	98
609.5	96.8
609.5	94.4
609.8	93.8
609.9	96.8
610	97.4
610.1	95
610.2	92
610.2	91.4
610.3	89
610.4	86.6
610.5	86.6
610.6	89.6
610.7	92.6
610.9	95
610.9	96.8
610.9	99.8
610.9	104.1
610.9	105.9
611	108.9
611	110.1
611.2	111.9
611.3	112.5
611.3	112.5
611.5	108.3
611.5	108.3
611.8	114.9
611.8	117.9
611.8	120.9
611.9	123.3
612.1	123.3
612.2	120.9
612.3	116.1
612.4	113.7
612.4	113.1
612.5	112.5
612.5	116.7
612.6	120.3
612.7	123.9
612.9	127.6
613	130
613	130.6
613.1	131.8
613.1	131.8
613.1	131.8
613.2	131.2
613.2	126.4
613.2	124.5
613.2	122.7
613.2	119.7
613.3	117.9
613.4	116.1
613.5	115.5
613.6	117.9
613.7	120.9
613.9	120.9
614.1	121.5
614.3	122.7
614.4	124.5
614.4	125.7
614.4	127.6
614.6	129.4
614.7	128.2
614.8	126.4
615	122.7
615.1	120.3
615.2	117.9
615.3	114.3
615.3	114.3
615.5	116.7
615.6	117.3
615.7	115.5
615.7	113.7
615.8	113.1
615.8	112.5
615.9	111.9
615.9	111.9
616.1	113.1
616.2	113.1
616.3	113.1
616.5	111.3
616.6	108.9
616.7	106.5
616.7	102.8
616.7	100.4
616.8	97.4
616.8	95.6
616.8	94.4
616.9	89.6
617	87.2
617	86.6
617	90.8
617.2	97.4
617.4	102.8
617.3	108.9
617.4	111.3
617.5	111.9
617.7	113.1
617.9	114.9
618	114.3
618.2	109.5
618.4	108.3
618.4	113.1
618.6	116.1
618.7	119.7
618.7	122.7
618.8	123.3
619	121.5
619	120.9
619.1	121.5
619.3	124.5
619.6	121.5
619.7	116.1
619.7	113.1
619.8	110.1
620	106.5
620	106.5
620	102.8
620.2	99.2
620.2	98
620.2	93.2
620.2	89
620.2	86.6
620.2	83.6
620.2	79.9
620.1	75.1
620.2	69.7
620.3	67.3
620.3	63.1
620.3	60.1
620.4	56.4
620.4	55.2
620.4	52.8
620.5	49.8
620.7	54
620.8	58.3
621	64.3
621.1	66.1
621	67.9
621.1	67.3
621.1	66.1
621.2	62.5
621.2	59.5
621.3	56.4
621.4	54
621.4	50.4
621.5	48.6
621.5	48
621.5	46.8
621.5	44.4
621.7	43.8
621.7	43.8
621.8	45.6
621.9	48
622	50.4
622.1	53.4
622.1	54
622.2	55.2
622.4	53.4
622.5	52.2
622.5	49.2
622.5	45
622.6	42
622.8	38.4
622.9	33.5
622.9	31.1
623	26.9
623	23.9
623	22.7
623.1	20.9
623.1	20.9
623.2	20.3
623.3	18.5
623.3	17.9
623.4	17.9
623.5	16.1
623.5	16.1
623.6	16.1
623.8	16.1
623.9	16.1
624.1	16.1
624.2	16.1
624.5	18.5
624.5	20.3
624.5	20.9
624.5	25.1
624.6	29.9
624.6	30.5
624.7	31.7
624.8	33.5
624.9	33.5
625	32.3
625	30.5
625.2	27.5
625.2	25.7
625.3	24.5
625.5	28.1
625.6	29.9
625.6	31.7
625.6	32.9
625.6	33.5
625.7	34.1
625.9	34.1
626	32.3
626.1	30.5
626.1	29.3
626.1	27.5
626.2	26.3
626.3	26.3
626.4	28.7
626.4	32.3
626.4	32.9
626.4	34.7
626.5	36.6
626.5	38.4
626.5	40.8
626.5	40.8
626.5	43.8
626.5	46.2
626.5	46.8
626.5	49.8
626.5	51
626.6	54.6
626.7	55.2
626.8	57
626.8	57.6
626.9	54.6
626.9	52.8
627	51
627.1	48
627.2	45.6
627.3	43.8
627.3	43.2
627.4	41.4
627.4	40.2
627.5	37.8
627.6	36
627.8	31.1
627.9	31.1
628	34.7
628.1	38.4
628.1	39.6
628.2	42.6
628.2	46.8
628.3	49.8
628.3	53.4
628.4	56.4
628.5	57.6
628.5	57.6
628.5	60.1
628.5	62.5
628.6	64.3
628.7	64.9
628.8	62.5
628.8	61.9
628.9	58.9
629.1	58.3
629.1	60.1
629.3	61.9
629.4	63.1
629.7	66.1
629.8	69.7
629.9	70.3
629.9	70.9
629.9	72.1
630.1	75.7
630.1	76.9
630.2	77.5
630.2	78.1
630.3	78.1
630.4	76.9
630.5	75.7
630.7	73.9
630.8	70.9
630.9	67.9
631.1	65.5
631.2	63.1
631.3	62.5
631.4	62.5
631.4	60.7
631.5	60.1
631.6	61.3
631.8	63.7
631.8	64.3
632	64.3
632.1	62.5
632.2	61.9
632.2	61.9
632.3	60.7
632.4	62.5
632.4	63.1
632.6	64.9
632.6	67.3
632.6	70.3
632.6	70.9
632.8	69.1
632.8	69.1
633	70.9
633.1	72.1
633.2	73.9
633.2	74.5
633.3	76.9
633.3	79.3
633.3	80.5
633.5	81.8
633.7	83.6
633.7	85.4
633.8	86.6
633.9	86.6
633.9	84.8
633.9	82.4
634	79.3
634	76.9
634.1	72.7
634.1	69.7
634.2	68.5
634.4	67.9
634.5	72.1
634.6	73.3
634.7	76.9
634.7	78.1
634.7	79.9
634.8	81.8
635	78.1
635	76.9
635.1	73.9
635.1	73.3
635.2	70.9
635.3	67.9
635.3	66.7
635.3	64.9
635.4	61.9
635.5	60.7
635.6	61.9
635.8	66.1
635.8	69.7
635.8	71.5
636	75.7
636.1	75.7
636.2	73.9
636.2	72.7
636.3	70.9
636.3	68.5
636.3	66.7
636.5	66.7
636.6	67.3
636.7	69.1
636.8	68.5
636.8	67.9
636.8	67.9
636.8	66.1
636.9	64.9
636.9	63.7
637	61.9
637	61.9
637	60.1
637	58.9
637	57.6
637.1	55.8
637.3	54
637.4	57
637.5	60.7
637.7	64.3
637.7	66.7
637.8	69.1
637.8	70.9
637.8	72.1
637.8	72.7
637.8	73.3
637.9	75.1
637.9	76.9
637.9	78.1
638	78.7
638	78.7
638.1	76.9
638.1	75.1
638.2	75.1
638.2	75.7
638.3	78.1
638.4	79.9
638.5	81.8
638.6	82.4
638.7	82.4
638.9	82.4
638.9	82.4
638.7	81.8
638.7	81.8
638.8	83.6
638.9	84.2
639	84.2
639.1	83.6
639.1	84.2
639.1	85.4
639.1	87.8
639.3	90.8
639.4	92
639.5	89.6
639.6	87.8
639.8	90.8
639.8	91.4
639.8	92.6
639.9	92.6
640.1	92
640.1	87.8
640.3	87.8
640.5	92
640.6	93.8
640.6	93.8
640.7	93.2
640.8	89.6
641	84.2
641.1	81.2
641.1	78.1
641.2	75.7
641.4	74.5
641.6	78.1
641.7	79.9
641.7	80.5
642	84.2
642	86.6
642.1	89
642.1	92
642.1	92.6
642.2	92
642.3	89.6
642.5	90.8
642.5	93.8
642.5	96.8
642.5	98.6
642.6	99.8
642.6	101.6
642.7	102.8
642.7	103.4
642.9	106.5
642.9	107.1
642.9	107.7
642.9	110.7
642.9	111.9
642.9	113.7
642.9	116.1
643.1	119.1
643	121.5
643	122.7
643	125.7
643.1	131.8
643.1	131.8
643.1	134.8
643.2	137.8
643.2	140.2
643.2	142.6
643.3	145
643.3	146.2
643.3	147.4
643.4	147.4
643.4	148
643.5	151.1
643.5	152.3
643.6	152.9
643.6	148.6
643.6	145
643.7	140.2
643.8	137.2
643.8	135.4
643.9	131.8
643.9	129.4
644	128.2
644.1	126.4
644.2	123.9
644.3	121.5
644.3	119.7
644.3	117.9
644.4	115.5
644.5	114.3
644.6	116.7
644.6	121.5
644.7	126.4
644.9	134.2
644.9	134.8
644.9	136.6
644.9	139.6
645	140.2
645.2	138.4
645.2	135.4
645.3	134.8
645.3	136
645.3	137.2
645.4	137.8
645.6	137.8
645.7	134.8
645.7	132.4
645.8	131.8
645.8	129.4
645.9	127
646	125.1
646.1	123.9
646.1	122.1
646.1	122.1
646.3	125.7
646.3	130
646.4	133.6
646.5	136
646.5	138.4
646.5	140.2
646.6	139.6
646.6	137.2
646.8	139
646.8	139.6
646.9	138.4
646.9	137.2
647	133.6
647	128.2
647.1	125.1
647.3	122.7
647.3	119.1
647.3	114.9
647.4	111.3
647.4	107.1
647.5	99.2
647.5	99.2
647.6	95.6
647.6	90.8
647.6	89.6
647.6	87.2
647.6	84.2
647.6	81.8
647.6	79.3
647.6	76.9
647.7	72.1
647.9	72.7
648	73.9
648.1	75.7
648.1	77.5
648.1	81.2
648.2	84.2
648.2	87.2
648.4	90.8
648.5	92
648.5	92
648.6	91.4
648.7	89
648.8	86.6
648.9	86.6
649.1	88.4
649.1	87.2
649.2	84.2
649.2	82.4
649.2	81.8
649.3	79.3
649.3	79.3
649.4	79.3
649.6	79.9
649.6	81.8
649.6	84.2
649.6	87.8
649.6	92
649.6	94.4
649.6	95
649.7	96.8
649.9	98
649.9	99.8
650	99.8
650.2	99.2
650.2	99.8
650.3	100.4
650.3	101.6
650.3	102.8
650.4	102.8
650.4	103.4
650.5	104.7
650.6	104.1
650.7	102.8
650.7	101.6
650.9	101.6
650.9	101
650.9	96.2
650.9	93.2
650.9	90.2
650.9	84.8
651	82.4
651.1	79.3
651.1	78.1
651.1	76.3
651.2	71.5
651.3	67.9
651.4	63.7
651.5	60.7
651.6	60.1
651.7	61.9
651.8	63.7
651.8	64.9
651.9	70.3
652.1	74.5
652.2	78.1
652.2	81.2
652.2	82.4
652.2	84.2
652.2	87.2
652.2	89.6
652.2	92
652.2	93.2
652.3	96.8
652.3	93.8
652.5	89
652.5	84.2
652.5	78.1
652.5	77.5
652.4	74.5
652.4	69.7
652.4	68.5
652.4	66.1
652.6	61.9
652.6	58.3
652.7	54.6
652.7	51.6
652.7	49.8
652.7	48.6
652.7	47.4
652.7	45.6
652.8	43.8
652.8	42.6
652.9	40.8
653.1	39
653.3	36
653.4	35.3
653.4	36.6
653.4	39.6
653.4	40.2
653.4	42.6
653.5	46.8
653.7	50.4
653.8	53.4
653.9	53.4
654	53.4
654	49.2
654.3	47.4
654.4	47.4
654.4	48.6
654.4	52.2
654.5	56.4
654.5	58.3
654.7	60.1
654.8	58.9
654.9	55.2
655	52.2
655.1	51.6
655.2	49.2
655.5	49.2
655.6	49.8
655.7	52.2
655.7	55.2
655.8	58.3
655.8	58.3
655.9	60.7
656.1	63.7
656.2	64.9
656.4	70.9
656.4	75.7
656.4	77.5
656.3	83
656.3	86
656.4	89
656.5	90.8
656.6	92
656.6	92.6
656.8	90.2
656.8	84.2
656.8	80.5
656.9	78.1
657	74.5
657	70.9
657	67.9
657	66.1
657	64.9
657.1	62.5
657.1	59.5
657.1	58.3
657.1	57.6
657.3	55.2
657.3	55.2
657.5	53.4
657.6	55.8
657.6	60.1
657.6	64.3
657.7	68.5
657.7	71.5
657.7	73.3
657.7	75.7
657.8	77.5
657.9	80.5
657.9	81.2
658.1	81.2
658.1	75.7
658.1	71.5
658.1	67.3
658.1	63.7
658.1	56.4
658.2	55.8
658.2	53.4
658.2	51.6
658.3	50.4
658.4	47.4
658.4	47.4
658.5	46.8
658.6	49.8
658.7	54.6
658.7	60.1
658.8	64.3
658.9	67.3
659	70.3
659	72.7
659	73.3
659	73.9
659.1	75.7
659.1	75.7
659.1	71.5
659.3	67.3
659.4	64.9
659.7	61.9
659.8	61.3
659.8	58.9
659.8	55.8
659.8	54
659.8	52.2
659.8	48
659.8	45.6
659.9	42
660.1	39.6
660.2	39.6
660.3	39
660.4	39.6
660.6	40.2
660.6	40.8
660.8	39.6
660.8	38.4
660.8	36
660.8	34.7
660.8	33.5
660.9	32.9
661	31.7
661	31.1
661	31.1
661.2	33.5
661.2	37.2
661.4	44.4
661.4	45.6
661.5	45.6
661.5	45
661.7	43.2
661.8	41.4
661.9	42.6
662	46.2
662.2	49.8
662.3	51.6
662.3	52.2
662.4	53.4
662.6	52.8
662.6	50.4
662.8	48.6
663.1	48.6
663.1	45
663.2	43.8
663.3	41.4
663.4	38.4
663.4	34.1
663.4	33.5
663.4	33.5
663.4	32.3
663.5	31.1
663.5	28.1
663.6	21.5
663.7	20.3
663.8	19.7
664.1	23.3
664.3	25.7
664.5	28.7
664.7	29.9
664.8	30.5
664.9	30.5
664.9	29.3
665	28.7
665	26.3
665.2	24.5
665.2	24.5
665.3	23.3
665.5	25.1
665.6	25.7
665.7	25.7
665.9	27.5
666	28.7
666.1	27.5
666.1	26.9
666.2	25.7
666.4	25.7
666.5	24.5
666.6	22.7
666.7	22.7
666.8	22.7
666.9	25.7
667	25.7
667.4	24.5
667.5	23.9
667.7	23.3
667.8	23.3
667.9	23.3
668	23.9
668	27.5
668.1	28.1
668.3	31.1
668.3	31.7
668.3	33.5
668.4	34.1
668.5	32.3
668.6	31.7
668.8	32.9
668.9	32.3
668.9	30.5
668.9	29.3
668.9	29.3
669	29.3
669	29.3
669.1	26.3
669.1	25.1
669.3	23.3
669.4	22.7
669.5	22.7
669.7	23.3
669.9	24.5
670	25.1
670.2	26.3
670.2	29.3
670.4	29.3
670.5	29.3
670.5	29.3
670.6	26.9
670.6	25.7
670.6	25.1
670.6	25.1
670.6	23.3
670.6	22.1
670.7	21.5
670.8	21.5
671	21.5
671.3	22.7
671.3	23.3
671.5	23.9
672	23.9
672.5	23.9
672.6	23.9
