24.8	46.8
25.4	46.8
25.5	46.8
26	46.4
26.1	46.4
26.3	46.4
26.7	47.7
26.7	49.5
26.7	49.9
26.8	51.3
26.8	53.5
26.8	54
26.8	56.2
26.8	58.5
26.9	61.1
27	62.9
27.1	65.2
27.2	65.6
27.3	65.6
27.5	66.1
27.6	66.1
27.8	65.6
28	64.3
28.1	64.3
28.2	66.5
28.2	68.3
28.2	68.3
28.3	68.3
28.6	68.3
28.7	67
28.8	67
28.8	67
29.2	68.3
29.2	68.3
29.4	66.5
29.5	65.2
29.6	64.7
29.8	64.7
29.8	65.6
29.9	65.6
30.1	65.2
30.2	63.8
30.3	62.5
30.4	62
30.6	62.5
30.7	63.4
30.8	65.6
30.9	67
31	67.9
31.1	68.8
31.2	69.7
31.4	69.7
31.5	69.2
31.5	67.9
31.6	65.6
31.6	64.7
31.8	63.4
31.9	62.9
32.1	64.3
32.3	66.1
32.3	67
32.4	68.3
32.4	68.8
32.5	70.6
32.5	71
32.5	72.3
32.7	73.7
32.8	74.1
33.1	74.6
33.2	74.6
33.3	73.2
33.4	71
33.5	70.6
33.6	69.7
33.6	67.9
34.1	65.2
34.2	66.1
34.4	67.4
34.5	69.7
34.6	71.4
34.8	73.7
34.8	75.5
34.9	75.9
35	76.8
35.1	76.8
35.5	76.4
35.5	75.9
35.6	73.7
35.7	70.1
35.7	67.4
35.7	66.1
35.8	63.4
35.8	61.1
35.9	59.8
36.3	58.9
36.6	59.8
36.8	63.4
36.8	66.1
36.8	66.5
36.9	68.3
37.3	67.4
37.4	67
37.5	68.3
37.5	69.7
37.7	70.6
37.7	70.6
37.9	70.6
37.9	70.6
38	72.3
38.1	73.2
38.2	74.6
38.2	75.5
38.4	76.8
38.5	77.3
38.7	77.3
38.8	77.3
39.1	76.4
39.4	76.4
39.6	75
39.7	75
39.8	75.9
39.8	77.3
39.9	78.6
40	81.3
40	82.2
40.2	83.1
40.2	83.1
40.6	80.9
40.8	77.3
40.8	75
40.8	71.9
40.9	70.1
41	68.3
41.1	68.3
41.5	69.2
41.7	72.3
41.9	73.2
42.2	71.9
42.2	71.4
42.4	70.6
42.5	69.2
42.7	68.8
43	70.6
43.2	70.1
43.3	67.9
43.5	67
43.7	69.2
43.7	70.6
43.8	71.9
43.9	73.7
44.2	72.8
44.3	72.8
44.6	71.4
44.8	69.2
44.8	66.5
45	65.2
45.2	64.7
45.3	64.7
45.5	67.4
45.7	69.2
46	68.8
46.2	66.5
46.4	64.3
46.4	62
46.5	61.6
47	60.7
47.2	62.5
47	64.7
47.1	65.6
47.3	64.3
47.5	64.3
47.7	66.5
47.7	67
47.7	67.9
47.7	68.3
48.1	67.9
48.4	68.3
48.6	69.7
48.6	70.1
48.6	71.9
48.6	72.3
48.7	73.2
48.8	74.1
48.9	74.6
49.2	74.1
49.2	71.9
49.5	72.8
49.7	73.7
49.8	73.7
49.9	71.9
49.9	69.2
50.1	67.4
50.3	66.5
50.5	67
50.5	67.4
50.5	67.4
50.6	69.2
50.7	69.7
50.9	68.7
51	69.4
51.1	71.4
51.2	73.7
51.2	74.8
51.2	75.2
51.4	76.8
51.5	77.1
51.6	77.1
51.7	76.8
51.8	75.2
51.9	74.1
52	71
52	70.6
52.1	69.4
52.1	69.1
52.2	68.3
52.4	67.9
52.6	69.1
52.8	70.6
53	69.8
53.1	68.7
53.3	67.5
53.5	66.7
53.5	67.1
53.6	67.5
53.7	68.3
53.7	69.1
53.9	69.4
53.9	69.4
54.2	68.7
54.2	68.7
54.3	67.1
54.4	66.7
54.4	66.4
54.5	67.5
54.7	69.8
54.8	70.6
55	72.1
55	72.5
55.1	72.9
55.3	72.9
55.4	72.9
55.5	71
55.5	69.8
55.5	69.4
55.6	69.4
55.7	69.4
55.7	69.4
55.8	69.4
55.9	69.4
56	67.9
56.1	67.5
56.2	67.1
56.3	67.5
56.3	67.9
56.3	68.7
56.5	68.7
56.6	68.7
56.6	68.3
56.7	67.9
56.7	67.5
56.7	67.5
56.9	69.8
57	70.2
57.1	68.7
57.1	66.7
57.1	64.8
57.4	64.8
57.4	67.5
57.5	69.1
57.5	69.4
57.5	70.6
57.6	70.6
57.7	70.2
57.8	70.2
57.8	70.6
57.9	71.8
58	74.4
58	75.2
58.2	75.2
58.4	74.1
58.4	72.1
58.6	69.8
58.6	67.9
58.7	66.4
58.8	65.6
59.1	67.1
59.1	70.2
59.4	73.3
59.5	76
59.5	76
59.8	75.6
59.8	73.7
59.8	73.3
60	73.3
60.1	73.7
60.1	74.8
60.2	74.8
60.3	75.2
60.4	75.2
60.4	74.8
60.5	73.7
60.7	72.5
60.7	72.1
60.7	71.8
61.1	73.7
61.1	73.7
61.3	73.7
61.3	72.5
61.4	72.5
61.5	74.4
61.6	74.8
61.6	75.2
61.7	75.2
61.9	73.7
62.1	72.9
62.1	73.3
62.2	74.1
62.3	74.1
62.3	74.4
62.6	74.8
62.8	73.7
63	74.4
63	75.6
63.2	76.8
63.4	77.5
63.4	75.6
63.4	75.6
63.4	74.1
63.6	73.3
63.7	72.9
63.9	72.1
64.1	71
64.1	68.7
64.4	66
64.4	64.8
64.5	64.8
64.9	67.1
65.3	68.7
65.5	70.2
65.7	72.1
66	72.9
66.1	72.9
66.2	72.9
66.3	72.5
66.4	72.5
66.6	73.7
66.9	73.3
66.9	70.6
66.9	69.4
66.9	69.1
67	67.5
67	67.5
67.2	66.4
67.4	65.2
67.8	64.8
68.2	65.2
68.3	65.2
68.4	67.1
68.4	67.5
68.7	68.3
68.8	68.7
68.8	69.8
69.1	71
69.2	71
69.4	70.2
69.6	69.4
69.8	70.2
70	71.8
70	72.1
70.1	73.3
70.1	74.1
70.4	74.4
70.6	74.1
70.7	71.8
70.7	70.2
70.7	69.8
70.7	68.7
70.8	68.3
71.1	66
71.2	66
71.3	67.9
71.4	70.2
71.6	72.1
71.6	72.5
71.6	72.9
71.7	73.3
72.1	72.9
72.4	73.7
72.5	75.6
72.5	75.6
72.5	75.6
72.5	77.9
72.7	79.5
72.8	80.2
72.8	81
72.9	81.4
73.3	81.4
73.4	80.2
73.4	77.5
73.4	75.2
73.5	72.9
73.7	71.8
73.9	73.3
74	74.4
74	75.6
74.1	77.1
74.3	77.5
74.6	77.1
74.7	77.1
74.8	76
75	74.8
75.1	74.8
75.3	74.8
75.5	76
75.6	77.5
75.6	77.9
75.9	79.8
75.9	79.8
75.9	81
75.2	74.4
75.2	74.8
75.2	75.2
75.2	76
75.3	77.1
75.5	78.3
75.6	79.8
75.7	81.8
75.7	82.2
75.9	82.9
76	83.3
76.1	83.3
76.2	83.3
76.3	81
76.5	78.7
76.6	77.1
76.6	75.6
76.6	74.8
76.9	74.4
76.9	74.4
77.1	74.8
77.1	74.8
77.3	75.2
77.5	74.8
77.6	72.9
77.8	71
77.8	70.6
77.9	69.1
78	66.7
78.1	65.6
78.1	65.6
78.3	67.1
78.3	69.8
78.3	72.1
78.3	72.5
78.3	73.7
78.3	76.8
78.3	78.7
78.4	81.4
78.5	83.3
78.5	83.7
78.7	84.5
78.8	86
78.9	86.4
79	86.8
79.2	87.2
79.4	86.4
79.6	80.2
79.6	79.8
79.6	77.9
79.7	77.5
79.7	77.5
79.9	76
80	75.2
80.1	77.5
80.2	78.3
80.3	78.3
80.5	78.7
81	77.1
81.1	76.4
81.2	76.4
81.4	79.8
81.4	83.7
81.4	84.5
81.4	86.4
81.4	87.5
81.8	89.1
82.1	89.5
82.3	85.2
82.3	84.5
82.3	82.5
82.4	81.4
82.9	79.8
83	78.7
83.1	76.4
83.2	74.1
83.4	72.1
83.7	72.5
83.7	76
83.7	76.8
83.9	79.8
84	82.2
84.1	83.7
84.2	84.1
84.4	84.1
84.5	82.2
84.8	82.5
84.8	84.8
84.9	86.8
85.2	87.2
85.3	84.1
85.3	83.7
85.5	82.2
85.7	82.2
85.8	83.7
85.8	84.1
85.8	84.8
86.2	84.8
86.5	84.8
86.7	83.3
86.7	82.9
86.7	80.6
87.1	78.7
87.5	77.9
87.6	80.2
87.9	82.9
88.1	84.1
88.3	84.5
88.5	83.7
88.6	82.5
88.8	79.8
88.9	79.1
89	78.7
89.5	77.5
89.7	76.8
89.7	74.8
90.3	72.5
90.5	71.8
90.6	72.9
90.8	76.4
90.8	77.1
91	80.2
91	83.7
91.4	86.4
91.5	88.3
91.5	89.1
91.7	89.9
91.8	89.9
91.9	88.7
92.1	86
92.4	86
92.7	86
92.8	83.7
92.8	82.9
92.8	82.9
93	81.4
93.1	79.8
93.2	76.8
93.5	74.4
93.6	72.1
93.7	70.2
93.8	70.2
94.1	70.6
94.3	73.3
94.3	73.7
94.4	75.6
94.4	76
94.4	76
94.5	78.3
94.7	79.5
94.9	79.5
95.2	79.8
95.3	79.8
95.4	79.5
95.5	79.5
95.6	81
95.6	81.8
95.8	84.1
96.1	88.3
96.2	92.2
96.4	96.4
96.4	96.4
96.6	99.1
96.7	102.6
96.8	104.1
97.2	103.7
97.2	103.3
97.2	99.9
97.3	94.5
97.3	94.1
97.2	91.8
97.2	90.6
97.2	86.8
97.5	83.3
97.4	81.4
97.5	79.5
97.6	77.5
97.6	75.6
97.6	74.8
97.7	72.9
97.9	72.5
98	74.1
98	76
98.1	76.4
98.3	76.8
98.4	76
98.5	76.4
98.7	77.1
98.8	77.5
99.1	78.3
99.2	78.7
99.5	79.1
99.7	79.1
99.8	79.1
100.1	78.7
100.2	78.7
100.3	77.5
100.3	76.8
100.4	75.2
100.6	73.7
100.4	72.9
100.5	72.1
100.5	71
101	71.8
101.1	73.7
101.1	74.4
101.2	74.1
101.4	72.9
101.7	73.3
101.8	74.1
102	74.8
102.2	76.8
102.5	79.1
102.5	82.2
102.5	82.5
102.5	83.3
102.8	82.2
103	81.4
103.1	83.7
103.3	86.4
103.3	86.8
103.4	89.9
103.6	91.4
103.8	94.1
103.8	96.8
103.8	97.9
103.9	98.3
104	96.8
104.1	93.7
104.1	93.3
104.2	90.6
104.2	89.5
104.2	87.9
104.3	86.4
104.3	86
104.3	85.6
104.5	83.3
104.6	82.2
104.9	81
105	82.2
105	82.5
105.1	84.5
105.1	86.4
105.1	87.5
105.2	89.9
105.3	90.2
105.6	90.6
105.7	89.5
105.8	89.1
106	87.9
106.1	87.9
106.1	88.7
106.3	90.2
106.6	94.1
106.6	94.9
106.9	95.2
106.9	94.9
107	94.1
107.2	92.6
107.4	90.6
107.5	87.9
107.6	85.6
107.7	85.6
107.7	85.6
107.9	85.6
108.1	86.4
108.3	88.3
108.3	88.7
108.5	89.9
108.7	91.8
109	93.3
109.1	92.6
109.1	92.2
109.1	90.6
109.3	89.9
109.6	89.9
109.7	91
109.9	92.2
109.9	93.3
110	93.7
110.2	92.2
110.4	91.4
110.6	92.2
110.6	92.9
110.6	93.7
110.7	95.6
110.8	96.8
110.8	97.2
111.1	98.3
111.1	99.5
111.2	99.9
111.5	98.7
111.8	97.2
111.9	96
112	94.1
112.2	90.6
112.2	89.9
112.2	87.5
112.2	85.2
112.3	82.5
112.5	80.2
112.5	79.1
112.7	79.5
112.9	81.4
112.9	81.8
113.1	83.7
113.4	87.2
113.6	89.9
113.6	92.2
113.6	92.6
113.7	94.5
113.8	96
114.3	93.7
114.3	92.9
114.7	96.8
114.8	97.2
114.9	98.3
114.9	99.5
115.1	101
115.3	101.4
115.5	98.7
115.6	98.3
115.6	96.8
115.7	95.2
115.7	92.6
115.7	90.6
115.7	90.6
115.8	89.1
115.9	88.7
116	87.5
116	87.2
116	86.4
116.1	86
116.3	87.5
116.4	87.5
116.4	86
116.4	85.2
116.5	85.2
116.7	85.2
116.9	85.6
116.9	85.6
117.1	84.8
117.3	83.7
117.4	82.2
117.6	84.5
117.6	87.2
117.6	87.5
117.6	89.5
117.9	91
117.9	91.4
118	92.6
118.2	94.5
118.4	96.4
118.5	97.9
118.6	98.7
118.7	99.9
118.8	101
118.9	103
119	104.9
119	104.9
119	106
119.1	106
119.1	105.3
119.1	101.4
119.2	99.5
119.2	99.1
119.5	95.6
119.5	95.2
119.5	93.3
119.7	91.4
119.8	91
119.9	90.2
119.9	89.1
119.9	87.9
119.9	86.4
120	84.8
120.3	87.9
120.3	89.1
120.4	89.1
120.8	88.3
120.8	89.1
120.9	89.9
121.1	91.8
121.1	93.7
121.1	95.2
121.3	95.2
121.4	95.2
121.4	95.6
121.6	97.2
121.7	97.9
121.9	96.8
122	96.4
122	94.1
122.1	92.2
122.1	91.8
122.1	90.6
122.2	89.9
122.4	89.1
122.4	89.1
122.6	91
122.9	92.2
123.1	92.6
123.3	91.8
123.4	91
123.5	89.1
123.6	87.5
123.6	87.2
123.7	85.6
123.7	84.5
124	83.7
124	83.3
124.3	82.2
124.3	82.2
124.3	81.4
124.3	80.2
124.3	79.8
124.5	79.8
124.6	81.8
124.7	82.5
124.7	84.1
124.8	85.6
124.9	87.2
125	88.3
125	89.5
125.3	89.9
125.5	89.1
125.7	87.2
125.9	86
126	84.5
126.2	84.1
126.2	84.1
126.2	82.5
126.6	82.5
126.6	82.5
126.6	82.9
126.8	83.3
127	82.2
127.4	81.4
127.5	81.4
127.5	82.2
127.5	82.9
127.6	84.5
127.6	84.5
127.6	86.4
127.7	87.5
127.9	87.5
127.9	87.2
127.9	87.2
127.9	86
128	84.8
128	84.5
128	84.5
128.3	84.5
128.7	85.2
128.8	85.2
129	86
129.2	87.2
129.6	88.3
129.5	89.1
129.5	89.5
129.5	91
129.5	91.4
129.7	91.8
129.9	91.8
130.1	91.8
130.1	92.2
130.3	92.9
130.3	92.9
130.5	93.3
130.5	94.5
130.6	95.6
130.9	95.2
131	92.9
131	92.2
131.1	91
131.2	89.1
131.4	87.2
131.5	86.4
131.8	85.2
131.9	83.3
132	84.1
132.1	86.8
132.3	89.1
132.3	89.5
132.5	91
132.5	92.6
132.6	93.7
132.7	94.9
132.8	93.7
133	92.2
133.3	92.2
133.3	92.9
133.6	92.9
133.7	92.6
134	91.4
134.1	89.5
134.3	87.9
134.6	86.4
134.7	86.4
134.9	86.4
135	88.3
135.3	89.1
135.5	89.9
135.5	90.2
135.5	91
135.9	91
136	89.1
136.1	88.7
136.4	88.7
136.6	88.7
136.6	88.7
136.7	89.5
136.9	89.5
137	89.5
137.2	89.5
137.5	89.1
137.7	88.3
138	88.3
138	90.2
138	90.6
138.1	92.9
138.1	93.7
138.4	92.6
138.4	90.6
138.5	90.6
138.6	90.6
138.8	91.4
138.9	89.9
138.9	89.5
139.1	86
139.1	85.6
139.2	84.8
139.4	84.1
139.5	84.1
139.7	84.8
139.9	87.2
140	88.7
140	89.1
140.1	91.4
140.1	92.2
140.2	93.3
140.4	94.9
140.3	96.8
140.3	98.3
140.6	99.5
140.6	99.5
140.7	97.6
140.7	95.2
140.8	94.9
140.8	93.7
140.9	93.3
140.9	92.6
141	92.2
141.2	92.2
141.5	91.8
141.6	91.8
141.6	91.8
141.7	92.9
141.7	94.9
141.8	95.6
141.9	96.4
142.3	95.2
142.3	94.1
142.6	94.5
142.7	94.5
142.8	94.1
142.8	93.7
143.2	96.4
143.2	96.8
143.4	98.7
143.7	100.6
144.1	101
144.1	98.3
144.1	97.2
144.2	97.2
144.5	98.7
144.7	98.3
144.9	95.6
144.9	93.3
145	92.2
145.4	92.6
145.4	94.5
145.6	97.6
145.7	98.7
145.8	99.5
145.9	97.2
146.1	99.5
146.2	101.4
146.3	103
146.3	103
146.4	103
146.5	99.9
146.6	97.9
146.6	97.9
146.7	96.8
146.9	97.2
147	99.1
147	99.1
147.1	100.3
147.3	99.5
147.3	97.6
147.3	96
147.4	97.6
147.6	99.1
147.7	100.3
147.8	100.6
147.9	100.6
147.9	101
148	99.1
148	96.4
148.1	94.1
148.2	92.2
148.2	90.2
148.2	89.5
148.3	88.3
148.4	87.9
148.4	87.5
148.7	87.5
149	89.1
149.2	89.1
149.3	89.1
149.3	89.1
149.4	89.1
149.4	90.6
149.5	92.6
149.8	92.6
149.9	92.2
150	92.9
150.1	94.9
150.2	96.8
150.2	97.6
150.3	97.6
150.6	97.2
150.7	97.2
150.7	97.2
150.8	96.8
150.9	94.5
151	93.3
151.1	92.6
151.2	93.3
151.2	94.1
151.5	96.8
151.5	98.7
151.6	100.3
151.6	100.6
151.6	101.4
151.7	102.2
151.8	102.2
152	101.4
152	101
152.1	99.9
152.2	97.9
152.3	97.6
152.3	97.6
152.5	98.3
152.6	99.1
152.7	99.9
152.8	100.3
152.9	100.6
152.9	101
153.1	101.8
153.3	101.4
153.3	100.6
153.3	99.5
153.3	99.1
153.3	97.9
153.3	95.6
153.7	96
153.8	96.4
154	98.7
154.2	100.3
154.3	101.4
154.6	102.2
154.9	101.4
155	98.3
155.1	96.8
155.4	98.7
155.4	99.9
155.4	101.8
155.4	101.8
155.4	103.3
155.5	104.5
155.9	101.4
156.2	98.7
156.4	95.6
156.4	95.6
156.6	99.5
156.6	102.2
156.6	104.9
156.6	108
156.8	109.9
157	112.6
157.1	112.6
157.2	110.7
157.2	109.5
157.3	108
157.3	104.5
157.3	103
157.3	102.6
157.4	101.4
157.7	99.9
157.8	98.3
158	100.6
158	102.2
158	102.6
158.1	102.6
158.1	102.6
158.2	102.6
158.4	101
158.4	100.6
158.6	102.2
158.7	102.6
158.8	103.3
159	104.1
159	104.5
159.2	105.7
159.4	105.7
159.4	103.7
159.4	102.2
159.6	101
159.8	99.5
159.8	98.3
159.9	96.8
160	95.6
160.1	94.1
160.3	93.7
160.7	94.5
160.8	95.2
160.8	96.8
160.9	97.6
161	98.7
161.1	99.9
161.2	101
161.2	101.4
161.2	100.6
161.4	99.9
161.6	97.9
161.6	98.7
161.7	99.1
161.9	99.1
162	98.3
162	97.2
162.1	96.4
162.3	96
162.3	96.4
162.4	97.6
162.5	99.1
162.5	100.6
162.9	100.3
163	99.1
163.2	101.4
163.2	101.8
163.1	102.6
163.2	102.2
163.4	100.6
163.5	100.3
163.6	99.1
163.7	98.7
164	97.9
164.1	96
164.2	94.9
164.6	96.4
164.6	99.9
164.6	100.3
164.6	103.3
164.6	104.9
164.5	106
164.5	108.7
164.6	112.6
164.6	112.6
164.7	116.1
164.7	118.4
164.7	120.3
164.7	121.4
165.1	121.1
165.1	117.6
165.1	116.8
165.1	114.1
165.3	111.4
165.5	108.7
165.6	106.8
165.6	106.4
165.6	105.3
165.6	104.5
165.6	104.1
165.6	103.3
165.9	103
165.9	101.8
165.9	101.4
165.9	101
166.3	102.2
166.4	103.7
166.3	106
166.4	104.9
166.4	104.1
166.4	103.3
166.7	103.7
166.7	104.9
166.9	104.9
167	104.9
167.1	105.3
167.2	104.9
167.4	104.1
167.5	104.1
167.8	104.9
168	103.3
168	103
168	101.8
168	99.9
168	97.6
168	97.2
168	95.2
168.1	94.5
168.3	93.3
168.5	91.4
168.6	89.5
168.6	89.5
168.9	91
169	92.2
169.1	93.7
169.1	94.5
169.1	96
169.2	97.6
169.5	99.1
169.7	98.7
170	97.6
170.3	97.6
170.5	99.1
170.8	100.6
170.9	102.6
171	103.7
171.2	105.3
171.2	106
171.2	107.2
171.3	107.2
171.9	106.8
172	104.5
172.1	104.5
172.2	107.2
172.2	108.7
172.4	109.1
172.7	110.7
172.9	111
172.9	109.1
172.9	108.7
172.9	107.2
172.9	106.8
172.9	103.3
172.9	103.3
172.9	102.2
172.9	101
173	99.9
173.1	99.5
173.3	101
173.3	103
173.3	103.3
173.4	103.3
173.4	103.7
173.5	104.1
173.6	104.5
173.6	104.5
173.8	104.9
173.9	104.9
173.9	104.5
174	104.1
174.2	102.6
174.3	101.4
174.3	101
174.5	99.5
174.5	99.5
174.5	98.7
174.6	98.3
174.9	98.3
175.1	98.3
175.1	98.3
175.2	98.7
175.2	99.5
175.2	101.4
175.2	101.4
175.5	101.4
175.6	101.4
175.8	101
175.8	100.3
175.8	99.9
175.9	101.4
175.9	101.4
175.9	102.6
175.9	103.3
176.4	103.3
176.4	101.8
176.6	99.9
176.7	98.7
176.9	97.6
177	96.8
177.1	98.7
177.2	102.2
177.2	103.3
177.2	104.5
177.2	106.8
177.2	108
177.5	106
177.5	105.3
177.6	104.9
177.8	104.1
177.9	106
177.9	106.8
178	106.4
178.1	104.5
178.2	103.3
178.2	101.4
178.3	100.6
178.5	100.3
178.8	101.8
178.8	102.6
178.8	103
179	103.3
179.1	101
179.3	102.2
179.6	104.1
179.7	105.3
180	104.9
180.1	104.5
180.3	102.6
180.5	101.8
180.6	103.7
180.6	104.5
180.7	105.3
180.8	106.4
180.9	107.2
181	106.8
181.1	106.4
181.2	105.3
181.4	102.6
181.4	101
181.5	100.6
181.7	99.9
181.8	100.3
181.8	103
181.8	103.3
181.9	105.3
182.1	107.6
182.2	108.7
182.3	108.7
182.4	107.2
182.4	105.7
182.6	104.5
182.7	105.7
182.9	105.3
183.1	103.3
183.1	102.6
183.2	101.4
183.3	101.4
183.3	100.6
183.5	101.4
183.6	103
183.6	103.3
183.7	103
183.7	101
184	100.3
184.1	101.8
184.2	103
184.3	104.1
184.5	104.5
184.6	102.2
184.7	101
184.8	100.6
184.9	99.5
184.9	99.5
185	97.9
185.3	99.5
185.3	99.9
185.3	99.1
185.3	96.4
185.3	95.2
185.3	94.1
185.5	91.8
185.5	91
185.6	91
186	89.9
185.9	86.8
185.9	84.1
186	81.8
186.1	81.8
186.2	81
186.5	84.1
186.5	85.6
186.5	87.2
186.5	87.5
186.8	91
187.1	92.2
187.1	94.5
187.1	98.7
187.1	103
187.1	106.4
187.3	109.9
187.3	111
187.3	111.8
187.4	113.7
187.6	114.9
187.6	115.3
187.7	115.7
187.8	115.7
187.9	116.4
188.1	115.7
188.3	110.7
188.3	110.3
188.3	108
188.4	104.1
188.7	103.7
188.7	107.6
188.7	108.3
188.7	110.3
188.7	110.7
188.9	111.4
189.1	109.5
189.2	108
189.3	106.4
189.5	103.7
189.5	102.6
189.5	102.6
189.7	103.7
189.7	105.7
189.8	106.8
190	107.2
190.1	109.5
190.1	110.7
190.5	111.8
190.5	112.6
190.6	110.3
190.6	107.6
190.7	106.4
190.7	105.3
190.8	103.3
191	104.1
191	104.5
191	109.1
191	111.8
191	114.1
191.1	115.3
191.4	115.7
191.4	115.3
191.5	111.8
191.5	107.2
191.5	106.8
191.5	105.7
191.6	103.7
191.7	103
191.7	103
191.9	103.7
192	104.5
192.1	103
192.2	101
192.3	99.1
192.3	96.8
192.5	94.5
192.5	94.5
192.6	91.4
192.8	90.2
192.8	89.9
192.9	92.9
193	95.2
193	95.6
193	97.9
193	99.5
193.2	99.5
193.4	97.9
193.4	96
193.5	94.1
193.6	93.3
193.6	91.4
193.8	91
194	92.2
194.1	92.6
194.1	92.6
194.3	92.6
194.5	91.8
194.8	91.8
194.9	93.7
195	95.6
195.4	96.4
195.7	94.5
195.9	95.6
195.9	96
196	97.6
196	97.9
196	100.3
196.2	103.3
196.2	105.3
196.2	105.7
196.2	107.6
196.2	109.1
196.6	108.3
196.7	106.8
196.9	108.3
197.1	109.9
197.1	110.7
197.3	110.7
197.5	110.3
197.6	107.2
197.6	105.7
197.9	107.6
198.1	109.1
198.1	110.7
198.1	111.4
198.1	113
198.4	114.9
198.4	116.1
198.6	115.7
198.7	113.7
198.8	111.8
199	111.8
199.2	111
199.2	108.7
199.2	106.4
199.3	104.5
199.3	104.1
199.5	103.3
199.6	103
199.8	100.6
200	100.3
200.2	100.3
200.2	100.6
200.6	101.8
200.7	103.3
200.7	105.3
201.2	104.9
201.2	105.7
201.1	108
201.1	108.7
201.3	109.1
201.6	107.6
201.7	105.7
201.9	103.7
202	101.4
202.1	100.6
202.5	103.3
202.5	103.7
202.5	103.7
202.8	105.3
202.9	107.6
202.9	107.6
202.9	109.5
202.9	110.7
203	111.4
203	111.8
203.1	112.2
203.3	113.7
203.3	114.5
203.5	115.3
203.8	113.7
203.8	113.4
203.8	113.4
203.8	113.4
203.9	113.7
204	115.7
204	116.8
204	117.2
204.1	118.4
204.2	118.4
204.2	118.7
204.2	118.7
204.4	117.2
204.5	114.9
204.6	114.1
204.9	115.3
205	116.4
205	116.8
205.1	117.2
205.2	118.7
205.3	119.9
205.5	121.1
205.6	121.4
205.6	121.8
205.7	123
205.8	123.4
206	123.4
206	123
206	121.1
206.1	119.9
206.2	119.1
206.4	118.7
206.5	118.7
206.6	119.5
206.7	120.7
206.7	121.4
206.8	121.8
206.9	119.5
206.9	117.6
206.9	117.2
206.9	116.4
207	114.9
207.3	113.7
207.4	114.5
207.4	115.3
207.4	116.1
207.5	118
207.6	119.9
207.6	121.1
207.7	121.1
207.7	121.4
207.8	121.4
207.8	121.4
207.8	121.1
208	119.1
208.1	117.6
208.1	116.8
208.2	117.6
208.2	118
208.2	119.1
208.3	119.5
208.5	119.5
208.8	117.6
209	117.6
209.1	120.3
209.1	121.1
209.1	121.4
209.2	123
209.4	121.8
209.5	121.1
209.7	121.1
209.9	119.5
209.9	117.6
209.9	116.8
210	115.3
210.3	114.1
210.4	113.4
210.5	115.3
210.7	115.7
210.8	116.4
211.2	118
211.2	118.4
211.2	120.7
211.4	122.2
211.6	121.8
211.6	121.1
211.6	118.7
211.6	118
211.6	116.8
211.6	116.4
211.6	115.7
211.9	115.3
212.1	114.9
212.1	113.7
212.1	111.8
212.2	110.7
212.5	111.8
212.5	112.6
212.5	114.5
212.5	116.4
212.6	116.8
212.9	116.8
213	114.9
213	114.9
213.1	114.5
213.3	114.9
213.4	116.1
213.5	117.2
213.5	118
213.6	118.4
213.8	117.6
213.8	118.4
213.9	119.9
213.9	121.1
214	123
214.1	124.1
214.4	124.9
214.5	125.7
214.5	126.1
214.5	127.6
214.8	128
214.9	126.8
214.9	124.9
215	124.1
215.3	124.1
215.5	123.8
215.6	122.6
215.7	122.2
215.8	122.2
215.9	123.4
216	125.7
216	126.1
216.2	127.6
216.3	129.1
216.5	129.1
216.5	128.8
216.5	128.4
216.5	124.5
216.6	121.4
216.9	118.4
217.1	117.2
217.3	116.8
217.3	115.7
217.3	114.1
217.3	113.7
217.5	113
217.6	112.2
217.8	112.6
217.9	113.4
217.9	114.5
217.9	115.7
218.1	114.5
218.2	113.4
218.3	113.4
218.4	114.9
218.5	117.2
218.5	118.7
218.7	118.4
218.9	116.8
219	116.4
219.3	115.7
219.8	113.7
219.9	113.4
219.9	111.8
219.9	111
220.1	111
220.3	113
220.4	113
220.6	113
220.6	111.8
220.6	110.3
220.8	108.7
220.8	108.3
220.8	107.2
220.8	107.2
220.8	106
220.9	104.9
221.2	104.5
221.2	106.8
221.3	106.4
221.4	105.3
221.7	106
221.7	107.2
221.7	109.1
221.8	109.5
221.9	111.8
221.9	113
221.9	114.1
222	116.8
222.1	119.5
222.2	120.3
222.5	122.6
222.5	124.5
222.6	126.1
222.6	126.5
222.6	128.4
222.6	130.7
222.6	132.6
222.6	134.9
222.7	136.5
222.7	136.5
223	140.7
223	141.1
223	139.5
223.1	137.6
223.2	134.9
223.2	131.1
223.1	127.6
223.1	126.1
222.9	120.3
223	116.8
223.1	113.4
223.2	115.7
223.3	109.5
223.3	108.3
223.3	106.4
223.3	106
223.3	103.7
223.4	99.5
223.4	95.2
223.5	92.2
223.5	91.4
223.5	90.2
223.6	87.5
223.7	87.2
223.8	85.6
224	81.8
224.3	79.1
224.3	76.8
224.3	76.4
224.3	74.4
224.3	71.4
224.3	69.8
224.2	67.1
224.3	67.1
224.6	69.8
224.7	73.3
224.9	77.5
225	77.9
225.2	80.2
225.2	81
225.2	82.2
225.2	84.8
225.2	86.8
225.2	89.9
225.2	90.2
225.2	92.6
225.2	94.9
225.2	96
225.4	97.6
225.5	97.9
225.6	98.7
225.6	99.1
225.8	101.4
225.8	101.8
225.9	102.6
226	105.3
226	106.4
226	106.8
226	108
226.1	110.3
226.2	111.4
226.4	113.4
226.4	113.7
226.4	114.1
226.8	112.6
226.8	111.4
226.8	111.8
227	114.5
227	115.3
227.5	116.1
227.5	115.7
227.6	117.6
227.7	119.1
227.7	121.4
227.7	122.2
227.7	123.4
227.7	123.4
227.7	124.1
228.1	125.3
228.2	125.7
228.3	126.1
228.4	125.3
228.5	123
228.5	121.1
228.5	120.7
228.6	119.1
228.8	119.1
228.9	120.3
229	120.7
229.1	121.1
229.3	119.9
229.4	119.9
229.4	119.5
229.4	121.4
229.4	122.2
229.5	123
229.6	123.8
229.9	122.6
229.9	122.2
230	121.8
230	123.8
230	124.5
230.1	124.9
230.1	125.3
230.3	125.3
230.5	122.6
230.5	122.6
230.6	123
230.7	124.5
230.8	125.3
230.8	127.2
230.9	128.4
231	129.9
231.2	130.3
231.2	130.3
231.4	129.5
231.5	127.6
231.5	124.9
231.5	123
231.5	122.2
231.5	121.4
231.8	119.9
232.1	119.1
232.3	121.4
232.3	121.8
232.3	123.4
232.4	124.9
232.7	125.7
232.7	125.7
232.8	125.7
232.8	123
232.8	121.4
232.9	120.7
233.1	122.2
233.1	123.4
233.2	124.1
233.5	123.4
233.6	122.2
233.7	122.2
233.7	122.2
233.8	124.1
233.9	126.8
234	128.4
234	128.4
234.2	129.1
234.2	131.1
234.3	131.5
234.4	132.6
234.4	133
234.6	131.1
234.8	128.8
234.8	128.8
234.9	128
234.9	127.6
235.2	128
235.3	127.2
235.3	125.7
235.4	124.5
235.6	126.1
235.8	126.8
236	124.9
236	124.1
236	123.4
236.2	122.2
236.2	121.8
236.2	120.7
236.2	119.1
236.4	117.2
236.6	116.8
236.6	119.9
236.7	121.8
236.7	122.2
236.9	122.6
237	122.2
237	120.3
237	119.5
237.1	121.1
237.2	121.4
237.3	119.5
237.4	121.4
237.6	123
237.7	123
237.8	123.8
237.9	121.8
238	119.1
238.1	117.2
238.2	116.1
238.4	115.7
238.5	119.1
238.6	120.3
238.6	123
238.7	124.1
238.8	125.7
238.8	125.7
238.9	125.7
239	123.4
239.1	121.4
239.5	118.4
239.6	115.7
239.5	112.6
239.5	111.8
239.5	109.5
239.5	106.4
239.9	101.8
240	97.6
240.1	94.5
240.1	93.7
240.2	93.7
240.3	95.2
240.5	98.3
240.6	98.3
240.6	101.4
240.6	102.2
240.6	103.3
240.6	106
240.6	107.6
240.7	108
240.8	110.3
240.8	110.7
240.8	112.2
240.8	113.4
240.8	114.9
241	116.4
241.1	117.6
241.2	120.3
241.2	122.6
241.2	122.6
241.2	123.8
241.2	124.1
241.2	125.3
241.3	126.5
241.4	128
241.4	128
241.5	128
241.5	127.6
241.4	125.7
241.4	124.1
241.9	124.5
241.9	123.4
241.9	123
241.9	120.3
241.9	118.7
242.2	120.3
242.2	120.3
242.3	122.2
242.4	122.6
242.4	123
242.7	123.4
242.8	121.8
242.8	119.5
243	117.6
243	116.8
243.2	116.8
243.2	119.5
243.3	120.3
243.6	121.8
243.6	122.2
243.8	122.6
243.9	123.8
243.9	124.5
244.1	123.4
244.1	121.4
244.2	121.1
244.3	122.2
244.3	123
244.4	124.5
244.7	126.5
244.9	127.6
245	128
245.1	123.8
245.2	121.4
245.3	120.7
245.5	118.7
245.8	116.8
245.8	114.5
245.8	113.4
246.3	113.7
246.5	111.8
246.6	108.3
246.7	105.7
246.9	102.6
247	100.3
247.1	97.9
247.2	96.4
247.3	96
247.5	95.6
247.6	96.4
247.7	98.7
247.8	100.6
247.9	101.4
247.9	103.7
247.9	103.7
247.9	103.7
248	105.7
248	107.6
248.2	109.9
248.4	112.2
248.4	112.6
248.4	113.7
248.3	114.9
248.2	116.4
248.1	118.4
248.1	119.5
248.4	119.9
248.6	119.9
248.8	118
248.9	117.6
248.9	117.2
248.9	118.4
248.9	120.3
249	121.4
249.1	123
249.1	123.4
249.2	123.4
249.2	125.3
249.3	126.8
249.3	128
249.3	128.8
249.6	130.3
249.6	131.1
249.8	131.8
249.9	131.8
250	130.3
250	129.5
250.1	127.6
250.1	125.3
250.1	123.4
250.2	123.4
250.2	122.2
250.3	121.8
250.6	121.4
250.5	124.1
250.5	126.1
250.6	127.2
250.7	128
251.1	129.1
251.3	128.4
251.3	128.4
251.3	127.6
251.5	126.1
251.6	124.9
251.7	123.4
252	122.2
252	121.8
252.1	121.8
252.4	122.2
252.6	124.1
252.6	124.5
252.6	126.5
252.6	129.1
252.7	130.7
252.9	131.1
253	129.9
253.1	129.5
253.2	129.1
253.3	129.5
253.4	129.9
253.5	129.9
253.5	128.8
253.6	127.6
253.7	129.9
253.8	133
253.8	133.4
253.9	135.3
254.2	138
254.2	138.8
254.2	139.2
254.2	140.3
254.4	141.9
254.5	141.9
254.6	139.2
254.7	137.2
254.8	136.9
255	134.5
255.1	132.6
255.2	130.3
255.2	128.4
255.1	126.5
255.1	125.7
255.4	126.5
255.5	126.8
255.5	126.8
255.6	126.1
255.7	124.5
255.7	124.1
256	122.6
256	123.8
256	124.9
256.2	129.1
256.2	129.5
256.4	130.7
256.4	131.8
256.6	132.2
256.8	131.5
256.8	130.3
257	128.8
257.2	128
257.4	127.6
257.5	128.4
257.6	129.9
257.7	132.2
257.7	132.2
257.7	133.4
257.7	133.8
257.7	134.5
257.9	134.2
258	133
258.3	134.2
258.5	134.2
258.6	133
258.6	133
258.6	134.2
258.7	135.7
258.9	136.5
258.9	136.5
259	136.9
259	134.5
259.1	132.6
259.3	131.5
259.3	130.7
259.4	129.5
259.5	128.4
259.7	129.9
259.7	130.7
259.9	131.8
259.9	131.8
260.2	131.8
260.3	130.3
260.3	128.4
260.4	127.6
260.6	126.1
260.8	124.9
260.8	124.5
260.8	123.8
260.8	125.3
260.8	127.2
260.8	127.6
261.1	126.8
261.2	125.7
261.5	125.3
261.5	127.6
261.6	128.4
261.7	127.6
261.8	129.1
261.8	130.7
262	131.1
262.4	128.8
262.4	126.8
262.4	124.9
262.4	123.8
262.4	122.6
262.4	122.2
262.5	120.7
262.5	119.5
262.6	119.1
262.6	119.1
262.9	120.3
262.9	123
262.9	123.4
262.9	123.8
263.1	123.8
263.3	123.4
263.4	123
263.4	122.2
263.4	120.7
263.4	119.9
263.6	119.5
263.7	119.5
263.7	119.5
263.8	121.1
263.8	121.4
263.9	120.3
264.1	119.5
264.1	119.1
264.3	118
264.4	119.5
264.3	122.2
264.3	124.1
264.3	126.1
264.3	126.5
264.3	127.6
264.3	129.5
264.4	131.1
264.4	131.8
264.4	132.2
264.5	133
264.6	133.8
264.7	134.2
264.9	135.3
265.1	133.4
265.1	131.5
265.1	131.1
265.1	129.5
265.2	128
265.3	128.8
265.3	130.3
265.6	132.2
265.6	132.2
265.6	133.8
265.6	134.9
266	134.9
266.1	134.9
266.1	136.1
266.1	137.6
266.2	138.4
266.4	139.5
266.5	139.5
266.9	139.9
266.9	141.1
266.9	141.9
266.9	142.2
266.9	143
267.1	141.1
267.1	138.8
267.3	136.1
267.4	133.8
267.6	132.2
267.6	131.8
267.7	130.7
267.8	129.5
268	130.3
268	132.2
268.1	130.7
268.3	130.3
268.5	132.2
268.6	132.2
268.6	132.2
268.6	131.1
268.7	128.4
268.8	127.6
269.1	126.5
269.2	125.3
269.3	124.1
269.4	121.8
269.5	120.3
269.7	122.2
269.8	122.6
269.8	123.8
269.8	126.1
269.8	127.6
270.1	128
270.3	126.8
270.3	126.8
270.3	126.5
270.4	127.6
270.4	129.5
270.7	131.1
270.7	131.5
270.8	133
271	133.4
271.2	132.6
271.3	132.2
271.5	131.5
271.5	131.1
271.6	129.5
271.6	128.4
271.6	127.6
271.6	127.6
271.8	126.5
271.9	126.5
272	125.7
272.1	126.5
272.1	128.4
272.3	128.8
272.5	128
272.6	126.8
272.7	124.9
273	123.8
273	123.8
273.3	124.1
273.6	125.7
273.8	125.7
273.8	124.9
273.8	126.1
273.8	128.8
273.9	129.5
273.9	130.7
274	131.1
274.3	130.3
274.3	129.9
274.3	128.4
274.5	126.8
274.5	125.3
274.5	123.8
274.7	123.8
274.7	123.8
274.7	125.3
274.8	125.7
274.9	124.9
274.9	124.5
274.9	123.8
275.1	123.4
275.3	123.8
275.5	124.1
275.6	124.1
275.6	123
275.6	121.8
275.7	121.1
275.9	119.9
276	119.9
276	119.5
276.1	119.9
276.1	120.3
276.2	121.8
276.3	123.4
276.3	124.9
276.5	124.9
276.5	124.9
276.5	124.9
276.6	124.5
276.7	123.8
276.9	123
277.1	121.4
277.1	121.1
277.3	119.9
277.4	119.5
277.6	118
277.6	118
277.7	118.7
277.8	122.6
277.9	125.3
278.1	126.8
278.2	127.6
278.2	129.1
278.2	129.5
278.2	130.7
278.4	133.4
278.5	135.7
278.5	138
278.5	138.4
278.7	140.3
278.8	140.7
278.8	140.7
279.1	140.3
279.3	137.6
279.3	134.5
279.3	133.4
279.3	131.5
279.3	128.8
279.2	126.1
279.2	124.5
279.2	123.4
279.2	121.8
279.2	119.5
279.4	117.2
279.6	117.6
279.6	118.4
279.7	120.3
279.7	123
280.1	124.5
280.2	125.3
280.3	125.7
280.5	129.1
280.5	129.5
280.5	131.5
280.5	135.3
280.5	136.5
280.7	136.9
280.8	136.5
280.9	134.2
281	131.5
281.1	129.5
281.2	129.5
281.3	129.1
281.5	129.9
281.7	131.5
281.8	131.5
281.9	129.1
282.1	126.8
282.2	125.3
282.2	123.8
282.3	123.4
282.4	122.2
282.5	120.7
282.7	119.1
282.7	118
282.8	116.4
282.9	116.1
283	113.7
283.1	113.4
283.1	114.1
283.4	117.6
283.6	120.7
283.6	121.8
283.6	124.5
283.7	126.8
283.7	128.4
283.7	128.4
283.9	127.2
284	126.5
284	126.5
284.1	126.8
284.4	124.5
284.4	123.4
284.4	121.1
284.4	120.7
284.4	119.1
284.8	118.4
284.9	121.4
284.9	121.8
284.9	124.9
284.9	127.6
284.9	130.7
284.9	131.1
285.1	133.8
285.1	133.8
285.2	135.7
285.3	137.6
285.3	139.2
285.4	139.2
285.7	137.2
285.8	133.4
285.9	128
286	126.5
286.1	125.7
286.2	124.1
286.3	123.8
286.5	126.5
286.5	126.8
286.5	126.8
286.7	125.3
286.7	124.1
286.8	124.1
287	124.1
287.1	126.1
287.1	127.6
287.1	128
287.1	128.8
287.5	128.4
287.9	127.6
287.9	126.8
288.2	125.3
288.4	124.1
288.5	123.4
288.6	123.4
288.7	124.9
288.8	126.8
288.8	126.8
288.9	126.1
289	124.5
289.3	124.5
289.7	124.9
289.7	123
289.9	122.2
290.1	120.3
290.1	118.4
290.3	119.1
290.6	121.1
290.6	119.5
290.6	119.1
290.6	116.4
290.6	114.5
290.7	113.4
291	113.7
291	114.9
291.2	116.8
291.3	115.7
291.4	113.7
291.4	111.8
291.4	111.4
291.4	109.9
291.4	109.5
291.4	108.3
291.5	106.8
291.6	104.9
291.9	107.2
292	107.6
292	105.7
292	103.7
292	102.2
292	101.8
292	101.8
292.1	101
292.2	100.6
292.4	100.3
292.8	100.6
292.9	103
293	103.7
293.3	105.3
293.2	104.9
293.2	102.6
293.2	100.3
293.2	97.9
293.4	96.4
293.6	95.6
293.6	95.6
294.1	97.2
294.3	96.4
294.4	93.7
294.5	92.2
294.7	90.6
295.4	89.9
295.4	93.3
295.4	96
295.4	96.8
295.2	101.8
295.1	103
295.1	105.3
295.2	108
295.2	111.4
295.4	113.7
295.6	117.2
295.6	119.1
295.7	119.9
295.7	120.3
295.9	120.3
296.1	117.2
296.2	113.7
296.4	111.4
296.5	110.7
296.5	109.1
296.5	107.6
296.9	107.6
297	108.3
297.1	108.3
297.2	106.4
297.2	105.7
297.3	104.5
297.5	103.3
297.6	103.3
297.6	102.6
297.7	102.6
297.8	103.3
298	104.1
298.2	101.8
298.3	99.1
298.4	96.8
298.5	94.9
298.7	93.7
298.9	96.4
298.9	97.2
298.9	98.7
299.2	101
299.3	102.6
299.3	103
299.5	102.6
299.6	99.9
299.6	98.3
299.7	98.3
299.9	101.4
299.9	101.4
299.9	103.3
300.3	104.5
300.6	103
300.7	100.3
300.7	99.9
300.7	98.7
300.6	97.6
300.7	97.2
300.9	96.4
301.1	95.6
301.1	94.5
301.3	94.5
301.3	94.1
301.3	92.9
301.4	91.4
301.5	90.2
301.5	87.9
301.6	87.2
301.6	86
301.6	86
302	88.3
302	88.7
302	89.5
302	91
302.1	91.4
302.4	90.6
302.4	89.9
302.4	87.9
302.6	87.5
302.7	87.9
302.8	89.9
302.8	91.4
302.9	92.6
302.9	94.5
303	95.2
303.1	96
303.1	97.2
303.3	97.9
303.4	97.9
303.6	98.7
303.8	97.6
303.9	95.6
303.9	95.2
303.9	95.2
304	93.3
304	91.4
304.2	89.9
304.2	89.9
304.7	91.8
304.7	93.7
304.7	94.5
304.6	96
304.6	97.6
304.6	99.5
304.6	99.5
304.7	98.7
304.7	96.8
304.8	96
304.9	96
305.1	96.4
305.1	96
305.3	95.2
305.4	94.1
305.4	94.1
305.5	94.1
305.6	95.6
305.6	96
305.6	98.7
305.6	99.1
305.6	99.1
305.6	101
305.7	103.3
305.7	104.9
305.8	106
305.9	106.8
305.9	108.7
306	111
306.2	110.3
306.4	108.7
306.4	106.4
306.5	103.7
306.7	101.4
306.8	99.5
306.9	96.4
307	95.6
307.1	94.9
307.1	92.2
307.3	88.7
307.3	87.9
307.4	85.6
307.5	83.3
307.7	80.6
307.8	80.2
307.7	77.5
307.7	77.1
307.7	74.4
307.7	73.3
307.7	73.3
308	76.4
308.1	79.1
308.1	81.8
308.1	82.2
308.1	83.7
308.1	86
308.1	87.9
308.1	87.9
308.2	90.2
308.2	90.6
308.3	92.6
308.6	91.8
308.7	88.3
308.7	87.9
308.7	89.9
308.9	91.8
309	93.3
309.1	94.5
309.2	96.8
309.2	99.1
309.2	99.9
309.2	100.3
309.3	101.4
309.4	102.2
309.7	104.1
309.8	103
309.9	102.6
309.9	101
310.1	96.8
310.2	94.5
310.3	93.7
310.3	92.2
310.3	92.9
310.5	95.6
310.7	95.6
310.8	95.2
310.8	92.6
310.9	89.1
310.9	88.3
311	85.6
311.1	82.9
311.1	80.6
311.1	80.2
311.2	77.5
311.2	77.1
311.2	74.8
311.2	72.9
311.2	70.6
311.3	66.4
311.3	66
311.5	66
311.6	67.1
311.9	70.6
312	71
312	74.4
312.1	76.8
312.1	78.7
312.4	80.6
312.5	82.9
312.7	84.8
312.6	87.9
312.6	88.7
312.6	90.2
312.6	91.8
312.9	92.6
313	92.9
313.1	95.2
313.5	97.6
313.5	99.9
313.5	100.3
313.4	101.4
313.4	102.6
313.4	103.7
313.4	104.5
313.4	106
313.4	106.4
313.4	107.2
313.4	108
313.5	109.1
313.6	109.9
313.8	110.3
313.8	110.3
313.9	108.3
314	108
314.1	108.3
314.1	108.3
314.3	107.6
314.3	104.1
314.7	103
315	102.6
315.6	104.5
315.9	106.4
315.9	108.3
315.8	109.5
315.8	111
315.8	111.8
315.8	112.2
315.9	113.4
316.2	115.3
316.2	116.1
316.3	117.6
316.3	118
316.2	121.8
316.2	122.2
316.2	123.8
316.3	127.2
316.3	130.3
316.4	132.2
316.5	134.2
316.6	134.9
316.7	136.1
316.7	137.6
316.9	138.8
316.9	136.5
317.1	134.2
317.1	134.2
317.3	131.5
317.5	131.1
317.6	131.1
317.7	134.2
317.7	136.1
317.8	137.6
317.8	138
317.8	138.4
318.1	136.5
318.1	134.5
318.2	133.8
318.3	133.8
318.4	134.9
318.6	134.9
318.6	131.8
318.7	130.7
318.7	128
318.8	125.7
319	124.1
319.1	123
319.3	122.2
319.4	122.2
319.8	121.8
319.9	123.8
319.9	125.7
320	126.5
320.1	126.5
320.2	129.5
320.4	127.6
320.4	127.6
320.7	126.8
320.9	126.8
321.3	125.7
321.5	124.5
321.6	123.4
321.6	121.8
321.6	119.5
321.9	118.4
322	118
322.1	118.4
322.1	119.5
322.2	119.5
322.4	119.1
322.6	118.7
322.8	119.1
323	119.5
323.1	117.6
323.2	116.1
323.4	115.7
323.6	115.7
323.6	116.1
323.6	117.6
323.8	119.9
324	121.1
324	121.4
324.1	122.2
324.3	124.1
324.3	126.1
324.3	126.5
324.4	127.6
324.4	128.8
324.5	129.9
324.7	129.9
324.9	127.6
325	126.8
325.3	127.2
325.3	127.2
325.5	129.9
325.8	132.2
326.2	130.7
326.2	129.9
326.2	128.4
326.2	127.2
326.5	126.8
326.6	126.8
326.6	125.7
326.6	124.1
326.7	123
327.1	123.4
327.2	125.3
327.3	126.5
327.3	129.1
327.4	131.5
327.4	132.2
327.4	133.8
327.5	135.7
327.6	137.6
327.6	139.5
327.7	140.7
327.8	140.7
327.9	141.5
328	142.2
328.1	141.5
328.1	141.1
328.2	139.5
328.4	136.5
328.5	134.2
328.7	131.8
328.8	131.1
328.8	129.9
328.9	129.9
329	131.1
329	131.5
329.2	133
329.2	134.5
329.3	135.7
329.6	134.9
329.7	133
329.8	129.9
329.8	129.5
330	129.5
330.5	133.4
330.5	133.8
330.5	134.2
330.6	134.2
330.8	133.8
330.9	131.8
331	130.7
331	129.5
331.4	129.1
331.5	129.1
331.5	128
331.5	126.1
331.7	125.7
332	127.6
332	129.1
332.2	130.7
332.4	129.5
332.4	127.2
332.4	126.5
332.5	125.3
332.7	124.1
332.9	127.6
333	129.5
333.1	131.5
333.2	130.7
333.4	128.4
333.5	127.6
333.6	127.6
333.7	126.8
333.8	126.5
334	128
334.1	129.1
334.1	129.5
334.4	128.4
334.5	126.5
334.5	124.1
334.6	124.1
334.7	123
335	126.5
335	128.4
335	130.7
335	132.6
335.1	133.8
335.2	134.5
335.4	136.1
335.5	137.2
335.9	139.5
336	139.5
336.2	136.5
336.3	133.4
336.4	130.7
336.4	128
336.4	126.8
336.4	126.5
336.7	124.9
336.8	123.8
337	122.2
337.2	121.8
337.3	122.2
337.3	124.5
337.4	125.3
337.6	127.6
337.7	127.2
337.9	125.3
338.1	127.2
338.2	127.6
338.4	128.4
338.4	131.1
338.7	134.2
338.7	134.2
339	133
339.2	131.1
339.3	131.1
339.5	130.7
339.5	127.6
339.5	126.1
339.5	125.7
339.7	126.5
339.9	128.4
340	129.9
340.2	129.1
340.2	127.2
340.4	130.7
340.4	132.2
340.6	133
340.7	133
340.8	131.1
340.9	128.4
341.2	126.1
341.2	125.3
341.2	123.8
341.2	123.4
341.2	123.4
341.8	124.1
341.7	126.8
341.9	128.8
341.9	129.1
341.9	131.1
342	132.6
342.2	133.8
342.4	134.5
342.4	134.5
342.6	133.4
342.7	131.1
342.7	129.5
342.7	129.1
342.7	128
343.1	126.8
343.2	129.1
343.2	129.5
343.2	129.9
343.3	129.9
343.3	128.8
343.3	128
343.5	127.6
343.5	127.6
343.7	128.4
343.8	128
343.8	127.6
343.9	129.1
344.1	131.5
344.2	132.2
344.2	133.4
344.4	133.8
344.7	131.5
344.7	131.1
344.7	129.5
344.7	128
344.7	125.3
344.7	124.9
344.9	124.5
345.1	124.5
345.1	124.5
345.2	127.6
345.5	131.1
345.4	133.4
345.4	134.9
345.4	136.9
345.6	137.6
345.6	137.6
345.7	137.6
346	135.7
346.4	132.6
346.5	133.8
346.5	134.9
346.5	137.6
346.5	139.9
346.5	141.9
346.7	141.9
346.8	140.7
346.9	136.5
347.1	132.6
347.3	136.1
347.3	136.5
347.4	138.4
347.5	141.9
347.7	143.8
347.7	144.6
347.9	141.1
347.9	138.8
347.9	135.3
348	131.5
348.2	124.9
348.2	118.7
348.3	118
348.3	109.1
348.4	106.8
348.6	101.4
348.6	100.3
348.5	94.1
348.5	88.3
348.6	85.6
348.6	84.8
348.7	79.5
348.8	78.3
348.8	73.3
348.8	64.8
349	59
349.1	50.6
349.1	44.8
349.1	43.2
349.1	38.2
349	31.7
349	27.1
348.8	22.8
348.8	19.7
348.7	17.1
348.8	14.7
348.8	14.4
348.8	12
348.9	11.3
349.2	10.5
349.3	10.5
349.3	10.5
349.5	10.1
349.6	10.1
349.8	10.9
350.2	13.2
350.5	13.6
350.6	13.6
350.6	12.8
350.7	11.7
351.1	10.9
351.1	12.8
351.7	10.9
351.7	12.4
351.7	14.4
351.7	15.1
352	15.1
352.2	14.4
352.2	14.4
352.4	13.6
352.9	14.4
353.2	15.5
353.3	15.9
353.4	17.1
353.6	18.6
353.6	17.8
353.6	17.4
353.6	16.7
353.7	15.5
353.7	14.4
353.8	14
354.3	14.7
354.7	16.3
354.8	18.2
354.8	18.6
354.8	18.6
354.9	17.1
355.2	16.3
355.6	18.2
355.8	18.2
356	17.1
356	17.1
356.2	16.3
356.4	16.3
356.7	18.6
356.7	18.6
356.9	18.2
356.9	16.7
357.1	14.7
357.3	14.4
357.6	13.6
357.7	12.4
358.1	12.4
358.1	12.4
358.3	14
358.5	14.4
358.6	15.9
358.9	18.2
359.3	20.9
359.5	22.4
359.7	24
359.8	24.4
360	25.9
360.2	27.1
360.4	25.5
360.6	24.4
360.8	25.1
361	23.2
361.1	23.2
361.4	21.3
361.6	23.2
361.6	25.5
361.8	26.3
361.8	27.5
361.8	29.4
361.8	29.8
361.9	30.9
362	30.9
362.2	32.1
362.3	33.2
362.4	31.7
362.6	30.1
362.7	27.5
362.7	23.6
362.8	19.4
363	16.7
363.1	14.4
363.1	13.2
363.2	10.1
363.2	10.1
363.6	9.7
363.7	11.7
364	11.7
364.6	9.3
364.6	9
364.7	7.8
364.7	7.4
364.9	5.5
365.3	4
365.7	3.2
365.8	3.2
366.4	3.2
366.7	3.2
367.1	4.7
367.4	5.1
367.7	7.4
367.8	7.8
367.8	7.8
367.9	6.3
368.3	5.5
368.4	7.4
368.4	7.8
368.6	9.3
368.8	11.7
368.9	13.2
368.9	14
369	14
369.3	12.8
369.6	12
370	12.8
370.5	12
370.6	10.1
370.6	8.6
371	7.8
371	7.8
371.2	7.4
371.5	7.8
371.6	7.8
371.8	5.9
371.9	5.9
372.2	4.3
372.4	3.2
372.9	2.8
373.2	2.8
373.3	2.8
373.7	2.8
373.9	2.8
374.1	4.3
374.3	5.9
374.6	6.3
374.7	7
374.5	8.2
374.7	8.2
374.7	7
375	6.3
375.3	5.1
375.4	5.1
375.7	5.1
375.9	5.5
376.1	6.7
376.1	7
376.1	7.8
376.1	8.2
376.4	8.6
376.7	7.8
376.8	6.7
377.1	6.7
377.3	7.4
377.6	6.7
377.6	6.3
377.9	4.7
378.1	3.6
378.2	2.4
378.4	2.4
378.9	4
379.1	5.5
379.1	5.9
379.4	7.4
379.4	8.6
379.7	9
379.8	8.6
379.8	7.8
379.9	6.3
380	6.3
380.2	5.9
380.7	5.5
381.1	5.5
381.2	5.5
381.3	5.9
381.6	5.9
381.8	5.5
381.8	4.7
381.9	4.3
382.1	4.3
382.3	5.5
382.7	5.5
382.9	4.7
383.1	4.3
383.2	5.9
383.3	6.3
383.6	6.3
383.8	6.7
383.9	5.9
384.1	4.7
384.3	4
384.4	4
384.9	4.3
385	4.3
385.3	5.5
385.6	7.4
385.8	8.6
386	7.8
386	6.3
386.3	6.3
386.4	6.3
386.8	6.7
387.3	7
387.6	7.4
387.9	7.4
388.2	7
388.7	6.7
388.9	6.7
389.1	7.4
389.5	10.5
389.6	11.7
389.6	14
389.7	15.1
390	15.9
390.4	15.5
390.6	15.1
390.7	15.1
390.9	13.6
391	10.9
391.1	9.7
391.2	7.8
391.3	7.4
391.4	6.3
391.5	4.7
391.7	3.2
391.8	3.2
392	3.2
392.1	3.2
392.3	5.1
392.4	7
392.8	7.4
393.3	8.2
393.4	9
393.5	9.3
393.7	10.1
393.9	12.4
394	14
394	15.5
394	18.2
394.1	20.9
394.3	24.4
394.4	28.2
394.4	28.2
394.7	32.8
394.7	34.4
394.7	35.2
394.7	35.2
394.7	38.2
394.8	39.8
395.1	43.2
395.1	45.2
395.2	47.5
395.2	48.6
395.6	50.2
395.6	50.6
395.6	51.3
395.7	54.8
396	53.6
396.3	49
396.3	48.3
396.3	46.3
396.4	42.9
396.6	38.6
396.8	35.5
396.8	34.4
396.8	32.5
396.6	26.3
396.7	23.6
396.9	20.5
397	18.6
397	15.9
397	14.4
397.4	14.4
397.5	14.7
397.8	16.3
397.9	21.3
397.9	24.8
397.9	25.5
398	28.6
398.2	30.1
398.4	29.8
398.5	28.6
398.5	28.2
398.8	29.4
398.8	31.3
399.3	32.1
399.4	34
399.4	34.8
399.6	38.6
399.6	41.3
399.6	44.8
399.6	47.5
399.6	51.3
400.1	50.6
400.2	50.6
400.2	51.3
400.2	54.4
400.2	56.3
400.2	56.3
400.6	58.7
400.6	60.2
400.6	61.4
400.7	62.5
400.7	63.3
400.7	64.4
400.7	65.2
400.7	65.2
400.7	65.2
401.1	67.9
401.3	69.8
401.3	68.3
401.4	66
401.5	64
401.5	63.3
401.5	61.7
401.6	59.8
401.6	59.4
401.7	57.5
401.8	57.1
402.1	58.3
402.1	61
402.3	63.7
402.4	66
402.4	69.1
402.6	72.9
402.6	73.7
402.6	75.6
402.6	78.7
402.7	81.4
402.8	83.3
402.9	84.8
403.1	85.6
403.2	84.1
403.2	81.4
403.2	80.6
403.2	78.3
403.2	75.6
403.3	72.5
403.3	70.2
403.3	69.4
403.5	69.1
403.7	71
403.8	71.4
404	72.1
404.1	74.1
404.2	75.2
404.3	76.8
404.3	77.9
404.3	77.9
404.8	79.1
404.9	78.3
404.9	73.7
404.9	72.5
404.9	69.4
404.9	65.6
405.1	62.9
405.1	62.5
405.1	60.6
405.1	60.6
405.2	58.7
405.4	57.9
405.6	57.9
405.7	57.9
405.8	59.4
406	61.7
406.2	64
406.3	65.2
406.4	66.7
406.6	65.2
406.7	64.4
406.7	62.1
406.7	59.4
406.8	55.6
406.9	54.4
407	52.9
407.2	55.2
407.3	57.9
407.5	59.4
407.7	60.2
407.7	58.3
407.7	55.6
407.8	55.2
407.8	54.4
407.8	54
407.8	52.9
407.8	54.4
408.2	58.3
408.3	58.7
408.4	57.9
408.7	51.3
408.9	47.1
409.1	42.1
409.1	40.9
409.1	38.2
409.2	35.2
409.2	31.3
409.2	28.6
409.2	27.8
409.3	24.8
409.3	22.4
409.3	21.3
409.4	20.9
409.5	19.7
409.8	19.4
410	19.4
410	19.7
410.1	19.7
410.2	19.7
410.3	20.1
410.4	20.1
410.5	20.1
410.7	19
410.8	17.4
410.8	17.1
410.9	15.5
411.1	14
411.3	12.4
411.6	12
411.8	12.4
412	12.8
412.2	15.9
412.5	18.6
412.5	19
412.7	21.3
412.7	24
412.7	26.3
412.7	30.1
412.8	31.7
413	36.7
413.1	41.7
413.1	42.1
413.1	47.9
413.1	49.8
413.1	52.9
413.2	60.6
413.4	64.8
413.4	65.2
413.6	71
413.7	75.2
413.7	78.7
413.8	81
413.8	88.3
414.1	97.9
414.1	102.2
414.4	106
414.5	109.1
414.4	113
414.3	114.9
414.4	116.1
414.7	115.7
414.9	109.1
414.9	108.7
415	104.5
415	100.6
415.5	100.6
415.5	100.6
415.5	97.2
415.4	90.2
415.4	82.5
415.4	74.8
415.5	67.1
415.5	61.4
415.5	57.5
415.6	50.2
415.6	49.4
415.5	47.5
415.5	43.6
415.5	43.2
415.5	41.7
415.7	41.7
415.7	40.9
415.7	42.1
416	44
416.2	45.6
416.2	44.4
416.2	43.6
416.3	42.1
416.9	42.9
416.9	44.8
416.9	45.2
417.2	43.6
417.5	43.6
417.7	45.9
417.8	47.9
418.1	47.5
418.2	46.3
418.2	44.4
418.2	42.9
418.6	43.6
418.7	46.7
418.8	49.4
418.9	52.1
419	52.1
419.2	50.6
419.3	48.6
419.4	45.2
419.4	44.4
419.5	42.5
419.5	42.1
419.8	42.1
420	44.8
420	47.9
420.1	49
420.3	47.9
420.3	47.5
420.3	46.3
420.5	45.9
420.7	45.9
421.1	45.6
421.1	49
421.6	52.9
421.7	54
421.8	55.6
421.9	50.6
422	47.5
422.1	45.2
422.4	41.7
422.5	39.8
422.6	39.8
422.9	37.9
422.9	37.5
423.1	35.5
423.2	34
423.7	35.9
423.9	39.4
424	40.2
424.2	41.7
424.3	43.2
424.5	45.2
424.7	45.9
424.8	45.9
425	44
425.2	43.2
425.2	42.1
425.2	40.9
425.2	40.2
425.5	39.8
425.7	42.9
425.8	44.4
425.8	45.6
425.8	46.7
426	47.1
426.2	45.2
426.2	42.9
426.2	41.3
426.3	40.2
426.3	39.8
426.7	39.4
426.9	38.6
427.1	38.2
427.1	38.6
427.2	40.2
427.3	41.3
427.5	41.7
427.6	41.7
427.6	39.8
427.6	39.4
427.7	38.2
428	38.2
428.1	38.6
428.2	40.2
428.2	40.5
428.3	42.1
428.5	42.9
428.8	42.5
429	43.6
429.1	45.2
429.1	45.6
429.1	46.3
429.3	46.3
429.6	45.2
429.9	44.8
429.9	42.9
430	41.3
430	40.5
430.2	39
430.4	38.6
430.7	41.3
430.8	40.9
430.8	39
430.8	39
430.9	39
431.1	40.2
431.1	38.6
431.3	37.5
431.6	38.2
431.7	41.3
431.7	41.7
431.7	43.6
431.7	44.4
432	44.4
432.1	41.7
432.3	40.2
432.4	38.2
432.7	38.6
432.8	40.5
433.1	39.8
433.2	39.8
433.2	41.3
433.4	44
433.4	44.4
433.5	45.9
433.7	49
434	47.1
434.5	47.1
434.5	49.8
434.6	50.2
434.9	53.6
435	56
435.2	57.5
435.3	56.3
435.3	53.3
435.4	51.7
435.7	51.3
436	51
436.1	49.4
436.6	47.1
436.6	46.7
436.9	46.3
437	47.5
437	50.2
437.2	52.5
437.3	54.4
437.3	54.8
437.4	56
437.7	58.3
438.1	59.4
438.1	61.4
438.2	61.4
438.3	59
438.4	55.6
438.7	54
438.9	57.1
438.9	57.5
439.1	60.2
439.1	62.1
439.2	62.9
439.3	62.9
439.4	62.1
439.4	58.7
439.6	59.4
439.6	61.4
439.8	61.4
440.1	60.2
440.3	59
440.5	57.9
440.5	54.8
440.5	54.4
440.7	54
440.9	55.6
441	58.3
441.3	59
441.4	59.4
441.5	57.5
441.8	58.7
442.1	58.3
442.1	57.5
442.2	58.7
442.3	61.4
442.4	61.7
442.5	63.7
442.6	65.6
442.8	68.3
442.9	68.7
443.1	66.7
443.2	64
443.3	61
443.5	57.5
443.9	55.2
444.2	54
444.3	56.3
444.8	61.4
444.8	65.6
444.8	66
444.8	68.7
444.8	72.5
444.7	75.2
444.7	76.8
444.9	77.1
445.1	75.6
445.1	75.2
445.2	73.7
445.5	76
445.6	76
445.7	76
445.9	74.8
446	71.4
446	68.7
446.2	66.7
446.3	66.7
446.5	69.1
446.5	69.4
446.6	71
446.8	72.1
447	72.1
447.4	68.7
447.4	67.5
447.4	65.6
447.5	61.7
447.6	59.8
447.6	58.7
447.7	56.7
447.8	52.9
447.9	49.4
447.9	48.3
448	44.8
448.2	40.2
448.4	37.5
448.5	35.5
448.5	35.2
448.6	34.4
448.7	33.6
449.1	34.8
449.1	35.2
449.3	34
449.3	32.5
449.3	31.3
449.7	30.5
449.9	30.9
450.1	30.1
450.2	28.2
450.2	27.5
450.4	25.5
450.9	25.9
451.1	24.4
451.2	25.5
451.5	26.3
451.8	27.8
452	27.8
452	28.2
452.1	30.1
452.4	31.7
452.6	30.9
452.6	29.8
452.7	28.6
452.8	27.8
453	26.3
453.2	25.5
453.5	27.5
453.5	30.1
453.5	30.9
453.6	32.8
453.6	33.2
453.8	35.2
453.9	37.5
454.2	38.6
454.6	37.1
454.6	36.7
454.9	35.2
455.2	34.8
455.3	36.3
455.4	39.4
455.4	42.1
455.5	43.2
455.5	44.4
455.5	44.8
455.7	45.9
456.1	45.9
456.3	44.8
456.6	47.1
456.7	47.1
456.8	49
457	52.5
457.1	55.2
457.5	58.3
457.5	58.3
457.7	60.6
457.7	61
457.7	62.5
457.8	64.8
458.1	66.7
458.2	68.3
458.4	72.1
458.4	74.1
458.4	74.4
458.4	76.4
458.5	78.3
459	77.5
459.2	77.1
459.3	77.5
459.5	81
459.7	83.7
459.8	85.6
460	87.5
460	88.3
460	91.8
460.1	94.9
460.2	97.2
460.2	97.9
460.3	99.1
460.6	99.9
460.7	100.6
461	98.3
461	97.6
461.2	94.9
461.3	91.4
461.4	88.3
461.4	86.8
461.7	86
462	89.9
462.3	92.9
462.5	94.9
462.5	95.2
462.7	99.5
462.7	107.2
462.7	107.2
462.7	112.6
462.6	121.8
462.6	124.5
462.7	131.8
462.9	139.5
462.9	148.8
462.9	149.9
463	158
463	158.4
463.2	168.8
463.2	175
463.3	182.3
463.3	182.3
463.4	186.2
463.4	188.5
463.4	190
463.7	192.7
463.7	189.6
463.8	183.5
463.9	182.7
463.9	177.7
463.9	170
463.7	158.4
463.7	157.7
463.6	148.8
463.6	146.1
463.6	143.8
463.7	141.9
463.7	139.5
463.7	136.1
463.7	129.9
463.7	129.1
463.7	125.3
463.7	121.8
464	125.3
464.1	126.8
464.1	126.8
464.1	128.8
464.4	128
464.4	124.1
464.5	123.8
464.6	124.1
464.6	127.6
464.7	128.4
464.9	126.1
464.9	121.4
465.1	113.4
465.2	112.6
465.4	103.3
465.4	100.6
465.5	91.8
465.5	90.6
465.5	82.9
465.6	69.4
466	57.5
465.9	49
465.9	45.2
465.8	40.2
465.8	35.5
465.8	33.2
465.8	32.1
465.8	30.9
466.2	32.5
466.4	33.2
466.5	32.1
466.5	30.9
466.6	29.4
466.7	27.5
467	27.8
467.1	27.8
467.5	32.8
468	37.5
468.4	43.6
468.7	48.6
468.8	49
469	52.5
469.4	57.9
469.4	59.4
469.7	61.7
469.8	63.3
469.8	63.7
469.8	63.7
470	65.6
470.1	68.7
470.3	73.7
470.5	80.2
470.3	90.2
470.2	99.1
470.3	112.6
470.3	114.1
470.3	121.4
470.3	130.7
470.2	135.3
470.2	135.7
470.2	141.9
470.2	143.4
470.2	144.9
470.3	147.6
470.3	150.3
470.3	153
470.6	154.2
470.6	151.1
470.6	149.9
470.7	140.3
470.9	134.5
470.9	126.1
470.8	108.7
470.8	95.6
470.6	86.8
470.6	86.4
470.6	80.6
470.7	78.7
471.4	92.2
471.5	96
471.6	104.1
471.7	111
471.5	121.8
471.5	124.9
471.4	126.1
471.5	131.5
471.5	133
471.6	137.2
471.6	144.9
471.5	151.9
471.5	158.4
471.1	165
471.1	169.6
471.1	169.6
471.5	172.7
471.8	171.1
471.9	166.9
472	165.4
472	165.4
472	159.6
472	148.8
472	141.1
472	138
472.1	129.9
472.1	128.4
472.3	121.4
472.3	114.9
472.2	108.7
472.2	104.9
472.2	101.4
472.4	101.4
473	103.7
473.1	104.1
473.3	107.2
473.3	108
473.5	111
473.7	112.6
473.8	111.4
474	106.8
474.2	103
474.3	103
474.7	106
474.7	106
474.7	109.5
474.7	111.4
474.7	113.4
474.9	115.3
475	115.7
475.1	111.8
475.1	109.9
475.1	108
475.1	105.3
475.1	104.9
475.1	104.9
475.1	102.6
475.1	100.3
475.2	97.9
475.3	97.6
475.3	97.6
475.5	97.9
475.6	99.5
475.7	103
475.7	105.3
475.7	105.7
475.7	107.6
475.7	108.7
475.7	109.5
475.8	110.3
475.8	111
475.8	113.7
475.8	115.3
475.9	116.1
475.9	117.2
476	119.1
476.1	119.1
476.1	121.4
476.1	123.8
476.2	124.5
476.2	124.9
476.4	125.7
476.6	122.6
476.7	123.4
476.7	123.8
476.7	123.8
476.8	124.9
476.9	127.6
477.1	128.4
477.4	128.4
477.6	126.5
477.9	124.9
477.9	122.6
478	121.1
478.1	122.2
478.1	123.4
478.3	122.2
478.4	121.1
478.5	119.5
478.6	120.3
478.7	121.1
478.8	122.6
478.8	124.5
478.8	124.9
478.8	128
478.8	129.5
478.9	130.3
479	131.1
479.1	131.8
479.2	131.8
479.2	129.9
479.3	128.4
479.5	129.1
479.5	129.5
479.7	128
479.8	126.5
479.9	124.1
479.9	123.4
480.6	125.3
480.8	125.3
480.8	123.4
480.9	123
481.1	121.1
481.2	121.4
481.3	125.3
481.3	127.2
481.7	126.5
481.8	124.9
481.8	125.3
481.9	128.4
481.9	128.8
482	129.5
482.2	129.9
482.2	130.3
482.3	130.7
482.7	126.8
482.7	122.2
482.7	119.5
482.7	117.6
482.7	115.3
482.7	111.8
482.7	111.4
482.7	108.7
482.7	105.7
483	104.1
483.1	104.1
483.4	104.9
483.5	103.7
483.7	103.3
483.9	101.8
484.1	98.3
484.1	95.6
484.2	95.2
484.2	92.2
484.3	89.9
484.5	88.3
484.6	87.5
484.7	88.3
484.8	90.2
484.9	94.1
485	99.5
485.4	105.3
485.3	108.3
485.3	108.7
485.3	110.3
485.3	111.8
485.3	112.2
485.5	111
485.8	107.2
485.9	109.1
485.9	109.5
485.9	112.6
485.9	115.7
485.9	116.8
486.2	115.3
486.4	115.3
486.4	115.7
486.4	118
486.5	119.1
486.7	120.3
486.8	121.8
486.8	123
486.9	123.4
487	123.4
487.1	123.4
487.2	121.8
487.3	116.4
487.4	110.7
487.5	108
487.7	105.3
488.1	106.4
488.1	106.8
488.1	108.3
488.2	108.3
488.3	106.4
488.4	106.4
488.6	109.9
488.6	114.1
488.7	116.4
488.7	117.2
488.7	118
488.7	118.7
489.1	117.2
489.1	118.4
489.2	119.1
489.2	121.1
489.3	123.4
489.6	124.5
489.7	125.7
489.7	126.1
490	123.8
490.1	123
490.1	119.9
490.1	117.2
490.3	116.8
490.5	118
490.5	118.4
490.6	119.5
490.7	119.5
490.9	118.4
491	118.4
491.2	118.7
491.3	118.7
491.4	118.7
491.6	119.9
491.7	120.7
491.8	118
491.9	114.9
492.3	113
492.4	112.2
492.4	111
492.4	109.1
492.5	107.2
492.8	106.4
493.1	106.8
493.2	106
493.3	105.7
493.3	104.1
493.7	102.2
493.9	103.7
493.9	106.4
494.3	107.6
494.3	107.2
494.2	104.9
494.4	105.3
494.5	108.3
494.7	110.7
494.7	109.5
494.9	109.1
495.1	109.5
495.3	110.7
495.4	113.4
495.6	114.9
495.9	112.2
495.9	111.4
496.2	108.3
496.3	106
496.2	104.5
496.4	104.5
496.7	104.1
496.7	101.4
496.9	97.6
497	96
497	93.3
496.9	89.9
496.9	86.8
497	86.4
497	84.1
497	81
497	77.9
497.1	75.6
497.2	75.6
497.4	76
497.4	77.9
497.8	81
497.6	82.9
497.7	86.4
497.7	86.8
497.9	87.9
498.1	90.2
498.1	91.8
498.2	93.3
498.3	93.7
498.5	94.1
498.8	92.2
498.9	90.6
499	92.2
499.1	93.7
499.1	94.9
499.2	96
499.5	95.6
499.7	94.1
499.7	93.7
499.8	95.6
499.9	96
500	97.2
500.2	97.6
500.2	99.1
500.2	99.9
500.5	101
500.6	101
500.7	99.9
500.8	98.3
500.9	96.8
501.1	96
501.1	95.2
501.2	94.9
501.1	90.6
501.1	89.9
501.4	90.6
501.7	94.9
501.8	96.8
501.9	99.1
501.9	101.4
502	103.7
502.2	104.9
502.3	106
502.4	106.4
502.7	106.8
502.8	106
503.1	103.3
503.2	102.6
503.3	104.5
503.5	108.3
503.8	111
503.8	111.8
503.8	111.4
503.8	111
504	109.5
504.1	108.7
504.2	108
504.2	106
504.3	104.9
504.5	104.9
504.7	107.6
504.7	109.9
504.7	110.3
504.9	109.9
504.9	109.9
505	110.7
505.1	112.2
505.1	113
505.2	114.5
505.3	114.9
505.4	114.9
505.4	115.3
505.5	115.3
505.6	115.3
505.7	115.3
505.8	113.4
505.9	112.2
505.9	111.8
505.9	113
506	113.4
506.1	113.4
506.2	112.6
506.3	112.2
506.3	111.4
506.5	111.8
506.6	112.2
506.7	112.2
506.9	111.4
507	109.5
507	109.5
507.2	110.3
507.2	112.6
507.3	114.9
507.3	115.7
507.3	117.2
507.3	119.5
507.5	121.1
507.7	119.1
508	118.4
508.2	121.4
508.2	122.6
508.3	124.1
508.4	125.7
508.4	126.1
508.6	127.6
508.7	129.5
508.8	130.3
509.1	131.1
509.3	129.5
509.4	126.8
509.4	124.1
509.6	122.6
509.7	122.2
509.9	122.2
510	121.8
510	119.5
510.2	118
510.4	117.2
510.4	119.5
510.5	119.5
510.7	118.7
510.8	117.6
511	119.9
511.1	122.6
511.1	124.5
511.2	125.3
511.3	125.3
511.3	124.9
511.4	123
511.5	122.2
511.5	121.4
511.6	120.7
511.8	122.6
511.9	123
512	123.4
512.3	124.9
512.4	125.7
512.8	125.3
512.9	126.5
512.9	127.6
513.1	128.8
513.1	128.8
513.3	126.5
513.4	126.5
513.5	129.1
513.5	129.5
513.6	131.5
513.7	133
513.9	132.6
514.1	131.1
514.1	128.8
514.1	127.6
514.4	128
514.6	127.2
514.8	124.5
515	123.4
515.1	122.6
515.2	122.2
515.3	120.7
515.4	118.4
515.5	117.6
515.8	119.9
515.9	121.1
516	121.8
516	122.2
516	124.9
516	125.3
516.1	125.3
516.3	125.7
516.4	126.5
516.8	124.5
516.9	123.8
516.9	122.2
516.9	119.1
517	119.1
517.3	118.7
517.4	117.2
517.7	114.5
517.8	113
517.8	113
518.3	112.6
518.3	110.7
518.3	107.2
518.3	106.4
518.3	104.5
518.3	101.8
518.3	100.6
518.5	97.6
518.5	94.9
518.5	91.8
518.5	91.4
518.6	87.2
518.6	84.1
518.6	80.6
518.6	80.6
518.7	76.4
518.7	76
518.7	74.4
518.8	72.5
519.1	73.7
519.2	74.4
519.2	76
519.2	77.1
519.5	77.1
519.6	77.5
519.7	78.7
519.8	78.7
520	78.3
520.3	79.8
520.4	80.2
520.6	81.8
520.6	82.5
520.7	84.1
520.8	88.7
520.9	90.6
520.9	91
521	92.9
521	94.5
521.1	96
521.3	96
521.5	95.6
521.5	92.6
521.8	91.8
521.9	92.2
522	93.3
522	95.2
522.2	95.6
522.3	94.5
522.4	94.1
522.5	95.2
522.6	96
522.6	95.2
522.7	94.1
522.8	93.7
523.1	93.3
523.3	93.3
523.6	95.2
523.7	95.2
523.8	95.2
523.8	94.5
523.9	94.5
524	93.7
524	93.7
524.2	94.9
524.2	95.2
524.4	95.6
524.5	94.9
524.4	93.7
524.6	93.7
524.6	93.7
524.7	92.9
524.7	91
524.8	90.2
524.8	90.2
525.2	91
525.2	92.6
525.3	93.3
525.4	93.3
525.6	91.8
525.7	92.6
525.8	94.9
525.8	97.2
525.9	97.9
525.9	99.1
526	99.9
526	100.6
526	101.4
525.9	103.7
525.9	104.5
526.1	104.9
526.2	104.9
526.4	104.1
526.7	104.1
526.8	104.1
526.8	104.5
526.8	107.6
526.8	109.5
526.8	110.3
526.8	111
527	112.6
527.1	113.4
527.2	113.7
527.3	110.7
527.4	108
527.4	106.8
527.5	106.4
527.6	107.2
527.6	108
527.7	110.7
527.7	111
527.7	112.6
528	113.4
528.1	113.4
528.1	110.7
528.3	111.4
528.5	113
528.5	113.4
528.6	114.9
528.7	116.4
529	114.5
529.2	115.7
529.2	117.6
529.2	118
529.3	119.9
529.3	119.9
529.3	121.4
529.5	123
529.6	123.4
529.8	121.8
529.8	123.4
529.9	123.8
530	124.1
530.1	124.5
530.1	121.8
530.1	121.8
530.2	120.3
530.2	118.7
530.4	118.4
530.8	117.6
531	116.1
531.1	116.1
531.1	116.8
531.1	119.9
531.1	121.4
531.3	123.8
531.4	126.1
531.5	127.6
531.5	128
531.7	130.3
531.9	131.5
532.1	130.3
532.2	129.5
532.2	128.4
532.2	121.8
532.2	121.1
532.2	119.1
532.4	114.5
532.4	110.7
532.3	118
532.5	116.4
532.6	115.7
532.7	111
532.8	106.8
532.9	100.6
533	99.5
533	94.1
533	87.2
533	80.6
533	74.4
533	73.3
533	69.8
532.9	66
532.9	61.4
532.9	60.6
532.8	57.1
532.8	55.6
533.1	59
533.3	62.9
533.5	68.7
533.6	73.3
533.8	74.1
533.8	76.4
533.9	76.4
534	67.9
534.1	61.7
534.1	57.1
534.1	56.3
534.1	50.6
534.2	46.7
534.2	44.8
534.2	42.1
534.3	39
534.5	33.6
534.8	37.9
534.8	38.2
535	42.9
535.3	46.7
535.3	49.4
535.4	54
535.4	61
535.4	66
535.4	72.9
535.4	79.5
535.4	84.1
535.4	85.6
535.4	88.7
535.4	92.2
535.4	94.1
535.4	96.4
535.4	97.9
535.9	97.9
536	94.9
536.3	94.9
536.3	96
536.6	93.7
536.6	92.9
536.7	86
536.7	80.6
536.7	77.5
536.8	74.8
536.8	74.4
536.8	72.9
537	74.8
537.1	74.1
537.2	71.8
537.3	67.5
537.3	67.1
537.3	64.8
537.3	64
537.4	59.8
537.7	61.7
537.8	64.4
537.8	66.4
537.8	66.4
537.9	66
537.9	63.7
538.1	62.9
538.2	63.3
538.3	64.4
538.4	61.7
538.7	61
538.7	64
538.7	68.3
539	69.1
539.2	68.3
539.5	67.9
540	69.8
540.2	72.5
540.2	72.9
540	75.2
540	78.7
540	80.6
540.2	78.7
540.5	76.4
540.7	77.1
540.7	79.8
540.7	82.5
540.7	82.9
540.7	84.8
541	85.6
541.1	81.8
541.1	81.4
541.4	82.5
541.4	80.2
541.5	76.4
541.5	72.1
541.5	71.8
541.5	69.8
541.7	67.1
541.9	62.9
541.9	61.4
541.9	60.6
542	59.4
542.3	58.7
542.4	58.7
542.7	62.1
542.8	64.4
542.8	66.4
542.8	67.9
543	71
543.1	71.8
543.2	72.5
543.3	73.3
543.3	74.4
543.5	77.5
543.6	79.8
543.7	82.9
543.7	86
543.7	87.5
543.7	84.5
543.8	89.9
544	92.6
544.2	93.7
544.5	94.5
544.5	97.6
544.6	99.9
544.7	102.2
545.1	102.2
545.3	101.8
545.4	102.6
545.4	107.2
545.4	109.1
545.4	111
545.5	112.2
545.6	112.6
545.7	113.4
545.7	114.1
545.7	114.5
546	113.7
546.1	113.4
546.2	115.7
546.2	117.2
546.2	118
546.3	118
546.4	119.1
546.4	119.5
546.5	120.7
546.6	121.4
546.7	121.4
547	120.3
547	120.3
547	120.3
547	121.4
547.2	122.6
547.4	122.6
547.4	122.6
547.4	123.4
547.4	123.8
547.5	123.8
547.6	119.1
547.6	118.4
547.5	113.7
547.6	111
547.8	108.3
547.9	105.3
547.9	104.9
548.1	103
548.2	99.9
548.3	97.2
548.3	95.6
548.3	94.1
548.5	91.4
548.5	91
548.5	89.9
548.6	88.7
548.8	87.2
548.8	86.8
549	85.2
549	86.8
549.1	90.6
549.3	93.3
549.3	96.4
549.7	103.7
549.7	105.3
549.7	106.8
549.7	108.3
549.9	110.3
550.1	111.4
550.3	110.7
550.2	108
550.4	107.6
550.5	107.2
550.5	106
550.5	102.2
550.5	100.6
550.6	97.2
550.6	96.4
550.6	92.9
550.6	89.9
550.6	88.3
550.8	84.1
551.1	85.6
551.2	86.4
551.3	87.9
551.4	90.6
551.4	92.2
551.5	92.9
551.8	91.4
552	85.2
552.1	80.6
552.1	75.2
552	70.2
552	69.1
552.1	65.6
552.1	60.6
552.1	56.7
552.1	55.2
552.1	52.9
552.2	49.4
552.2	47.1
552.5	44.4
552.5	44.4
552.7	46.7
552.8	49.4
552.9	51.7
553.1	53.6
553.3	52.5
553.5	50.2
553.6	47.1
554	48.3
554.3	52.5
554.3	55.2
554.3	56.3
554.4	55.6
554.4	54
554.5	52.5
554.5	52.1
555	54
555.4	58.3
555.4	58.3
555.5	56.3
555.6	55.6
556.2	61.7
556.2	63.7
556.3	65.6
556.3	66.4
556.4	67.9
556.5	71
556.5	71
556.5	72.1
556.8	73.7
557	74.4
557.1	72.5
557.1	69.1
557.1	66.4
557.2	67.5
557.2	67.9
557.4	68.3
557.6	64.8
557.7	61.7
558.1	58.3
558.1	54.4
558.1	54
558.2	52.5
558.6	52.5
558.6	54.8
558.6	55.6
558.9	59.8
558.9	60.6
558.9	64.4
559	67.9
559.1	70.6
559.1	72.5
559.3	73.7
559.4	74.1
559.7	70.6
559.8	66.7
559.8	66.7
559.9	64
560.2	59.8
560.6	57.5
560.7	57.1
560.9	57.1
560.9	60.6
561.1	63.7
561.6	68.3
561.7	71.8
561.7	72.1
561.7	75.2
561.7	76.8
561.8	77.9
561.9	79.8
561.9	81
562.1	81.8
562.3	82.9
562.3	74.8
562.6	67.1
562.9	59.8
563	57.5
563	56.7
563	54.4
563	51
563	47.9
563	46.7
563	45.2
563.1	43.2
563.1	42.9
563.2	39.8
563.3	37.1
563.4	34.8
563.5	32.8
563.5	32.1
563.7	30.9
563.8	31.3
563.9	32.8
564.1	35.2
564.2	35.9
564.3	35.9
564.6	35.2
564.7	34.8
565	34.8
565.1	36.3
565.2	36.7
565.5	38.2
565.7	38.6
565.9	38.6
566	38.2
566.3	36.7
566.4	35.2
566.4	34.8
566.5	34
566.8	34
567.1	34