Depth	Gamma
25.2	147.9
25.7	147.9
25.8	147.9
26.1	147.4
26.3	143.3
26.3	141.2
26.4	139.7
26.5	134
26.5	133.5
26.5	130.4
26.5	121.2
26.5	118.1
26.5	116.6
26.6	114
26.6	112
26.6	108.9
26.6	106.3
26.6	103.8
26.6	101.2
26.6	99.7
26.6	98.6
26.6	95.5
26.7	92
26.7	85.8
26.7	85.3
26.7	84.3
26.7	82.2
26.7	79.1
26.7	75.5
26.7	74
26.7	70.9
26.7	69.4
26.7	67.3
26.7	65.8
26.7	64.8
26.7	62.7
26.7	60.2
26.7	58.1
26.7	55.5
26.6	53
26.6	51.4
26.6	49.9
26.6	48.9
26.7	48.4
26.7	47.8
26.9	49.9
26.9	52
27	53.5
27	55
27.1	55.5
27.1	56.1
27.2	56.1
27.4	56.1
27.5	56.1
27.5	56.1
27.6	56.1
27.7	56.1
27.8	56.1
27.9	57.6
28.1	59.1
28.1	59.6
28.2	61.7
28.2	62.7
28.3	63.7
28.4	63.7
28.5	63.7
28.6	63.7
28.7	62.7
28.7	61.7
28.8	61.2
28.8	60.2
28.8	59.6
28.9	59.1
28.9	58.6
28.9	58.6
29	58.1
29	58.1
29.1	57.6
29.1	57.6
29.2	57.6
29.2	58.1
29.3	58.6
29.4	59.6
29.5	59.6
29.5	59.6
29.5	58.6
29.6	57.6
29.7	57.6
29.9	58.1
30	59.1
30	60.2
30.1	61.2
30.3	63.7
30.4	64.8
30.4	65.8
30.4	66.8
30.5	68.4
30.5	69.4
30.6	70.9
30.7	72.5
30.7	74
30.7	75.5
30.8	76.6
30.8	77.6
30.8	77.6
30.9	78.6
31	79.1
31	79.1
31.1	79.6
31.1	79.6
31.2	78.6
31.2	77.6
31.3	76.6
31.4	76.1
31.5	75.5
31.6	75
31.7	75
31.7	74.5
31.8	74.5
31.9	74.5
32	75.5
32.1	77.6
32.1	78.1
32.2	78.6
32.2	79.1
32.2	79.6
32.3	79.6
32.4	78.6
32.4	77.6
32.5	77.6
32.5	77.1
32.6	76.6
32.6	76.1
32.7	76.1
32.8	76.1
32.9	76.6
33	77.6
33	78.1
33.1	79.1
33.2	79.1
33.3	79.1
33.3	78.1
33.3	77.1
33.4	76.1
33.4	75.5
33.5	75
33.5	74.5
33.5	74.5
33.7	75.5
33.7	77.6
33.8	79.6
33.9	80.7
34	82.7
34	83.2
34	84.8
34.1	86.8
34.2	88.9
34.2	89.9
34.3	90.4
34.3	90.9
34.3	92
34.4	93
34.5	93.5
34.7	92
34.7	90.4
34.7	88.9
34.7	87.9
34.7	86.8
34.8	86.3
34.9	86.3
34.9	85.8
34.9	84.8
35	84.8
35.1	83.8
35.1	83.2
35.1	83.2
35.2	82.7
35.2	82.7
35.2	82.2
35.3	81.7
35.3	81.2
35.3	80.7
35.3	80.7
35.4	79.6
35.4	79.1
35.5	78.6
35.5	78.1
35.6	77.6
35.6	77.1
35.7	76.6
35.8	76.6
35.8	77.1
35.8	78.6
35.8	79.6
35.8	81.2
35.9	82.2
36	83.8
36.1	84.8
36.2	85.8
36.2	86.8
36.2	87.3
36.2	87.9
36.4	86.3
36.5	84.8
36.8	84.3
36.9	84.8
36.9	84.8
36.9	84.3
37	84.8
37	86.8
37.1	87.9
37.2	88.9
37.4	89.9
37.5	89.9
37.6	87.3
37.7	86.8
37.7	86.8
37.9	89.4
37.9	90.4
38	93
38.1	94.5
38.2	96.6
38.3	97.6
38.4	99.7
38.4	101.7
38.4	102.2
38.5	105.3
38.6	104.3
38.6	103.8
38.7	100.2
38.8	97.1
38.8	94.5
38.9	92
38.9	89.4
38.9	88.9
39	86.3
39.1	85.3
39.1	82.7
39.1	81.7
39.1	81.2
39.1	79.1
39.3	78.6
39.5	78.1
39.6	80.2
39.7	81.7
39.9	84.3
39.9	84.3
40	86.3
40.1	86.8
40.2	88.4
40.2	88.4
40.2	88.4
40.3	87.9
40.3	85.8
40.4	84.3
40.5	83.8
40.6	85.3
40.7	86.3
40.9	87.3
41.1	88.9
41.2	89.4
41.3	90.9
41.3	90.4
41.4	87.9
41.5	86.8
41.3	85.3
41.3	84.3
41.3	83.2
41.4	81.7
41.6	79.1
41.7	77.6
41.8	76.6
42	78.6
42.1	80.7
42.4	82.2
42.5	82.2
42.5	80.2
42.5	80.2
42.6	78.1
42.7	76.6
42.7	76.6
42.8	75
42.8	75
42.9	73.5
42.9	73.5
43.1	69.9
43.2	68.4
43.4	67.3
43.5	66.3
43.5	68.9
43.6	71.4
43.6	74
43.6	75
43.8	79.1
43.8	79.6
43.8	80.2
43.9	81.2
44	82.7
44.1	83.8
44.1	83.8
44.3	85.3
44.4	85.8
44.5	86.8
44.6	87.9
44.6	87.9
44.9	87.3
44.9	86.8
45.1	84.3
45.2	83.8
45.2	82.7
45.3	82.2
45.3	80.7
45.4	79.1
45.6	77.6
45.7	76.6
45.7	76.6
45.9	75.5
46	75.5
46	75.5
46.1	76.6
46.2	77.6
46.3	79.6
46.4	80.2
46.4	81.7
46.5	83.2
46.6	84.3
46.7	85.8
46.8	86.3
46.9	86.8
47	83.8
47	83.8
47	80.7
47	78.6
47	77.1
47.1	78.1
47.3	82.7
47.4	82.7
47.4	85.8
47.5	86.3
47.6	86.8
47.7	85.8
47.7	85.3
47.7	84.8
47.7	84.3
47.8	83.2
47.9	83.2
48	83.2
48.1	83.2
48.2	84.8
48.3	83.8
48.5	83.2
48.6	84.3
48.7	85.3
48.7	86.8
48.8	89.4
49	90.4
49	89.9
49.1	86.3
49.1	85.8
49.2	83.8
49.2	83.2
49.3	80.7
49.6	81.2
49.6	85.3
49.7	85.8
49.8	86.8
50	87.3
50	87.3
50.1	83.8
50.1	83.8
50.1	82.7
50.1	80.2
50.1	79.1
50.2	78.6
50.2	78.1
50.2	77.1
50.4	78.1
50.5	81.2
50.6	81.2
50.9	83.2
51.1	84.3
51.1	84.3
51.2	83.8
51.2	83.2
51.4	84.3
51.4	84.8
51.6	89.4
51.6	90.4
51.7	93
51.7	95
51.7	96.1
51.9	94.5
52	92
52	88.9
52	86.3
52.1	83.8
52.2	81.7
52.3	78.6
52.4	75.5
52.4	74
52.5	73.5
52.5	74
52.7	78.1
52.7	78.6
52.8	81.7
52.8	83.2
53	83.2
53.2	85.3
53.4	88.4
53.5	90.9
53.5	92
53.7	93.5
53.7	94
53.8	92
53.8	88.4
54.2	87.9
54.2	87.9
54.2	86.3
54.2	85.3
54.2	83.8
54.2	81.2
54.2	80.2
54.2	78.6
54.3	77.6
54.4	79.1
54.5	80.2
54.5	81.7
54.6	82.2
54.6	80.7
54.7	80.7
54.8	81.7
55	83.2
55	83.8
55.2	83.8
55.2	84.3
55.4	84.8
55.5	85.3
55.6	85.3
55.7	84.8
55.7	83.2
55.9	82.2
55.9	81.7
56	80.7
56.1	77.1
56.1	74
56.3	74
56.4	76.1
56.4	78.1
56.5	79.6
56.6	79.6
56.8	80.7
57	82.2
57.4	85.3
57.5	86.8
57.6	88.9
57.7	90.4
57.8	90.4
57.8	90.4
57.9	87.3
57.9	85.8
57.9	84.3
58	82.2
58.1	80.7
58.2	79.6
58.3	77.6
58.4	74.5
58.5	73.5
58.6	76.1
58.7	80.2
58.9	84.8
58.9	85.3
59	88.4
59	88.9
59.1	93.5
59.1	97.1
59.1	98.6
59.1	99.7
59.2	97.6
59.3	94.5
59.3	93.5
59.4	90.9
59.4	90.9
59.5	89.9
59.6	89.4
59.7	89.4
59.9	89.4
60	89.4
60.2	87.9
60.4	87.9
60.5	87.9
60.6	87.3
60.8	86.8
60.9	87.3
61	87.3
61.2	87.3
61.2	87.3
61.2	87.3
61.4	85.8
61.4	84.8
61.5	84.3
61.6	84.3
61.7	85.3
61.7	88.9
61.8	89.4
61.8	89.9
61.9	90.9
62.1	90.9
62.3	89.4
62.3	88.9
62.5	88.4
62.6	88.4
62.6	88.4
62.6	88.4
62.9	89.4
63	90.4
63.1	90.4
63.3	90.4
63.4	90.4
63.4	90.4
63.4	90.4
63.5	90.4
63.5	89.9
63.7	89.9
63.8	89.9
64	89.9
64.2	90.4
64.3	90.4
64.3	91.4
64.5	93.5
64.5	95.5
64.6	99.1
64.6	99.7
64.7	102.7
64.7	103.8
64.7	103.8
64.9	103.2
64.8	101.2
64.8	100.2
64.8	97.6
64.9	96.6
64.9	94.5
64.9	94.5
64.9	91.4
64.9	90.9
65	89.9
65.2	92
65.2	94.5
65.2	95.5
65.2	96.1
65.3	97.1
65.4	98.1
65.4	98.1
65.5	98.1
65.5	98.1
65.5	97.6
65.6	96.1
65.7	94.5
65.7	93.5
65.8	92.5
65.9	92
66	92.5
66.1	92.5
66.2	92.5
66.3	92.5
66.3	92
66.4	92
66.4	92
66.5	93
66.5	95.5
66.6	98.6
66.6	100.7
66.6	100.7
66.7	100.7
66.8	99.1
66.9	97.1
67	94.5
67.1	90.9
67.1	87.9
67.3	86.3
67.4	86.3
67.4	85.3
67.5	84.8
67.6	84.8
67.7	85.3
67.8	84.8
67.9	83.8
68	81.2
68.1	80.2
68.2	79.1
68.4	78.1
68.5	78.1
68.6	77.6
68.7	78.1
68.7	79.1
68.8	79.6
68.8	81.2
68.8	82.7
68.8	84.3
69	85.8
69.1	89.9
69.2	92
69.2	93.5
69.2	93.5
69.2	95.5
69.3	95.5
69.3	95.5
69.5	95
69.6	96.6
69.8	99.1
69.9	101.2
69.9	103.8
69.9	104.8
70	105.3
70	103.2
70.1	102.2
70.1	98.6
70.2	97.1
70.2	95
70.2	94
70.3	90.9
70.3	90.4
70.4	87.9
70.4	86.8
70.5	85.8
70.7	86.3
70.7	86.8
70.9	89.4
70.9	89.9
71	90.9
71.2	93.5
71.2	96.1
71.4	97.6
71.4	96.1
71.4	96.1
71.4	95.5
71.6	96.6
71.7	96.6
71.7	95
71.7	92.5
71.8	91.4
71.9	87.3
71.9	87.9
71.9	86.8
71.9	85.8
72	83.2
72.1	82.7
72.1	82.7
72.2	84.8
72.3	86.3
72.5	88.4
72.5	88.9
72.7	90.4
72.8	91.4
73	93
73.1	93.5
73.1	93
73.2	90.4
73.2	87.9
73.2	87.3
73.3	85.3
73.4	82.7
73.5	81.7
73.7	83.2
73.8	85.3
73.8	85.8
73.9	88.4
73.9	88.9
74	90.9
74.1	91.4
74.3	90.4
74.3	89.4
74.3	88.4
74.4	88.9
74.6	90.9
74.6	93
74.8	93.5
74.8	92.5
74.8	89.4
74.8	88.4
75.3	90.9
75.4	93
75.5	95
75.6	96.1
75	89.4
75	89.4
75.1	90.4
75.2	92.5
75.3	93
75.4	95
75.4	95
75.6	96.6
75.9	94.5
75.9	93
75.9	92.5
75.9	90.4
75.9	89.4
75.9	87.3
75.9	86.8
76	84.8
76	83.2
76.1	81.2
76.2	80.7
76.2	80.7
76.3	83.8
76.3	85.8
76.3	85.8
76.4	88.4
76.6	92
76.7	97.6
76.7	100.7
76.7	103.2
76.8	103.8
76.9	105.8
76.9	106.3
77	107.9
77	107.9
77	107.9
77	106.8
77.1	104.8
77.1	103.2
77.2	100.7
77.2	97.6
77.3	95
77.4	94
77.5	95.5
77.6	96.6
77.8	96.6
77.8	95
77.9	94
78	92.5
78.1	92.5
78.1	92
78.2	92
78.3	94
78.3	95
78.4	96.6
78.5	98.6
78.5	100.2
78.7	101.7
78.8	99.7
78.8	95.5
78.9	94
79.1	94.5
79.1	95
79.2	95.5
79.3	95.5
79.3	94
79.4	92
79.5	91.4
79.5	89.9
79.6	86.3
79.7	83.2
80	80.2
80	81.2
80	83.2
80.1	86.3
80.3	89.9
80.3	93
80.3	95
80.4	97.1
80.5	99.1
80.7	100.2
80.8	98.1
81.1	94.5
81.1	94
81.1	91.4
81.1	89.9
81.3	91.4
81.3	93
81.4	94.5
81.5	96.1
81.6	96.1
81.6	95.5
81.7	95.5
81.8	96.1
81.8	94.5
81.9	91.4
82.1	89.9
82.2	87.9
82.2	86.3
82.3	86.3
82.3	87.3
82.5	89.4
82.5	89.9
82.6	87.3
82.8	88.9
82.8	89.4
82.8	89.4
82.9	89.9
82.9	89.9
83.1	89.9
83.2	89.9
83.3	87.3
83.3	84.3
83.4	83.2
83.5	83.2
83.6	83.2
83.8	83.8
84.1	89.4
84	91.4
84	94.5
84	95.5
84.1	98.6
84.1	100.2
84.3	102.2
84.3	102.2
84.3	104.3
84.3	104.3
84.4	106.8
84.4	109.9
84.4	111.4
84.5	114.5
84.6	115.6
84.7	115.6
84.7	114.5
84.8	112
84.9	109.4
84.9	104.8
84.9	100.2
84.9	97.1
85	94.5
85	89.9
85.1	86.8
85.1	86.3
85.1	83.8
85.2	82.2
85.3	81.2
85.4	84.3
85.4	87.9
85.5	89.9
85.7	93
85.8	93
85.8	93.5
86	93
86.1	91.4
86.1	88.4
86.4	86.3
86.4	86.3
86.5	88.4
86.5	89.4
86.5	89.4
86.7	89.4
86.7	88.9
86.8	87.3
86.9	87.3
86.9	88.4
87	89.9
87.2	92
87.3	91.4
87.4	88.9
87.4	87.3
87.4	86.3
87.4	86.3
87.6	85.3
87.6	85.8
87.7	87.9
87.7	87.9
87.8	88.4
87.8	91.4
87.9	93
88	93.5
88.3	93.5
88.4	93.5
88.4	93.5
88.5	93
88.6	92
88.7	90.9
88.8	88.9
88.9	85.8
88.9	85.3
88.9	85.3
89.1	82.7
89.1	82.2
89.3	80.7
89.5	81.7
89.6	84.3
89.6	85.3
89.8	86.8
89.9	88.4
90.1	88.9
90.2	87.9
90.3	90.4
90.4	92.5
90.5	94
90.6	94
90.7	94
90.8	92
90.8	89.9
90.8	88.9
90.9	90.4
91	92
91.1	92
91.2	91.4
91.3	89.9
91.3	89.4
91.3	87.9
91.4	85.8
91.5	84.8
91.6	84.8
91.8	86.3
91.8	86.8
91.9	88.9
92	89.4
92.1	88.4
92.1	86.8
92.2	86.3
92.4	86.3
92.5	88.9
92.6	90.4
92.6	92.5
92.8	92
93	93.5
93.1	96.1
93.1	96.6
93.2	99.1
93.2	101.7
93.3	103.2
93.4	103.8
93.5	104.3
93.5	103.2
93.5	99.7
93.6	97.6
93.6	96.6
93.7	96.1
93.7	94.5
93.7	92
93.7	89.4
93.7	88.4
93.8	86.3
93.8	83.8
93.9	83.2
94.1	83.8
94.1	85.3
94.1	89.9
94.2	92
94.4	95.5
94.5	97.1
94.7	97.6
94.9	97.6
94.9	97.6
94.9	95.5
95	95
95.1	93.5
95.1	92.5
95.2	92.5
95.3	92
95.3	92.5
95.3	93.5
95.3	93.5
95.5	93
95.5	93
95.6	92
95.6	90.4
95.6	88.9
95.6	88.9
95.7	87.3
95.7	86.3
95.8	86.3
95.8	85.3
95.9	85.3
95.9	85.3
96	85.8
96	86.8
96.1	89.4
96.1	90.9
96.1	90.9
96.3	92
96.4	92.5
96.4	92.5
96.4	92.5
96.6	92
96.7	91.4
96.8	89.9
96.8	89.4
96.9	88.9
97	87.3
97.1	86.8
97.3	86.3
97.3	86.3
97.5	85.3
97.6	85.3
97.7	85.3
97.8	87.9
97.8	88.4
97.9	89.9
98	92
98.1	94
98.3	95
98.3	95
98.4	93
98.4	92.5
98.4	91.4
98.5	91.4
98.6	91.4
98.7	90.9
98.8	91.4
98.9	94
99	95.5
99.1	96.6
99.2	96.1
99.3	94
99.3	91.4
99.3	91.4
99.4	88.9
99.6	86.3
99.6	86.3
99.7	84.8
99.7	84.8
99.7	84.8
99.8	83.2
99.9	83.2
99.9	83.2
100	83.2
100	83.8
100.1	85.3
100.2	86.3
100.3	86.3
100.4	84.8
100.4	83.2
97.5	86.8
97.5	87.9
97.5	88.4
97.5	88.9
97.5	89.4
97.5	90.4
97.5	90.9
97.6	91.4
97.6	92
97.7	92.5
97.8	94
97.9	94.5
98	95
98.1	95.5
98.1	95.5
98.2	95.5
98.3	95.5
98.4	93.5
98.4	93.5
98.5	93
98.6	94.5
98.6	96.1
98.6	96.6
98.7	96.6
98.7	96.6
98.8	97.1
98.9	95.5
99	93
99.1	89.9
99.3	87.3
99.3	87.3
99.4	85.3
99.5	84.8
100.1	83.8
100.1	83.8
100.1	84.8
100.2	86.3
100.3	87.3
100.3	89.4
100.3	89.4
100.3	89.4
100.3	91.4
100.3	92
100.4	93
100.4	94
100.4	94.5
100.6	94.5
100.6	94.5
100.6	94.5
100.8	95
100.9	95.5
101	97.1
101.1	98.1
101.1	99.1
101.2	99.1
101.3	99.1
101.3	99.1
101.5	95.5
101.6	93
101.6	89.9
101.7	87.3
101.8	87.3
101.9	86.3
102	86.3
102.2	87.9
102.3	89.9
102.5	92
102.6	93
102.6	91.4
102.7	89.4
102.8	87.9
103	87.9
103.1	87.9
103.3	88.4
103.4	88.4
103.6	86.3
103.7	85.8
103.9	86.8
104.1	87.9
104.3	89.4
104.4	89.9
104.4	89.9
104.5	89.9
104.6	90.4
104.6	91.4
104.6	92
104.6	92.5
104.7	93.5
104.7	95
104.7	95
104.8	95
104.9	92.5
105	90.9
105.2	89.9
105.2	91.4
105.4	95
105.4	96.1
105.4	94.5
105.5	92.5
105.6	92
105.7	93
105.7	94.5
105.8	98.1
105.9	98.6
106.1	100.7
106.1	100.7
106.1	100.7
106.1	101.7
106.3	103.2
106.3	105.8
106.3	107.9
106.4	110.4
106.4	110.9
106.4	113
106.5	114
106.6	114
106.7	114
106.8	112.5
106.8	108.4
106.8	104.3
106.8	103.8
106.8	103.8
106.8	102.2
106.8	101.2
106.8	99.7
106.8	95
106.9	93.5
106.9	90.9
106.9	90.4
107	87.3
107	86.3
107	84.3
107.1	82.7
107.2	84.3
107.3	85.8
107.3	87.9
107.4	88.9
107.4	87.9
107.5	86.8
107.6	86.8
107.8	89.4
107.9	91.4
108	93
108.1	95
108.2	95
108.3	90.4
108.4	87.9
108.4	87.9
108.5	85.3
108.8	84.8
108.8	87.3
108.9	89.4
108.9	89.9
108.9	90.9
108.9	91.4
109	91.4
109.1	91.4
109.1	92
109.1	93.5
109.2	95.5
109.4	98.1
109.5	99.7
109.5	99.7
109.6	98.1
109.6	94
109.7	91.4
109.8	89.4
110	87.3
110	85.8
110.1	84.8
110.2	83.2
110.3	82.2
110.4	85.3
110.4	88.4
110.4	88.9
110.5	90.9
110.5	91.4
110.5	93.5
110.5	96.1
110.6	98.1
110.7	100.7
110.9	106.8
110.9	108.9
111	108.9
111	108.9
111.1	107.9
111.2	106.3
111.2	105.8
111.3	105.8
111.4	107.9
111.4	108.9
111.6	109.9
111.6	107.3
111.7	104.3
111.7	103.8
111.8	101.7
111.9	100.7
111.9	99.7
112	97.1
112	96.6
112.1	93.5
112.1	92
112.1	89.4
112.2	89.9
112.3	92.5
112.3	93.5
112.4	94.5
112.4	94.5
112.5	91.4
112.5	90.9
112.5	89.9
112.6	91.4
112.6	93.5
112.6	93.5
112.7	90.9
112.7	88.9
112.9	89.4
113	88.9
113.1	86.3
113.2	85.8
113.3	83.2
113.4	82.7
113.6	81.2
113.6	79.6
113.7	79.1
113.7	77.6
113.8	80.2
113.8	82.2
114	82.7
114	82.7
114.1	83.2
114.3	85.3
114.3	85.3
114.4	87.3
114.4	89.4
114.5	92.5
114.5	93
114.6	95
114.6	97.1
114.7	99.1
114.7	100.2
114.7	101.2
114.7	102.2
114.9	103.8
114.9	104.3
115	103.8
115	102.7
115	101.2
115	98.1
115.1	96.1
115.2	93.5
115.2	90.9
115.2	87.9
115.2	86.3
115.2	85.8
115.3	84.3
115.3	83.2
115.3	83.2
115.3	81.7
115.4	80.2
115.4	80.2
115.4	80.2
115.6	80.7
115.7	83.2
115.9	87.3
115.9	87.9
115.9	88.4
116	88.4
116	88.9
116.1	88.9
116.1	88.9
116.1	87.9
116.2	85.3
116.3	83.8
116.4	82.7
116.4	80.7
116.5	79.6
116.5	78.6
116.6	77.6
116.7	77.6
116.8	80.2
116.8	83.2
116.8	85.3
116.9	86.8
116.9	88.4
117.1	88.9
117.1	88.9
117.2	88.4
117.3	86.3
117.5	84.3
117.6	82.7
117.7	80.7
117.8	79.1
117.9	78.6
117.9	79.1
117.9	80.2
117.9	81.2
118	82.2
118	83.2
118.1	84.8
118.1	86.8
118.1	88.4
118.3	92
118.3	93
118.4	95
118.5	97.1
118.5	98.1
118.5	98.1
118.5	96.6
118.6	94.5
118.6	94
118.6	90.4
118.6	86.8
118.7	84.8
118.8	82.2
118.8	80.2
118.8	80.2
118.9	79.1
119.1	76.6
119.1	76.1
119.2	76.6
119.2	76.6
119.3	78.6
119.4	79.6
119.5	81.7
119.6	85.3
119.7	86.8
119.7	88.4
119.7	88.9
119.7	90.9
119.8	93
119.9	95
119.9	95.5
119.9	96.6
119.9	97.1
120.1	94.5
120.1	94.5
120.2	93
120.2	92
120.2	87.3
120.2	85.3
120.2	83.2
120.2	82.2
120.2	79.6
120.2	78.6
120.4	77.1
120.5	76.6
120.8	80.2
120.9	83.2
121	86.3
121	89.4
121.1	91.4
121.2	92
121.3	91.4
121.3	90.4
121.4	87.3
121.5	85.8
121.6	85.8
121.7	86.8
121.8	87.3
121.9	89.4
122.1	89.9
122.2	90.9
122.3	94.5
122.4	98.1
122.5	100.2
122.6	101.7
122.6	101.7
122.7	101.2
122.7	99.7
122.8	99.7
122.9	100.2
123.1	101.2
123.1	101.7
123.3	102.2
123.3	101.2
123.4	99.1
123.6	97.1
124	97.6
124.1	98.1
124.2	99.1
124.2	100.2
124.3	101.7
124.3	103.2
124.3	104.8
124.3	107.3
124.3	107.9
124.3	107.9
124.3	109.9
124.5	111.4
124.6	113.5
124.6	114
124.7	114.5
124.8	114
124.9	113.5
124.9	110.9
125	109.4
125	108.4
125	106.3
125	103.8
125.1	102.7
125.3	99.7
125.3	99.1
125.4	97.6
125.5	96.6
125.5	96.6
125.5	95
125.7	94.5
125.7	94.5
125.7	94.5
125.9	96.1
125.9	97.1
126	98.1
126.1	97.1
126.1	97.1
126.2	96.1
126.3	94
126.3	93
126.3	93
126.3	93
126.3	95.5
126.5	97.6
126.5	98.1
126.6	100.2
126.6	101.2
126.6	102.2
126.7	103.2
126.8	103.8
126.9	103.8
126.9	103.8
126.9	102.2
127	101.7
127.1	101.7
127.1	103.2
127.2	103.2
127.2	103.8
127.3	103.8
127.3	101.2
127.4	101.2
127.5	102.7
127.6	103.8
127.6	103.8
127.7	103.8
127.7	102.2
127.8	100.2
128	96.6
128	96.6
128	94.5
128.1	92.5
128.2	92
128.3	90.9
128.4	89.4
128.6	90.9
128.7	94.5
128.7	97.6
128.7	98.1
128.8	102.2
128.9	105.3
128.9	106.8
129	107.3
129.1	105.8
129.1	105.3
129.3	105.8
129.3	106.8
129.4	108.4
129.4	109.4
129.5	110.4
129.5	111.4
129.6	112
129.7	112.5
129.8	111.4
129.8	108.9
129.9	107.9
130	107.9
130	108.4
130	109.4
130	109.4
130.1	109.4
130.2	108.4
130.2	106.8
130.4	109.4
130.4	110.9
130.4	110.9
130.6	108.9
130.6	106.8
130.8	108.4
130.9	110.4
130.9	111.4
131.1	112
131.2	113.5
131.4	116.6
131.4	118.1
131.5	116.6
131.7	114.5
131.8	111.4
131.8	110.9
131.8	107.9
131.8	105.3
131.8	103.8
131.9	102.7
131.9	100.7
132	100.2
132.1	100.7
132.3	99.1
132.3	97.1
132.4	96.6
132.5	98.6
132.5	101.7
132.5	102.2
132.5	103.8
132.6	105.3
132.8	106.3
132.8	106.3
132.9	103.8
133	103.2
133	101.2
133.1	98.6
133.1	97.1
133.3	101.2
133.3	103.2
133.4	106.3
133.5	107.9
133.5	108.9
133.6	108.9
133.8	109.9
133.8	109.9
133.8	107.9
133.9	105.3
134	102.2
134	100.7
134	100.2
134.1	98.6
134.2	98.1
134.2	98.6
134.4	102.2
134.4	104.3
134.5	104.8
134.6	104.8
134.8	102.7
134.9	100.2
135	99.7
135.1	100.2
135.3	101.2
135.5	101.7
135.6	101.2
135.7	100.7
135.7	100.2
135.8	100.7
135.8	101.7
135.9	103.2
136	104.8
136.1	107.3
136.2	108.9
136.2	109.4
136.2	109.9
136.4	110.9
136.4	110.9
136.5	110.9
136.6	108.9
136.6	105.8
136.7	103.8
136.8	102.2
136.9	102.7
136.9	103.2
136.9	105.3
137.1	107.9
137.2	108.9
137.3	108.9
137.5	108.9
137.6	109.4
137.7	110.9
137.8	111.4
137.8	112.5
138	113.5
138	114
138	114
138.1	116.6
138.3	117.1
138.3	114
138.3	111.4
138.3	110.4
138.3	109.9
138.4	108.9
138.6	108.9
138.7	106.8
138.7	106.3
138.9	104.8
139	103.8
139.1	102.7
139.2	101.2
139.3	101.2
139.4	100.2
139.4	99.7
139.4	99.7
139.3	104.3
139.4	106.8
139.6	108.9
139.7	108.9
139.7	109.4
139.9	109.9
139.9	109.9
140	109.9
140.1	110.9
140.1	110.9
140.2	111.4
140.2	111.4
140.3	113.5
140.4	114.5
140.4	115.6
140.6	114.5
140.6	114
140.7	113.5
140.9	114
141	116.1
141.1	118.6
141.3	119.1
141.3	119.1
141.4	116.1
141.4	114
141.5	113.5
141.5	112.5
141.6	112
141.7	112.5
141.8	115
141.8	119.1
141.9	120.7
142	122.2
142.1	123.8
142.1	124.8
142.2	125.8
142.4	123.8
142.4	123.2
142.4	120.7
142.4	118.6
142.6	116.6
142.8	119.1
142.8	122.7
142.9	123.8
143	124.8
143.1	126.8
143.2	127.9
143.2	128.9
143.2	130.4
143.1	132.5
143.1	132.5
143.4	132.5
143.5	132
143.5	129.9
143.6	126.3
143.7	124.8
143.7	122.2
143.8	121.2
143.8	121.2
143.8	119.7
143.9	118.6
144	117.6
144.2	117.6
144.2	117.6
144.4	117.6
144.4	117.6
144.5	116.6
144.6	115
144.6	114
144.7	112
144.7	111.4
144.7	110.9
144.7	109.9
144.8	108.9
144.9	107.9
145.1	106.8
145.1	104.8
145.1	106.8
145.2	108.4
145.2	110.4
145.4	110.4
145.4	110.9
145.4	110.9
145.5	112.5
145.6	113
145.6	113
145.7	113
145.8	115.6
145.9	117.6
145.9	118.1
145.9	118.6
146	119.7
146.1	119.7
146.2	119.7
146.3	119.1
146.4	117.1
146.4	116.6
146.5	114
146.5	111.4
146.6	108.4
146.8	107.3
146.8	107.9
146.8	108.9
146.9	108.9
147.1	105.3
147.1	103.8
147.2	103.8
147.3	103.8
147.3	104.8
147.3	105.3
147.4	107.3
147.4	107.9
147.5	110.4
147.6	112
147.7	113
147.9	112.5
148	107.3
148	106.8
148.1	105.3
148.2	103.2
148.3	100.7
148.5	98.1
148.6	98.1
148.7	98.6
148.7	99.7
148.7	100.2
148.8	101.7
149	102.2
149	102.2
149.1	101.2
149.1	102.2
149.3	102.2
149.5	99.7
149.5	99.1
149.6	99.7
149.7	102.7
149.9	104.3
150	106.3
150	107.3
150	107.9
150	109.9
150.2	110.9
150.2	110.9
150.4	108.9
150.5	106.3
150.7	105.3
150.8	105.7
150.9	105.7
151	105.7
151.1	105.7
151.4	106.3
151.5	110.6
151.5	112.2
151.5	115.4
151.5	119.2
151.6	122.4
151.7	126.7
151.8	130.5
151.8	134.3
151.8	137.5
151.8	141.8
151.8	142.4
151.8	145.1
151.8	147.2
151.8	148.8
151.8	151
151.8	151.5
151.8	152.6
151.8	155.8
151.8	156.9
152	158.5
152	159.1
152	159.1
152.1	159.1
152.2	156.9
152.2	153.1
152.2	152.1
152.3	147.2
152.3	144
152.3	140.7
152.3	137
152.2	132.1
152.2	127.8
152.2	123.5
152.2	123
152.2	118.7
152.2	118.1
152.3	113.8
152.4	107.4
152.4	104.1
152.4	103.6
152.5	101.4
152.6	99.3
152.7	96.1
152.9	93.4
153	92.3
153	92.3
153.1	93.4
153.2	91.2
153.2	89.6
153.2	89.6
153.3	86.9
153.3	84.2
153.3	83.1
153.4	81
153.5	77.2
153.6	73.4
153.7	71.3
153.7	70.7
153.8	68.6
154	66.4
154.2	67
154.2	67
154.3	69.7
154.3	70.7
154.3	70.7
154.4	72.9
154.6	77.2
154.7	79.4
154.6	83.7
154.6	87.4
154.7	89.1
154.8	92.3
154.9	95
155	97.1
155.1	99.8
155.2	103.1
155.3	105.2
155.3	107.9
155.4	108.4
155.4	109.5
155.4	111.1
155.5	113.3
155.6	116.5
155.8	119.2
155.9	120.3
155.9	120.8
156	118.7
156.1	116
156.2	113.3
156.3	112.2
156.4	113.3
156.4	116
156.4	116.5
156.7	119.7
156.8	120.8
156.9	122.4
157	124.1
157.1	127.3
157.2	128.4
157.3	128.4
157.4	126.7
157.5	122.4
157.5	118.7
157.5	117.6
157.6	117.6
157.7	117.6
157.8	114.9
157.8	113.3
158	114.4
158	114.4
158.1	113.3
158.4	110.6
158.6	110.6
158.8	111.7
159	114.4
159.2	118.1
159.3	118.7
159.4	121.9
159.6	124.1
159.7	119.2
159.7	119.2
159.7	117.6
159.8	116.5
159.8	116.5
159.9	120.8
160.2	123.5
160.2	123.5
160.2	119.7
160.3	118.1
160.3	116
160.3	114.4
160.4	111.7
160.8	110.6
160.8	114.4
161	118.7
161.2	121.9
161.2	125.1
161.3	128.4
161.3	128.9
161.4	129.4
161.6	126.7
161.6	125.1
161.7	121.9
161.9	120.8
161.9	123.5
162	126.2
162	126.2
162.1	127.3
162.3	123.5
162.4	120.8
162.5	118.1
162.5	117.6
162.6	116
162.7	113.8
162.9	112.2
163	113.8
163	115.4
163.2	115.4
163.3	115.4
163.4	115.4
163.4	113.3
163.5	112.7
163.6	114.4
163.7	116
163.7	117.1
163.8	118.1
164	118.7
164.2	118.1
164.5	115.4
164.6	115.4
164.7	114.4
164.8	118.1
164.9	122.4
165	125.1
165	125.1
165.2	121.9
165.4	120.8
165.4	120.3
165.5	118.1
165.5	115.4
165.5	114.9
165.6	114.4
165.7	115.4
165.8	116
165.9	117.1
166	115.4
166.1	112.7
166.1	110.1
166.2	108.4
166.3	108.4
166.4	112.7
166.6	114.9
166.8	117.1
167	120.3
167	120.8
167	121.9
167.1	121.9
167.3	118.7
167.4	115.4
167.4	114.9
167.6	119.2
167.6	119.7
167.7	120.8
167.8	119.7
167.9	116
167.9	113.8
167.9	111.1
168	107.9
168.2	106.8
168.3	111.1
168.4	113.3
168.4	113.8
168.5	116
168.5	116.5
168.6	117.6
168.7	119.7
168.8	121.9
168.8	123
169	123
169.1	120.8
169.1	120.3
169.2	116.5
169.3	116
169.3	116
169.5	117.1
169.6	118.1
169.7	116.5
169.6	114.9
169.6	114.9
169.7	113.3
169.7	112.2
169.8	110.6
169.8	109
170	106.3
170.1	104.7
170.2	103.1
170.2	98.2
170.2	96.1
170.3	93.4
170.3	92.8
170.5	88
170.6	87.4
170.7	89.6
170.7	90.1
170.9	93.9
170.9	96.1
171	99.8
171.1	107.9
171.1	109
171.1	111.7
171.2	114.4
171.2	117.6
171.2	118.7
171.2	118.7
171.3	119.7
171.4	119.2
171.5	113.8
171.5	111.7
171.5	111.1
171.7	110.1
171.7	110.1
171.7	110.1
171.8	110.1
171.9	110.6
171.9	111.1
172	113.3
172.1	116
172.2	116.5
172.2	117.6
172.3	121.9
172.4	123
172.4	123
172.5	120.3
172.6	119.7
172.7	120.3
172.7	121.4
172.7	122.4
172.8	124.6
173	128.4
173.1	131.1
173.2	131.1
173.3	131.6
173.5	126.2
173.4	123.5
173.4	120.8
173.5	119.2
173.5	116.5
173.5	115.4
173.5	113.8
173.5	113.3
173.5	111.7
173.5	109.5
173.6	109
173.7	108.4
173.9	111.7
173.9	113.3
174.2	112.7
174.2	112.2
174.3	112.2
174.3	112.2
174.5	117.1
174.6	118.7
174.6	118.7
174.7	119.2
174.8	116
174.8	116
174.8	113.8
174.8	112.7
174.9	111.7
174.9	110.6
174.9	109.5
174.9	109.5
175	109.5
175	109.5
175.1	110.6
175.3	113.3
175.4	114.4
175.4	114.9
175.4	116
175.5	117.6
175.5	117.6
175.7	118.1
175.8	118.1
175.8	117.1
175.8	114.9
175.8	114.4
175.8	113.3
175.8	111.1
175.8	109
175.8	107.9
175.8	107.9
175.9	106.3
176	105.2
176	104.7
176.1	104.1
176.2	104.1
176.4	106.8
176.4	109
176.5	109.5
176.5	110.6
176.5	111.1
176.5	112.2
176.5	112.7
176.7	112.2
176.7	110.1
176.8	107.9
176.8	106.8
176.9	105.7
177	105.2
177	104.7
177	104.1
177.1	102.5
177.1	102
177.1	100.4
177.2	99.3
177.3	99.3
177.3	101.4
177.4	104.1
177.4	106.3
177.4	106.8
177.4	110.1
177.5	111.1
177.5	112.7
177.6	114.9
177.6	117.1
177.7	118.1
177.8	119.2
178	118.1
178.1	118.1
178.1	119.7
178.2	121.9
178.2	123
178.2	124.6
178.4	127.3
178.4	128.4
178.5	128.9
178.6	130.5
178.7	130.5
178.8	128.9
178.8	126.7
178.8	125.7
178.8	124.1
178.8	121.9
178.9	119.7
178.9	117.6
179	115.4
179	113.3
179	110.1
179.1	107.9
179.2	106.3
179.2	106.3
179.2	108.4
179.3	112.7
179.3	114.9
179.3	115.4
179.3	117.6
179.4	118.7
179.4	120.3
179.5	121.9
179.6	123.5
179.6	124.1
179.6	124.1
179.6	124.6
179.7	125.7
179.8	126.2
179.9	125.7
179.9	125.1
180	123
180	121.4
180	120.8
180.1	120.8
180.2	121.4
180.3	121.4
180.3	119.7
180.3	119.7
180.3	118.1
180.3	117.1
180.3	116
180.4	113.3
180.5	111.7
180.6	110.1
180.6	109.5
180.7	109
180.8	111.1
180.8	112.7
180.8	113.8
180.8	114.4
181.2	116.5
181.3	117.6
181.4	117.6
181.4	117.6
181.4	117.6
181.4	117.1
181.6	116
181.6	116
181.8	116
181.8	119.7
181.9	121.9
181.9	125.7
181.9	126.7
182	127.8
182.1	130
182.1	130.5
182.2	132.1
182.2	133.2
182.3	133.7
182.3	135.9
182.3	136.4
182.3	137
182.3	137
182.3	137
182.3	137.5
182.4	137.5
182.5	137.5
182.6	134.3
182.6	133.7
182.6	131.6
182.7	129.4
182.7	128.9
182.7	127.3
182.8	126.2
182.8	126.2
182.9	125.1
182.9	123.5
183	122.4
183	120.8
183.1	119.7
183.2	118.7
183.4	118.1
183.5	117.1
183.5	116
183.6	115.4
183.6	114.9
183.7	113.8
183.7	112.7
183.8	116
183.9	118.1
183.9	119.2
184	119.7
184.1	120.3
184.1	120.3
184.1	120.8
184.1	120.8
184.2	118.7
184.2	118.7
184.4	119.7
184.4	120.3
184.6	120.3
184.7	119.7
184.9	121.4
184.9	121.9
185	123.5
185	124.1
185.1	126.7
185.1	128.4
185.2	127.8
185.2	125.1
185.3	123
185.4	121.4
185.5	120.8
185.6	120.8
185.8	122.4
185.8	124.1
185.8	125.7
185.9	126.2
186	126.2
186.1	126.2
186.2	126.2
186.3	125.7
186.4	123.5
186.4	123.5
186.4	123
186.5	120.8
186.7	120.3
186.8	122.4
186.8	123
186.9	124.6
186.9	125.7
186.9	125.7
186.9	125.7
187	125.7
187	125.7
187.2	125.7
187.2	125.1
187.2	123.5
187.3	121.4
187.3	120.8
187.3	120.3
187.4	118.7
187.4	118.7
187.6	117.6
187.7	118.1
187.7	120.3
187.7	120.8
187.8	121.9
187.9	123.5
188	124.1
188	124.1
188.1	124.1
188.1	122.4
188.1	120.8
188.1	120.3
188.1	119.2
188.1	117.6
188.2	117.1
188.2	116
188.2	114.9
188.2	114.9
188.2	113.8
188.2	112.7
188.3	112.2
188.3	112.2
188.4	111.1
188.4	111.1
188.5	110.6
188.6	111.1
188.6	112.7
188.7	114.9
188.8	115.4
188.8	117.6
188.8	118.7
188.8	119.2
188.9	119.7
188.9	120.8
189	121.4
189	121.4
189.1	120.8
189.1	119.2
189.1	119.2
189.1	119.2
189.1	121.4
189.2	122.4
189.2	122.4
189.2	122.4
189.3	122.4
189.4	122.4
189.4	121.4
189.5	119.2
189.5	117.6
189.5	115.4
189.5	114.9
189.5	113.8
189.5	113.8
189.6	112.7
189.7	113.8
189.7	116
189.7	118.1
189.7	118.7
189.8	121.4
189.8	121.9
189.8	122.4
189.9	122.4
190	123
190	123
190.2	122.4
190.3	121.9
190.3	120.3
190.3	118.1
190.3	115.4
190.4	112.2
190.4	111.1
190.4	110.6
190.4	109
190.5	107.4
190.5	105.2
190.7	106.3
190.7	106.8
190.7	110.1
190.7	111.7
190.7	112.7
190.7	114.4
190.9	114.4
191	114.4
191.1	113.3
191.1	112.7
191.2	111.7
191.4	110.6
191.6	111.1
191.7	111.7
191.8	112.2
191.8	113.3
191.9	114.4
191.9	114.9
191.9	116.5
192	118.1
192	120.3
192	120.3
192.1	121.4
192.1	121.9
192.1	122.4
192.2	123
192.3	121.4
192.3	118.7
192.3	118.7
192.4	115.4
192.4	114.9
192.4	114.9
192.5	114.4
192.6	116.5
192.8	118.1
192.8	118.7
192.9	120.8
192.9	123.5
192.9	124.1
193.1	126.2
193.1	126.7
193.1	128.4
193.2	130
193.2	130.5
193.3	127.3
193.3	126.7
193.5	123.5
193.5	123
193.5	119.7
193.5	118.7
193.5	117.1
193.5	114.9
193.7	115.4
193.7	118.1
193.7	118.7
193.7	121.4
193.7	123
193.8	124.1
194	125.7
194	126.2
194.1	126.7
194.2	127.3
194.3	127.3
194.4	126.7
194.4	126.7
194.5	128.4
194.5	130
194.6	130.5
194.7	130.5
194.7	127.8
194.7	125.1
194.8	122.4
194.9	120.3
195	122.4
195.1	123.5
195.1	123
195.1	121.9
195.2	119.2
195.3	117.1
195.3	114.4
195.4	112.2
195.4	111.7
195.5	110.6
195.7	107.9
195.7	110.6
195.8	114.4
195.9	117.1
196	119.7
196	120.8
196.2	121.4
196.2	121.9
196.2	121.9
196.3	119.7
196.5	119.7
196.5	121.4
196.6	121.4
196.6	121.9
196.7	121.4
196.8	119.7
196.8	118.1
196.9	118.1
196.9	117.6
196.9	117.6
197	117.1
197	118.7
197	119.2
197.1	119.2
197.1	118.7
197.1	118.1
197.1	117.6
197.2	117.1
197.2	115.4
197.3	115.4
197.3	116
197.4	117.1
197.5	118.1
197.5	118.7
197.5	119.2
197.6	119.2
197.7	118.7
197.8	118.1
197.8	117.1
197.9	117.1
198	116
198.1	114.9
198.2	114.9
198.2	114.9
198.4	116.5
198.4	118.7
198.5	121.4
198.6	121.9
198.6	123
198.6	123.5
198.7	124.6
198.7	125.1
198.7	126.7
198.8	127.8
198.8	128.9
198.8	128.9
198.8	129.4
198.8	129.4
198.9	130
199	128.9
199.1	126.7
199.2	124.1
199.3	121.4
199.3	120.8
199.4	119.7
199.5	117.1
199.6	114.9
199.6	114.4
199.7	113.3
199.7	111.7
199.7	111.1
199.8	111.1
199.9	112.7
200	115.4
200.1	117.6
200.2	119.7
200.3	119.7
200.4	119.7
200.7	118.1
200.6	118.1
200.6	117.6
200.7	115.4
200.7	114.4
200.8	113.3
200.9	113.3
201	113.3
201.1	116
201.1	117.6
201.2	119.7
201.3	122.4
201.3	122.4
201.4	122.4
201.5	121.4
201.6	118.7
201.7	117.1
201.8	117.1
201.9	115.4
202	114.9
202.2	114.9
202.2	114.9
202.5	114.9
202.7	116.5
202.8	116.5
202.9	117.6
202.9	117.6
203	117.6
203.1	117.6
203.1	114.9
203.1	113.3
203.1	112.2
203.2	110.6
203.3	107.9
203.3	105.2
203.5	104.1
203.6	107.4
203.7	107.9
203.7	109.5
203.7	110.6
203.7	111.7
204	115.4
204.1	116.5
204.2	119.7
204.2	120.3
204.3	121.9
204.3	122.4
204.3	123
204.4	121.4
204.4	118.1
204.5	116.5
204.7	118.7
204.8	120.8
205	124.6
205	125.1
205	125.7
205	127.3
205.1	128.4
205.2	128.9
205.3	131.6
205.3	132.1
205.3	134.3
205.3	134.8
205.5	135.9
205.6	137
205.7	136.4
205.7	133.7
205.8	131.6
205.8	130
205.9	128.4
205.9	125.7
205.9	123.5
205.9	120.8
205.9	119.2
206	117.6
206	117.1
206.1	117.1
206.2	117.6
206.3	119.2
206.3	121.9
206.4	122.4
206.4	123
206.4	123
206.5	121.9
206.5	120.8
206.6	120.3
206.7	119.7
206.7	119.7
206.8	120.8
206.9	124.1
206.9	126.2
207	126.2
207.1	126.7
207.2	126.7
207.3	124.6
207.3	123
207.3	123
207.3	121.4
207.3	119.2
207.5	118.7
207.5	118.7
207.5	115.4
207.5	115.4
207.6	113.8
207.7	114.9
207.7	116
207.7	118.1
207.8	118.7
207.8	120.8
207.8	120.8
207.9	121.4
208	122.4
208.1	122.4
208.2	124.1
208.2	124.1
208.4	126.2
208.4	126.7
208.4	126.7
208.5	126.2
208.6	124.1
208.7	122.4
208.8	120.8
208.8	118.7
208.9	117.1
208.9	114.9
209.1	112.7
209.1	110.6
209.1	110.1
209.1	110.1
209.2	111.1
209.3	113.8
209.4	114.9
209.4	113.3
209.5	113.8
209.6	115.4
209.6	117.1
209.6	118.1
209.7	118.7
209.7	118.7
209.8	117.1
209.9	115.4
210	115.4
210	115.4
210.2	114.9
210.2	113.3
210.2	113.3
210.3	112.7
210.5	111.1
210.6	112.7
210.6	116
210.7	116
210.7	118.1
210.7	119.2
210.8	119.2
211	120.3
211	120.8
211.1	120.8
211.2	123
211.3	124.1
211.3	124.6
211.4	123.5
211.4	120.3
211.5	119.2
211.6	119.7
211.7	121.4
211.7	121.9
211.7	124.1
211.9	125.7
211.9	123.5
211.9	119.7
212	118.1
212	114.9
212	113.3
212.2	110.1
212.3	106.8
212.3	106.3
212.4	103.6
212.5	99.3
212.6	98.2
212.7	102
212.7	102.5
212.8	105.7
212.8	108.4
212.9	108.4
213	109
213	109.5
213.1	111.1
213.1	113.8
213.1	115.4
213.1	115.4
213.3	117.6
213.3	118.7
213.4	120.3
213.4	120.8
213.5	121.4
213.5	121.4
213.7	120.3
213.7	120.3
213.7	117.6
213.8	114.4
213.9	112.7
214	111.7
214	110.6
214.1	110.6
214.1	109
214.3	109
214.4	110.6
214.5	110.6
214.6	111.1
214.7	111.7
214.7	112.2
214.8	114.9
214.8	116.5
214.8	118.1
214.8	118.1
214.9	119.2
214.9	120.3
214.9	120.8
215.1	120.8
215.1	120.8
215.2	118.1
215.2	118.1
215.2	116
215.3	113.8
215.4	114.9
215.4	117.1
215.4	118.7
215.5	119.2
215.7	119.7
215.7	118.7
215.8	117.1
215.8	116
215.9	115.4
215.9	113.8
215.9	112.2
216.2	110.1
216.2	110.1
216.3	110.6
216.3	111.1
216.4	112.7
216.5	116.5
216.6	117.6
216.6	118.7
216.6	118.7
216.7	118.1
216.7	117.6
216.8	117.6
216.9	119.2
216.9	119.2
217	119.7
217.1	119.7
217.1	119.7
217.3	119.2
217.3	119.2
217.4	119.7
217.4	120.8
217.4	121.9
217.4	123.5
217.5	126.2
217.5	127.3
217.6	127.8
217.6	128.4
217.6	127.8
217.7	125.1
217.8	123
217.8	123
217.9	121.4
217.9	120.3
218	120.3
218.1	120.8
218.1	121.4
218.2	124.1
218.4	126.2
218.5	125.7
218.5	121.9
218.5	121.4
218.5	120.3
218.5	118.7
218.6	116.5
218.8	116.5
218.8	117.1
218.9	119.2
218.9	119.2
218.9	121.4
218.9	121.9
219	121.9
219	121.4
219.1	119.7
219.1	119.2
219.1	117.6
219.2	116
219.3	114.9
219.3	114.4
219.4	113.8
219.5	115.4
219.5	116
219.5	117.1
219.6	117.1
219.6	118.1
219.7	118.7
219.8	118.7
219.8	118.1
219.8	117.6
219.9	116
219.9	116
219.9	114.9
220	112.7
220.1	111.1
220.1	109
220.2	106.8
220.2	106.8
220.5	105.2
220.5	107.4
220.5	109
220.6	111.7
220.6	114.4
220.7	117.1
220.7	118.7
220.7	120.3
220.7	121.9
220.7	123.5
220.7	125.1
220.7	125.7
220.7	126.2
220.7	127.3
220.7	127.8
220.7	128.9
220.7	129.4
220.7	130.5
220.8	131.1
220.8	131.6
220.9	131.6
221	131.6
221	128.4
221	124.6
221.1	121.9
221.2	119.7
221.2	118.1
221.2	117.1
221.1	114.9
221.1	114.9
221.1	112.7
221.2	109.5
221.2	108.4
221.2	106.3
221.2	104.7
221.3	102.5
221.3	102.5
221.4	103.1
221.5	104.7
221.6	107.4
221.7	109
221.7	109.5
221.9	109.5
221.9	107.9
222	105.7
222	103.6
222	103.1
222.3	99.8
222.3	98.7
222.4	99.3
222.6	100.9
222.8	101.4
222.8	102
222.9	102.5
223	104.1
223.1	105.2
223.2	105.2
223.2	105.2
223.3	106.3
223.3	106.3
223.4	106.8
223.4	108.4
223.5	110.1
223.5	110.1
223.6	110.6
223.7	111.1
223.8	110.6
223.8	109.5
223.8	108.4
223.8	106.3
223.8	105.7
223.8	104.1
223.9	103.1
223.9	102
223.9	100.4
224	96.6
224.2	95.5
224.3	95
224.4	98.2
224.4	100.4
224.5	101.4
224.5	102.5
224.6	104.7
224.6	105.7
224.6	106.3
224.7	106.3
224.7	105.7
224.8	105.2
223.8	109.5
223.8	109.5
223.8	107.9
223.8	104.7
223.9	103.6
223.9	103.1
224	101.4
224	98.2
224	96.1
224	96.1
224.1	93.9
224.2	94.4
224.3	96.1
224.4	98.2
224.4	99.8
224.4	101.4
224.5	103.1
224.5	103.6
224.5	104.7
224.5	106.3
224.6	106.8
224.6	106.8
224.8	106.3
224.8	105.2
224.8	104.1
224.9	103.6
225	102.5
225	102
225	101.4
225.1	100.9
225.1	99.8
225.2	99.3
225.4	98.2
225.4	97.7
225.4	96.6
225.4	96.1
225.5	95.5
225.6	94.4
225.6	94.4
225.6	94.4
225.6	94.4
225.7	94.4
225.7	94.4
225.8	93.9
225.9	93.9
225.9	93.9
225.9	95
225.9	95.5
226.1	96.6
226.1	96.6
226.2	95.5
226.4	93.9
226.4	91.7
226.4	90.7
226.5	88.5
226.6	85.3
226.7	82.6
226.8	81.5
226.9	79.4
227	78.8
227	77.7
227.2	77.2
227.3	79.9
227.3	84.7
227.3	85.8
227.4	88
227.6	89.6
227.6	92.3
227.6	93.4
227.8	96.1
227.9	97.1
228.1	98.7
228.1	100.9
228.1	101.4
228.1	103.1
228.1	104.7
228.1	105.7
228.1	107.4
228.2	107.9
228.2	110.1
228.2	112.2
228.3	114.9
228.3	116
228.5	119.2
228.6	120.8
228.6	121.4
228.6	118.1
228.7	113.8
228.7	113.8
228.7	111.1
228.8	108.4
228.8	107.4
228.9	107.4
229	106.3
229.1	106.8
229.2	107.9
229.2	107.9
229.3	106.8
229.3	105.2
229.4	102.5
229.5	100.4
229.6	99.3
229.7	101.4
229.8	102.5
229.8	103.1
229.9	104.1
230	104.7
230.1	105.2
230.2	107.4
230.2	108.4
230.3	109
230.3	109
230.4	105.7
230.4	104.1
230.5	102.5
230.6	103.6
230.7	105.2
230.8	106.3
230.9	104.7
230.9	102
230.9	100.9
231	99.3
231	98.2
231	96.6
231.1	94.4
231.1	92.8
231.1	89.6
231.2	88.5
231.3	86.9
231.4	84.7
231.5	86.9
231.5	86.9
231.5	90.7
231.6	95.5
231.6	97.7
231.6	99.3
231.8	100.9
231.9	103.1
232	104.7
232.1	105.2
232.2	104.7
232.2	102
232.3	101.4
232.3	102
232.5	99.3
232.5	98.7
232.6	98.2
232.9	97.7
233.1	98.7
233.1	103.1
233.1	103.6
233.1	104.7
233.1	105.7
233.1	108.4
233.3	109.5
233.3	105.2
233.3	105.2
233.4	102.5
233.4	101.4
233.6	98.7
233.7	99.3
233.8	99.3
233.8	98.7
233.9	97.1
233.9	95.5
234	93.9
234	90.7
234	88.5
234.1	88.5
234.1	88
234.1	85.3
234.3	85.3
234.3	86.4
234.4	90.1
234.4	91.7
234.5	95
234.5	96.1
234.7	96.1
234.7	95
234.7	93.4
234.8	91.2
234.9	90.1
235	88.5
235.2	89.6
235.2	91.7
235.2	95
235.2	98.2
235.4	103.1
235.5	104.7
235.5	104.7
235.6	106.3
235.7	106.8
235.8	106.8
235.8	105.2
235.9	103.1
235.9	102.5
235.9	100.4
236	98.7
236.1	96.1
236.1	94.4
236.1	92.3
236.2	91.2
236.2	90.1
236.3	86.9
236.4	85.3
236.5	83.1
236.5	83.1
236.6	81
236.6	79.9
236.6	79.4
236.8	79.9
236.9	82.6
236.9	83.1
237	85.8
237	89.6
237	92.8
237.1	93.4
237.2	94.4
237.4	96.1
237.4	98.2
237.4	100.4
237.4	100.9
237.5	101.4
237.7	103.1
237.7	103.6
237.8	102.5
237.9	99.8
238	96.6
238	96.6
238	93.9
238.1	91.2
238.1	90.1
238.1	89.6
238.1	88
238.2	86.4
238.2	85.3
238.2	84.2
238.4	78.8
238.4	78.8
238.4	77.7
238.4	76.7
238.4	76.7
238.5	76.1
238.6	78.3
238.6	78.3
238.6	78.3
238.7	77.2
238.7	77.2
238.8	76.1
239	75.1
239.1	75.6
239.1	77.2
239.1	79.9
239.2	82.6
239.2	83.1
239.3	86.4
239.3	86.9
239.3	88
239.3	89.6
239.3	91.2
239.3	91.7
239.4	93.9
239.4	95.5
239.5	97.7
239.5	99.3
239.5	99.8
239.6	100.9
239.6	102.5
239.8	103.6
239.9	102
239.9	100.9
239.9	98.7
240	95.5
240.1	93.4
240.1	92.8
240.2	91.2
240.2	90.1
240.3	88
240.4	88
240.5	88
240.6	87.4
240.7	84.2
240.7	83.7
240.9	82.6
241.1	83.7
241.1	84.2
241.1	86.9
241.2	90.1
241.2	92.3
241.2	92.8
241.3	95
241.3	97.1
241.3	98.7
241.3	99.3
241.4	100.4
241.5	100.9
241.7	100.9
241.7	96.1
241.8	93.4
241.8	91.2
241.8	89.6
241.8	89.6
241.8	87.4
241.9	87.4
241.9	88.5
242	88.5
242.1	88.5
242.3	87.4
242.5	85.8
242.5	82.6
242.6	81
242.7	80.4
242.7	79.4
242.8	79.4
242.8	84.2
242.9	85.3
242.9	86.9
242.9	90.1
242.9	92.8
243	93.4
243.1	94.4
243.3	96.1
243.4	98.7
243.4	99.3
243.4	100.9
243.4	102
243.4	103.6
243.5	105.7
243.5	107.4
243.5	109
243.5	110.6
243.5	112.2
243.7	113.8
243.7	114.4
243.7	114.4
243.8	114.9
243.8	110.1
244	105.7
244	103.1
244.1	99.3
244.1	98.7
244.1	97.1
244.3	93.9
244.4	93.4
244.5	92.8
244.6	93.9
244.7	96.1
244.7	96.6
244.8	95
244.9	91.2
245.1	88.5
245.1	86.4
245.1	86.4
245.1	84.2
245	81
245	79.4
245.1	78.3
245.2	74.5
245.2	73.4
245.3	72.4
245.3	71.3
245.3	68.6
245.3	67.5
245.4	67.5
245.4	67
245.6	68.1
245.7	72.4
245.7	76.7
245.7	79.9
245.7	80.4
245.8	82.6
245.8	83.1
245.9	84.2
246	87.4
246	90.7
246	91.7
246.2	93.9
246.2	95
246.3	93.9
246.3	93.4
246.4	90.7
246.4	89.1
246.4	86.9
246.4	86.9
246.5	84.7
246.5	82.1
246.5	79.4
246.5	76.7
246.6	72.9
246.7	72.4
246.7	71.3
246.9	74
247	77.2
247	77.2
247.2	79.4
247.3	81.5
247.6	84.7
247.7	87.4
247.8	90.1
248	92.8
248.1	95.5
248.1	96.6
248.1	97.7
248.1	99.8
248.2	101.4
248.4	102
248.4	102
248.4	100.9
248.5	96.1
248.5	93.4
248.6	91.2
248.7	88
248.8	87.4
248.8	84.2
248.9	82.1
248.9	79.4
248.9	76.7
248.9	76.7
249	73.4
249	71.3
249	69.7
249	68.6
249.1	69.1
249.2	70.2
249.3	74
249.4	78.3
249.4	78.3
249.3	81.5
249.3	83.1
249.3	84.7
249.4	86.4
249.4	88.5
249.4	89.1
249.4	90.1
249.5	91.7
249.6	96.1
249.6	97.7
249.6	98.2
249.8	101.4
249.9	102.5
250	102.5
250.1	99.3
250.1	96.1
250.1	95
250.1	92.8
250.1	91.2
250.1	86.9
250.1	85.3
250.1	84.7
250.2	81.5
250.3	79.9
250.3	78.8
250.3	76.7
250.4	75.6
250.5	73.4
250.5	71.8
250.5	69.1
250.5	68.1
250.5	67.5
250.5	65.4
250.5	63.2
250.5	61.1
250.5	60.5
250.6	58.4
250.7	57.3
250.7	57.3
250.9	58.9
250.9	61.6
250.9	63.2
251	64.3
251.1	65.9
251.2	66.4
251.3	67
251.4	68.6
251.5	72.4
251.7	78.3
251.7	81
251.7	84.7
251.8	86.9
252	89.6
252	91.2
252	92.3
252.1	92.3
252.1	92.3
252.1	89.6
252.3	85.8
252.5	85.3
252.5	88.5
252.5	90.1
252.6	93.9
252.7	97.1
252.7	98.2
252.8	100.4
252.9	102
253.1	101.4
253.1	100.4
253.2	97.7
253.5	96.1
253.7	95.5
253.8	95.5
253.9	98.2
254.1	100.4
254.2	101.4
254.2	102
254.3	102.5
254.3	103.1
254.4	104.1
254.5	105.2
254.6	103.1
254.6	100.4
254.7	97.1
254.9	98.7
254.9	102.5
254.9	103.6
254.9	104.1
255	105.2
255	105.7
255.1	106.3
255.2	106.3
255.3	104.7
255.4	103.1
255.6	104.1
255.7	105.2
255.9	108.4
256	110.6
256	111.7
256	112.7
256	114.9
256.1	117.6
256.3	121.9
256.3	123
256.4	126.7
256.4	128.9
256.6	131.6
256.6	133.7
256.6	134.3
256.7	136.4
256.7	138.1
256.8	139.7
256.8	140.2
256.8	136.4
256.8	135.9
256.9	133.2
256.9	131.1
257	128.4
257	126.2
257	125.7
257.1	123.5
257.2	121.4
257.3	123
257.3	123.5
257.3	125.1
257.4	127.3
257.5	127.8
257.6	129.4
257.9	130
258	129.4
258	128.9
258	126.7
258	124.6
258.1	124.1
258.1	124.1
258.3	124.6
258.4	126.2
258.4	126.7
258.4	128.9
258.6	128.9
258.7	128.4
258.9	128.4
258.9	126.7
259	124.6
259.1	123
259.1	122.4
259.1	120.8
259.2	119.7
259.2	117.1
259.3	116.5
259.4	113.8
259.4	114.9
259.5	117.6
259.6	119.7
259.6	121.4
259.6	121.9
259.7	123
259.8	123.5
259.9	124.1
259.9	124.1
260	122.4
260	119.7
260	119.7
260.1	119.2
260.2	119.7
260.2	120.8
260.2	120.8
260.2	121.4
260.3	121.4
260.4	119.7
260.5	119.7
260.6	118.1
260.6	115.4
260.6	114.9
260.6	113.3
260.9	111.7
261	115.4
261	118.1
261	120.3
261.2	120.8
261.3	124.6
261.4	122.4
261.4	121.4
261.5	120.3
261.7	120.3
261.8	123
261.8	123
261.8	125.1
261.9	125.7
262	127.3
262.1	128.9
262.2	127.8
262.3	127.3
262.3	124.6
262.4	121.9
262.5	121.4
262.7	124.1
262.9	126.2
262.9	128.4
263.1	128.4
263.5	126.2
263.5	124.1
263.5	123.5
263.4	121.4
263.4	120.3
263.4	118.1
263.4	116
263.5	113.8
263.7	112.7
264	115.4
264	117.1
264	118.7
264.1	120.3
264.1	120.3
264.2	119.7
264.3	118.7
264.4	118.7
264.6	121.4
264.6	121.9
264.6	123
264.8	123
264.8	120.3
264.8	118.7
264.9	118.1
264.9	116.5
265.1	114.4
265.2	111.1
265.3	111.1
265.4	113.8
265.4	114.9
265.4	118.1
265.4	120.3
265.5	121.4
265.6	122.4
265.7	123.5
265.8	122.4
265.9	121.9
266	120.8
266	121.9
266.2	122.4
266.3	120.8
266.4	119.2
266.5	118.7
266.7	118.7
266.9	119.2
267	120.8
267	121.4
267.1	122.4
267.2	124.1
267.3	125.7
267.3	126.2
267.3	127.3
267.4	128.4
267.4	128.4
267.5	124.6
267.5	124.1
267.5	121.9
267.6	121.4
267.7	119.2
267.9	120.3
267.9	121.9
267.9	121.9
268.1	123
268.2	123
268.3	123
268.5	124.1
268.7	124.6
268.7	125.1
268.9	126.7
268.9	127.3
269	127.8
269	126.7
269.1	124.6
269.1	123
269.2	120.3
269.3	121.4
269.4	124.6
269.4	126.7
269.6	126.7
269.6	126.7
269.9	125.7
270.1	124.1
270.2	122.4
270.2	122.4
270.2	121.4
270.3	121.4
270.3	119.2
270.4	117.1
270.8	117.6
270.8	120.8
270.8	121.9
270.9	123.5
270.9	123.5
271	124.6
271.1	126.7
271.2	128.4
271.3	130.5
271.4	132.7
271.6	134.8
271.6	135.4
271.7	137.5
271.7	138.6
271.8	140.2
271.8	140.2
271.8	140.7
271.8	140.7
271.8	140.7
272	139.1
272	137
272.2	135.9
272.3	135.4
272.3	135.4
272.5	132.7
272.5	130
272.6	127.8
272.7	125.7
272.8	124.1
272.9	123.5
273	122.4
273	121.4
273.2	121.9
273.3	121.9
273.4	121.9
273.4	124.6
273.4	125.7
273.5	127.3
273.6	128.4
273.6	129.4
273.7	130
273.8	131.6
273.8	132.7
273.9	134.3
273.9	135.4
273.9	135.4
274	135.4
274.1	134.8
274.1	134.3
274.1	132.7
274.2	132.7
274.2	131.1
274.3	131.1
274.4	129.4
274.4	127.8
274.5	126.2
274.6	124.6
274.8	123.5
275	123.5
275.4	124.1
275.6	124.6
274	131.1
274.1	132.7
274.1	134.8
273.9	135.9
273.8	134.8
273.8	134.3
273.8	133.2
275.7	124.6
275.8	124.6
275.9	124.6
276	125.7
276	126.2
276	126.2
276	126.7
276	126.7
276.1	126.7
276.2	126.2
276.2	125.7
276.3	123
276.3	120.3
276.3	118.1
276.4	117.6
276.5	117.6
276.7	118.7
276.7	119.2
276.7	119.2
276.9	120.8
276.9	121.4
276.9	121.4
277	121.9
277.1	123
277.2	123.5
277.4	125.7
277.5	126.2
277.5	126.7
277.6	128.4
277.6	128.9
277.7	128.9
277.7	128.9
277.8	128.4
277.8	126.2
277.9	125.7
277.9	125.7
278	125.7
278	125.7
278	125.7
278.1	123
278.3	123
278.3	123
278.4	123
278.5	124.1
278.6	126.7
278.7	130
278.7	131.6
278.7	133.7
278.7	133.7
278.7	133.7
278.7	131.1
278.8	130
278.9	130
279.1	130
279.2	130.5
279.2	130
279.3	128.4
279.3	128.4
279.6	128.4
279.7	130
279.7	129.4
279.8	128.9
279.8	127.8
279.8	126.2
279.8	126.2
280	126.2
280.2	127.3
280.3	128.4
280.5	131.1
280.6	131.6
280.6	130
280.7	127.8
280.7	125.1
281	121.9
281	119.2
281	118.1
281	117.6
281.2	119.7
281.3	122.4
281.4	124.1
281.4	124.1
281.4	123.5
281.4	122.4
281.4	121.9
281.6	120.8
281.8	121.4
281.8	123
281.8	126.2
281.9	126.7
281.9	126.2
282	126.2
282.1	127.8
282.1	132.7
282.1	133.7
282.2	134.8
282.2	137
282.3	137.5
282.3	138.1
282.4	138.1
282.5	137.5
282.5	136.4
282.5	134.8
282.6	134.3
282.6	132.7
282.7	131.1
282.9	129.4
282.9	128.9
283	127.3
283	123.5
283.1	123.5
283.2	125.7
283.3	127.3
283.3	128.4
283.3	128.9
283.5	127.8
283.5	127.3
283.6	125.7
283.6	123.5
283.7	120.3
283.7	119.2
283.7	118.7
283.8	121.9
283.8	122.4
283.9	124.6
284.1	127.8
284.2	129.4
284.2	131.1
284.3	131.1
284.4	129.4
284.4	128.9
284.4	126.7
284.4	125.7
284.6	124.6
284.6	123.5
284.8	121.9
285	121.4
285.1	120.8
285.2	122.4
285.3	126.2
285.5	131.1
285.5	131.6
285.5	132.1
285.7	134.3
285.7	134.8
285.7	135.4
285.8	135.4
285.8	133.7
285.8	132.7
285.8	132.1
286	133.2
286	134.3
286.2	134.8
286.3	134.3
286.3	131.6
286.3	131.1
286.3	131.1
286.3	128.9
286.3	127.8
286.3	125.7
286.4	124.1
286.4	123
286.6	121.9
286.6	123.5
286.7	125.1
286.7	127.3
286.9	127.3
286.9	127.3
286.9	127.3
287	125.7
287.1	124.6
287.2	125.1
287.4	126.7
287.6	127.8
287.8	130
287.8	130.5
287.9	130.5
287.9	129.4
287.9	129.4
288	130.5
288	131.6
288.1	129.4
288.1	128.9
288.3	127.3
288.3	125.7
288.4	123.5
288.4	120.8
288.4	119.7
288.5	118.7
288.5	118.1
288.6	117.6
288.7	120.3
288.8	123.5
289	126.7
289.1	129.4
289.1	132.1
289.2	134.8
289.3	135.4
289.3	135.4
289.4	135.9
289.5	135.9
289.6	134.8
289.6	132.7
289.6	130
289.7	127.3
289.9	126.2
290	124.6
290	123.5
290.1	121.4
290.1	119.2
290.2	119.2
290.2	119.7
290.2	123.5
290.2	124.1
290.2	125.1
290.4	125.1
290.5	123
290.6	123
290.6	121.9
290.7	120.3
290.8	118.7
290.8	117.6
290.9	118.1
291	121.9
291.1	124.1
291.1	124.6
291.1	124.6
291.2	127.8
291.3	131.1
291.4	132.1
291.5	134.3
291.6	135.4
291.6	135.9
291.8	135.9
291.8	134.3
291.9	132.7
292	131.6
292	131.1
292.2	128.9
292.4	127.8
292.4	127.8
292.4	127.8
292.6	128.4
292.8	130
292.8	130
292.9	130
292.9	130
292.9	127.8
292.9	126.7
292.9	125.7
293.1	124.6
293.1	124.6
293.4	126.7
293.4	125.7
293.5	123
293.6	123.5
293.6	126.2
293.7	128.4
293.8	131.6
293.8	132.7
293.9	133.7
293.8	134.8
293.9	136.4
294	137
294.1	137
294.2	134.8
294.2	134.8
294.3	133.2
294.4	131.1
294.4	128.9
294.4	127.8
294.4	127.8
294.4	125.7
294.6	124.6
294.7	126.7
294.8	127.3
294.9	128.4
294.9	128.9
295.1	128.9
295.3	128.9
295.4	128.4
295.4	128.4
295.6	126.2
295.7	125.7
295.8	125.1
295.9	124.6
295.9	124.1
296	128.4
296	128.9
296	131.6
296.1	133.7
296.2	135.9
296.2	136.4
296.2	138.6
296.2	140.7
296.2	143.4
296.2	144
296.2	146.1
296.3	147.2
296.3	148.8
296.4	150.4
296.4	151
296.4	151.5
296.6	149.4
296.6	148.3
296.6	147.7
296.6	144
296.7	142.9
296.8	140.2
296.9	139.1
297	137.5
297.1	135.9
297.2	133.7
297.3	131.6
297.3	128.4
297.2	125.7
297.2	123
297.3	120.3
297.7	113.8
297.4	113.3
297.3	112.2
297.3	109.5
297.3	106.8
297.4	103.6
297.4	99.8
297.4	98.2
297.4	96.6
297.4	92.3
297.4	92.3
297.4	91.7
297.5	90.7
297.6	88
297.7	85.3
297.7	84.2
297.7	82.1
297.7	80.4
297.7	78.3
297.7	76.7
297.7	74.5
297.7	74
297.7	72.4
297.7	70.7
297.7	68.1
297.7	64.3
297.7	64.3
297.8	62.1
297.8	61.6
298	65.9
298.1	69.1
298.1	72.4
298.1	74.5
298.2	76.7
298.2	78.3
298.2	78.8
298.2	79.4
298.2	79.4
298.2	78.8
298.2	75.6
298.3	72.9
298.4	71.3
298.4	69.7
298.4	68.1
298.5	67.5
298.6	65.9
298.7	63.7
298.7	61.6
298.7	58.4
298.9	56.2
299	58.9
299.1	60
299.2	60.5
299.4	58.9
299.8	59.4
300	58.9
300.1	57.8
300	56.7
300	52.4
300	50.3
300	50.3
300	49.2
300	48.1
299.9	45.4
299.9	43.8
299.9	42.2
299.9	39
300	36.8
300	34.7
300.1	31.4
300.2	29.3
300.2	28.8
300.2	28.8
300.3	26.1
300.3	25
300.3	23.9
300.4	23.9
300.4	22.8
300.4	22.8
300.5	21.2
300.5	20.7
300.6	19.6
300	44.4
300	42.8
300	39
300	36.3
300	34.7
300	33.6
300.1	32
300.1	29.8
300.2	28.8
300.2	27.7
300.2	26.6
300.3	23.9
300.3	22.8
300.4	21.8
300.5	20.1
300.6	18.5
300.8	18
300.9	16.9
301	16.9
301.2	17.4
301.4	17.4
301.5	16.4
301.5	15.3
301.7	14.2
301.7	14.2
301.8	14.2
302	13.7
302.2	13.7
302.5	13.7
302.6	13.7
302.6	12.6
302.8	12.6
302.9	14.2
302.9	14.2
302.9	12.1
303.3	11.5
303.5	11.5
303.5	11.5
303.6	13.1
303.6	16.4
303.6	16.4
303.7	18.5
303.9	19.6
303.9	21.2
304	21.2
304.1	21.8
304.2	19.6
304.4	19.6
304.5	21.2
304.5	22.3
304.6	23.9
304.6	24.4
304.8	25.5
304.8	26.1
305	25.5
305	25.5
305.2	23.4
305.3	23.4
305.6	21.8
305.8	21.2
305.8	21.2
305.9	21.2
305.9	21.8
306	22.3
306	23.9
306.2	25
306.4	26.1
306.5	26.6
306.6	26.6
306.7	25.5
306.9	23.9
306.9	22.8
307.2	23.9
307.3	25
307.4	25.5
307.5	26.6
307.6	27.7
307.9	29.8
308	29.8
308.1	26.1
308.4	23.4
308.5	21.2
308.6	20.7
308.8	21.8
308.8	22.3
309	23.9
309.1	24.4
309.2	24.4
309.5	22.8
309.6	21.8
309.7	22.3
309.8	21.8
310	23.9
310.2	25
310.2	24.4
310.4	23.4
310.7	20.1
310.9	19.6
310.9	19.6
310.9	20.7
310.9	21.8
311	23.4
311.1	23.9
311.3	27.1
311.3	27.1
311.4	26.6
311.5	26.6
311.6	25.5
311.6	21.8
311.7	19.6
311.9	19.6
311.9	20.7
311.9	21.2
312.2	28.8
312.2	28.8
312.2	29.3
312.3	28.8
312.4	27.1
312.4	27.1
312.4	25
312.5	24.4
312.6	24.4
312.7	26.1
312.8	28.2
312.9	30.4
313	30.9
313	29.8
313.1	29.8
313.2	27.7
313.2	25.5
313.3	23.9
313.3	21.8
313.3	20.1
313.3	20.1
313.4	20.1
313.6	21.8
313.6	22.8
313.7	23.9
313.8	25.5
313.9	28.8
313.9	30.9
314	30.9
314.2	29.3
314.2	27.1
314.3	25
314.3	23.9
314.5	22.3
314.6	22.8
314.6	22.8
314.6	25
314.9	26.6
315.1	27.7
315.1	27.7
315.2	27.7
315.5	27.7
315.7	26.1
315.7	25.5
315.8	25
315.9	23.9
315.9	22.8
316	22.8
316	22.8
316.2	21.2
316.4	20.7
316.5	20.7
316.5	20.7
316.6	20.7
316.6	20.7
316.9	22.3
317.1	23.9
317.2	25.5
317.4	27.7
317.5	28.8
317.5	29.3
317.7	30.4
317.8	31.4
317.8	32
318	32
318.2	32
318.4	32
318.5	32
318.7	32
318.8	32
319	31.4
319.1	31.4
319.4	31.4
319.4	32
319.5	32.5
319.7	34.1
319.9	36.3
319.9	36.3
320	36.8
320	37.4
320.1	37.9
320.3	37.9
320.4	37.9
320.5	37.4
320.7	36.8
320.7	35.8
320.8	35.8
320.9	36.8
321	38.4
321.1	39
321.2	39
321.3	39
321.4	38.4
321.4	37.4
321.6	38.4
321.7	38.4
321.7	39
321.8	37.4
321.8	36.8
321.8	35.8
321.8	35.2
321.8	34.1
321.9	33.6
322.1	35.2
322.2	37.4
322.4	39.5
322.5	40.6
322.7	40.1
322.7	38.4
322.7	36.3
322.7	35.8
322.8	35.8
322.8	37.4
322.9	39
323	40.1
323	40.6
323.1	41.7
323.2	41.7
323.3	41.1
323.3	39.5
323.4	37.4
323.4	35.8
323.4	33.6
323.4	34.7
323.5	36.3
323.6	38.4
323.7	40.6
323.8	41.1
323.9	41.1
323.9	41.7
324.1	42.2
324.2	42.2
324.4	41.7
324.5	40.6
324.6	39.5
324.8	39.5
325	39
325.1	38.4
325.1	37.4
325.3	35.8
325.2	38.4
325.2	36.8
325.3	35.2
325.5	32.5
325.7	30.9
325.8	29.3
325.9	28.8
326	28.8
326	28.8
326	29.3
326.1	29.8
326.1	30.4
326.2	30.4
326.3	28.8
326.3	28.8
326.3	28.8
326.4	29.3
326.5	31.4
326.6	33.1
326.7	33.1
326.7	34.1
326.8	34.1
326.8	34.1
326.8	33.1
326.9	32.5
326.9	30.9
327	30.4
327	29.3
327	29.3
327.2	29.3
327.3	30.4
327.4	32.5
327.5	34.1
327.5	34.7
327.5	35.2
327.6	36.3
327.7	36.3
327.9	34.7
328	33.6
328	33.1
328.1	31.4
328.2	29.8
328.3	28.8
328.3	28.8
328.4	26.6
328.5	26.1
328.6	25.5
328.7	25.5
328.8	26.1
328.9	28.2
329.1	29.8
329.2	29.8
329.2	29.8
329.3	29.3
329.3	28.8
329.5	27.7
329.7	26.6
329.8	26.6
330	28.2
330	29.8
330.1	31.4
330.2	32
330.2	33.6
330.3	35.2
330.4	36.3
330.5	35.8
330.5	33.1
330.6	29.8
330.7	28.2
330.9	29.8
330.9	30.9
330.9	30.9
330.9	31.4
331	32
331	32.5
331.1	32.5
331.1	31.4
331.1	31.4
331.3	29.3
331.4	27.1
331.4	25
331.5	23.4
331.7	22.8
331.9	22.3
331.9	22.3
332	22.8
332.1	23.4
332.2	24.4
332.4	25.5
332.6	25.5
332.6	26.1
332.7	26.1
332.8	27.1
333	27.1
333	27.7
333	27.7
333.1	28.2
333.4	28.2
333.4	28.2
333.6	28.2
333.8	27.1
333.8	27.1
334	27.1
334.1	27.1
334.3	26.1
334.3	26.1
334.4	26.1
334.5	24.4
334.6	23.9
334.7	23.9
334.8	22.8
335	21.8
335.2	20.1
335.2	20.7
335.3	21.8
335.4	23.9
335.4	26.1
335.6	27.1
335.6	26.6
335.6	24.4
335.7	24.4
335.8	24.4
335.9	26.6
336.2	27.1
336.3	27.1
336.3	25
336.3	22.3
336.3	22.3
336.4	22.3
336.5	22.3
336.6	23.9
336.8	25.5
336.8	26.1
336.8	27.1
336.9	28.8
336.9	29.3
337	27.1
337.2	26.1
337.3	27.7
337.4	29.3
337.6	30.4
337.7	30.4
337.9	28.2
338	26.1
338.2	23.9
338.3	23.9
338.3	22.3
338.4	21.8
338.5	23.4
338.7	25
338.8	25.5
338.9	23.9
339	22.3
339.1	20.7
339.1	19.1
339.1	18.5
339.4	15.3
339.5	13.7
339.6	12.6
339.7	13.7
339.9	14.8
339.9	16.9
339.9	19.1
340.1	22.8
340.1	23.4
340.3	28.2
340.3	30.9
340.3	36.8
340.3	39
340.4	43.3
340.5	45.4
340.7	56.7
340.7	57.3
340.7	57.3
340.8	58.9
340.9	60
341	62.7
341	63.7
341	64.8
341	65.4
341	67
341.1	68.1
341.1	68.6
341.1	70.2
341.2	72.9
341.3	75.1
341.3	77.2
341.5	78.8
341.3	83.1
341.4	86.9
341.4	88
341.5	89.1
341.6	90.7
341.8	95
341.8	97.1
341.8	97.7
341.9	98.2
341.9	99.3
342	99.8
342	100.9
342	102
342	104.1
342.1	104.7
342.1	106.3
342.1	108.4
342.2	111.1
342.3	112.2
342.3	113.3
342.3	113.3
342.3	114.4
342.3	114.4
342.3	115.4
342.3	116
342.4	116.5
342.4	117.6
342.4	116.5
342.5	115.4
342.6	113.3
342.7	109.5
342.8	108.4
342.8	106.3
342.9	104.1
342.9	102.5
342.9	100.4
342.9	98.2
342.9	96.6
342.9	95
343.1	90.7
343	89.1
343	88.5
343	87.4
343.1	86.4
343.1	85.3
343.1	85.3
343.2	84.7
343.3	84.7
343.3	84.7
343.3	83.7
343.3	82.6
343.3	81
343.4	79.4
343.5	76.7
343.5	76.1
343.6	77.2
343.7	81.5
343.7	83.1
343.8	84.7
343.9	85.3
344	85.3
344.1	86.9
344.1	87.4
344.3	91.2
344.4	93.4
344.6	96.1
344.6	96.6
344.8	97.7
344.8	97.7
344.9	97.1
344.9	95
345	91.7
345	91.2
345	87.4
345	84.7
345.1	82.6
345.1	80.4
345.1	76.1
345.1	73.4
345.2	71.8
345.2	70.2
345.3	68.1
345.4	65.9
345.4	65.4
345.4	62.1
345.5	61.6
345.5	59.4
345.5	56.7
345.5	55.1
345.6	53
345.6	52.4
345.7	52.4
345.7	52.4
345.8	54.1
345.8	55.1
345.8	57.3
345.8	58.4
345.9	58.9
346.1	60
346.2	61.6
346.2	63.7
346.2	64.3
346.3	65.4
346.3	65.9
346.4	66.4
346.4	67.5
346.4	68.1
346.6	66.4
346.6	64.8
346.7	64.3
346.7	62.7
346.7	61.1
346.7	59.4
346.7	57.3
346.8	56.7
346.9	54.1
347	52.4
347.1	51.9
347.2	52.4
347.2	54.6
347.2	54.6
347.2	56.2
347.2	56.2
347.2	57.8
347.4	60
347.4	61.6
347.5	64.3
347.5	65.9
347.6	67.5
347.6	69.1
347.6	70.2
347.8	72.9
347.8	72.9
347.8	73.4
347.8	75.1
347.8	75.1
347.8	75.6
347.8	76.1
348	76.1
348.1	75.1
348.2	72.4
348.3	69.7
348.3	65.9
348.6	63.2
348.6	63.7
348.7	64.3
348.7	63.7
348.9	59.4
348.9	53
348.9	51.4
349.1	46
349.3	40.6
349.5	35.8
349.5	35.2
349.5	32
349.6	27.7
349.6	26.6
349.6	22.3
349.6	22.3
349.7	20.7
349.8	18.5
349.9	18
350	18
350.1	17.4
350.1	17.4
350.2	18
350.4	19.6
350.5	21.2
350.5	21.8
350.5	21.8
350.6	21.8
350.9	23.4
350.9	23.4
350.9	21.8
350.9	21.8
351.1	19.1
351.2	18
351.2	17.4
351.3	17.4
351.4	17.4
351.5	18.5
351.6	20.7
351.7	20.7
351.8	20.7
351.9	22.3
351.9	25.5
351.9	28.8
352	33.1
352	34.7
352.1	42.8
352.2	47.1
352.4	54.1
352.4	54.1
352.4	55.1
352.4	56.7
352.4	57.8
352.4	60
352.4	61.6
352.4	62.1
352.4	62.1
352.5	62.1
352.8	63.2
352.8	65.4
352.8	65.9
352.9	68.1
352.9	69.1
353.1	71.3
353.2	73.4
353.2	74
353.2	74
353.2	74.5
353.2	74.5
353.3	75.1
353.4	75.1
353.5	74.5
353.6	72.9
353.8	74.5
354.1	78.3
354.1	78.3
354.1	80.4
354.1	81
354.1	83.1
354.3	93.9
354.3	96.6
354.3	100.4
354.4	105.2
354.4	105.2
354.4	106.8
354.4	109.5
354.5	113.3
354.6	118.7
354.6	119.7
354.6	121.4
354.6	123
354.6	124.1
354.7	125.1
354.7	125.1
354.8	122.4
354.8	119.2
354.9	118.1
355.1	113.3
355.1	109.5
355.2	106.8
355.2	106.3
355.3	103.6
355.3	103.6
355.4	100.9
355.4	99.3
355.4	98.2
355.5	101.4
355.6	103.6
355.6	102.5
355.6	102
355.6	99.8
355.8	97.1
355.9	95
355.9	93.4
355.9	90.1
355.9	89.6
355.9	85.8
355.9	84.2
355.8	78.8
355.8	76.7
355.8	74.5
355.9	72.4
356	71.3
356	67.5
356.1	65.4
356.1	63.7
356.1	63.7
356.2	59.4
356.2	57.8
356.2	56.7
356.2	53.5
356.3	51.9
356.4	48.7
356.4	47.6
356.6	47.6
356.6	47.1
356.6	46
356.6	46
356.6	44.9
356.6	43.8
356.7	41.7
356.7	41.7
356.7	41.7
356.9	41.7
356.9	42.8
357.1	44.4
357.1	44.4
357.1	45.4
357.2	45.4
357.2	43.3
357.2	42.8
357.3	41.7
357.4	41.1
357.4	41.1
357.4	41.1
357.7	41.1
357.7	42.2
357.8	42.8
357.8	44.4
357.9	45.4
357.9	45.4
357.8	47.1
357.9	49.2
357.9	49.7
357.9	51.4
357.9	51.4
357.9	51.9
357.9	51.9
358.1	51.9
358.3	51.9
358.4	49.7
358.6	48.7
358.6	49.2
358.8	50.8
358.8	51.9
358.9	54.1
359	55.1
359.1	55.7
359.1	55.7
359.3	55.7
359.4	51.9
359.5	47.6
359.6	45.4
359.6	42.8
359.7	41.1
359.7	39
359.9	37.4
360	36.8
360.1	37.9
360.1	38.4
360.1	41.1
360.1	42.2
360.2	42.8
360.4	43.3
360.7	43.8
360.8	44.4
360.9	44.9
361	45.4
361.1	46.5
361.2	47.6
361.2	50.3
361.2	51.9
361.4	53.5
361.6	55.1
361.7	56.7
361.7	57.3
361.7	57.8
361.8	58.4
361.9	58.9
362	57.3
362.1	55.1
362.3	51.9
362.4	49.7
362.5	47.1
362.6	45.4
362.7	44.4
362.7	42.8
362.8	41.1
362.8	38.4
363	36.8
363	34.7
363.2	33.1
363.3	32.5
363.4	34.1
363.4	34.7
363.5	35.8
363.6	36.3
363.9	37.4
363.9	37.9
363.9	37.9
364.1	39
364.2	39.5
364.4	39.5
364.5	39.5
364.6	39.5
364.9	39.5
365	41.7
365.1	43.3
365.2	43.3
365.2	42.8
365.3	40.6
365.4	39
365.7	38.4
365.7	40.6
365.7	42.2
365.7	43.3
365.8	45.4
365.9	46
365.9	47.1
365.9	48.1
366	48.7
366.1	48.1
366.1	44.4
366.2	44.4
366.3	44.4
366.4	46
366.4	46
366.6	46
366.7	44.4
366.8	42.2
366.8	42.2
366.9	41.7
367.4	42.8
367.4	44.4
367.6	47.1
367.7	47.6
367.7	48.1
367.7	49.7
367.7	50.8
367.8	51.4
367.9	51.4
367.9	49.7
367.9	47.1
367.9	46
367.9	45.4
368	44.9
368.1	42.2
368.2	41.7
368.3	44.4
368.4	46
368.4	46
368.5	47.6
368.8	47.1
368.8	47.1
369	46.5
369	45.4
369.1	40.1
369.2	41.7
369.3	41.7
369.5	43.8
369.5	43.8
369.6	43.8
369.7	42.8
369.7	42.8
369.7	41.7
369.7	41.1
369.8	43.3
369.8	43.8
369.9	44.4
370.1	44.4
370.1	44.4
370.2	43.8
370.2	43.8
370.3	42.2
370.4	39.5
370.6	39
370.7	39
370.7	39
370.8	39
370.9	39
371.1	39
371.1	39
371.2	39.5
371.4	41.7
371.5	44.4
371.7	45.4
371.7	47.6
371.7	47.6
371.8	47.6
371.8	48.1
372	47.6
372.1	45.4
372.2	43.8
372.2	42.8
372.3	41.7
372.4	41.1
372.5	41.1
372.6	41.7
372.6	43.3
372.7	43.8
372.8	44.4
373	44.4
373.1	44.4
373.1	44.4
373.3	45.4
373.4	47.1
373.6	48.1
373.7	48.7
373.8	50.3
373.9	50.8
373.9	51.4
373.9	52.4
373.9	53.5
373.9	54.1
374	53
374	51.9
374.1	51.9
374.1	51.9
374.2	52.4
374.4	53.5
374.6	55.7
374.6	56.7
374.6	56.7
374.7	56.7
374.8	56.7
374.8	55.7
374.8	52.4
374.8	53
374.8	53.5
374.9	54.1
375	55.1
375	55.7
375.1	56.2
375.2	55.7
375.2	54.6
375.3	53.5
375.3	53
375.4	51.4
375.5	51.4
375.6	51.4
375.5	51.4
375.4	53
375.3	53
375.6	50.8
375.6	50.8
375.8	49.7
375.9	48.1
376	48.1
376.1	49.7
376.2	52.4
376.2	53.5
376.3	54.6
376.4	55.7
376.5	56.2
376.5	56.2
376.6	55.1
376.6	55.1
376.7	55.1
376.8	55.1
376.8	57.8
376.8	57.8
376.8	59.4
376.8	60.5
376.8	61.1
376.9	61.1
377	58.4
377.1	56.2
377.1	55.7
377.2	55.7
377.3	56.7
377.4	58.4
377.4	58.4
377.4	58.4
377.4	58.4
377.4	58.9
377.5	58.4
377.6	57.8
377.6	56.7
377.7	56.7
377.7	56.2
377.8	55.1
378	55.1
378	55.7
378.1	56.7
378.1	57.3
378.1	57.3
378.1	60
378.2	61.6
378.2	62.1
378.2	64.8
378.4	66.4
378.5	67
378.5	65.9
378.6	64.8
378.6	62.7
378.6	60
378.7	58.9
378.7	58.9
378.8	57.3
378.9	57.8
378.9	58.9
379	58.4
379.1	56.2
379.2	54.1
379.3	53.5
379.3	52.4
379.3	51.9
379.6	52.4
379.6	54.1
379.8	56.7
379.9	57.8
379.9	58.4
380	60
380.2	63.2
380.3	64.3
380.4	63.7
380.4	60.5
380.5	58.4
380.7	56.7
380.9	56.2
381	58.9
381	61.6
381.1	61.6
381.3	62.7
381.4	64.3
381.4	65.9
381.5	68.1
381.6	68.6
381.7	69.1
381.7	68.6
381.8	66.4
381.9	64.3
381.9	64.3
381.9	63.2
381.9	63.2
382	63.2
382.1	63.7
382.1	63.7
382.1	64.3
382.2	64.8
382.4	65.9
382.4	65.9
382.5	65.4
382.5	62.1
382.5	60.5
382.7	58.9
382.8	57.8
382.9	56.7
383	57.8
383.1	59.4
383.1	62.1
383.2	65.4
383.2	66.4
383.3	67
383.3	67.5
383.3	69.7
383.5	72.4
383.6	74
383.6	74.5
383.6	75.6
383.6	76.7
383.6	78.3
383.6	78.8
383.6	79.4
383.6	79.9
383.7	81
383.8	82.1
383.8	82.1
383.9	77.7
383.9	77.2
384	79.4
384.2	82.1
384.3	83.1
384.3	82.1
384.4	78.3
384.5	77.2
384.7	75.1
384.7	71.8
384.7	70.2
384.7	69.1
384.9	69.7
385.2	71.8
385.3	74.5
385.3	75.6
385.2	77.2
385.4	78.8
385.5	77.2
385.5	74
385.5	73.4
385.6	68.1
385.8	66.4
385.8	63.7
386.1	58.9
386	57.3
386	56.2
386.1	53.5
386.3	51.9
386.3	51.9
386.3	50.8
386.3	49.2
386.4	47.1
386.5	46
386.5	44.9
386.5	42.8
386.5	42.2
386.6	40.1
386.6	39
386.7	37.9
386.8	35.8
386.8	34.7
386.8	33.6
386.9	32.5
386.9	32.5
386.9	32.5
387	35.2
387.1	36.8
387.1	37.4
387.1	36.8
387.2	35.2
387.3	34.7
387.3	33.1
387.5	31.4
387.5	34.1
387.5	34.7
387.5	36.3
387.7	35.2
387.9	34.1
388	32.5
388	32.5
388.1	31.4
388.2	30.9
388.2	29.8
388.3	29.8
388.4	30.9
388.4	32
388.6	33.1
388.6	33.6
388.6	33.6
388.6	34.1
388.6	34.1
388.7	32
388.8	31.4
388.9	31.4
389	31.4
389.1	31.4
389.4	30.9
389.4	30.9
389.4	31.4
389.5	32.5
389.5	33.1
389.6	33.6
389.6	33.6
389.7	34.1
389.8	34.7
389.8	35.2
390	35.8
390.1	36.3
390.1	36.3
390.1	36.3
390.1	35.8
390.2	34.1
390.3	32
390.4	30.9
390.5	29.3
390.6	29.3
390.8	28.8
390.9	29.3
390.9	29.8
390.9	31.4
391	33.1
391.1	35.8
391.2	36.3
391.2	37.9
391.3	39
391.3	40.1
391.4	40.6
391.4	40.6
391.5	40.6
391.7	40.1
391.8	38.4
391.8	38.4
391.8	38.4
392	38.4
392.2	38.4
392.2	38.4
392.3	39
392.3	39
392.4	42.2
392.5	46.5
392.5	48.1
392.5	50.8
392.5	53
392.5	53
392.8	55.7
392.9	56.7
393.4	57.3
393.6	57.3
393.7	55.7
393.7	53
393.7	53
393.7	50.8
393.7	50.3
393.9	50.3
394	53.5
394.1	57.3
394.2	57.8
394.2	61.6
394.3	63.2
394.6	67
394.6	68.1
394.7	68.1
394.7	64.8
394.7	63.7
394.8	62.1
395	62.1
395.1	62.7
395.1	64.3
395.1	65.9
395.1	67.5
395.1	68.6
395.1	70.2
395.2	74
395.3	75.1
395.3	76.1
395.3	76.7
395.3	76.7
395.3	77.7
395.5	78.8
395.6	79.4
395.7	79.4
395.7	79.4
395.8	78.8
395.9	76.7
396.1	75.1
396.2	76.7
396.2	78.8
396.2	78.8
396.3	81
396.4	82.6
396.5	84.2
396.6	86.4
396.8	89.1
396.9	90.7
396.9	92.8
396.9	93.4
397	93.9
397	94.4
397.1	95.5
397.1	96.1
397.2	97.1
397.2	97.7
397.3	97.7
397.5	97.7
397.6	96.6
397.7	95
397.8	93.4
397.8	90.7
398	90.7
398	91.2
398.1	93.9
398.2	95.5
398.3	96.1
398.4	96.1
398.4	97.1
398.4	95.5
398.4	92.8
398.4	90.1
398.5	86.9
398.6	84.7
398.6	82.1
398.6	79.4
398.7	79.4
398.8	79.4
398.9	82.1
398.9	84.7
399.1	89.1
399.1	91.2
399.1	98.7
399.1	112.7
399.1	113.3
399.1	117.1
399.1	121.4
399.1	126.7
399.1	126.7
399.1	128.9
399.2	133.7
399.2	136.4
399.2	139.1
399.3	140.2
399.3	144
399.3	145.6
399.3	147.7
399.3	149.4
399.3	152.1
399.4	153.1
399.5	153.7
399.7	153.7
399.8	153.1
399.9	153.1
400	151.5
399.9	144
399.7	139.1
399.6	131.6
400	121.4
400	115.4
399.8	109
399.8	103.1
399.9	100.9
399.9	99.3
400	79.9
400	79.4
400.1	74
400.1	74
400	67.5
400	65.4
400	51.4
400	48.7
400	44.9
400	41.7
400	33.1
400	30.9
400.1	27.1
400.2	25
400.3	21.8
400.4	20.1
400.5	18
400	27.1
400.2	27.1
400.4	25
400.5	22.3
400.6	19.1
401.1	20.7
401.2	21.2
401.3	21.2
401.5	20.7
401.6	20.7
401.7	20.1
401.8	19.1
402	18.5
402	18.5
402	19.1
402.1	20.1
402.1	21.2
402.3	22.3
402.3	22.3
402.4	23.4
402.4	23.9
402.4	23.9
402.5	23.9
402.6	22.8
402.6	22.8
402.7	20.7
402.9	18.5
403.4	21.2
403.4	21.8
403.5	23.4
403.6	23.9
403.6	23.9
403.6	26.1
403.6	28.8
403.7	46
403.7	49.2
403.7	60
403.8	67.5
403.8	71.8
403.6	78.3
403.6	86.4
403.7	88
403.7	94.4
403.8	97.1
403.8	99.3
403.8	99.8
403.8	109
403.8	110.1
403.8	114.9
403.8	120.8
403.8	123
404	130.5
404	133.2
404	134.8
404.1	137.5
404.1	138.6
404.2	140.2
404.2	140.7
404.2	140.7
404.3	135.9
404.3	133.7
404.4	130
404.5	124.6
404.7	120.3
404.7	120.3
404.7	113.3
404.8	111.1
404.8	109
404.9	105.2
405.1	102
405.1	102
405.2	102.5
405.3	104.1
405.6	99.8
405.6	97.7
405.7	95
405.7	91.7
405.9	89.1
405.9	89.1
405.9	86.4
406	86.9
406.2	83.1
406.2	81
406.2	84.7
406.2	85.3
406.3	89.1
406.4	91.2
406.4	93.4
406.4	93.4
406.5	97.7
406.5	102.5
406.6	106.3
406.7	109.5
406.7	112.7
406.7	117.1
406.7	118.1
407.1	116
407.4	114.4
407.5	114.4
407.6	114.9
407.8	117.1
408	117.6
408.2	115.4
408.6	114.9
408.6	114.9
409	115.4
409.2	115.4
409.5	114.4
409.5	112.2
409.5	111.7
409.5	106.8
409.5	104.1
409.8	97.1
409.8	96.6
409.9	92.3
409.8	88.5
409.9	81.5
409.9	76.7
409.9	72.4
409.9	68.1
409.9	62.1
409.8	60
409.8	58.9
409.7	54.6
409.7	52.4
409.8	49.2
409.8	48.7
409.9	46
410	39.5
410	33.1
410	30.9
410	26.6
410	22.3
410	15.8
410	11
410	10.4
410	7.8
410.1	5.6
410.2	2.9
410.2	2.9
410.2	1.8
410.3	0.8
