27.3	31.2
27.3	31.2
27.5	30.7
27.6	29.7
27.6	29.2
27.6	29.2
27.7	30.2
27.8	31.7
27.8	32.5
27.8	32.7
27.9	33
28	32
28	30.5
28.1	29.5
28.2	28
28.3	27.2
28.3	26.5
28.3	24.8
28.3	24
28.4	23.8
28.4	22.3
28.5	21.3
28.7	21.5
28.7	22.5
28.7	23.3
28.8	22.8
29	22.5
29	23.5
29.2	25.5
29.2	25.8
29.3	26.7
29.6	28.7
29.9	29.7
29.8	29
29.9	27.2
30	25.3
30	25
30	24
30	24
30.1	23.3
30.2	22.8
30.3	20.8
30.4	20.8
30.6	21.8
30.6	21.8
30.8	21.3
31	20.8
31.2	20
31.5	19.8
31.5	19.8
31.6	20.8
31.8	22.5
32.1	22.5
32.1	21.5
32.2	21.5
32.2	21.8
32.2	23
32.4	23.8
32.9	23.5
32.9	22.5
33	21.3
33.1	21.8
33.2	24
33.9	24.8
33.9	22.3
33.9	21.3
33.8	20.5
33.9	20.5
33.9	20.5
34	20
34.1	21.3
34.2	21.5
34.3	19.8
34.3	19.5
34.3	19.3
34.6	21.8
34.7	22
34.9	20.8
34.9	20.8
35.1	20
35.2	19.3
35.4	19.1
35.6	20.5
35.7	21.8
35.8	22.5
35.9	23
36	23.3
36.2	24
36.3	24.3
36.3	24.3
36.4	22.5
36.6	21.5
36.7	20.8
36.8	21.5
36.8	23
36.8	23.3
36.9	24.3
37.1	24
37.2	23.3
37.3	22.3
37.4	21.3
37.5	20.8
37.6	20.8
37.7	21.8
37.9	23
38	24.5
38	24.5
38.2	23.5
38.3	23.5
38.3	23.5
38.4	24.5
38.6	27.2
38.6	28
38.7	29.7
38.8	32
38.9	33.2
38.9	34.4
39.1	33.9
39.2	32.2
39.4	30.2
39.6	30.2
39.6	30.2
39.7	31.7
39.7	34.2
39.8	36.4
40	38.7
40.2	40.4
40.2	40.4
40.3	40.4
40.4	37.7
40.7	39.2
41	39.7
41.1	40.2
41.1	38.2
41.1	36.9
41.3	35.4
41.4	34.9
41.4	36.7
41.4	36.9
41.7	38.4
41.8	36.2
41.8	33.5
42	31.5
42	31.5
42.1	30.7
42.1	30.2
42	28.7
42	28.2
42	26.5
42	25
42	23.5
42.1	22.3
42.2	20.5
42.4	22.3
42.5	22.8
42.7	24
43	26
43.1	28
43.1	26.3
43.2	26
43.2	24
43.2	22.8
43.2	21.8
43.2	20.5
43.3	19.3
43.2	19.8
43.3	19.8
43.3	17.3
43.3	16.3
43.4	16.1
43.4	16.1
43.7	17.8
43.9	18.1
43.9	19.8
43.9	21.5
43.9	24.5
43.9	25.8
44.1	30.2
44.1	30.7
44.1	31.2
44.1	32
44.1	32.2
44.2	32.7
44.2	33
44.2	33
44.4	33.5
44.6	30.5
44.6	28.2
44.6	25.5
44.6	23.5
44.6	22.5
44.6	22.3
44.6	21.3
44.6	19.8
44.7	18.3
44.8	17.6
45.1	18.6
45.1	19.5
45.2	21
45.3	21.3
45.4	21.3
45.4	20.3
45.5	19.8
45.7	19.1
45.7	21.5
45.8	23.5
46	24.3
46.2	25.8
46.2	25.8
46.4	24.8
46.4	24
46.5	23.5
46.6	24.3
46.7	25.3
46.7	25.3
46.7	25.3
47	24.3
47.1	23.3
47.3	23.8
47.3	24
47.6	25
47.7	25.3
47.9	26.5
48.1	28.2
48.3	28.7
48.3	27.2
48.4	27.5
48.6	30
48.7	31.2
48.8	32.2
48.8	33
48.8	33.2
49.1	34.2
49.1	34.9
49.1	35.4
49.5	34.7
49.5	34.4
49.7	34.2
49.7	33.9
49.8	32.7
49.8	31.5
49.8	31
49.9	29.7
50.1	28.2
50.1	27.5
50.1	27.2
50.2	26
50.2	26
50.3	26
50.4	26.5
50.5	27
50.5	27.2
50.5	27.7
50.6	28
50.6	28
50.6	28.2
50.6	28.2
50.6	28.2
50.7	28
50.8	27.7
50.8	26.7
50.9	26.5
50.9	26.3
50.9	25.3
51	25.8
51.1	26
51.2	26.3
51.2	26
51.2	25.8
51.2	25.3
51.3	23.8
51.3	23
51.5	21.8
51.7	21.8
51.7	21.8
51.9	22.8
52	23.3
52.2	23.3
52.4	24.8
52.4	24.8
52.6	25.8
52.7	27
52.7	27
52.8	27.7
52.9	27.7
52.9	27.5
53	27.5
53.1	27.7
53.2	28
53.3	29
53.3	29.2
53.4	28.2
53.5	28
53.6	27.7
53.8	27
54	26.5
54.2	28.5
54.2	29
54.3	29.2
54.4	28.5
54.4	28.5
54.4	27.2
54.5	27.7
54.6	29.5
54.7	30
54.7	28.7
54.7	28.5
55	29.2
55.1	31
55.1	31.2
55.2	29.2
55.3	27.5
55.4	27.2
55.6	25.8
55.9	24.8
56	26.3
56	27.2
56	28.2
56.3	30.2
56.3	31
56.5	31
56.7	30
56.7	29.2
56.8	28
56.9	27
57.1	25.8
57.1	26
57.3	27.7
57.3	30.5
57.7	30
58	29.5
58.3	31
58.6	33
58.6	34.4
58.6	34.7
58.6	35.7
58.9	39.4
58.9	40.4
58.9	42.1
58.9	43.9
59	45.1
59	46.1
59.2	47.9
59.2	48.6
59.2	49.3
59.2	49.6
59.2	50.3
59.4	52.6
59.5	53.1
59.6	52.6
59.6	52.6
59.8	51.3
59.8	51.1
59.8	50.8
59.9	49.1
59.9	48.3
59.9	49.3
59.9	49.6
60	50.8
60.1	51.3
60.3	51.3
60.4	50.8
60.4	50.3
60.5	49.6
60.6	49.3
60.8	49.3
60.9	50.1
61.2	49.8
61.3	48.8
61.3	48.1
61.4	47.6
61.4	47.1
61.6	48.6
61.6	48.6
61.8	49.1
62	47.6
62	47.1
62	46.1
62	45.1
62.1	44.9
62.2	44.6
62.3	43.4
62.5	42.4
62.5	41.4
62.5	41.6
62.7	43.4
62.8	43.9
62.8	43.1
62.8	42.9
62.8	42.4
62.9	41.1
63	40.7
63.2	40.2
63.4	40.2
63.4	40.4
63.5	41.4
63.5	42.1
63.5	41.9
63.6	41.1
63.7	41.1
63.8	41.4
63.8	41.6
63.8	42.9
64	44.4
64.2	45.1
64.3	45.9
64.4	46.4
64.5	45.4
64.5	44.6
64.6	44.1
64.6	43.6
64.8	43.1
64.9	42.4
64.9	41.9
65.1	42.9
65.2	43.4
65.6	43.9
65.6	44.1
65.6	45.6
65.8	46.4
65.9	45.1
65.9	44.1
66	43.9
66.1	44.6
66.1	45.6
66.4	47.4
66.6	48.1
66.6	48.1
66.6	48.6
67.1	50.8
67.1	51.3
67.1	52.8
67.1	53.6
67.2	54.1
67.3	55.1
67.4	55.8
67.8	55.8
67.8	54.8
67.9	51.1
67.9	50.3
67.9	49.1
67.9	47.4
68	46.1
68.2	45.1
68.2	43.4
68.2	42.1
68.3	40.9
68.3	40.7
68.3	39.4
68.3	39.4
68.3	38.4
68.4	38.2
68.5	37.2
68.6	35.9
68.7	36.2
68.8	37.2
68.9	36.9
68.9	36.9
68.9	35.4
69	35.4
69	35.4
69.1	34.4
69.1	34.2
69.1	33.5
69.1	32.7
69.2	31.5
69.2	30.7
69.2	30.5
69.3	30
69.4	29.2
69.5	28.7
69.5	28.7
69.6	28
69.8	27.7
69.9	27.7
69.9	27.7
69.9	27.5
70	27.5
70.1	27.5
70.2	28.2
70.3	29
70.4	30
70.5	30.2
70.5	31
70.7	32
70.8	32.5
70.8	32
70.8	31.5
70.9	30.5
70.9	29.5
71	28
71.1	27
71.1	27.2
71.2	26.5
71.2	25
71.2	23.3
71.4	21.8
71.5	20.8
71.6	19.8
71.6	19.5
71.7	19.3
71.8	18.6
72	18.1
72	18.1
72.3	18.6
72.4	20
72.5	21
72.7	21
72.8	22.3
73	25.3
73	25.5
73.2	28.2
73.2	30
72.9	32.7
73	33.5
73.4	35.2
73.5	37.7
73.8	46.1
73.8	48.3
73.8	62.5
73.8	65.5
73.8	65.7
73.8	70.7
73.8	71.2
73.8	75.4
73.8	81.4
73.8	86.8
73.9	95.3
73.9	101.2
73.9	104.7
73.9	107.2
73.8	109.9
73.8	111.7
73.8	111.9
73.8	114.1
73.9	115.1
74	115.4
74	116.6
74	117.9
74	118.4
74.1	119.6
74.1	120.3
74.3	121.8
74.6	119.9
74.6	116.6
74.8	112.7
74.8	110.2
74.8	110.2
74.7	108.9
74.7	107.9
74.8	103
74.8	99
74.8	95
74.8	92.5
74.8	89.6
74.9	85.6
74.9	85.6
75	84.3
75.1	80.6
75.1	79.9
75.1	78.9
75.1	77.6
75.1	76.4
75.2	74.4
75.3	72.4
75.3	73.2
75.3	75.7
75.3	76.7
75.5	79.6
75.6	80.1
75.6	80.9
75.6	81.1
75.6	82.9
75.6	84.8
75.6	86.8
75.6	87.1
75.5	88.8
75.5	89.3
75.5	90.8
75.5	92
75.5	93.3
75.7	95.3
75.7	97.5
75.7	99.2
75.8	105.5
75.8	105.9
75.8	106.2
75.8	107.7
75.9	109.2
75.9	111.7
75.9	112.2
76.4	118.9
76.4	119.6
76.4	119.6
76.6	116.6
76.6	114.1
76.6	113.9
76.4	112.7
76.4	112.4
76.4	110.2
76.5	109.7
76.6	106.7
76.7	103
76.7	101.2
76.7	96.5
76.7	90.6
76.8	89.8
76.8	89.3
76.8	86.8
76.8	86.8
76.7	83.1
76.8	82.9
76.8	81.6
76.8	81.6
76.8	74.7
76.9	72.9
76.9	72.7
76.9	71.7
77.2	71.2
77.3	69.9
77.4	70.2
77.5	71.7
77.5	73.2
77.6	75.2
77.7	74.9
77.8	74.2
77.8	72.4
77.8	70.9
77.8	69.2
77.9	68.5
78.2	69.2
78.2	70.9
78.2	72.7
78.2	72.9
78.2	74.7
78.3	76.7
78.3	78.9
78.4	79.4
78.4	83.6
78.4	83.9
78.5	86.8
78.4	92.8
78.6	100.2
78.6	101
78.6	102.5
78.7	103
78.7	104.5
78.7	106.9
78.8	108.9
78.8	108.9
79	109.4
79	110.4
79	110.7
79.2	111.4
79.2	112.7
79.3	116.1
79.5	120.6
79.6	122.6
79.5	124.6
79.5	125.6
79.4	126.6
79.4	127.8
79.4	133.5
79.4	135.5
79.4	137.5
79.5	140.5
79.4	142.4
79.5	144.4
79.6	144.7
79.7	147.7
79.7	148.4
79.6	149.6
79.6	149.6
79.7	150.6
80	151.1
80	151.1
80	151.6
80.1	152.1
80.2	149.6
80.3	147.7
80.3	146.4
80.3	146.2
80.4	145.7
80.4	146.7
80.5	146.4
80.6	145.2
80.7	145.2
80.8	146.2
80.9	146.2
81.1	142.7
81.2	140.5
81.3	140.2
81.3	138.5
81.4	137.7
81.5	138.5
81.5	138.7
81.6	137.7
81.7	137
81.9	137
82	138.7
82	140
82.1	138.2
82.1	138
82.4	134.7
82.5	134.5
82.5	133.3
82.4	132
82.4	131
82.4	131
82.5	131.3
82.8	132.5
82.8	132.8
82.8	133.5
82.9	132.8
83	130.8
83	129.8
83.2	131.5
83.3	131.8
83.3	131.8
83.3	131.8
83.5	130.8
83.6	130.8
83.7	133.3
83.7	134
83.6	135.5
83.7	136
83.9	133.8
83.9	133.3
83.9	131.5
84	130
84	128.5
84.3	127.3
84.2	127.1
84.4	124.8
84.6	123.1
84.6	120.6
84.6	120.3
84.6	118.4
84.7	116.4
84.9	114.6
85.2	115.4
85.3	118.1
85.4	118.9
85.3	121.8
85.5	124.8
85.7	129.5
85.7	129.8
85.7	132.5
85.8	135
85.8	136
86	137.5
86	137.7
86	138.7
86.1	139.2
86.1	138.2
86.4	132.5
86.6	125.8
86.9	117.1
86.8	108.4
86.8	107.2
86.8	107.2
86.7	98.5
86.5	94
86.5	93.5
86.5	90.1
86.6	84.3
86.6	82.4
86.6	78.9
86.5	71.2
86.7	65.2
86.7	62
86.8	59.5
86.8	58.8
86.9	54.6
86.9	51.3
87	41.9
86.9	37.7
87	36.7
87.2	35.4
87.3	35.9
87.4	40.7
87.4	41.6
87.3	42.9
87.3	43.9
87.3	46.1
87.3	48.1
87.3	48.6
87.4	49.6
87.4	51.8
87.4	52.8
87.4	55.3
87.6	62
87.6	63.5
87.6	64.7
87.6	70.9
87.7	75.9
87.8	77.1
87.8	80.1
88	83.9
88	84.1
88	86.6
87.9	89.1
87.9	89.6
87.9	90.3
87.9	91.8
88	93.3
88	93.3
88	93.3
88.1	94.5
88.1	95.5
88.3	95.8
88.5	91.1
88.7	87.1
88.5	84.1
88.5	79.4
88.5	78.4
88.5	75.2
88.5	71.7
88.5	70.9
88.5	70.2
88.5	69.2
88.5	68.7
88.6	67.5
88.6	67.2
88.7	66.2
88.7	64.2
88.8	61.3
88.9	60
89	60.3
89.2	63.5
89.2	66.2
89.3	68.7
89.4	71.4
89.4	72.2
89.4	72.2
89.6	72.9
89.8	70.4
90	70.4
90.1	73.4
90.1	75.2
90.1	76.7
90.2	78.1
90.2	78.1
90.3	79.6
90.5	80.4
90.5	79.4
90.6	76.9
91	74.9
91	74.9
91.3	77.9
91.4	91.3
91.4	92.5
91.5	96.5
91.5	96.8
91.5	97.8
91.8	98.7
91.9	100.5
91.9	102.2
92	103
92.1	103.7
92.3	105.9
92.3	106.9
92.4	107.7
92.5	111.7
92.5	112.2
92.5	114.6
92.5	116.9
92.5	118.6
92.7	121.1
92.8	122.6
92.9	122.1
93	121.6
93	119.6
93.1	115.1
93.4	112.9
93.5	110.9
93.7	110.4
93.8	114.1
93.9	114.9
93.9	116.6
94	119.6
94	122.8
94.1	125.3
94.1	126.6
94.1	127.5
94.2	128
94.3	128.3
94.6	127.8
94.6	126.8
94.7	125.8
94.8	123.1
95	120.3
95.1	117.9
95.1	114.9
95.1	114.4
95.2	111.7
95.2	111.7
95.6	104.5
95.6	104.2
95.6	100
95.6	97
95.6	96.5
95.6	94
95.6	89.6
95.7	86.3
95.7	83.4
95.7	82.1
95.7	80.9
95.7	79.6
95.7	78.4
95.6	74.7
95.6	71.9
95.6	71.7
95.6	69.9
95.6	69.2
95.7	67.5
95.9	65.2
96	63.7
97.2	65.2
97.3	65.5
97.3	68.7
97.3	69.5
97.4	72.2
97.4	73.9
97.2	76.7
97.1	79.9
97.4	90.8
97.4	94
97.2	104.2
97.2	106.7
97.2	106.9
97.3	116.6
97.3	116.9
97.3	121.3
97.3	126.3
97.3	126.6
97.4	130
97.5	130.5
97.5	132
97.6	133.5
97.7	134
97.7	134
97.8	134
97.8	133.5
98	131
98.1	130.5
98.2	130.8
98.4	133.5
98.6	132.5
98.6	131.8
98.6	131.8
98.8	134
98.8	135.2
98.8	136.7
99	137
99.1	135.7
99.2	136.5
99.4	140.2
99.4	140.7
99.4	141.9
99.5	142.7
99.7	138.7
99.7	136.5
99.7	135.7
99.8	134
99.9	133.8
100	131.5
100.1	129.8
100.2	126.8
100.2	126.3
100.2	122.3
100.3	121.8
100.3	121.6
100.3	119.9
100.3	119.6
100.4	118.1
100.4	115.9
100.4	113.9
100.5	111.9
100.5	111.4
100.5	109.2
100.4	107.4
100.4	105.7
100.4	103.7
100.4	103.5
100.4	102.7
100.4	100.7
100.5	99
100.6	98.7
100.6	94.5
100.6	93.3
100.6	93.3
100.6	91.5
100.6	89.6
100.6	88.1
100.6	86.1
100.6	85.6
100.7	83.4
100.7	82.9
100.7	81.1
100.7	80.6
100.7	79.4
100.8	78.9
100.8	78.6
100.8	78.4
100.8	77.9
100.9	79.6
101	79.9
101	81.9
101	84.1
101	84.1
101	85.8
101	87.1
101	87.1
101	90.1
101	91.8
101	94.5
101	94.5
101.1	96.5
101.1	97.3
101.2	97.5
101.3	100.2
101.3	101
101.3	101.2
101.3	106.7
101.3	107.9
101.3	109.4
101.3	110.7
101.3	112.4
101.3	113.1
101.3	114.6
101.4	115.9
101.4	116.6
101.4	116.9
101.5	117.1
101.6	118.1
101.6	118.9
101.6	115.4
101.7	112.2
101.8	110.2
102	107.4
102	107.2
102	105.5
102.2	105.7
102.4	107.7
102.4	108.4
102.3	109.2
102.2	111.9
102.2	115.4
102.2	115.9
102.2	116.9
102.3	118.4
102.3	119.9
102.3	120.1
102.3	120.8
102.3	122.6
102.4	124.6
102.4	124.8
102.5	126.3
102.6	127.8
102.7	127.3
102.8	126.6
102.8	124.8
102.9	124.6
103.1	123.3
103.1	125.1
103.2	129.8
103.3	131.8
103.4	132.5
103.7	135
103.7	137
103.6	138.7
103.6	139.7
103.7	139.7
103.7	139.5
103.7	138.2
103.8	135.2
103.9	134.5
104	136.5
104.1	136.2
104.1	135.7
104.2	133.3
104.3	130.5
104.6	128.8
104.6	127.1
104.7	126.1
104.8	125.8
104.8	125.6
105	127.1
105	129.5
105	130.8
105	132.3
105.2	133.3
105.4	132.5
105.4	132.3
105.5	131.8
105.5	131.8
105.6	133.8
105.7	135
105.8	135.2
105.9	134.3
106	132
106.2	130.5
106.4	130.3
106.3	132
106.3	134
106.4	135.5
106.5	136.5
106.5	137.2
106.7	138.2
106.9	138.7
107.1	139.5
107.2	139.7
107.3	137.7
107.3	136
107.5	134
107.5	133
107.5	131.5
107.9	131.8
108.1	134.3
108.1	137
108.1	137.2
108.1	138.2
108.1	140.2
108.2	141.7
108.4	142.9
108.5	142.2
108.6	140.7
108.7	137
108.8	130.5
109	127.1
109.1	123.1
109.2	122.8
109.2	121.6
109.2	119.4
109.2	119.1
109.3	116.9
109.4	112.7
109.4	110.7
109.4	109.2
109.4	108.4
109.4	107.4
109.4	105.9
109.4	103
109.6	104.2
109.7	107.2
109.8	107.9
109.8	109.7
109.7	111.2
109.7	112.7
109.7	112.9
109.7	113.1
109.9	115.1
110	116.6
110.2	118.9
110.4	120.3
110.4	121.1
110.4	122.3
110.4	122.6
110.4	123.8
110.5	124.3
110.6	125.6
110.8	123.8
110.9	119.4
111	116.9
111	116.6
110.8	114.4
110.8	112.7
110.9	109.4
111.1	107.7
111.5	107.2
111.5	108.9
111.4	112.7
111.4	112.9
111.4	114.9
111.6	117.4
111.7	118.6
111.8	120.3
111.8	120.8
111.8	121.8
112	123.3
112	124.3
112.2	125.8
112.2	126.3
112.3	127.3
112.3	129
112.6	132.3
112.6	132.5
112.7	131.5
113	129.5
113.2	126.1
113.3	124.1
113.3	121.8
113.4	120.1
113.4	118.6
113.4	117.6
113.6	118.6
113.7	119.4
113.7	118.1
113.9	115.9
113.9	115.6
113.6	112.7
113.6	109.2
113.7	108.2
114.1	106.4
114.2	104.5
114.2	104.2
114.2	102.2
114.1	97.3
114.2	95.3
114.4	94
114.5	91.8
114.4	90.6
114.4	88.8
114.4	88.6
114.4	87.3
114.4	85.3
114.4	83.4
114.4	80.6
114.4	80.4
114.4	78.9
114.6	77.4
114.7	77.4
114.8	79.1
114.8	81.1
114.6	84.8
114.5	85.6
114.3	90.3
114.6	82.6
114.7	86.1
114.7	89.3
114.8	91.3
114.8	91.3
114.8	91.3
114.9	95.5
115	97
115.1	99.5
115.3	119.9
115.3	109.2
115.4	117.6
115.4	117.9
115.5	122.6
115.5	122.8
115.5	128
115.5	131
115.4	132.8
115.5	135.5
115.5	136.5
115.6	139
115.6	141.9
115.6	142.4
115.6	142.7
115.6	143.7
115.6	143.4
115.9	139.5
115.9	138.5
116	136.7
116.1	133.3
116.2	132.3
116.3	132.3
116.4	133.3
116.4	133.5
116.6	132.3
116.8	130.3
116.9	130
117	129
117.1	127.8
117.3	131
117.3	133.5
117.3	134
117.3	135.2
117.3	136.2
117.5	137.5
117.5	138
117.7	137
117.9	135
118	133
118	132.8
118.1	132
118.1	132
118.3	134.7
118.2	137.5
118.2	139
118.4	139.7
118.6	139.2
118.7	139
118.8	138.2
118.9	137
119	137.2
119	137.5
119.1	136.2
119.1	134.5
119.2	133.5
119.2	134
119.3	137.2
119.3	137.7
119.3	138.2
119.5	137
119.7	136
119.7	136
119.8	134
119.9	133.3
119.9	132.3
120	131
120.2	130.8
120.3	133.3
120.3	135.5
120.5	136.7
120.5	136.7
120.6	135.5
120.7	132.5
120.8	128.3
120.9	127.8
120.9	126.8
121	122.3
121.4	119.6
121.4	119.1
121.4	116.4
121.4	115.9
121.5	110.4
121.6	109.9
121.6	107.9
121.6	104
121.6	100
121.7	96.8
121.8	93.5
121.8	92.5
121.8	90.8
121.7	88.6
121.7	86.8
121.7	85.6
121.8	83.1
121.9	82.1
122.1	80.4
122.3	78.4
122.4	76.2
122.4	75.9
122.5	75.4
122.5	74.4
122.5	73.2
122.6	73.2
122.6	71.7
122.7	70.9
122.8	70.4
122.8	70.2
122.8	69.9
122.9	71.2
123.2	72.9
123.3	74.9
123.3	76.7
123.5	78.6
123.6	79.9
123.7	80.9
123.9	82.4
124	82.6
124.2	81.9
124.2	81.4
124.4	80.9
124.4	80.6
124.6	78.9
124.6	77.9
124.7	76.4
124.8	74.9
124.8	73.4
124.9	72.4
124.9	71.7
124.9	71.4
124.9	70.2
125	69.5
125	68.5
125.3	67.7
125.3	68.2
125.4	69.7
125.5	69.9
125.6	68.5
125.6	68.2
125.6	67.7
125.7	67
125.8	66.5
125.8	66.5
125.8	66
125.9	65
125.9	64.2
126.1	64
126.2	64
126.3	65.5
126.3	67.2
126.3	67.7
126.5	68.5
126.6	67.7
126.7	66.2
126.7	66
126.8	65
126.9	62.5
127	62
127.2	62.5
127.3	64.2
127.4	64.7
127.4	66.2
127.6	68.5
127.8	70.9
127.8	71.2
127.8	72.4
127.8	72.7
127.8	73.2
128.1	74.9
128.4	75.7
128.4	75.7
128.5	74.4
128.5	72.4
128.6	71.2
128.8	70.4
128.9	70.7
129	71.2
129	71.4
129.1	72.4
129.1	72.9
129.2	73.9
129.2	74.7
129.3	74.9
129.4	74.4
129.5	73.7
129.5	73.4
129.6	72.7
129.7	71.9
129.9	73.2
130.1	73.2
130.1	73.2
130.2	71.9
130.3	69.7
130.4	69
130.5	68
130.5	68
130.6	69.2
130.7	69.9
130.9	69.5
131	68.7
131.1	68.2
131.2	68.2
131.3	69
131.5	70.9
131.7	72.4
131.8	73.4
131.8	74.4
131.8	75.9
132	75.9
132.1	74.2
132.3	73.7
132.3	73.7
132.5	73.9
132.7	75.4
132.7	77.1
132.8	78.4
132.9	79.9
133.4	81.6
133.2	82.9
133.2	83.6
133.3	87.1
133.4	90.8
133.4	91.1
133.6	93.8
133.6	94.3
133.7	97
133.8	99.2
133.9	102
133.9	102.5
133.9	103.5
134.1	105.2
134.3	105.7
134.5	107.9
134.5	109.4
134.5	110.7
134.6	111.2
134.7	111.2
134.8	110.2
134.9	108.9
135.1	107.9
135.2	107.9
135.4	107.7
135.5	107.9
135.5	109.2
135.6	109.7
135.7	109.2
135.8	109.2
135.8	109.2
135.9	108.2
136.3	107.4
136.4	105.5
136.5	106.4
136.9	110.4
137	111.2
137	111.9
137.1	113.6
137.2	114.6
137.2	114.9
137.4	115.1
137.6	115.4
137.6	113.1
137.8	114.1
137.9	112.9
137.9	112.4
138	111.9
138	110.2
138.2	110.9
138.2	111.4
138.2	111.4
138.3	111.4
138.3	111.2
138.5	112.2
138.6	113.4
138.8	114.4
138.8	114.9
138.8	115.4
138.8	116.4
139	115.1
139.1	114.1
139.1	112.9
139.2	113.9
139.3	114.6
139.3	116.6
139.3	116.9
139.4	118.1
139.5	118.4
139.7	119.9
139.8	121.8
139.8	121.8
140	120.1
140.1	121.1
140.2	122.1
140.3	122.3
140.5	120.8
140.5	120.6
140.7	119.6
140.9	119.1
141.2	119.9
141.1	122.1
141.1	123.3
141.2	125.1
141.2	125.1
141.3	125.6
141.3	125.8
141.5	126.1
141.6	125.3
141.6	123.8
141.6	123.8
141.8	123.6
141.9	121.1
142	119.6
142	118.6
142.2	117.6
142.2	116.6
142.2	116.1
142.3	115.1
142.5	115.6
142.7	117.1
142.8	116.9
142.9	115.9
142.9	116.4
143	117.9
143	118.1
143	119.1
143	120.3
143	121.8
143	122.6
143	122.6
143.1	122.6
143.2	121.6
143.2	121.3
143.3	120.1
143.3	119.6
143.3	119.1
143.3	119.1
143.4	119.4
143.5	119.6
143.6	120.1
143.6	120.6
143.7	121.3
143.7	121.6
143.8	122.1
143.8	122.8
143.8	122.6
143.9	121.6
144	120.6
144.1	119.6
144.1	118.4
144.4	116.9
144.5	116.4
144.6	116.6
144.8	118.1
145	118.6
145.1	118.6
145.1	120.1
145.2	121.1
145.3	120.3
145.3	119.9
145.6	119.9
145.7	119.9
145.8	119.4
145.8	118.4
145.8	117.6
145.8	117.1
146	116.1
146.2	116.4
146.4	115.9
146.5	115.9
146.5	114.6
146.4	113.9
146.4	113.6
146.6	111.9
146.7	111.2
146.7	109.7
146.8	109.4
147	112.4
147.1	114.9
147.1	115.9
147.1	116.6
147.4	115.6
147.7	114.9
147.8	114.9
148	116.1
148.1	118.9
148.3	120.6
148.4	120.8
148.5	121.3
148.5	122.3
148.5	122.3
148.6	122.6
148.6	122.6
148.6	122.6
148.8	122.1
148.9	119.6
148.9	118.4
149.1	118.1
149.2	118.6
149.3	120.1
149.4	121.6
149.5	123.6
149.6	125.1
149.6	125.8
149.6	126.3
149.7	127.1
149.7	128
149.8	129
149.8	129.3
149.9	130.3
150.1	130.3
150.2	129
150.3	127.1
150.3	127.1
150.4	126.1
150.4	124.8
150.5	123.8
150.6	123.1
150.8	122.1
150.8	121.6
150.8	120.6
150.8	119.9
150.9	119.4
151	118.6
151.2	117.1
151.3	116.4
151.3	115.1
151.4	114.1
151.5	113.9
151.5	113.4
151.7	113.9
151.8	115.1
151.9	117.1
152	117.6
152	119.4
152	119.9
152	120.3
152	120.6
152.1	120.6
152.2	119.9
152.3	118.6
152.3	118.4
152.4	117.4
152.4	116.9
152.6	116.6
152.7	116.4
152.8	115.6
152.9	114.6
153.1	113.1
153.1	112.9
153.2	112.2
153.2	110.7
153.2	109.4
153.4	109.4
153.5	110.7
153.6	112.2
153.8	114.1
153.8	114.4
154	114.4
154	112.9
154.1	112.7
154.1	112.7
154.2	112.9
154.3	112.9
154.5	112.2
154.5	111.7
154.6	111.2
154.6	110.7
154.8	109.4
155	108.7
155.1	108.7
155.1	108.4
155.3	109.7
155.3	109.9
155.5	110.4
155.6	111.4
155.6	112.7
155.8	113.6
155.8	114.1
155.8	116.1
155.9	116.9
156	117.4
156	117.9
156	117.9
156.1	116.6
156.2	117.6
156.2	118.1
156.2	118.9
156.3	119.6
156.3	119.9
156.4	119.9
156.7	118.9
156.8	118.9
156.9	117.4
157	116.4
157	115.4
157.1	114.9
157.1	113.6
157.2	113.6
157.2	112.9
157.3	111.9
157.4	112.2
157.5	112.9
157.7	113.6
158	113.6
158.2	112.9
158.2	112.2
158.2	111.9
158.2	110.9
158.2	109.7
158.3	108.7
158.4	109.4
158.4	109.7
158.4	109.7
158.4	111.4
158.4	113.6
158.6	114.9
158.6	114.9
158.6	115.1
158.7	115.6
158.7	115.6
158.8	114.4
158.9	113.4
159	112.2
159	112.2
159.1	112.4
159.2	113.4
159.3	113.6
159.3	113.6
159.4	113.6
159.4	113.9
159.5	114.6
159.5	114.9
159.5	115.9
159.5	117.1
159.6	117.6
160	118.4
160	117.1
160.2	116.4
160.4	116.4
160.4	116.9
160.4	118.4
160.5	119.1
160.7	119.4
160.7	119.4
160.8	118.6
160.9	118.4
160.9	118.4
161	119.9
161	120.1
161	120.6
161.2	121.6
161.3	121.6
161.4	120.6
161.4	120.3
161.4	120.1
161.5	120.1
161.5	120.8
161.6	121.1
161.8	120.3
162	119.1
162.1	118.9
162.2	117.4
162.2	116.9
162.2	116.6
162.3	118.9
162.4	119.6
162.5	119.6
162.6	120.3
162.7	120.6
162.8	118.9
162.8	117.6
163	117.6
163.1	116.4
163.2	114.9
163.2	114.1
163.2	113.9
163.2	113.9
163.2	113.4
163.3	112.7
163.3	111.9
163.4	111.7
163.6	112.7
163.7	112.9
163.9	112.7
164.1	111.7
164.1	111.7
164.1	111.2
164.3	110.4
164.4	111.2
164.5	112.7
164.6	113.1
164.7	113.6
164.7	114.1
164.7	114.1
164.8	114.9
165	115.9
165	116.1
165	117.4
165.1	118.6
165.2	119.6
165.2	119.9
165.2	119.9
165.3	120.8
165.5	120.1
165.5	119.6
165.5	118.6
165.7	119.1
165.7	120.8
165.7	121.1
165.8	122.3
165.9	122.8
166	124.6
166	125.3
166.1	125.8
166.3	125.8
166.4	124.1
166.5	122.1
166.6	120.8
166.6	120.6
166.6	119.6
166.6	116.9
166.6	114.9
166.7	114.4
166.7	114.1
166.9	113.9
167.1	114.9
167.1	116.6
167.3	118.1
167.4	119.9
167.4	120.1
167.5	120.1
167.6	119.1
167.7	118.9
167.7	118.9
167.7	118.9
167.8	118.1
167.8	117.6
167.9	117.4
167.9	117.4
167.9	116.9
168	116.6
168	117.6
168.1	118.4
168.1	119.1
168.2	120.3
168.3	120.6
168.3	120.6
168.4	119.1
168.4	118.9
168.4	118.4
168.5	117.6
168.6	117.1
168.6	117.1
168.7	116.9
168.8	117.9
168.8	119.4
168.8	120.3
169	121.6
169	121.8
169.1	122.6
169.3	122.8
169.4	121.3
169.4	121.1
169.3	120.1
169.4	119.4
169.6	118.9
169.8	118.4
169.8	119.1
169.8	119.4
169.8	120.6
169.9	120.8
170	121.1
170	120.8
170.1	119.9
170.2	119.1
170.5	120.1
170.6	120.6
170.6	121.3
170.6	122.1
170.7	122.1
170.7	122.1
170.8	121.6
170.9	120.6
171	119.4
171.2	118.9
171.2	118.9
171.3	120.3
171.4	121.8
171.5	122.1
171.6	121.8
171.7	122.8
171.9	122.1
172	120.6
172.1	120.3
172.1	119.6
172.1	119.1
172.3	120.1
172.4	120.1
172.4	121.1
172.6	121.6
172.6	122.6
172.6	123.8
172.8	123.6
172.9	123.1
172.9	122.6
173	122.1
173	121.3
173.1	121.1
173.3	121.8
173.4	122.3
173.4	123.1
173.5	123.6
173.5	123.6
173.6	123.3
173.6	124.3
173.6	124.8
173.6	124.8
173.7	124.3
173.7	123.1
173.8	122.8
173.9	123.8
174.1	123.8
174.2	123.6
174.2	122.6
174.4	121.8
174.4	120.8
174.5	119.9
174.6	119.6
174.8	120.3
174.9	121.8
174.9	123.3
175	123.8
175	124.6
174.9	125.8
174.9	126.8
175.1	126.6
175.2	124.8
175.2	123.8
175.3	123.3
175.4	122.3
175.4	121.8
175.6	121.6
175.6	122.1
175.7	121.3
175.9	119.6
176	117.9
176	117.1
176	116.6
176.3	115.4
176.3	114.9
176.3	115.4
176.4	116.9
176.4	119.6
176.4	121.1
176.4	121.6
176.5	122.3
176.7	122.1
176.7	121.1
176.8	119.4
177	118.6
177.1	117.1
177.2	115.9
177.2	115.6
177.4	116.4
177.4	116.9
177.4	115.9
177.5	114.9
177.7	115.6
177.7	115.9
177.7	117.1
177.9	117.1
178.1	116.4
178.2	115.9
178.3	115.9
178.5	115.9
178.5	116.1
178.6	117.1
178.7	118.4
178.7	119.4
178.8	120.6
179	120.6
179.1	118.9
179.1	116.9
179.2	116.9
179.4	117.6
179.5	117.4
179.6	116.6
179.7	114.9
179.9	115.4
180	115.9
180.1	116.6
180.2	117.9
180.3	118.6
180.4	120.8
180.5	120.8
180.7	119.1
180.7	118.9
180.8	117.6
180.9	117.6
181	120.3
181	120.6
181	121.8
181.1	123.3
181.2	124.1
181.3	122.3
181.3	120.8
181.4	119.4
181.5	119.1
181.5	118.6
181.6	118.1
181.7	119.4
181.7	119.6
181.8	118.9
181.8	117.6
181.9	117.1
182	117.1
182.1	117.9
182.1	119.6
182.1	120.8
182.2	121.3
182.2	121.6
182.4	121.6
182.5	121.8
182.6	121.8
182.7	120.1
182.7	118.4
182.8	116.9
183	115.1
183.1	115.1
183.2	116.9
183.2	118.4
183.2	118.6
183.2	119.6
183.3	120.6
183.4	121.6
183.5	121.8
183.6	120.8
183.7	119.9
183.9	122.3
184	122.8
184	122.1
184	120.6
184.1	118.9
184.3	117.6
184.3	117.6
184.5	117.9
184.5	117.9
184.7	117.1
184.8	116.4
184.8	114.6
184.9	113.4
184.9	113.1
185	113.4
185	113.6
185.2	114.1
185.2	115.4
185.3	118.1
185.3	119.4
185.3	119.6
185.4	120.3
185.6	121.3
185.6	121.6
185.6	121.8
185.8	121.1
185.8	119.1
185.9	119.9
185.9	121.1
186.1	120.1
186.3	120.1
186.3	120.1
186.4	121.8
186.4	121.8
186.5	123.3
186.6	124.6
186.6	125.6
186.6	125.8
186.7	126.3
186.8	127.1
186.9	128
187	126.3
187	124.1
187.1	122.8
187.2	121.8
187.3	120.8
187.4	119.6
187.4	118.9
187.4	117.9
187.5	117.4
187.7	117.9
187.7	118.1
187.8	119.4
187.8	120.3
187.9	120.1
187.9	119.6
188	119.4
188.2	120.1
188.3	121.3
188.3	121.6
188.3	122.8
188.3	122.8
188.3	123.1
188.4	123.1
188.6	124.3
188.6	126.1
188.6	127.3
188.8	126.6
188.9	124.8
188.9	124.1
188.9	123.8
189.3	125.6
189.3	126.1
189.4	127.5
189.5	128
189.5	128.8
189.7	127.5
189.8	127.1
189.8	125.8
189.8	124.3
190	123.6
190.1	123.6
190.1	123.6
190.2	122.8
190.2	122.6
190.3	122.1
190.4	121.3
190.4	120.8
190.4	119.9
190.4	119.9
190.6	119.1
190.7	120.1
190.9	121.1
191	121.1
191	120.3
191.1	119.9
191.1	119.6
191.2	120.1
191.3	122.1
191.3	122.3
191.3	122.6
191.5	124.1
191.5	124.8
191.5	125.1
191.5	126.3
191.5	126.8
191.6	127.3
191.8	127.1
191.8	126.8
191.8	125.1
191.9	124.3
191.9	123.6
191.9	122.1
192	120.6
192	120.6
192	120.8
192.1	120.1
192.1	119.1
192.1	119.1
192.2	118.1
192.2	117.9
192.3	117.9
192.4	119.1
192.5	119.1
192.5	118.6
192.5	118.4
192.8	119.1
192.8	119.1
192.9	119.1
192.9	117.4
192.9	116.6
192.9	115.9
192.9	115.6
192.9	114.6
193	114.4
193.2	114.9
193.2	115.1
193.3	116.4
193.4	117.9
193.6	119.1
193.7	120.1
193.8	121.6
193.8	122.3
193.8	123.8
193.8	124.1
193.9	125.3
194	126.3
194	127.1
194	127.3
194.1	126.1
194.2	126.3
194.2	127.3
194.3	127.5
194.4	126.8
194.5	125.6
194.6	124.6
194.6	123.8
194.7	123.3
194.7	122.6
194.8	121.8
195	121.3
195	121.3
195.1	122.1
195.3	123.6
195.4	125.1
195.6	125.3
195.7	125.3
195.7	124.3
195.7	123.6
195.7	123.1
195.8	122.8
195.9	122.8
196	122.8
196.1	122.8
196.2	123.1
196.5	123.3
196.7	123.3
196.7	122.8
196.8	122.1
196.8	122.8
196.9	124.3
197	124.3
197.2	123.8
197.2	122.6
197.2	122.1
197.3	121.3
197.4	121.8
197.4	123.8
197.4	124.1
197.5	124.3
197.7	124.3
197.7	125.8
197.7	125.8
197.7	127.5
197.7	128.8
197.7	129.8
197.8	130.8
197.9	131
198.1	130
198.2	128.5
198.4	127.8
198.4	128
198.5	129.3
198.7	130
198.8	130
198.8	130
198.8	128.5
198.9	127.3
198.9	126.3
199.1	126.8
199.1	127.1
199.1	128
199.1	130
199.2	130.3
199.2	130.5
199.3	131.5
199.3	132.5
199.4	133.3
199.5	133.5
199.6	133.8
199.7	132.5
199.8	131.3
199.8	130
199.8	128.8
199.8	128.5
199.9	129.3
199.9	131.3
199.9	131.5
199.9	132
199.9	132.8
200.1	133.5
200.1	134
200.1	134.3
200.3	134.5
200.3	134.7
200.4	135
200.6	134.7
200.6	134.7
200.8	134.7
200.8	135
200.8	135.2
200.8	135.2
201	134.3
201.2	132
201.2	129.3
201.2	128.3
201.2	127.3
201.3	125.6
201.3	125.6
201.3	123.8
201.4	121.6
201.5	119.4
201.5	119.4
201.5	117.4
201.5	117.1
201.6	119.1
201.7	121.1
201.8	122.6
201.8	124.6
201.8	126.8
201.8	127.3
201.8	128
201.9	129
201.9	130.5
202	131.8
202	132.3
202	134.3
202	137
202	138
202.2	139.2
202.2	139.7
202.2	139.7
202.2	141.2
202.2	141.5
202.3	142.7
202.3	144.2
202.3	144.9
202.4	144.9
202.5	142.9
202.5	142.4
202.6	142.2
202.7	141.2
202.8	140.7
202.9	139.2
202.9	137.2
202.9	135.2
203	134.7
203.1	134.3
203.2	135.7
203.2	137.5
203.2	140
203.2	140.5
203.2	141
203.3	141.9
203.5	142.9
203.5	143.2
203.6	143.4
203.7	141.2
203.9	139
203.9	138.2
203.9	135.7
204	133.3
204	130.5
204	128
204	127.8
204	125.8
204	125.6
204	125.6
204.1	124.3
204.2	122.1
204.3	121.1
204.4	120.8
204.5	121.6
204.6	122.8
204.6	123.1
204.7	124.3
204.9	124.3
205	124.6
205.1	125.3
205.2	125.6
205.3	126.3
205.3	128.8
205.3	131
205.3	133.3
205.3	133.5
205.4	134.5
205.4	135.7
205.5	136.7
205.5	138.2
205.5	138.2
205.5	138.2
205.5	138.5
205.6	139.2
205.7	139.7
205.8	140.2
206	141.2
206	142.7
206	142.9
206.1	143.9
206.1	144.2
206.1	144.9
206.2	146.2
206.3	146.7
206.4	146.2
206.4	144.7
206.5	142.2
206.6	140.7
206.6	140.7
206.7	140.7
206.9	140
207	138.2
207.1	138.5
207.2	140.7
207.3	142.2
207.5	143.2
207.6	143.4
207.7	143.9
207.7	144.9
207.7	145.7
207.7	145.9
207.7	145.9
207.7	146.4
207.8	146.7
207.8	146.9
207.9	146.4
208	146.2
208.1	145.4
208.1	145.4
208.2	145.2
208.2	145.9
208.3	146.9
208.3	146.9
208.4	147.2
208.4	147.9
208.5	148.7
208.6	148.7
208.6	147.4
208.7	146.2
208.7	146.2
208.8	146.2
208.9	146.2
208.9	146.9
209	148.2
209	148.7
209.1	149.1
209.2	149.4
209.3	147.9
209.3	147.7
209.3	145.9
209.3	145.7
209.5	144.4
209.5	142.9
209.6	142.2
209.7	142.4
209.8	143.7
209.8	144.7
209.8	144.9
209.8	145.9
209.8	146.2
209.8	146.9
210	147.2
210	146.2
210.1	145.9
210.2	146.7
210.3	146.4
210.4	146.2
210.4	145.2
210.4	144.9
210.4	143.9
210.4	143.7
210.5	142.9
210.6	142.2
210.9	142.4
211	142.4
211.1	142.9
211.3	144.4
211.3	145.2
211.5	144.9
211.6	144.2
211.6	144.4
211.8	146.7
211.8	146.9
212	146.4
212	143.7
212.1	141.2
212.2	138.5
212.2	138.2
212.3	135.5
212.3	133.3
212.4	130.3
212.4	130
212.4	127.8
212.5	127.5
212.5	126.1
212.5	123.8
212.7	124.6
212.7	127.3
212.7	127.8
212.8	130.3
212.8	130.8
212.8	132
212.9	134.7
213	136.2
213	137
213	137.7
213.1	139.5
213.1	141
213.1	141.2
213.2	142.4
213.3	143.7
213.5	141.9
213.6	141.2
213.6	138.2
213.7	134.7
213.7	131.8
213.6	128.8
213.5	127.3
213.5	125.8
213.6	123.3
213.6	122.3
213.7	121.3
213.7	121.1
213.7	119.9
213.7	119.4
213.9	120.3
213.9	120.6
214	120.8
214.1	121.1
214.2	120.8
214.2	120.6
214.2	119.4
214.2	116.9
214.3	114.9
214.3	114.4
214.3	113.1
214.3	111.2
214.3	109.2
214.3	107.2
214.4	106.4
214.5	105.7
214.5	104.5
214.7	104.7
214.8	105.7
215.2	107.4
215.2	107.4
215.3	108.9
215.3	110.9
215.4	114.1
215.4	116.1
215.4	116.4
215.4	118.4
215.5	120.1
215.6	121.3
215.6	121.6
215.6	122.8
215.7	123.3
215.8	121.3
215.9	119.9
215.9	116.9
216	115.9
216	114.6
216	112.4
216	109.7
216.1	108.7
216.1	107.4
216.1	104.2
216.1	102.7
216.2	101.5
216.2	100.2
216.2	99.5
216.3	99
216.4	97.5
216.4	96.3
216.4	95.8
216.4	95.3
216.5	94
216.5	93.8
216.6	93.5
216.7	93.3
216.8	93.8
216.9	94
216.9	94
216.9	95.5
217.1	96.3
217.2	97
217.2	97.8
217.4	100.7
217.5	102.5
217.5	104.2
217.5	105.2
217.8	106.7
217.9	108.7
218.1	110.4
218.2	111.4
218.2	111.7
218.2	113.1
218.2	113.4
218.3	115.4
218.4	116.4
218.4	117.9
218.5	119.6
218.7	120.3
218.7	120.6
218.9	118.1
218.9	114.9
219	112.9
219	112.7
219	110.9
219	109.2
219	107.4
219.1	107.2
219.2	105.7
219.2	104.2
219.5	105.2
219.4	107.9
219.5	109.9
219.7	112.2
219.7	114.1
220.1	117.6
220.1	118.4
220.2	120.6
220.2	120.8
220.1	124.1
220.1	126.1
220.1	126.3
220.1	126.3
220.1	127.3
220.2	129.5
220.2	130.8
220.2	132.3
220.2	132.5
220.3	134
220.3	134.5
220.3	134.7
220.3	136.2
220.3	138.5
220.3	139
220.4	140
220.5	141
220.7	142.7
220.8	142.7
220.8	142.7
220.8	140.5
220.9	136.5
220.9	132.8
221	130.5
221.1	128
221	125.6
221	122.8
221	121.3
221.1	119.6
221.3	117.9
221.4	116.6
221.4	115.4
221.4	114.9
221.4	113.1
221.4	112.9
221.4	112.4
221.5	110.9
221.5	110.2
221.5	109.9
221.6	108.9
221.6	107.4
221.7	106.7
221.9	105.9
222.1	106.9
222.3	108.2
222.7	110.7
222.4	111.4
222.4	111.7
222.4	112.7
222.3	114.9
222.3	116.9
222.3	117.4
222.5	119.6
222.6	121.6
222.6	122.6
222.7	124.3
222.7	124.6
222.6	125.1
222.8	126.8
223	128.8
223.3	134.7
223.3	135.5
223.4	137.7
223.4	140
223.5	141.2
223.6	142.2
223.6	142.7
223.8	143.4
223.8	143.9
224.2	143.9
224.3	143.9
224.3	144.7
224.3	144.9
224.3	145.7
224.3	146.4
224.4	146.9
224.5	146.9
224.6	146.9
224.7	145.2
224.8	142.9
224.8	142.4
224.9	142.2
224.9	142.4
225	144.2
225.1	145.4
225.1	145.7
225.1	146.4
225.1	146.9
225.2	147.4
225.2	147.4
225.4	146.7
225.5	145.7
225.5	145.7
225.6	144.9
225.6	143.7
225.6	143.4
225.7	142.4
225.8	141.2
225.8	141
225.9	139.7
226	139.2
226	138
226	136.5
226.2	135.2
226.2	133.3
226.2	132.5
226.4	131
226.5	131.8
226.6	132.8
226.6	134
226.7	135.2
226.7	137.2
226.9	136.7
226.9	134.7
227	132.5
227	131.8
226.9	129.8
226.9	128.3
227.1	126.8
227.2	126.3
227.2	125.1
227.3	123.3
227.3	121.1
227.4	120.8
227.4	120.3
227.5	120.6
227.5	122.6
227.6	122.8
227.6	123.1
227.8	122.1
227.8	123.6
227.9	125.1
227.9	125.8
228	126.1
228	126.3
228.1	126.6
228.2	127.3
228.2	131
228.3	132.3
228.3	133
228.3	134.3
228.3	136.5
228.6	138.2
228.6	139.2
228.6	140.7
228.7	141
228.8	140.7
228.8	139.5
228.8	139.5
229	140.7
229.1	141.7
229.1	142.2
229.2	142.7
229.4	143.9
229.5	144.2
229.5	142.2
229.6	143.7
229.6	144.9
229.6	145.4
229.6	145.4
229.9	146.2
230	146.7
230.1	145.7
230.2	144.4
230.2	143.7
230.3	141.2
230.3	139
230.4	137
230.6	135.5
230.7	134
230.8	133.8
230.8	132
230.8	131
230.8	129.3
231	127.5
231.1	125.8
231.2	125.8
231.2	127.8
231.2	128
231.4	128
231.4	128.3
231.5	128.5
231.6	129
231.7	130
231.8	130.5
231.8	131
231.9	130.5
232	129.3
232	128.5
232	129
232.1	130
232.1	131.5
232.2	132.8
232.3	133.3
232.5	133
232.6	132.8
232.6	132
232.7	131.3
232.8	131.3
232.9	132.3
233	133.3
233.1	133.5
233.1	132.8
233.2	132
233.3	130.5
233.5	128.8
233.6	130.5
233.6	130.8
233.6	132
233.7	133
233.8	131.3
233.8	130.3
233.9	130.3
234	130.3
234	130.3
234.1	129.8
234.3	129
234.3	128.5
234.4	127.3
234.5	126.6
234.5	126.3
234.5	126.1
234.5	125.8
234.5	124.6
234.6	124.6
234.6	124.1
234.7	122.6
234.9	123.1
235.1	123.8
235.1	124.1
235.2	125.1
235.4	126.3
235.5	127.8
235.5	128.5
235.5	129
235.6	128.3
235.6	127.1
235.6	126.8
235.8	126.6
235.9	127.8
235.9	129.3
235.9	131.3
235.9	133.3
236	134.5
236	134.7
236.1	136.2
236.1	138
236.3	139.5
236.4	140.2
236.5	141
236.6	141.9
236.7	142.4
236.7	139.5
236.7	139
236.7	138.5
237	139.2
237	140.5
237.1	141.5
237.3	141.5
237.3	141
237.4	140.7
237.4	139.5
237.5	139.5
237.7	141.2
237.8	141
237.9	140.7
237.9	140
237.9	139.7
238.2	140.5
238.3	141.2
238.3	140
238.3	139.5
238.4	137
238.5	136.5
238.6	139
238.6	139.2
238.6	141.2
238.8	143.4
239	144.2
239	144.9
239	145.7
239.1	146.9
239.1	146.7
239.2	144.9
239.2	143.7
239.4	142.2
239.5	142.2
239.5	142.7
239.6	142.7
239.6	142.4
239.6	141.5
239.7	140.5
239.8	139.2
239.8	139
239.9	138.2
240	137.5
240	136.7
240	136
240.1	135
240.1	134.3
240.1	134
240.2	133.3
240.2	133.5
240.2	133.8
240.3	135
240.3	136
240.3	137.2
240.3	137.5
240.5	138.7
240.5	138.7
240.6	138.5
240.7	137.2
240.7	136.2
240.7	135.7
240.9	135.2
240.9	135.5
240.9	135.7
241	136.2
241	137.5
241.1	140
241.2	140.7
241.2	140.7
241.3	141.7
241.5	142.2
241.6	141.2
241.6	139.5
241.6	139.2
241.6	138.5
241.8	136.7
241.8	136
241.8	134.5
241.9	133.8
242	133.3
242	133
242	132.8
242.1	133
242.2	134.3
242.3	135.7
242.3	136
242.3	137
242.4	138
242.3	139
242.3	139.7
242.4	140.7
242.5	141.5
242.7	141.9
242.7	142.4
242.8	142.4
242.9	142.2
242.9	140.5
243	139.2
243.1	138.2
243.2	137.5
243.3	137.5
243.3	137.5
243.3	136.7
243.3	135.7
243.4	135.2
243.5	135.5
243.6	136
243.7	136.2
243.8	135.7
243.9	134.5
243.9	133.8
244.1	133.3
244.2	134.3
244.3	135.5
244.3	135.7
244.4	137.2
244.4	138.2
244.4	138.5
244.4	138.7
244.5	138.7
244.6	138.5
244.6	138
244.6	137
244.8	135.7
244.8	135.7
244.9	134.7
244.9	134.3
244.9	133.5
245	132.8
245	132
245.1	131.3
245.1	131
245.1	130
245.2	129.5
245.5	130.8
245.6	132.5
245.5	133.3
245.7	132.5
245.7	132.5
245.8	130.3
245.9	130.8
246	131.3
246	131.5
246.2	130.3
246.4	127.8
246.6	125.8
246.7	123.3
246.9	121.6
247	121.1
247	121.8
247	125.1
247.1	127.1
247.1	127.3
247.2	128.5
247.2	129.5
247.2	131.5
247.2	132.3
247.2	133
247.2	134
247.2	134.7
247.3	135
247.4	135.2
247.5	135.2
247.5	133
247.5	132.8
247.6	134
247.6	134
247.7	133.3
247.8	131.5
247.8	131
248	130.5
248.2	131.8
248.3	133.8
248.3	134.5
248.4	135.2
248.5	136.2
248.6	136.5
248.8	136.2
248.9	134.3
248.9	133.8
248.9	133.5
248.9	132.5
249	132
249.1	130.8
249.2	130.3
249.3	130.3
249.3	129.5
249.3	129
249.3	128.5
249.4	127.1
249.6	126.8
249.6	126.8
249.6	128
249.7	130.5
249.7	131.5
249.8	131.5
249.9	132.5
249.9	132.8
250	133.8
250	135
250	136
250	137
250	137.7
250	138
250	138.5
250	139.5
250.1	140.5
250.2	141
250.3	141
250.3	141.5
250.4	140
250.5	138.2
250.5	138
250.5	136
250.5	135.2
250.5	134.7
250.6	134.3
250.6	133
250.6	133
250.7	132.5
250.8	132.5
250.9	132
251	132
251.3	132
251.5	132.8
251.6	132.8
251.7	132.5
251.8	131.5
251.8	131.3
251.8	130.3
251.8	129
251.8	127.5
252	127.3
252.1	127.8
252.2	128.8
252.3	130
252.4	131
252.4	132
252.4	133
252.4	133.8
252.5	134.5
252.6	136
252.6	136.2
252.7	136.2
252.7	136.2
252.9	135.5
253.1	133.8
253.1	132.8
253.2	132.3
253.3	132.3
253.3	131.8
253.3	130.3
253.4	128.8
253.4	128.5
253.5	128
253.6	127.8
253.7	129.3
253.7	129.3
253.7	126.8
253.7	126.3
253.8	124.6
253.9	123.3
254	121.3
254.1	120.1
254.2	119.6
254.2	121.6
254.2	121.6
254.5	121.3
254.6	121.1
254.7	121.1
254.9	122.3
255	123.8
255	124.3
255.1	125.3
255.1	127.1
255.1	129.3
255.2	129.8
255.4	128.8
255.5	129.3
255.5	129.5
255.6	130.5
255.6	131.8
255.6	132.5
255.6	133
255.7	134
255.8	134.7
255.9	135
255.9	135
256.1	133.8
256.2	131.8
256.2	129.8
256.2	128.5
256.3	126.8
256.3	124.6
256.4	121.8
256.4	120.3
256.5	119.6
256.5	118.6
256.6	116.6
256.7	116.6
256.8	117.9
256.9	117.1
256.9	116.6
256.9	116.1
257.2	116.1
257.2	116.4
257.2	117.4
257.4	116.9
257.7	115.4
257.7	115.4
257.8	115.1
258	115.1
258.1	115.4
258.1	114.9
258.2	115.4
258.2	116.4
258.3	118.1
258.3	118.1
258.3	119.6
258.3	121.3
258.3	122.3
258.3	123.1
258.3	124.1
258.3	125.8
258.4	125.8
258.4	126.8
258.7	131.3
258.7	133.5
258.8	135.7
258.9	138.2
258.9	140.2
258.9	142.4
258.9	144.4
258.9	145.2
258.9	147.2
258.9	147.4
258.9	148.9
258.9	150.6
258.9	153.9
258.9	154.6
258.9	156.3
258.9	157.6
258.9	157.8
259	159.1
259	159.6
259	162.3
259.1	163.3
259.1	164.3
259.1	164.5
259.1	165.5
259.2	165.8
259.2	165.8
259.2	166
259.3	166.5
259.3	166.8
259.6	165
259.6	164.8
259.7	161.6
259.7	158.6
259.7	156.8
259.7	154.6
259.8	153.9
259.8	151.6
259.8	148.2
259.8	146.4
259.9	144.9
260	143.2
260	142.4
260.1	141.9
260.1	143.4
260.2	144.7
260.1	144.7
260.1	144.9
260.2	145.4
260.2	145.4
260.4	143.9
260.5	143.7
260.7	145.4
260.7	145.4
260.9	144.4
260.9	142.7
261	141.7
261.1	142.4
261.2	144.4
261.3	144.7
261.3	145.9
261.4	146.4
261.4	144.2
261.6	141.7
261.6	139.5
261.7	137.5
261.7	137.2
261.8	135.7
261.9	135.5
262	135.5
262.1	135.2
262.1	134.5
262.2	134.3
262.3	134.7
262.4	135.5
262.5	135.5
262.6	135
262.7	134
262.7	133
262.7	132.5
262.7	131.5
262.8	132.5
262.8	134.3
262.8	134.7
262.9	135.5
263	136.2
263	137
263.1	137.2
263.2	137
263.3	137
263.3	137
263.5	136.2
263.5	136.2
263.5	135
263.5	134.7
263.5	133.8
263.6	132.5
263.7	135
263.7	135.5
263.7	137
263.7	138.5
263.8	139.7
263.9	140.2
264.1	140
264.2	139.7
264.2	139.7
264.3	140.2
264.4	142.4
264.4	142.9
264.5	143.4
264.6	142.7
264.7	141.9
264.8	142.2
264.8	143.7
265	143.9
265	142.7
265	141.7
265	141.7
265.1	140.2
265.2	139.5
265.3	141
265.3	141
265.4	141.9
265.5	142.2
265.6	141.5
265.6	141
265.7	141
265.9	141.9
265.9	143.4
266	144.9
266	145.2
266	146.2
266	146.4
266.1	146.9
266.3	147.2
266.4	147.2
266.5	145.4
266.6	144.9
266.8	145.9
266.8	146.4
266.8	147.9
267	148.2
267.1	147.7
267.2	146.9
267.3	148.2
267.4	148.9
267.3	149.9
267.3	149.9
267.3	150.1
267.4	149.6
267.5	148.7
267.7	147.9
267.8	148.4
267.8	149.9
267.9	150.9
268	150.9
268.1	150.6
268.1	150.4
268.1	149.1
268.3	150.1
268.6	149.4
268.6	148.9
268.7	147.9
268.7	146.7
268.7	144.4
268.8	143.9
268.8	143.4
269	141.7
269.1	141.2
269.2	140.2
269.3	138.5
269.4	138.7
269.5	140
269.5	141
269.7	141.9
269.8	142.2
270	141.2
270	140.7
270.1	140.5
270.3	140.5
270.4	141
270.4	141
270.5	141.7
270.5	141.9
270.5	142.9
270.5	144.2
270.5	144.4
270.6	143.4
270.7	142.4
270.8	142.2
270.8	143.7
270.8	144.9
270.9	145.7
271	145.2
271	144.7
271.1	143.4
271.1	142.4
271.1	141.7
271.1	141.2
271.3	141.5
271.3	141.7
271.5	141.7
271.7	141.7
271.7	141
271.8	139.2
272	138.7
272.1	137.5
272.1	136
272.3	134.5
272.3	133.5
272.3	132.3
272.3	132
272.5	131.3
272.7	130.3
272.9	130
273	129.8
273	131.5
273.2	133.3
273.3	133.5
273.3	134.5
273.4	136.5
273.4	138
273.6	138.2
273.6	137.2
273.7	135.7
273.8	135
273.8	134.3
273.8	134
273.8	134
274	134.3
274.2	134
274.2	133.3
274.2	133.3
274.3	133.8
274.4	135.2
274.4	136.7
274.5	137.2
274.5	137.7
274.5	138.7
274.5	139.5
274.5	141
274.5	141.2
274.5	141.9
274.6	143.4
274.7	144.4
274.7	144.7
274.7	144.9
274.7	145.4
274.7	146.4
274.7	147.7
274.8	148.2
274.9	148.7
275	149.6
275.1	149.6
275.1	149.6
275.2	147.4
275.3	145.9
275.4	143.9
275.5	141.9
275.5	140.5
275.6	139.7
275.5	139
275.5	138.7
275.5	137.5
275.5	136.5
275.7	134.7
276	134
276.2	135
276.1	136.2
276	137.5
276.1	138
276.3	138
276.4	138.7
276.5	139.7
276.6	141
276.6	141.7
276.7	142.7
276.7	142.7
276.7	143.4
276.7	144.2
276.8	145.2
276.8	145.2
276.8	145.4
276.8	145.7
276.8	145.9
276.9	146.4
277	146.4
277	145.4
277.1	143.7
277.1	143.7
277.3	141.9
277.4	140.2
277.4	138.5
277.6	139
277.6	139.7
277.6	139.7
277.6	139.5
277.6	138.5
277.7	137
277.7	136.5
278.3	136
278.2	135.5
278.3	138
278.4	139
278.4	140
278.4	140.2
278.4	140
278.4	140
278.4	138.7
278.5	138.2
278.6	139
278.7	138.5
278.8	136.5
278.8	135
278.8	133.8
279	132.3
279.2	132.5
279.3	134.3
279.3	134.5
279.4	135.7
279.7	139.5
279.7	140.2
279.6	141.9
279.6	143.7
279.6	143.9
279.6	144.9
279.6	145.4
279.7	145.9
279.9	146.4
279.9	145.7
280	144.2
280.1	144.9
280.2	144.9
280.3	144.9
280.4	143.4
280.4	141.9
280.5	141.7
280.6	142.9
280.6	143.2
280.8	139.5
280.8	138
280.9	136.5
281	136.5
281.1	137.2
281.1	139.2
281.2	141.5
281.2	141.7
281.2	143.4
281.2	144.7
281.3	146.2
281.3	146.4
281.3	147.2
281.4	147.9
281.5	148.2
281.6	149.1
281.6	149.4
281.7	149.6
281.8	148.7
281.8	147.2
281.9	144.9
281.9	143.9
282.1	142.9
282.1	142.9
282.2	142.7
282.3	142.7
282.3	142.7
282.4	141.9
282.4	141
282.5	140
282.8	139.7
282.8	140.2
282.9	141
283.2	142.7
283.2	143.4
283.2	143.7
283.3	143.2
283.4	143.4
283.4	144.9
283.4	145.7
283.5	145.9
283.6	145.2
283.7	143.9
283.7	142.2
283.8	141
284.3	141
284.3	141
284.3	139.2
284.4	136.7
284.5	134.5
284.5	134.3
284.5	132.8
284.5	132.5
284.5	131.3
284.5	130.5
284.6	128.3
284.7	126.8
284.7	126.6
284.9	125.3
285	124.8
285	124.6
285.1	123.3
285.5	124.6
285.5	124.8
285.5	125.6
285.5	128.8
285.5	129
285.6	130.8
285.6	132.8
285.6	135.2
285.9	137.7
285.9	138.7
285.9	139.2
285.9	140.7
285.9	142.2
285.9	143.2
285.9	143.4
286.1	143.9
286.2	142.2
286.3	143.2
286.3	144.7
286.3	144.9
286.3	146.4
286.5	146.9
286.5	147.2
286.6	147.4
286.6	147.4
286.7	147.2
286.8	145.7
286.8	144.7
286.8	144.7
286.9	144.7
287.2	143.7
287.2	143.2
287.2	144.9
287.4	145.2
287.4	144.4
287.5	143.2
287.6	142.4
287.7	143.4
287.8	144.4
287.8	144.7
287.9	145.4
288	145.4
288.1	143.4
288.4	140.5
288.4	138.7
288.5	137.7
288.5	137.5
288.6	136.5
288.7	135.5
288.8	134.5
288.9	133.5
289.1	133.5
289.1	131.3
289.2	130.3
289.2	129.3
289.2	127.3
289.2	127.1
289.2	125.8
289.2	124.1
289.3	123.8
289.5	124.6
289.6	127.3
289.6	129.5
289.8	132.3
289.9	133
289.9	134
289.9	136.7
289.9	136.7
289.9	136.7
290	138.5
290	139.7
290.2	140.7
290.3	141
290.4	141.7
290.4	142.4
290.4	143.4
290.7	144.4
290.7	143.2
290.8	142.2
290.9	141.2
291	140.5
291	140.7
291.1	142.2
291.2	142.9
291.5	145.9
291.5	146.7
291.5	147.7
291.6	149.6
291.7	149.9
291.8	150.9
291.7	151.9
291.7	152.1
291.7	152.6
291.7	152.6
291.9	151.9
291.9	149.1
292	146.7
292.1	144.7
292.1	144.2
292.1	143.2
292.2	141.9
292.2	141.7
292.2	140.7
292.2	139.7
292.3	138.7
292.4	139
292.4	140
292.5	141.2
292.5	141.9
292.7	141.9
292.8	142.9
292.8	144.4
292.8	144.4
292.9	145.4
292.9	147.2
293	148.2
293.1	146.7
293.2	145.7
293.2	144.9
293.3	144.9
293.3	144.9
293.3	144.7
293.3	143.7
293.3	142.4
293.4	142.2
293.6	142.9
293.6	143.9
293.6	144.2
293.7	145.2
293.8	145.4
293.8	145.4
293.9	144.4
293.9	143.7
294	142.9
294	142.7
294.1	142.2
294.2	141.9
294.2	143.4
294.3	143.9
294.3	144.7
294.4	145.7
294.5	145.4
294.6	143.9
294.6	142.9
294.6	142.4
294.6	141.9
294.6	141.2
294.6	140.5
294.7	140.2
294.8	139.5
294.8	139.5
294.9	140.2
294.9	141.5
295	141.9
295.1	142.2
295.2	141.9
295.2	142.4
295.3	143.7
295.4	143.9
295.5	143.4
295.5	143.4
295.5	142.4
295.5	142.2
295.5	141.7
295.7	141
295.8	140
295.9	139.7
296	140.2
296	141
296.1	141.7
296.1	143.4
296.2	145.2
296.2	145.7
296.2	146.7
296.5	146.2
296.5	144.4
296.7	143.9
296.8	144.7
296.8	145.9
296.8	147.9
296.8	149.9
296.9	151.6
296.9	151.6
297	153.9
297.1	155.1
297.1	156.3
297.1	157.1
297.1	157.6
297.2	157.8
297.3	158.1
297.4	157.8
297.5	157.3
297.5	155.1
297.5	154.1
297.5	152.4
297.7	149.4
297.7	147.2
297.8	145.7
297.8	145.7
297.9	144.2
298	142.9
298	142.9
297.9	144.2
298	143.7
298	141.9
298	141
298.3	140.5
298.4	140
298.4	139.7
298.6	138
298.6	137.5
298.6	136.5
298.6	135
298.6	135
298.6	134
298.6	133.5
298.7	132.5
298.7	132.5
298.8	131.8
298.9	130.5
298.9	130.8
299	131.3
299.1	131.8
299.1	133
299.1	133.3
299.2	134.7
299.3	135.2
299.4	137
299.5	137.7
299.6	138.5
299.7	137.7
299.7	137.7
299.8	139
299.8	141.5
299.8	143.2
299.8	143.7
299.8	144.2
299.9	145.4
299.9	146.2
300	146.7
300	147.2
300.1	148.2
300.1	148.4
300.2	149.4
300.2	150.4
300.2	150.6
300.4	146.7
300.4	146.4
300.5	145.7
300.5	144.4
300.5	144.2
300.5	143.2
300.5	142.2
300.5	141
300.5	140.5
300.5	139.2
300.5	138.5
300.6	137.7
300.6	136.7
300.8	135
300.8	135
300.8	134.7
300.8	134.3
300.8	133
300.9	131.8
300.9	130
301	130.5
301.2	132.3
301.3	134.3
301.3	134.5
301.3	134.5
301.4	133.3
301.5	131.8
301.5	131.8
301.6	132.8
301.7	133.3
301.8	134.5
301.8	135.2
302	135.2
302	135.5
302	136
302	136.7
302	138
302.2	140
302.3	141.7
302.4	142.2
302.5	141.7
302.6	139.7
302.6	138.5
302.7	138.2
302.7	137.5
302.7	136.2
302.8	135
302.8	135.2
302.9	135.7
303	136.2
303.1	136.5
303.2	136
303.3	135
303.3	133.8
303.3	133.5
303.3	132.8
303.5	132.8
303.5	134.5
303.5	136
303.5	137
303.6	137.7
303.7	138.2
303.8	138.7
304	138.7
304.1	138.5
304.2	138.7
304.3	138
304.3	136
304.4	135.2
304.5	134.3
304.6	134
304.6	133.3
304.7	132.5
304.9	131.8
305	130.8
305.1	129.3
305.2	128
305.2	127.5
305.3	126.3
305.4	126.1
305.4	128.5
305.4	129
305.5	130.5
305.6	131.8
305.6	132
305.5	133.3
305.4	134.7
305.4	135.2
305.5	135
305.8	133.3
305.8	133
305.9	133
305.9	134.3
305.9	134.3
306	135
306	135.7
306	136.2
306.1	136.7
306.3	136.5
306.3	136.2
306.4	135.5
306.4	134.7
306.5	133.5
306.8	133.3
306.8	135
306.8	136.7
306.8	138
306.8	138.5
306.9	139.7
307.1	138.7
307.2	137.5
307.2	138.2
307.3	139
307.3	139
307.3	140
307.4	141.7
307.5	142.2
307.5	142.2
307.8	141.2
307.9	140.7
307.9	138.5
307.9	136.2
308.1	134.5
308.1	132.8
308.2	131.5
308.2	131
308.2	130
308.2	128.3
308.2	126.6
308.2	125.8
308.3	125.8
308.3	126.6
308.4	128
308.5	128.3
308.7	128
308.7	128
308.7	128
308.9	128.8
308.9	129
309	131
309	132.3
309.2	133.3
309.3	133
309.3	131.8
309.3	130.8
309.5	131
309.5	131
309.7	131
309.8	130.8
309.8	131.8
309.8	133
310	133.5
310.2	133.8
310.2	132.3
310.3	131
310.3	130
310.5	128.8
310.5	128
310.6	127.3
310.6	126.8
310.7	125.6
310.7	124.3
310.7	123.3
310.8	123.3
310.8	124.1
310.8	124.1
310.8	125.1
310.9	125.6
310.9	125.8
311.1	125.3
311.3	125.8
311.4	127.3
311.4	128.5
311.5	129.5
311.6	130.5
311.6	131.3
311.7	132
311.8	133
311.8	133
311.8	133.5
311.9	133.8
312.2	132.5
312.2	130.8
312.2	129.3
312.2	128.8
312.3	128
312.4	127.1
312.4	126.8
312.5	125.1
312.5	124.3
312.5	122.8
312.6	122.1
312.6	121.6
312.6	120.6
312.7	120.3
312.8	120.6
312.9	120.3
312.9	119.9
312.9	119.4
312.9	119.1
312.9	117.6
313	117.1
313	117.1
313	117.1
313.2	117.6
313.2	118.9
313.3	119.6
313.4	120.1
313.5	120.1
313.5	120.1
313.6	120.8
313.6	121.6
313.7	122.3
313.8	123.1
313.9	123.6
313.9	125.1
313.9	125.1
314.1	126.1
314.2	124.6
314.2	122.3
314.3	120.8
314.3	119.6
314.4	119.4
314.4	118.6
314.4	117.4
314.5	116.1
314.5	116.1
314.6	115.6
314.6	114.6
314.7	116.1
314.8	117.6
314.8	118.6
314.8	118.9
314.9	119.9
314.9	121.1
315	121.6
315.2	122.8
315.3	124.1
315.3	124.1
315.4	122.8
315.4	121.1
315.4	120.6
315.4	119.6
315.5	118.4
315.5	117.6
315.6	117.1
315.9	115.4
316	114.9
316.1	116.1
316.2	116.9
316.4	116.6
316.4	118.4
316.5	119.9
316.5	120.1
316.5	120.8
316.5	121.3
316.6	118.9
316.6	118.4
316.6	117.6
316.7	116.6
316.8	115.4
317	114.4
317.1	113.4
317.2	112.7
317.3	114.6
317.3	116.6
317.4	116.9
317.4	118.1
317.4	120.3
317.4	121.3
317.4	122.6
317.5	124.1
317.5	124.6
317.7	125.1
317.7	125.1
317.7	124.3
317.8	123.1
317.8	121.3
317.9	119.6
317.9	118.1
318	118.1
318.1	116.9
318.2	116.1
318.4	117.1
318.4	119.1
318.5	120.8
318.6	122.6
318.6	123.6
318.7	124.3
318.7	124.3
318.7	122.8
318.8	122.3
318.9	123.6
319	123.1
319.1	122.6
319.1	121.8
319.1	121.6
319.2	121.8
319.3	123.3
319.3	124.3
319.3	124.8
319.7	125.6
319.7	126.8
319.8	128.3
319.8	128.8
320	130.3
320	130.8
320.1	129.8
320.1	129.5
320.2	127.8
320.2	127.5
320.2	126.3
320.3	125.6
320.5	126.8
320.6	128.3
320.8	129.3
320.9	129.5
321	129
321	128.3
321	126.3
321	126.1
321	123.6
321.1	122.1
321.2	121.1
321.2	120.8
321.2	120.3
321.4	120.8
321.5	122.3
321.5	122.3
321.5	124.1
321.7	125.1
321.9	125.6
321.9	123.8
321.9	122.6
321.9	122.6
321.8	121.3
321.9	121.1
322	121.3
322.2	121.8
322.3	122.8
322.3	125.1
322.4	125.3
322.4	126.3
322.5	127.3
322.6	127.5
322.7	126.1
322.9	125.1
323	125.3
323	125.6
323.1	126.6
323.1	127.3
323.1	128.5
323.2	129.8
323.3	131.3
323.3	132
323.4	133
323.4	133.8
323.4	134
323.4	134.3
323.5	134.5
323.5	133
323.6	131.5
323.7	130
323.8	128.5
323.8	128.5
323.8	127.5
324	126.8
324.2	126.3
324.2	126.1
324.3	125.6
324.3	124.3
324.3	123.3
324.3	122.6
324.3	121.8
324.3	120.8
324.4	119.6
324.5	118.6
324.5	118.4
324.6	118.6
324.7	120.3
324.8	120.8
324.9	121.8
324.9	123.1
324.9	123.3
324.9	124.1
325.1	125.1
325.2	125.1
325.3	124.1
325.3	123.6
325.3	123.6
325.3	122.8
325.4	122.1
325.4	121.6
325.5	121.6
325.6	121.3
325.7	120.1
325.7	119.6
325.7	118.9
325.8	117.4
325.8	117.4
325.9	116.9
326	116.4
326.1	116.4
326.2	117.9
326.4	118.4
326.5	118.4
326.5	119.4
326.6	119.6
326.7	119.6
326.8	118.9
326.9	119.9
327.1	122.3
327.2	123.3
327.3	125.3
327.3	126.1
327.3	127.3
327.3	130
327.4	132.8
327.4	134.3
327.4	137
327.5	137.5
327.5	138.5
327.6	139.5
327.6	140.7
327.6	141
327.6	141.9
327.7	143.2
327.7	141.5
327.8	138
327.8	135.5
327.8	135.2
327.8	132.8
327.7	130.8
327.8	129
327.9	126.1
327.9	122.6
327.9	121.3
327.9	117.6
327.9	114.1
328.1	108.2
328.2	105.2
328.2	102.2
328.2	99.5
328.4	95.3
328.5	93
328.6	90.6
328.6	89.8
328.6	86.8
328.7	84.6
328.8	82.1
328.9	80.6
329	78.1
329	77.1
329	75.4
329	72.9
329	70.7
329.1	67.7
329.1	65.7
329.2	64
329.2	62.7
329.2	60.8
329.2	59.5
329.2	59.5
329.4	59.3
329.5	63
329.5	64
329.6	66.2
329.6	68.7
329.6	69.2
329.9	71.4
329.9	72.7
329.8	74.2
329.7	74.4
329.7	75.9
329.7	77.6
329.7	78.6
329.7	79.4
329.8	79.4
329.8	80.9
329.9	82.6
330	83.9
330	84.8
330.2	87.8
330.2	89.1
330.3	91.1
330.4	93.8
330.4	95.8
330.3	98.3
330.3	101.2
330.2	105.9
330.2	107.2
330.2	109.9
330.2	111.9
330.2	114.1
330.2	115.9
330.2	117.6
330.2	118.4
330.3	119.6
330.4	119.1
330.5	118.4
330.5	118.4
330.6	118.9
330.7	118.9
330.7	120.1
330.8	122.8
330.9	124.6
331.1	125.3
331.1	123.1
331.1	122.3
331.1	120.6
331.3	122.8
331.4	123.6
331.5	123.8
331.7	124.1
331.9	123.1
332.1	121.8
332.2	124.3
332.3	126.3
332.5	128
332.7	130.3
332.7	131.3
332.8	130.5
332.8	129.3
332.9	126.8
332.9	126.1
332.9	123.8
333.2	122.1
333.6	123.1
333.4	124.6
333.5	126.8
333.5	128
333.7	127.1
333.8	125.3
333.9	126.8
334.1	127.8
334.2	126.6
334.3	127.1
334.5	128.8
334.5	128.8
334.6	131.5
334.7	133.5
334.9	136.7
335	137
335.1	138.5
334.9	139.2
335.1	138
335.2	136
335.5	134
335.5	132.8
335.5	132
335.8	131.8
335.9	131.3
335.9	131
335.9	130.8
336	130.5
336.2	130.3
336.3	129.8
336.4	130
336.5	130.5
336.6	129.8
336.6	128.8
336.6	127.3
336.6	127.1
336.7	128.3
336.8	129.3
337.1	130.3
337.2	131.3
337.3	131.3
337.3	132.8
337.3	134.7
337.3	136
337.3	137.7
337.3	138.7
337.4	139.7
337.5	140.5
337.7	141
337.7	141
337.9	140.7
338	138.7
338	136.5
338	135.2
338.2	133.5
338.2	133
338.2	132.5
338.2	131.5
338.2	131.3
338.3	131
338.4	132.5
338.4	134
338.4	134
338.5	134.5
338.6	134.7
338.7	134.5
338.8	133.3
338.9	132.3
339	131.3
339	131
339.1	130.5
339.2	131.3
339.3	132
339.3	132.8
339.6	131
339.6	131.8
339.7	133.3
339.9	135
340	136.2
340	136.7
340.1	135.5
340.1	135.2
340.2	136.5
340.2	136.7
340.2	136.7
340.4	135.5
340.4	133.3
340.5	132.5
340.5	131.5
340.8	130.8
341	131.8
341	132
341	132.8
341.1	131.8
341.1	130.5
341.2	132.3
341.3	133.5
341.3	133.5
341.4	134.7
341.5	135
341.6	135
341.6	133.3
341.6	133.3
341.7	134.7
341.7	137.2
341.9	138.2
342	139.2
342	140.2
342.2	141.5
342.2	141.9
342.2	142.4
342.3	142.7
342.4	142.9
342.4	142.9
342.6	141.7
342.6	139.7
342.6	137.2
342.6	135.5
342.8	134
342.8	133.8
342.9	133.3
342.9	132.8
343.1	132.8
343.1	131.8
343.2	130.3
343.2	130
343.3	129.5
343.3	132.3
343.3	134.3
343.3	135.5
343.6	137
343.7	138
343.7	138.5
343.8	139
343.9	139.2
343.9	139.7
344	140.2
344.1	140.7
344.2	140
344.3	138
344.3	136.5
344.4	134.7
344.4	133
344.4	133
344.4	132.8
344.6	133
344.7	134.3
344.8	135.5
344.8	136
344.9	136
344.9	136
344.9	136
345	135.2
345.1	134
345.2	132.8
345.3	131.8
345.3	130.8
345.3	130.5
345.3	129.8
345.4	129.3
345.6	128.5
345.6	127.8
345.6	126.8
345.7	128
345.8	130.5
345.8	131
345.9	132.3
346	132.8
346.1	133.8
346.1	134
346.2	134.3
346.2	134.3
346.4	132.8
346.4	132.5
346.8	131
346.8	131.5
346.8	133.3
346.8	134.3
346.8	134.7
346.8	136.2
346.7	137.7
346.8	138.2
347	139.2
347	140.5
347.1	140.7
347.3	141.2
347.4	141.5
347.4	140.2
347.4	139
347.4	138.5
347.5	137.2
347.6	136.5
347.7	136
347.7	135.2
347.8	134
347.9	133.5
348	131.8
348	131.5
348	134.7
348	136.2
348.2	137.2
348.2	137.2
348.2	137.5
348.2	138.5
348.2	139
348.4	138
348.5	136.7
348.6	135.5
348.7	135
348.8	136.7
349.1	138
349.1	139.2
349	140.2
349	140.5
349	141
349	141
349.2	141.9
349.3	142.2
349.4	142.7
349.4	142.7
349.5	142.7
349.6	141.5
349.7	141.5
349.7	140.5
349.7	139.7
349.8	138.5
349.9	137.7
350	137.2
350.1	136.5
350.2	136
350.4	136
350.4	136.5
350.5	137
350.5	138
350.7	138.2
350.8	138.7
350.8	138.7
350.8	139
350.8	139.2
350.9	139.2
350.9	139
351	137.7
351.1	137.5
351.2	136.5
351.3	135
351.4	133.8
351.5	132.5
351.6	132.5
351.7	132.8
351.7	133.8
351.8	135.2
351.8	135.2
351.9	135.7
352	136.2
352.1	138.2
352.2	138.7
352.2	138.7
352.3	139
352.4	139
352.5	138.2
352.5	136.7
352.6	135
352.7	133.3
352.7	132.3
352.9	131.3
352.9	130.8
353.2	130
353.3	129.8
353.4	128.3
353.5	128
353.6	128.3
353.6	129.5
353.7	131.5
353.7	133.3
353.7	135.2
353.6	137
353.6	137.5
353.7	138.7
353.7	139
353.9	138.5
354.1	137.5
354.2	137.5
354.3	138.5
354.4	141
354.4	141.9
354.4	142.7
354.4	143.2
354.4	143.9
354.5	144.7
354.6	145.4
354.6	146.2
354.6	146.2
354.6	146.2
354.7	145.7
354.8	144.4
354.8	142.2
354.9	140.2
355	138.5
355.1	136.7
355.1	135.5
355.1	134.5
355.1	133.3
355.1	132.3
355.1	131.8
355.2	131.5
355.3	132.3
355.3	133.3
355.4	133.8
355.4	133.5
355.5	133.5
355.5	133
355.5	131.8
355.5	131.3
355.6	130
355.8	129.3
355.8	129.3
356	130
356	131.8
356	132
356	133.3
355.9	134.5
355.9	135
355.9	135.7
355.9	136.2
355.9	136.7
356.1	136.5
356.1	136.2
356.3	135.7
356.4	134.3
356.5	133
356.7	133.5
356.7	133.8
356.7	134.5
356.7	135.5
356.7	136.2
356.7	137.2
356.8	137.2
356.8	137.2
357	136.2
357.1	135.5
357.2	135.5
357.2	136.5
357.2	137.5
357.2	137.7
357.3	137.7
357.4	136.2
357.5	135.5
357.8	135.2
357.8	136.7
357.8	136.7
357.8	137.5
358.1	139.5
358.1	139.7
358.1	140
358.1	140.2
358.2	140.7
358.3	141.2
358.3	141.5
358.3	141.5
358.3	141.5
358.4	141.5
358.4	141.5
358.5	141.5
358.5	141.5
358.6	141
358.6	140.7
358.7	140.2
358.9	139.7
359.1	138.7
359.2	138.2
359.4	138.7
359.4	140.2
359.5	141.7
359.6	142.2
359.7	143.9
359.8	144.9
359.8	145.7
359.8	146.4
359.9	147.7
359.9	148.7
359.9	149.4
359.9	150.4
359.9	151.1
359.9	151.4
359.9	151.6
359.9	152.1
359.9	152.6
360	152.9
360	152.9
360	152.9
360	152.1
360.1	151.4
360.1	151.1
360.1	149.1
360.2	147.7
360.2	146.7
360.4	145.4
360.5	144.4
360.6	143.9
360.6	142.9
360.6	141.7
360.7	140.7
360.9	139.2
360.9	138.5
360.9	138.5
361	138
361	137.2
361	136
361.1	135.5
361.1	134.7
361.1	133.5
361.1	133.5
361.1	133
361.1	132
361.3	131.3
361.3	130.8
361.3	130.3
361.3	130.5
361.4	131.8
361.4	133
361.4	134.3
361.5	134.5
361.6	133.8
361.6	133.3
361.7	133
361.7	133
361.8	133.8
361.8	134.3
361.9	133.5
361.9	133
362.1	132.5
362.2	133.3
362.2	135.2
362.2	137.5
362.3	139.2
362.4	141.5
362.4	141.7
362.5	142.4
362.6	143.4
362.7	144.2
362.7	144.7
362.7	145.4
362.8	145.7
362.8	145.7
362.8	144.2
362.9	144.2
362.9	142.7
363	142.4
363.1	141.2
363.3	141.7
363.3	143.4
363.3	144.2
363.5	144.9
363.7	146.9
363.7	147.4
363.7	147.9
363.7	148.2
363.7	148.7
363.7	148.9
363.8	148.9
363.9	148.9
363.9	147.9
363.9	147.7
364	146.2
364.1	145.2
364.3	144.7
364.4	144.4
364.6	145.2
364.6	145.4
364.6	146.4
364.7	146.9
364.8	147.9
364.8	147.9
364.8	148.2
364.8	148.7
364.9	149.1
364.9	149.1
365	149.1
365.1	148.4
365.1	147.9
365.3	146.4
365.4	147.2
365.4	147.7
365.5	147.9
365.5	147.2
365.5	146.7
365.6	146.7
365.8	145.7
365.9	145.2
365.9	144.7
366	144.2
366.1	143.4
366.1	143.2
366.2	144.4
366.3	146.4
366.3	146.7
366.3	147.7
366.3	148.2
366.4	148.4
366.4	149.4
366.5	150.1
366.5	150.1
366.7	149.9
366.8	148.7
366.9	147.4
367	146.2
367	145.2
367	144.9
367	144.2
367.1	142.9
367.1	142.2
367.2	142.7
367.2	143.9
367.2	144.2
367.2	144.7
367.3	144.7
367.3	143.4
367.4	142.4
367.5	141.7
367.5	141.5
367.5	141.2
367.6	140.2
367.7	139
367.7	139
367.7	138
367.8	137.2
368	139
368	140.7
368.1	141.7
368.3	142.4
368.5	141.9
368.5	140.5
368.6	140.5
368.6	139.7
368.6	138.7
368.6	138.2
368.7	138
368.7	137.7
368.7	138
368.8	138.7
368.9	139
368.9	138.2
369	138
369.1	137.7
369.1	138.7
369.1	139
369.2	140
369.2	140.5
369.3	141
369.3	141.2
369.4	141
369.5	140
369.6	139.5
369.7	139.2
369.8	139.5
369.9	140
369.9	140
370.1	140.5
370.4	140.2
370.5	139.7
370.6	139
370.6	138.2
370.8	137.7
370.9	137.7
370.9	138.7
370.9	138.7
371	139.2
371	139.2
371.1	139.2
371.1	139
371.2	137.5
371.2	137.5
371.3	136.5
371.4	136
371.4	135.2
371.4	133.3
371.5	132.8
371.5	131.8
371.5	131.5
371.5	131.8
371.6	133
371.7	134
371.8	135
371.9	135.2
371.9	135.2
372	136
372.1	136.2
372.1	137.2
372.3	137.2
372.4	138.5
372.5	139.7
372.5	140
372.5	140.7
372.6	142.2
372.6	142.4
372.7	143.7
372.7	144.9
372.8	146.4
372.8	147.4
372.9	148.4
373	148.4
373	147.7
373	145.9
373	145.9
373.1	143.7
373.1	142.2
373.3	141.7
373.4	140.5
373.4	140
373.4	139
373.4	139
373.6	140.5
373.6	140.5
373.7	139.2
373.8	139
373.8	139.2
373.9	140.7
373.9	142.2
373.9	143.7
373.9	143.9
374	144.7
374.1	145.2
374.1	146.2
374.2	145.9
374.3	144.9
374.3	142.7
374.4	141.5
374.5	140.5
374.5	139.2
374.5	138.7
374.5	138
374.6	137.2
374.6	137
374.7	136.2
374.8	135.2
374.8	134
374.8	133.5
374.9	133.8
374.9	135.7
374.9	136
374.8	137.5
374.8	140
374.9	142.4
374.9	142.4
374.9	143.7
374.9	143.7
374.9	144.4
374.9	145.7
374.9	146.4
374.9	147.2
374.9	148.2
375	148.2
375.1	147.7
375.1	147.4
375.2	146.4
375.2	144.9
375.3	144.9
375.3	145.9
375.3	146.9
375.3	147.4
375.4	147.9
375.5	148.2
375.5	148.9
375.6	149.4
375.6	149.6
375.6	149.6
375.8	148.4
375.8	147.4
375.7	145.7
375.7	144.7
375.9	144.2
376	145.2
376	146.2
376	146.9
376	146.9
376.2	145.7
376.2	144.7
376.2	143.4
376.2	141.9
376.3	141.7
376.3	140
376.4	139.2
376.6	141
376.7	139.7
376.8	137.5
376.8	137
376.8	136.2
376.9	134.5
377	134.3
377	132.8
377.2	134.3
377.3	135.7
377.3	137.2
377.4	137.5
377.6	135.7
377.6	134
377.7	131.8
377.8	129.8
377.8	128.3
378	127.1
378.1	129
378.2	131.5
378.2	132
378.2	133.8
378.2	136.7
378.3	138.7
378.4	141
378.4	141.9
378.5	142.2
378.6	141.5
378.6	139.2
378.7	137
378.7	135.7
378.8	136.5
379	137.5
379.1	138.7
379.2	139.7
379.2	140
379.4	139.2
379.4	139
379.4	137.5
379.4	136.2
379.6	136.2
379.7	136.2
379.7	135.7
380	135
380.1	133.8
380.1	133.3
380.2	132.5
380.2	131.3
380.3	130
380.3	129.5
380.4	128.5
380.4	127.3
380.5	127.3
380.5	127.5
380.7	128.8
380.7	130.8
380.7	133.3
380.8	134.3
380.9	135.7
381	137.7
381	137.7
381	139
381.2	141.9
381.3	142.9
381.3	143.2
381.4	144.9
381.4	145.9
381.5	147.4
381.7	148.2
381.8	147.7
381.9	146.2
382	144.2
382	142.2
382	140.5
382.1	140
382.2	140.7
382.2	142.7
382.2	143.2
382.3	144.2
382.4	143.2
382.4	142.9
382.5	142.4
382.7	142.9
382.8	142.4
382.9	140.5
382.9	138.7
383	138.5
383.1	137.7
383.2	136.5
383.2	136.5
383.4	136
383.4	138.5
383.4	140.5
383.4	142.2
383.6	143.7
383.6	144.9
383.8	145.7
384	144.7
384.1	142.9
384.1	140.2
384.1	139.5
384.2	137.7
384.3	137.2
384.3	136.7
384.4	135.2
384.4	135.2
384.5	134.7
384.6	135.7
384.6	136.5
384.8	135.5
384.8	134.5
384.8	132.8
384.8	132
384.8	131
384.9	130.8
385.1	132.3
385.1	133.8
385.1	135.7
385.1	137.2
385.1	139.2
385.2	141.5
385.4	143.7
385.4	145.7
385.4	145.9
385.5	146.9
385.6	147.2
385.7	147.9
385.8	148.9
385.9	146.7
385.9	146.7
385.9	147.7
386	148.7
386.1	149.9
386.2	150.4
386.2	151.4
386.4	152.4
386.5	152.6
386.6	152.9
386.7	148.4
386.8	145.7
386.8	144.7
386.8	143.4
386.8	141
386.8	140.2
386.8	137.5
386.8	135.5
386.9	133.3
386.9	133.3
386.9	131.5
386.9	129.5
387	127.8
387	127.3
387	126.8
387	125.6
387	125.3
387.2	124.1
387.2	123.3
387.2	123.3
387.3	123.3
387.4	124.8
387.4	126.3
387.4	128.3
387.4	130.3
387.4	131.8
387.4	132.3
387.6	132.8
387.8	133
388	133.8
388	134
388	134.5
388.2	136.5
388.2	136.7
388.2	137.2
388.3	137.5
388.4	138.7
388.5	138.2
388.5	136.5
388.5	135.2
388.5	134.7
388.6	132
388.7	131.8
388.7	132.3
388.8	132.8
388.8	133
388.8	134.3
389	135.5
389.1	135.7
389.2	136.2
389.2	136.7
389.3	134.3
389.3	134
389.3	132.3
389.3	131
389.3	129.5
389.5	128.8
389.6	128.8
389.6	130.8
389.6	131
389.6	132.5
389.6	134
389.7	135.5
389.8	137.7
389.9	139
389.9	139.5
390	140.2
390.1	141.7
390.1	141.9
390.2	142.7
390.2	142.9
390.3	142.4
390.3	140.2
390.4	139
390.4	138.2
390.5	137.7
390.5	136.2
390.6	134.7
390.7	135.2
390.8	136.7
390.8	137.7
390.9	137
390.9	136.2
391	135.7
391.1	135.5
391.3	135
391.4	135.7
391.5	135.7
391.6	134.7
391.6	134.3
391.6	134.3
391.6	133.3
391.7	132.3
391.8	131.3
392	130.5
392	133
392.1	133.5
392.1	134.5
392.2	136.2
392.2	136.5
392.3	138.5
392.4	140.5
392.4	141.5
392.4	141.9
392.4	143.4
392.4	144.4
392.5	145.7
392.6	145.2
392.7	143.4
392.8	142.7
392.8	141
393	139.7
393.1	138.2
393.1	137.5
393.1	136
393.1	135.2
393.2	135
393.3	134.5
393.3	134.5
393.6	133.8
393.7	132.5
393.8	131.3
393.9	130.3
393.9	129
393.9	128.5
393.9	127.5
393.9	127.3
393.9	126.6
394.2	126.8
394.2	129.8
394.2	130.5
394.2	132.5
394.2	132.8
394.2	134.7
394.3	136.2
394.4	138.2
394.5	139.2
394.7	141
394.7	141.9
394.7	142.2
394.8	142.9
394.9	144.7
394.9	146.2
395	147.7
395	149.4
395	149.6
395	150.1
395.2	150.9
395.3	149.4
395.3	147.2
395.5	148.2
395.5	149.1
395.5	145.9
395.6	143.9
395.6	142.7
395.6	141.7
395.6	140.5
395.7	139.7
395.9	139.5
396	140.5
396	141.5
396	142.7
396.1	144.7
396.1	145.4
396.2	146.7
396.4	145.7
396.5	142.2
396.5	141.2
396.5	139.7
396.5	137.2
396.5	136.7
396.6	135
396.7	134
396.9	132.8
397	132.5
397.3	132
397.4	131.3
397.4	130.5
397.5	128
397.5	126.3
397.5	125.1
397.7	124.8
398	126.3
398.3	128.5
398.6	131.3
398.6	133.3
398.6	133.3
398.6	133
398.7	131.5
398.8	129.8
398.9	126.3
398.9	125.8
398.9	124.6
399	123.6
399.2	122.8
399.3	124.1
399.3	124.6
399.3	126.1
399.3	127.5
399.3	127.8
399.3	129.3
399.5	130.3
399.6	130.5
399.7	131
399.8	129
399.8	128.8
399.8	129.3
399.9	130.8
400.1	131.5
400.1	131.8
400.2	131
400.2	130
400.2	129.3
400.3	128
400.3	127.5
400.3	126.6
400.3	125.8
400.4	125.6
400.4	125.1
400.5	124.8
400.5	124.6
400.6	124.1
400.6	123.8
400.6	123.3
400.7	123.3
400.9	125.8
400.9	127.8
400.9	129.3
400.9	129.5
400.9	130.5
400.9	132
400.9	132
400.9	132.3
400.9	131
400.9	130.5
401.2	128.3
401.4	125.3
401.4	123.3
401.4	121.8
401.5	121.3
401.7	119.4
401.7	118.4
401.8	116.4
401.9	113.9
401.9	113.9
401.9	112.4
401.9	111.7
401.9	111.2
402.1	111.7
402.2	113.1
402.3	113.9
402.3	112.7
402.5	109.2
402.6	107.4
402.6	107.2
402.7	105.5
402.7	103.7
402.7	101.5
402.8	102
402.9	103.5
402.9	103.7
402.9	104.7
402.9	105.7
402.9	105.9
402.9	106.4
402.9	106.7
403.1	106.2
403.1	105.9
403.2	105
403.3	103.2
403.3	103.2
403.3	101.5
403.4	100.2
403.4	98.5
403.5	97
403.5	96.3
403.5	95.3
403.8	96.5
403.8	99.2
403.8	100
404	102.7
404	104.7
404	106.4
404	108.7
404	111.7
404	115.9
404.1	117.9
404.1	118.6
404.2	121.8
404.2	125.1
404.2	128.5
404.2	131
404.3	133
404.5	133
404.6	133.3
404.6	134.3
404.7	136
404.7	136.2
404.7	137.2
404.7	138
404.7	138.2
404.9	139.7
405	140.7
405.1	141
405.1	141
405.2	139.5
405.5	134
406	128.8
406	126.1
406	124.3
406.1	122.1
406.1	119.9
406.1	118.4
406.1	116.4
406.2	114.4
406.2	113.6
406.2	112.7
406.3	110.7
406.3	108.2
406.3	107.9
406.3	108.4
406.4	109.7
406.4	110.4
406.4	112.2
406.5	112.7
406.5	112.7
406.5	112.7
406.6	112.7
406.7	112.7
406.9	112.2
407.1	109.4
407.1	109.2
407.1	107.4
407.1	106.4
407.1	106.4
407.1	104.7
407.1	103
407.1	101.5
407.1	100
407.2	99.2
407.3	99.5
407.3	100
407.4	101
407.5	102.7
407.5	103
407.5	104
407.7	105.5
407.8	107.2
407.8	107.4
407.8	108.2
407.8	108.4
407.9	108.7
408	108.9
408.1	108.2
408.1	107.9
408.1	106.7
408.2	106.4
408.3	105.7
408.4	104
408.4	103.5
408.5	102.7
408.7	103.5
408.8	104
408.8	106.7
408.9	108.7
408.9	109.4
409	111.2
409.1	112.2
409.1	112.9
409.1	114.4
409.3	116.4
409.3	117.4
409.5	116.4
409.5	116.1
409.6	115.1
409.6	113.1
409.7	113.1
409.8	113.6
409.9	114.4
410.1	114.4
410.2	113.6
410.2	112.9
410.4	110.4
410.5	109.4
410.5	107.4
410.6	107.9
410.6	108.2
410.6	110.4
410.6	110.7
410.6	111.9
410.6	113.6
410.6	114.1
410.7	114.9
410.8	114.9
410.9	114.1
411.1	112.7
411.1	111.2
411.1	108.9
411.1	108.4
411.1	106.9
411.1	105.7
411.3	104.7
411.4	104.7
411.5	105.5
411.6	107.4
411.7	112.7
411.7	114.4
411.7	115.6
411.7	117.4
411.7	120.1
411.7	121.3
411.7	124.1
411.7	125.1
411.9	126.8
411.9	127.8
411.9	128
412	129.8
412	131
412	132
412	132.3
412.1	132.8
412.3	134
412.3	131.3
412.4	128
412.5	125.6
412.5	124.8
412.5	123.6
412.6	121.8
412.7	118.9
412.8	117.4
412.9	116.9
412.9	115.1
412.9	113.9
412.9	113.9
412.9	112.7
413	110.9
412.9	109.4
412.9	108.4
412.9	105.2
412.9	105.2
412.9	104.7
413	104.7
413	106.2
413.2	106.9
413.3	107.7
413.4	108.4
413.5	109.4
413.5	108.4
413.6	106.4
413.6	105.7
413.6	104.5
413.7	102.7
413.7	102.5
413.8	101
413.8	100.2
413.8	99
413.8	97.3
413.8	96.8
413.8	95.8
413.9	94.5
414	94.3
414.1	95.3
414.1	96.3
414.2	99.2
414.3	101.5
414.4	103.5
414.5	104
414.5	105.2
414.5	106.4
414.5	106.4
414.7	107.7
414.7	109.4
414.8	111.2
414.8	112.7
414.8	113.6
414.8	113.9
414.8	113.9
414.9	114.6
414.9	115.9
415	114.9
415.1	113.9
415.4	112.7
415.4	113.1
415.4	113.9
415.4	114.1
415.4	114.6
415.5	114.6
415.6	113.9
415.6	112.2
415.6	111.7
415.6	109.9
415.7	108.7
415.9	108.4
415.9	111.7
415.9	113.4
416	115.6
416	116.4
416.1	117.6
416.2	119.6
416.3	120.6
416.4	122.1
416.5	121.6
416.5	119.1
416.6	116.6
416.7	115.1
416.7	112.9
416.9	110.2
416.9	108.9
416.9	107.7
417	107.7
417.1	107.9
417.1	109.2
417.2	110.4
417.2	110.7
417.4	109.9
417.5	108.4
417.5	107.2
417.5	106.2
417.6	105.7
417.7	104.2
417.8	104.5
418	105.5
418	105.7
418	107.2
418	109.4
418	111.4
418.1	113.1
418.2	114.4
418.2	114.9
418.3	115.6
418.4	116.6
418.4	116.9
418.4	117.9
418.6	118.6
418.6	118.9
418.8	119.6
419	118.4
419.1	117.1
419.2	116.9
419.2	118.4
419.1	119.6
419.2	120.8
419.4	122.1
419.6	123.1
419.6	124.1
419.7	124.6
419.8	124.8
419.8	125.1
419.9	125.6
420	123.3
420	123.1
420	124.6
420	124.8
420.1	125.8
420.2	126.1
420.2	126.3
420.4	126.6
420.5	125.1
420.5	122.8
420.6	122.6
420.6	123.1
420.6	124.1
420.7	125.3
420.7	125.6
420.8	125.8
421	125.3
421.1	124.3
421.2	123.1
421.3	122.6
421.4	121.8
421.5	120.8
421.5	119.1
421.5	118.4
421.6	118.1
421.7	117.9
421.8	118.4
421.9	119.4
422	120.6
422.1	120.6
422.1	119.1
422.1	117.9
422.1	117.6
422.1	116.9
422.2	116.1
422.4	115.4
422.5	115.1
422.6	114.9
422.7	116.1
422.7	118.4
422.7	119.9
422.7	120.6
422.7	121.3
422.9	121.3
422.9	119.9
423	118.9
423	118.9
423.3	118.9
423.5	120.1
423.4	121.6
423.4	122.3
423.4	123.6
423.4	124.3
423.5	124.6
423.5	124.6
423.6	124.1
423.8	122.3
423.8	121.3
423.8	120.6
423.9	119.9
423.9	118.6
424	117.9
424.1	117.9
424.2	118.4
424.3	119.1
424.5	119.4
424.6	118.9
424.6	117.1
424.6	118.1
424.7	119.1
424.9	120.1
425	120.1
425.1	120.1
425.3	120.1
425.4	120.6
425.4	120.8
425.5	121.6
425.5	122.1
425.6	122.6
425.7	122.8
425.7	122.3
425.7	122.3
425.8	120.1
425.9	118.1
426	115.4
426.2	113.1
426.3	110.9
426.4	112.4
426.6	115.4
426.6	117.9
426.7	119.6
426.7	120.6
426.7	121.6
426.7	123.1
426.7	124.1
426.9	129.3
426.9	130.3
426.9	130.5
426.9	131.3
426.9	133.8
426.9	135.2
426.9	136.2
426.9	137.7
426.9	138.2
426.9	139.5
426.9	140.7
427	140.7
427	141.5
427	142.2
427	142.2
427	143.2
427.1	143.4
427.2	143.4
427.3	142.2
427.3	142.2
427.3	140.2
427.5	138
427.6	136.2
427.6	134.7
427.7	134.5
427.8	137.5
427.8	139.2
427.8	140.5
427.9	140.7
427.9	141.5
428.1	141.7
428.1	142.4
428.2	143.7
428.3	144.4
428.4	144.9
428.5	144.7
428.6	143.2
428.7	142.2
428.8	140.5
429	139.2
429	140.7
429	141.2
429.2	140.7
429.4	141.9
429.4	143.4
429.4	143.7
429.5	144.2
429.5	144.2
429.7	141.9
429.8	141.5
429.9	139.2
429.9	137.7
430	136.2
430	135.2
430.1	134
430.4	132.5
430.6	134.7
430.6	136
430.6	137
430.6	138.7
430.7	139.5
430.9	140
431	140
431.1	138.5
431.1	136.5
431.1	136.5
431.3	137.2
431.3	138.5
431.4	138.2
431.4	136.7
431.4	135.2
431.6	134.3
431.9	135.7
431.9	136
431.9	136
432	135.2
432.1	134
432.1	134
432.2	133
432.3	132
432.3	131.3
432.4	131
432.6	130.5
432.7	131
432.8	131.3
432.8	131.8
432.9	131.8
432.9	131
432.9	130.5
433	130.3
433.1	130.5
433.2	130.5
433.3	129.5
433.3	129.3
433.4	129
433.5	128
433.6	128
433.6	128
433.6	129.3
433.7	130.3
433.7	131.3
433.7	132
434.1	132
434	133
434.2	133.5
434.3	133
434.5	132
434.5	130.8
434.7	130.3
434.7	130.3
434.8	131
434.8	131.5
434.8	132
434.9	133.3
434.9	133.5
434.9	133.5
434.9	134.3
435	135.7
435	137
435	137.7
435	138.2
435	139.2
435.2	140.2
435.4	140
435.6	138.5
435.6	139.7
435.7	140.2
435.8	140
435.8	138.7
435.8	136.7
435.8	136.2
435.8	135
435.9	134.5
436	134.3
436	134.3
436.1	134.3
436.2	134.3
436.4	134.3
436.6	134.5
436.6	135.7
436.8	136.2
436.9	135.2
436.9	135
436.9	135.5
437	136
437.2	137.2
437.2	137.7
437.5	137.5
437.5	137.5
437.5	135.7
437.5	133.3
437.4	131.3
437.5	130.5
437.7	129.8
437.7	128.3
437.7	127.3
437.8	126.8
437.8	125.3
437.9	124.3
438.1	126.1
438.1	128.3
438.1	128.8
438.1	129.3
438.4	128.8
438.4	128.8
438.4	127.5
438.5	126.8
438.6	126.6
438.6	127.3
438.7	128.3
438.7	130.8
438.7	132
438.7	132.3
438.7	133
438.8	133.5
438.8	133.8
438.9	134.5
438.9	135
439	135.2
439.3	136.5
439.3	136.5
439.5	137.5
439.6	135.7
439.7	134.5
439.8	133.3
439.8	133
439.9	133.3
439.9	133.3
440	133.8
440.1	134
440.1	135.2
440.1	135.7
440.1	136.5
440.2	137.2
440.3	137.7
440.5	138.2
440.7	138.2
440.9	136.7
440.9	135.2
440.9	133.3
440.9	132
441	131.8
441	131
441	130.3
441.2	129.8
441.3	131.3
441.3	133.3
441.3	133.5
441.3	135
441.4	136.2
441.4	136.2
441.4	137.2
441.4	138.2
441.4	138.5
441.6	140
441.6	140.2
441.6	141.2
441.8	141.5
441.8	141.5
441.8	141.9
441.9	140.2
441.9	138
441.9	136
442	134.3
442	133.8
442	133
442	132
442.1	130.8
442.2	129.5
442.2	128.5
442.4	130
442.4	132
442.4	133
442.3	134.7
442.3	136.5
442.5	137
442.6	137.2
442.7	137.7
442.8	138.5
442.8	138.7
442.9	139.2
443.1	139.5
443.3	139.2
443.3	140
443.4	140.7
443.5	140.7
443.5	141
443.5	141.5
443.6	142.2
443.6	140
443.7	138.7
443.7	138.2
443.7	137.2
443.8	135.5
443.8	134.3
443.8	133.5
443.8	133
443.9	132.8
444	133.8
444	134.7
444.1	135.5
444.1	136.2
444.2	137.7
444.3	138.2
444.4	138.2
444.4	137.7
444.6	136.5
444.6	135.2
444.7	134.7
444.7	133.8
444.8	133.5
444.9	134.7
444.9	136.5
445	137.2
445	138
445.1	138.7
445.2	139
445.2	139.7
445.4	140.7
445.5	141.2
445.6	141.9
445.7	142.4
445.7	142.4
445.9	143.7
446.1	144.4
446.1	144.9
446.1	145.2
446.1	145.9
446.1	146.2
446.2	147.2
446.3	148.2
446.3	149.4
446.3	150.6
446.3	151.9
446.3	152.4
446.3	152.4
446.3	153.1
446.4	153.9
446.4	154.9
446.4	155.4
446.5	155.9
446.5	155.9
446.5	156.6
446.6	155.1
446.7	153.1
446.8	152.4
446.8	150.9
446.8	149.9
446.8	149.4
446.9	148.7
446.9	147.7
446.9	146.9
446.9	146.7
446.9	145.7
446.9	144.9
447	144.7
447.1	143.9
447.1	143.4
447.1	143.2
447.2	142.7
447.2	142.2
447.4	142.9
447.4	143.2
447.5	144.2
447.6	144.2
447.6	142.4
447.6	141.9
447.6	141.5
447.5	140.7
447.5	140.5
447.6	139
447.7	138
447.8	137.7
448	138.7
448.1	140.5
448.2	140.7
448.2	142.4
448.2	144.4
448.1	146.2
448.1	148.2
448.3	151.6
448.3	152.6
448.3	153.1
448.3	154.1
448.3	155.1
448.3	155.4
448.4	156.8
448.5	156.6
448.5	154.9
448.6	151.4
448.7	149.9
448.7	148.4
448.7	147.2
448.7	146.2
448.7	144.7
448.7	144.2
448.8	143.4
448.8	143.7
448.9	145.4
448.9	146.9
448.9	147.7
448.9	148.2
449	148.4
449.1	149.4
449.2	149.4
449.2	148.7
449.2	146.9
449.2	146.9
449.3	146.4
449.4	146.4
449.5	147.7
449.5	147.9
449.5	148.9
449.6	149.9
449.7	149.6
449.8	148.2
449.8	147.9
449.7	146.4
449.7	145.7
449.7	144.9
449.7	144.4
449.8	144.4
449.9	144.9
449.9	145.2
450	145.2
450.1	144.9
450.1	144.7
450.2	143.7
450.2	143.2
450.3	142.2
450.3	141.7
450.4	140.7
450.4	141.5
450.4	142.2
450.5	143.4
450.6	144.2
450.6	144.9
450.8	145.7
451	145.9
451	145.2
451	143.4
451.1	143.4
451.2	142.4
451.3	141.5
451.5	142.4
451.5	142.7
451.5	142.7
451.6	142.4
451.7	141
451.7	140.5
451.7	139.5
451.7	138
451.7	137.5
451.8	136.7
451.8	136.2
451.8	136.5
451.9	138
451.9	139.2
451.9	140.5
452	141.7
452	142.7
452	142.9
452.2	141.9
452.2	140.5
452.2	140
452.4	140.5
452.5	139.7
452.6	138.2
452.6	137.5
452.7	138.5
452.8	139
452.9	141
452.9	141.5
452.9	143.2
452.8	145.4
452.8	145.7
452.9	146.4
453	147.9
453	148.2
453.1	149.4
453.3	150.4
453.4	150.9
453.5	150.9
453.5	150.9
453.6	149.9
453.7	149.4
454	147.9
454	146.2
454	144.9
454	143.9
454.2	142.7
454.3	142.7
454.4	143.7
454.7	144.2
454.9	143.9
455	142.9
455	141
455.1	140.5
455.1	140.2
455.2	138.7
455.3	138.5
455.4	136.5
455.5	135.5
455.8	134.3
455.8	134.3
455.9	135
456.1	137
456.1	137
456.1	139.2
456.1	140
456.1	141.7
456.1	142.9
456.1	143.2
456.1	144.2
456.1	144.9
456.2	145.7
456.3	146.9
456.3	147.2
456.4	148.7
456.4	149.6
456.4	150.9
456.6	151.4
456.8	151.1
456.9	148.4
457	145.2
457.1	143.7
457.1	141
457.2	139.7
457.3	138.5
457.3	136.7
457.3	135.5
457.4	135.5
457.5	135.5
457.7	136.5
457.7	136.7
457.8	138
457.8	139
457.8	140.5
457.8	142.2
457.8	142.7
457.8	143.9
457.7	145.4
457.7	145.7
457.8	147.2
457.8	148.2
457.9	149.4
458	150.1
458	150.6
458.1	151.1
458.1	151.4
458.3	150.9
458.3	148.9
458.3	146.9
458.3	144.2
458.3	143.9
458.3	143.2
458.4	142.4
458.6	141.5
458.7	140.7
458.8	141.2
458.8	141.9
458.8	142.9
458.8	144.4
458.8	144.9
458.8	145.9
459	147.2
459	147.4
459	147.9
459	148.2
459.1	148.9
459.1	149.1
459.1	149.1
459.2	149.1
459.3	147.4
459.3	146.4
459.3	146.2
459.4	144.4
459.5	144.2
459.6	144.2
459.6	144.2
459.7	143.2
459.7	142.4
459.8	141.5
459.9	142.2
459.9	143.4
459.9	143.7
459.9	144.2
460	145.2
460.1	146.2
460.2	145.4
460.2	144.9
460.3	144.9
460.4	145.7
460.4	146.7
460.5	146.7
460.6	146.7
460.6	145.9
460.6	144.9
460.7	144.4
460.8	143.9
460.9	143.7
460.9	143.2
460.9	141.7
461	141.2
461	141
461	140.2
461.1	138.7
461.1	138.7
461.1	138.5
461.1	137.5
461.4	138.2
461.5	140
461.5	141.2
461.7	140.7
461.7	141
461.7	142.7
461.7	144.4
461.6	144.4
461.6	145.7
461.7	146.4
461.8	147.4
461.9	148.4
461.9	149.1
461.9	149.6
461.9	150.1
462	150.9
462.1	151.4
462.2	150.6
462.3	150.1
462.3	148.4
462.4	146.7
462.4	145.4
462.4	143.9
462.4	143.2
462.4	142.9
462.5	141.9
462.6	141.2
462.7	140.2
462.8	140.7
462.8	141.9
462.9	143.2
463	142.7
463	142.2
463.1	141.9
463.3	142.2
463.4	143.2
463.5	143.9
463.5	144.9
463.4	146.4
463.4	147.4
463.5	147.7
463.5	148.2
463.6	148.9
463.7	148.9
463.7	149.6
463.7	150.1
463.7	150.6
463.7	151.4
463.7	152.1
463.7	152.4
463.7	152.6
463.9	152.9
464.1	152.6
464.2	150.1
464.2	148.4
464.3	147.2
464.3	146.2
464.3	145.2
464.4	144.9
464.5	144.9
464.6	145.4
464.6	145.7
464.8	145.4
464.8	145.2
464.7	144.2
464.7	143.2
465	143.9
465	145.4
465	147.2
465	147.4
465	148.2
465.1	149.1
465.2	150.1
465.2	150.9
465.2	151.6
465.2	152.4
465.2	153.4
465.4	154.1
465.4	154.4
465.6	154.4
465.6	152.9
465.7	150.6
465.9	148.9
465.9	147.4
465.9	146.2
466	145.2
466	143.9
466	143.4
466.1	142.7
466.1	141.5
466.2	141.2
466.3	141.9
466.3	142.7
466.4	143.7
466.5	144.7
466.6	144.7
466.6	143.7
466.6	143.2
466.8	141.2
467	141.7
467.1	142.9
467.1	143.7
467.1	143.9
467.2	143.7
467.3	142.4
467.3	141.2
467.4	140.5
467.6	139.7
467.7	139
467.8	138.7
467.8	141
467.9	143.7
467.8	144.7
467.7	146.4
467.7	147.4
467.7	148.2
467.7	149.1
467.8	150.6
467.8	151.1
467.8	151.4
467.9	152.9
467.9	153.9
467.9	154.1
467.9	154.9
468	155.9
468	156.6
468.1	157.3
468.1	158.6
468.1	159.8
468.1	161.1
468.1	161.8
468.1	162.3
468.2	162.6
468.3	163.1
468.4	163.1
468.4	162.3
468.5	160.3
468.6	157.3
468.7	157.1
468.8	155.4
468.8	154.1
468.9	152.9
469	151.6
469.1	150.6
469.2	148.9
469.2	147.2
469.2	144.7
469.3	143.4
469.4	142.7
469.6	141.9
469.6	143.7
469.7	144.7
469.9	144.7
469.9	144.7
469.9	143.9
469.9	143.7
469.9	143.4
470	142.7
470.1	142.7
470.3	141.9
470.3	141.5
470.3	140.7
470.3	140
470.4	138.7
470.4	137.7
470.4	136.5
470.5	136.5
470.7	137
470.7	138.7
470.7	141
470.7	141.2
470.8	142.7
470.8	144.4
471	144.2
471.1	143.7
471.8	147.9
471.5	146.7
471.4	145.7
471.4	146.7
471.5	147.4
471.5	148.2
471.5	149.6
471.5	150.9
471.6	152.1
471.7	152.6
471.7	152.6
471.8	151.6
471.8	149.9
471.9	149.4
471.9	147.7
472	146.9
472	145.4
472.1	145.2
472.2	144.7
472.3	143.7
472.3	143.7
472.3	142.2
472.4	142.9
472.4	145.4
472.5	146.2
472.5	147.2
472.5	148.2
472.6	148.9
472.6	149.4
472.7	150.4
472.7	151.1
472.9	148.9
472.9	148.7
472.9	148.9
472.9	150.1
472.9	150.6
472.9	151.4
472.9	152.4
472.9	153.4
473.1	154.6
473.2	155.6
473.4	157.1
473.5	157.1
473.5	157.1
473.5	154.9
473.5	154.1
473.6	153.4
473.7	152.9
473.8	153.4
473.9	152.6
474	152.6
474	151.9
474.1	152.9
474.1	153.9
474.2	154.4
474.2	154.4
474.3	157.3
474.3	157.8
474.4	158.8
474.4	159.6
474.5	160.1
474.6	161.1
474.6	160.6
474.6	158.8
474.6	156.3
474.6	156.1
474.5	154.4
474.5	153.6
474.6	152.4
474.7	151.6
474.7	150.6
474.7	150.1
474.8	149.1
474.9	148.2
475	146.7
475	145.4
475.1	144.2
475.1	143.2
475.1	142.9
475.1	141.7
475.1	140.5
475.1	139.7
475.2	138.7
475.3	139
475.4	141.2
475.4	142.9
475.4	144.7
475.4	146.7
475.4	148.2
475.5	150.1
475.6	151.6
475.6	151.9
475.6	152.6
475.6	153.9
475.6	154.1
475.6	155.6
475.6	156.1
475.6	157.3
475.6	158.3
475.7	158.6
475.7	159.3
475.6	160.1
475.6	161.1
475.8	162.8
475.8	164.3
475.8	165.8
475.8	166.8
475.8	168.3
475.8	168.5
475.8	169.5
475.9	170.5
475.9	171
475.9	171.7
475.9	173
475.9	173.5
476	174.7
476	175.5
476	175.5
476	175.7
476.1	177.7
476.1	178
476.2	178.4
476.2	179.7
476.2	179.9
476.2	181.4
476.2	182.9
476.2	183.2
476.2	184.2
476.2	184.4
476.2	185.4
476.2	186.4
476.2	187.4
476.2	188.1
476.2	188.9
476.2	190.1
476.2	190.1
476.3	190.4
476.3	190.4
476.4	190.1
476.4	188.9
476.5	188.1
476.5	187.6
476.5	187.6
476.6	187.6
476.6	189.1
476.6	190.1
476.6	190.6
476.7	191.6
476.7	191.9
476.8	191.4
476.9	189.1
476.9	188.9
476.9	187.1
477.1	184.7
477.2	183.7
477.3	182.2
477.4	180.2
477.4	180.2
477.4	178.9
477.4	178.4
477.4	177
477.4	175.5
477.4	175.2
477.5	173.7
477.5	173
477.6	171.5
477.7	170.3
477.7	170
477.7	169
477.7	167
477.8	166.8
477.9	166.5
478	164.5
478.1	163.6
478.2	161.6
478.2	161.3
478.3	159.8
478.3	157.1
478.3	154.4
478.4	150.1
478.4	148.2
478.4	145.4
478.4	142.2
478.4	141.5
478.4	140
478.5	138.2
478.5	136.5
478.5	133.5
478.6	131.8
478.6	130.3
478.6	129
478.6	127.8
478.6	127.8
478.7	127.1
478.7	126.6
478.7	125.3
478.8	125.3
478.8	125.6
478.9	126.1
478.9	126.8
479	129.3
479	130.5
479	131
479	132.5
479	134.7
479	135.2
479	135.2
479	136.7
479	137.5
479	137.7
479	139
479	139.7
479	140.5
479.2	141.5
479.2	141.7
479.3	140.7
479.4	137.2
479.4	136.7
479.5	135.2
479.5	133.8
479.5	133.5
479.5	131.8
479.5	130.5
479.6	129
479.6	128.8
479.6	127.5
479.7	126.6
479.7	124.6
479.8	124.6
479.8	123.3
480	124.6
480	127.1
480.1	129
480.2	131.3
480.2	133
480.2	133.3
480.1	134.7
480.2	137.7
480.2	138
480.2	139.2
480.2	141.2
480.2	141.5
480.2	142.7
480.3	145.2
480.3	145.7
480.4	144.7
480.5	139.5
480.5	136.2
480.5	135.2
480.5	133.3
480.5	130
480.5	130
480.5	128.8
480.5	126.8
480.5	124.1
480.7	120.1
480.4	116.9
480.8	115.4
480.9	112.9
480.9	111.2
480.9	108.7
480.9	106.9
480.9	105.2
480.9	103.5
480.9	102
480.9	100.2
481	99
481	99
481	98.5
481.2	98.7
481.2	100.7
481.2	102
481.3	105
481.3	105.2
481.4	107.7
481.4	109.9
481.4	112.2
481.7	112.2
481.7	112.9
481.7	114.1
481.7	116.1
481.7	116.6
481.7	117.9
481.7	121.1
481.7	121.8
481.7	123.1
481.8	126.6
481.9	128.8
481.9	129
482.1	132.5
482.1	134
482	135.7
482	138.2
482	139
482.1	140.7
482.2	142.2
482.2	143.7
482.3	146.7
482.3	147.7
482.4	149.4
482.4	149.4
482.4	150.4
482.4	152.4
482.4	152.6
482.4	153.6
482.6	153.6
482.7	151.6
482.8	150.9
483	150.6
483.1	148.7
483.2	146.9
483.2	146.7
483.2	145.2
483.2	143.2
483.3	141.7
483.4	140.5
483.6	141.2
483.6	142.9
483.6	144.2
483.8	144.4
483.9	142.9
483.9	142.7
484	141.9
484	140.7
484	140.5
484.1	136.7
484.1	136.7
484.1	133.5
484	131.3
484	127.1
484.1	125.8
484.1	121.1
484.2	118.1
484.2	117.6
484.4	112.4
484.4	111.7
484.5	107.7
484.6	104
484.6	100.2
484.6	98.7
484.7	92.8
484.8	90.6
484.8	83.9
484.7	74.2
484.7	68.5
484.7	61.3
484.8	55.8
484.8	54.8
484.8	51.8
484.8	51.1
484.8	48.8
484.7	44.1
484.7	42.6
484.8	40.2
484.8	39.2
484.8	37.9
484.8	36.9
485	35.9
485	35.7
485.1	35.4
485.1	35.4
485.2	35.2
485.2	37.4
485.2	37.4
485.3	38.9
485.5	41.4
485.5	41.9
485.5	42.9
485.5	43.4
485.7	44.1
485.7	45.4
485.9	45.9
486	45.9
486.4	46.1
486.4	47.1
486.4	48.6
486.4	49.6
486.4	50.8
486.6	50.6
486.6	50.3
486.7	46.6
486.8	45.1
486.9	42.6
487	40.9
487	39.2
487.1	37.7
487.4	36.7
487.4	38.2
487.4	39.4
487.4	41.1
487.4	43.4
487.4	43.6
487.4	44.1
487.6	44.9
487.7	45.1
487.8	45.6
487.9	44.4
487.9	43.6
488.1	45.6
488.2	45.9
488.3	44.6
488.3	43.6
488.4	43.1
488.4	43.1
488.7	43.1
488.8	43.4
488.9	44.9
488.9	46.4
488.9	45.4
489	43.9
489.1	41.4
489.1	40.7
489.3	37.2
489.3	36.4
489.4	35.4
489.5	34.7
489.6	34.7
489.8	34.7
490	34.7
490	34.7
490.1	34.4
490.3	33.5
490.4	33.5
490.7	33.5
490.7	35.4
490.7	36.4
490.9	37.4
491.1	38.4
491.1	38.4
491.3	38.9
491.3	38.9
491.5	35.2
491.8	32
491.8	31.5
491.3	33.2
491.4	31.5
491.4	31
491.6	29
491.7	26.7
491.8	26.3
492	23.3
492.1	21.8
492.1	21.3
492.1	20.3
492.1	18.3
492.2	16.3
492.2	14.8
492.2	12.6
492.3	12.6
492.5	13.6
492.5	14.1
492.5	15.3
492.7	17.3
492.7	18.1
492.8	19.5
492.9	22.5
492.9	22.5
492.9	23.8
492.9	25.3
492.9	26.3
493	29
493	31.2
493	31.5
493.2	33.7
493.2	34.2
493.2	35.4
493.4	35.9
493.4	35.9
493.6	35.4
493.7	34.7
493.8	34.7
493.9	34.7
494	35.7
494	35.9
494.1	35.9
494.2	34.2
494.2	33.5
494.2	31.7
494.2	30
494.2	27.2
494.2	25
494.3	23.8
494.4	22
494.5	20.5
494.7	20
494.8	19.3
494.9	18.6
495	17.8
495	17.3
495.1	16.8
495.1	16.3
495.2	15.6
495.2	14.8
495.2	14.1
495.4	13.8
495.5	14.6
495.6	15.8
495.8	17.3
495.9	17.3
496.1	17.8
496.1	18.8
496.1	20.3
496.1	20.3
496.2	21.3
496.4	22.3
496.4	23.5
496.5	26.3
496.5	28.7
496.5	33.5
496.5	34.4
496.7	42.6
496.7	43.6
496.9	48.6
496.9	49.6
496.9	53.3
497	57.3
497	57.8
497	59
497	61
497	63.7
497	64
497	64.5
497	65
497	66
497.2	68.2
497.3	68.7
497.5	69
497.5	69.2
497.5	69.7
497.5	69.9
497.5	69.9
497.5	70.2
497.5	70.4
497.5	70.9
497.5	71.2
497.5	71.2
497.7	72.2
497.7	72.7
497.7	73.2
497.7	73.4
497.9	73.2
498	71.9
498.2	72.7
498.2	72.9
498.2	72.9
498.2	71.4
498.2	70.9
498.3	69.7
498.4	68.5
498.5	67
498.5	66.5
498.5	66.2
498.7	66
498.9	66.2
499.1	68.2
499.3	69.7
499.6	71.4
499.7	72.9
499.8	73.2
500.1	75.4
500.2	77.4
500.3	80.1
500.5	82.1
500.5	82.1
500.6	86.3
500.6	92
500.7	95.8
500.7	96.5
500.8	100.5
500.7	110.9
500.7	116.9
500.5	119
500.6	119.2
500.7	120.4
500.7	121.4
500.7	121.7
500.8	122.2
500.8	122.2
500.8	122.4
500.8	120.4
500.8	120
500.8	118.5
500.8	117.7
500.8	116.5
500.8	111.3
500.9	110
500.9	107.8
501	103.8
501.2	98.9
501.2	96.1
501.1	90.7
501.1	90.4
501.1	88.2
501	85.7
501	81.3
501.3	77.8
501.3	75.8
501.3	71.6
501.4	69.6
501.4	68.1
501.4	66.4
501.5	62.9
501.5	61.9
501.5	60.9
501.5	59
501.6	58.7
501.6	57.5
501.6	55
501.6	54.2
501.7	54.2
501.7	53.7
501.9	54.2
502	55.2
502	55.2
502.1	54.2
502.1	54
502.1	53.2
502.3	51.8
502.3	51.3
502.3	49.5
502.4	47.8
502.4	46.8
502.5	47.5
502.5	47.8
502.5	48.8
502.5	50
502.5	50
502.6	50.8
502.7	51.3
502.7	51.3
502.7	50
502.8	48.5
502.9	48
503.1	48.8
503.1	51
503.1	53
503.1	53.5
503.2	54
503.4	52.8
503.4	52.5
503.5	50
503.5	47.8
503.6	44.6
503.6	42.1
503.7	40.6
503.7	40.1
503.7	38.4
503.7	37.6
503.7	37.4
503.9	36.9
504	37.9
504	39.1
504	39.6
504.1	38.6
504.2	38.4
504.3	40.4
504.3	41.8
504.5	44.1
504.5	45.3
504.5	46.6
504.5	47.3
504.5	48.3
504.5	50
504.5	50.8
504.5	51
504.5	51.8
504.5	52.3
504.5	55
504.5	55
504.5	55.2
504.5	56.7
504.5	57.2
504.5	57.2
504.6	58.2
504.6	59
504.6	59.7
504.8	61.2
504.9	61.9
504.9	62.2
504.9	62.9
504.9	63.9
504.9	64.7
505	65.2
505.1	65.2
505.2	63.4
505.3	60.9
505.3	59.7
505.5	61.4
505.5	61.7
505.5	61.7
505.5	60.2
505.6	58
505.7	57.5
506	54
506	53
506	52.8
506.2	50.5
506.2	48.8
506.2	44.8
506.2	43.8
506.4	40.1
506.4	39.1
506.4	36.9
506.4	34.9
506.4	32.7
506.4	30.4
506.4	30.2
506.4	27.5
506.6	27
506.9	28
507	28.9
507.1	29.7
507.2	28.9
507.3	26.5
507.3	25.2
507.4	24.2
507.5	24.2
507.5	24.5
507.7	24.2
507.8	23.5
507.8	23.5
507.8	23
507.9	22.5
508	22.5
508	24
508.1	25.5
508.1	25.5
508.2	26
508.3	24
508.4	23.5
508.4	22
508.6	21.3
508.9	22.5
509	23
509.1	25
509.3	27.2
509.3	27.7
509.3	29.4
509.5	32.4
509.6	35.4
509.7	39.9
509.9	45.6
510.1	50.8
510.1	53
510.1	57.2
510.2	66.6
510.2	67.1
510.2	70.6
510.2	76.3
510.2	76.6
510.2	89
510.2	92.4
510.2	98.9
510.1	103.1
510	106.6
510	109.5
509.9	113.3
510.1	115.5
510.1	115.7
510.1	115.2
510.2	114
510.2	112
510.4	108.5
510.4	104.3
510.5	101.4
510.5	94.9
510.7	89.7
510.7	87.2
510.7	83.5
510.7	79.3
510.6	76.3
510.6	70.4
510.6	67.6
510.8	62.7
510.8	59
510.9	47.3
511	43.3
511.1	46.6
511.1	43.3
511.4	46.6
511.1	53
511.3	55
511.3	66.6
511.3	68.1
511.1	72.6
511.4	78.8
511.5	84.5
511.8	92.7
511.8	95.9
511.9	102.6
511.9	105.8
511.8	107.8
511.8	109.8
511.7	112.3
511.7	115.2
511.8	116.7
511.8	118
512	119.5
512	117.2
512.1	114.2
512.2	112.5
512.2	112
512.3	109.3
512.5	104.3
512.5	103.8
512.5	99.1
512.5	93.4
512.5	91.9
512.6	89.2
512.6	88.7
512.6	86.5
512.6	84.5
512.7	81.8
512.7	78.8
512.8	77.5
512.9	77.8
513	80.3
513.1	83.5
513.1	85.5
513.1	86.2
513.2	88.2
513.3	86.5
513.3	84.2
513.5	81.5
513.7	77.8
513.7	69.1
513.5	63.7
513.8	46.3
513.9	44.8
513.9	43.6
513.9	41.6
514.1	39.6
514.3	38.1
514.5	36.9
514.7	35.9
514.7	35.4
515	33.7
515.1	32.7
515.2	31.2
515.2	30.2
515.3	28.9
515.4	27.7
515.4	26.7
515.4	25.5
515.5	24.2
515.5	23.5
515.7	23.5
515.7	23.2
515.7	23.5
515.8	24.2
515.9	24.5
515.9	24.5
515.9	24.7
515.9	24.7
516.1	24.2
516.1	23.2
516.1	23
516.2	22
516.3	21
516.3	20.3
516.5	20
516.6	20
516.8	20.5
516.9	22
516.9	22.3
516.9	22.3
517	23.7
517.1	25.2
517.1	25.5
517.1	26.7
517.1	28.2
517.2	28.7
517.3	29.7
517.3	30.9
517.4	30.9
517.4	30.2
517.5	28
517.5	26
517.5	24.7
517.5	24
517.5	23.5
517.5	22.5
517.7	21.5
517.8	20.8
518.1	21.5
518.1	21.8
518.2	23.7
518.2	25.7
518.3	26
518.3	26
518.4	27.2
518.5	28.9
518.5	29.7
518.6	30.7
518.6	32.2
518.5	32.9
518.5	33.4
518.7	35.6
518.8	36.9
518.8	39.1
518.8	40.1
518.8	40.4
518.8	42.8
519.1	43.3
519.1	43.1
519.2	43.3
519.2	43.8
519.2	45.1
519.2	46.6
519.3	47.5
519.3	48.8
519.3	49.8
519.4	51
519.5	53
519.5	53.2
519.7	54.5
519.8	53.7
519.8	53.2
519.9	53
519.9	53.2
519.9	54
519.9	54.5
520.1	55
520.2	55
520.3	54
520.3	52.3
520.3	51.5
520.3	50.3
520.5	46.8
520.7	46.8
520.8	47.5
520.8	48.5
520.8	48.5
521	48.8
521	47
521	46.8
521	45.6
521.2	44.3
521.4	43.6
521.5	42.8
521.5	42.1
521.6	41.3
521.7	40.8
521.8	39.9
521.8	39.9
521.9	39.1
522	38.4
522	37.9
522	36.9
522	36.1
522	33.9
522	32.9
522.2	31.7
522.4	30.2
522.5	31.7
522.5	31.9
522.5	31.9
522.5	33.7
522.6	35.4
522.6	36.1
522.7	37.4
522.8	39.1
522.9	40.4
523.1	39.4
523.1	38.9
523.1	37.4
523.2	35.6
523.2	34.2
523.4	33.4
523.6	32.7
523.7	34.4
523.7	36.9
523.8	39.1
523.9	40.6
524	42.1
524.1	42.6
524.1	42.8
524.1	43.6
524.3	44.3
524.4	44.3
524.5	44.3
524.5	44.3
524.6	44.8
524.7	46.1
524.7	46.3
524.7	46.3
524.7	46.8
524.7	47.8
524.7	48.5
524.9	51
524.9	51.8
524.9	52.8
525	54.2
525	54.7
525.1	56
525.1	56.5
525.2	55.7
525.2	54.7
525.3	53.7
525.3	53
525.4	52.3
525.4	52.3
525.4	52.3
525.5	53.2
525.5	53.7
525.5	52.8
525.7	54.2
525.9	55.5
525.9	55.7
526	54.5
526	53.7
526.2	52.5
526.3	52.3
526.5	52.5
526.6	51.5
526.6	51.3
526.7	50.3
526.7	48.5
526.7	48
526.7	46.3
526.8	46.3
526.8	46.3
527	47.5
527.2	49.5
527.2	51.3
527.3	52.5
527.3	53.5
527.5	52
527.6	50.3
527.6	48.8
527.7	47.3
527.8	47
528	47.8
528.2	49.5
528.2	49.5
528.2	51
528.2	52.8
528.4	54.2
528.5	53
528.5	51.3
528.6	50.5
528.7	51
528.8	51.8
528.9	52
529	51
529.1	50
529.1	49.8
529.2	49.5
529.3	50
529.4	50.5
529.5	50.8
529.5	50.5
529.6	49.5
529.6	48.5
529.7	46.8
529.8	46.1
529.9	46.6
530.1	47.8
530.2	49.3
530.2	50.3
530.3	50.5
530.4	50.3
530.6	48.3
530.7	46.8
530.7	45.8
530.9	47.5
530.9	49.8
531	51
531	51.5
531.1	52
531.2	52.3
531.4	51.5
531.6	50.3
531.7	49
531.8	48
531.9	48
532.1	48
532.2	47.5
532.3	46.8
532.3	46.1
532.4	46.1
532.5	48.3
532.7	48.8
532.7	48.8
532.8	47.8
532.9	47.5
533.1	47.8
533.2	49.5
533.2	49.8
533.2	51.8
533.3	52.8
533.3	53
533.5	54.2
533.6	56
533.6	56.5
533.7	57
533.8	58.5
534	58.7
534.1	57.2
534.2	56
534.4	56.2
534.6	58.5
534.8	59.9
534.9	60.7
535	59.2
535	59
534.9	58
535.1	58
535.2	58
535.3	59
535.6	60.7
535.7	61.9
535.8	63.2
536	64.4
536	64.9
536	65.4
536.1	65.9
536.3	66.1
536.4	64.4
536.5	62.7
536.6	61.2
536.7	60.2
536.9	61.9
537	62.9
537.2	64.9
537.3	66.9
537.3	68.6
537.4	69.9
537.4	70.6
537.5	71.4
537.7	71.6
537.7	71.4
537.8	70.6
537.9	68.6
537.9	68.1
538.1	67.6
538.2	67.4
538.3	67.1
538.4	66.9
538.6	65.9
538.7	65.6
538.8	64.7
538.9	62.9
539	61.2
539	60.7
539.2	61.2
539.4	62.9
539.5	64.2
539.6	62.9
539.6	61.2
539.7	59.9
539.8	58.7
539.9	57.5
540	56.7
540.1	57.5
540.3	59.4
540.4	61.7
540.6	64.2
540.6	65.4
540.6	67.1
540.8	68.4
541	68.1
541.1	66.1
541.2	64.4
541.3	62.7
541.4	61.7
541.5	61.9
541.6	62.9
541.8	62.4
541.8	60.2
541.9	59
542	57.2
542	56
542.1	55
542.2	55
542.3	57.2
542.4	59.9
542.5	63.4
542.5	66.9
542.4	70.1
542.5	74.1
542.5	78.8
542.5	79
542.8	82.3
542.9	83.7
542.8	85.5
542.8	86.5
542.9	88.7
542.9	90.9
542.9	91.7
543.1	89.9
543.2	86.7
543.3	85
543.5	82.3
543.6	80.8
543.7	79.8
543.8	78.3
543.9	75.8
544	74.6
544.1	75.1
544.3	77.3
544.3	80
544.4	82
544.6	83
544.7	83.5
544.8	81.8
544.9	79
545	77.5
545.1	76.6
545.2	75.1
545.2	73.6
545.4	72.6
545.5	70.1
545.5	69.6
545.6	64.9
545.6	63.2
545.7	60.2
545.7	59.4
545.8	57.2
545.8	55
545.9	50.3
546.1	46.8
546.2	44.6
546.2	42.1
546.2	40.4
546.2	38.4
546.2	36.4
546.3	34.7
546.4	33.2
546.4	31.9
546.4	30.9
546.4	29.7
546.6	29.4
546.7	30.2
546.8	31.7
547	33.4
547.1	34.7
547.1	36.1
547.3	36.4
547.4	34.9
547.5	32.4
547.5	30.2
547.6	28
547.7	25.7
547.7	24.5
547.7	23.7
547.8	23.2
547.9	22.7
548.3	24.2
548.4	24.5
548.5	24
548.6	24
548.6	23
548.7	21.5
548.7	21.5
548.7	20.5
548.9	20.5
548.9	20.8
549	22.3
549.2	23.2
549.3	23.2
549.3	23.2
549.5	22.5
549.5	21.5
549.6	20.8
549.8	20.3
549.9	21.3
549.9	22.7
550	24
550.1	25
550.3	26.7
550.5	27.5
550.5	27.5
550.5	28.2
550.5	28.5
550.6	27.7
550.7	28
550.9	27
550.9	26.2
550.9	25.2
550.9	23.7
551	22.3
551.2	21
551.5	22
551.6	24
551.6	24.2
551.8	25.5
551.9	27
551.9	27.5
552	28.2
552.1	28.9
552.2	29.4
552.3	29.7
552.4	28.5
552.4	26.7
552.6	26
552.8	25
552.9	23.7
553.1	25
553.1	26.5
553.4	25.5
553.6	26.2
553.6	28.2
553.8	30.7
553.8	32.2
553.8	32.4
553.9	33.9
553.9	34.4
554.1	37.1
554.2	38.9
554.2	39.1
554.2	40.8
554.2	42.8
554.2	46.8
554.2	49.8
554.2	50.3
554.2	51.5
554.3	53.5
554.4	54.2
554.4	55
554.6	56.2
554.9	55.2
555.2	55
555.3	59.4
555.6	63.9
555.6	66.1
555.8	68.6
555.8	71.4
555.8	73.8
555.7	75.6
555.6	78.8
555.6	80.3
555.6	81
555.8	81.5
555.9	81.8
556	79.8
556	77.5
556.2	75.3
556.2	75.1
556.2	73.1
556.3	71.1
556.4	73.1
556.5	75.3
556.5	75.8
556.5	77.5
556.4	79.3
556.4	79.5
556.5	81.5
556.6	82.5
556.6	84
556.7	85.5
556.9	86.2
556.9	86.5
556.9	85.5
557	85.7
557.3	98.9
557.3	98.1
557.3	101.6
557.6	103.1
557.8	107.8
557.9	112.5
558	114.2
558.3	120.7
558.3	121.4
558.2	122.9
558.3	131.9
558.3	132.6
558.4	141.3
558.7	149
558.7	151.2
558.7	154.2
558.8	165.6
558.8	166.3
558.6	171.3
558.5	176.7
558.6	181.4
558.7	185.9
558.9	187.4
559	189.9
558.8	192.1
558.8	192.4
558.7	198.3
558.7	199.3
558.8	198.8
558.8	195.3
558.8	194.1
558.8	190.1
558.9	180.2
559	176.5
559	170
559.1	164.3
559.1	160.1
559.2	154.2
559.3	151.2
559.3	149.2
559.2	141.5
559.4	136.1
559.6	130.9
559.7	121.2
559.8	108.5
559.9	99.9
559.9	88.5
559.9	85
559.9	83.3
560	81.3
560.4	78.5
560.4	77.8
560.4	76.6
560.5	73.8
560.5	72.6
560.5	70.1
560.5	62.4
560.5	59.4
560.7	52.3
560.8	47.5
560.8	45.8
560.8	43.3
560.8	39.6
560.8	35.9
560.8	33.7
560.8	31.7
560.7	29.7
560.6	27.7
560.7	26.7
560.7	26.2
560.9	25.2
560.9	25.2
560.9	24
561	23.5
561.3	22.5
561.5	22
561.6	22
561.7	22
562.1	24.5
562.2	27.2
562.2	28.7
562.3	31.9
562.4	33.2
562.5	35.6
562.7	40.4
562.7	43.6
562.7	46.1
562.7	48.5
562.8	51
562.8	52.5
562.9	46.6
563	68.9
562.9	81
562.9	103.6
562.9	103.8
562.6	127.9
562.7	129.9
562.9	141
563.2	155.2
563.3	157.9
563.5	169.3
563.6	176.7
563.8	184.2
563.8	187.4
563.9	190.1
563.9	191.1
563.9	191.4
563.9	192.1
564	186.9
564	181.7
564.1	180.2
564.1	172.3
564.4	160.1
564.4	146
564.4	136.6
564.2	121.9
564.3	119
564.3	113
564.4	103.8
564.5	95.9
564.6	73.8
564.6	65.2
564.6	58.2
564.5	50.8
564.5	40.8
564.5	34.2
564.6	29.9
564.7	25.5
564.7	22.3
564.7	20
564.8	18.3
564.9	18.3
565.1	17.3
565.2	17.3
565.3	17.3
565.4	17.5
565.6	18.5
565.8	18.8
565.9	17.8
566	16.8
566.1	15.8
566.5	15.3
566.6	15.8
566.9	17.5
566.9	17.8
567.2	19
567.4	20.5
567.5	21.5
567.7	22
567.8	21.3
567.9	20.3
568	18.3
568	17
568.1	15.8
568.4	15.3
568.6	14.1
568.6	12.6
568.8	12.1
569	12.6
569.1	13.1
569.4	13.1
569.7	12.6
569.7	12.3
569.9	11.1
570	12.1
570.3	13.8
570.6	12.8
570.7	11.8
570.9	12.1
571	13.6
571.4	14.3
571.4	14.3
571.5	14.6
571.8	14.6
571.9	14.6
572	13.8
572.1	13.6
572.5	14.1
572.6	14.1
572.7	13.3
572.7	11.6
572.7	10.8
573	12.6
573.1	14.1
573.2	14.3
573.4	13.8
573.5	13.3
573.7	13.6
573.8	14.6
574.1	14.8
574.2	14.1
574.3	13.8
574.4	14.1
574.5	14.6
574.6	14.8
574.6	14.3
574.6	13.3
574.8	13.1
575	13.3
575.2	14.1
575.3	14.8
575.5	15.6
575.6	15.8
575.6	16.1