0	16.1
0.1	17.1
0.2	17.6
0.3	18
0.3	18
0.4	17.6
0.5	17.1
0.6	16.6
0.6	15.2
0.6	14.7
0.6	14.7
0.7	13.8
0.7	13.3
0.7	13.3
0.7	13.3
0.7	12.8
0.8	11.9
0.8	11.4
0.9	10.5
0.9	10.5
0.9	9.5
1	8.1
1.1	7.1
1.1	6.2
1.2	5.7
1.2	5.3
1.3	4.8
1.4	4.8
1.4	4.8
1.6	4.8
1.6	5.3
1.8	6.2
1.8	8.1
1.8	8.6
1.9	10.9
2	13.3
2	14.7
2	16.6
2	19
2.2	23.2
2.2	25.6
2.3	28.4
2.3	28.4
2.4	29.8
2.4	28.4
2.4	28.4
2.5	26.5
2.6	26.1
2.6	26.1
3	28
3	28.4
2.8	28.4
2.8	29.8
2.9	31.7
3	32.7
3	32.7
3.1	33.2
3.3	34.6
3.4	36
3.4	36.5
3.5	37.4
3.6	38.8
3.7	40.7
3.8	43.1
3.8	44
4	45.9
4	47.3
4.2	51.1
4.3	52.1
4.3	52.5
4.3	54
4.3	54.9
4.4	55.4
4.4	55.8
4.5	55.8
4.6	55.8
4.8	56.8
4.9	57.3
5	59.2
5.1	60.1
5.1	60.1
5.2	61.1
5.2	62
5.2	62
5.4	62.9
5.4	63.4
5.5	63.4
5.5	61.5
5.6	59.6
5.6	57.3
5.6	56.8
5.8	56.3
5.9	56.8
5.9	59.2
6.1	61.1
6.1	61.1
6.1	61.1
6.2	61.1
6.3	61.1
6.3	60.6
6.3	58.2
6.4	56.3
6.4	55.8
6.5	54.9
6.6	56.3
6.6	58.2
6.6	58.7
6.7	59.6
6.8	59.6
6.9	60.1
7.1	59.6
7.3	59.2
7.5	58.7
7.7	57.7
7.6	60.6
7.8	60.1
7.8	60.1
8	60.1
8	60.1
8.2	62
8.2	62.9
8.4	63.9
8.4	64.8
8.4	64.8
8.4	65.3
8.6	64.4
8.6	64.4
8.7	62.5
8.8	60.6
8.9	59.2
9	59.2
9	58.7
9	57.3
9	56.3
9.1	55.4
9.2	55.4
9.3	56.3
9.4	58.7
9.5	61.1
9.5	61.5
9.6	62
9.7	62
9.9	62
10	62
10.3	62
10.4	61.5
10	60.6
10.1	60.6
10.3	59.2
10.4	58.7
10.5	58.7
10.6	58.7
10.8	60.1
10.8	60.6
10.9	60.6
11.1	59.6
11.1	59.2
11.2	59.2
11.3	57.7
11.4	56.3
11.4	54.9
11.5	54.4
11.5	54.4
11.6	53.5
11.6	53
11.6	52.1
11.7	51.6
11.7	51.1
11.8	50.2
11.8	49.7
11.8	48.8
11.9	47.8
11.9	46.4
12	45.4
12.1	45
12.2	45.4
12.2	47.3
12.3	49.7
12.6	51.1
12.7	53
12.7	53.5
12.8	54
12.9	54.9
13.1	54.9
13.1	54.9
13.2	54
13.2	54
13.3	53.5
13.5	52.5
13.5	51.6
13.5	50.6
13.6	50.2
13.6	49.7
13.7	49.7
13.9	51.6
14	52.5
14.1	52.5
14.2	52.5
14.3	53
14.3	53
14.4	52.1
14.4	51.6
14.4	51.6
14.5	51.6
14.6	52.1
14.6	52.5
14.7	52.5
14.8	52.5
14.9	52.5
15	53
15.1	53.5
15.3	53.5
15.7	55.4
15.8	55.8
15.8	55.8
16	55.8
16.1	55.8
16.1	56.8
16.1	58.2
16.3	59.2
16.3	59.6
16.4	59.2
16.5	58.2
16.5	58.2
16.5	57.3
16.6	56.3
16.6	56.3
16.6	54.9
16.7	53.5
16.8	54
17	54
17.3	54
17.5	54.4
17.5	54.4
17.5	54.4
17.6	54.4
17.7	53
17.7	52.5
17.7	51.6
17.8	50.2
18	51.1
18.2	52.5
18.2	53
18.4	54.4
18.5	54.4
18.5	54
18.6	52.1
18.6	51.1
18.8	51.6
19	54
19.1	54.4
19.2	55.4
19.4	55.4
19.5	55.4
19.6	56.3
19.7	56.3
19.7	56.3
19.7	55.8
19.8	55.8
19.8	54.9
19.9	54
20.1	53
20.1	53
20.1	53
20.3	54
20.3	54
20.4	52.1
20.4	52.1
20.4	51.1
20.4	51.1
20.5	50.6
20.7	50.6
20.8	50.6
21	51.6
21.1	53.5
21.1	55.4
21.2	54.4
21.2	53
21.4	51.6
21.4	51.6
21.5	51.1
21.6	51.1
21.6	50.6
21.7	50.6
21.7	50.6
21.9	51.6
21.9	53.5
22	54
22	54.4
22	54.4
22.1	53
22.2	52.1
22.3	51.6
22.3	51.6
22.4	51.6
22.5	51.6
22.6	51.1
22.6	50.6
22.7	50.6
22.8	50.6
22.8	50.6
22.9	50.6
23	50.6
23.1	51.1
23.1	51.6
23.3	51.6
23.4	51.6
23.5	52.1
23.6	52.1
23.7	52.1
23.7	52.1
23.9	52.1
24	52.1
24.1	52.5
24.3	53.5
24.3	54.4
24.4	54.9
24.4	55.4
24.4	56.8
24.5	57.3
24.5	57.3
24.5	55.4
24.5	54.9
24.5	53.5
24.6	51.6
24.6	51.1
24.6	49.7
24.6	49.2
24.2	53
24.3	52.5
24.3	52.5
24.4	53.5
24.5	54.4
24.5	55.4
24.5	55.4
24.5	56.3
24.5	57.3
24.5	57.3
24.6	57.3
24.7	55.8
24.7	53.5
24.7	51.1
24.8	50.2
24.9	49.7
25.1	51.6
25.1	53
25.1	53
25.2	54
25.2	54.4
25.2	55.4
25.3	55.8
25.4	54.4
25.5	53.5
25.5	52.5
25.5	52.1
25.6	52.1
25.7	52.1
25.7	52.1
25.7	52.1
25.8	52.1
25.9	52.5
25.9	53
26	53.5
26.1	52.5
26.1	51.6
26.2	51.6
26.3	51.6
26.4	52.5
26.4	53.5
26.5	54.4
26.6	54.4
26.7	54.4
26.8	54.4
26.9	52.5
27	52.1
27	51.1
27.1	49.7
27.1	49.2
27.2	48.8
27.3	48.8
27.3	50.2
27.4	51.6
27.4	51.6
27.4	52.1
27.5	52.1
27.6	52.1
27.7	52.1
27.7	51.6
27.8	49.7
27.9	49.2
28.1	49.2
28.2	48.8
28.2	49.2
28.4	51.1
28.6	51.6
28.6	52.1
28.8	54
28.9	54.9
29	55.8
29.1	57.3
29.2	58.2
29.3	58.2
29.4	56.8
29.4	55.8
29.5	54.4
29.5	52.5
29.6	52.5
29.6	53.5
29.6	53.5
29.7	54.4
29.9	55.8
30	56.8
30.1	56.3
30.3	56.3
30.3	56.3
30.5	54.9
30.6	54.9
30.7	55.8
30.7	55.8
30.8	55.8
30.8	56.3
31	54
31	53.5
31.1	51.1
31.1	50.2
31.2	49.7
31.3	50.2
31.3	51.1
31.4	51.6
31.4	50.2
31.5	48.3
31.6	48.3
31.6	48.8
31.7	49.2
31.8	49.7
31.9	51.1
32	51.6
32.1	52.1
32.2	54.4
32.3	56.3
32.3	56.8
32.3	57.7
32.4	57.7
32.4	56.3
32.5	54.9
32.5	54.9
32.6	55.8
32.8	58.2
32.8	61.1
32.9	63.9
33	65.8
33	67.7
33.2	68.6
33.2	66.7
33.2	66.7
33.4	67.2
33.4	69.1
33.5	70
33.5	70
33.5	70
33.6	69.1
33.7	67.2
33.8	63.9
34	62.9
34.2	62.9
34.4	64.4
34.4	65.3
34.4	67.7
34.5	69.1
34.7	69.1
34.9	69.6
34.9	72.4
35	74.3
35.1	75.7
35.3	77.6
35.3	79
35.4	80.4
35.5	79.5
35.5	79.5
35.5	77.6
35.5	76.2
35.6	76.2
35.7	76.2
35.9	76.2
36	76.2
36.1	78.5
36.2	80.4
36.3	80.9
36.3	81.9
36.3	82.8
36.4	82.8
36.4	80
36.5	79
36.5	77.1
36.6	76.7
36.6	78.5
36.8	80.4
36.8	80.4
36.9	78.5
36.9	77.6
36.9	76.2
37	75.7
37	75.7
37.1	75.2
37.2	77.6
37.3	79
37.4	79.5
37.4	80.4
37.5	80.4
37.5	80.4
37.6	80
37.7	78.1
37.8	75.7
37.8	75.7
37.9	76.2
37.9	76.7
37.9	77.6
38.1	79
38.2	79.5
38.2	80
38.3	80
38.4	80
38.5	80
38.5	80
38.6	80
38.7	80.9
38.7	81.4
38.8	83.7
38.9	84.7
38.9	84.7
39	83.3
39	82.3
39.1	81.4
39.1	81.4
39.2	80.4
39.3	80
39.3	79.5
39.3	78.5
39.3	78.1
39.3	78.1
39.3	77.6
39.4	77.1
39.5	77.1
39.6	79
39.7	81.4
39.7	83.3
39.8	83.7
39.9	84.2
39.9	84.7
40	83.3
40.1	80.9
40.2	80
40.2	79.5
40.2	79
40.4	79.5
40.4	80
40.5	80
40.5	79
40.6	77.1
40.6	75.2
40.8	74.3
40.8	75.7
40.8	76.2
40.9	78.1
41	78.5
41	78.5
41	78.5
41.1	78.1
41.1	77.6
41.1	77.6
41.1	77.1
41.3	77.1
41.3	77.1
41.4	75.7
41.4	75.2
41.4	71.5
41.5	73.8
41.5	74.3
41.6	75.7
41.7	76.7
41.7	78.1
41.7	79
41.8	79.5
41.9	79.5
41.9	78.1
42	77.1
42.2	77.1
42.2	77.1
42.3	78.5
42.4	79
42.5	78.1
42.5	76.7
42.7	75.7
42.7	75.7
42.7	78.5
42.7	78.5
42.7	80
42.8	80.9
43	80.9
43.1	80.4
43.3	79.5
43.4	79
43.4	78.1
43.4	77.6
43.5	77.6
43.6	78.1
43.7	77.6
43.8	76.2
43.8	76.2
44	75.2
44.1	75.2
44.1	75.7
44	78.1
44.1	80.9
44.3	81.4
44.4	81.9
44.6	81.9
45	81.9
45	80.9
45	80
45	79
45	79
45.1	79
45.1	79
45.2	79
45.3	79
45.3	79
45.3	78.5
45.4	76.2
45.4	75.7
45.5	75.2
45.7	75.7
45.9	77.6
45.9	77.6
46	78.5
46	78.5
46.1	79
46.2	79.5
46.2	79.5
46.2	79.5
46.2	79.5
46.3	79.5
46.4	79.5
46.4	79
46.4	78.5
46.5	78.5
46.7	78.5
46.8	78.5
46.8	78.5
46.9	78.5
47	77.6
47	76.2
47.1	76.2
47.1	75.7
47.1	75.2
47.2	74.8
47.3	74.8
47.4	74.3
47.5	73.8
47.6	73.3
47.7	73.8
47.9	73.8
48.1	73.8
48.4	75.2
48.4	75.2
48.6	75.2
48.7	77.6
48.8	80
48.8	80.4
48.9	81.4
49.1	80.9
49.1	80
49.2	77.6
49.4	78.1
49.5	78.1
49.5	78.1
49.5	76.7
49.5	76.2
49.6	76.2
49.7	77.1
49.8	78.1
49.8	78.1
49.9	77.6
50	76.7
50	76.2
50	75.2
50.1	74.3
50.3	73.5
50.2	75
50.3	77
50.3	78
50.3	78.5
50.3	79.5
50.3	79.5
50.3	80
50.4	80
50.5	80.5
50.6	79.5
50.6	76
50.7	73.5
50.8	72
50.8	71.5
50.9	70
51.1	70
51.3	72.5
51.4	74.5
51.4	75
51.5	76.5
51.5	78
51.6	78.5
51.6	78
51.7	75.5
51.7	75
51.7	74
51.8	75
51.9	76.5
51.9	76.5
51.9	76.5
52.1	75.5
52.1	73.5
52.1	73
52.2	74
52.3	75
52.3	76.5
52.3	77
52.4	77.5
52.4	78
52.5	74.5
52.5	74.5
52.6	76.5
52.6	77
52.8	76
52.9	75.5
53.2	75.5
53.5	75
53.6	75
53.7	77
53.7	79
53.8	80
53.8	80.5
53.8	81
53.8	81
53.9	81
54	80.5
54.1	79.5
54.1	78.5
54.4	78
54.5	78
54.6	78.5
54.6	80
54.7	80.5
54.7	80.5
54.8	81
54.9	82
55	80
55	78
55.1	77.5
55.3	77
55.3	76.5
55.5	76
55.6	76
55.7	76
55.8	77
55.9	77
55.9	76.5
56.1	75.5
56.3	75.5
56.5	77
56.5	79
56.6	81
56.6	81
56.6	82
56.6	83
56.6	83
56.7	81
56.8	80.5
56.8	79.5
56.9	79.5
57	80
57.1	80
57.2	79
57.2	79
57.3	77
57.4	76
57.4	75.5
57.4	74
57.5	71.5
57.5	71
57.6	70.5
57.7	70.5
57.7	72
57.8	74.5
58	74.5
58	74.5
58.2	74
58.2	73.5
58.2	73
58.3	73
58.5	74
58.6	74
58.7	75
58.7	75.5
58.8	77.5
58.9	79
58.9	79.5
58.9	77.5
59	75.5
59.1	74.5
59.4	74.5
59.6	74
59.8	73
60	73
60.1	73
60.2	73
60.2	73
60.3	73
60.3	73.5
60.4	74.5
60.5	76
60.5	77.5
60.6	79.5
60.7	80
60.7	81.5
60.7	82
60.7	82.5
60.7	82.5
60.7	83
60.8	84
60.8	84.5
60.9	84
61	82.5
61	80.5
61	78.5
61	78
61	77.5
61	77
61.1	75.5
61.1	74
61.1	74
61.2	73
61.3	73.5
61.4	75
61.4	75
61.5	76.5
61.5	78
61.6	78
61.7	78
61.8	77.5
61.8	77
62	77
62	77
62.1	75.5
62.2	75
62.2	74.5
62.4	76
62.5	77
62.5	78.5
62.6	79.5
62.6	80.5
62.7	81.5
62.7	81.5
62.8	80.5
62.8	79.5
62.9	81
62.9	81
63	81.5
63.1	81
63.1	79
63.1	78
63.1	77
63.2	76
63.2	76
63.2	75.5
63.2	74.5
63.2	74
63.2	74
63.3	73.5
63.3	73.5
63.4	73.5
63.4	73.5
63.4	75
63.5	76.5
63.6	78
63.7	78.5
63.8	78.5
63.9	80
63.9	81.5
63.9	82.5
63.9	83.5
63.9	83.5
64	83.5
64.1	83.5
64.2	83.5
64.2	83.5
64.2	82
64.3	80.5
64.3	78.5
64.4	77
64.4	77
64.4	77.5
64.5	79.5
64.5	79.5
64.5	79.5
64.6	77.5
64.6	77.5
64.7	76.5
64.8	75.5
64.9	74
65.2	74.5
65.4	77
65.4	77.5
65.5	79.5
65.5	80
65.6	80.5
65.6	79
65.6	78.5
65.6	77.5
65.7	77
65.7	77
65.9	77
65.9	77.5
65.9	77
65.9	76.5
66	75.5
66.1	74.5
66.3	76
66.4	78
66.5	78.5
66.5	79.5
66.7	81.5
66.7	83
66.7	83.5
66.9	85
67.1	87
67.1	87.5
67.3	91.5
67.3	92
67.3	93
67.4	93.5
67.4	93.5
67.4	94
67.6	94
67.7	92
67.7	90
67.7	89.5
67.7	89.5
67.8	90.5
67.9	92
67.9	94
67.9	94.5
68	95.5
68	96.5
68	97
68	97
68	98
68.1	98.5
68.2	97.5
68.2	97.5
68.3	95
68.4	94
68.4	91.5
68.4	90
68.5	87.5
68.6	85.5
68.6	83.5
68.6	82.5
68.7	80.5
68.9	80
69.1	80
69.1	80
69.3	80
69.4	80
69.7	82
69.7	82.5
69.8	83
69.8	83
69.9	83
69.9	82
69.9	78
70.2	82
70.3	83.5
70.5	86
70.6	86.5
70.6	86
70.6	85
71	86
71.1	87
71.3	89
71.3	90.5
71.4	91
71.4	90.5
71.4	90
71.4	88.5
71.5	87
71.5	86.5
71.5	85.5
71.6	85
71.6	84.5
71.7	83
71.7	83
71.9	83
72.2	83.5
72.2	83.5
72.2	84
72.6	87
72.7	88
72.7	88
72.8	87
73	86.5
73.1	86
73.4	85.5
73.5	87
73.6	89.5
73.6	90
73.7	91
73.9	91
73.9	90.5
73.9	90.5
74	93
74.1	95
74.1	95.5
74.2	96
74.2	97
74.4	96.5
74.4	96.5
74.5	96
74.6	96
74.6	95
74.8	95.5
74.8	96
74.8	97
74.8	97
74.9	97
75	95
75	93.5
75	93
75.1	92
75.2	91
75.3	91
75.4	91.5
75.4	92
75.7	91.5
75.7	91
75.8	91.5
76	93.5
76	95.5
76.1	96.5
76.3	98.5
76.3	96
76.4	91.5
76.4	88
76.5	87.5
76.6	84.5
76.7	81.5
76.9	80.5
76.9	80.5
76.9	83
77.1	84
77.2	84
77.2	84
77.3	84
77.4	81.5
77.4	79.5
77.4	77
77.4	74
77.6	71.5
77.7	71.5
77.8	71.5
77.9	75
77.9	77.5
77.9	78
78	78
78.1	76.5
78.1	74.5
78.1	72.5
78.2	72.5
78.3	71
78.4	71
78.5	72
78.6	72.5
78.7	74.5
78.8	76.5
78.9	78
78.9	78.5
79.1	80.5
79.1	81
79.3	81
79.4	80.5
79.5	79
79.7	78
79.9	78
80	80
80.1	80.5
80.2	80
80.2	79
80.3	79
80.5	81.5
80.5	82
80.6	84
80.7	87.5
80.8	87
81	84.5
81	84.5
81.1	83
81.1	81
81.2	80
81.2	79
81.4	78
81.4	77.5
81.5	77
81.7	77
81.8	77
81.8	77
81.9	77.5
82.3	80.5
82.4	81
82.5	84.5
82.6	86.5
82.8	87
83	85
83.1	85
83.3	87.5
83.5	89.5
83.6	91.5
83.8	93.5
84	91.5
84.1	89.5
84.1	89
84.2	88.5
84.2	86.5
84.4	87
84.5	87.5
84.5	87.5
84.6	85.5
84.7	84.5
84.8	83.5
84.8	83.5
85	85.5
85	87.5
85	88
85.1	88
85.2	87.5
85.5	86.5
85.5	85
85.6	84.5
85.7	86
85.7	86
85.7	86.5
85.8	86.5
85.8	86.5
85.9	85.5
86	85
86.1	85
86.1	85.5
86.2	86.5
86.2	88
86.3	89.5
86.4	89
86.5	90
86.5	91
86.5	93
86.5	94
86.7	95
86.7	94.5
86.8	92.5
87	90.5
87	93
87	93.5
87.1	94.5
87.2	94.5
87.2	91.5
87.3	90.5
87.3	88.5
87.4	86.5
87.5	84
87.5	81.5
87.5	81.5
87.7	81.5
87.7	83
87.7	85.5
87.7	86
87.8	87.5
87.9	89
88	87
88	86.5
88	85
88.2	83.5
88.2	82.5
88.2	81.5
88.3	80
88.4	78.5
88.5	79
88.6	80.5
88.7	81
88.7	82.5
88.7	83
88.9	83.5
89.1	82
89.1	80
89.1	79.5
89.1	79
89.2	78
89.3	76.5
89.4	75.5
89.5	76.5
89.6	79
89.6	79.5
89.7	80
89.7	80
89.8	79.5
89.9	77
90	76.5
90.1	78.5
90.1	81
90.2	81
90.2	82.5
90.4	82
90.5	81.5
90.6	84
90.8	85
90.9	85
90.9	83.5
90.9	80.5
90.9	79
90.9	78
91.1	76.5
91.1	76
91.1	74
91.1	72.5
91.2	72.5
91.2	73
91.4	75.5
91.5	76.5
91.7	77.5
91.8	78
91.9	78.5
92.1	79.5
92.2	79
92.2	81.5
92.3	83.5
92.4	84.5
92.5	86
92.6	86.5
92.6	84.5
92.6	84
92.7	81.5
92.8	80.5
92.8	80
92.9	80
92.9	78.5
93	78
93.1	80
93.2	82
93.3	82
93.3	82
93.4	81.5
93.5	80.5
93.6	78.5
93.7	78.5
93.9	81
93.9	81
94	81.5
94	81.5
94	81.5
94.1	81.5
94.1	81
94.2	79
94.2	78
94.3	77.5
94.3	77.5
94.4	76.5
94.5	75
94.5	72.5
94.6	72
94.7	71.5
94.8	71.5
94.9	71.5
94.9	73.5
95.1	75.5
95.1	78
95.2	79
95.3	81.5
95.6	83.5
95.7	85
95.7	85.5
95.8	86.5
95.9	86.5
96	86
96.1	84
96.2	82.5
96.2	82
96.3	82
96.3	81
96.4	80
96.6	80.5
96.6	83.5
96.8	85
97	88
97	88.5
97	90.5
97.1	91
97.3	90.5
97.4	89
97.6	90.5
97.7	91
97.7	91.5
97.7	92
97.8	92.5
97.9	92
98.1	91.5
98.3	91
98.4	92
98.5	93
98.5	92
98.6	90.5
98.6	89.5
98.6	88.5
98.8	88
98.8	86.5
98.8	85
99	85.5
99	87
99.2	88
99.3	88
99.3	88
99.5	88
99.8	87.5
99.8	87.5
100	87
100.1	87
100.2	86.5
100.3	86
100.4	86
100.6	85.4
100.6	87.1
100.6	88.7
100.6	89.8
100.7	90.9
100.8	91.5
100.9	92.5
100.9	93.1
100.9	93.1
101	93.1
101	93.1
101.1	91.5
101.2	90.9
101.2	89.3
101.2	87.6
101.3	84.9
101.4	84.9
101.4	87.6
101.4	88.2
101.4	89.3
101.6	90.9
101.7	91.5
101.7	91.5
101.7	91.5
101.8	91.5
101.8	90.9
101.9	89.8
102	87.1
102.2	85.4
102.4	86
102.4	86.5
102.5	88.2
102.6	90.4
102.6	90.4
102.7	87.6
102.7	87.1
102.7	87.1
102.9	86.5
102.9	86.5
102.9	86.5
103	88.7
103	88.7
103.1	88.7
103.3	87.6
103.4	86.5
103.4	84.4
103.4	83.3
103.5	82.2
103.6	81.1
103.8	83.8
103.8	84.9
103.9	86.5
104	87.1
104	87.6
104.1	87.6
104.3	87.6
104.4	86.5
104.6	85.4
104.6	84.9
104.7	84.9
104.8	84.4
105	83.8
105.1	83.3
105.2	83.3
105.3	82.7
105.5	83.8
105.6	84.9
105.7	85.4
105.7	84.9
105.8	82.7
105.8	82.2
105.8	81.1
105.9	78.9
105.9	78.3
105.9	78.3
105.9	77.2
106.1	77.8
106.3	78.9
106.4	79.4
106.4	80.5
106.6	83.3
106.6	83.3
106.6	84.4
106.8	85.4
106.9	86
107	86.5
107.1	84.9
107.1	84.4
107.2	83.8
107.2	82.7
107.3	82.7
107.3	83.3
107.3	83.8
107.3	84.4
107.3	84.9
107.4	84.4
107.5	83.8
107.6	84.4
107.7	86
107.8	86.5
107.9	86
107.9	86
108	88.7
108.1	89.8
108.2	89.8
108.2	89.8
108.3	89.8
108.5	88.7
108.5	88.7
108.5	87.1
108.6	84.9
108.7	83.3
108.8	83.3
109	86.5
109.1	89.3
109.1	89.8
109.3	90.4
109.3	89.8
109.3	87.6
109.3	84.9
109.6	83.8
109.7	87.1
109.8	89.3
109.8	89.8
109.9	89.3
109.9	86.5
110.1	86.5
110.2	87.1
110.3	85.4
110.3	84.9
110.4	84.4
110.4	83.3
110.5	82.7
110.5	82.7
110.6	85.4
110.8	87.6
110.9	88.2
111	87.1
111.2	87.6
111.2	89.8
111.3	90.9
111.4	87.6
111.5	86.5
111.5	86.5
111.7	87.1
111.8	88.7
111.9	88.7
112	88.7
112.1	87.6
112.1	85.4
112.1	84.9
112.2	85.4
112.3	86.5
112.3	87.1
112.4	87.1
112.4	86
112.4	83.8
112.6	83.3
112.8	84.4
112.8	86.5
112.9	86.5
113	84.9
113	83.8
113	83.8
113.1	82.7
113.2	81.6
113.4	80.5
113.5	78.9
113.5	77.8
113.5	77.8
113.7	75.6
113.7	75.6
113.7	75.6
113.8	75.6
114	76.2
114	78.3
114	81.1
114.1	81.1
114.2	82.2
114.3	82.7
114.4	82.7
114.4	80.5
114.4	80
114.5	78.9
114.5	77.8
114.6	77.2
114.7	76.7
114.8	78.3
114.9	80
115	81.1
115.1	81.1
115.1	81.6
115.2	81.6
115.2	80
115.3	80
115.4	80
115.5	81.1
115.5	81.1
115.8	81.6
116	81.6
116.1	81.6
116.1	80
116.1	78.9
116.1	77.8
116.3	76.7
116.3	76.2
116.4	74.5
116.5	74
116.6	72.9
116.8	73.4
117.1	76.2
117.1	77.2
117.2	80.5
117.2	80.5
117.3	82.7
117.3	82.7
117.4	82.2
117.4	82.2
117.4	80.5
117.5	79.4
117.5	79.4
117.5	79.4
117.7	78.3
117.7	77.8
117.9	80.5
117.9	81.1
118.1	82.7
118.2	84.4
118.4	87.6
118.4	88.2
118.5	89.3
118.5	90.4
118.7	92.5
118.7	95.8
118.7	98
118.8	98
118.9	98
118.9	94.7
119	90.9
119	87.6
119.1	83.3
119.1	81.6
119.2	80.5
119.2	85.4
119.2	89.3
119.3	93.1
119.4	96.4
119.4	96.9
119.5	100.2
119.6	103.5
119.6	106.2
119.7	107.8
119.7	112.8
119.8	116
119.8	116.6
119.9	115.5
120	112.8
120	110.6
120.1	105.1
120.1	101.3
120.1	95.3
120.1	94.7
120.1	92.5
120.1	90.4
120.1	89.3
120.3	88.2
120.4	88.7
120.7	91.5
120.8	90.9
120.8	90.4
120.9	88.2
120.9	86.5
121	86
121	86
121.1	85.4
121.3	88.2
121.5	91.5
121.5	92
121.6	92
121.8	90.9
121.9	89.3
121.9	87.1
121.9	86.5
122.1	86
122.1	85.4
122.2	85.4
122.3	84.9
122.5	86.5
122.5	86.5
122.6	86.5
122.8	86.5
122.8	84.9
122.9	83.3
123	81.1
123.1	79.4
123.3	81.6
123.4	86
123.4	87.6
123.5	88.2
123.7	87.1
123.8	84.9
124	82.2
124	81.6
124	80
124.2	80
124.2	80
124.3	83.8
124.4	86.5
124.5	86.5
124.5	83.8
124.8	81.6
124.9	81.1
125	82.2
125	83.8
125.1	83.8
125.1	81.6
125.2	81.1
125.3	80.5
125.5	80
125.6	81.6
125.8	82.7
125.8	87.6
125.8	91.5
125.9	93.1
126.2	92.5
126.2	91.5
126.2	88.7
126.2	86.5
126.3	85.4
126.4	85.4
126.5	85.4
126.5	86
126.6	86
126.6	82.2
126.7	81.1
126.8	80
127	81.6
127	82.2
127.2	84.4
127.5	84.9
127.6	86
127.7	88.7
127.8	89.3
127.9	89.3
128	89.3
128.1	87.1
128.2	85.4
128.3	85.4
128.5	86
128.7	88.2
128.8	89.8
128.8	93.1
128.8	93.6
128.9	95.8
129	97.5
129.2	92.5
129.2	90.4
129.3	88.7
129.4	86
129.5	83.3
129.6	82.2
129.7	82.2
129.8	84.9
129.8	86.5
129.9	86.5
130	84.4
130.2	84.9
130.2	86
130.3	89.8
130.3	92
130.4	94.2
130.5	94.2
130.5	94.7
130.7	90.4
130.7	89.3
130.7	87.6
130.9	85.4
131	89.3
131.1	88.7
131.1	87.6
131.1	86.5
131.1	84.4
131.3	83.3
131.3	83.8
131.3	86.5
131.4	87.6
131.6	86.5
131.6	86
131.7	83.8
131.9	82.2
131.9	82.2
132.1	82.2
132.2	83.8
132.3	87.1
132.3	87.6
132.5	88.7
132.6	89.3
132.8	91.5
132.9	92
133	92.5
133	92
133.1	90.9
133.2	90.4
133.3	90.9
133.5	90.9
133.7	89.8
133.8	88.7
134	87.1
134.2	87.1
134.2	86.5
134.4	84.4
134.4	83.3
134.4	82.2
134.5	84.9
134.6	88.2
134.7	88.7
134.7	89.3
134.8	92
134.8	93.6
135	94.7
135.1	95.8
135.2	95.3
135.2	92
135.3	91.5
135.3	91.5
135.4	91.5
135.5	89.8
135.6	88.7
135.7	88.7
135.8	87.1
135.8	88.2
135.8	89.3
135.9	90.9
135.9	91.5
136	91.5
136.2	90.4
136.3	87.6
136.3	86
136.3	86
136.4	83.8
136.5	81.6
136.6	83.8
136.7	87.1
136.8	87.1
136.8	87.1
136.9	85.4
137	87.6
137.2	89.3
137.3	88.7
137.3	88.2
137.4	86
137.5	85.4
137.6	84.4
137.6	83.3
137.8	83.8
137.9	86
138	86.5
138	86.5
138.1	84.9
138.2	83.8
138.4	84.9
138.5	87.1
138.5	87.6
138.5	89.3
138.6	89.8
138.8	88.7
138.9	88.2
138.9	88.2
139	87.1
139.2	89.8
139.4	90.9
139.5	91.5
139.9	90.9
140	90.9
140	90.9
140.2	89.3
140.2	87.1
140.3	84.9
140.5	84.4
140.5	83.8
140.6	82.7
140.7	81.6
140.9	84.4
141.1	86
141.1	86.5
141.2	88.7
141.4	91.5
141.4	92.5
141.4	92.5
141.6	92.5
141.9	91.5
142	90.4
142.1	89.8
142.2	89.8
142.3	90.9
142.4	92
142.4	92.5
142.4	92.5
142.5	91.5
142.5	90.9
142.7	88.7
142.8	87.6
142.8	87.1
142.9	85.4
143	84.9
143	87.1
143.1	88.2
143.2	88.2
143.2	88.2
143.2	87.6
143.4	86
143.5	85.4
143.5	85.4
143.7	84.9
143.7	83.8
143.7	82.7
143.8	83.8
143.9	86.5
143.9	87.1
144.1	88.7
144.1	88.7
144.2	88.7
144.3	88.7
144.5	92
144.6	96.4
144.6	98
144.8	100.2
144.8	101.3
144.8	101.8
145	102.4
145.1	98
145.1	94.2
145.1	89.3
145.1	84.9
145.1	84.9
145.2	82.2
145.2	80.5
145.3	79.4
145.5	81.6
145.6	83.3
145.6	83.8
145.7	85.4
145.8	87.1
145.9	88.2
146	86.5
146.1	85.4
146.2	83.8
146.2	83.3
146.2	81.1
146.3	78.9
146.7	81.1
146.9	83.3
146.9	83.8
147	85.4
147.2	87.1
147.4	87.1
147.4	89.8
147.4	93.6
147.5	94.7
147.5	94.7
147.7	97.5
147.8	97.5
147.9	95.3
148	96.4
148	99.1
148.1	99.6
148.2	99.6
148.3	98.6
148.3	96.4
148.4	95.8
148.5	96.4
148.6	97.5
148.6	97.5
148.6	96.4
148.9	95.8
149	95.3
149	94.7
149.1	94.2
149.2	96.9
149.2	96.9
149.3	97.5
149.5	96.9
149.6	96.4
149.1	94.2
149.3	94.2
149.3	95.3
149.3	95.8
149.3	96.4
149.3	96.4
149.5	96.4
149.6	95.8
149.6	95.8
149.6	95.3
149.8	95.8
149.8	96.4
149.8	96.4
149.9	94.7
150	93.1
150.1	92
150.1	90.4
150.2	88.7
150.3	86.5
150.3	86
150.3	84.9
150.4	84.9
150.4	86.5
150.5	87.6
150.6	89.3
150.6	89.8
150.7	90.4
150.8	91.5
150.9	92.5
150.9	92.5
151	92.5
151.1	92
151.2	92
151.3	92
151.4	93.6
151.4	94.7
151.5	95.8
151.6	95.8
151.7	95.8
151.8	95.8
151.8	95.3
151.9	93.6
151.9	92
152.1	89.8
152.2	90.4
152.2	92
152.4	93.1
152.7	91.5
152.8	89.3
152.9	88.7
153	90.9
153	91.5
153.1	93.6
153.1	94.7
153.2	95.3
153.3	95.8
153.4	92.5
153.4	90.9
153.5	88.7
153.6	87.1
153.8	90.4
153.8	90.9
153.8	93.6
154	96.9
154.1	98
154.1	98.6
154.1	100.2
154.2	100.7
154.4	102.9
154.4	102.9
154.6	99.6
154.7	96.9
154.7	96.4
154.7	93.6
154.9	91.5
155.1	89.3
155.1	88.2
155.1	88.7
155.2	91.5
155.2	92.5
155.3	91.5
155.3	91.5
155.4	90.4
155.4	89.3
155.5	90.9
155.5	92
155.7	90.9
155.7	90.4
155.8	89.3
155.8	88.7
155.9	87.6
156	91.5
156.1	95.3
156.1	96.9
156.2	96.9
156.3	95.3
156.4	93.6
156.5	91.5
156.6	90.4
156.7	88.7
156.8	91.5
156.8	93.6
156.9	94.2
157	92.5
157	92
157.1	89.8
157.2	87.6
157.2	86
157.4	85.4
157.5	87.1
157.5	89.3
157.7	91.5
157.7	93.1
158	94.2
158.2	94.2
158.3	93.6
158.3	92
158.4	90.4
158.5	90.9
158.6	92
158.6	89.3
158.6	89.3
158.7	86.5
158.7	86
158.8	85.4
159	85.4
159.1	88.2
159.1	88.7
159.2	89.8
159.4	87.6
159.4	84.9
159.5	81.6
159.6	79.4
159.8	76.7
159.9	77.2
160.1	79.4
160.3	82.2
160.3	86.5
160.3	89.8
160.3	89.8
160.3	93.1
160.4	93.6
160.5	89.8
160.7	86.5
160.9	88.7
160.9	89.3
160.9	91.5
161	93.1
161.3	95.3
161.4	95.8
161.4	96.9
161.5	96.4
161.7	94.2
161.7	90.9
161.8	89.8
162	88.7
162.1	88.7
162.2	89.3
162.2	91.5
162.3	93.6
162.4	94.2
162.5	93.6
162.5	93.1
162.6	90.4
162.6	89.8
162.6	87.6
162.6	87.6
162.8	88.2
162.9	90.4
163	93.1
163	93.6
163.3	93.6
163.3	93.6
163.4	94.7
163.5	96.4
163.5	98.6
163.5	99.1
163.5	99.6
163.8	100.7
163.8	98.6
163.8	98
163.8	96.4
163.9	95.8
164	97.5
164	99.6
164	99.6
164.1	99.6
164.2	99.6
164.2	98
164.4	97.5
164.7	99.1
164.8	98.6
164.9	96.9
165	96.4
165.1	95.3
165.1	93.6
165.2	92.5
165.4	95.3
165.6	98
165.7	98
165.8	95.8
165.7	94.7
165.8	92
165.8	92
165.9	89.8
165.9	89.8
166.1	89.8
166.1	92.5
166.3	94.7
166.4	95.8
166.4	95.8
166.5	93.6
166.5	90.4
166.7	89.8
166.7	93.6
166.8	95.8
166.9	96.4
166.9	96.4
167	94.2
167	94.2
167	92.5
167.1	91.5
167.2	87.6
167.3	86.5
167.4	84.4
167.4	83.8
167.5	85.4
167.7	87.6
167.9	91.5
168	95.8
168	95.8
168.1	96.4
168.2	93.6
168.3	91.5
168.6	90.4
168.7	90.4
168.7	91.5
168.7	93.1
168.8	94.2
168.9	98
168.9	99.6
169.1	97.5
169.1	94.2
169.2	92.5
169.4	91.5
169.5	91.5
169.6	93.6
169.6	92.5
169.7	90.4
169.8	90.4
169.8	88.7
169.8	87.6
169.9	87.6
170.2	87.1
170.5	89.8
170.6	92.5
170.6	93.1
170.7	95.3
170.7	98
170.8	98.6
170.8	101.3
170.8	101.8
170.9	100.7
170.9	100.7
171.1	99.6
171.1	99.1
171.1	101.3
171.3	104
171.4	105.7
171.4	107.3
171.5	108.4
171.6	104
171.7	101.3
171.7	100.2
171.8	98
171.8	97.5
171.9	95.3
171.9	93.1
171.9	91.5
171.9	90.4
172.1	87.6
172.2	86.5
172.2	84.9
172.2	84.9
172.3	84.9
172.4	88.7
172.4	90.9
172.4	91.5
172.5	94.2
172.6	97.5
172.7	98
172.8	97.5
172.9	94.2
173	93.1
173.1	95.3
173.3	98
173.5	100.2
173.5	101.3
173.5	102.9
173.5	100.7
173.5	100.2
173.5	99.1
173.6	99.1
173.7	101.3
173.9	102.9
174	103.5
174	103.5
174.1	102.4
174.1	102.4
174.2	99.6
174.2	98
174.2	96.4
174.4	93.6
174.4	92
174.5	90.9
174.5	90.9
174.7	92.5
174.7	94.7
175	95.3
175	92.5
175	90.9
175	88.7
175.1	88.2
175.2	87.6
175.2	90.4
175.3	90.9
175.4	93.1
175.6	95.3
175.6	96.4
175.8	95.8
175.9	96.4
175.9	96.4
176	94.7
176.1	92.5
176.1	92.5
176.1	92
176.1	92
176.2	92
176.3	93.6
176.3	94.2
176.4	94.7
176.4	95.3
176.5	92.5
176.5	91.5
176.5	91.5
176.5	90.9
176.6	88.2
176.7	86
176.8	83.8
176.9	83.3
176.9	82.2
177	80.5
177.1	82.7
177.2	84.4
177.3	87.1
177.3	90.4
177.4	92.5
177.5	93.1
177.5	90.4
177.6	89.3
177.8	89.8
178	92.5
178	93.1
178	94.7
178.1	95.8
178.1	96.9
178.2	96.9
178.2	96.9
178.3	95.8
178.4	90.9
178.5	88.2
178.5	88.2
178.5	90.9
178.6	93.6
178.7	96.9
178.7	98.6
178.8	101.8
178.8	104
178.9	104.6
178.9	105.7
179	110.6
179.1	111.1
179.1	108.4
179.4	106.2
179.5	106.2
179.5	103.5
179.6	100.2
179.7	98.6
179.7	96.4
179.9	94.2
180	94.2
180.1	94.7
180.4	96.4
180.4	98.6
180.5	98.6
180.5	99.1
180.6	99.1
180.7	99.1
180.7	99.1
180.8	98.6
180.9	95.8
181.1	93.1
181.1	91.5
181.1	89.8
181.1	88.7
181.3	86.5
181.3	86.5
181.4	86.5
181.4	86.5
181.6	84.4
181.7	86
181.7	87.1
181.9	87.6
182	88.2
182.1	89.3
182.1	89.3
182.1	89.3
182.2	90.9
182.2	93.6
182.2	95.8
182.4	95.8
182.4	95.8
182.4	94.2
182.5	92
182.6	89.8
182.6	88.2
182.7	86.5
182.8	87.1
182.8	87.6
182.9	88.7
182.9	89.3
183	92
183	93.1
183	94.7
183.1	96.9
183.1	99.6
183.1	100.2
183.1	101.8
183.2	104.6
183.3	105.1
183.4	106.7
183.5	107.8
183.5	106.7
183.5	105.7
183.6	102.9
183.6	100.7
183.7	97.5
183.8	94.7
183.8	92.5
183.9	90.9
184.1	89.8
184.3	89.8
184.3	90.4
184.5	90.9
184.5	90.9
184.6	92
184.8	92.5
184.9	93.1
184.9	93.6
185.1	94.7
185.3	94.7
185.4	94.2
185.7	93.6
185.8	92.5
186	90.4
186.2	88.7
186.2	87.1
186.2	85.4
186.2	83.8
186.3	82.7
186.4	82.7
186.6	84.9
186.6	85.4
186.7	88.7
186.8	89.3
186.9	90.9
186.9	92
187.1	93.1
187.1	93.1
187.1	93.6
187.2	95.3
187.4	96.9
187.4	97.5
187.4	96.4
187.5	93.6
187.6	93.6
187.8	92.5
187.8	93.1
187.8	96.4
188	99.1
188	100.2
188	101.3
188.1	101.3
188.1	98.6
188.1	98.6
188.2	95.8
188.3	94.7
188.3	93.1
188.5	90.4
188.5	89.3
188.5	88.2
188.8	86.5
188.8	87.1
188.9	88.2
188.9	88.7
188.9	88.7
189	91.5
189	92
189.2	92
189.3	91.5
189.3	90.9
189.4	90.9
189.4	90.9
189.4	92.5
189.5	93.6
189.5	93.6
189.6	94.7
189.6	94.7
189.7	93.1
189.8	92.5
189.9	94.2
189.9	94.2
189.9	96.4
190	96.9
190.1	95.8
190.1	94.2
190.1	92.5
190.2	92
190.3	90.9
190.4	93.1
190.6	95.8
190.6	98
190.6	98.6
190.6	99.6
190.6	100.2
190.8	100.7
190.8	100.7
190.9	98.6
190.9	98
191	95.8
191.2	94.2
191.2	98
191.2	98.6
191.2	101.3
191.3	103.5
191.4	103.5
191.4	101.3
191.4	99.6
191.4	99.6
191.5	98.6
191.6	99.6
191.6	101.3
191.6	100.7
191.7	98
191.7	96.4
191.8	94.2
192	95.8
192	98.6
192	98.6
192	99.1
192.1	99.1
192.2	99.1
192.2	99.1
192.2	98
192.2	94.7
192.3	93.6
192.4	91.5
192.4	90.9
192.5	89.8
192.6	89.8
192.7	93.6
192.6	95.8
192.6	95.8
192.7	95.8
192.8	93.6
192.8	92.5
192.9	91.5
193	89.8
193	89.8
193.1	87.6
193.2	87.1
193.3	87.1
193.4	88.2
193.5	90.4
193.5	91.5
193.5	91.5
193.6	92
193.7	91.5
193.8	93.6
193.8	94.2
193.9	94.7
194	95.8
194.1	96.4
194.1	95.8
194.2	95.3
194.2	95.3
194.3	93.6
194.3	93.1
194.3	92
194.3	91.5
194.3	90.4
194.3	89.8
194.4	89.8
194.4	91.5
194.5	93.1
194.5	93.1
194.5	92.5
194.6	90.9
194.7	89.8
194.8	89.8
194.9	89.3
194.9	89.8
195	91.5
195	92.5
195.1	92.5
195.2	92.5
195.3	95.3
195.3	95.8
195.4	94.7
195.4	93.6
195.4	92.5
195.6	92
195.6	93.6
195.7	94.2
195.8	93.6
195.8	92.5
195.8	91.5
195.8	89.8
195.9	88.2
195.9	88.2
196	89.3
196.1	92
196.1	94.7
196.1	95.3
196.2	96.4
196.3	97.5
196.4	99.1
196.5	100.7
196.7	102.4
196.8	101.8
196.5	99.6
196.7	97.5
196.7	96.4
196.8	93.6
196.8	92.5
196.8	91.5
196.9	89.8
196.9	88.2
196.9	88.2
196.9	87.6
197	87.1
197	86
197	87.1
197.1	87.6
197.2	90.4
197.3	93.1
197.3	94.7
197.3	94.7
197.3	95.3
197.4	94.2
197.5	93.1
197.6	92
197.6	91.5
197.6	90.4
197.9	89.8
198	91.5
198.1	96.9
198.3	98.6
198.3	100.2
198.4	100.7
198.5	100.2
198.5	100.2
198.5	97.5
198.5	95.3
198.5	92.5
198.5	89.8
198.6	88.7
198.8	88.7
198.8	91.5
198.8	93.6
198.8	95.3
198.9	95.8
199	96.9
199	96.9
199.2	95.8
199.3	94.7
199.3	92.5
199.4	91.5
199.5	90.4
199.5	89.8
199.5	89.3
199.5	87.1
199.5	87.1
199.6	86
199.7	86
199.7	86
199.8	85.4
199.9	86
199.9	88.7
199.9	89.8
199.9	90.9
199.9	92
200	92.5
200	90.9
200	93.1
200.1	94.7
200.1	95.3
200.1	95.3
200.2	95.3
200.2	94.2
200.2	92.5
200.3	90.9
200.4	89.3
200.4	89.3
200.5	88.2
200.6	88.2
200.7	86
200.8	84.9
200.9	87.1
200.9	89.8
200.9	90.9
200.9	92.5
200.9	95.8
201.1	99.6
201.1	99.6
201.2	101.3
201.3	105.7
201.3	106.2
201.4	105.7
201.5	101.8
201.5	99.6
201.5	94.7
201.5	92
201.5	89.8
201.6	86
201.6	86
201.8	83.8
201.8	84.4
201.9	87.6
201.9	88.7
201.9	91.5
201.9	91.5
202.1	88.7
202.3	87.6
202.3	86.5
202.4	84.9
202.4	84.4
202.5	82.7
202.7	81.1
202.8	80.5
202.9	82.2
202.9	82.7
203	83.3
203.1	81.1
203.2	80.5
203.2	80
203.3	82.2
203.3	82.2
203.3	83.8
203.3	84.9
203.3	86
203.5	89.3
203.6	90.4
203.7	88.7
203.7	88.7
203.8	87.6
203.8	87.1
203.9	86.5
204	84.4
204	83.8
204.1	83.8
204.2	84.9
204.2	86
204.3	86.5
204.4	85.4
204.5	84.9
204.6	82.7
204.6	82.7
204.7	81.1
204.8	78.9
204.8	78.9
204.9	78.9
205.1	77.8
205.1	77.8
205.3	77.8
205.3	80.5
205.3	82.2
205.5	83.8
205.5	84.4
205.6	84.9
205.7	85.4
205.7	83.3
205.8	83.3
206.1	82.7
206.1	82.7
206.1	81.6
206.1	80.5
206.2	82.2
206.2	86
206.4	86.5
206.5	85.4
206.7	83.8
206.8	84.4
206.9	84.9
206.9	83.8
206.9	82.2
206.9	82.2
206.9	82.2
207.1	80.5
207.3	80.5
207.3	82.2
207.3	83.8
207.3	86
207.5	88.2
207.6	88.7
207.6	89.8
207.7	90.4
207.8	89.8
207.8	87.6
208	87.1
208	87.1
208.1	87.1
208.1	86
208.1	84.9
208.1	82.7
208.2	81.1
208.2	80
208.2	79.4
208.3	78.3
208.4	76.7
208.5	75.6
208.5	74.5
208.8	75.1
208.9	76.7
208.9	77.2
208.9	78.9
209	80.5
209	83.8
209.1	86
209.1	86.5
209.1	87.1
209.2	88.7
209.3	89.3
209.3	90.9
209.4	91.5
209.5	92.5
209.5	92
209.6	89.3
209.7	87.6
209.7	87.1
209.7	86.5
209.8	86
209.8	84.9
209.8	84.9
210	83.3
210	82.7
210.1	81.1
210.2	80
210.2	79.4
210.2	78.3
210.3	78.3
210.4	80
210.5	81.6
210.5	81.6
210.5	83.8
210.5	83.8
210.7	84.4
210.8	84.4
210.9	83.3
210.9	82.2
210.9	83.8
210.9	84.4
211	85.4
211.1	86
211.2	86
211.2	87.6
211.3	88.7
211.4	89.3
211.4	88.7
211.4	87.6
211.4	87.1
211.4	84.9
211.5	83.8
211.6	82.7
211.7	82.2
211.7	82.2
211.8	81.6
211.8	81.1
212.1	82.2
212.1	82.2
212.2	83.3
212.2	85.4
212.2	86.5
212.3	86.5
212.3	86.5
212.4	86.5
212.4	84.9
212.5	84.9
212.5	85.4
212.5	86
212.6	88.2
212.6	89.3
212.6	89.8
212.6	89.8
212.7	89.8
213	88.7
213	88.7
213	88.2
213.1	88.7
213.1	90.9
213.2	92.5
213.3	94.2
213.3	95.3
213.3	96.4
213.4	97.5
213.5	98
213.6	95.8
213.6	94.7
213.7	93.1
213.7	92.5
214	92.5
214.2	92.5
214.4	93.1
214.4	93.1
214.5	93.6
214.5	95.8
214.6	98
214.6	98.6
214.7	99.1
214.7	99.1
214.8	99.1
214.8	96.4
214.8	95.8
214.9	94.2
215	94.2
215.2	92.5
215.6	91.5
215.9	90.9
216	90.4
216	89.3
215.9	88.2
215.9	87.6
215.9	86
216	84.4
216	84.4
216.1	83.8
216.4	86.5
216.4	87.1
216.5	88.2
216.5	90.9
216.6	92.5
216.7	89.8
216.7	89.3
216.8	89.8
217	91.5
217.1	93.1
217.1	93.1
217.2	91.5
217.5	89.8
217.5	89.3
217.6	86.5
217.7	86.5
217.7	86.5
217.7	87.6
217.8	89.8
217.8	90.4
217.9	91.5
218	92
218.1	91.5
218.1	89.8
218.2	88.7
218.3	88.7
218.4	89.3
218.4	89.8
218.4	90.9
218.6	92.5
218.8	93.1
218.8	93.1
218.8	92.5
218.8	90.9
219.2	89.3
219.3	89.3
219.3	89.3
219.4	88.7
219.5	88.2
219.7	87.6
219.8	87.6
219.9	87.6
219.9	86.5
220	85.4
220	84.4
220.1	83.8
220.1	83.8
220.2	83.3
220.2	83.8
220.3	85.4
220.3	86
220.4	87.6
220.4	88.2
220.5	89.3
220.7	90.4
220.7	90.9
220.8	90.9
220.9	90.9
220.9	89.3
221	87.6
221.1	86.5
221.2	85.4
221.2	85.4
221.2	85.4
221.3	87.1
221.3	87.6
221.4	88.2
221.5	89.3
221.5	89.8
221.6	89.8
221.7	89.8
221.9	89.3
221.9	88.2
221.9	87.6
221.9	87.1
222	86
222	85.4
222.1	84.9
222.1	84.9
222.1	84.4
222.2	84.4
222.2	86
222.3	86
222.3	85.4
222.4	83.8
222.6	82.2
222.6	81.1
222.7	81.1
222.8	82.7
222.8	82.7
222.8	83.3
222.8	83.3
222.9	84.9
222.9	88.2
223	90.9
223	90.9
223.1	91.5
223.1	93.6
223.2	94.7
223.2	95.8
223.2	96.4
223.2	97.5
223.2	98
223.2	98.6
223.2	99.6
223.3	101.3
223.4	101.3
223.4	100.7
223.5	98
223.5	96.9
223.5	95.3
223.5	93.6
223.5	90.4
223.5	87.6
223.5	85.4
223.5	84.4
223.5	84.4
223.7	84.4
223.7	83.8
223.7	81.6
223.7	80.5
223.7	78.3
223.9	76.2
223.9	75.6
224	74.5
224	73.4
224.1	72.9
224.4	72.9
224.4	71.2
224.4	70.7
224.4	68.5
224.4	65.8
224.5	63
224.6	60.3
224.6	58.1
224.7	54.9
224.7	54.3
224.7	53.8
224.7	52.1
224.7	50.5
224.8	48.8
224.9	46.7
225	46.7
225.1	49.4
225.1	52.1
225.2	52.7
225.3	54.9
225.4	57
225.4	59.2
225.4	61.4
225.4	64.1
225.4	66.3
225.5	68
225.5	70.1
225.6	71.8
225.6	71.8
225.6	72.9
225.5	73.4
225.5	73.4
225.6	74.5
225.7	75.6
225.7	76.2
225.7	76.2
225.7	79.4
225.8	81.1
225.9	82.2
225.9	83.8
225.9	84.4
225.9	86
225.9	86.5
225.9	87.1
225.9	87.6
226.1	87.6
226.3	84.4
226.4	84.4
226.4	83.8
226.4	84.9
226.5	86.5
226.7	88.7
226.8	90.9
226.8	91.5
226.9	91.5
226.9	92
226.9	92.5
226.9	92.5
227	92.5
227.2	91.5
227.2	88.7
227.3	88.2
227.4	89.3
227.4	89.8
227.5	90.9
227.5	92.5
227.6	94.2
227.7	94.7
227.8	96.4
227.9	97.5
228	97.5
228.2	98.6
228.2	99.1
228.3	96.9
228.4	95.3
228.5	94.7
228.5	95.3
228.5	96.4
228.6	97.5
228.6	97.5
228.7	98
228.7	98.6
228.8	98.6
228.9	98.6
229.1	98.6
229.2	99.1
229.4	100.2
229.4	101.3
229.4	102.4
229.4	103.5
229.6	102.9
229.6	101.8
229.6	99.1
229.6	99.1
229.6	96.9
229.8	94.7
229.8	94.7
230	98
230	99.6
230.1	101.3
230.1	101.3
230.1	102.9
230.2	104
230.2	104.6
230.2	104.6
230.2	102.4
230.2	99.1
230.2	98
230.2	96.9
230.2	96.9
230.3	95.8
230.5	95.3
230.6	96.9
230.6	97.5
230.7	95.8
230.7	95.3
230.7	93.1
230.8	90.9
230.9	90.4
230.9	89.3
231	89.3
231	88.2
231.1	86.5
231.2	87.6
231.2	90.4
231.3	92
231.3	94.7
231.3	94.7
231.4	96.4
231.5	99.1
231.5	99.1
231.7	97.5
231.7	97.5
231.7	97.5
231.7	100.2
231.8	101.8
231.9	102.9
231.9	103.5
232	101.8
232.1	100.2
232.1	98.6
232.2	96.9
232.2	96.4
232.3	93.6
232.4	92.5
232.4	92
232.5	92
232.5	91.5
232.7	93.1
232.7	95.8
232.8	98
232.9	100.7
232.9	101.3
232.9	102.9
233.1	103.5
233.2	103.5
233.3	102.4
233.3	100.2
233.4	98.6
233.5	97.5
233.5	99.1
233.6	100.2
233.6	100.7
233.7	100.7
233.8	100.7
233.9	99.6
234	98.6
234.1	98
234.1	97.5
234.1	97.5
234.1	96.4
234.2	95.3
234.3	93.6
234.3	93.1
234.4	93.1
234.4	93.1
234.5	94.7
234.6	95.3
234.7	96.4
234.8	98
234.9	100.2
234.9	101.8
235	103.5
235	104.6
235	105.1
235.1	105.7
235.1	106.2
235.3	103.5
235.3	101.3
235.4	100.2
235.4	98
235.5	96.4
235.6	95.3
235.8	95.8
235.9	98
236	98
236.1	96.4
236.1	95.8
236.2	95.8
236.4	97.5
236.5	98
236.6	99.1
236.6	99.1
236.7	99.6
236.8	100.2
236.9	100.2
237	100.7
237	101.3
237.1	102.4
237.2	102.4
237.2	102.9
237.2	104.6
237.3	104.6
237.4	104.6
237.4	104.6
237.5	101.3
237.5	100.2
237.6	98.6
237.7	95.8
237.8	95.3
237.9	94.2
238	93.1
238	91.5
238.2	91.5
238.3	94.2
238.4	95.3
238.4	95.3
238.5	95.3
238.5	94.7
238.5	94.2
238.6	93.6
238.7	94.7
238.8	96.4
238.8	96.9
238.8	97.5
238.9	97.5
239	97.5
239.1	97.5
239.1	97.5
239.1	96.4
239.2	94.7
239.3	93.1
239.5	92.5
239.6	95.8
239.6	96.9
239.6	97.5
239.7	97.5
239.9	97.5
240	96.9
240	94.7
240.1	94.2
240.2	93.1
240.3	92
240.3	92
240.4	92
240.5	92.5
240.6	93.6
240.7	93.6
240.9	93.1
241.2	92
241.2	93.1
241.2	95.3
241.2	96.9
241.2	97.5
241.2	99.6
241.2	101.3
241.2	101.8
241.3	102.9
241.3	104
241.4	104.6
241.4	104.6
241.5	104.6
241.5	104
241.6	102.9
241.6	102.9
241.7	103.5
241.8	103.5
241.7	104
241.7	104.6
241.9	104.6
242	104.6
242.2	104
242.2	102.9
242.2	101.8
242.3	100.2
242.4	98.6
242.5	95.3
242.6	94.2
242.6	93.1
242.6	92
242.7	89.8
242.7	88.7
242.7	87.1
242.8	86.5
242.9	87.1
242.9	90.4
243.1	93.6
243.1	94.2
243.2	97.5
243.3	99.6
243.3	100.2
243.4	101.8
243.4	104.6
243.4	106.2
243.4	106.2
243.4	104.6
243.5	102.9
243.6	101.3
243.7	99.1
243.8	98.6
244.1	101.3
244.1	103.5
244.1	105.1
244.2	106.2
244.3	106.2
244.3	104.6
244.4	104
244.5	103.5
244.9	102.9
245	104
245	104.6
245.1	105.1
245.2	105.1
245.2	104
245.2	103.5
245.2	102.9
245.4	101.8
245.4	102.4
245.5	104.6
245.6	106.7
245.7	108.9
245.8	107.3
245.8	106.2
245.9	104
245.9	102.4
245.9	101.8
245.9	101.3
245.9	99.1
245.9	98
246	98
246.1	96.9
246.1	96.4
246.2	94.7
246.3	94.2
246.4	96.4
246.6	98
246.6	98.6
246.7	100.2
246.8	100.7
246.9	101.3
246.9	101.3
247	101.3
247	100.2
247.1	99.6
247.3	98
247.3	99.1
247.4	100.2
247.4	100.7
247.5	100.7
247.5	99.6
247.5	99.1
247.7	98.6
247.7	100.2
247.9	102.4
247.9	103.5
248	104.6
248	103.5
248.1	101.3
248.2	100.7
248.3	100.7
248.3	102.9
248.4	103.5
248.4	103.5
248.5	102.9
248.6	102.4
248.7	101.3
248.7	100.7
248.7	100.2
248.7	99.1
248.7	96.9
248.7	95.3
248.9	94.2
249	93.1
249	92
249	91.5
249	89.8
249	88.7
249	87.6
249	85.4
249.1	84.9
249.2	83.8
249.3	82.7
249.4	83.3
249.4	84.9
249.4	86.5
249.5	88.7
249.5	91.5
249.5	92.5
249.5	94.2
249.7	96.4
249.8	97.5
249.9	99.6
250	101.3
250.2	102.9
250.3	103.5
250.4	104
250.4	104
250.8	104.6
250.8	104
250.8	102.4
250.8	100.7
250.9	98.6
250.9	96.9
250.9	95.8
251	94.2
251	93.1
251	92.5
251.1	92
251.2	92
251.2	92
251.3	92
251.4	92
251.4	90.9
251.5	90.4
251.5	89.3
251.5	89.3
251.6	89.3
251.7	90.4
251.8	91.5
251.8	92
251.9	92
251.9	90.9
252	89.3
252.1	89.3
252.2	91.5
252.2	93.1
252.2	94.7
252.3	95.3
252.5	94.2
252.5	91.5
252.6	89.8
252.7	90.9
252.7	90.9
252.8	93.1
253.1	95.3
253.2	94.7
253.2	93.1
253.3	90.9
253.4	88.2
253.5	87.6
253.5	87.6
253.6	87.6
253.8	87.6
254	88.7
254.1	92
254.2	94.7
254.2	95.3
254.2	96.9
254.3	98.6
254.3	99.6
254.4	101.8
254.5	101.8
254.6	98.6
254.6	96.9
254.7	94.7
254.9	93.1
254.9	94.7
255	95.8
255	96.4
255	98
255.1	99.6
255.1	99.6
255.2	101.3
255.2	101.8
255.2	102.4
255.3	102.4
255.3	101.3
255.5	99.6
255.5	102.4
255.5	102.9
255.6	104.6
255.7	105.7
255.7	106.2
255.7	107.3
255.8	108.9
255.9	109.5
256	110.6
256.1	112.2
256.1	113.3
256.2	112.8
256.3	109.5
256.3	108.4
256.3	106.7
256.5	104.6
256.7	104
256.7	102.9
256.8	100.7
256.8	100.7
257	99.1
257.1	98.6
257.1	98.6
257.3	95.8
256.9	99.6
257	96.9
257.1	94.2
257.2	93.1
257.2	90.9
257.3	91.5
257.3	94.7
257.4	94.7
257.5	95.3
257.7	94.2
257.8	94.2
257.9	94.2
258.1	94.7
258.2	95.8
258.4	96.4
258.5	99.1
258.5	100.7
258.5	102.9
258.6	103.5
258.7	102.9
258.8	100.7
258.8	99.6
259	99.6
259.1	100.2
259.2	101.3
259.3	101.8
259.3	101.3
259.4	99.1
259.4	98
259.6	99.1
259.6	99.1
259.6	99.1
259.7	98
259.8	96.9
259.8	95.3
259.8	93.6
259.8	92.5
259.9	91.5
259.9	89.8
260.1	90.9
260.1	93.1
260.2	95.8
260.3	95.8
260.3	94.2
260.3	93.6
260.3	93.1
260.3	93.1
260.4	94.2
260.5	95.8
260.7	98.6
260.7	99.6
260.8	100.7
260.8	100.7
260.9	100.7
260.9	100.2
260.9	98
260.9	96.4
261	95.8
261.2	97.5
261.3	99.1
261.3	99.1
261.4	99.1
261.6	98.6
261.7	98
261.8	96.4
261.9	95.3
262	94.7
262	96.4
262.1	97.5
262.2	100.2
262.2	100.7
262.2	100.7
262.3	100.7
262.4	99.6
262.4	99.1
262.4	98
262.4	96.9
262.5	96.4
262.6	95.3
262.7	95.8
262.7	96.4
262.8	96.4
262.9	96.9
262.9	96.9
263	95.8
263.1	95.3
263.2	94.7
263.2	96.9
263.2	99.1
263.3	99.1
263.3	100.2
263.3	100.7
263.4	100.7
263.4	100.7
263.5	99.1
263.5	99.1
263.5	97.5
263.5	96.9
263.5	96.4
263.5	95.3
263.6	95.3
263.7	95.3
263.9	94.7
264	95.3
264.3	96.9
264.3	96.4
264.4	94.7
264.4	94.2
264.5	93.6
264.5	92.5
264.5	92
264.5	90.9
264.6	89.8
264.7	88.7
264.8	88.7
264.9	90.4
264.9	91.5
265	92
265.1	93.6
265.1	95.3
265.3	96.4
265.4	98
265.6	99.6
265.6	101.3
265.6	102.9
265.6	103.5
265.6	103.5
265.7	101.8
265.8	100.7
265.9	99.6
266	98.6
266	97.5
266.1	96.9
266.1	96.4
266.2	96.4
266.3	96.4
266.3	96.4
266.5	98
266.5	98
266.6	95.8
266.6	94.7
266.6	94.2
266.7	93.6
266.8	93.1
266.8	92
266.9	90.9
266.9	90.4
267	88.2
267.1	88.2
267.2	88.2
267.2	88.2
267.3	88.2
267.3	88.2
267.4	86.5
267.9	88.2
267.9	89.3
267.9	91.5
268.1	93.1
268.1	94.2
268.1	95.3
268.1	96.4
268.1	97.5
268.1	97.5
268.1	98
268.2	97.5
268.2	96.9
268.2	95.8
268.4	95.3
268.6	95.8
268.7	96.4
268.7	96.9
268.7	99.1
268.7	101.8
268.7	104.6
268.7	105.7
268.8	106.7
268.8	107.3
268.9	107.8
269	107.8
269	106.2
269	104.6
269.1	102.4
269.2	102.4
269.2	102.4
269.3	102.9
269.3	104
269.3	106.2
269.4	107.3
269.4	108.9
269.4	110
269.5	110
269.6	109.5
269.6	106.7
269.7	105.1
269.7	102.9
269.8	102.4
269.8	101.3
269.9	99.6
269.9	99.1
269.9	99.1
270	98
270	96.4
270.1	95.3
270.1	94.2
270.1	93.6
270.2	93.6
270.2	92.5
270.2	92
270.3	91.5
270.4	93.1
270.4	92
270.6	92
270.8	95.3
270.7	98.6
270.7	100.2
270.8	100.2
270.8	99.6
271	98
271.3	98
271.4	102.9
271.6	106.7
271.6	106.7
271.7	106.2
271.8	104.6
271.9	104
272	104
272.1	104
272.1	104
272.2	102.9
272.3	100.2
272.3	98.6
272.3	96.9
272.3	94.2
272.4	92.5
272.4	90.9
272.5	89.3
272.7	93.1
272.8	95.3
272.8	96.9
272.8	97.5
272.9	98
272.9	98
272.9	98
273	96.4
273	94.7
273.1	93.6
273.2	94.7
273.3	96.4
273.3	98
273.3	98
273.3	98
273.4	98.6
273.5	98.6
273.8	99.1
274	99.1
274	98.6
274.1	98
274.2	97.5
274.3	97.5
274.5	96.9
274.5	96.9
274.7	96.9
274.8	96.9
274.9	98
274.9	98.6
275	100.7
275	101.3
275	101.3
275.1	100.2
275.1	98.6
275.1	95.8
275.2	95.3
275.4	95.8
275.4	98
275.5	98.6
275.6	97.5
275.6	96.4
275.6	95.8
275.9	95.8
275.9	94.7
275.9	93.1
276	92
276.1	91.5
276.2	90.4
276.3	89.3
276.4	87.6
276.4	85.4
276.4	85.4
276.4	83.8
276.6	83.8
276.7	86
276.8	87.6
276.9	89.3
277	89.8
277.2	90.9
277.3	93.1
277.4	95.8
277.5	96.9
277.5	98
277.6	98
277.7	96.9
277.8	99.6
277.9	101.3
278.1	102.4
278.1	100.7
278.1	99.1
278.1	96.9
278.1	94.7
278.1	93.1
278.2	91.5
278.2	88.2
278.4	87.1
278.5	87.1
278.6	89.8
278.6	92.5
278.7	94.7
278.7	94.7
278.8	97.5
278.8	99.1
278.9	99.1
279	98
279.1	96.9
279.3	96.9
279.5	98.6
279.6	100.2
279.7	101.8
279.9	102.9
280	102.4
280.1	100.2
280.2	98.6
280.2	98
280.4	98.6
280.4	99.1
280.5	99.1
280.5	95.8
280.5	93.6
280.5	92.5
280.6	90.9
280.6	89.8
280.7	89.8
280.9	93.1
280.9	96.4
281	100.7
281.1	100.7
281.1	103.5
281.1	103.5
281.2	106.7
281.2	108.9
281.2	109.5
281.3	109.5
281.4	108.4
281.4	105.7
281.4	102.9
281.6	103.5
281.7	106.2
281.7	107.3
281.7	107.8
281.8	106.7
281.9	104
281.9	101.3
281.9	100.2
282	99.1
282.1	97.5
282.2	95.3
282.2	95.3
282.2	93.1
282.2	91.5
282.2	90.9
282.2	90.9
282.4	92
282.5	94.2
282.6	95.8
282.7	96.4
282.8	98.6
282.8	100.2
283	102.4
283.1	104
283.2	105.7
283.4	106.2
283.4	106.2
283.5	105.1
283.7	101.8
283.8	100.2
283.9	98.6
284	97.5
284.1	96.9
284.3	94.7
284.3	94.2
284.3	93.6
284.3	93.1
284.4	92
284.5	90.9
284.5	90.4
284.6	89.3
284.6	87.1
284.8	84.9
284.8	88.2
284.8	88.7
284.9	90.9
285	91.5
285.2	93.6
285.2	95.3
285.2	96.9
285.3	97.5
285.4	96.4
285.4	93.6
285.5	90.9
285.5	88.2
285.5	87.1
285.6	86
285.7	87.1
285.9	90.4
285.9	90.9
285.9	93.1
286.1	93.6
286.2	94.2
286.2	94.7
286.3	94.7
286.3	94.7
286.4	93.6
286.4	91.5
286.4	91.5
286.5	91.5
286.6	93.6
286.6	94.7
286.6	94.7
286.8	94.7
286.8	93.6
286.9	90.9
287.2	88.7
287.2	86
287.2	85.4
287.2	84.9
287.3	86
287.3	89.8
287.3	92
287.3	92.5
287.4	95.3
287.4	96.9
287.6	96.9
287.7	96.9
287.8	98
287.8	100.7
287.9	102.4
288	102.9
288	102.9
288.1	100.7
288.2	99.1
288.5	101.3
288.5	100.7
288.7	98.6
288.8	95.8
288.8	94.7
288.9	92.5
289	90.4
289	88.2
289.1	86
289.2	83.8
289.4	83.8
289.5	86.5
289.5	89.8
289.6	90.4
289.6	91.5
289.9	95.3
289.9	97.5
290.2	99.6
290.3	101.8
290.2	103.5
290.2	100.7
290.3	97.5
290.4	94.7
290.5	93.1
290.5	90.4
290.6	89.3
290.6	89.8
290.6	89.8
290.8	91.5
290.9	91.5
291.1	90.9
291.1	90.9
291.2	89.8
291.3	87.1
291.4	86
291.5	86
291.6	86
291.6	87.6
291.7	88.7
291.9	88.7
292	90.4
292	94.2
292.1	95.3
292.3	96.9
292.3	95.8
292.4	92.5
292.5	91.5
292.5	89.8
292.5	87.6
292.6	83.3
292.7	81.6
292.7	80
292.8	77.8
292.9	75.6
292.9	74
293	73.4
293.1	72.3
293.2	71.2
293.2	71.8
293.2	75.1
293.2	77.8
293.3	79.4
293.5	81.1
293.6	82.7
293.7	83.3
293.7	83.3
293.9	82.2
294	80
294	79.4
294	78.3
294	78.3
294.1	76.2
294.2	75.1
294.3	78.3
294.4	80
294.5	81.6
294.6	79.4
294.6	76.7
294.6	72.9
294.8	71.2
294.8	69.1
294.8	66.9
294.8	64.7
294.8	62
294.8	60.9
294.9	59.8
295.2	61.4
295.2	62
295.3	66.3
295.5	72.9
295.5	76.2
295.5	80.5
295.5	81.1
295.5	84.4
295.5	89.3
295.5	93.1
295.6	94.7
295.8	96.4
295.9	96.4
296	93.6
296.1	92.5
296.1	92.5
296.3	93.1
296.4	94.2
296.4	94.7
296.4	95.3
296.4	95.3
296.5	93.1
296.7	91.5
296.8	90.9
296.9	89.8
297.1	87.6
297.2	87.1
297.2	86.5
297.2	84.4
297.2	82.7
297.2	81.6
297.2	80.5
297.1	78.9
297.1	75.1
297.2	73.4
297.2	73.4
297.3	74.5
297.4	74.5
297.5	76.2
297.5	76.7
297.7	78.3
297.7	81.1
297.9	81.1
298	79.4
298	79.4
298	76.7
298.1	74
298.1	71.8
298.1	70.1
298.3	68.5
298.4	66.9
298.6	69.1
298.7	70.7
298.8	75.6
298.8	75.6
298.8	77.2
298.9	77.2
299	75.1
299	74
299.2	74.5
299.2	76.2
299.3	78.3
299.5	81.1
299.5	82.2
299.6	83.8
299.6	83.8
299.7	81.1
299.8	80
299.8	78.3
299.8	77.8
299.8	77.8
299.9	76.2
299.9	75.1
300	73.4
300	72.9
300	71.8
300.1	71.2
300.2	72.3
300.2	71.8
300.2	70.7
300.5	71.2
300.6	73.4
300.8	74
300.9	74
300.9	76.2
301	76.7
301	74
301.1	73.4
301.1	71.8
301.2	69.6
301.3	68.5
301.4	67.4
301.4	71.8
301.6	76.2
301.7	78.9
301.7	80
301.7	81.6
301.7	82.2
301.7	82.7
301.8	84.4
301.8	84.9
301.8	84.9
301.9	82.2
301.9	78.9
302	77.8
302.2	73.4
302.2	72.3
302.3	69.6
302.3	67.4
302.5	65.8
302.6	67.4
302.6	70.1
302.7	72.9
302.8	77.2
302.9	79.4
302.9	81.6
302.9	82.7
303	82.7
303	83.3
303.1	82.7
303.1	82.7
303.2	78.3
303.2	75.6
303.2	73.4
303.2	70.7
303.3	69.6
303.4	67.4
303.5	66.9
303.6	66.3
303.7	65.8
303.7	65.8
303.9	69.1
304	75.1
304.1	78.9
304.2	82.2
304.3	84.9
304.4	88.7
304.4	92
304.5	93.1
304.5	90.4
304.6	89.3
304.7	86.5
304.8	86
304.8	87.6
304.9	87.6
305	86
305.1	82.2
305.2	78.3
305.3	75.1
305.4	74.5
305.5	77.8
305.5	78.3
305.6	75.6
305.7	74.5
305.9	71.2
305.9	66.9
306	68
306.1	70.1
306.2	71.8
306.3	71.8
306.5	71.8
306.5	70.7
306.7	71.2
306.9	75.1
307	79.4
307.1	80.5
307.2	82.7
307.3	83.8
307.4	81.1
307.5	79.4
307.6	77.8
307.6	77.2
307.7	76.7
307.7	76.2
307.7	76.2
307.7	74.5
307.7	74.5
307.9	77.2
308	76.7
308.1	75.1
308.2	74.5
308.3	76.7
308.4	80.5
308.4	81.1
308.5	83.3
308.8	84.4
308.9	83.8
308.9	81.6
308.9	79.4
309	76.7
309	74.5
309.1	73.4
309.1	71.2
309.2	68.5
309.3	68
309.3	65.8
309.3	65.2
309.4	63
309.5	63.6
309.6	66.3
309.7	69.1
309.8	71.8
309.8	71.8
309.8	73.4
309.9	75.6
310.1	77.2
310.1	78.3
310.3	76.2
310.3	75.6
310.3	74.5
310.5	76.2
310.6	79.4
310.7	82.2
310.9	84.9
310.9	84.9
311	83.3
311	82.7
311.1	81.1
311.2	82.2
311.3	83.8
311.3	84.4
311.4	84.4
311.5	83.8
311.5	83.8
311.6	82.7
311.6	81.1
311.6	81.1
311.6	80.5
311.7	81.1
311.7	81.6
311.7	81.6
311.8	81.6
311.8	81.1
311.9	81.1
311.9	80
311.9	79.4
311.9	79.4
312	79.4
312.1	80.5
312.3	82.7
312.3	82.7
312.4	82.7
312.4	81.1
312.5	79.4
312.6	78.9
312.6	78.3
312.6	77.8
312.7	77.2
312.8	76.7
312.9	77.8
312.9	78.9
313	78.3
313.1	77.8
313.1	76.7
313.2	75.1
313.3	75.1
313.4	75.6
313.4	77.2
313.4	78.3
313.5	81.6
313.5	83.8
313.5	84.4
313.6	86
313.7	85.4
313.8	83.3
313.9	82.2
314	81.1
314.1	80.5
314.1	80.5
314.2	81.6
314.4	84.9
314.4	87.6
314.5	90.4
314.6	95.8
314.8	98.6
314.8	99.1
314.8	100.7
314.9	100.7
315	100.7
315.2	99.6
315.3	98.6
315.5	101.8
315.8	104
315.8	104.6
315.8	100.7
315.9	97.5
315.9	95.3
315.9	92.5
316.1	93.1
316.2	96.4
316.5	98.6
316.5	99.1
316.5	99.1
316.6	100.2
316.7	100.7
316.9	98.6
317	96.9
317.1	94.2
317.1	92
317.2	95.3
317.4	96.9
317.5	96.9
317.6	95.8
317.7	94.7
317.8	92
317.9	91.5
318	90.9
318.2	91.5
318.3	92.5
318.5	90.4
318.6	89.3
318.6	87.6
318.6	86
318.7	83.8
318.7	83.3
318.8	83.3
319.1	84.4
319.2	86.5
319.2	88.2
319.3	88.2
319.4	86
319.4	84.4
319.5	81.6
319.6	80.5
319.7	78.3
319.9	81.6
320	82.7
320	85.4
320	88.7
320.3	93.1
320.3	93.6
320.3	94.7
320.3	96.9
320.5	98
320.6	98
320.7	96.4
320.8	94.2
320.8	92.5
320.8	92.5
320.9	92.5
321	93.6
321.1	94.2
321.3	94.2
321.4	92.5
321.4	90.9
321.4	90.9
321.6	92
321.6	90.4
321.6	89.8
321.6	88.7
321.7	88.7
321.9	91.5
321.9	91.5
322	89.3
322.1	89.3
322.2	89.3
322.3	88.2
322.3	87.6
322.3	85.4
322.5	83.8
322.6	83.3
322.8	83.8
322.8	83.8
322.9	86
323.1	88.7
323.3	90.9
323.4	92
323.5	92
323.6	91.5
323.7	89.8
323.7	88.7
323.7	88.2
323.7	86
323.8	86
324	86.5
324	86.5
324	86.5
324.1	86.5
324.1	85.4
324.2	83.8
324.2	83.8
324.2	83.3
324.3	82.7
324.4	82.7
324.4	82.2
324.4	81.6
324.4	81.6
324.5	81.6
324.5	81.6
324.6	83.3
324.7	85.4
324.7	88.2
324.7	88.7
324.7	89.8
324.8	90.4
324.9	90.9
325	92
325.1	93.6
325.2	93.6
325.3	94.7
325.4	94.7
325.4	95.8
325.4	96.4
325.4	96.4
325.6	94.7
325.6	93.6
325.8	93.6
325.8	93.1
325.8	93.1
325.9	92.5
325.9	92.5
325.9	92.5
326	92.5
326.1	93.6
326.1	93.6
326.2	92
326.3	90.9
326.4	90.9
326.4	90.9
326.6	90.4
326.6	90.4
326.6	89.3
326.6	87.6
326.7	87.6
326.9	88.2
326.9	89.8
326.9	89.8
326.9	89.8
327	88.7
327.2	86
327.2	85.4
327.3	87.6
327.3	89.3
327.3	89.8
327.4	90.9
327.5	91.5
327.6	91.5
327.8	90.4
327.9	88.7
328	87.1
328	86.5
328	86
328.1	84.9
328.1	84.9
328.3	85.4
328.4	86.5
328.4	88.7
328.5	90.9
328.6	91.5
328.6	93.1
328.6	93.6
328.7	94.2
328.7	94.7
328.8	94.7
328.9	93.6
329	92.5
329	92
329.2	93.6
329.4	94.2
329.5	94.2
329.5	93.1
329.6	90.9
329.6	90.4
329.6	89.8
329.7	88.2
329.8	87.6
329.9	87.6
329.9	87.6
330	89.3
330	90.9
330.1	93.1
330.3	94.7
330.3	94.7
330.4	93.6
330.5	96.4
330.5	96.4
330.7	98
330.7	98.6
330.8	99.1
330.8	99.1
330.9	98.6
331.1	97.5
331.1	95.3
331.1	93.1
331.1	91.5
331.2	90.9
331.2	90.4
331.3	87.6
331.4	86.5
331.6	86.5
331.7	88.7
331.7	92
331.7	93.1
331.7	94.2
331.7	95.3
331.9	94.7
332	94.2
332.2	98
332.3	99.1
332.5	102.9
332.6	104
332.7	106.2
332.7	106.2
332.7	106.7
332.7	106.7
332.9	105.1
333	102.4
333.1	100.7
333.1	99.6
333.2	98.6
333.2	96.9
333.3	95.3
333.4	93.6
333.6	91.5
333.6	92
333.7	93.6
333.7	94.2
333.8	94.2
334	94.7
334.1	94.7
334.1	94.7
334.2	94.7
334.3	92.5
334.3	92
334.4	92
334.5	92.5
334.6	93.6
334.6	94.2
334.7	94.7
334.8	95.8
334.8	95.8
335	94.7
335	96.9
335	98
335	98
335.1	98.6
335.2	98.6
335.3	98
335.6	97.5
335.8	98
335.9	99.1
335.9	99.6
336.3	100.2
336.3	100.2
336.3	98
336.3	96.9
336.3	95.8
336.4	93.6
336.4	93.6
336.5	92
336.5	91.5
336.5	90.4
336.5	89.3
336.7	87.6
336.8	86.5
336.8	86
336.9	87.6
337	88.2
337	89.3
337.1	90.4
337.3	90.9
337.4	88.7
337.4	88.2
337.4	87.1
337.5	86
337.6	86
337.7	86
337.9	87.6
338	88.2
338	88.7
338.1	89.3
338.2	90.4
338.2	90.4
338.3	92
338.3	92.5
338.3	94.7
338.3	95.8
338.4	96.4
338.5	95.3
338.6	92.5
338.8	90.9
338.8	90.4
339	92.5
339.1	92.5
339.2	92.5
339.2	92.5
339.2	95.8
339.2	97.5
339.3	97.5
339.5	96.9
339.6	95.8
339.6	95.8
339.6	94.7
339.7	93.1
339.8	92.5
339.9	93.1
339.9	93.1
340	93.1
340.1	94.7
340.2	96.4
340.4	96.9
340.5	97.5
340.6	97.5
340.7	96.9
340.8	96.4
340.9	95.8
340.9	94.7
340.9	93.6
340.9	93.1
341	93.1
341.1	93.1
341.2	93.1
341.3	92.5
341.5	92
341.5	92
341.6	93.1
341.6	93.6
341.7	94.2
341.8	93.1
341.9	92
341.9	91.5
341.9	90.9
342	90.4
342.2	93.6
342.2	93.6
342.3	94.2
342.4	95.3
342.6	96.4
342.7	95.8
342.9	94.7
343	94.2
343.2	95.8
343.2	96.4
343.2	98
343.2	99.6
343.3	101.3
343.5	101.3
343.5	99.1
343.5	98.6
343.5	97.5
343.5	96.9
343.5	95.3
343.6	94.7
343.6	94.2
343.7	93.6
343.8	93.6
343.8	92.5
344	93.1
344	95.8
344	96.4
344	97.5
344.1	98
344.2	99.1
344.3	100.2
344.4	100.2
344.5	98.6
344.6	97.5
344.6	96.4
344.6	95.3
344.6	93.6
344.6	93.1
344.8	90.9
344.8	90.9
344.8	92.5
344.9	92.5
345	93.1
345.1	94.7
345.1	98
345.1	98
345.1	98.6
345.2	96.9
345.4	95.8
345.5	96.9
345.5	98.6
345.6	98.6
345.6	98.6
345.6	98.6
345.7	98.6
345.7	98.6
345.9	97.5
346	96.9
346.1	95.8
346.1	95.8
346.2	95.3
346.2	95.3
346.3	95.3
346.4	95.3
346.5	96.9
346.5	97.5
346.6	98.6
346.6	99.1
346.7	99.1
346.7	98.6
346.8	96.9
346.8	94.7
346.8	92.5
346.8	92.5
346.9	90.9
346.9	90.4
346.9	88.2
346.9	87.6
347.2	87.1
347.3	88.7
347.3	92
347.4	93.1
347.5	93.1
347.6	93.1
347.6	92.5
347.6	91.5
347.8	90.9
347.9	90.9
348	90.9
348.1	92
348.1	95.3
348.2	95.8
348.2	97.5
348.4	101.3
348.5	102.9
348.5	102.9
348.5	103.5
348.5	103.5
348.6	102.9
348.7	100.7
348.7	100.2
348.8	98.6
348.8	98.6
348.8	96.9
348.8	95.8
348.9	93.1
349	92
349	91.5
349.1	90.4
349.2	89.3
349.2	88.2
349.3	88.2
349.5	86.5
349.7	84.9
349.7	86
349.8	89.8
349.8	89.8
349.9	92
350	94.2
350	96.4
350.1	96.9
350.2	98
350.2	99.1
350.3	100.2
350.4	102.4
350.4	102.9
350.4	102.4
350.5	101.3
350	98
350	98.6
350.1	99.1
350.1	99.1
350.2	99.1
350.2	100.2
350.2	100.2
350.3	100.7
350.3	101.8
350.5	102.9
350.5	101.8
350.6	100.7
350.6	99.1
350.6	98
350.6	95.3
350.7	94.7
350.7	93.6
350.8	91.5
350.9	91.5
350.9	91.5
350.9	91.5
351	92
351.1	91.5
351.2	88.7
351.2	87.6
351.3	87.6
351.4	89.3
351.4	90.9
351.5	92.5
351.5	94.7
351.5	95.8
351.6	97.5
351.7	99.1
351.7	99.6
351.8	101.3
351.8	101.3
351.9	101.8
352	101.8
352.1	99.6
352.1	99.1
352.1	96.4
352.2	93.6
352.2	92
352.4	89.8
352.4	87.6
352.4	87.6
352.4	86.5
352.5	87.1
352.5	90.4
352.5	93.6
352.5	94.7
352.6	96.4
352.6	97.5
352.7	99.1
352.7	100.2
352.7	100.7
352.8	100.7
352.9	101.3
353	100.2
353	98
353.1	96.4
353.1	95.3
353.1	95.3
353.1	94.7
353.3	95.3
353.3	95.3
353.4	95.3
353.5	93.6
353.5	92
353.6	90.9
353.7	91.5
353.7	92.5
353.8	94.7
353.9	96.4
354.1	98
354.2	99.6
354.2	102.4
354.2	105.1
354.2	105.7
354.3	107.3
354.4	107.3
354.4	107.3
354.5	105.1
354.6	104.6
354.6	102.9
354.7	101.3
354.7	100.2
354.8	99.6
355	99.6
355	100.7
355.1	101.8
355.1	101.8
355.2	101.8
355.3	100.2
355.3	99.6
355.3	99.1
355.4	99.1
355.5	100.7
355.5	101.3
355.6	101.8
355.6	102.4
355.6	102.4
355.6	102.4
355.6	102.4
355.7	101.8
355.7	100.7
355.8	98
355.9	96.4
356.1	94.7
356.2	96.4
356.2	99.6
356.4	101.8
356.5	104
356.7	107.8
356.7	107.8
356.7	108.4
356.7	108.9
356.9	106.7
356.9	104
357	101.8
357.2	104
357.2	105.1
357.4	105.1
357.5	101.8
357.7	95.8
357.7	91.5
357.8	83.8
357.8	82.2
357.9	72.9
358.1	68.5
358.2	68
358.1	66.9
358.1	65.8
358.2	64.7
358.3	64.7
358.4	69.1
358.6	70.1
358.7	71.2
358.8	71.2
358.8	70.7
358.8	69.1
358.9	68.5
358.9	68.5
359	68.5
359	66.3
359.1	65.8
359.1	65.8
359.3	64.7
359.5	64.7
359.6	65.2
359.7	67.4
359.8	69.6
359.8	70.1
359.8	71.8
359.8	73.4
359.8	75.1
359.8	75.6
359.8	76.2
359.9	76.7
360	76.7
360.1	76.2
360.1	74
360.2	72.3
360.3	70.1
360.4	70.1
360.4	67.4
360.6	56.5
360.6	53.8
360.6	49.9
360.6	47.2
360.6	46.7
360.8	40.1
360.9	36.3
360.9	33.6
360.9	32.5
360.9	29.7
361	27.5
361.1	25.4
361.1	24.8
361.2	23.7
361.3	23.7
361.3	23.7
361.4	24.3
361.4	24.3
361.7	22.6
361.7	22.6
361.9	22.6
361.9	24.8
362	24.8
362	23.2
362.1	22.6
362.2	21.5
362.2	21.5
362.3	21
362.4	20.4
362.5	19.9
362.5	19.9
362.8	21
362.8	21
362.9	22.1
363.1	22.6
363.1	21
363.1	20.4
363.3	20.4
363.4	23.2
363.4	25.9
363.6	25.9
363.7	24.3
363.8	24.3
363.8	24.8
363.8	27
363.8	27.5
363.9	27.5
364	27.5
364.2	27
364.3	25.9
364.3	25.4
364.3	24.8
364.4	23.7
364.5	23.7
364.6	24.3
364.7	24.8
364.9	25.4
365.2	27.5
365.2	29.2
365.3	30.8
365.5	30.8
365.6	29.2
365.6	27.5
365.8	27.5
365.9	28.1
366	29.2
366.1	30.8
366.2	34.1
366.5	35.2
366.6	35.2
366.7	33.6
366.8	30.3
366.8	30.3
366.9	28.6
367	27.5
367.2	25.9
367.3	25.9
367.7	27.5
367.8	27.5
367.8	27
367.9	25.9
368.1	26.5
368.1	28.6
368.2	30.8
368.4	32.5
368.4	34.1
368.5	34.1
368.5	34.1
368.6	33.6
368.8	31.4
369	30.3
369	28.6
369.1	29.2
369.1	30.3
369.3	32.5
369.3	32.5
369.4	31.4
369.5	30.8
369.6	32.5
369.8	33
369.9	31.9
369.9	30.8
370.1	29.7
370.2	28.6
370.2	28.1
370.2	27
370.3	25.9
370.4	25.9
370.6	28.1
370.6	28.6
370.8	31.4
370.8	33
370.8	36.3
370.8	36.3
370.8	36.8
370.9	35.7
371	33
371.1	31.4
371.1	30.3
371.1	29.7
371.2	28.6
371.2	27.5
371.4	28.1
371.4	30.3
371.5	30.3
371.7	30.3
371.7	30.3
371.7	30.3
371.8	28.6
371.9	28.1
372.2	28.1
372.4	29.2
372.5	29.7
372.7	31.4
372.8	33.6
372.8	35.7
372.9	37.9
372.9	40.1
373	40.1
373.1	39
373.2	39
373.3	38.5
373.3	37.4
373.5	35.2
373.7	33.6
373.7	33
373.8	32.5
373.8	30.8
374	30.3
374.1	32.5
374.2	33.6
374.3	35.2
374.5	36.8
374.5	36.8
374.7	36.8
374.7	36.8
374.8	35.7
374.9	35.2
375.1	34.6
375.2	33.6
375.3	35.2
375.5	37.4
375.5	39
375.4	34.1
375.6	34.6
375.7	35.2
375.7	35.2
375.7	37.4
375.8	37.9
375.9	37.9
375.9	37.4
376.1	35.2
376.1	34.6
376.2	34.1
376.2	33.6
376.3	33.6
376.4	33
376.5	34.6
376.6	35.7
376.7	37.4
376.7	37.4
376.9	39
376.9	39.6
377	40.1
377.1	40.7
377.2	40.1
377.3	39.6
377.3	38.5
377.5	37.4
377.5	36.8
377.8	35.7
378	35.7
378.1	35.7
378.3	35.2
378.3	35.2
378.4	34.6
378.4	34.6
378.4	33.6
378.5	31.9
378.6	30.8
378.8	30.3
378.8	30.8
378.9	31.9
378.9	33
379	34.1
379.2	33
379.2	32.5
379.2	31.4
379.3	29.2
379.5	28.1
379.7	30.8
379.7	31.9
379.7	33.6
379.8	34.6
379.8	34.6
379.8	34.6
379.9	33.6
380	31.9
380.1	30.8
380.2	29.7
380.2	29.2
380.3	29.2
380.4	31.4
380.4	31.9
380.4	33
380.6	31.9
380.6	31.4
380.6	31.9
380.6	34.1
380.6	34.6
380.7	36.3
380.8	37.4
380.9	37.4
380.9	37.9
381	38.5
381.1	38.5
381.2	37.4
381.2	36.3
381.5	36.3
381.6	36.3
381.6	36.3
381.6	36.8
381.8	37.4
381.8	37.4
381.9	37.4
381.9	37.4
382.1	36.3
382.1	36.3
382.2	35.7
382.2	35.2
382.2	34.6
382.4	34.6
382.6	34.6
382.7	34.6
382.7	33
382.8	31.9
382.9	33
382.9	34.6
383.1	35.2
383.4	33.6
383.6	33.6
383.9	31.4
383.9	30.3
384.2	29.7
384.2	29.2
384.4	28.6
384.5	27
384.5	25.9
384.6	25.4
384.7	24.3
384.7	23.7
384.8	25.9
384.9	26.5
385	25.4
385.2	23.7
385.2	21.5
385.3	20.4
385.5	20.4
385.7	22.1
385.9	23.2
386	24.3
386.1	25.4
386.2	25.9
386.4	25.9
386.4	25.4
386.4	24.8
386.4	23.7
386.4	23.7
386.4	23.2
386.6	22.1
386.6	21.5
386.7	19.9
386.9	18.3
387	20.4
387.2	21
387.5	21
387.6	21
387.8	18.3
388	17.7
388.1	18.8
388.3	19.9
388.3	20.4
388.5	17.7
388.7	16.1
388.7	15.5
388.9	12.8
389.2	9
389.2	9
389.3	9
389.4	8.4
389.5	8.4
389.7	7.9
390	8.4
390.2	8.4
390.5	10.1
390.7	11.2
390.8	11.7
390.9	13.9
391.1	17.7
391.1	18.3
391.1	21
391.1	23.2
391.1	25.4
391.2	31.4
391.2	31.4
391.2	31.9
391.3	35.2
391.5	39
391.6	41.7
391.8	47.2
391.8	48.3
392	51
392.1	54.9
392.1	57.6
392.2	60.9
392.3	63
392.4	65.2
392.5	66.3
392.5	68
392.6	68
392.6	66.3
392.7	64.7
393	62.5
393	62
393.2	62.5
393.2	65.2
393.2	65.8
393.2	68
393.5	68
393.6	68
393.6	65.2
393.5	64.7
393.4	63
393.4	60.3
393.5	58.1
393.7	54.3
393.8	52.7
393.9	51.6
394	53.8
394.3	53.8
394.3	53.8
394.4	53.8
394.6	55.4
394.6	57
394.6	59.2
394.6	59.8
394.7	62.5
394.8	64.7
394.9	68.5
395	68.5
395	66.3
395.1	66.3
395.1	65.2
395.1	65.8
395.2	67.4
395.2	67.4
395.3	64.1
395.4	63
395.5	63.6
395.6	65.8
395.7	68
395.8	70.1
395.8	71.2
395.9	72.9
395.9	72.9
396	74.5
396	76.7
396.1	79.4
396.3	82.2
396.3	86.5
396.4	87.6
396.4	84.9
396.5	81.6
396.6	78.3
396.7	75.1
396.8	72.3
396.8	70.1
396.8	69.1
396.9	66.9
396.9	65.8
396.9	65.8
396.9	64.1
397	60.9
397.1	53.8
397.2	52.7
397.2	51.6
397.2	51
397.3	49.9
397.4	49.9
397.4	50.5
397.5	51.6
397.5	52.1
397.6	51.6
397.7	50.5
397.8	48.8
397.8	48.8
397.9	48.8
397.9	48.8
397.9	48.3
398	47.8
398.1	46.1
398.1	45.6
398.2	44.5
398.3	45
398.3	45.6
398.3	48.3
398.4	50.5
398.4	51
398.5	52.7
398.5	54.9
398.6	55.9
398.6	55.9
398.7	54.3
398.8	51.6
398.8	51
398.9	52.1
398.9	53.2
399	53.2
399	53.8
399	53.8
399.3	54.3
399.3	55.4
399.3	56.5
399.5	55.9
399.5	54.9
399.6	53.2
399.6	52.7
399.6	52.1
399.6	50.5
399.7	50.5
399.7	49.4
399.8	47.2
399.8	46.7
399.9	44.5
399.9	44.5
400	43.9
400	43.4
400.2	43.4
400.3	42.8
400.4	42.8
400.4	41.2
400.4	40.1
400.5	39.6
400.5	37.9
400.6	36.3
400.6	33
400.6	33
400.6	32.5
400.5	29.7
400.5	26.5
400.5	25.9
400.6	24.3
400.7	22.1
400.7	22.1
400.8	20.4
400.9	19.4
400.9	18.8
401	18.8
401.1	18.8
401.3	18.8
401.4	19.9
401.5	21
401.5	21.5
401.6	19.4
401.6	18.3
401.7	16.6
401.9	16.6
402.1	17.7
402.2	19.9
402.2	21
402.2	23.2
402.2	24.3
402.3	25.9
402.4	29.7
402.4	30.8
402.5	32.5
402.5	34.6
402.5	34.6
402.6	36.8
402.7	38.5
402.7	40.1
402.8	41.2
402.8	41.7
402.9	42.3
402.9	42.8
402.9	43.4
403	43.9
403.1	45.6
403.1	46.1
403.2	47.2
403.2	48.8
403.2	49.4
403.2	50.5
403.2	51
403.2	51
403.4	53.8
403.4	53.8
403.4	53.8
403.5	53.2
403.6	52.1
403.6	49.4
403.7	51
403.7	51.6
403.9	54.9
404.1	54.9
404.2	55.4
404.2	56.5
404.3	59.2
404.4	59.8
404.6	57.6
404.7	57.6
405	63.6
405.1	64.1
405.2	63
405.3	59.2
405.3	56.5
405.4	53.8
405.4	51
405.5	48.8
405.5	48.3
405.6	44.5
405.6	42.8
405.6	42.3
405.6	40.1
405.6	37.9
405.7	35.7
405.7	34.6
405.7	33
405.8	31.9
405.9	30.8
406.1	29.7
406.1	29.2
406.2	27.5
406.2	28.1
406.3	30.3
406.4	30.8
406.6	30.3
406.7	29.7
406.9	28.1
407	27
407.2	27
407.3	29.7
407.5	32.5
407.6	34.1
407.7	34.6
407.8	33
407.8	29.7
407.8	28.6
407.9	25.9
408	23.7
408	23.2
408.1	22.6
408.4	25.4
408.4	26.5
408.5	28.1
408.6	30.8
408.7	32.5
408.8	33.6
408.9	35.7
408.9	37.9
409	37.9
409.1	35.2
409.1	34.1
409.3	31.9
409.3	28.6
409.4	26.5
409.4	23.7
409.6	21.5
409.6	21.5
409.7	24.3
409.8	27
409.9	29.2
410	29.7
410.1	30.8
410.1	31.4
410.1	33
410.3	34.1
410.3	34.6
410.3	34.6
410.4	36.3
410.5	36.3
410.6	37.4
410.8	36.3
410.8	36.3
410.8	35.7
410.9	37.9
411.2	40.1
411.3	40.7
411.3	41.7
411.3	42.8
411.3	43.4
411.4	42.8
411.5	40.7
411.7	42.3
411.7	42.3
411.8	41.2
411.8	39.6
411.9	39.6
412	39.6
412	39.6
412.2	39
412.2	39
412.2	37.9
412.3	35.7
412.4	33.6
412.5	33.6
412.7	34.6
412.8	36.3
412.8	36.8
412.9	35.7
413	34.1
413.2	33
413.2	33
413.4	31.4
413.4	29.7
413.4	29.2
413.4	27.5
413.5	25.4
413.6	24.8
413.6	24.3
413.8	24.8
413.9	25.9
414.1	27.5
414.2	30.3
414.3	33
414.4	34.1
414.4	34.6
414.5	35.7
414.6	34.1
414.6	33.6
414.6	31.9
414.7	32.5
414.7	32.5
414.7	33
414.8	33
414.8	34.1
414.9	34.6
415	34.6
415	33
415.1	33.6
415.1	34.1
415.2	34.6
415.2	35.2
415.3	35.2
415.4	35.2
415.5	34.1
415.6	33.6
415.7	34.6
415.7	35.7
415.8	37.9
415.8	39
415.9	40.7
416	41.7
416.1	42.8
416.2	45
416.2	45
416.2	45
416.3	43.4
416.4	41.7
416.5	40.1
416.5	39.6
416.6	37.9
416.8	36.8
416.9	36.3
417	36.3
417	37.4
417.2	37.9
417.2	37.9
417.3	37.4
417.3	35.7
417.6	35.7
417.7	35.7
417.7	35.7
417.8	35.2
417.8	34.6
418	34.6
418.1	35.2
418.4	37.4
418.4	38.5
418.6	40.1
418.6	35.2
418.6	34.1
418.7	34.1
418.7	33
418.9	33
419	33.6
419.2	35.2
419.3	38.5
419.4	38.5
419.5	37.9
419.5	36.8
419.6	36.3
419.7	35.7
419.9	35.7
420	36.8
420.1	36.3
420.3	36.3
420.3	36.3
420.4	34.6
420.5	34.6
420.5	37.4
420.6	38.5
420.8	39
420.8	37.9
420.9	35.7
421	34.1
421.1	32.5
421.1	32.5
421.3	31.9
421.3	32.5
421.4	34.1
421.4	35.2
421.6	35.2
421.6	35.2
421.8	35.2
422	34.6
422.1	34.1
422.2	34.1
422.3	36.8
422.5	37.4
422.6	39
422.6	38.5
422.8	36.3
422.8	35.7
422.8	33.6
422.8	33.6
423	34.1
423.1	34.6
423.3	34.6
423.4	34.6
423.5	33.6
423.5	33.6
423.5	33
423.7	31.9
423.7	31.9
423.8	31.9
423.9	33
423.9	33.6
423.9	34.6
424	35.7
424	36.8
424.2	38.5
424.2	38.5
424.2	39.6
424.3	39.6
424.3	39.6
424.5	39.6
424.5	37.9
424.5	36.8
424.5	36.3
424.5	34.6
424.7	34.6
424.7	34.6
424.8	36.3
424.9	38.5
424.9	39.6
425	40.7
425	41.7
425	42.8
425.2	43.4
425.2	43.9
425.3	44.5
425.4	43.9
425.6	42.3
425.6	42.3
425.8	39.6
425.8	39
425.8	39
425.9	39.6
426	42.8
426	43.9
426	44.5
426	44.5
426.1	45
426.2	43.9
426.4	42.3
426.5	41.2
426.5	40.1
426.5	38.5
426.6	38.5
426.8	37.4
426.9	37.4
427	38.5
427	43.4
427.1	43.9
427.2	42.8
427.2	42.8
427.3	42.8
427.3	43.9
427.4	46.1
427.4	48.3
427.4	49.4
427.5	47.8
427.5	47.2
427.6	47.2
427.6	48.8
427.6	49.9
427.7	51.6
427.8	49.9
427.9	48.8
428	46.7
428	45.6
428.1	45.6
428.1	43.4
428.4	41.7
428.4	45
428.4	46.1
428.5	46.7
428.6	45.6
428.7	45
428.8	44.5
428.8	44.5
428.9	44.5
429	46.7
429	46.7
429	49.4
429	51
429	51
429.1	52.7
429.2	53.8
429.3	54.9
429.4	53.2
429.5	50.5
429.6	48.8
429.7	46.7
429.8	45.6
429.8	48.8
429.8	48.8
429.8	48.3
429.9	47.8
430	47.8
430	47.2
430.1	44.5
430.4	43.9
430.5	45.6
430.5	46.7
430.6	47.8
430.6	47.8
430.8	47.2
430.9	45
430.9	43.9
431	42.3
431.2	41.7
431.2	42.3
431.2	43.9
431.2	45
431.3	45
431.4	45
431.5	44.5
431.5	42.8
431.6	41.7
432	41.2
432	41.2
432.1	41.7
432.2	41.7
432.2	41.7
432.3	43.4
432.3	45
432.3	45
432.4	45.6
432.5	48.8
432.5	49.4
432.5	49.9
432.6	48.8
432.6	47.8
432.7	47.2
432.7	46.7
432.8	46.1
432.9	45
433	43.4
433.1	41.7
433.4	40.7
433.5	39.6
433.6	39.6
433.6	40.7
433.8	42.3
434	44.5
434	47.2
434	50.5
434	53.8
434.1	56.5
434.3	59.2
434.4	61.4
434.4	62.5
434.4	63
434.4	64.1
434.5	61.4
434.5	61.4
434.6	62.5
434.6	63
434.6	64.7
434.7	61.4
434.8	60.9
435	60.9
435	60.3
435	57.6
435.1	54.9
435.3	51.6
435.6	50.5
435.6	51
435.7	53.8
435.8	55.4
436.1	56.5
436.3	55.9
436.6	53.2
436.7	52.1
436.8	50.5
437	48.3
437	47.2
437.1	43.9
437.2	40.7
437.3	39
437.4	35.2
437.4	33.6
437.4	31.4
437.5	29.2
437.6	27
437.6	27
437.7	27
437.8	28.1
437.9	29.2
438	29.7
438	28.6
438.1	26.5
438.2	25.4
438.5	25.4
438.6	24.8
438.7	24.8
438.9	24.8
439.1	23.7
439.3	21
439.6	19.4
439.9	18.8
440	18.8
440.2	18.8
440.3	18.3
440.4	20.4
440.7	22.6
440.7	21
440.8	21
440.9	20.4
441	21.5
441.1	22.1
441.3	25.4
441.4	27
441.5	28.6
441.7	29.2
441.9	28.1
442	27
442.1	27.5
442.3	26.5
442.3	24.8
442.3	24.8
442.5	24.3
442.7	24.3
442.9	25.9
443	26.5
443	28.1
443.1	29.7
443.2	29.7
443.3	28.1
443.4	27.5
443.5	27.5
443.6	29.2
443.6	29.7
443.7	31.9
443.7	34.1
443.9	34.6
444.1	32.5
444.2	31.9
444.3	34.1
444.4	35.7
444.6	37.4
444.6	39
444.8	39
444.9	39
445	40.1
445	44.5
445.2	46.7
445.3	48.8
445.4	50.5
445.4	51
445.4	53.2
445.4	54.9
445.4	55.9
445.4	57
445.4	59.8
445.4	60.3
445.4	61.4
445.5	63
445.5	63.6
445.5	63.6
445.6	60.3
445.6	59.8
445.8	57.6
445.9	57.6
445.9	57.6
446.1	59.2
446.3	59.8
446.4	59.8
446.6	61.4
446.8	65.2
446.8	65.8
447.1	69.1
446.8	71.2
447	72.3
447	73.4
447.1	75.1
447.1	78.3
447.2	79.4
447.2	80.5
447.2	82.2
447.3	83.3
447.5	83.8
447.6	85.4
447.7	93.1
447.7	98.6
447.9	107.3
447.9	110.6
447.9	116.6
448	123.7
448	128
447.9	133
447.9	138.4
447.9	143.9
447.9	148.3
447.9	151.5
448	156.5
448.1	157
448.2	157.5
448.2	157.5
448.3	151.5
448.3	144.4
448.3	141.2
448.3	137.3
448.3	130.8
448.3	124.8
448.3	122
448.3	121.5
448.3	116
448.5	113.3
448.6	111.7
448.6	111.7
448.7	107.8
448.9	102.4
448.9	93.1
448.9	87.6
448.9	78.9
449	74
449	68.5
449.1	67.4
449.2	65.8
449.2	59.8
449.2	54.9
449.2	51.6
449.2	47.8
449.1	41.2
449.2	39
449.2	38.5
449.4	36.8
449.4	31.9
449.4	29.2
449.4	26.5
449.5	23.7
449.6	23.2
449.6	22.6
449.7	22.6
449.8	23.2
449.8	23.7
449.9	24.3
450	22.6
450.1	21
450.3	21
450.4	22.6
450.4	23.2
450.5	23.7
450.6	23.7
451	25.4
451	25.9
451	29.2
451.2	34.6
451.2	36.8
451.4	46.1
451.4	50.5
451.4	51.6
451.5	56.5
451.5	69.1
451.5	71.8
451.5	75.1
451.5	87.6
451.5	96.4
451.5	96.9
451.6	99.6
451.6	106.2
451.6	116
451.6	124.8
451.6	129.7
451.7	136.8
451.7	145
451.7	147.2
451.7	149.9
451.6	155.4
451.6	157.5
452.2	158.2
452.2	152.7
452.2	140.5
452.2	138.8
452.1	132.2
452.1	121.7
452.2	106.3
452.3	92.5
452.3	75.3
452.3	74.2
452.3	71.5
452.3	63.8
452.5	58.8
452.5	53.8
452.5	47.2
452.5	46.1
452.6	37.2
452.6	31.7
452.5	23.4
452.5	35
452.6	34.5
452.6	30.1
452.6	26.2
452.6	23.4
452.7	20.1
452.7	20.1
452.8	17.4
452.8	14.6
452.9	11.8
453.1	10.2
453.3	11.3
453.5	12.9
453.6	13.5
453.9	16.8
454	17.4
454.1	16.3
454.2	15.7
454.4	15.2
454.6	14.6
455	14.6
455	15.2
455.3	15.2
455.5	14.6
455.8	14.6
456.1	14.1
456.3	14.1
456.6	15.7
456.8	18.5
456.9	19.6
456.9	20.7
457.1	19
457.1	18.5
457.1	17.4
457.2	15.7
457.3	14.6
457.5	14.6
457.6	16.8
457.7	16.8
457.8	15.7
458	15.2
458.2	14.6
458.4	14.6
458.7	13.5
458.8	15.2
458.8	16.3
458.9	16.3
459	14.6
459.1	12.4
459.3	11.8
459.4	11.8
459.5	11.8
459.9	11.8
459.9	11.8
460.2	12.4
460.4	12.4
460.5	12.4
460.7	12.9
460.9	11.8
461	11.3
461.2	10.2
461.3	9.6
461.4	12.4
461.4	12.9
461.5	12.9
461.9	12.4
461.9	12.4
462.3	14.1
462.4	15.7
462.4	17.4
462.5	17.9
462.6	16.3
462.9	14.1
463	12.9
463.3	16.8
463.6	20.1
464	24
464.1	26.2
464.2	28.4
464.2	30.6
464.3	33.4
464.5	43.3
464.4	47.7
464.5	56.6
464.6	60.4
464.5	66
464.5	68.7
464.5	73.1
464.6	74.8
464.7	76.5
464.8	78.1
465	80.3
465	80.9
465	84.2
465.3	90.8
465.3	90.8
465.3	93.6
465.3	95.2
465.3	98
465.3	99.6
465.3	100.7
465.3	100.7
465.4	98.5
465.5	97.4
465.6	100.2
465.7	101.9
465.8	102.4
465.8	102.4
465.9	103
465.9	100.7
466	100.7
466.1	100.7
466.1	99.1
466.2	94.7
466.4	93.6
466.4	93
466.5	91.9
466.6	92.5
466.6	93
466.9	95.8
466.9	95.8
467	94.7
467.3	93.6
467.3	93.6
467.5	91.4
467.7	93
467.8	93.6
467.9	96.3
467.9	97.4
468	98
468	97.4
468	97.4
468	96.9
468	96.3
468.1	95.8
468.2	97.4
468.3	99.6
468.4	102.4
468.5	104.1
468.6	104.1
468.7	101.3
468.7	100.7
468.8	98
468.9	95.8
469.1	98
469.1	99.1
469.3	103
469.3	105.2
469.4	105.7
469.5	104.6
469.5	102.4
469.6	99.6
469.8	99.1
469.9	100.7
469.9	102.4
469.9	103
469.9	103.5
469.9	104.6
469.9	105.2
469.9	105.2
470	105.2
470	105.2
470.1	105.2
470.1	105.2