31.5	43.5
31.6	43.5
31.7	43.3
32	42.7
32	42.7
32.5	42.2
32.5	41.9
32.6	41.7
32.7	41.2
32.8	40.9
33	40.9
33	40.9
33.1	40.9
33.3	41.4
33.4	42.7
33.4	46.1
33.4	47.2
33.4	47.9
33.4	48.7
33.4	49.8
33.5	51.1
33.6	52.4
33.7	53.9
33.7	55.5
33.7	56.6
33.8	58.4
33.8	60.2
33.9	61.8
34	63.3
34.1	64.1
34.1	64.1
34.2	63.9
34.2	62.6
34.2	61
34.2	59.9
34.2	58.9
34.2	57.6
34.2	56.3
34.3	55.3
34.3	54.2
34.3	53.7
34.3	52.6
34.3	51.3
34.3	50.3
34.3	49.8
34.4	49
34.5	48.5
34.5	47.7
34.6	47.2
34.6	46.6
34.6	47.9
34.8	49.3
34.9	49.8
34.9	50.6
34.9	52.4
35	53.4
35.1	54.5
35.1	54.7
35.1	56.8
35.1	57.1
35.1	58.1
35.3	61
35.3	63.1
35.3	65.7
35.3	65.7
35.3	67.3
35.3	67.5
35.4	69.1
35.4	69.1
35.4	69.9
35.7	70.6
35.7	70.6
35.9	70.9
36	72.2
36.1	73.3
36.1	73.8
36	74.6
36	75.3
36.3	75.3
36.4	73
36.5	72.2
36.6	72.2
36.8	73
36.8	73.3
36.8	74
36.8	74.6
36.8	75.6
36.8	78.5
36.8	79.5
36.8	80.6
36.8	83.7
36.9	85.5
36.9	86.8
36.9	88.6
36.9	91.3
37	93.6
37.1	96
37.1	96.5
37.2	97.8
37.2	97.8
37.2	98.6
37.3	98.6
37.5	97.3
37.5	96.7
37.6	96.7
37.7	97.5
37.7	98.6
37.8	99.3
37.8	99.3
37.8	100.4
37.9	101.4
37.9	102.2
38	104
38	105.6
38	106.9
38	108.7
38	109
38.1	110.8
38.2	111.9
38.2	112.6
38.3	113.2
38.3	113.7
38.3	114.7
38.4	115.8
38.4	116.8
38.5	117.3
38.5	118.1
38.5	118.9
38.6	119.4
38.6	119.7
38.6	119.7
38.7	120.2
38.7	120.7
38.7	121
38.8	120
38.9	119.4
38.9	119.4
39.1	119.2
39.2	118.6
39.3	117.6
39.3	116.6
39.4	115.8
39.5	115.5
39.5	115.3
39.6	115.3
39.6	117.3
39.6	118.4
39.7	120.7
39.7	121.3
39.8	121.8
40	122
40	119.7
40	117.1
40	115.3
40.1	115
40.1	112.1
40.1	111.3
40.1	110.3
40.2	108.5
40.2	108
40.2	105.3
40.4	104
40.4	105.9
40.5	106.4
40.5	108
40.6	108.7
40.6	109.3
40.8	108.2
40.8	108
40.9	104.3
40.9	103.8
40.9	101.7
40.9	100.9
40.9	100.1
41	98
41	95.4
41	94.1
41	93.6
41	92.6
41	90.5
41	88.9
41	88.1
41	86.3
41.1	85.3
41.2	84
41.2	83.4
41.2	82.6
41.3	81.6
41.3	80
41.4	78.5
41.4	77.7
41.4	77.4
41.5	76.9
41.6	77.7
41.6	78.7
41.6	81.6
41.7	84
41.7	85.8
41.7	86.8
41.8	87.1
41.9	86
41.9	86
42	87.6
42	87.9
42.1	91
42.1	96
42.1	98
42.2	101.7
42.3	104
42.3	108
42.3	112.4
42.3	112.6
42.3	116.3
42.3	118.9
42.3	120
42.3	121.5
42.3	124.1
42.4	126.2
42.5	129.1
42.5	130.4
42.5	130.4
42.5	131.4
42.5	131.4
42.6	132.2
42.7	132.5
42.9	129.6
42.9	129.3
43	128.8
43.1	129.1
43.1	130.4
43.2	130.6
43.4	127.8
43.5	125.7
43.6	126.7
43.7	128
43.7	128
43.8	127.8
43.9	127
43.9	126
44	125.4
44.2	126.2
44.2	126.5
44.3	125.2
44.3	124.9
44.4	123.6
44.4	122.3
44.5	120.2
44.5	117.9
44.6	116.3
44.6	114.7
44.7	113.7
44.9	114.7
44.9	118.1
45.1	121.3
45.1	124.1
45.1	125.4
45.1	125.4
45.1	125.7
45.3	125.4
45.4	124.4
45.4	122
45.5	118.6
45.5	116
45.6	114
45.7	111.9
45.7	111.3
45.7	110.6
45.9	108.7
46	110.3
46.1	111.3
46.1	111.3
46.4	112.4
46.5	109.3
46.6	106.9
46.7	104.6
46.7	103.3
46.8	100.4
46.8	98.8
46.8	98.3
46.9	100.4
47.1	104.6
47.1	105.1
47.1	106.4
47.2	109.3
47.2	111.1
47.2	113.4
47.2	114.5
47.3	114.5
47.3	113.7
47.3	112.9
47.4	111.6
47.6	109.5
47.7	108.5
47.7	106.4
47.7	106.1
47.9	105.9
48	106.6
48	108.7
48	111.1
48.1	112.9
48.2	114
48.4	114.7
48.5	114.5
48.5	112.1
48.6	107.4
48.6	103.3
48.6	100.1
48.6	97.5
48.6	96.5
48.6	93.9
48.8	91.5
48.9	87.6
48.9	85
48.9	82.6
48.9	80.8
48.9	78.7
49	76.1
49.3	72.7
49.3	70.1
49.3	65.9
49.4	64.9
49.4	62.6
49.4	62
49.4	59.7
49.4	58.6
49.4	56.8
49.5	53.9
49.7	52.1
49.7	50.3
49.7	50.3
49.7	49
49.7	48.7
49.8	47.7
49.8	47.4
49.9	46.9
50	46.1
50.1	45.3
50.1	45.1
50.2	44
50.2	43.5
50.3	43
50.5	41.4
50.6	40.6
50.6	40.6
50.5	39.6
50.5	38.6
50.6	38
50.9	39.1
51	40.9
51	41.2
51	42.7
51.1	47.2
51.1	51.1
51.1	53.9
51.3	56
51.3	56
51.4	59.7
51.4	60.7
51.4	65.4
51.4	68.3
51.3	76.4
51.3	83.2
51.4	84.2
51.4	85.8
51.5	92
51.6	94.9
51.6	98.6
51.5	102
51.5	102.2
51.5	104
51.5	106.4
51.5	106.9
51.5	108.7
51.6	109
51.6	109
51.6	110
51.7	110.6
51.7	110.8
51.9	110.8
52	108
52	104.6
52	100.4
52	100.1
52	98
52	97.8
52	97.8
52	97.5
52	97.5
52.3	99.1
52.3	101.2
52.4	100.6
52.4	97.8
52.5	96
52.7	94.1
52.7	92.3
52.8	91.8
52.9	90.7
53	89.2
53.1	87.3
53.1	86.8
53.2	87.9
53.2	88.1
53.3	87.3
53.3	85.5
53.5	82.9
53.6	81.1
53.7	78.7
53.7	78
53.8	76.4
53.8	76.1
53.8	75.3
53.7	74.3
53.7	73.3
53.7	72.2
53.7	72.2
53.7	70.4
53.7	69.9
53.7	68.8
53.8	68.8
53.8	69.6
53.9	70.6
54	73
54.1	75.3
54.1	77.4
54.1	80
54.1	81.1
54.1	81.9
54.2	83.4
54.4	84.5
54.4	85.3
54.5	83.7
54.5	85
54.8	88.9
54.7	90.7
54.6	92
54.6	93.3
54.6	96
54.6	99.1
54.6	99.3
54.6	99.3
54.7	100.4
54.7	101.2
54.8	102.2
54.9	104
54.9	104.8
54.9	105.6
55	103.8
55	103.5
55	104.8
55	104.8
55.1	105.9
55.2	106.4
55.2	106.9
55.3	108
55.3	108
55.4	107.2
55.4	104.8
55.4	102.5
55.4	102.5
55.4	101.2
55.4	97.8
55.4	96
55.5	94.1
55.8	92.3
55.8	91.5
55.8	90.2
55.9	90
56.1	90.7
56.2	92
56.2	93.6
56.3	94.4
56.3	96.2
56.3	97.3
56.3	98.3
56.4	99.3
56.4	99.9
56.4	100.9
56.5	101.4
56.7	102
56.8	100.9
56.9	100.1
56.9	99.1
57	97.5
57	95.4
57.2	94.6
57.3	96.2
57.3	96.5
57.4	97.5
57.4	98
57.4	98
57.5	98.6
57.6	99.1
57.6	101.4
57.7	102.7
57.7	102.7
57.7	104
57.8	105.1
57.9	106.4
58	107.7
58	108.7
58	108.7
58	109.8
58.3	110.8
58.3	110.8
58.3	110.8
58.4	108
58.4	106.6
58.4	105.3
58.5	102.7
58.6	99.6
58.6	98.8
58.6	98.6
58.8	97.3
58.8	97.3
58.8	97.5
58.9	99.9
58.9	102.2
58.9	102.5
58.9	102.5
58.9	104.6
59	105.1
59	107.2
59.1	108.5
59.2	110.6
59.2	111.1
59.1	109.5
59.2	111.9
59.2	111.9
59.3	113.7
59.3	113.7
59.5	111.6
59.5	108.7
59.6	108.5
59.6	104.8
59.7	102.5
59.9	101.4
59.9	101.4
60.1	102.5
60.3	101.4
60.4	101.2
60.4	98.8
60.4	97
60.4	94.6
60.5	92.8
60.5	92.6
60.7	91.8
60.8	90.2
60.8	87.9
60.9	86
61.1	86.8
61.1	87.6
61.1	93.3
61.2	96.5
61.3	100.6
61.3	103.8
61.3	106.6
61.3	107.7
61.3	112.1
61.3	112.4
61.3	115
61.3	117.3
61.5	118.9
61.5	119.2
61.5	120.5
61.7	124.1
61.7	124.1
61.9	122.6
62.1	122
62.1	123.6
62.2	125.4
62.2	126.7
62.4	128.6
62.6	127.3
62.6	124.1
62.6	123.9
62.8	122
62.8	122
62.9	120.7
62.9	117.1
63	113.7
63	111.9
63.3	111.9
63.3	113.4
63.3	114.7
63.4	116.8
63.5	117.3
63.5	117.6
63.7	117.9
63.8	115.8
63.8	114.5
63.8	114
63.9	112.4
63.9	112.1
64	111.1
64.2	112.6
64.2	114
64.2	115.8
64.3	117.3
64.5	119.2
64.5	119.2
64.5	121.3
64.5	121.8
64.5	122.6
64.5	122.6
64.5	123.1
64.7	122.8
64.8	122.3
64.9	122.6
65	122.8
65.1	123.6
65.2	123.6
65.3	123.1
65.3	123.1
65.4	125.4
65.4	126.5
65.4	127.5
65.5	128.6
65.6	128.8
65.6	128.8
65.7	129.1
65.8	127.5
65.8	127.3
65.8	125.4
66	124.6
66	124.6
66	123.3
66	121.3
66.1	120.2
66.2	119.2
66.3	118.6
66.3	118.6
66.4	118.6
66.5	119.7
66.6	120.7
66.7	120.2
66.7	120
66.7	119.7
66.8	120.7
66.9	118.6
66.9	116.6
66.9	115.5
66.8	114.2
66.8	112.9
67.1	110
67.1	108.2
67.2	106.9
67.2	106.6
67.2	105.9
67.2	105.1
67.2	104.3
67.2	103
67.3	102.7
67.3	102.5
67.4	102.7
67.6	106.1
67.6	108.7
67.6	111.9
67.6	112.4
67.6	113.4
67.7	115
67.7	116.6
67.7	117.3
67.9	118.9
67.9	119.7
67.9	120.2
67.9	121.8
68	122.3
68	122.6
68.3	123.1
68.3	123.1
68.4	122
68.5	120.7
68.5	120.2
68.6	119.2
68.7	117.1
68.8	116.3
68.8	115.3
68.8	115.3
68.8	114.5
68.9	115.3
68.9	117.9
68.9	118.6
68.9	119.2
69.1	120.7
69.2	122
69	123.6
69.1	124.1
69.1	124.4
69.3	124.9
69.4	123.9
69.4	123.3
69.4	121.3
69.6	120
69.7	119.2
69.7	118.6
69.7	118.4
69.7	117.9
69.8	117.9
70	118.4
70	118.6
70	119.4
70	120
70	121
70.1	121.3
70.2	120.5
70.3	119.4
70.4	119.4
70.4	120.5
70.4	121.3
70.5	121.3
70.6	121.3
70.6	121
70.6	120.5
70.6	120
70.7	120
70.8	120
70.9	118.6
70.8	117.6
70.7	115
70.9	113.4
70.9	113.2
71	112.9
71	112.4
71.1	112.1
71.3	111.3
71.4	110.8
71.6	111.3
71.8	112.1
71.8	113.4
71.8	113.4
71.9	116
72	116.8
72	116.8
71.9	117.9
71.9	118.6
72.1	119.4
72.2	119.4
72.2	119.4
72.2	120
72.3	120.7
72.4	120.7
72.4	120.7
72.5	120.2
72.5	120
72.6	120
72.7	120.7
72.8	121.3
72.8	120.7
72.8	120.2
72.8	119.2
72.8	118.6
72.8	117.9
72.9	116.8
72.9	116
73	115
73.1	115.3
73.2	115.5
73.2	117.1
73.2	118.6
73.4	118.6
73.5	118.6
73.5	117.9
73.5	117.1
73.5	116.6
73.7	116.6
73.7	116.6
73.9	117.1
74	117.3
74.2	116.6
74.2	115.8
74.2	115
74.2	113.7
74.2	113.4
74.3	112.9
74.4	112.4
74.5	112.1
74.6	113.4
74.7	114.5
74.8	115.3
74.9	115.8
74.9	115
75	114.5
75.2	114.5
75.3	114.2
75.3	113.4
75.3	111.6
75.3	110.3
75.3	109
75.3	108.2
75.4	108.2
75.6	106.9
75.8	106.6
75.8	106.4
75.9	106.6
76	107.7
76	108
76	108
76.1	108.7
76.1	109.3
76.1	109.8
76.1	110.8
76.2	111.3
76.3	111.6
76.6	111.6
76.6	111.6
76.7	111.6
76.7	111.1
76.9	109.3
76.9	108
76.9	107.7
76.9	106.4
77	105.9
77	105.1
77	103.8
77	103
77.1	102.5
77.3	103
77.3	104.6
77.4	106.9
77.4	107.2
77.4	108.7
77.5	108.7
77.5	110
77.7	110.6
77.8	110.6
77.9	111.6
78.1	113.7
78.2	115
78.2	116.3
78.2	116.8
78.3	116.3
78.4	115.3
78.4	115
78.6	115.3
78.6	116.6
78.7	117.6
78.7	118.4
78.8	118.9
78.9	118.9
79	116.8
79	116
79.2	114.2
79.4	112.6
79.4	112.6
79.5	110.8
79.5	109.5
79.6	110.3
79.7	113.2
79.8	114
79.8	112.4
79.9	110
79.9	107.4
79.9	107.2
80	105.3
80	104.3
80	102.7
80.2	99.6
80.2	98
80.2	97.8
80.2	96
80.2	94.9
80.4	92
80.4	92.8
80.4	93.1
80.4	97.5
80.5	99.6
80.6	104.8
80.7	107.2
80.7	107.4
80.6	110.3
80.6	111.3
80.6	112.9
80.6	112.9
80.6	114.2
80.5	114.7
80.5	115
80.5	116.3
80.5	116.8
80.5	118.4
80.5	119.2
80.5	119.2
80.6	121
80.8	122
80.8	122
80.8	122
80.9	120.7
81	121.8
81	123.3
81.1	125.4
81.2	125.7
81.4	124.9
81.6	125.2
81.6	126
81.6	127.5
81.7	128
81.8	126.7
81.9	126.7
82	127.5
82	128
82	128.6
82	128.8
82	126.2
82	124.6
82.1	121.8
82.1	121.5
82.2	120.2
82.3	117.9
82.4	116.6
82.5	115.3
82.6	116.8
82.6	117.3
82.5	118.6
82.5	119.4
82.5	121.3
82.5	123.3
82.6	124.6
82.6	125.7
82.7	126
82.8	126
82.9	124.9
82.9	123.6
83	121.8
83	121.5
83.1	121.3
83.2	123.1
83.2	124.1
83.2	124.4
83.3	124.4
83.3	124.4
83.4	122
83.4	120.7
83.6	119.4
83.6	118.6
83.6	118.4
83.6	117.1
83.6	117.1
83.8	116
83.9	117.3
83.9	117.6
83.9	119.4
84	119.4
84	118.4
84	116.8
84	115
84	114.5
84	112.6
84	111.3
84.1	110.6
84.5	108
84.5	106.4
84.5	105.6
84.6	103.5
84.7	101.7
84.7	99.9
84.7	97
84.7	96.7
84.8	94.9
84.8	94.6
84.8	92.8
84.8	91
84.9	89.7
84.9	89.4
84.9	87.1
84.9	87.1
85	84.5
85	84.2
85.1	81.6
85.2	79.5
85.3	76.6
85.4	72.5
85.4	71.2
85.4	69.6
85.5	68.3
85.5	67
85.5	65.9
85.5	65.7
85.7	65.2
85.8	64.6
85.9	66.5
86	67.5
86.1	68.3
86.2	68.8
86.2	69.1
86.4	69.6
86.4	69.6
86.6	69.9
86.6	69.1
86.7	68
86.7	68.3
86.7	70.1
86.8	71.2
86.8	72.5
86.9	74.3
87	75.3
87	74.3
87.1	74
87.3	73.5
87.6	71.4
87.7	70.4
87.7	68.8
87.8	68.3
87.8	68.3
88	67
88.1	65.4
88.3	65.4
88.3	67.8
88.3	68
88.4	69.3
88.6	69.9
88.7	68.8
88.6	67
88.6	65.7
88.7	64.9
88.7	64.4
88.8	63.1
88.9	61.8
89	60.7
89	60.5
89.1	59.4
89.2	58.1
89.2	57.6
89.3	55.5
89.3	55.5
89.3	55.5
89.4	57.3
89.5	59.4
89.6	59.4
89.8	59.2
89.8	60.2
89.9	60.2
90.2	59.2
90.5	57.9
90.7	57.3
90.8	59.7
90.8	61
90.8	63.3
90.8	64.9
90.8	66.2
90.8	69.1
90.9	70.4
91	71.7
91.1	72.5
91.2	71.4
91.2	71.2
91.3	71.2
91.4	73
91.7	72.2
91.8	69.9
91.8	67.3
91.9	65.7
92	65.7
92	66.2
92.1	67.8
92.2	65.7
92.3	63.3
92.6	61.8
92.6	61.5
92.7	60.7
92.7	60.7
92.8	62.3
92.9	64.1
93.2	66.7
93.2	67
93.3	66.5
93.3	64.9
93.4	65.2
93.5	66.2
93.5	66.5
93.5	67
93.6	66.5
93.6	65.9
93.8	65.9
93.8	66.7
93.8	69.6
93.8	70.6
94	71.2
94	71.4
94	72.2
94.1	73.3
94.3	73.8
94.4	73.5
94.4	70.9
94.5	69.1
94.6	66.7
94.8	65.7
94.8	65.2
94.9	64.1
94.9	63.1
95.1	64.4
95.2	65.7
95.2	65.7
95.2	67.3
95.2	68.3
95.3	68.3
95.4	68.3
95.4	69.6
95.4	69.9
95.4	70.9
95.4	71.2
95.5	72.7
95.6	74.6
95.6	75.1
95.6	75.9
95.7	76.1
95.8	76.1
95.9	75.3
95.9	73.5
95.9	72.7
95.9	71.2
96	69.9
96.1	68
96.5	65.7
96.5	65.7
96.5	65.7
96.5	69.1
96.8	71.4
96.8	73.3
96.9	75.1
96.9	75.6
96.9	76.9
97	78.7
97	79.3
97.1	81.1
97.4	84.2
97.4	84.5
97.4	84.7
97.4	87.1
97.4	87.9
97.4	88.4
97.4	90.7
97.4	92
97.5	93.1
97.6	93.9
97.7	94.1
97.7	94.6
97.8	94.4
97.9	92.6
98	92
98.1	92
98.2	92.6
98.2	93.3
98.3	97
98.3	97.8
98.4	98
98.4	99.9
98.5	103.5
98.5	105.1
98.6	108.5
98.6	108.7
98.8	110.3
98.9	111.3
99	110.6
99	110
99.2	108.5
99.2	108.2
99.2	108.2
99.3	107.2
99.5	106.6
99.8	107.2
100.1	108
100.1	108.2
100.2	108.5
100.2	110
100.2	111.6
100.3	110.3
100.3	109
100.3	108.2
100.5	108.2
100.6	108.5
100.6	110
100.6	110
100.6	110.6
100.8	109.3
100.7	107.7
100.7	106.9
100.7	105.9
100.9	105.9
101	107.4
101.2	109
101.2	109
101.2	108.2
101.3	106.6
101.5	105.1
101.5	104.8
101.5	104.6
101.5	105.1
101.5	106.1
101.5	106.4
101.7	105.6
101.7	105.6
101.7	105.9
101.9	107.2
101.9	107.7
102	106.9
102.2	104.8
102.2	104.6
102.3	103.3
102.4	104.6
102.4	105.9
102.5	107.7
102.7	109.3
102.7	111.3
102.7	112.9
102.7	113.2
102.7	113.2
102.9	111.6
103	109.5
103.1	107.4
103.1	105.3
103.1	104
103.4	104
103.5	106.1
103.5	106.6
103.5	108.5
103.6	110
103.6	110.8
103.7	111.6
103.8	112.4
103.8	112.4
103.8	112.4
103.9	112.4
104.1	110.3
104.2	108.5
104.2	106.9
104.2	106.4
104.5	104.3
104.6	105.9
104.6	108
104.7	109.5
104.8	109.8
104.9	109.5
105.1	107.2
105.2	108.7
105.2	110.3
105.2	110.6
105.2	112.1
105.3	111.3
105.4	109.8
105.5	109
105.6	110.8
105.6	112.1
105.8	112.4
105.8	110.8
105.9	108.2
105.9	108
105.9	108.7
105.9	109.5
106	110.6
106.1	111.6
106.2	111.6
106.2	110.8
106.2	110.6
106.3	111.1
106.3	111.3
106.4	111.3
106.5	111.1
106.5	111.1
106.5	109.8
106.5	108.7
106.6	108
106.6	107.4
106.8	108.5
106.9	110.6
107.1	111.1
107.1	109.8
107.2	110
107.2	111.3
107.2	111.1
107.2	110
107.3	110
107.3	109.3
107.3	108.5
107.3	108
107.4	108.2
107.4	108.2
107.4	109
107.6	109
107.6	108.7
107.6	108
107.6	107.7
107.7	107.7
107.8	107.7
108	109
108	109.5
108.1	111.1
108.2	112.1
108.2	113.2
108.2	114
108.2	114.2
108.3	114.5
108.3	113.4
108.3	113.4
108.4	113.7
108.5	112.6
108.5	112.1
108.5	111.3
108.5	110.6
108.6	109.8
108.8	110.3
109	111.3
109	111.1
109	110
109.1	109.3
109.2	108.7
109.2	108.7
109.3	109.5
109.3	110.3
109.5	110.3
109.5	110
109.5	109
109.6	108.5
109.7	110.3
109.7	110.3
109.8	111.9
109.8	113.2
109.9	113.2
110	113.2
110	111.6
110.1	110.3
110.1	110
110.1	109.3
110.2	109
110.3	108
110.4	107.2
110.5	107.7
110.5	109
110.7	109.5
110.7	107.7
110.8	106.4
110.8	107.2
110.8	108
110.8	108.7
110.9	109.3
111	110.3
111	110.8
111.2	112.1
111.2	112.4
111.3	113.4
111.3	113.4
111.4	114.2
111.4	115
111.6	114.7
111.6	112.4
111.7	111.6
111.7	111.1
112	109.3
112	107.4
112	105.6
112	105.3
112	103.5
112	101.4
112	100.4
112.1	99.6
112.1	99.3
112.2	98.6
112.2	98.3
112.3	99.3
112.4	101.2
112.5	104.8
112.5	105.1
112.6	107.7
112.6	108.7
112.6	110.6
112.6	111.9
112.6	112.6
112.6	111.3
112.8	109.8
112.8	108.5
112.9	107.4
113	107.4
113	107.4
113.1	107.7
113.3	108.5
113.4	109
113.5	110
113.5	110.8
113.7	111.1
113.8	110
113.8	108.5
113.8	107.2
113.9	105.9
113.9	105.9
114.1	107.4
114.2	109
114.2	110.6
114.3	110.8
114.4	109.8
114.7	108.7
114.7	110
114.8	111.9
114.8	112.4
114.9	113.4
115	111.9
115.1	110
115.1	108.7
115.2	109
115.2	109.5
115.5	111.1
115.6	111.3
115.8	112.1
115.8	112.4
115.9	113.4
116	115.3
116.1	117.1
116.2	119.2
116.2	120
116.3	119.4
116.3	118.1
116.4	115.8
116.5	115.3
116.7	115
116.9	114.7
117	115
117	115
117.2	115.3
117.3	114.7
117.3	113.4
117.4	112.6
117.6	111.6
117.6	110.8
117.7	109.8
117.7	108.7
117.8	108.5
117.8	107.4
117.8	107.4
117.8	106.9
117.9	105.9
118	106.1
118.3	107.2
118.4	106.9
118.5	107.7
118.6	109.5
118.6	110.8
118.7	111.3
118.8	111.6
118.9	111.1
119	109.5
119.2	108.5
119.3	107.7
119.3	107.7
119.4	108.5
119.5	109.8
119.8	109.8
119.8	108.7
120	109.8
120.1	111.1
120.1	113.2
120.3	114.5
120.3	114.7
120.5	114
120.5	112.4
120.6	111.1
120.6	110
120.7	108.7
120.7	108.5
121	109.5
121	110.8
121.1	111.1
121.1	112.1
121.4	112.9
121.4	112.9
121.4	111.3
121.4	110.8
121.4	110
121.4	109.8
121.4	109.8
121.5	111.3
121.7	112.4
121.8	113.2
121.8	113.2
121.9	112.6
121.9	111.1
122.1	109.8
122.2	111.1
122.3	113.2
122.4	113.7
122.6	112.9
122.8	111.6
122.8	111.3
122.8	110.6
122.8	109.3
122.8	109.3
123	110.6
123.1	110.3
123.1	109.3
123.1	109
123.1	108.2
123.2	107.4
123.3	107.4
123.4	109
123.5	109
123.5	108.2
123.5	108
123.5	108
123.5	107.7
123.7	108.7
123.9	109.5
123.9	108.2
123.9	106.1
123.9	104.8
123.9	104.8
123.9	104
123.9	103.3
123.9	102.2
124.2	102
124.2	102
124.4	102.5
124.5	104
124.5	106.4
124.5	106.6
124.5	108.2
124.5	109
124.5	109.8
124.5	110
124.6	110.6
124.7	110.6
124.7	109.8
124.7	108.7
124.8	108.5
124.9	108.5
125	108.7
125.1	108.7
125.1	108.7
125.1	107.2
125.1	106.1
125.1	105.1
125.1	104.6
125.1	104
125.2	104
125.3	104.8
125.4	106.6
125.5	108.5
125.5	108.5
125.5	109.8
125.5	110
125.5	110.6
125.5	111.1
125.7	111.3
125.7	111.1
125.8	111.1
125.8	109.8
126	109.3
126.2	110.3
126.2	110.3
126.2	112.4
126.3	113.7
126.4	114.7
126.4	115
126.4	115.5
126.5	114.7
126.6	114.2
126.6	113.7
126.7	114.2
126.7	118.6
127.1	116
127.1	117.1
127.1	116.8
127.3	114
127.3	112.1
127.3	111.9
127.4	110.3
127.6	111.1
127.7	110.6
127.7	110.3
127.8	108
127.9	105.3
127.9	103.3
128.1	104.3
128.1	106.1
128.2	108.7
128.2	111.1
128.6	113.2
128.6	113.2
128.6	111.9
128.7	111.3
128.7	109
128.8	107.7
129	109
129	110.3
129	110.6
129.1	109.8
129.2	107.4
129.2	106.4
129.3	105.9
129.5	104.6
129.5	104
129.5	103.3
129.6	101.2
129.7	102
129.7	102
129.6	104.3
129.7	105.1
129.9	103.5
130	103.3
130.1	102.7
130.2	104
130.2	104.8
130.3	103
130.3	102.7
130.4	103.8
130.4	106.1
130.5	109.5
130.5	110.8
130.7	109.8
130.9	106.4
130.9	106.9
131	107.4
131.1	108.7
131.2	109
131.2	108.5
131.3	107.7
131.5	105.9
131.6	104.6
131.8	105.9
131.8	106.1
131.9	104
132	102.2
132.2	100.6
132.2	99.6
132.2	101.4
132.3	102.7
132.3	106.6
132.3	107.2
132.4	109
132.5	111.6
132.5	113.7
132.5	113.7
132.5	115.8
132.5	117.6
132.8	119.4
132.8	121
132.8	121.3
132.9	120
132.9	118.9
132.9	118.1
133	115.8
133.3	114.5
133.5	113.7
133.6	112.9
133.7	111.3
133.8	110.3
133.8	109.5
134	108
134	106.1
134	106.4
134	108.7
134.1	109.3
134.1	110.6
134.1	112.4
134.2	113.2
134.3	113.2
134.3	112.4
134.4	111.6
134.5	109.8
134.6	108.5
134.7	107.4
134.8	106.6
134.9	106.6
134.9	109
135	110.8
135	111.3
135	111.9
135.2	111.3
135.3	109.5
135.4	108.7
135.4	108.2
135.5	109.8
135.6	110.8
135.7	110.8
135.7	110.3
135.7	111.1
135.8	113.2
135.9	114.5
136	114.5
136.1	113.4
136.2	112.1
136.4	111.6
136.6	111.6
136.8	111.6
136.8	111.1
136.9	110.6
136.9	110
137	109
137	109
137	110.3
137.1	111.6
137.1	111.6
137.2	110.3
137.2	110
137.2	109.3
137.4	109
137.5	109
137.7	108.2
137.8	107.7
137.9	108
138	108.7
138	109
138	109.8
138.2	110.6
138.3	111.9
138.5	112.1
138.5	113.7
138.5	115
138.5	115.3
138.7	116
138.7	114.5
138.8	115.5
138.8	115.8
139	117.1
139.1	117.1
139.1	115.3
139.2	113.2
139.3	111.9
139.6	110.6
139.6	110.6
139.7	111.9
139.7	112.9
139.8	113.2
140	111.9
140.2	111.9
140.2	114
140.4	115.8
140.5	115.8
140.5	115
140.5	113.7
140.5	112.9
140.6	111.9
140.8	111.3
140.9	110.6
141	109.3
141.2	108.5
141.2	108.2
141.2	107.2
141.3	106.6
141.4	108
141.4	109
141.6	109.3
141.7	108.2
141.9	107.4
142.1	107.2
142.1	107.4
142	109.3
142	109.5
142.1	111.6
142.2	112.1
142.2	112.1
142.3	112.1
142.4	112.9
142.4	112.9
142.4	114
142.4	114
142.5	114.7
142.6	115
142.7	115.3
142.7	115.8
142.8	117.3
142.9	117.1
142.9	115.8
143	115.5
143	115.5
143	115.3
143.2	115
143.4	113.2
143.6	111.3
143.6	110
143.6	108
143.6	107.2
143.7	106.9
143.8	107.2
143.9	108
143.9	109
144	109.3
144.1	108.7
144.1	108.5
144.1	107.4
144.2	106.6
144.3	106.9
144.4	108
144.4	108.7
144.4	109
144.5	109
144.6	107.7
144.7	107.2
144.9	109.5
144.9	109.8
145.1	108.7
145.2	108
145.2	107.7
145.2	107.4
145.3	109
145.5	111.6
145.5	111.3
145.5	110.8
145.6	110
145.9	111.3
145.9	112.4
146	111.3
146	110
146.1	111.9
146.1	112.6
146.1	113.2
146.4	116.3
146.5	118.1
146.5	118.9
146.8	117.9
147	116.3
147.1	116.6
147.1	118.1
147.1	119.4
147.1	121.3
147.2	122
147.3	122
147.4	121.3
147.6	119.2
147.7	116.3
147.7	114.2
147.7	113.7
147.7	112.4
147.7	112.1
147.7	111.9
147.9	113.2
148	114.7
148	115.5
148.1	115.5
148.1	114
148.2	112.1
148.4	113.2
148.5	114.7
148.6	115.5
148.7	114
148.7	112.1
148.7	111.9
148.8	110.8
148.8	109.5
148.9	109.3
149	110
149.1	112.1
149.2	114.7
149.2	116.3
149.2	116.6
149.2	117.3
149.3	117.6
149.4	117.1
149.4	116
149.5	117.1
149.7	117.1
149.7	116.8
149.8	115.3
149.8	114.2
149.8	112.6
149.9	111.6
150	111.3
150.1	110.8
150.1	111.3
150.2	112.9
150.3	114
150.3	114.2
150.3	115
150.4	116
150.5	116.6
150.6	116.6
150.6	116.3
150.7	115.8
150.9	115
150.9	114
151	112.4
151	111.6
151.1	111.3
151.2	111.6
151.5	113.4
151.5	113.7
151.5	112.9
151.5	111.1
151.6	110
151.7	110
151.9	110.8
151.9	111.1
152	110.6
152	108.7
152	108.5
152	107.2
152	105.1
152.1	104.3
152.2	105.6
152.2	105.6
152.4	107.2
152.5	107.7
152.5	108
152.5	108
152.7	106.9
152.9	107.2
152.9	107.7
152.9	108.7
152.9	110.6
153.1	112.1
153.2	112.6
153.3	111.1
153.4	112.1
153.4	112.4
153.4	114.7
153.4	115.3
153.6	117.9
153.6	119.7
153.8	121
153.8	121
153.8	119.2
153.8	118.4
154.1	117.6
154.1	118.9
154.2	119.2
154.4	120
154.5	121
154.7	122
154.8	122.3
154.8	122
154.8	120
154.8	118.6
155	118.1
155	117.9
155.2	117.3
155.2	116.6
155.3	116
155.4	115.8
155.4	114.7
155.5	113.7
155.6	111.9
155.7	109.5
155.7	109.5
155.7	108
155.8	107.2
155.9	109.3
156	110.6
156.1	111.3
156.2	111.1
156.3	112.9
156.4	113.2
156.4	113.7
156.4	113.7
156.6	115.5
156.6	118.4
156.6	122
156.7	122.6
156.7	124.4
156.8	126
156.9	126.2
156.9	126.2
156.9	126.2
156.9	124.9
157	123.1
157.1	121.3
157.1	120.7
157.2	120
157.3	121.3
157.5	124.4
157.5	125.7
157.5	126
157.6	127
157.7	127.5
157.9	127.5
157.9	127.3
157.9	124.4
157.9	123.6
157.9	120
158	118.1
158.3	117.6
158.5	117.6
158.6	117.1
158.7	116.3
158.7	115
158.8	114
158.9	116
158.9	116.3
159	117.9
159.1	119.4
159.2	120.5
159.3	121.3
159.5	121.3
159.5	119.2
159.6	117.6
159.6	116.6
159.7	116
159.8	114
159.9	112.1
160	111.6
160.1	111.9
160.2	113.7
160.2	114.7
160.3	115.5
160.3	115.5
160.4	114.2
160.4	115
160.4	117.3
160.5	120
160.7	122
160.8	122.6
160.9	122.8
161.1	120.7
161.1	120.7
161.2	118.1
161.3	115.8
161.3	114.2
161.4	112.6
161.6	112.1
161.6	113.7
161.6	115.3
161.7	117.3
161.8	116.3
162	117.1
162	117.3
162.1	119.4
162.2	121
162.4	122.3
162.4	123.3
162.4	123.3
162.6	122.8
162.6	121
162.7	119.2
162.7	118.9
162.7	117.6
162.9	116.8
163.1	117.3
163.1	116
163.1	115.5
163.2	114.2
163.3	112.6
163.5	111.1
163.6	109.5
163.7	108
163.7	107.7
163.7	108
163.8	108.5
163.8	110.8
163.9	112.6
164	112.6
164	112.6
164.1	113.7
164.1	118.6
164.1	118.6
164.2	120
164.2	121.3
164.2	123.6
164.3	124.4
164.4	124.6
164.5	125.2
164.5	125.4
164.6	123.9
164.8	122.3
164.8	121.3
164.9	122
164.9	122
165	123.3
165.1	124.1
165.2	123.9
165.2	123.3
165.3	121.8
165.4	121
165.4	122.8
165.5	123.9
165.7	124.1
165.8	123.6
165.9	123.1
165.9	121.8
165.9	121.8
165.9	121.8
166.2	122.8
166.3	123.1
166.3	122.8
166.3	121
166.4	119.4
166.5	117.9
166.6	116.6
166.7	115.8
166.7	115.5
166.9	117.3
166.9	117.9
166.9	118.9
166.9	118.9
167.2	120
167.2	120
167.3	120.2
167.3	121.5
167.3	122
167.3	123.1
167.5	125.2
167.5	126.2
167.5	127.5
167.5	127.8
167.6	128.8
167.7	128.6
168	126.5
168.1	124.4
168.1	124.1
168	124.1
168	126.2
168.1	127
168.2	127.3
168.3	127.3
168.4	125.7
168.5	123.6
168.5	123.1
168.6	122.3
168.9	121.5
168.9	120.5
169	120.5
169.1	119.2
169.1	118.1
169.1	116.3
169.2	112.4
169.2	110
169.3	109.3
169.3	107.7
169.4	106.6
169.3	105.1
169.3	103.8
169.2	102.7
169.3	102.2
169.6	103.8
169.6	103.8
169.6	104.8
169.7	106.6
169.8	107.2
169.9	105.3
170	104.3
170.1	103.8
170.1	105.3
170.2	105.9
170.5	108
170.6	109.5
170.6	111.3
170.7	112.6
170.9	112.9
170.8	114.7
170.9	118.6
171	121.3
171	123.3
171	124.9
171	126
171.1	128
171.1	130.4
171.2	131.7
171.4	133
171.5	134
171.5	135.1
171.7	133
171.8	128
171.9	125.2
171.9	122.6
171.9	122
171.8	119.7
171.8	116.8
171.8	114
171.9	111.6
171.9	110.3
171.9	109.3
171.9	107.7
172	106.4
172	105.9
172.1	104.8
172.1	108
172.2	110.3
172.2	110.3
172.3	112.1
172.3	113.4
172.3	114.7
172.4	115.8
172.4	116
172.4	116.3
172.5	115
172.5	114.7
172.6	117.3
172.6	117.9
172.7	117.3
172.7	115.3
172.8	112.4
172.8	112.4
173	109.8
173.1	108.7
173.2	107.4
173.4	106.9
173.5	105.9
173.6	103.8
173.7	103
173.8	100.9
173.9	100.9
173.9	101.4
174	103.3
174.2	104.8
174.3	103
174.4	102.5
174.4	101.7
174.4	101.2
174.5	101.2
174.6	103.3
174.6	104.8
174.7	106.4
174.9	111.6
174.9	112.9
174.8	114.2
174.7	115.8
174.7	118.9
174.7	120.5
174.7	121
174.7	121.5
174.8	124.1
174.9	125.7
174.9	126
174.9	126
175	128
175	130.1
175.2	132.7
175.2	135.1
175.3	136.4
175.3	136.7
175.5	137.2
175.5	139
175.5	140.3
175.5	140.6
175.5	141.3
175.5	141.9
175.8	140.6
175.8	140.3
175.9	139.8
176.1	139.3
176.2	138.7
176.4	138
176.4	137.2
176.4	136.9
176.4	135.9
176.5	134.3
176.5	131.7
176.6	130.9
176.6	131.7
176.6	133.5
176.6	133.8
176.7	133.5
176.9	132.5
176.9	132.5
177	135.1
177	135.3
177.1	137.4
177.1	140
177.3	141.3
177.4	141.1
177.4	140.6
177.5	139.5
177.7	136.9
177.8	135.3
177.9	134.6
178	133
178.1	132.2
178.1	128.8
178.2	126.2
178.2	125.4
178.2	124.6
178.2	122.6
178.2	120.5
178.2	119.7
178.3	118.4
178.3	118.1
178.3	118.1
178.3	116.3
178.6	115.8
178.6	117.3
178.6	120.2
178.6	120.7
178.7	123.3
178.7	124.6
178.7	127.3
178.9	129.1
178.9	130.4
179	132
179.1	132.2
179.2	133.5
179.3	134
179.4	133.5
179.4	133.5
179.4	131.2
179.4	130.9
179.5	129.6
179.6	130.9
179.6	131.2
179.6	130.6
179.7	130.1
179.8	128.8
179.9	128.3
179.9	129.6
179.9	130.9
180	132.5
180.2	134
180.3	133.3
180.3	132.5
180.3	129.6
180.4	128.6
180.4	126.5
180.5	126
180.5	124.1
180.6	121
180.8	118.6
180.8	118.1
180.8	116.3
180.7	112.4
180.7	110.3
180.7	110
180.7	108.7
180.9	105.1
180.9	104.6
180.9	103
180.9	101.4
180.9	99.1
180.9	97.5
180.9	96.5
180.9	97.5
181.1	98.6
181.1	100.1
181.1	100.4
181.1	102.7
181.2	104.3
181.2	106.9
181.3	109.3
181.3	111.3
181.3	112.4
181.4	112.9
181.5	114
181.6	114.7
181.6	115
181.6	115
181.7	114
181.9	111.9
182.1	106.6
182.2	105.1
182.2	104
182.2	104.3
182.1	107.7
182.2	108.2
182.2	109.5
182.2	111.1
182.3	112.4
182.4	112.4
182.5	113.2
182.5	114.5
182.6	114.2
182.6	113.7
182.7	110.6
182.6	106.1
182.7	102.5
182.8	99.1
182.8	96.7
182.8	96.2
182.9	93.9
183	90.5
183.1	88.9
183.1	87.6
183.1	87.6
183.1	86.3
183.1	86.3
183.1	85
183.1	84.7
183.2	84.2
183.3	84.2
183.4	85.5
183.5	87.1
183.6	88.6
183.6	88.9
183.6	90.5
183.8	90
183.8	90.7
183.9	92.6
183.9	92.8
183.9	94.6
184	97
184.1	99.1
184.1	100.1
184.3	104.3
184.6	106.6
184.6	108.5
184.4	111.1
184.4	113.2
184.4	113.7
184.4	115.3
184.4	116.8
184.5	117.9
184.5	117.9
184.7	118.1
184.7	113.7
184.7	110
184.9	105.6
185.2	98.8
185.3	97
185.3	96.5
185.3	95.2
185.2	93.1
185.2	91.3
185.2	91
185.1	90
185.1	89.4
185.3	89.4
185.4	90
185.4	89.2
185.7	86.8
185.7	85.5
185.7	85
185.8	86.3
185.9	86.8
186	86.6
186	84.7
186.1	82.9
186.2	82.1
186.2	81.1
186.2	80.3
186.3	80.6
186.3	83.2
186.5	84.5
186.6	84.7
186.6	84.7
186.6	85.3
186.6	85.8
186.6	87.1
186.7	88.1
186.8	88.6
186.9	89.4
187	90.7
187	92.3
187.2	93.9
187.2	93.9
187.2	94.6
187.2	96.2
187.4	97.8
187.4	97.8
187.5	97.8
187.5	98.6
187.6	101.2
187.6	106.9
187.7	110.3
187.7	110.8
188.1	113.7
188.3	112.4
188.3	108.7
188.3	105.6
188.4	103.3
188.4	100.9
188.4	98.3
188.5	96.2
188.5	94.6
188.5	93.1
188.6	91.5
188.7	90.2
188.7	89.7
188.8	89.2
188.9	88.4
188.9	86.8
189.2	86.6
189.2	87.1
189.2	90.2
189.4	91
189.5	93.9
189.7	98.6
190	105.1
190.1	109.3
190.1	113.2
190	118.9
190	119.2
190	123.1
190	123.6
190	126.2
190.1	130.6
190.2	132.2
190.3	132.2
190.4	132.2
190.5	132.2
190.5	128.6
190.6	124.4
190.8	123.3
190.8	120.7
190.8	119.7
190.8	117.9
190.8	113.4
190.8	110
190.8	107.7
190.8	106.6
190.8	105.3
190.8	104.8
190.8	103.3
190.9	101.2
191	100.9
191.2	100.1
191.3	98.6
191.3	97.3
191.3	95.4
191.4	94.9
191.4	93.3
191.4	92.6
191.4	92.3
191.5	92.6
191.6	93.9
191.8	93.9
191.8	96.5
191.9	97
191.9	98.3
192.1	99.1
192.1	98.3
192.2	98
192.2	98.6
192.4	100.6
192.4	99.9
192.5	99.3
192.6	99.1
192.7	98.8
192.7	98.8
192.9	99.3
192.9	101.4
193	100.4
193.1	101.2
193.1	103
193.1	103.5
193.3	104.6
193.4	106.1
193.4	107.2
193.5	109
193.6	111.6
193.6	112.1
193.6	115.5
193.8	117.3
193.9	119.4
193.9	122
194	125.2
194	127.8
194	129.3
194	131.7
194.1	132.7
194.1	134.6
194.1	134.8
194	136.7
194.1	136.9
194.3	135.3
194.4	134.3
194.5	132.7
194.6	132.2
194.7	131.4
194.8	130.4
194.9	130.1
194.9	132
195	132.5
195	134
195	136.7
195	137.4
195.1	136.9
195.1	136.7
195.2	135.9
195.3	135.6
195.4	135.3
195.6	135.9
195.8	135.9
195.9	135.6
195.9	133.5
195.9	131.2
196.1	128.6
196.1	127.5
196.2	126.5
196.4	125.4
196.4	124.9
196.5	123.9
196.7	122.8
196.7	124.4
196.7	125.4
196.8	126.5
196.8	127
196.9	127.8
197.1	126.7
197.2	125.4
197.4	124.1
197.6	122.6
197.6	123.3
197.8	124.6
198	124.6
198	122.3
198.1	118.6
198.1	116.3
198.1	115
198.1	114
198.2	113.4
198.4	112.6
198.5	111.3
198.5	110.8
198.5	110.6
198.6	111.3
198.8	113.4
199	114
199	111.3
199	109
199	106.6
199	104.3
199.1	103.3
199.1	102
199.3	103.3
199.3	103.3
199.4	104.8
199.4	107.2
199.5	110
199.5	110.3
199.6	111.6
199.6	112.1
199.6	113.4
199.6	115.5
199.7	119.4
199.8	122.3
199.9	123.6
199.9	125.4
199.9	126.2
199.9	127.3
199.9	128.8
199.9	129.9
199.9	131.7
199.9	132
199.9	133.8
200	135.9
200.1	136.4
200.2	135.6
200.3	136.4
200.3	136.7
200.3	138
200.3	138.2
200.3	138.5
200.5	138.7
200.5	138.7
200.5	139
200.6	139.8
200.6	140
200.7	141.1
201.2	141.6
201.2	140.8
201.1	138.7
201.1	137.4
201.1	136.4
201.2	134
201.4	132.2
201.4	131.2
201.5	131.2
201.5	130.9
201.6	129.6
201.9	127
201.9	126
202	126.7
202.1	127.5
202.1	129.3
202.2	130.4
202.3	132
202.3	132.5
202.5	130.9
202.5	128.3
202.5	127
202.6	126.5
202.6	125.4
202.6	123.3
202.6	121.8
202.6	121.3
202.6	120.5
202.7	120.7
202.8	122.8
203	124.4
203.1	124.9
203.2	123.6
203.2	122
203.3	120.5
203.3	120
203.3	119.2
203.4	119.7
203.6	121
203.6	121.3
203.7	121.3
203.8	120
203.8	118.9
203.9	118.4
204	117.6
204.1	116.8
204.2	116.6
204.3	118.6
204.5	122.6
204.6	124.1
204.6	124.9
204.6	125.7
204.7	126.2
204.8	126.7
204.8	126.7
204.9	124.1
204.9	123.9
205	120.7
205	118.6
205	117.3
205	117.1
205	116
205	115.5
205	114
205	112.6
205.1	111.1
205.2	110.8
205.2	109.8
205.3	110.8
205.4	112.6
205.4	113.2
205.5	114.7
205.5	115.5
205.7	115.3
205.7	114.7
205.7	113.2
205.8	111.9
205.8	110.6
205.9	109.3
205.9	108.7
205.9	108.7
206	108
206	107.7
206.2	108.7
206.2	109
206.2	111.3
206.3	113.4
206.4	115.5
206.4	115.5
206.5	116.3
206.5	117.9
206.5	118.9
206.6	120.5
206.7	122
206.7	122
206.7	121.3
206.7	121
206.8	119.2
206.8	117.6
206.9	116.8
206.9	116.8
207	116.6
207.1	116.3
207.1	115.5
207.3	116.6
207.3	118.4
207.3	118.6
207.3	120
207.4	120.5
207.6	119.2
207.6	117.3
207.7	116.8
207.8	116.3
207.9	116.3
208	117.1
208.1	118.9
208.2	120.2
208.2	121.8
208.2	122.6
208.2	124.1
208.2	125.2
208.2	127.3
208.2	127.5
208.2	127.8
208.4	128.6
208.4	128.8
208.6	130.4
208.6	130.4
208.6	130.1
208.7	129.9
208.7	128.6
208.7	128
208.8	126.2
209	124.4
209.1	122.3
209.3	120.7
209.4	120.7
209.6	119.7
209.7	121
209.7	123.1
209.7	123.3
209.8	124.9
209.9	127.5
210	128.6
210	129.3
210	129.9
210.1	129.9
210.3	129.1
210.3	127
210.3	126.5
210.3	124.9
210.3	124.1
210.4	124.1
210.6	125.4
210.6	128.6
210.6	129.1
210.7	130.6
210.7	132.2
210.7	134.6
210.8	136.1
210.8	136.9
210.9	137.4
211.1	138.5
211.1	138.5
211.2	138.7
211.2	138
211.3	135.9
211.3	135.3
211.3	133
211.3	132
211.4	130.6
211.6	130.6
211.6	130.6
211.6	131.7
211.7	132
211.8	131.4
212	130.6
212.1	128.6
212.1	127.3
212.2	125.4
212.2	124.4
212.3	123.1
212.3	121.8
212.4	121.3
212.4	121
212.7	121.8
212.7	123.6
212.7	123.9
212.7	125.2
212.9	124.1
212.9	123.9
212.9	123.9
213	126.7
213.1	129.6
213.1	131.7
213.1	133
213.1	133.3
213.2	134.6
213.3	134.8
213.4	134
213.5	131.7
213.5	129.3
213.7	127.5
213.8	126.2
213.9	124.6
214	123.9
214	122.8
214.1	121.8
214.1	121.3
214.3	119.4
214.4	120.2
214.5	122.3
214.5	122.6
214.6	125.2
214.7	127
214.8	128.8
214.8	129.1
214.8	130.6
215	129.9
215.1	128.3
215.1	128.3
215.2	129.9
215.2	130.1
215.3	129.6
215.3	127.5
215.3	126.5
215.4	124.6
215.5	123.6
215.6	122.8
215.8	123.6
215.9	124.9
216	123.3
216	122.8
216	121.8
216.1	121.5
216.3	124.1
216.3	124.9
216.4	126.7
216.4	127
216.5	128.3
216.5	129.1
216.6	130.4
216.7	130.9
216.8	131.7
216.8	132.2
216.8	130.4
216.8	129.9
216.8	128.8
216.8	128.3
216.9	125.7
216.9	124.4
217.1	124.4
217.1	126
217.2	126.7
217.3	126.2
217.3	125.2
217.6	124.9
217.7	123.9
217.8	123.1
217.8	121.8
217.8	120.7
217.9	119.4
217.9	118.1
217.9	117.6
217.9	116.8
218	115.5
218.1	116.3
218.2	118.1
218.3	119.4
218.3	119.7
218.4	120.7
218.5	121.8
218.6	120.2
218.6	120
218.6	121
218.6	121.3
218.6	121.8
218.7	121.8
218.8	120.5
218.9	120.2
218.9	121
219	121.8
219	121.8
219.1	122.6
219.2	122.8
219.2	122.6
219.2	122.3
219.4	122.8
219.4	124.4
219.5	125.2
219.5	125.4
219.6	126.5
219.7	127.3
219.7	125.7
219.8	125.4
219.8	124.1
219.8	122.8
219.9	120.5
220	119.4
220	118.6
220.1	118.9
220.2	120.5
220.2	120.2
220.3	120
220.3	118.9
220.3	118.4
220.5	118.4
220.6	120.2
220.6	122.3
220.6	122.3
220.7	122.8
220.9	121.3
220.9	120.5
221.1	121.5
221.1	122
221.1	122.8
221.1	123.1
221.3	123.3
221.3	123.1
221.4	124.1
221.5	125.4
221.5	125.7
221.7	126.7
221.7	127
221.9	128.3
221.9	128.8
221.9	129.1
221.9	129.9
222	130.4
222	130.6
222.1	130.1
222.2	128
222.3	126
222.3	124.6
222.3	123.9
222.3	122.6
222.3	122.6
222.3	121.8
222.4	121.5
222.4	122.3
222.5	123.9
222.5	124.1
222.5	125.7
222.6	127.3
222.7	127.5
222.7	128.3
222.7	129.9
222.8	130.6
223.1	131.4
223.1	132.2
223.1	133.3
223.4	135.3
223.5	135.9
223.6	137.2
223.4	135.1
223.4	134
223.4	132.7
223.6	130.6
223.6	129.1
223.6	127
223.7	125.2
223.8	123.9
223.8	123.3
223.8	122.6
223.9	121.3
224	120.5
224.3	121.8
224.4	123.1
224.7	124.4
224.8	123.1
224.8	122
224.8	121
224.8	121
224.9	118.9
225	118.1
225.2	119.4
225.2	119.7
225.2	120.7
225.3	120.5
225.3	118.9
225.3	118.6
225.3	117.9
225.4	117.6
225.5	116.6
225.5	116.3
225.6	115.8
225.6	115
225.6	114.5
225.6	114.5
225.7	114.7
225.7	115
225.8	115.3
226	113.7
226	111.3
226.1	109.5
226.1	109
226.1	107.4
226.1	106.6
226.1	105.6
226.3	106.6
226.4	106.6
226.4	108
226.4	108
226.5	106.4
226.5	105.9
226.5	105.1
226.6	104.3
226.6	104.3
226.7	105.3
226.7	105.9
226.7	108.7
226.7	109
226.7	110.6
227	111.9
227	110.6
227.1	110
227.1	114.5
227.1	115
227.2	120.7
227.2	121.3
227.2	123.1
227.3	125.4
227.5	127
227.6	126.5
227.8	122.3
227.8	121
227.8	118.6
227.9	116
228.2	113.2
228.2	112.6
228.2	110.6
228.2	109.8
228.2	109.8
228.2	108.2
228.2	106.6
228.2	105.3
228.3	104
228.6	103
228.7	101.4
228.8	100.9
228.8	99.9
228.8	98
228.8	97
228.9	98.6
228.9	98.6
229	100.6
229	100.9
229	103
229	105.9
229.2	109.5
229.2	109.5
229.3	109.5
229.4	106.9
229.4	104.8
229.5	103
229.5	102.7
229.5	102.7
229.6	102.7
229.7	103
229.8	104.6
229.9	104.3
229.9	100.4
229.9	97.5
229.9	97
230	94.1
230.1	93.3
230.2	91
230.3	89.7
230.3	87.3
230.5	87.1
230.5	90.5
230.5	92.3
230.6	94.6
230.6	94.9
230.6	97.8
230.6	99.3
230.5	101.2
230.5	101.4
230.4	103.3
230.4	104
230.4	106.6
230.8	109.3
230.8	112.1
230.9	113.2
230.9	115.5
230.9	117.1
231.1	118.4
231.1	120
231.1	120.2
231.2	122.6
231.3	126.2
231.3	127.5
231.4	129.1
231.4	130.4
231.4	132.7
231.4	134.3
231.5	137.2
231.5	137.4
231.5	138.2
231.5	139.3
231.5	140
231.5	140.3
231.5	140.8
231.5	142.4
231.5	143.4
231.6	144.2
231.6	144.2
231.6	145.8
231.7	147.3
231.7	150
231.7	151
231.7	151.3
231.8	152.3
232	153.6
232	154.7
232.1	153.9
232.1	153.1
232.2	151
232.3	147.6
232.3	145.8
232.4	144.2
232.4	142.7
232.4	140.8
232.4	137.7
232.4	132.7
232.4	130.4
232.2	127.3
232.2	126.7
232.3	128
232.3	128.6
232.4	129.3
232.5	129.3
232.6	129.3
232.7	127.3
232.9	124.6
232.9	122.3
233	122
233.1	123.9
233.2	124.1
233.2	124.9
233.3	126
233.4	125.4
233.5	124.9
233.6	124.1
233.7	124.9
233.7	126.2
233.8	127.8
233.8	127.8
233.8	129.3
233.8	129.6
233.8	131.4
234	133
234.1	133.5
234.3	133
234.5	132.5
234.6	130.4
234.7	128.6
234.8	126.7
234.8	124.6
234.8	123.3
234.8	122.3
234.8	122
234.9	122.8
235.1	122.3
235.1	121
235.4	121
235.5	123.6
235.5	124.6
235.5	124.1
235.7	124.9
235.8	126.2
235.9	126.7
235.9	127
236.2	126.5
236.3	125.2
236.4	124.4
236.5	127.5
236.6	129.3
236.6	129.9
236.6	130.9
236.8	132.5
236.8	133.3
236.9	132.7
237	131.2
237.2	130.9
237.2	131.2
237.2	131.7
237.2	131.7
237.5	132.2
237.5	132.2
237.5	130.4
237.6	128.6
237.6	130.1
237.6	130.9
237.7	132.2
237.7	133
238.1	132.5
238.1	131.4
238.1	130.1
238.1	129.1
238.1	128.8
238.3	128.3
238.5	128.3
238.5	128.3
238.7	127.3
238.7	126.2
238.9	128
238.9	128.3
238.9	130.6
238.9	132
239.1	134
239.1	135.6
239.1	136.4
239.2	137.7
239.2	138
239.3	137.4
239.4	135.9
239.5	134
239.6	132.7
239.7	131.7
239.7	131.4
239.7	130.9
239.7	133
239.8	134.6
239.8	134.8
239.8	136.9
239.9	138
240	138.7
240	139
240.1	140.6
240.1	140.8
240.2	140.3
240.2	136.7
240.3	135.6
240.4	134.3
240.4	132.7
240.8	133.8
240.8	134.3
240.8	133.5
240.9	133.3
241	132.2
241	131.2
241.1	130.1
241.3	129.9
241.3	130.6
241.4	131.7
241.4	133
241.6	132.5
241.6	132.2
241.6	134
241.9	133.3
242.3	129.3
242.4	128.3
242.5	126.5
242.6	124.6
242.6	123.6
242.6	123.1
242.7	121.5
242.7	121.5
242.9	123.1
242.9	125.4
243.1	124.6
243.1	122.8
243.2	121.8
243.2	121.5
243.2	120.5
243.2	120
243.3	121.3
243.3	121.3
243.3	120.5
243.4	119.4
243.4	118.6
243.4	118.4
243.5	117.6
243.6	117.1
243.7	118.1
243.7	118.1
243.8	120.2
243.9	120.7
244	120.5
244	121
244.1	122.6
244.1	124.4
244.1	126
244.2	127.3
244.3	128
244.3	128.8
244.6	126.5
244.7	124.9
244.7	123.9
244.7	122.8
244.7	121.8
244.7	121.3
244.7	120.7
244.7	120
244.7	119.2
244.8	119.2
244.9	118.9
245.1	121
245.1	122.8
245.1	123.1
245.1	125.2
245.1	126.5
245.1	127
245.2	127.5
245.3	128.8
245.4	129.3
245.5	131.4
245.5	133.3
245.5	134.8
245.5	135.6
245.4	135.9
245.5	136.1
245.6	135.6
245.7	133.8
245.7	131.7
245.7	130.4
245.7	130.1
245.8	129.3
245.8	129.1
245.8	128.6
246	129.9
246.1	130.6
246.2	130.9
246.3	130.9
246.3	129.9
246.4	128
246.5	126.2
246.5	125.4
246.5	124.6
246.5	124.4
246.7	126.5
246.7	127.5
246.9	126.2
246.9	126
246.9	126.2
247	127
247.1	129.9
247.1	130.9
247.2	133
247.2	134.8
247.3	134.8
247.5	131.7
247.6	133
247.6	134.3
247.6	134.6
247.7	132.7
247.7	131.4
247.8	133.3
247.8	133.5
247.9	137.4
247.9	138
248.1	141.9
248.1	142.9
248.2	143.4
248.2	143.7
248.2	143.7
248.4	143.4
248.5	140
248.6	139.3
248.6	137.2
248.7	136.1
248.7	134.8
248.7	132.7
248.8	130.9
248.8	130.9
248.9	133.8
249	134.3
249.2	133
249.2	132.5
249.2	132.2
249.3	131.2
249.3	131.4
249.4	133.3
249.5	131.7
249.5	131.7
249.6	133
249.7	134.6
249.7	135.1
249.9	135.6
249.9	135.6
250	135.3
250	134.6
250	132.5
250	130.9
250.1	130.4
250.1	128.6
250.3	125.7
250.3	125.2
250.5	123.9
250.5	123.1
250.6	121.3
250.6	120
250.7	119.2
250.7	118.4
250.7	118.4
250.7	118.4
250.8	120
250.8	120.2
250.8	121
250.8	123.1
250.9	125.2
250.9	127.5
251	128.6
251.2	128
251.4	131.2
251.5	133
251.5	134.6
251.5	134.8
251.5	136.1
251.6	138
251.6	138.5
251.7	138.7
251.7	139.3
251.9	138.7
251.9	138.2
251.9	137.4
251.9	138.7
251.9	140
252	140
252	137.4
252	137.2
252	135.6
252	134.8
252	134
252	133
252.1	131.2
252.3	132.2
252.4	132.2
252.4	132
252.5	130.4
252.5	129.6
252.6	131.2
252.6	131.7
252.7	133
252.8	134.3
252.9	136.1
252.9	137.2
252.9	137.4
253	138
253	139.3
253.1	139.8
253.1	139.8
253.2	138.7
253.3	137.2
253.3	135.1
253.4	133
253.4	131.2
253.6	131.2
253.6	132.7
253.6	134.3
253.7	134.6
253.7	134.8
253.7	133.3
253.8	134.3
254	134.8
254	134.8
254.1	134.8
254.1	133.3
254.1	132
254.1	131.4
254.3	130.4
254.3	130.4
254.4	130.6
254.4	132
254.5	134.6
254.5	136.7
254.5	138
254.5	138.2
254.6	137.2
254.7	134.6
254.7	132.2
254.8	130.9
254.8	129.6
254.8	129.6
254.9	127.3
254.9	125.7
254.9	124.4
255	123.3
255.2	123.9
255.3	125.2
255.4	125.7
255.4	126.5
255.5	124.4
255.5	122.8
255.5	121.8
255.5	121.3
255.5	121
255.7	119.2
255.8	117.3
255.8	115.8
255.9	114.2
255.9	113.4
256.1	115.3
256.1	116.3
256.2	115.3
256.3	116.6
256.3	116.8
256.5	119.2
256.6	122.8
256.6	125.4
256.6	128.6
256.6	129.1
256.6	130.4
256.6	132.5
256.6	134.8
256.6	135.1
256.6	135.9
256.9	136.4
256.9	136.4
256.9	136.4
257	134.6
257.1	132
257.1	130.1
257.2	128.8
257.2	129.1
257.2	130.1
257.4	131.2
257.4	131.2
257.5	130.6
257.6	129.3
257.7	128.8
257.8	128.8
257.8	130.1
257.8	130.1
257.9	129.6
258.2	128
258.2	129.9
258.2	130.1
258.2	131.7
258.2	132.7
258.2	134
258.3	134.6
258.5	134
258.5	134.3
258.5	135.6
258.4	135.9
258.4	137.4
258.5	138.2
258.7	136.9
258.8	135.1
258.9	134
259	134.3
259.1	134.8
259.2	134.8
259.2	134.8
259.2	134.3
259.3	133
259.5	132
259.5	131.7
259.5	131.2
259.5	130.9
259.5	129.3
259.6	128.6
259.7	129.3
259.8	129.9
259.8	130.1
259.9	129.1
259.9	127.5
259.9	126.7
259.9	126
260.1	123.1
260.2	121.8
260.3	118.9
260.3	118.4
260.3	117.3
260.4	114
260.4	112.1
260.4	111.1
260.5	109.3
260.5	108.7
260.5	107.4
260.5	106.4
260.5	105.9
260.5	105.6
260.7	108.2
260.9	110.8
260.9	111.1
260.9	112.9
260.9	115.3
260.9	118.6
260.9	119.2
261	121.3
261.4	120
261.4	119.4
261.4	120.7
261.4	123.3
261.4	123.6
261.6	126.5
261.6	127.3
261.7	127.3
261.8	127.3
261.8	128.6
261.9	129.9
261.9	130.4
262.1	132
262.2	131.4
262.2	129.3
262.3	129.1
262.3	127.5
262.3	127.3
262.4	127.8
262.4	130.4
262.4	132.7
262.5	135.6
262.5	136.7
262.6	144
262.6	146.8
262.6	147.1
262.6	148.9
262.9	153.6
262.9	154.9
262.9	154.9
263	154.9
263	154.7
263	152.3
263.1	149.4
263.1	146.3
263.1	144.2
263.1	143.4
263.1	142.7
263.1	140.8
263.3	138.7
263.3	138.5
263.3	137.4
263.3	136.9
263.4	136.1
263.5	134.6
263.6	135.9
263.7	135.3
263.7	134.6
263.7	133.3
263.8	132.5
263.9	133.3
264.1	135.6
264.1	137.2
264.2	138.5
264.2	139
264.3	138.2
264.3	139.5
264.4	142.4
264.4	142.9
264.4	145.3
264.4	147.6
264.5	148.7
264.5	148.9
264.6	146.8
264.7	144.2
264.7	144
264.9	140
264.9	134.8
264.9	132.7
265	131.4
265	129.1
265	128.8
265.1	127.3
265.1	126.7
265.2	126
265.2	124.6
265.2	124.1
265.4	126.2
265.5	128
265.5	128.6
265.8	128
265.9	126
265.8	124.6
265.8	124.4
265.7	122.6
265.7	120.5
265.7	118.6
265.8	118.1
265.9	117.9
265.9	116.8
266	115
266	114.5
266	112.4
266	109.5
266	107.7
266	106.9
266	106.9
266	106.9
266.1	106.6
266.2	108
266.2	109.3
266.4	111.9
266.4	113.4
266.4	115.8
266.4	117.9
266.4	120.2
266.4	123.6
266.4	123.9
266.4	125.7
266.4	129.3
266.4	131.4
266.4	131.7
266.4	133
266.4	134
266.4	135.1
266.6	136.1
266.6	136.1
266.7	136.4
266.8	135.6
266.9	133
267	128.8
267	127.8
267.1	126
267.2	122
267.2	120.2
267.3	117.9
267.4	119.2
267.5	123.6
267.5	124.6
267.5	126.7
267.6	129.1
267.7	130.9
267.7	132.2
267.7	132.5
267.7	133.3
267.7	134.8
267.9	134.6
268	134.6
268	133.3
268.1	134
268.1	135.1
268.1	135.3
268.1	135.9
268.3	135.3
268.4	136.1
268.4	136.4
268.4	138
268.4	140
268.5	141.9
268.5	141.9
268.6	142.9
268.6	142.9
268.6	144
268.6	144.2
268.7	144.5
268.8	143.4
268.9	140
268.9	136.4
268.9	134.6
268.9	132.2
268.9	130.4
268.9	129.1
269	128.8
269.1	128.6
269.4	130.4
269.7	128.8
269.7	126.7
269.7	126.5
269.7	125.2
269.6	123.3
269.6	122
269.7	120.7
269.8	122
269.9	122.3
270	120.7
270.1	119.2
270.1	118.9
270.1	117.3
270.2	115.3
270.4	113.4
270.4	114
270.4	114.2
270.6	117.9
270.6	119.4
270.7	122.6
270.7	122.8
270.7	125.2
270.7	126.7
270.9	127
271	129.6
271	130.1
271.1	132.2
271.2	134.8
271.3	135.9
271.4	138.2
271.4	138.7
271.4	137.7
271.4	135.6
271.4	134
271.5	132.7
271.6	132.2
271.7	132.2
271.8	131.7
271.8	131.7
271.9	130.1
272	128.8
272.1	127.5
272.1	127.3
272.1	126.5
272.2	126
272.2	126
272.3	123.1
272.5	123.3
272.6	124.6
272.7	124.6
272.7	124.6
272.8	123.9
272.8	125.2
272.9	128.3
273	129.6
273	129.9
273.2	128.8
273.2	126.5
273.2	124.4
273.2	123.9
273.2	122.8
273.2	121.3
273.4	120
273.5	119.4
273.5	118.1
273.6	116.6
273.6	116
273.8	117.6
273.8	118.4
273.9	116.8
273.9	116.6
273.9	117.9
274	119.4
274	121.5
274.1	123.6
274.2	124.4
274.2	126.5
274.3	128.6
274.3	131.2
274.3	131.4
274.3	133.3
274.4	134.6
274.5	135.3
274.6	136.1
274.7	136.4
274.8	137.4
274.9	137.7
274.9	138
275	138.2
275.1	136.9
275.1	133.8
275.1	133
275.1	131.2
275.1	129.6
275.2	127
275.3	125.7
275.3	125.2
275.4	124.4
275.5	123.1
275.5	122.6
275.6	121.8
275.6	120.7
275.7	120.5
275.7	121.3
275.7	122.6
275.7	123.9
275.8	123.9
275.9	123.6
276	123.3
276	123.3
276	123.3
276.1	124.1
276.2	126.5
276.2	127.8
276.2	127.8
276.2	128
276.3	128
276.4	127.8
276.5	126.2
276.5	124.1
276.5	124.1
276.6	124.9
276.7	126.7
276.9	128.6
277	128.6
277	127.3
277	126.7
277	126.2
277	126
277.2	125.4
277.4	123.9
277.4	123.6
277.5	122.6
277.7	121
277.8	118.6
277.9	118.1
278.1	119.7
278.2	120.2
278.2	121.8
278.2	123.6
278.2	123.6
278.3	124.9
278.4	126.2
278.4	127
278.6	127
278.7	125.4
278.7	124.6
278.8	122.3
278.8	122
278.9	121.8
278.9	122.3
279	124.4
279	125.7
279	127.5
279.1	127.5
279.2	129.1
279.2	130.4
279.4	129.9
279.5	128.8
279.6	128.3
279.6	128.3
279.9	129.1
279.9	129.1
279.9	130.4
279.9	132.5
280	135.1
280.1	136.4
280.1	137.2
280.2	138
280.2	137.2
280.2	133.5
280.2	131.2
280.2	130.9
280.2	128.8
280.3	127.5
280.3	126
280.4	123.3
280.4	122.8
280.5	120.7
280.5	118.9
280.5	117.1
280.5	116
280.6	116
280.7	116.6
280.8	118.4
280.9	119.4
280.9	119.7
281	121.5
281.1	122.8
281.1	123.1
281.2	122.3
281.2	119.7
281.3	117.9
281.3	116.3
281.5	115.3
281.6	116.3
281.6	116.6
281.7	117.6
281.9	116.3
281.9	114.5
281.9	114.2
282	112.9
282	111.3
282.1	110
282.2	108
282.3	107.4
282.4	109.5
282.5	112.9
282.6	115.8
282.7	116.3
283	120.2
283	122.3
283	122.8
283	127
283	128.6
283	128.8
283	130.4
283	131.4
283.2	131.7
283.2	131.7
283.3	131.4
283.3	131.2
283.3	131.2
283.3	128.8
283.4	127.3
283.6	124.6
283.7	123.1
283.7	122.8
283.7	121
283.7	119.2
283.8	117.6
283.9	115.5
284	112.6
284.1	111.1
284.2	110.6
284.3	113.7
284.3	116
284.4	119.4
284.4	119.7
284.4	121.5
284.4	121.5
284.5	121
284.6	118.6
284.7	117.9
284.7	118.1
284.7	118.4
284.8	120
284.8	120.7
285	121
285.2	120
285.3	118.6
285.4	116.6
285.4	114.5
285.4	112.9
285.4	112.1
285.4	110.3
285.4	108.7
285.4	107.2
285.4	106.4
285.4	106.1
285.5	105.6
285.6	105.6
285.8	106.9
285.8	107.4
285.9	108.7
286	107.7
286.1	106.1
286.1	105.9
286.1	105.3
286.1	105.1
286.1	104
286.2	102.5
286.3	104
286.3	105.3
286.4	103.3
286.5	102.5
286.5	101.2
286.5	100.6
286.5	100.6
286.6	99.6
286.7	99.1
286.8	101.4
286.8	103
287	102.2
287	102.2
287	102.5
287.1	104.6
287.1	106.1
287.1	106.6
287.2	107.4
287.3	107.2
287.4	106.1
287.5	105.9
287.6	106.1
287.6	106.1
287.6	107.4
287.7	109.5
287.8	110.8
287.9	111.6
287.9	112.1
288	112.9
288.1	113.2
288.1	113.4
288.2	114
288.2	114.5
288.2	114.7
288.2	115
288.3	115
288.3	115.3
288.4	115.3
288.4	114.5
288.4	113.7
288.5	113.7
288.5	113.4
288.8	111.3
288.8	111.1
288.9	109.5
288.9	109.5
288.9	108.5
289	106.9
289	105.6
289	105.3
289.1	104.3
289.1	103.3
289.2	103.5
289.3	104.8
289.4	104.8
289.6	106.6
289.7	108.2
289.7	108.5
289.8	110.3
289.9	111.9
290.1	113.4
290.1	113.7
290.3	112.4
290.4	111.1
290.5	109.3
290.6	106.6
290.6	106.4
290.2	106.9
290.3	105.9
290.4	104.6
290.5	103.5
290.5	103.3
290.5	103.3
290.6	102
290.6	103.3
290.7	105.1
290.7	105.3
290.8	106.9
290.9	108.2
291	108.7
291	109.5
291.2	111.3
291.2	115
291.2	115
291.3	116.3
291.3	117.1
291.6	118.6
291.7	118.4
291.8	118.1
291.8	117.1
291.8	116
291.9	116
291.9	116.3
291.9	117.6
291.9	118.9
292.2	120.7
292.2	121
292.3	121.8
292.4	120.5
292.4	118.9
292.4	117.6
292.4	116.6
292.5	115.5
292.5	114.5
292.6	113.7
292.6	113.2
292.7	112.1
292.7	112.1
292.9	112.6
292.9	114
293	115.3
293	116
293	116.8
293	117.3
293	118.1
293	118.6
293.1	118.9
293.1	118.9
293.3	117.9
293.3	117.1
293.3	116
293.4	115.8
293.4	116
293.4	116.8
293.5	117.3
293.6	117.3
293.7	117.3
293.8	116.8
293.8	116
293.9	115.3
293.9	114.7
293.9	114.5
294	113.7
294	113.7
294.1	113.2
294.2	112.6
294.3	112.9
294.4	114.7
294.4	116.3
294.6	118.4
294.6	119.4
294.6	120.2
294.6	120.2
294.7	118.6
294.8	118.6
294.9	117.3
294.9	116
295	115.8
295.1	114.7
295.1	114.7
295.2	114.7
295.3	115.8
295.5	115.3
295.6	114
295.6	113.4
295.9	112.1
295.9	112.1
296	113.7
296.1	115.3
296.2	117.9
296.2	120
296.2	121.3
296.2	121.8
296.2	122.8
296.3	124.4
296.3	124.6
296.4	124.4
296.4	122
296.4	120.5
296.5	118.1
296.5	116
296.7	115.3
296.7	116
296.7	116
296.7	115.3
296.8	114.5
296.9	113.2
297	112.6
297.1	112.9
297.2	114
297.3	114
297.3	113.7
297.4	113.2
297.5	111.9
297.6	111.3
297.8	114.2
297.8	117.9
297.8	119.7
297.9	121.3
298	123.1
298.1	123.9
298.2	124.6
298.2	122.8
298.2	122.6
298.2	121.5
298.3	120
298.3	118.4
298.3	117.1
298.3	116.3
298.4	114.7
298.5	113.2
298.5	112.9
298.7	113.4
298.7	113.4
298.8	114.5
298.9	114.7
298.9	116.6
299	120
299	123.6
299	123.9
299	123.6
299.2	121.3
299.2	120.5
299.2	118.1
299.3	116.8
299.3	115.5
299.3	113.7
299.3	113.2
299.3	112.1
299.4	112.9
299.4	113.2
299.5	114.5
299.7	115.5
299.8	114.7
299.9	113.7
300.1	112.9
300.2	112.1
300.2	111.9
300.2	111.1
300.3	109.5
300.3	109.3
300.3	108.5
300.3	108
300.3	106.9
300.3	105.3
300.3	104
300.4	103.5
300.4	103.3
300.5	103
300.6	103.3
300.6	103
300.6	102.7
300.7	102.7
300.8	103.5
301	103.8
301	104
301.1	104.8
301.1	105.9
301.2	106.4
301.4	106.1
301.4	106.6
301.6	110.6
301.6	111.6
301.6	113.2
301.6	114
301.6	114.7
301.6	115.5
301.8	116.8
301.8	117.1
301.8	117.3
301.8	118.1
301.8	119.7
301.8	122
301.8	123.1
301.8	123.3
301.9	126
301.9	126.5
301.9	128
302	130.4
302.1	133.3
302.1	134.6
302.1	135.3
302.1	136.7
302.1	136.7
302.1	137.7
302.2	139.8
302.2	140.3
302.3	140.3
302.3	138.7
302.3	135.6
302.4	135.1
302.4	132.7
302.4	129.1
302.4	125.2
302.4	119.2
302.3	113.7
302.3	108.7
302.4	105.1
302.4	103.5
302.5	102
302.6	98.6
302.6	96
302.7	93.3
302.8	91
302.9	89.4
302.9	88.4
303.1	87.1
303.1	85.3
303.2	81.6
303.3	79
303.4	74.6
303.4	67.5
303.4	65.4
303.4	61.5
303.6	59.2
303.6	58.9
303.7	55.8
303.7	53.9
303.9	52.6
304.1	53.2
304.2	55.3
304.2	59.4
304.3	61.5
304.3	62
304.4	67.3
304.5	71.9
304.6	77.7
304.6	78.7
304.6	83.2
304.6	85.8
304.6	88.6
304.8	92.3
304.8	94.4
304.9	96
304.9	97.3
305	99.3
305	100.4
305.1	102
305.2	102.2
305.3	102.5
305.5	105.1
305.5	108.7
305.7	111.9
305.7	115
305.8	114.2
305.9	113.4
305.9	111.9
306.1	109.5
306.2	110
306.3	111.9
306.3	113.7
306.6	117.6
306.6	117.9
306.7	119.4
306.7	120.7
306.7	121.5
306.9	121.8
307.1	121.8
307.1	121
307.2	119.4
307.2	118.9
307.2	117.6
307.4	116.6
307.6	118.1
307.6	120.7
307.6	122
307.6	122.8
307.7	123.3
307.8	123.6
307.9	122.8
307.9	121.8
308	121.3
308	121.3
308.1	121.5
308.2	122.8
308.2	123.3
308.3	123.1
308.3	122.6
308.3	121.8
308.5	121.3
308.6	120.7
308.7	119.2
308.8	117.3
308.8	116.8
309	115
309.1	115.8
309.3	121
309.4	121.5
309.4	123.1
309.4	123.6
309.4	125.4
309.3	127.3
309.3	125.4
309.3	124.9
309.5	123.3
309.7	121
309.7	121
309.7	122.3
309.8	124.9
309.8	127.5
309.8	130.4
309.8	130.9
310	129.6
310.1	127.5
310.2	125.2
310.4	122.6
310.5	122.3
310.5	121.3
310.5	119.4
310.5	118.4
310.5	118.4
310.6	118.9
310.7	119.4
310.8	118.6
310.9	116.8
311	116.6
311.1	116.3
311.1	117.1
311.3	117.9
311.4	118.6
311.4	118.6
311.5	120
311.6	121.5
311.8	119.4
311.9	119.2
312	119.2
312.1	120.2
312.2	123.1
312.3	125.7
312.3	127.5
312.4	128.6
312.6	127.5
312.6	127.5
312.8	129.3
312.8	131.2
312.9	131.7
312.9	132
313	132.5
313.1	129.3
313.2	128
313.3	126.5
313.3	126
313.5	124.6
313.5	124.4
313.6	123.3
313.8	120
313.8	119.7
313.8	119.4
313.8	119.2
314.1	120.5
314.1	122.3
314.2	123.6
314.3	123.6
314.5	122.3
314.7	120.7
314.7	120.5
314.7	119.2
314.9	116.6
315.1	118.6
315.2	122
315.2	122.6
315.2	125.7
315.2	126.7
315.1	128
315.1	128.6
315.4	128.6
315.5	126.7
315.5	125.4
315.6	123.9
315.6	123.3
315.7	122.8
315.9	124.9
315.9	127.3
315.9	128
316	127
316.2	125.2
316.4	125.2
316.4	125.4
316.6	123.9
316.7	121.8
316.8	120
316.9	121
316.9	124.6
317.1	125.7
317.1	126.7
317.1	128
317.3	128.8
317.5	130.1
317.5	130.9
317.6	132.5
317.7	133.3
317.7	133.8
317.9	132.2
317.9	129.9
317.9	129.6
317.9	127.3
317.9	126
318	123.6
318	122
318.1	120.7
318.3	121.3
318.4	123.6
318.5	125.7
318.8	127
318.9	127
318.9	126
319	125.4
319	126
319.2	124.9
319.3	123.3
319.3	122.8
319.3	122.6
319.4	122.6
319.5	122.6
319.7	124.4
319.7	127
319.8	127.8
320	127.8
320	127.3
320.1	123.9
320.1	123.6
320.2	122.3
320.3	120
320.4	117.6
320.5	117.3
320.6	118.4
320.9	119.2
321.1	117.6
321.1	117.3
321.1	117.1
321	119.2
321	119.4
321	121.8
321	123.9
321.1	123.9
321.1	123.6
321.3	122
321.4	121.5
321.5	123.3
321.5	123.6
321.6	125.2
321.8	128.6
321.8	128.6
321.9	130.9
321.9	130.9
322.1	132.5
322.1	133
322.2	133.5
322.3	132.2
322.3	129.9
322.3	128
322.4	127.3
322.5	128.8
322.5	130.4
322.8	131.2
322.9	131.4
323.1	130.6
323.2	130.1
323.4	128.6
323.4	126.7
323.4	126.5
323.3	124.4
323.3	122.6
323.3	120.7
323.4	118.6
323.5	116.3
323.5	116
323.6	115.3
323.8	116.6
323.8	116.8
323.9	120.5
324.1	124.4
324.2	126.7
324.3	127.5
324.4	128
324.5	128.3
324.5	132
324.5	132.5
324.5	133
324.6	134.3
324.7	134.3
324.8	134.8
324.9	134
325	132
325.1	129.6
325.1	128
325.1	126.7
325.1	125.7
325.1	125.7
325.1	126
325.2	127
325.4	127
325.5	126.5
325.6	126.2
325.6	128
325.7	128.8
325.6	126.2
325.6	125.7
325.6	124.6
325.6	124.9
325.7	125.7
325.8	127.3
326	127.3
326.2	127.8
326.2	129.6
326.4	131.4
326.5	131.4
326.5	129.1
326.6	128.3
326.7	128.3
326.8	126
326.9	123.3
326.9	121
327	120.2
327	118.6
327.1	116.3
327.1	116.3
327.3	119.2
327.4	121
327.5	122
327.5	122.6
327.7	120.7
327.8	119.7
327.8	118.1
327.8	116
327.8	116
327.8	117.1
328	118.9
328	119.2
328.2	118.6
328.3	116.6
328.3	116
328.3	114.7
328.4	113.2
328.6	112.1
328.7	113.7
328.8	116.3
328.8	120.5
329	123.3
329	127.3
329	129.6
329	130.4
329	130.6
329	131.4
329	131.7
329.1	132
329.3	130.1
329.4	129.3
329.6	130.1
329.6	130.1
329.9	128.6
329.9	126.2
330	124.1
330.1	122.6
330.2	120.5
330.3	117.9
330.3	115.3
330.3	114.7
330.4	114.7
330.4	116.3
330.5	118.1
330.6	121.3
330.6	122.8
330.6	124.1
330.7	126
330.7	126.7
330.8	128
330.8	127.8
330.9	126.7
331.2	124.1
331.2	123.1
331.2	122.6
331.2	123.6
331.2	123.9
331.3	126
331.5	128.8
331.6	129.3
331.6	128
331.7	130.4
331.7	131.7
331.8	132.2
331.9	132
332	128.8
332	127.3
332.1	124.9
332.2	125.2
332.2	125.4
332.2	127
332.3	127
332.3	127
332.4	124.9
332.5	121.5
332.6	120.7
332.7	119.2
333	114.7
333	115.3
333.1	117.6
333.1	120.5
333.1	121
333.3	122.6
333.4	123.1
333.5	123.1
333.6	122
333.8	121
333.8	121
334	121.8
334	122.3
334	122.6
334	122
334.1	121
334.2	120.7
334.2	121.8
334.2	122
334.2	122.3
334.4	121.8
334.4	121.8
334.4	120.5
334.6	121
334.6	122.3
334.6	122.6
334.7	121.8
334.9	120
335	119.7
335	121.5
335	123.1
335	123.3
335.1	123.3
335.3	122.3
335.4	122.6
335.5	124.6
335.7	123.6
335.8	122.8
335.8	124.6
335.9	125.7
335.9	126.2
336.1	126.5
336.3	127.3
336.3	128.8
336.3	129.1
336.4	130.6
336.4	131.7
336.6	132.2
336.6	132
336.7	130.4
336.8	128
336.8	127.5
336.9	127.8
336.9	130.9
337	133.3
337.1	136.1
337.1	136.4
337.2	138
337.2	139.5
337.3	140.8
337.4	141.6
337.4	142.4
337.5	144.2
337.8	143.2
337.8	142.4
337.9	141.3
337.9	138.5
338	136.4
338	135.6
338	134.3
338	132.7
338	130.6
338	130.6
338	128.8
337.9	126.7
337.9	125.7
337.9	123.9
337.9	122.3
338	120.2
338.1	120
338.3	121.8
338.4	123.6
338.4	123.9
338.5	124.9
338.5	125.4
338.5	125.4
338.5	126.2
338.7	126.7
338.8	127
338.8	126.2
338.8	123.3
338.8	122
338.8	120.7
339	118.6
339.1	117.6
339.1	117.3
339.1	115.3
339.3	114.5
339.3	114.2
339.4	116
339.5	116.6
339.7	116
339.7	115.8
339.7	115.8
339.7	116.3
339.7	119.2
339.8	121.8
339.8	123.6
339.8	125.2
340	127.3
340.1	127.8
340.1	128.3
340.2	130.4
340.2	131.2
340.3	132
340.4	133.3
340.5	133.5
340.6	132.2
340.6	132.2
340.8	130.9
340.8	128.6
340.9	127
341.1	126.2
341.2	125.7
341.3	128
341.3	129.3
341.4	128
341.6	129.9
341.6	131.4
341.7	133
341.7	134
341.8	133
342	131.7
342.2	130.6
342.4	132.5
342.5	135.6
342.6	136.1
342.6	135.3
342.7	134.3
342.9	133.8
343	132.2
343.1	130.9
343.1	130.6
343.1	129.1
343.1	127.3
343.1	126.2
343.3	128.3
343.3	131.7
343.3	132.5
343.4	132.2
343.5	130.6
343.5	130.1
343.5	129.1
343.6	127.5
343.7	126.7
343.9	126
344.1	127.3
344.1	129.1
344.1	130.6
344.2	132.5
344.2	132.7
344.3	132.5
344.4	130.6
344.5	128.3
344.5	126.7
344.5	124.9
344.5	123.3
344.7	121.5
344.9	121.3
345	121.3
345.1	124.6
345.1	125.4
345.1	127.3
345.2	128.6
345.3	130.1
345.3	130.4
345.3	131.2
345.4	131.7
345.4	132
345.4	132
345.5	130.9
345.5	130.6
345.6	129.6
345.7	128.8
345.9	129.9
345.9	130.1
345.9	132.5
345.9	132.7
346	133.3
346	134.3
346.1	134.8
346.1	135.1
346.1	135.3
346.2	135.9
346.3	135.1
346.3	134.8
346.3	134.3
346.4	133.5
346.5	132.5
346.8	131.7
347	133.5
347.1	135.3
347.2	136.4
347.4	137.4
347.4	137.7
347.6	137.4
347.6	135.3
347.6	133.8
347.7	133.5
347.7	132.7
347.7	131.4
347.7	130.4
347.8	129.3
347.8	127.8
347.8	128
347.8	129.9
347.8	131.2
347.8	132
348	132
348	131.2
348	130.1
348.1	130.4
348.2	130.9
348.4	130.6
348.4	130.4
348.4	128.6
348.5	127.5
348.5	125.7
348.5	124.6
348.6	123.3
348.6	122.8
348.6	122.8
348.7	123.1
348.8	123.1
348.8	123.9
348.9	124.6
349.2	126.5
349.2	126.7
349.2	127
349.3	127.8
349.4	127.8
349.5	126.5
349.5	124.4
349.6	123.9
349.6	122.8
349.6	122
349.8	122.3
349.9	122.3
349.9	122
349.9	121.3
349.9	120.5
350	120.2
350.1	120.2
350.3	121
350.3	121
350.4	121.5
350.4	121.8
350.5	121.5
350.6	120.2
350.7	118.9
350.6	118.9
350.6	117.1
350.6	117.1
350.7	116.8
350.8	116.3
350.9	116
351	117.3
351	117.9
351.1	119.7
351.1	120.5
351.2	121.8
351.3	123.1
351.3	123.6
351.3	125.2
351.3	127.3
351.5	127.5
351.5	128.6
351.6	131.4
351.6	133.5
351.6	133.8
351.6	135.6
351.6	135.9
351.7	137.2
351.8	139.3
351.8	140.3
351.8	142.1
351.9	143.4
351.9	143.4
352	141.9
352	140.3
352.1	138.5
352.2	136.1
352.2	135.3
352.3	133.8
352.3	133
352.4	131.4
352.4	131.7
352.5	133.5
352.6	135.1
352.6	135.3
352.6	136.4
352.7	137.7
352.8	138
352.8	137.2
352.8	134.6
352.8	132.5
352.9	130.9
352.9	128
353.1	126.5
353.1	125.7
353.1	122.6
353.1	122.3
353.1	120.7
353.3	122
353.4	124.1
353.6	128
353.6	129.6
353.6	132
353.6	132.2
353.7	132.2
353.8	130.9
354	129.6
354	128.6
354	129.1
354	130.1
354.2	132.7
354.3	133.8
354.3	134
354.3	134.6
354.5	135.1
354.6	134.8
354.6	133
354.7	133
354.8	134.3
354.8	135.6
355	136.9
355.1	136.9
355.2	134.6
355.2	132.7
355.2	131.2
355.3	128.8
355.3	127.8
355.3	127.3
355.4	126
355.4	125.4
355.4	124.4
355.5	124.1
355.5	124.1
355.8	127.3
355.9	128.8
355.9	130.1
355.9	130.6
356.1	129.1
356.1	127.3
356.1	126.2
356.2	128.8
356.3	130.1
356.3	130.4
356.3	131.4
356.5	130.1
356.5	128.6
356.7	129.1
356.9	129.9
357	129.6
357	128.8
357.1	127.8
357.1	126
357.3	123.6
357.4	122.6
357.6	125.2
357.6	126.5
357.7	128.3
357.7	129.9
357.7	131.4
357.7	132.7
357.7	136.9
357.7	137.2
357.8	135.9
358	133.5
358	131.2
358	129.3
358.2	127
358.2	124.6
358.2	123.6
358.4	126
358.4	126.5
358.5	128
358.6	128.6
358.6	128.3
358.6	126.5
358.8	124.1
358.8	123.9
358.8	123.1
358.8	122.8
359	120.2
359.2	119.7
359.2	121
359.3	122.6
359.4	122.8
359.4	122.6
359.5	120.2
359.6	118.1
359.6	115
359.7	112.4
359.9	110.6
360	109.5
360	109.5
360.1	109.8
360.1	112.1
360.1	112.4
360.1	116
360.3	117.9
360.4	119.4
360.5	118.6
360.5	120
360.5	120.5
360.7	122.8
360.7	122.8
360.8	125.7
360.8	129.9
360.9	133
361	134
361.1	135.3
361.2	137.4
361.4	138.2
361.4	137.2
361.4	135.6
361.6	133.8
361.7	132
361.7	131.2
361.7	130.4
361.7	129.1
361.7	128.8
361.8	128.3
362	127
362	125.2
362	124.6
362.1	125.7
362.2	127.5
362.2	129.6
362.4	130.4
362.5	130.9
362.6	129.9
362.6	128.6
362.6	128.3
362.6	127
362.6	126
362.6	125.4
362.8	124.4
362.9	123.1
363	122.3
363.3	122
363.3	120.7
363.3	120.2
363.3	122.6
363.4	123.3
363.4	123.6
363.5	123.6
363.5	122.3
363.5	121.3
363.8	119.4
363.9	120.5
363.9	123.1
363.9	123.1
364	125.4
364.2	128.3
364.3	129.1
364.4	127
364.5	124.6
364.5	122.6
364.7	120
364.7	118.9
364.7	117.9
364.9	116.8
365	117.9
365	118.1
365	122.3
365.1	124.9
365.2	129.1
365.2	131.7
365.2	134.3
365.3	134.8
365.4	137.2
365.5	141.6
365.5	142.9
365.6	143.4
365.6	143.4
365.8	140.8
365.8	139
365.8	136.7
365.8	135.3
366	133.5
366.2	132
366.2	130.6
366.3	130.4
366.3	130.9
366.3	133
366.3	133.3
366.3	138.5
366.6	140.6
366.6	141.6
366.8	139.8
366.8	139.3
366.9	133.8
367	133
367	131.2
367	130.4
367	128.3
366.9	124.1
366.9	123.6
366.8	121.5
366.8	119.2
366.9	118.1
367	116.6
367.2	115
367.2	114
367.2	113.7
367.3	112.1
367.3	111.6
367.3	110.6
367.3	110.3
367.5	112.6
367.6	115.5
367.7	117.6
367.8	119.7
367.9	120.2
367.9	121
368	122.8
368	123.1
368.1	123.6
368.2	121.3
368.4	120.7
368.5	122
368.6	124.4
368.7	126.5
368.7	129.6
368.7	129.9
368.8	131.2
369	130.4
369	130.4
369	131.2
369.2	136.7
369.2	137.2
369.3	135.3
369.3	131.4
369.3	130.1
369.3	128.8
369.3	128
369.5	125.7
369.6	122
369.7	120
369.7	120
369.8	119.2
369.9	117.3
370	117.1
370	116
370	115.8
370.1	116.8
370.1	118.1
370.2	119.7
370.2	121
370.4	122
370.6	122.3
370.7	123.6
370.8	124.6
370.9	126.2
371	127
371	128
371.2	128
371.4	127.5
371.5	125.2
371.7	124.4
371.7	124.4
371.9	124.1
371.9	122
372	120.5
372.1	118.4
372.1	116.8
372.1	116.3
372.1	115.5
372.5	112.6
372.8	108.5
372.8	108.2
372.8	110.8
372.8	113.7
372.7	118.1
372.7	120.2
372.7	122.6
372.8	125.4
373.1	127.8
373.2	128.6
373.2	131.2
373.2	132.5
373.3	134.6
373.4	134.8
373.4	135.1
373.5	137.2
373.6	137.2
373.7	134.3
373.7	130.6
373.7	128.8
373.7	128
373.7	126.5
374	124.9
374.3	123.3
374.4	121.8
374.4	120
374.4	119.2
374.4	117.6
374.4	115
374.3	112.1
374.4	110.6
374.5	109.3
374.5	109
374.7	108
374.7	108
374.8	108
374.9	109.8
374.9	112.4
374.9	113.2
375	114.5
375.2	119.4
375.2	120.7
375.3	123.6
375.3	123.6
375.3	124.6
375.5	128.6
375.5	128.6
375.5	130.9
375.6	133
375.6	135.1
375.6	137.7
375.7	139.8
375.7	140.8
375.7	143.2
375.7	145.8
375.7	147.6
375.8	149.2
375.8	149.4
375.9	150.2
376	150.5
376	150.2
376	147.1
376	146.6
376	145.3
376.2	144
376.3	142.4
376.3	142.1
376.3	140.3
376.4	138.2
376.6	136.4
376.7	134.8
376.9	133.5
377	134
377	134.8
377.3	133.3
377.4	132.2
377.4	131.2
377.4	129.9
377.4	129.6
377.6	129.1
377.7	127.5
377.8	127.3
377.8	125.4
377.8	123.6
377.8	121.5
377.8	121.3
377.8	119.7
377.8	117.9
378	116.3
378.1	116.6
378.1	118.6
378.1	120
378.2	122
378.2	123.1
378.2	123.3
378.3	123.3
378.3	122.6
378.4	120.7
378.5	118.9
378.6	116.8
378.7	115.8
378.7	115.8
378.9	116.8
379	117.9
379	119.2
379	121.3
379	122.8
379	123.3
379	126
379	126.7
379	127
379.1	127.3
379.2	127
379.3	126.2
379.4	126.2
379.5	125.7
379.5	125.7
379.6	127
379.6	127.3
379.6	128.3
379.8	129.3
379.8	129.3
379.8	127.8
379.8	127.5
379.8	126.2
379.9	124.9
379.9	124.4
380.3	123.3
380.5	125.2
380.7	127
380.7	127
380.7	127.8
380.8	128.8
380.9	127.3
381	125.2
381	124.9
381.1	122.6
381.2	120.2
381.5	119.4
381.6	120.5
381.7	121
381.7	119.2
381.9	116.8
381.9	115
382	111.3
382.1	111.1
382	115.5
382.1	119.7
382.1	123.6
382.2	124.6
382.2	126.2
382.2	126.5
382.3	127.8
382.4	131.4
382.4	132
382.4	131.4
382.5	128.8
382.6	126.5
382.8	124.6
382.9	123.6
383	121.8
383	118.4
383.2	115.8
383.3	113.7
383.3	112.6
383.2	110.6
383.2	109.3
383.4	107.7
383.5	105.3
383.5	103.8
383.5	102.7
383.6	104.8
383.6	105.6
383.6	108.2
383.6	112.4
383.6	112.9
383.6	113.7
383.6	115
383.7	115.5
383.8	116
383.8	116.3
383.9	116.3
384.2	115.8
384.2	112.6
384.3	110
384.3	107.2
384.3	105.1
384.3	103
384.3	100.6
384.5	101.7
384.6	103.8
384.7	104
384.7	105.6
384.8	106.1
384.8	104
384.9	101.4
384.9	97.3
384.9	94.6
384.9	92.8
385	91
385	91
385	90
385.1	89.4
385.2	88.6
385.3	86.6
385.5	84.7
385.5	86
385.6	87.9
385.6	90.2
385.6	92.6
385.7	94.4
385.7	95.2
385.9	103.8
386	114.2
386.2	118.6
386.3	123.6
386.4	125.2
386.4	127
386.4	129.3
386.4	129.6
386.4	130.1
386.5	128.8
386.6	128.3
386.6	124.9
386.7	123.3
386.8	125.4
386.9	127.5
387.1	129.1
387.3	131.2
387.4	132
387.5	131.7
387.5	128.8
387.5	128.6
387.6	127.5
387.9	124.6
387.9	122.8
388	119.7
388.1	116.3
388.1	114
388.1	113.4
388.4	111.9
388.4	109.3
388.4	109
388.5	105.6
388.5	105.1
388.5	102.7
388.5	100.6
388.5	98
388.5	97.8
388.7	97.5
388.9	98.8
388.9	101.4
388.9	101.4
388.9	103.5
388.9	105.6
388.9	105.6
389.1	104.8
389.2	100.9
389.3	98.8
389.3	97.5
389.4	95.4
389.5	92.3
389.5	91.5
389.6	89.7
389.6	87.9
389.6	87.1
389.6	85.8
389.6	83.2
389.7	82.4
389.7	82.9
389.9	86
390.1	88.1
390.2	89.2
390.2	89.2
390.2	91.8
390.3	95.2
390.3	96.7
390.3	97.8
390.4	98.8
390.5	99.3
390.5	99.6
390.8	98.6
390.8	98.6
390.9	98.8
391	97.5
391.1	95.4
391.2	93.6
391.3	91.8
391.4	90.7
391.6	88.6
391.6	90.2
391.6	92.8
391.7	93.1
391.7	94.9
391.7	96
391.9	101.2
392	101.4
392.1	103.3
392.2	103.8
392.3	102.7
392.3	100.4
392.3	99.1
392.3	97
392.3	96.2
392.3	94.9
392.5	94.6
392.6	97
392.9	99.9
392.9	100.6
392.9	100.9
393	100.4
393.1	98.6
393.1	97.8
393.1	97
393.4	96.2
393.5	97.3
393.7	98.8
393.8	99.6
393.9	101.2
393.9	103.5
393.9	103.5
394.1	108.5
394.2	111.3
394.3	114.7
394.4	114.7
394.5	113.7
394.6	110.6
394.7	107.2
394.7	104
394.5	101.7
394.5	98.3
394.5	96
394.6	93.9
394.8	95.2
395	94.9
395	93.6
395.1	93.6
395.2	93.3
395.2	96
395.2	97.5
395.3	100.9
395.6	107.4
395.6	109
395.6	112.6
395.6	114.2
395.6	116
395.6	117.1
395.7	117.1
395.8	115
395.9	114.5
395.9	114
396.1	115.5
396.2	114
396.2	113.2
396.3	110.8
396.3	107.7
396.3	107.2
396.3	106.4
396.3	102.7
396.3	102.5
396.2	100.1
396.2	98.8
396.3	96.5
396.3	95.4
396.4	92.8
396.4	92.6
396.6	90.5
396.7	92.3
396.7	93.6
396.7	96
396.8	96.2
396.8	98.3
396.8	100.4
397.1	103.3
397.1	103.5
397.2	103.8
397.3	102.2
397.3	100.6
397.3	98.8
397.3	97.3
397.4	95.7
397.4	95.2
397.4	93.3
397.4	91.8
397.5	90.7
397.6	90.7
397.6	91
397.7	93.9
397.7	94.4
398	98.8
398.1	100.9
398.1	103.3
398.1	104.8
398.2	105.6
398.5	106.6
398.6	105.9
398.6	105.3
398.6	105.1
398.6	105.1
398.8	106.4
398.9	107.2
399.1	108.2
399.2	106.6
399.3	105.9
399.3	104.6
399.3	102.7
399.3	102
399.5	101.2
399.6	101.2
399.7	101.2
399.8	101.4
400	102.2
400.1	104.3
400.1	104.8
400.2	106.9
400.2	109.5
400.2	109.8
400.2	111.3
400.3	112.6
400.4	115
400.5	115.8
400.8	115.8
400.8	114
400.8	110.6
400.8	107.7
400.8	106.4
400.8	105.3
400.9	102.7
400.9	101.7
401.1	98.6
401.1	98.3
401.1	96.7
401.1	96.2
401.2	94.9
401.2	92.8
401.2	92.8
401.4	92.8
401.5	92.8
401.7	93.9
401.8	96.5
401.9	97.5
401.9	98.6
401.9	98.8
401.9	98.8
401.9	97.3
402	95.4
402	95.4
402	93.9
402.1	93.6
402.2	92.6
402.3	92
402.3	94.4
402.3	96.5
402.5	100.4
402.5	101.4
402.5	102.5
402.5	104
402.7	104.3
402.8	103.8
402.9	104.3
402.9	105.9
402.9	106.1
403	108
403.1	109.3
403.2	109
403.3	108.7
403.4	108.2
403.6	110
403.6	112.1
403.7	114.5
403.8	115.5
403.9	117.3
404	117.6
404.1	115.8
404.1	114.2
404.1	112.4
404.2	110.6
404.2	110
404.4	110.8
404.5	111.6
404.5	111.9
404.6	110.6
404.6	110.3
404.6	109
404.6	107.7
404.6	106.4
404.8	106.4
404.8	106.4
404.8	106.4
404.9	107.7
404.9	109.8
405	110.6
405	112.1
405.2	113.4
405.2	113.7
405.3	114.7
405.3	116.3
405.4	116.6
405.5	116
405.6	114.7
405.6	113.7
405.7	113.7
405.7	114.2
405.8	114.5
405.9	113.7
406	112.4
406.2	112.9
406.2	113.2
406.3	113.7
406.3	113.7
406.3	113.7
406.5	112.4
406.5	111.3
406.5	109.8
406.6	109.3
406.7	107.4
406.7	107.4
406.8	108.7
406.9	110.6
406.9	110.8
406.9	110.8
407	112.4
407.1	114.2
407.1	115
407.1	115.3
407.3	112.4
407.3	109.8
407.4	108
407.4	106.1
407.5	103.8
407.5	101.7
407.6	101.7
407.6	102
407.7	103.5
407.8	105.9
407.8	106.1
407.9	109.3
407.9	109.5
407.9	109.8
408.2	110.3
408.3	110
408.3	108.5
408.4	108
408.4	106.6
408.6	105.3
408.6	106.6
408.7	107.2
408.7	108.5
408.8	109.8
409	109.8
409.1	109.5
409.3	111.1
409.3	113.2
409.4	113.4
409.5	112.9
409.6	111.3
409.6	110.3
409.7	108.5
409.7	107.7
409.9	107.7
410	108.5
410.3	109
410.4	107.2
410.4	107.7
410.4	111.3
410.5	111.3
410.7	109.3
410.7	107.7
410.8	107.4
410.9	108
411	109.8
411.1	111.1
411.2	110.8
411.4	110
411.5	109.5
411.8	108.5
411.8	107.4
412	106.4
412	106.4
412.1	107.4
412.2	106.9
412.3	106.4
412.5	107.7
412.7	110.6
412.8	112.1
412.9	114.2
413	116.3
413	116.6
413	118.6
413.1	121.8
413.1	122
413.1	124.4
413.2	124.9
413.2	126
413.3	127.5
413.3	127.8
413.4	130.6
413.4	130.6
413.5	130.4
413.7	127.8
413.7	126
413.8	124.1
413.8	123.3
413.9	123.6
413.9	125.7
414	128.3
414.1	130.4
414.3	130.1
414.4	128.3
414.5	125.7
414.5	124.4
414.7	122.8
414.7	122.6
415	122.8
414.9	125.2
414.9	126.7
415.1	127
415.2	128
415.3	129.9
415.4	130.9
415.5	132.7
415.5	134
415.7	134.8
415.8	132.7
415.9	130.6
415.9	129.6
416	127.3
416	126.5
416	125.2
416	123.3
416	123.1
416.2	121.5
416.3	120.5
416.6	121.5
416.6	123.6
416.7	126
416.9	127.3
417	128.3
417.1	128.3
417.1	128.6
417.2	128.8
417.2	130.1
417.2	130.4
417.4	130.1
417.5	130.1
417.5	131.2
417.5	132.5
417.5	133
417.5	133.3
417.7	131.7
417.7	130.9
417.7	129.6
417.9	128
418	127.3
418.2	128
418.3	128.6
418.4	128
418.4	125.7
418.5	124.1
418.5	123.9
418.4	120.5
418.4	118.6
418.5	117.9
418.6	117.9
418.6	118.6
418.6	118.6
418.8	118.6
418.9	118.4
419.1	117.1
419.2	116.8
419.2	119.2
419.3	121.5
419.3	121.8
419.4	121
419.4	118.9
419.4	118.6
419.4	115.3
419.4	115.3
419.5	114.5
419.7	114.5
419.7	116.6
419.8	117.9
419.9	118.9
420.1	118.4
420.2	119.2
420.3	120
420.4	121.8
420.5	123.9
420.5	123.9
420.6	125.2
420.9	125.4
420.9	122.6
420.9	119.4
420.8	117.6
420.7	115.3
420.7	113.7
420.7	112.4
420.8	112.1
421	112.1
421.2	113.4
421.3	116.3
421.4	119.7
421.4	122.3
421.4	123.9
421.4	125.4
421.4	126.5
421.6	126.7
421.7	126
421.8	126.5
421.9	127
421.9	127.3
422.1	127.3
422.1	124.1
422.1	122
422.1	121.3
422.2	120
422.3	118.1
422.3	116.8
422.5	115.5
422.6	116.6
422.6	117.3
422.7	120
422.9	121.8
422.9	122.8
423	124.9
423	125.2
423	126.2
423	127.5
423.1	128.6
423.2	128
423.2	127.8
423.2	128
423.3	125.4
423.4	123.9
423.5	122
423.5	121.8
423.5	121.8
423.5	124.6
423.5	124.9
423.6	126.5
423.8	126.5
424	126
424	125.7
424.1	124.9
424.2	123.6
424.2	122.3
424.2	121.3
424.3	120.2
424.3	120
424.3	119.4
424.5	119.2
424.7	118.9
424.8	120.2
424.8	121.3
424.9	122.6
424.9	122.8
425.1	122.3
425.1	122.3
425.2	122.8
425.2	122.3
425.2	121.3
425.3	120.2
425.3	119.4
425.4	118.9
425.5	117.9
425.6	117.1
425.6	116.6
425.6	116.8
425.7	118.4
425.7	117.9
425.8	120.2
425.9	120.7
426.1	121.8
426.2	121.8
426.5	123.6
426.5	124.9
426.5	126.2
426.6	127
426.6	128.8
426.7	129.6
426.7	129.6
426.7	128.6
426.7	127
426.7	125.7
426.9	124.6
426.9	124.1
427	123.3
427	123.1
427.1	122.8
427.3	123.6
427.4	124.4
427.4	124.6
427.4	126.7
427.5	128.8
427.5	129.6
427.5	130.4
427.5	130.4
427.5	130.6
427.7	130.9
427.7	131.2
427.8	131.2
428	130.1
428	129.9
428.1	127.3
428.1	125.4
428.2	124.6
428.3	122.8
428.3	121.5
428.5	119.7
428.5	118.6
428.6	119.7
428.6	122.3
428.7	125.4
428.8	129.6
428.9	131.4
429	133.5
429.1	135.3
429.1	135.6
429.2	136.1
429.3	134.3
429.2	130.9
429.3	128.3
429.6	126.2
429.7	123.1
429.6	121
429.6	120.7
429.6	118.9
429.6	117.1
429.6	116.8
429.6	114.7
429.7	114
429.8	115.3
429.9	116.8
430	118.1
430	119.4
430.1	121.8
430.3	124.4
430.3	126
430.4	128.3
430.4	130.6
430.5	132.5
430.6	133.5
430.7	134
430.9	136.7
431	137.4
431.1	138
431.2	138
431.2	137.4
431.2	134.8
431.2	132.7
431.2	132.5
431.3	130.1
431.5	128.6
431.5	128.3
431.5	126.7
431.5	126.2
431.6	128
431.6	127.5
431.7	126
431.9	124.6
432	126
432.1	127
432.1	127.5
432.2	128
432.3	127.3
432.3	125.7
432.3	125.2
432.4	123.6
432.4	123.3
432.6	122.8
432.7	124.4
432.7	126
432.7	127.8
432.7	128
432.7	129.1
432.8	128.6
432.8	128.3
433	126.7
433.1	125.4
433.1	125.4
433.2	127.5
433.3	128.3
433.4	129.3
433.4	131.2
433.6	132.5
433.7	134.3
433.7	135.6
433.8	137.2
433.8	138.2
433.9	138.5
434.1	141.1
434.1	142.4
434.1	143.2
434.1	143.4
434.2	144.2
434.3	144.7
434.3	144.7
434.4	145.5
434.6	145.8
434.6	145.8
434.5	143.2
434.5	142.7
434.6	140
434.7	138.7
434.7	138.5
434.9	137.4
435	135.3
435	134.8
435	137.4
435	138
435.1	136.1
435.2	134
435.3	132.7
435.3	130.4
435.3	132.5
435.3	135.3
435.3	138.2
435.4	139.3
435.6	139.3
435.7	139.3
435.9	136.9
435.9	136.1
435.9	134.3
436	132.5
436.1	130.4
436.3	131.2
436.4	135.1
436.4	138
436.4	140
436.4	141.1
436.4	141.6
436.6	141.3
436.7	137.7
436.7	135.9
436.8	135.6
436.8	132.7
436.8	130.1
436.9	127.8
437	124.6
437.1	122.8
437.2	121.3
437.2	123.1
437.2	123.9
437.5	122.8
437.7	122
437.8	123.6
437.8	124.6
437.8	126.7
437.9	127.8
438	128.6
438	128.8
438.1	130.1
438.2	131.2
438.3	131.2
438.4	131.4
438.5	131.2
438.7	129.6
438.9	128.6
439.1	127
439.1	125.7
439.2	124.6
439.2	123.6
439.4	122.8
439.5	124.1
439.5	126
439.7	126.5
439.9	124.4
440.1	122.6
440.2	123.6
440.4	126.7
440.4	128.8
440.5	128
440.6	126.7
440.8	128
440.8	128
440.8	128.3
440.9	128
441	125.4
441	124.9
441.2	123.3
441.2	124.9
441.2	128
441.2	128.3
441.3	130.4
441.3	132.7
441.3	134.6
441.3	136.1
441.4	136.4
441.4	136.9
441.5	138.2
441.6	138.7
441.7	139
441.8	136.7
441.8	134.8
441.9	133.3
441.9	132
442.1	132
442.2	133
442.2	134.8
442.4	135.9
442.5	135.1
442.5	131.4
442.6	129.1
442.6	128.6
442.7	128
442.9	129.1
443	131.4
443	133.3
443.2	133.5
443.2	133.3
443.3	131.4
443.3	129.6
443.3	128.6
443.4	130.1
443.5	133
443.5	134.3
443.5	135.6
443.9	135.3
444	133.5
444	133.3
444.1	132.7
444.2	135.1
444.2	137.2
444.3	138.2
444.4	139.5
444.4	139.5
444.6	140.3
444.7	137.7
444.7	135.3
444.6	133.8
444.8	134
445	135.6
445.1	133.8
445.2	131.4
445.4	129.6
445.5	127.5
445.5	125.4
445.7	124.4
445.8	127
445.8	127.8
445.7	129.9
445.7	132.5
445.7	132.7
445.8	134.8
445.9	137.2
445.9	139
446	139.3
446.1	138.5
446.3	136.9
446.4	135.1
446.4	133.5
446.4	132.2
446.7	130.9
446.7	128.8
446.8	127
446.9	125.4
446.9	125.2
447	125.2
446.9	128
446.9	128.3
446.9	130.1
447	131.4
447.2	132.7
447.3	134.8
447.3	136.1
447.3	137.4
447.3	138.7
447.4	137.7
447.5	136.4
447.8	134
447.8	134.8
447.8	136.9
447.8	138.2
448	138.7
448.1	140.3
448.2	140.8
448.4	141.6
448.5	142.1
448.6	141.9
448.6	140
448.6	138.5
448.6	137.7
448.7	136.1
448.8	133.8
448.8	132.7
449	132
449.1	130.4
449.1	129.3
449.3	129.3
449.4	131.4
449.5	133.8
449.5	135.3
449.5	136.7
449.5	137.2
449.6	138.5
449.7	139
449.8	139.8
449.8	140.6
449.9	141.6
450	141.9
450.1	141.1
450.1	140.3
450.1	138
450.2	136.4
450.3	135.3
450.4	134.6
450.5	133.8
450.5	133.5
450.6	133.5
450.6	132.2
450.6	131.4
450.7	129.3
450.8	127.3
450.9	125.2
451	123.9
451.1	125.7
451.1	127.3
451.2	130.1
451.2	131.4
451.4	133
451.4	133
451.4	134
451.5	135.9
451.5	136.1
451.5	136.1
451.6	136.1
451.6	135.9
451.7	135.1
451.7	133.8
451.7	133.3
451.9	130.9
451.9	130.4
451.9	129.3
451.9	128.8
452	128.6
452	128.8
452.2	130.9
452.2	131.2
452.2	131.4
452.3	132
452.3	132.5
452.4	132
452.4	130.4
452.5	129.6
452.5	129.1
452.7	128
452.8	127.5
452.9	127
453.1	126
453.1	124.6
453.1	124.4
453.1	123.3
453.2	122
453.2	121.8
453.2	120.2
453.3	120.7
453.3	121.3
453.3	121.8
453.3	122.3
453.4	122.6
453.4	122.8
453.5	122.6
453.6	122.3
453.7	122.8
453.8	123.6
453.8	123.9
453.8	128.6
453.8	129.6
453.8	130.4
453.9	131.4
454	133.3
454	134.6
454.1	136.1
454.1	137.2
454.1	138
454.2	139.8
454.4	141.6
454.4	143.2
454.4	144.2
454.5	145.5
454.5	146.6
454.6	148.4
454.6	148.7
454.6	148.7
454.7	148.7
454.7	148.7
454.8	148.1
454.9	146.3
455.1	143.7
455.2	142.1
455.3	141.1
455.3	140.3
455.3	138.2
455.3	136.9
455.3	135.6
455.3	134.3
455.3	132.7
455.3	132
455.3	132
455.6	133.3
455.6	133.8
455.7	132.7
455.7	132
455.8	133.5
455.8	135.6
455.9	137.2
456	136.1
456.1	135.1
456.1	134.8
456.1	133.3
456.1	132.7
456.1	132.2
456.1	131.4
456.2	131.4
456.2	130.9
456.3	129.6
456.3	129.3
456.5	128.6
456.7	127.5
456.7	127
456.6	126.7
456.6	128.3
456.7	131.2
456.8	133.8
456.9	134.8
456.9	137.2
457	138.5
457	139.5
457.1	138
457.1	138
457.2	137.2
457.4	139.3
457.4	140.8
457.6	142.4
457.7	141.6
457.7	141.1
457.8	141.9
457.8	142.1
457.8	142.1
457.9	140.8
458	140.6
458	139.8
458.1	139.5
458.2	139.3
458.2	139
458.3	141.6
458.4	143.2
458.5	145
458.5	146.8
458.7	148.4
458.7	149.4
458.7	150
458.8	148.7
458.8	146.8
459	144.7
459.1	142.7
459.1	141.6
459.3	143.4
459.4	147.1
459.5	148.4
459.5	148.7
459.5	148.7
459.5	148.7
459.6	149.2
459.8	146.8
459.9	146
460	145.3
460.1	145.5
460.1	146
460.1	148.1
460.1	150.2
460.4	153.6
460.4	155.2
460.4	160.7
460.4	161.4
460.3	164.6
460.3	168.7
460.3	169
460.3	171.1
460.5	175
460.7	177.9
460.7	178.4
460.8	180.2
460.9	180.7
460.9	180.5
460.9	177.1
461	173.7
461	173.4
461	170.3
460.9	168.2
461	163.5
461.1	156.7
461.1	150.2
461.1	148.7
461	139.5
461.2	125.7
461.2	122
461.3	116.3
461.3	107.7
461.3	100.1
461.4	93.9
462.1	79.3
462.3	77.2
462.3	73.5
462.2	63.9
462.2	51.9
462.1	47.2
461.9	39.6
461.9	34.4
462.1	30.7
462.2	27.1
462.3	24.2
462.4	22.9
462.4	22.6
462.4	19
462.4	17.7
462.4	17.7
462.5	16.1
462.6	15.6
462.7	15.6
462.8	15.6
462.9	17.2
462.9	18.5
463.1	20.3
463.2	21.3
463.3	21.6
463.4	21.1
463.5	22.6
463.5	23.7
463.6	23.7
463.8	23.4
463.8	21.9
463.9	19.8
463.9	17.9
464.1	17.4
464.3	16.9
464.5	16.1
464.5	15.9
464.7	15.6
464.8	14.8
465	13.8
465.1	13.5
465.1	13.2
465.3	13.2
465.5	12.5
465.6	11.2
465.8	11.4
466.2	15.1
466.3	15.3
466.4	18.5
466.6	22.1
466.7	24.7
466.9	27.9
467.1	31
467.1	32.6
467.1	32.8
467.2	35.9
467.2	36.2
467.2	37.5
467.2	40.1
467.2	40.4
467.4	45.6
467.5	45.9
467.5	47.4
467.5	49
467.6	48.2
467.7	45.6
467.8	45.3
467.9	42.2
467.9	37
467.9	36.7
467.7	33.1
467.7	29.9
467.9	23.7
467.9	20.8
468	20.8
468.1	16.9
468.1	14.6
468.1	12.5
468.3	11.2
468.3	10.6
468.5	9.1
468.8	8.8
468.9	8.8
469	10.1
469.1	11.4
469.2	11.7
469.3	13.5
469.4	15.1
469.6	14.6
469.7	13
469.9	13
470.1	14.3
470.2	15.3
470.3	15.3
470.5	15.1
470.7	14.3
471.1	14.3
471.2	14.3
471.4	16.6
471.6	19
471.7	22.1
471.9	24.2
472.1	27.6
472.2	29.9
472.3	32.3
472.3	32.8
472.4	36.2
472.6	38
472.6	38.3
472.7	39.9
472.7	41.2
472.7	43.5
472.9	45.3
473.2	48.5
473.2	49.8
473.4	48.7
473.6	46.9
473.6	44
473.6	42.2
473.8	39.1
473.9	37
474	35.4
474.1	34.1
474.2	35.4
474.2	36.7
474.3	38.6
474.5	38.6
474.6	38.3
474.8	39.6
475.1	40.4
475.2	38.8
475.2	38.6
475.2	36.7
475.2	36.7
475.3	36.5
475.5	34.4
475.5	32.8
475.5	32.3
475.6	32.8
475.7	34.1
475.8	34.9
475.8	35.2
475.9	36.5
476.1	39.1
476.2	39.3
476.3	40.1
476.6	40.1
476.8	39.1
476.9	37
477.2	36.2
477.5	36.5
477.5	35.4
477.6	33.1
477.6	32.6
477.8	31.3
477.8	28.9
477.9	27.1
478.1	26.8
478.2	27.1
478.2	26.3
478.3	24.7
478.4	23.9
478.6	24.7
478.6	25.8
478.8	25
479	25
479.1	27.1
479.3	30.2
479.4	33.9
479.4	38.6
479.7	40.9
479.7	42.5
479.7	45.6
479.7	46.1
479.8	47.7
480.1	50.8
480.1	51.9
480.2	53.7
480.2	55
480.3	55.5
480.5	56.6
480.6	56.8
480.6	55.8
480.7	53.4
481	50
481.2	47.4
481.4	45.1
481.5	43.3
481.6	41.2
481.7	39.6
481.9	40.1
482	40.9
482	40.1
482.1	38.3
482.2	37
482.5	39.6
482.6	40.1
482.7	38.3
482.7	38.3
482.7	36.5
482.9	35.7
483.2	40.6
483.3	44.3
483.4	45.3
483.4	45.9
483.6	47.9
483.6	47.4
483.6	45.9
483.7	44.6
484	41.7
484	40.6
484.2	38.3
484.3	35.9
484.4	34.9
484.6	34.1
484.6	33.6
484.7	32.8
484.9	31.3
485	29.7
485.1	27.6
485.1	24.7
485.2	23.9
485.2	23.4
485.4	21.9
485.4	20
485.4	19
485.4	18.7
485.5	17.7
485.7	15.3
485.7	14.8
485.8	13.8
485.9	13
486.1	12.2
486.3	13.2
486.4	16.4
486.7	21.1
486.7	23.7
486.7	26.8
486.7	28.9
486.9	30.7
486.9	32
487.1	32.3
487.4	31.3
487.6	29.9
487.7	28.4
487.7	27.1
488	29.4
488.1	31.8
488.1	33.1
488.1	33.6
488.4	33.3
488.4	33.1
488.4	33.3
488.5	35.2
488.5	36.2
488.6	36.7
488.8	37.3
488.9	37.5
488.9	37.8
489.1	36.5
489.1	36.2
489.1	35.4
489.1	35.2
489.2	35.4
489.3	35.7
489.5	34.6
489.5	34.6
489.5	33.3
489.7	31.8
489.7	31.5
489.8	29.7
490	28.4
490.1	31.3
490.2	33.1
490.3	33.6
490.5	35.9
490.6	36.5
490.7	34.4
490.7	31.8
490.8	30.2
490.8	28.9
491.1	28.1
491.2	29.4
491.4	29.9
491.5	29.9
491.6	28.6
491.9	27.3
491.9	27.3
492	27.6
492.1	29.9
492.2	31.3
492.3	31.8
492.3	32.3
492.5	32.3
492.5	31.5
492.6	30.7
492.7	29.7
493.1	27.6
493.1	25.5
493.3	23.7
493.3	21.1
493.4	19.8
493.4	19
493.7	19.5
493.8	20.3
493.8	20.3
493.8	22.4
493.8	25
493.9	25.8
493.9	28.4
494	29.7
494	31
494.1	33.3
494.2	34.9
494.4	33.6
494.3	29.9
494.3	26.8
494.3	23.7
494.3	21.6
494.4	19.3
494.6	15.3
494.8	14.3
494.8	12.5
494.8	11.4
494.9	9.6
495	8.8
495	8.8
495.4	9.6
495.7	9.9
495.9	9.9
496	9.9
496.3	6.5
496.5	7.5
496.7	9.3
496.9	11.2
497.2	11.7
497.5	10.6
497.7	11.7
497.8	14.6
497.9	15.3
497.9	16.9
498	21.1
498.2	26.3
498.2	29.2
498.3	33.6
498.5	37.5
498.5	40.1
498.5	41.2
498.6	41.4
498.8	41.4
498.9	40.4
498.8	40.9
498.8	42.7
499	47.2
499.2	49.5
499.3	51.9
499.5	54.2
499.5	54.2
499.7	52.1
499.9	51.9
499.9	57.9
500.1	57.3
500.2	58.9
500.3	62.3
500.4	65.7
500.4	67.3
500.5	67.5
500.8	68.8
500.8	70.6
501	71.2
501	71.4
501.1	73.3
501.1	73.5
501.1	73
501	70.9
501	70.1
501.1	69.3
501.3	69.1
501.3	68.6
501.4	67.5
501.4	66.5
501.5	64.1
501.5	63.1
501.6	61.3
501.8	60.5
501.8	61
502.2	63.9
502.1	64.9
502.1	65.9
502.1	67
502.4	69.6
502.4	69.9
502.4	70.1
502.4	68
502.5	65.4
502.5	63.9
502.6	62.3
502.6	60.5
502.7	60.5
502.7	58.6
502.7	57.6
502.7	57.3
502.7	56.6
502.7	55.3
502.8	53.7
502.8	52.4
502.9	51.9
502.9	51.3
503.1	52.1
503.2	55.3
503.3	57.3
503.3	57.6
503.4	58.6
503.6	57.1
503.6	57.1
503.7	59.9
503.8	61.5
503.9	62.8
503.9	63.6
504	64.9
504	67.3
504.3	68.6
504.4	65.9
504.4	66.7
504.4	68
504.4	68.8
504.4	69.1
504.4	70.4
504.5	71.4
504.5	73
504.5	74.6
504.6	77.4
504.7	79.3
504.7	80.6
504.8	81.1
504.9	83.4
504.9	83.7
505.1	84.2
505.1	83.4
505.1	81.9
505.1	78.5
505.1	76.9
505.2	75.3
505.3	74.8
505.5	78.7
505.7	81.6
506	90.5
506	90.5
506	91.8
506	96.2
506	97
506	97
506.1	99.3
506.2	101.4
506.4	109
506.4	110
506.4	110.3
506.4	110.8
506.4	111.6
506.4	111.9
506.4	112.9
506.4	113.7
506.4	114
506.4	114.2
506.6	111.3
506.6	108
506.6	105.3
506.6	102.7
507.1	92.3
507.1	90
507	88.9
507	88.4
506.9	81.9
506.9	78.7
507	77.4
507.1	73.8
507.1	72.7
507.1	71.7
507.1	69.3
507.1	68
507.3	64.9
507.3	64.6
507.3	63.6
507.4	64.6
507.7	68.3
507.8	71.7
507.8	74
507.9	73.3
508.1	70.1
508.2	69.3
508.3	70.4
508.5	74.6
508.5	75.6
508.3	81.3
508.4	84
508.4	87.6
508.4	90.2
508.5	91.8
508.5	92
508.9	97.3
508.7	112.4
508.7	104.3
508.7	104.6
508.9	105.6
508.9	104.8
508.9	104.3
509	101.2
509.2	98.3
509.2	91
509.2	84.2
509.4	81.1
509.5	80.6
509.6	79
509.6	75.9
509.6	75.6
509.6	73.5
509.6	73.3
509.7	73
510	76.1
510	77.4
510.1	75.1
510.3	71.9
510.3	71.9
510.4	69.3
510.5	66.7
510.6	64.9
510.7	65.7
511	70.6
511	73.3
511.1	74.6
511.2	74.8
511.3	73
511.3	70.9
511.6	69.1
511.6	67.5
511.7	68.6
511.7	69.6
511.7	71.4
511.8	72.5
511.9	70.6
512	69.1
512	67
512.3	65.2
512.5	67.8
512.6	69.3
512.7	67.8
512.7	65.9
513.1	62.3
513.2	58.9
513.3	58.6
513.5	53.2
513.6	51.6
513.8	47.4
513.8	46.6
513.8	44.6
513.9	41.7
513.9	39.1
513.9	33.3
513.9	33.1
513.9	32.6
513.9	30.7
513.9	28.9
513.8	27.1
514.1	26.6
514.4	29.2
514.6	29.4
514.6	27.3
514.7	25.5
514.8	24.2
515.1	25.3
515.4	28.1
515.5	30.7
515.5	32
515.5	34.4
515.7	42.2
515.7	55.5
515.9	68.3
516.1	74.8
516.1	84.7
516.4	136.4
516.4	139
516.4	141.9
516.3	145.3
516.4	147.9
516.6	150.7
516.6	146.6
516.8	139.8
516.8	139.5
516.6	132.5
516.7	117.9
517.3	65.7
517.6	58.1
517.7	51.6
517.7	51.1
517.7	47.2
517.7	43.8
517.3	34.1
517.3	33.6
517.6	32
517.6	31.8
517.6	30.7
517.7	29.9
517.7	28.9
517.8	26.3
517.9	26
517.9	25.5
518.1	29.7
518.1	29.7
518.4	33.1
518.4	33.6
518.9	44.8
518.9	45.1
519.1	51.1
519.3	56
519.3	58.4
519.3	66.5
519.4	71.9
519.5	86
519.5	87.9
519.5	94.6
519.4	100.6
519.8	110.8
519.6	107.7
519.7	108.5
519.9	108.5
519.9	108
519.9	104
520.1	100.6
520.3	97.3
520.3	95.7
520.5	98.6
520.6	99.9
520.6	98.6
520.9	96
521.1	93.1
520.8	86.3
520.9	79.8
520.9	78.2
520.9	78
520.9	75.3
521	73.3
521	74.6
521.2	77.2
521.2	78.5
521.2	80
521.3	83.4
521.3	86.6
521.3	90
521.3	93.6
521.4	99.6
521.5	100.9
521.8	101.2
522	99.1
521.9	98
522.1	93.6
522.2	92
522.3	82.4
522.2	79.3
522.2	78.7
522.1	73.8
522.1	65.4
522.4	57.3
522.4	54.5
522.4	50.3
522.5	47.9
522.5	41.9
522.5	38.3
522.5	36.2
522.5	33.9
522.5	31.5
522.6	29.9
522.7	28.1
522.8	26
522.9	26
523.1	28.4
523.4	33.1
523.4	36.2
523.6	38.3
523.7	35.9
523.7	33.1
523.7	30.7
523.7	28.4
523.7	23.9
523.7	22.6
524	24.2
524.2	27.1
524.4	30.2
524.5	31.5
524.5	33.3
524.6	34.9
524.8	36.5
524.9	34.6
524.8	32
524.9	28.9
525	26.8
525.1	26.3
524.8	21.1
525	23.7
525	25
525.2	28.4
525.2	29.9
525.2	32.8
525.4	35.2
525.5	36.7
525.7	37.8
525.8	38.6
525.8	38.6
525.9	36.5
525.9	33.6
525.9	29.7
526.1	27.1
526.3	23.4
526.4	20.6
526.5	20.3
526.5	22.9
527	28.6
527.1	33.3
527.1	34.9
527.1	40.4
527.1	43.3
527.2	45.6
527.3	46.9
527.3	47.4
527.3	48.7
527.3	49
527.4	49.3
527.6	50.8
527.8	51.6
527.9	51.1
528	50.3
528.1	50.6
528.2	51.9
528.3	52.4
528.3	53.4
528.4	54.7
528.5	55
528.7	55.3
528.7	56.6
528.9	57.6
529	58.9
529.2	59.7
529.3	59.2
529.3	56.8
529.3	53.9
529.3	53.7
529.3	51.9
529.5	50
529.5	50
529.7	51.1
529.7	52.1
529.9	51.1
530.1	48.5
530.2	47.2
530.2	44.8
530.3	43
530.3	40.9
530.5	39.1
530.6	38.6
530.8	36.2
530.8	36.2
530.9	36.2
530.9	34.9
531	32.6
531.2	34.4
531.2	34.9
531.3	36.2
531.4	38
531.6	40.1
531.8	42.5
531.8	44.8
531.9	45.6
532	45.6
532	43
532	40.9
532.1	40.4
532.1	39.1
532.1	37.8
532.1	37.5
532.4	38.6
532.4	39.3
532.5	37.8
532.7	39.3
532.8	40.9
532.9	43.3
533.1	44.8
533.1	45.1
533.3	43.5
533.3	41.9
533.3	40.1
533.5	41.4
533.5	41.4
533.7	43.5
533.7	46.1
533.8	46.4
533.8	46.4
533.9	49
534	50.3
534	50.8
534.1	52.4
534.2	53.9
534.3	54.7
534.4	57.3
534.6	57.3
534.6	55.8
534.6	53.9
534.7	54.2
534.8	56
535	56.6
535.1	56.8
535.2	53.7
535.4	50.6
535.4	48.2
535.5	46.9
535.6	43.3
535.7	42.7
535.9	45.1
535.9	48.2
536	49.8
536.2	52.1
536.3	53.2
536.5	52.6
536.5	52.1
536.6	54.5
536.6	56
536.7	57.3
536.8	57.6
536.8	57.6
536.9	57.9
537	57.3
537	56.6
537.1	55
537.1	52.6
537.1	50.3
537.4	48.2
537.4	46.6
537.4	45.1
537.6	46.9
537.6	50
537.7	51.6
537.7	51.1
537.8	50.3
537.8	49.3
538	48.2
538.1	48.5
538.1	50
538.3	50.8
538.4	50.8
538.6	48.2
538.7	49
538.8	50.3
538.9	50.6
539	51.6
539.1	51.6
539.2	50.8
539.2	49.5
539.3	50
539.6	51.1
539.7	49.8
539.8	49.5
539.8	51.1
539.9	51.1
539.9	50.8
540	49.8
540.1	47.4
540.2	45.6
540.3	45.6
540.4	47.4
540.4	49.8
540.4	51.3
540.7	50.3
540.7	50.3
540.7	51.3
541.1	53.9
541	55.3
541.1	56.3
541.1	56.3
541.3	56.3
541.4	53.7
541.4	53.4
541.5	51.9
541.6	51.3
541.6	51.1
541.8	49.8
541.9	48.7
541.9	47.7
542.2	45.1
542.1	42.5
542.2	43
542.3	45.3
542.5	46.6
542.6	48.2
542.7	49.3
542.9	51.1
542.9	51.3
543.1	51.3
543.1	49.8
543.1	48.7
543.1	47.9
543.3	47.4
543.4	48.2
543.5	49.5
543.5	52.6
543.5	54.5
543.6	56.3
543.7	57.6
543.9	59.4
544.1	58.4
544.1	56.8
544.2	54.7
544.2	54.2
544.2	52.9
544.3	52.9
544.3	54.7
544.4	54.5
544.5	52.6
544.7	53.4
544.8	55
544.8	55.5
544.8	57.1
544.9	57.9
545	57.6
545.2	55.3
545.3	55.3
545.3	55.8
545.4	54.7
545.4	53.2
545.6	51.6
545.6	50.6
545.9	51.3
545.9	52.4
546.1	51.1
546.2	51.1
546.2	52.1
546.3	53.2
546.3	53.9
546.4	56
546.5	56.6
546.7	56
546.7	56.6
546.8	57.9
546.9	58.1
547.1	59.4
547.1	61
547.1	61.8
547.3	62.6
547.4	61.5
547.5	58.4
547.6	56.8
547.6	55.5
547.6	57.6
547.6	59.7
547.7	61.3
547.8	61.5
547.9	61.8
548.2	62
548.2	62
548.4	60.5
548.4	59.4
548.5	58.6
548.6	59.7
548.6	61.3
548.7	62.8
548.8	63.6
548.8	64.4
548.8	64.4
549	63.3
549.1	61.8
549.1	60.5
549.3	58.6
549.4	56.6
549.5	57.1
549.5	58.4
549.7	57.9
549.9	57.3
550.1	58.1
550.1	60.2
550.1	61
550.3	62.8
550.5	62.8
550.5	61.8
550.7	60.5
550.7	59.9
550.9	59.2
551	58.9
551	57.9
551	55.3
551	53.2
551.1	51.1
551.1	48.2
551.1	46.1
551.1	46.1
551.3	44.6
551.4	44.6
551.5	46.9
551.6	48.7
551.8	50.8
551.8	51.6
551.9	53.7
551.9	56.6
551.9	58.1
552	59.4
552.2	58.6
552.3	57.9
552.4	57.6
552.4	57.9
552.5	59.9
552.6	60.5
552.6	58.9
552.7	55.3
552.8	53.4
552.8	52.1
553.1	50
553.1	50
553.2	52.6
553.2	55.8
553.4	57.9
553.4	59.7
553.6	61
553.7	62.3
553.7	63.1
553.7	63.1
553.9	61.8
553.9	61
553.9	59.7
554	58.9
554.1	60.2
554.1	61.5
554.3	62.3
554.3	62.3
554.4	62.6
554.5	61.5
554.5	59.2
554.6	59.7
554.9	61.5
554.9	60.2
554.9	58.9
555	58.4
555.1	57.1
555.2	57.1
555.2	57.9
555.3	57.3
555.4	56
555.5	58.4
555.5	61.3
555.5	61.5
555.5	62.6
555.6	64.1
555.6	64.4
555.6	65.4
555.8	67.5
555.9	68
556	70.1
556	72.5
556.1	73.5
556.1	76.9
556.1	79
556.2	81.9
556.3	83.4
556.3	87.1
556.3	87.6
556.5	88.4
556.6	88.4
556.7	88.1
556.7	86.3
556.7	82.9
556.7	79
556.9	75.6
557.1	73.5
557.3	73
557.4	78.2
557.5	83.7
557.5	85
557.6	86.6
557.7	87.6
557.7	88.6
557.7	88.6
557.9	88.4
558.1	84.7
558.2	79
558.5	74.6
558.7	69.6
558.6	64.6
558.7	62.6
558.8	62.3
558.7	57.1
558.8	57.1
558.9	57.1
559	53.2
559.1	52.1
559.2	51.6
559.2	48.2
559.2	44
559.2	42.5
559.2	39.9
559.3	37.5
559.3	36.5
559.3	35.7
559.3	33.9
559.3	33.1
559.4	31.8
559.4	30.2
559.6	30.7
559.8	31.8
560	33.9
560.1	35.7
560.2	38
560.3	38.6
560.5	40.6
560.6	41.7
560.7	39.3
560.7	35.9
560.9	31.3
561.4	25
561.4	24.2
561.4	23.9
561.5	23.9
561.6	23.4
561.6	23.2
561.6	22.4
561.6	21.9
561.7	21.9
562	22.1
562.1	23.7
562.4	23.4
562.4	22.6
562.5	22.6
562.5	22.6
562.6	27.1
562.8	26
562.8	25.8
563	24.7
563.2	23.7
563.5	22.9
563.6	20.8
563.6	20.6
563.6	19.5
563.6	18.5
563.8	18.7
564	20.8
564.1	22.4
564.3	23.2
564.6	22.6
564.6	22.1
564.7	23.2
565	24.2
565.1	25.8
565.3	26.3
565.7	26.8
565.8	25.8
565.9	24.2
566	23.4
566.2	22.1
566.2	21.9
566.4	22.6
566.5	23.4
566.7	22.6
567	22.1
567.2	22.9
567.2	23.2
567.4	25
567.5	27.3
567.6	28.9
567.7	28.1
567.9	25.3
568.1	25.3
568.3	25.5
568.4	25.5
568.5	24.7
568.8	25.3
568.9	25.3
569.1	25.8
569.2	26
569.4	27.1
569.5	28.1
569.1	27.3
569.3	29.9
569.4	32
569.5	33.6
569.5	37.8
569.6	39.6
569.8	42.5
569.9	44.3
570	47.9
570.2	50.8
570.3	53.2
570.3	53.4
570.3	54.7
570.4	56.6
570.4	56.8
570.6	57.3
570.7	55.3
570.7	54.7
570.8	53.4
571	51.3
571.1	52.9
571.3	51.6
571.4	54.2
571.9	59.4
571.5	56.8
571.9	63.3
571.9	69.1
572	73.5
572	75.9
572	79.3
572	80.6
572.1	83.4
572.1	83.4
572.2	81.1
572.2	78
572.2	76.9
572.4	75.1
572.5	71.4
572.5	69.6
572.5	67.3
572.4	65.4
572.5	62.6
572.5	60.2
572.5	59.7
572.6	62
572.7	64.1
572.7	66.2
572.8	69.6
573.1	72.5
573.2	73.5
573.2	72.5
573.3	69.1
573.3	68
573.3	68
573.4	71.4
573.7	73
573.7	74.6
573.7	75.9
573.9	75.9
574	73.3
574.1	74
574.3	76.1
574.4	79
574.5	85.5
574.5	86.3
574.5	87.9
574.5	93.3
574.5	94.4
574.6	96.7
574.6	99.6
574.7	100.1
574.8	100.1
574.8	96.7
574.9	95.4
575	95.2
575.2	100.1
575.1	103.8
575.2	108.5
575.2	108.5
575.2	110
575.2	111.1
575.2	113.4
575.2	116
575.2	116.8
575.3	118.6
575.4	120.7
575.4	122
575.4	124.9
575.4	125.7
575.6	128
575.7	128.8
575.6	130.1
575.6	133.3
575.7	139.3
575.7	139.3
576	150
576	150.5
575.9	159.3
575.9	164.8
575.9	165.3
576	169.5
576	170
576	172.7
576.1	181.5
576.1	184.7
576.1	187.3
576.1	189.3
576.1	192.5
576.1	193.8
576.1	194
576.2	196.4
576.3	197.4
576.3	197.7
576.3	198.2
576.3	198.7
576.3	199
576.4	200.6
576.4	200.8
576.5	199.3
576.5	195.9
576.5	194.8
576.5	193.5
576.5	189.9
576.9	186
576.9	185.4
576.8	181.3
576.8	180
576.7	174.7
576.7	171.1
576.7	168.5
576.7	160.9
576.7	155.7
576.7	150
576.9	145
577.1	139.5
577.3	133.3
577.3	130.9
577.4	125.7
577.4	121.8
577.4	118.4
577.5	110.3
577.6	105.1
577.7	99.3
577.8	94.9
577.8	92.6
577.8	91
577.8	88.4
577.8	85.8
577.8	85.5
577.8	83.4
577.9	81.1
577.9	81.1
577.9	80.3
578	84
578	85
578	87.1
578.2	90.7
578.2	93.1
578.3	96
578.4	98.6
578.3	95.2
578.3	93.6
578.3	92.3
578.3	89.4
578.3	89.2
578.5	85.3
578.6	82.4
578.6	75.1
578.6	74.3
578.6	67.3
578.6	65.2
578.7	64.6
578.7	60.7
578.9	53.2
578.8	44.6
578.8	40.6
578.8	37.8
578.8	35.7
578.8	33.1
578.9	29.9
578.9	28.6
578.9	26.8
579.1	26.3
579.4	27.1
579.5	29.4
579.7	30.7
579.8	30.5
579.8	30.2
579.9	28.4
580.2	26.8
580.3	26.3
580.5	25
580.9	24.2
580.9	24.2
581	25.5
581.2	27.3
581.3	28.1
581.4	27.3
581.7	27.9
582.1	28.9
582.2	28.9
582.2	30.7
582.2	32.6
582.2	32.8
582.2	33.1
582.3	33.3
582.7	34.1
582.8	34.6
582.8	35.4
582.8	36.2
582.8	36.7
583	41.7
583	42.5
583.1	45.9
583.7	56.3
583.7	56.8
583.7	64.4
583.7	65.7
583.7	66.2
583.7	69.6
583.9	79
583.9	79.8
583.9	84.7
583.9	100.6
583.9	106.9
583.9	115.3
583.8	120.7
583.8	124.6
583.9	127.8
583.9	128
584.1	129.3
584.3	130.4
584.4	129.9
584.6	124.6
584.6	119.7
584.5	108
584.3	101.2
584.1	78.7
584.1	78
584.1	69.1
584.2	67.8
584.4	64.9
584.7	57.9
584.8	55.3
584.8	49.8
584.9	42.7
584.9	41.9
584.9	38.6
584.9	34.9
584.8	34.1
584.7	32.3
584.7	30.5
584.6	26
584.6	24.7
584.7	22.4
584.8	20.3
584.9	19
585.1	18.5
585.2	19.3
585.4	21.1
585.4	21.6
585.4	22.4
585.5	22.4
586	21.9
586.1	21.1
586.1	19.5
586.2	19.5
586.2	19.8
586.3	21.1
586.4	21.3
586.4	20.6
586.5	19.8
586.5	19.8
586.6	19.3
586.7	18.5
586.9	18.7
587.2	18.7
587.3	17.4
587.3	16.1
587.4	17.7
587.6	17.9
587.6	18.2
587.9	18.2
588	17.7
588.1	17.4
588.2	16.9
588.5	18.5
588.5	20
588.6	20.8
588.8	19.8
588.8	19.8
589	20.3
589.3	21.3
589.5	20.8
589.5	19.8
589.4	18.5
589.5	18.5
589.7	19.5
590.1	19.5
590.1	19
590.1	17.7
590.2	17.4
590.3	16.9
590.4	16.9
590.5	17.4
590.6	18.7
591	19.3
591.1	20.6
591.2	21.3
591.4	20.8
591.4	20.6
591.3	19
591.3	18.5
591.4	18.5
591.5	19.3
591.6	19
591.6	18.5
591.8	16.6
591.9	15.3
591.9	15.3
592.1	15.3
592.2	17.2
592.3	19
592.4	20.6
592.5	20.6
592.5	19
592.5	19
592.7	16.9
592.7	16.6
592.8	16.1
593	15.9
593.1	15.6
593.8	16.6
593.7	18.5
593.7	19
593.9	18.7
594.2	17.7
594.3	17.7
594.7	18.2
595	18.5
595	18.7
595.2	19.8
595.4	20.8
595.6	21.9
595.9	22.4
596	22.4
596.1	21.6
596.3	21.6
596.5	21.1
596.7	20.3
596.8	19.5
597.2	19
597.2	19
597.3	19
597.4	18.7
597.5	18.5
597.6	17.9
597.6	17.7
597.6	17.7
597.9	17.2
598	17.2
598.2	17.2
598.4	17.2
598.7	17.9
598.9	17.7
599.1	17.4
599.2	17.4
599.5	17.7
599.5	17.9
599.7	18.5
599.8	19.5
599.9	19.8