34.3	78.8
34.3	80.5
34.3	83
34.3	83.8
34.3	85.7
34.7	80.8
34.7	81
34.8	81.3
34.8	81.9
34.9	82.4
34.9	82.4
35	79.7
35	76.6
35	75.8
35	73.9
35	73.9
35	72.2
34.9	69.5
34.9	68.7
34.8	66.7
34.8	65.6
34.8	63.7
34.8	62.6
34.8	60.7
34.8	59.9
34.8	57.4
34.8	56.6
34.7	54.1
34.7	51.4
34.7	50.5
34.6	48.9
34.8	49.4
35	50.8
35	52.7
35.1	53.6
35.2	56
35.5	61.5
35.6	64.8
35.6	67.3
35.6	70.3
35.6	74.4
35.6	76.4
35.6	76.6
35.7	76.6
35.8	75.3
36	73.1
36	72
36.1	72.2
36.1	72.2
36.2	73.9
36.2	74.7
36.2	75.5
36.3	76.9
36.4	77.2
36.7	76.1
36.8	77.5
36.8	79.9
36.8	82.1
36.9	84.1
36.9	85.2
36.9	90.1
36.9	93.4
36.9	93.4
36.9	94.5
36.9	96.4
36.9	97
36.9	98.1
37.1	99.7
37.2	100.8
37.2	100.8
37.3	100
37.3	99.2
37.3	97.8
37.5	96.7
37.6	98.1
37.6	98.9
37.8	99.2
37.8	99.7
37.9	98.4
37.9	97.5
38	96.4
38	96.2
38	94.2
38	94.2
38.2	97
38.2	97.3
38.3	100
38.3	100.3
38.3	101.4
38.3	101.4
38.6	99.2
38.6	98.6
38.7	99.7
38.7	100.3
38.7	101.9
38.9	104.7
38.9	104.9
39	107.7
39	109.6
39	111.3
39	111.3
39	112.4
39	114.3
39	115.4
39	115.4
39	115.7
39.2	117.3
39.2	117.3
39.3	115.7
39.3	114
39.3	113.7
39.4	111.8
39.4	111.5
39.4	111.5
39.6	112.9
39.6	113.2
39.8	114.6
39.9	115.1
40	115.4
40.1	113.5
40.1	111.5
40.2	109.3
40.2	109.1
40.3	108
40.3	108
40.3	106.9
40.3	105.2
40.3	104.9
40.3	102.5
40.3	101.1
40.4	99.7
40.6	99.5
40.7	102.5
40.7	104.4
40.8	104.9
41	107.7
41.1	109.1
41.1	107.1
41.1	106.9
41.1	104.1
41.2	101.7
41.1	100
41.1	97.8
41.1	97.5
41	95.1
41	94
41	93.7
41.1	92.9
41.2	91.2
41.2	90.7
41.2	90.1
41.2	88.2
41.3	86.5
41.3	84.1
41.4	82.4
41.4	81
41.5	80.8
41.5	79.7
41.5	79.4
41.5	78.6
41.5	77.7
41.5	77.2
41.5	76.9
41.5	76.4
41.6	75.8
41.7	76.6
41.8	78.8
41.8	78.8
41.9	79.7
42.1	78.8
42.2	81.3
42.2	86
42.2	87.4
42.3	89.3
42.5	90.9
42.5	93.7
42.5	95.1
42.5	95.3
42.5	97
42.5	97.3
42.4	97.8
42.4	99.2
42.4	100.8
42.4	102.5
42.4	104.7
42.4	104.7
42.4	106.3
42.4	106.9
42.4	108.2
42.4	112.4
42.4	114
42.4	115.4
42.5	116.8
42.7	117.9
42.7	118.4
42.8	119
42.9	119
42.9	119
43.1	118.7
43.1	118.1
43.2	116.8
43.3	117.6
43.3	118.7
43.3	120.1
43.4	122
43.4	122.8
43.4	123.1
43.5	123.9
43.5	123.9
43.5	123.9
43.7	125
43.8	125.3
43.8	126.4
43.8	126.9
43.9	127.8
44	127.5
44.1	127.2
44.1	126.4
44.2	124.7
44.3	124.7
44.5	124.5
44.5	124.2
44.6	123.1
44.7	122.3
44.8	122
44.9	122
45	123.9
45	125.3
45.2	126.4
45.2	127.2
45.3	127.8
45.5	126.1
45.5	123.6
45.5	121.2
45.6	119.2
45.7	118.4
45.7	118.1
45.7	117
45.8	116.2
45.9	115.9
45.9	114.8
46	113.2
46	111.3
46	109.3
46	109.3
46.1	107.7
46.2	107.1
46.2	107.1
46.2	109.3
46.2	109.9
46.3	109.3
46.3	108.2
46.3	108
46.4	106.6
46.4	104.7
46.4	103.6
46.5	102.2
46.5	101.7
46.7	102.7
46.7	103
46.8	103.3
46.8	101.9
47	100
47	99.7
47	98.1
47	97.3
47	97.3
47.1	100
47.1	100.3
47.1	101.4
47.1	102.7
47.2	104.1
47.3	104.9
47.3	104.9
47.5	103.6
47.6	103.6
47.6	104.9
47.7	106.3
47.7	106.3
47.8	106
47.8	104.7
47.8	102.7
47.8	100.8
47.9	100
48	100.6
48	102.5
48	102.7
48.1	104.7
48.2	106.3
48.4	105.5
48.5	102.2
48.7	100.6
48.7	100
48.7	96.7
48.7	95.9
48.7	94
48.8	91.8
49	86.3
49	86
49	84.1
49	83
49	81.6
49	79.1
49.1	76.4
49.2	73.6
49.4	73.9
49.4	73.3
49.4	72.8
49.4	72
49.4	71.1
49.5	70.3
49.6	66.7
49.7	63.2
49.7	61
49.7	60.7
49.7	58.2
49.7	57.7
49.7	56
49.7	55.2
49.6	52.7
49.6	51.9
49.6	50.3
49.6	48.3
49.6	47.5
49.7	46.7
49.7	45.6
49.7	44.5
49.8	43.1
49.9	42.6
49.9	42
50	40.9
50.2	40.4
50.2	40.4
50.2	42
50.2	42.3
50.3	43.1
50.3	43.1
50.3	42.3
50.4	40.9
50.4	40.1
50.5	39.8
50.5	39.8
50.5	41.2
50.5	42
50.5	42.8
50.6	43.1
50.6	43.9
50.7	44.5
50.7	45.6
50.7	47.5
50.8	49.4
50.9	50.5
51	53.3
51.2	55.8
51.2	56
51.3	59.9
51.3	61.5
51.4	65.1
51.4	65.1
51.4	66.7
51.4	67.3
51.4	68.4
51.7	73.6
51.7	78.3
51.7	82.1
51.6	85.2
51.6	89.8
51.6	92
51.6	94.2
51.6	94.8
51.6	96.7
51.6	98.4
51.6	100
51.9	102.5
51.9	101.9
51.9	100.8
52	99.2
52.3	96.4
52.3	95.6
52.3	100.6
52.4	102.2
52.4	104.4
52.5	105.2
52.6	106.3
52.6	103.3
52.6	99.2
52.7	95.6
52.7	95.3
52.7	92.6
52.8	88.7
52.8	88.2
52.8	84.9
52.8	82.4
53	79.7
53.1	78.6
53.3	80.2
53.4	80.5
53.4	80.2
53.4	77.7
53.5	74.2
53.5	71.7
53.7	69.8
53.7	69.5
53.7	68.4
53.8	67
53.8	66.2
54	65.4
54	65.6
54.2	67.6
54.3	69.5
54.3	72.2
54.4	74.7
54.5	78.3
54.5	79.9
54.5	83
54.7	87.4
54.8	90.4
54.8	93.4
54.9	102.2
54.9	103.8
54.9	105.8
54.9	110.4
54.9	112.1
55	112.9
55	113.2
55	112.9
55.1	110.4
55.1	108.8
55.2	106.3
55.2	106
55.2	103.3
55.3	102.5
55.4	102.5
55.4	101.9
55.6	97.5
55.6	95.3
55.6	92.9
55.6	91.2
55.8	86.3
55.8	82.4
55.8	82.1
55.8	79.7
56	79.9
56.1	81.3
56.1	85.4
56.1	85.4
56.2	86.3
56.4	90.1
56.4	90.1
56.5	91.2
56.5	93.1
56.5	94.5
56.5	96.4
56.5	97.8
56.6	99.7
56.6	100
56.8	100.6
56.9	99.5
56.9	96.2
57	94.2
57.2	92
57.3	90.7
57.3	89.3
57.3	87.6
57.3	86.8
57.3	87.6
57.4	87.6
57.5	86.8
57.5	86.8
57.5	86.3
57.6	86
57.6	86
57.6	86.3
57.7	89
57.8	90.7
57.8	92.9
57.8	93.1
58	94.8
58	94.8
58	97
58	97.5
58	98.6
58	99.5
58.1	100.6
58.2	101.9
58.3	101.9
58.4	100.8
58.5	99.5
58.6	97
58.7	94.8
58.9	92.6
59	90.9
59	89.6
59	92.3
59.1	94.5
59.1	94
59.1	93.4
59.2	93.4
59.3	95.6
59.4	97.3
59.6	98.4
59.6	98.6
59.6	98.6
59.7	95.6
59.7	93.4
59.7	91.8
59.8	90.7
59.9	89.6
60	89.3
60.1	89.3
60.2	91.5
60.4	91.2
60.5	89
60.5	88.7
60.6	87.1
60.6	84.1
60.6	81.3
60.5	79.1
60.5	77.2
60.5	76.1
60.5	74.7
60.7	72.2
61.1	71.4
61.2	72
61.2	74.4
61.2	75
61.1	76.9
61	79.4
61	81.3
61	81.9
61	83.8
61.1	84.6
61.2	87.4
61.2	88.2
61.2	90.4
61.4	94.5
61.5	96.4
61.5	99.2
61.5	101.7
61.5	104.4
61.5	106.6
61.5	106.9
61.6	108.2
61.7	109.9
61.8	111.5
61.8	111.5
61.8	112.1
61.9	112.1
61.9	110.4
61.9	108.8
61.9	108.5
61.9	109.6
62	111.8
62.2	113.2
62.2	113.5
62.3	113.7
62.5	112.1
62.5	109.9
62.6	107.4
62.6	106.9
62.6	105.5
62.7	104.4
62.7	103.6
62.8	104.4
62.8	105.8
62.8	104.7
62.8	104.4
62.9	103.3
62.9	102.7
63	102.7
63.1	101.7
63.2	100.3
63.2	98.6
63.3	97
63.5	97.5
63.5	97.8
63.6	100
63.7	99.2
63.7	99.2
63.7	98.4
63.8	100.3
64	99.5
64	99.2
64	99.5
64.1	100.3
64.1	101.4
64.2	102.5
64.2	104.1
64.3	104.9
64.4	104.9
64.4	105.5
64.5	105.5
64.6	104.4
64.7	103.3
64.8	102.7
64.9	102.5
64.9	102.7
64.9	106
65	107.4
65	108
65.1	108
65.3	107.4
65.5	107.7
65.6	108.2
65.6	109.3
65.7	111.8
65.8	114
65.8	115.7
65.8	116.2
66	115.7
66	115.4
66	112.9
66.1	112.1
66.1	110.7
66.2	109.6
66.3	108.8
66.3	108
66.4	108
66.6	107.7
66.7	108.5
66.7	108.8
66.8	109.9
67	110.2
67	110.2
67.1	109.3
67.2	109.1
67.2	108.2
67.2	107.4
67.2	105.8
67.2	104.7
67.2	104.4
67.2	103.3
67.3	102.5
67.4	102.5
67.5	101.4
67.5	100.3
67.7	102.7
67.8	104.4
67.8	104.7
68	107.7
68	108.8
68	110.2
68	110.4
68.1	112.1
68.2	111.5
68.2	110.2
68.3	109.3
68.4	109.3
68.4	110.4
68.4	112.1
68.5	112.9
68.6	111.8
68.7	111.3
68.7	110.2
68.8	109.9
68.8	110.2
68.8	110.7
68.9	111.8
68.9	112.9
69.3	115.9
69.3	116.2
69.4	117.3
69.4	117.9
69.5	117.9
69.6	115.7
69.6	114.6
69.7	115.7
69.9	117.3
70	117.3
70	117.3
70.2	115.9
70.2	114.6
70.2	113.5
70.3	114.6
70.4	115.7
70.5	116.8
70.5	117.9
70.6	118.7
70.6	118.7
70.6	118.7
70.7	116.5
70.6	114.8
70.7	114.3
70.9	115.4
71	115.9
71	115.4
71	115.1
71	113.2
71.1	112.1
71.2	111.3
71.4	109.1
71.4	108.2
71.4	106.6
71.5	107.4
71.6	107.4
71.6	110.4
71.7	112.4
71.7	112.6
71.8	114.3
71.9	114.8
72	115.7
72.1	117.6
72.1	119.2
72.2	119.5
72.3	120.3
72.3	120.3
72.3	120.3
72.4	118.4
72.4	117
72.4	117
72.5	116.8
72.5	116.8
72.6	116.8
72.7	117.3
72.8	118.7
72.8	120.3
72.8	121.4
72.9	122.3
73.1	122.8
73.2	122.8
73.4	122.5
73.5	123.6
73.8	125.6
73.8	126.4
73.9	125
73.9	124.5
74	123.1
74	122.8
74.1	121.4
74.1	121.2
74.1	120.6
74.2	119.2
74.2	118.4
74.3	115.9
74.4	115.7
74.4	114.6
74.4	114.6
74.5	113.7
74.7	114.6
74.7	114.6
74.9	118.4
74.9	119
75.1	121.4
75.1	121.7
75.1	122.8
75.2	125
75.4	122.8
75.4	120.3
75.4	117.9
75.3	115.9
75.3	115.7
75.3	114.8
75.3	114.6
75.3	113.7
75.4	113.5
75.4	113.2
75.6	112.4
75.7	111.5
75.7	110.7
75.9	109.1
75.9	107.4
76	105.2
76	104.7
76	102.5
76	101.7
76	104.7
76.2	107.1
76.2	108.5
76.2	108.8
76.2	109.6
76.3	110.7
76.3	111.3
76.4	111
76.5	111
76.6	111.3
76.7	111.3
76.7	110.2
76.7	108.2
76.9	107.7
77	105.8
77	105.8
77.1	105.2
77.3	103.8
77.3	103
77.3	105.5
77.4	106
77.4	108.5
77.5	109.6
77.6	110.7
77.6	111.8
77.6	113.5
77.7	114.8
77.7	116.5
77.8	116.8
77.8	117.9
77.9	118.7
77.9	119.2
78	120.3
78	119.2
78	118.4
78	117.9
78.1	115.9
78.2	113.2
78.3	112.6
78.4	113.2
78.4	113.5
78.5	114.6
78.5	114.8
78.5	114.3
78.6	113.2
78.6	112.9
78.7	113.5
78.7	113.7
78.7	113.7
78.7	114.8
78.5	114.6
78.7	116.2
78.7	116.2
78.9	118.4
79	120.6
79	120.6
79	120.1
79	120.1
79	118.4
79.1	116.5
79.2	114.8
79.4	114.3
79.5	114.3
79.7	115.7
79.7	115.9
79.8	117.3
79.8	119.2
79.8	119.8
79.9	119.8
79.8	116.5
79.8	114.8
79.7	111.5
79.9	108
80.1	106.6
80.2	104.4
80.3	102.7
80.3	100.8
80.3	99.2
80.3	97.5
80.3	97
80.3	95.6
80.3	94
80.3	92.6
80.4	91.2
80.4	89.8
80.6	87.1
80.6	87.1
80.6	87.1
80.7	89.3
80.7	90.1
80.8	92.9
80.9	94
80.9	97.3
80.8	100.6
80.6	104.4
80.6	104.7
80.6	106.3
80.6	107.1
80.6	108.8
80.6	110.4
80.6	112.1
80.7	115.9
80.7	116.2
80.7	117.6
80.6	120.1
80.6	122
80.8	124.2
80.9	122.5
81.1	120.3
81.1	121.2
81.1	123.4
81.1	124.7
81.2	126.1
81.3	128
81.3	129.7
81.4	129.7
81.5	128.3
81.5	128
81.6	128.3
81.6	128.6
81.6	128.6
81.8	126.4
81.8	125.8
81.8	126.1
81.8	127.2
81.8	127.8
81.9	128.6
82	130
82.1	130.5
82.1	130.8
82.2	131.1
82.2	132.2
82.2	132.4
82.5	130.8
82.5	126.9
82.5	124.7
82.5	123.1
82.6	121.4
82.6	121.4
82.6	121.4
82.6	121.7
82.7	122.3
82.7	122.5
82.7	123.6
82.7	123.9
82.7	124.5
82.8	124.7
82.9	124.7
83	122
83	121.7
83	120.1
83	118.4
83.1	117.6
83.2	116.2
83.3	115.9
83.3	115.7
83.3	114.6
83.4	115.9
83.4	116.2
83.6	114.3
83.6	114
83.7	113.7
83.7	114.8
83.8	114.8
83.9	115.4
83.9	115.7
83.9	116.2
83.9	117.3
83.9	118.4
83.9	118.7
84	119.5
84	119.8
84.1	118.1
84.2	116.5
84.3	116.2
84.4	115.9
84.4	114.8
84.5	112.1
84.5	112.1
84.6	110.4
84.7	109.6
84.8	108
84.9	106
85	103.8
85.1	103.3
85.1	101.7
85.1	98.6
85.1	97.8
85.1	95.1
85.1	94.8
85	93.4
85	92.3
85	91.2
85.1	90.1
85.1	88.7
85.1	87.4
85.1	85.7
85.1	84.3
85.2	83
85.4	80.5
85.4	78.8
85.4	77.2
85.4	75.5
85.5	73.9
85.6	72.5
85.6	72
85.7	70
85.7	69.2
85.7	67.8
85.8	66.7
85.8	65.4
86	65.9
85.9	68.1
85.9	68.7
86	68.9
86.1	68.9
86.2	68.7
86.3	68.4
86.4	68.4
86.4	69.2
86.4	69.8
86.4	70.6
86.4	71.4
86.4	72
86.5	72.8
86.5	73.9
86.7	75.3
86.9	76.1
87.1	75.5
87.2	73.3
87.2	72
87.3	72
87.3	72.2
87.5	72.5
87.5	72.2
87.8	71.1
87.9	70.3
87.9	68.7
87.9	67.8
87.9	67.3
87.9	66.5
88.1	66.5
88.2	67.3
88.2	68.7
88.2	68.7
88.2	69.5
88.2	69.5
88.2	68.7
88.3	67.8
88.4	67.3
88.5	67.3
88.6	68.1
88.6	67.3
88.6	66.7
88.7	65.9
88.7	65.6
88.7	65.1
88.7	64.3
88.7	63.4
89	63.7
89	63.7
89	64
89.1	63.7
89.2	61.8
89.3	61
89.3	62.3
89.4	62.6
89.4	64
89.4	64.5
89.6	64
89.6	63.7
89.7	62.9
89.7	62.1
89.9	61
90	60.1
90.1	59.9
90.2	58.8
90.3	57.7
90.3	56.6
90.4	55.8
90.4	54.4
90.5	54.1
90.6	51.9
90.6	51.6
90.7	51.1
90.7	51.9
90.7	55.8
90.6	56.9
90.6	57.4
90.6	59.3
90.7	61
90.9	62.3
91	63.4
91	63.7
91.1	64.8
91.3	66.2
91.5	66.7
91.5	66.7
91.6	66.5
91.7	64
91.7	63.2
91.9	63.2
92	62.1
92.1	61.5
92.1	62.1
92.1	62.9
92.2	63.4
92.3	63.4
92.7	63.4
92.8	63.4
92.9	62.9
92.9	61.2
93	60.1
93.1	61.5
93.2	62.3
93.4	63.2
93.4	63.4
93.6	64.5
93.6	66.2
93.7	68.9
93.6	72
94.1	71.1
94.1	68.9
94.2	67.3
94.2	67.3
94.2	69.5
94.2	70
94.2	71.4
94.3	73.1
94.3	74.7
94.5	75
94.5	75
94.5	73.6
94.7	74.7
94.7	75
94.8	75
94.9	74.7
94.9	71.4
94.9	70.9
94.9	68.4
94.9	68.1
95	67
95	65.4
95.1	64.3
95.2	62.9
95.3	62.3
95.3	62.6
95.3	65.1
95.3	65.6
95.7	72.2
95.9	73.6
95.8	75
95.8	75.8
95.9	78.6
95.9	79.1
96	79.9
96.2	79.1
96.2	78.6
96.2	77.2
96.3	76.4
96.3	75.5
96.3	76.1
96.5	77.2
96.6	78
96.7	79.1
96.8	79.1
96.9	79.9
97.1	81.3
97.2	82.7
97.3	83.8
97.4	84.9
97.5	85.7
97.7	86.5
97.8	87.1
97.8	87.4
98.1	87.4
98.1	87.4
98.1	87.6
98.3	89.3
98.5	91.5
98.5	91.8
98.5	93.7
98.5	96.2
98.6	96.7
98.6	97.8
98.7	99.2
98.7	100.3
98.8	100.8
98.8	101.7
98.8	102.2
98.9	102.5
99	102.5
99.1	101.4
99.1	101.1
99.1	101.1
99.2	102.5
99.2	104.4
99.2	106.3
99.4	106.9
99.5	105.2
99.5	104.7
99.7	106
99.7	106.9
99.7	107.1
99.7	108.5
99.8	109.9
99.9	110.7
100	112.1
100.1	112.9
100.2	113.5
100.4	111.8
100.2	109.3
100.2	107.7
100.3	109.1
100.3	109.1
100.4	110.2
100.5	109.3
100.5	108
100.5	107.7
100.6	105.2
100.6	104.9
100.6	104.4
100.7	103
100.6	102.5
100.6	102.5
100.6	101.9
100.6	101.9
100.6	103
100.7	103.8
100.8	104.7
100.8	104.9
100.8	105.2
100.8	105.2
100.9	105.2
101	104.1
101	103.8
101.1	102.7
101.2	101.9
101.2	100.6
101.2	99.5
101.2	98.6
101.3	98.6
101.3	99.7
101.4	101.1
101.4	102.7
101.4	103
101.4	104.1
101.6	106
101.6	108.2
101.7	108.8
101.7	108.8
101.9	108.2
101.9	107.1
101.9	106
101.9	104.7
101.9	103.3
102	103.6
102.1	103.6
102.2	103.6
102.2	103.6
102.3	103
102.3	101.9
102.6	101.7
102.7	102.7
102.7	105.5
102.8	106.6
103	106
103	104.9
103.1	106.6
103.1	107.4
103.1	108
103.2	109.1
103.2	109.3
103.2	109.3
103.3	108.8
103.3	108
103.4	106.6
103.4	105.2
103.4	104.7
103.4	103.8
103.5	102.7
103.6	103.6
103.7	104.9
103.7	105.2
103.8	106
103.9	107.4
103.9	108.5
104.1	109.3
104.1	109.6
104.1	109.3
104.2	108
104.2	107.4
104.4	107.1
104.7	107.1
104.9	108.2
104.9	108
105	106.6
105	106
105	104.4
105.1	103.6
105.2	104.4
105.3	106.6
105.3	108
105.3	108.2
105.3	109.1
105.4	109.6
105.4	111
105.4	111.8
105.4	112.1
105.5	112.1
105.6	111
105.8	109.9
105.8	109.6
105.8	108
105.8	106.9
105.8	106
106	105.2
106.1	105.2
106.2	105.5
106.3	106.9
106.3	108.2
106.3	109.9
106.3	111
106.3	111
106.4	110.2
106.5	110.4
106.5	110.7
106.5	111.8
106.5	112.1
106.5	112.4
106.6	112.4
106.6	112.1
106.6	111
106.7	110.4
106.8	110.4
106.8	110.2
106.9	109.9
106.9	109.9
107	110.4
107	111.5
107.1	111.5
107.1	110.2
107.2	108.5
107.2	107.4
107.2	106.6
107.2	106
107.2	105.2
107.3	104.7
107.4	107.4
107.4	109.1
107.4	110.4
107.5	110.7
107.5	111.3
107.5	111.8
107.6	112.1
107.7	111.3
107.7	111.3
107.8	111.5
107.9	112.9
107.9	113.2
107.9	113.5
108	112.6
108.2	111.8
108.2	111
108.2	110.7
108.3	109.6
108.3	109.3
108.3	108.2
108.3	106.6
108.4	106.3
108.4	106
108.5	106
108.6	107.1
108.6	108.2
108.6	108.5
108.7	108.5
108.8	108
108.9	107.4
108.9	107.1
108.9	107.1
108.9	108.2
109.1	108.2
109.1	108
109.3	109.1
109.4	109.9
109.4	110.4
109.5	111.5
109.8	111.8
109.8	111.5
109.9	109.6
110	108.8
110.1	107.4
110.1	107.1
110.1	106
110.2	105.5
110.2	105.8
110.2	107.7
110.2	108.2
110.2	109.1
110.4	110.2
110.6	110.2
110.7	109.9
110.7	109.1
110.7	108
110.8	107.1
111.1	107.1
111.1	107.4
111.2	108.5
111.4	109.1
111.7	109.9
111.7	110.7
111.7	111
111.8	110.4
111.9	108.8
111.9	108.8
112	108.8
112.1	110.2
112.1	111.5
112.2	112.6
112.3	111.8
112.4	111.3
112.5	110.7
112.5	109.6
112.5	108.8
112.5	108.5
112.5	108.2
112.7	108.8
112.9	110.2
113	111.3
113	112.4
113	113.5
113	113.7
113.1	114.3
113.2	114.6
113.2	113.7
113.2	113.7
113.3	112.1
113.3	111.5
113.3	110.7
113.5	110.7
113.5	111.5
113.6	111.5
113.7	110.4
113.7	109.3
113.7	108
113.7	105.8
113.7	104.4
113.7	103.6
113.7	103
114	104.1
114	104.1
114.2	105.5
114.3	106
114.3	104.9
114.3	103.8
114.3	102.7
114.3	102.5
114.4	104.9
114.4	106.9
114.6	107.7
114.7	109.1
114.7	110.2
114.7	110.7
114.8	110.7
115	111.5
115	112.4
115	113.2
115	113.7
115	114.6
115	114.8
115	115.4
115	114.3
115	114.3
115	113.5
115.1	113.5
115.1	113.7
115.2	115.1
115.3	115.4
115.4	115.7
115.4	115.7
115.5	114.8
115.5	113.5
115.5	111.8
115.6	109.9
115.6	109.9
115.6	110.4
115.6	112.1
115.7	113.7
115.7	114.3
115.7	114.6
115.8	114
115.9	113.5
116	112.6
116	112.4
116	111
115.9	109.1
115.9	108.2
116.2	107.1
116.3	106.9
116.4	105.8
116.5	105.5
116.5	104.4
116.5	104.4
116.5	104.4
116.7	105.8
116.7	108
116.8	108.8
116.8	108.8
116.8	107.1
117	107.1
117	107.4
117	108.5
117.1	109.1
117.1	108.5
117.2	107.4
117.4	107.7
117.4	108
117.4	108.5
117.4	108.5
117.4	107.1
117.4	106.9
117.4	106
117.4	106
117.4	105.2
117.4	104.9
117.5	104.9
117.5	104.4
117.6	104.1
117.6	103.8
117.6	103.8
117.7	103.6
117.9	103.6
118	104.9
118	105.8
118.1	107.4
118.2	110.2
118.2	111.3
118.2	111.5
118.4	111.5
118.4	111
118.5	109.3
118.6	107.7
118.7	107.7
118.8	108.2
118.8	109.9
118.8	110.2
118.8	111.3
118.8	112.6
119.1	111.8
119.1	110.4
119.1	109.1
119.1	107.7
119.1	107.4
119.2	106.6
119.2	106.3
119.2	105.5
119.2	104.4
119.2	103.8
119.3	103.6
119.3	104.9
119.4	106.9
119.5	108
119.6	108.8
119.6	108.8
119.8	110.4
119.9	109.9
120	110.2
120	110.4
120	111.3
120	111.5
120.2	110.7
120.2	109.9
120.2	109.6
120.2	109.1
120.3	108.8
120.4	108
120.4	107.7
120.4	107.7
120.5	107.7
120.6	108.5
120.6	108.5
120.7	108.5
120.8	108.2
120.9	109.1
120.9	110.4
120.9	111.3
121	111.5
121.1	111.3
121.1	111.5
121.2	111.8
121.2	111.8
121.4	111.3
121.4	110.4
121.4	109.1
121.4	108.2
121.4	106.9
121.4	106.9
121.4	105.8
121.4	104.4
121.4	103.3
121.6	102.2
121.6	102.7
121.8	104.1
121.9	104.7
122	103.8
122	103
122	102.5
122	102.2
122	102.2
122	101.7
122.2	101.1
122.3	100.3
122.3	101.4
122.4	103.3
122.4	103.6
122.6	104.7
122.7	105.2
122.7	106
122.8	107.4
122.8	108.2
122.8	108.2
122.9	108
123	107.1
123	105.8
123.1	105.8
123.1	105.8
123.2	106
123.3	106
123.4	106.3
123.4	106.3
123.5	106.3
123.5	105.5
123.5	104.9
123.5	104.7
123.6	104.4
123.7	103.8
123.8	103.8
123.8	103.8
123.9	103.8
123.9	103
124	102.5
124	101.1
124	100.8
124.1	100.6
124.1	100.3
124.1	100.3
124.2	99.7
124.2	101.1
124.4	103
124.5	103.3
124.5	103.6
124.7	104.9
124.7	105.5
124.7	106.3
124.8	106.6
124.8	106.6
124.9	106.3
124.9	105.2
125.1	104.9
125.2	105.2
125.4	106
125.4	106.6
125.4	106.9
125.4	107.4
125.4	108.2
125.5	108
125.5	107.7
125.5	108.2
125.5	108.5
125.5	109.1
125.6	109.3
125.6	109.3
125.8	108
126	106.3
126.1	105.5
126.2	105.2
126.3	108
126.3	109.3
126.3	109.6
126.3	111
126.3	111.3
126.4	111.3
126.6	109.3
126.5	110.4
126.6	111.8
126.7	113.7
126.7	114.6
126.7	112.6
126.8	111.3
126.8	109.9
126.9	107.7
127	106.9
127.1	106.9
127.1	105.8
127.1	105.8
127.3	106.3
127.4	108
127.4	108.5
127.6	109.9
127.6	110.2
127.6	109.3
127.6	108.2
127.8	106.6
127.8	104.9
127.9	104.9
127.9	105.5
127.9	107.1
128	108.2
128	109.3
128	110.2
128.1	111
128.1	111
128.3	110.4
128.3	110.2
128.3	107.4
128.4	107.4
128.4	108.5
128.4	108
128.5	108
128.5	106.3
128.5	105.5
128.5	105.2
128.5	106.9
128.5	109.3
128.5	111.3
128.7	112.9
128.7	113.2
128.8	113.7
128.9	113.7
129	112.9
129.2	111.3
129.2	111.3
129.4	110.2
129.4	108
129.5	106.3
129.5	105.2
129.5	103.8
129.5	102.2
129.5	101.4
129.7	102.2
129.7	102.5
129.7	104.4
129.7	104.9
129.7	105.5
129.7	105.8
129.7	105.8
129.9	105.8
129.9	104.1
130	102.7
130	101.9
129.9	100.8
130.1	100.8
130.2	102.5
130.3	103
130.3	103.8
130.3	105.2
130.3	106.6
130.3	107.4
130.3	107.7
130.3	108.5
130.4	109.1
130.5	109.3
130.6	108.2
130.8	108.5
130.8	110.4
130.8	110.7
130.8	111
130.9	111.3
131	111.3
131.1	109.3
131.1	108.8
131.1	108
131.2	106.3
131.2	105.5
131.3	104.7
131.3	104.7
131.4	104.1
131.4	104.9
131.4	105.8
131.4	106
131.4	106.9
131.4	107.7
131.4	108.8
131.5	109.3
131.6	109.3
131.7	108.8
131.9	108.8
131.9	108.8
132.3	109.9
132.3	109.9
132.3	109.6
132.3	108.8
132.3	108.5
132.3	107.4
132.4	106
132.6	104.9
132.7	104.9
132.9	106
132.9	106
132.9	106.9
133	108
133	108.8
133	109.1
133	109.9
133	110.2
133	110.4
133.2	111.3
133.3	111
133.4	109.6
133.4	109.3
133.5	109.9
133.5	110.4
133.6	110.7
133.6	111
133.7	111
133.8	109.9
133.8	109.6
133.8	108.5
133.9	107.4
134	107.1
134.1	106.9
134.3	107.7
134.3	109.1
134.3	110.7
134.3	111.5
134.4	111
134.4	109.6
134.6	110.2
134.6	111
134.7	110.7
134.7	110.4
134.7	109.6
134.8	108
134.8	107.7
134.8	106.9
134.9	106.3
135	105.8
135	106
135	106
135	107.4
135.1	108.2
135.1	108
135.3	108.2
135.4	108.8
135.4	107.4
135.5	105.8
135.5	105.2
135.5	104.9
135.5	103.6
135.7	102.5
135.8	102.7
135.8	103.3
135.8	105.2
135.8	105.5
135.9	106.9
135.9	106.9
136.1	106.6
136.1	106.3
136.2	106.9
136.2	108
136.2	108.2
136.3	109.3
136.5	109.3
136.5	107.1
136.5	105.8
136.5	105.2
136.6	104.7
136.7	104.9
136.7	104.4
136.7	104.4
136.8	103.6
136.8	103.6
136.8	106.6
136.8	108
136.8	108.5
136.9	108.5
137.1	108.5
137.1	108.5
137.2	106.9
137.2	106
137.3	105.8
137.3	104.7
137.4	104.4
137.5	103.6
137.5	103.6
137.7	103.6
137.7	103.6
137.8	104.9
137.8	106.3
137.9	107.1
137.9	109.1
137.9	109.9
138	110.2
138.1	109.9
138.2	108.5
138.2	109.6
138.3	110.4
138.5	109.9
138.6	111.8
138.6	112.6
138.6	112.9
138.8	114.8
138.9	115.9
138.9	116.2
138.9	117
138.9	117.3
139	117
139.2	115.1
139.3	112.9
139.3	112.4
139.3	110.7
139.4	109.3
139.4	108.8
139.6	107.7
139.8	108.2
139.9	109.9
139.9	110.4
139.9	112.6
139.9	112.6
140.2	117.3
140.2	117.6
140.3	117.9
140.3	117.9
140.4	116.2
140.4	114.3
140.4	113.5
140.4	112.6
140.6	111
140.6	109.3
140.7	108.5
140.8	108.2
140.8	108.2
140.9	107.7
140.9	110.4
141	111.5
141.1	110.7
141.2	112.6
141.5	111.8
141.5	111.3
141.5	110.4
141.5	109.1
141.5	108
141.7	109.3
141.8	111.3
141.8	111.5
141.8	112.4
141.9	112.6
141.9	113.5
142	114.6
142	114.6
142.1	114
142.1	113.2
142.3	114.8
142.4	115.1
142.4	115.7
142.5	115.4
142.5	114
142.5	112.6
142.6	112.4
142.7	113.2
142.7	113.2
142.8	114
142.9	114.8
142.9	114.8
143	114.3
143.1	113.5
143.1	112.6
143.3	112.4
143.5	113.7
143.5	113.7
143.6	115.1
143.7	116.8
143.9	117.9
143.9	118.1
143.9	118.4
144	118.1
144.1	117.6
144.2	117.3
144.2	115.7
144.3	113.7
144.3	113.5
144.5	111.8
144.5	111.3
144.5	111
144.5	110.7
144.5	110.7
144.5	111
144.6	111
144.6	111
144.6	111.5
144.8	112.6
144.9	113.7
144.9	114
145	114.8
145	115.1
145	115.9
145	117.3
145.1	117.6
145.1	117.9
145.2	119
145.3	118.7
145.3	117
145.2	115.7
145.4	116.8
145.5	116.8
145.6	116.8
145.6	116.2
145.7	114.6
145.7	114.6
145.7	113.2
145.8	111.8
145.8	111.3
145.9	110.2
145.9	109.1
145.9	108.8
146	108
146	107.1
146	106.6
146	106.3
146.1	106
146.1	106.3
146.2	107.1
146.2	108.2
146.3	108
146.4	108.2
146.4	109.3
146.5	109.9
146.7	111
146.8	112.1
146.8	113.5
146.8	113.7
146.8	114.6
146.8	115.9
146.9	115.7
147	115.4
147	115.9
147.2	116.2
147.3	115.7
147.3	114.3
147.3	113.5
147.3	112.6
147.4	112.4
147.5	112.9
147.6	113.2
147.6	113.7
147.7	113.7
147.8	114.3
147.8	112.9
147.8	111.5
147.8	111.3
147.8	109.6
147.8	108.8
147.8	108
147.9	107.1
147.9	106.9
148	106.3
148	105.2
148	103.8
148	103.6
148.2	103.6
148.4	104.7
148.4	104.7
148.7	106.6
148.7	108
148.7	109.3
148.7	109.9
148.7	111.5
148.7	112.1
148.7	112.4
148.7	112.6
149	113.5
149.1	114.3
149.1	114.3
149.1	115.1
149.1	115.7
149.1	114.8
149.2	114.8
149.2	113.5
149.2	112.6
149.3	111.5
149.3	110.4
149.4	109.9
149.6	109.9
149.6	110.4
149.7	111.8
149.7	112.6
149.8	113.2
149.9	112.6
149.9	111.3
149.9	110.7
149.9	109.9
149.8	108.8
149.8	108
149.8	106.9
149.9	106.6
150	107.1
150.1	108
150.1	109.1
150.2	109.3
150.2	109.3
150.3	108.5
150.4	108.8
150.4	109.9
150.4	111
150.4	111
150.5	111.3
150.5	111.5
150.5	111.5
150.6	111
150.6	111
150.6	110.2
150.6	109.6
150.6	109.1
150.6	108.8
150.9	110.2
150.9	110.2
151	109.6
151	109.6
151.1	109.1
151.2	107.7
151.2	107.1
151.3	107.4
151.4	108
151.4	109.9
151.5	111.5
151.6	111.8
151.6	112.6
151.7	113.2
151.9	113.2
151.9	113.2
152	112.4
152	111.8
152	111.8
152	112.4
152.1	112.9
152.1	114.3
152.1	117
152.3	117.6
152.4	118.1
152.4	118.4
152.4	118.7
152.4	118.1
152.5	117
152.6	115.9
152.7	115.9
152.7	115.1
152.7	113.2
152.8	112.9
152.9	112.9
153	113.5
153	113.7
153.1	114
153.2	114.8
153.3	115.9
153.3	116.5
153.3	116.8
153.4	115.9
153.5	115.4
153.5	114.6
153.5	114
153.5	113.2
153.5	112.6
153.5	112.1
153.7	111
153.8	109.9
153.8	109.6
154	109.9
154	110.2
154	111.5
154	111.5
154	113.5
154.1	114.8
154.1	115.9
154.2	117
154.2	117.9
154.2	117.9
154.2	118.4
154.2	118.4
154.3	118.1
154.4	116.8
154.4	115.1
154.4	113.7
154.5	111.8
154.5	110.4
154.6	110.2
154.7	109.9
154.7	111.3
154.7	112.9
154.7	113.2
154.8	113.7
154.8	114
154.8	114
154.9	113.7
154.9	113.5
155.1	113.7
155.2	115.1
155.2	115.1
155.3	115.1
155.4	113.7
155.4	112.6
155.4	111.5
155.5	111
155.7	109.9
155.7	108.2
155.7	107.1
155.7	106.9
155.7	106.3
155.8	105.8
155.9	106
155.9	107.7
155.9	108.2
156.1	108.2
156.2	109.6
156.2	111.8
156.2	113.2
156.2	114
156.2	114.3
156.3	115.1
156.3	115.4
156.3	116.2
156.3	116.8
156.5	117.3
156.8	117.6
156.9	117.6
156.9	117.6
156.9	118.1
156.9	118.7
156.9	119
156.9	119.2
156.9	120.3
156.9	120.3
156.9	120.3
157.1	120.1
157.2	118.4
157.2	116.8
157.3	115.1
157.3	114.6
157.3	114
157.3	114.3
157.3	114.3
157.5	114.8
157.5	115.1
157.5	115.9
157.6	117
157.6	117
157.6	117.6
157.7	118.1
157.7	118.1
157.7	118.7
157.8	117.9
157.9	117.3
157.9	116.5
157.9	115.4
157.9	114.3
157.9	113.7
157.8	112.9
157.8	112.6
157.9	112.1
157.9	112.1
158.2	112.1
158.2	112.1
158.2	111
158.3	110.4
158.4	110.2
158.4	109.9
158.5	109.9
158.6	111.3
158.6	112.9
158.6	114
158.6	115.4
158.7	116.2
158.7	116.8
158.7	117.6
158.7	117.9
158.7	118.7
158.8	119.8
158.9	120.6
158.9	121.4
159	122
159	122.5
159	122.8
159.1	122.8
159.1	123.1
159.3	122
159.4	120.1
159.4	119.2
159.5	119
159.6	117.6
159.6	115.9
159.6	115.1
159.7	114.6
159.7	113.7
159.7	113.5
159.7	112.9
159.8	112.4
159.8	112.1
159.8	111.5
159.9	112.1
160	111.8
160.1	110.7
160.2	108
160.2	107.1
160.3	106.6
160.3	107.1
160.3	109.3
160.3	109.6
160.3	111.3
160.3	112.6
160.4	114.3
160.5	115.7
160.5	116.2
160.6	115.1
160.7	113.5
160.7	113.2
160.7	111.8
160.7	111.5
160.7	110.7
160.8	110.4
160.8	110.2
160.8	109.1
160.8	108.8
160.8	109.1
161	110.7
161	111.5
161.2	111
161.2	110.4
161.2	109.3
161.2	110.2
161.2	111.5
161.2	111.8
161.4	113.2
161.5	113.5
161.8	114.3
161.8	115.4
161.9	116.5
161.9	116.8
161.9	119.2
161.9	119.8
161.9	120.1
161.9	121.2
161.9	122.5
162	123.4
162.1	123.6
162.1	124.2
162.1	124.5
162.1	125
162.1	125.3
162.1	125.8
162.2	127.2
162.3	126.4
162.4	124.5
162.4	123.9
162.5	122
162.5	120.1
162.6	118.4
162.6	118.4
162.7	117.6
162.8	116.2
162.8	114.6
162.8	114
162.8	113.5
162.8	112.9
162.9	112.9
163	114
163.1	115.4
163.2	116.2
163.3	117
163.3	116.8
163.3	116.5
163.3	115.4
163.5	114
163.6	113.2
163.7	114.3
163.6	115.4
163.7	115.4
163.7	114.3
163.9	113.5
163.9	113.7
164	115.1
164	115.1
164.2	115.1
164.2	114.6
164.2	114
164.3	113.5
164.3	112.4
164.3	111.3
164.3	111.5
164.4	113.5
164.5	115.1
164.6	116.5
164.6	117
164.6	118.1
164.6	119
164.6	119.8
164.6	120.9
164.5	122.5
164.5	122.8
164.5	123.4
164.5	123.4
164.5	123.6
164.6	124.7
164.6	125.3
164.6	125.6
164.7	126.1
164.8	126.7
164.9	126.7
164.9	126.1
165	123.9
165	123.6
165	122.3
165	120.9
165	120.1
165	118.7
165	117.9
165	116.8
165	116.2
165	116.2
165	116.2
165.2	116.2
165.4	116.5
165.4	118.4
165.3	120.1
165.4	122
165.4	122.8
165.6	123.1
165.7	123.1
165.8	121.7
166	121.2
166	122
166.1	123.1
166.3	124.5
166.3	125.3
166.3	125.8
166.4	126.7
166.5	127.8
166.5	128
166.5	128
166.6	126.7
166.6	126.4
166.7	125.6
166.7	125
166.7	123.9
166.7	122.8
166.8	121.7
166.8	121.2
167	122
167	122.3
167.2	123.6
167.3	124.7
167.4	126.4
167.4	126.4
167.5	127.8
167.5	128.3
167.6	129.4
167.6	130.8
167.7	131.6
167.8	132.2
167.8	132.2
167.9	132.2
167.9	131.1
168	128.9
168	127.5
168	127.2
168	126.7
168	125.6
168	124.7
168.1	124.2
168.1	123.4
168.1	123.4
168.2	124.5
168.2	125
168.2	125
168.3	124.5
168.4	123.4
168.4	122
168.4	122.5
168.4	120.9
168.5	118.1
168.5	116.2
168.5	114.8
168.5	112.9
168.5	110.7
168.5	109.6
168.5	109.1
168.5	106.6
168.6	105.2
168.7	104.1
168.7	103.8
168.7	103
168.8	101.9
168.9	101.1
169	101.1
169	101.4
169	102.5
169	102.7
169.1	103.8
169.2	103.8
169.3	103.8
169.4	104.1
169.5	104.9
169.5	106.3
169.5	107.7
169.6	108
169.7	108
169.9	108
169.9	108.2
170.1	109.6
170.2	109.6
170.2	110.7
170.2	111
170.2	112.4
170.2	113.7
170.3	115.4
170.3	115.4
170.3	117
170.3	118.7
170.3	119.8
170.5	121.4
170.5	122.3
170.5	122.3
170.5	123.6
170.5	125.6
170.4	127.2
170.4	128.6
170.4	129.1
170.5	129.4
170.6	129.7
170.6	128.6
170.6	128.3
170.7	127.2
170.9	125.8
170.9	123.6
170.9	122.3
171	120.1
171.1	118.7
171.1	118.7
171.2	117.3
171.2	115.1
171.1	112.9
171.1	111.5
171.1	111
171	110.4
171	110.2
171	109.1
171.1	107.1
171.1	105.8
171.1	104.7
171.1	103.3
171.1	103.3
171.1	102.7
171.2	102.7
171.3	102.7
171.4	103.6
171.4	104.1
171.4	105.8
171.6	108
171.7	110.2
171.7	112.6
171.7	112.9
171.7	114
171.7	114.3
171.7	115.4
171.8	117
171.9	117
172	115.9
172	116.8
172.1	116.8
172.1	116.8
172.2	115.4
172.2	114
172.3	110.2
172.3	108.8
172.4	107.7
172.4	107.4
172.4	107.1
172.4	104.7
172.4	104.1
172.4	103.6
172.4	103.3
172.5	103
172.6	103.8
172.7	104.7
172.7	105.8
172.8	106.3
172.9	106.9
173.1	106.9
173.4	105.8
173.5	103.8
173.5	103.3
173.5	102.2
173.6	101.9
173.6	101.9
173.7	101.1
173.7	100.6
173.7	101.1
173.7	101.4
173.8	102.7
174	103.6
174	104.9
174	105.8
174.1	108
174.1	109.3
174.1	110.4
174.2	111.8
174.2	113.2
174.1	115.9
174.2	120.3
174.3	120.9
174.4	121.7
174.5	124.2
174.5	126.7
174.5	127.8
174.5	128.9
174.8	130.5
175	130.8
175.1	132.2
175.2	133
175.2	134.1
175.3	134.1
175.3	135.2
175.3	136
175.3	136.8
175.3	137.4
175.4	138.2
175.5	138.2
175.5	137.4
175.5	137.1
175.5	136.3
175.5	134.9
175.5	133.8
175.5	133
175.6	131.9
175.7	131.3
175.7	130.8
176	131.6
176	133.5
176	135.5
176	137.9
176	138.2
176	138.2
176.1	139
176.3	140.7
176.6	144.5
176.6	145.6
176.6	146.2
176.6	147
176.6	146.2
176.6	145.6
176.7	143.2
177	139.9
177	136.3
177	135.7
177	134.1
177	131.3
177.1	129.1
177.1	128.9
177.1	127.2
177.1	125
177.1	122.5
177.2	119.2
177.3	119.2
177.3	117
177.3	114.6
177.5	111.5
177.6	111
177.7	114
177.7	115.1
177.7	119.5
177.6	123.9
177.6	126.4
177.6	126.7
177.6	129.7
177.6	129.7
177.7	131.1
177.8	131.9
177.8	134.6
177.8	134.9
178	136.6
178.1	136.6
178.1	136
178.2	133
178.3	131.6
178.3	130.2
178.5	133
178.7	138.2
178.8	138.5
178.8	139.6
178.8	140.7
178.8	140.7
178.8	141
178.8	139
178.8	134.6
178.8	134.4
179	134.6
179	136.8
179	138.2
179.1	134.4
179.1	134.1
179.1	131.9
179.1	130
179.2	126.1
179.2	124.5
179.4	122
179.4	121.4
179.4	118.7
179.4	116.8
179.5	113.5
179.5	108.8
179.5	107.4
179.5	106
179.6	103.3
179.6	100.8
179.7	98.9
179.7	98.1
179.9	96.4
180	96.2
180.1	96.4
180	99.5
180	102.7
180	104.1
180	106.6
180	108.8
180.3	111.3
180.3	111.5
180.3	113.5
180.2	115.1
180.2	116.8
180.3	117.9
180.3	118.7
180.4	119.2
180.5	120.9
180.5	120.9
180.6	119.8
180.6	119.5
180.6	119.5
180.7	117.3
180.6	115.1
180.6	112.4
180.6	111.5
180.6	109.9
180.6	106.6
180.6	105.5
180.9	105.2
181	106.9
181	107.4
180.9	108.2
181.1	108.8
181.2	109.3
181.2	109.9
181.3	109.6
181.3	108.8
181.3	106.9
181.4	104.7
181.5	100.3
181.5	97.3
181.5	97.3
181.5	94.8
181.5	92.9
181.6	90.9
181.7	89
181.7	88.7
181.7	87.1
181.8	87.1
181.9	85.7
181.9	85.4
181.9	85.4
181.9	86.8
182	88.7
182	89
182.2	88.5
182.3	88.2
182.2	90.9
182.2	92.3
182.2	92.6
182.2	93.7
182.3	94.2
182.3	94.5
182.7	93.4
182.7	92.9
182.8	94.8
182.8	96.7
182.8	97.5
182.8	97.8
183	99.2
183	100
183	102.5
183	102.7
183	103
183	104.1
183.2	106.9
183.2	107.1
183.3	108.2
183.4	109.3
183.4	109.9
183.5	109.9
183.6	105.2
183.6	102.5
183.7	99.7
183.7	99.5
183.8	97.3
183.9	94.2
183.9	91.8
183.9	89
183.9	87.9
183.9	87.1
183.9	85.7
184	84.6
184	84.6
184.3	84.6
184.3	83.8
184.4	81.9
184.4	80.5
184.5	78.8
184.7	78
184.7	78
184.7	80.8
184.8	83.5
185	85.2
185	85.4
184.9	86.5
184.9	86.8
185.3	88.2
185.4	86.8
185.5	88.5
185.4	91.8
185.4	91.8
185.4	93.7
185.5	94
185.6	94.5
185.7	95.3
185.8	95.9
185.8	96.4
186.2	95.9
186.3	95.1
186.2	95.9
186.3	98.1
186.2	99.2
186.5	103.6
186.4	104.1
186.4	105.5
186.5	108.2
186.4	109.9
186.6	110.4
186.7	111.5
186.7	112.1
186.8	112.4
186.9	111.5
187.2	107.1
187.2	103.6
187.2	101.4
187.2	98.4
187.2	96.2
187.3	93.7
187.3	92.6
187.3	91.8
187.3	90.1
187.4	88.2
187.7	87.4
187.8	89
187.8	89.8
187.9	90.4
187.9	90.7
187.9	91.8
188	92.9
188.3	95.3
188.3	96.7
188.3	97
188.3	99.2
188.3	100
188.4	101.1
188.5	101.9
188.5	102.7
188.6	103.6
188.7	104.9
188.7	108.5
188.7	109.6
188.7	109.9
188.7	113.2
188.7	114.8
188.7	117.3
188.7	117.6
188.7	119
188.9	122.3
188.9	123.4
188.9	123.6
188.9	124.7
188.9	126.4
189	127.2
189.1	127.2
189.2	127.5
189.2	127.8
189.3	127.8
189.5	121.2
189.5	120.6
189.5	118.4
189.4	115.9
189.4	113.5
189.4	112.6
189.4	110.4
189.4	106.6
189.6	104.9
189.9	103.8
190	103.6
190	102.7
190.1	100.8
190.3	97.5
190.3	96.4
190.3	95.3
190.4	97
190.6	97.3
190.7	95.3
190.7	94
190.8	93.1
190.7	95.1
190.8	97.3
190.8	97.5
191	97.3
191	96.4
191	98.6
191.1	101.7
191.1	103
191.1	103.3
191.3	103.8
191.4	104.1
191.4	104.4
191.8	108
191.9	108.5
191.9	109.1
192	107.7
192.1	106.9
192.2	106.3
192.4	109.9
192.5	110.7
192.5	112.1
192.5	113.2
192.5	114.3
192.5	120.1
192.6	121.2
192.7	123.1
192.8	123.6
192.8	125.3
192.8	125.8
192.9	125.8
193.1	122.8
193.2	120.3
193.4	119
193.4	122
193.4	124.7
193.5	125.8
193.6	128.6
193.7	131.3
193.7	132.4
193.7	133.5
193.8	134.1
193.8	135.2
193.9	136.3
193.9	138.2
193.9	138.5
193.9	135.7
194	133
194.1	130.8
194.1	130.5
194.1	131.1
194.2	133.8
194.2	135.7
194.2	136.3
194.3	137.4
194.3	137.9
194.4	137.9
194.6	137.1
194.7	134.4
194.8	132.7
194.9	131.1
195	130.8
195.2	130.5
195.3	130
195.3	128
195.3	127.8
195.5	126.4
195.6	124.2
195.6	121.4
195.6	121.2
195.6	118.7
195.6	117.9
195.7	120.3
195.8	121.4
195.8	122.8
196	124.2
196.2	123.4
196.3	120.9
196.3	117.6
196.3	114.6
196.3	114.3
196.4	112.1
196.4	110.7
196.4	109.3
196.6	108.2
196.6	107.1
196.6	105.2
196.6	103.8
196.7	103.6
196.7	101.7
196.9	100.3
196.9	100
197	100.3
197.1	101.9
197.1	105.2
197.2	107.7
197.3	108.2
197.5	106
197.4	104.7
197.4	103.6
197.4	103
197.6	102.7
197.7	101.9
197.7	101.7
197.7	100.8
197.8	100.8
197.8	102.5
197.9	105.8
198	107.4
198	109.6
197.9	113.2
197.9	114
198	115.9
198.1	120.9
198.3	125.6
198.3	125.8
198.4	126.7
198.5	126.9
198.5	127.8
198.5	128.6
198.7	129.1
199	129.7
199.1	134.1
199.1	136
199.2	139
199.2	139.9
199.3	140.4
199.3	140.1
199.4	138.2
199.5	136.8
199.5	135.5
199.5	134.6
199.8	134.4
199.8	134.4
199.8	133.3
199.8	131.6
199.9	131.1
200	130.8
200.1	130
200.1	129.7
200.2	128.3
200.4	126.7
200.4	125.6
200.4	123.6
200.6	122
200.6	120.3
200.6	120.1
200.7	120.1
200.8	119.8
200.9	118.7
201	117.9
201	117
201	116.8
201.2	117
201.3	120.1
201.3	120.3
201.3	122
201.4	123.6
201.4	124.2
201.6	124.2
201.7	122.5
201.7	121.7
201.7	120.3
201.7	119.2
201.7	118.4
201.7	117
201.8	116.5
201.8	115.1
201.9	113.2
202	111.5
202	111
202	109.3
202	109.1
202	109.1
202.2	111.5
202.3	113.5
202.3	113.7
202.3	119.5
202.3	120.6
202.4	121.7
202.5	122.8
202.6	123.1
202.6	122.8
202.7	122.5
202.7	122
202.9	121.2
203.2	118.1
203.2	116.5
203.3	115.9
203.4	116.8
203.4	117
203.5	115.9
203.5	114.3
203.6	113.7
203.7	112.1
203.7	111.5
203.8	110.2
203.9	109.6
203.9	109.6
204.1	113.2
204.1	113.5
204	115.4
204	116.2
204	116.5
204.1	116.2
204.2	116.5
204.2	116.8
204.3	118.1
204.4	119
204.5	120.1
204.5	120.9
204.6	120.9
204.6	120.6
204.7	119.2
204.7	117
204.7	115.4
204.8	113.2
204.9	112.4
204.9	111.3
204.9	110.7
204.9	110.4
204.9	109.1
204.9	107.7
205	107.1
205.1	107.7
205.2	108
205.2	108.8
205.3	110.2
205.3	111.8
205.3	112.4
205.4	113.2
205.6	112.4
205.8	112.4
205.9	112.6
206.2	114
206.3	114.3
206.4	116.2
206.4	118.1
206.6	122.3
206.6	123.9
206.6	125.6
206.6	126.4
206.6	127.8
206.6	128
206.7	128.6
206.8	128.6
206.9	129.4
206.9	130.2
206.9	130.5
206.9	130.8
206.9	131.6
206.9	132.2
207	133
207	133.3
207.3	132.4
207.3	132.2
207.4	130
207.5	127.8
207.5	128
207.5	128
207.6	129.4
207.6	130.5
207.6	130.8
207.6	130.8
207.7	130.5
207.7	128.9
207.7	126.4
207.9	125
207.9	124.5
207.9	123.4
207.9	123.1
207.9	123.1
208	122.8
208.2	123.6
208.3	125
208.4	125.3
208.4	124.7
208.4	123.9
208.5	122
208.5	120.1
208.5	119.5
208.5	118.7
208.6	120.3
208.6	123.1
208.6	123.6
208.6	125.8
208.6	126.7
208.6	128.9
208.6	131.6
208.7	133
208.9	133.8
208.9	134.4
208.9	135.7
208.9	136.3
209	138.2
209	140.1
209	142.1
209	142.9
209.1	145.6
209.1	146.2
209.3	146.7
209.3	146.2
209.3	142.9
209.3	141.5
209.3	139.3
209.4	136.8
209.5	134.6
209.8	131.6
209.8	130.2
209.8	130
209.8	128
209.8	126.9
209.7	125.8
209.8	123.4
210	122.3
210.1	121.7
210.2	120.9
210.2	121.7
210.3	122.8
210.4	123.1
210.4	123.1
210.4	121.7
210.5	120.9
210.7	120.6
210.8	120.3
210.9	120.3
210.9	121.4
211	122.8
211.1	123.1
211.2	121.7
211.2	121.2
211.4	121.2
211.4	121.2
211.4	122.3
211.5	124.2
211.5	124.7
211.5	125.6
211.5	126.1
211.7	127.5
211.7	127.5
211.8	126.7
211.8	125.3
212	125
212.1	125
212.3	126.1
212.4	126.7
212.6	128
212.6	129.4
212.6	130
212.7	130
212.8	129.7
212.8	128.6
212.8	127.5
212.9	126.1
213	125
213.1	124.5
213.2	123.9
213.2	123.1
213.3	122.3
213.3	121.7
213.3	121.2
213.3	119.8
213.3	119.5
213.3	120.3
213.5	122
213.6	123.6
213.6	124.5
213.6	125.8
213.7	127.2
213.7	128
213.7	128.3
213.8	129.1
213.9	129.4
213.9	128.9
213.9	127.5
214	125.3
214.1	123.9
214.2	122.8
214.2	122.8
214.2	125.3
214.4	127.5
214.5	128.3
214.6	129.7
214.6	130
214.6	129.7
214.7	128.6
214.7	127.2
214.7	125.8
214.7	125.6
214.7	124.5
214.7	124.2
214.9	124.2
214.9	126.1
215	126.4
215.1	125.6
215.1	124.5
215.1	123.6
215.2	123.1
215.3	122.5
215.4	121.2
215.4	120.6
215.4	119.2
215.4	118.4
215.4	117.9
215.6	117.3
215.6	116.2
215.6	115.9
215.7	116.2
215.7	117.3
215.7	117
215.7	117
215.8	118.7
215.9	120.1
216	121.7
216	122
216.1	121.2
216.2	120.9
216.3	120.9
216.4	122.3
216.4	122.3
216.5	122.3
216.5	121.2
216.5	120.6
216.5	119.5
216.7	118.4
216.8	117
216.8	116.5
216.9	114.8
216.8	115.7
216.8	116.2
217	117
217	115.9
217	115.9
217.1	116.8
217.2	118.4
217.3	120.9
217.4	122.3
217.4	123.4
217.4	125
217.4	126.7
217.5	126.9
217.6	127.2
217.7	127.2
217.7	125
217.8	124.2
217.8	124.2
217.8	123.1
217.8	122
218.1	122
218.3	123.1
218.4	122.3
218.4	122
218.5	122.3
218.5	123.1
218.5	124.5
218.5	124.5
218.6	124.5
218.7	123.1
218.8	121.2
218.8	120.1
218.8	119.8
218.8	118.1
218.8	117.9
218.9	115.7
219.1	114.3
219.1	113.5
219.1	111.5
219.1	111
219.1	110.7
219.1	109.3
219.1	108.8
219.3	109.1
219.3	109.1
219.5	110.4
219.5	112.4
219.5	113.5
219.5	115.7
219.5	115.9
219.5	117.3
219.7	118.7
219.7	119.5
219.7	119.8
219.8	120.9
219.8	121.2
219.9	123.4
219.9	124.7
220	125.6
220	125.8
220.1	126.1
220.2	125.6
220.2	123.4
220.2	121.4
220.2	120.1
220.2	118.7
220.4	118.1
220.4	119.2
220.5	119.5
220.6	120.6
220.6	122.5
220.6	123.4
220.7	124.5
220.8	124.5
220.8	123.6
220.9	122.3
221	122.8
221	123.1
221.1	123.9
221.1	124.2
221.1	125
221.2	125.6
221.3	125.6
221.3	124.7
221.3	123.1
221.2	120.9
221.2	120.9
221.2	120.3
221.2	119.5
221.3	118.7
221.3	118.7
221.4	118.4
221.6	117.6
221.6	117.6
221.7	117.9
221.9	119.8
222	120.3
222	120.6
222.1	121.4
222.2	122.3
222.3	122.5
222.4	122
222.4	121.7
222.4	120.3
222.4	120.3
222.4	119.5
222.4	118.7
222.6	117.6
222.6	116.8
222.7	116.5
222.8	117.3
222.9	118.1
223	119.2
223	119.8
223.1	119.8
223.3	119.5
223.4	119.5
223.4	119.5
223.5	120.3
223.5	120.9
223.5	120.6
223.5	119.2
223.5	119.2
223.7	118.7
223.7	118.4
223.7	117
223.8	115.1
223.8	114
223.9	112.4
223.9	110.7
223.9	109.3
224.2	108.8
224.2	111.3
224.3	114.3
224.4	114.6
224.4	117
224.4	117.6
224.4	118.7
224.5	120.3
224.5	122
224.5	123.4
224.5	123.6
224.5	124.7
224.6	124.7
224.7	124.5
224.9	122
224.9	121.2
225	120.3
225.2	120.3
225.3	119.8
225.3	118.1
225.3	116.8
225.3	115.4
225.3	114.8
225.4	114.6
225.4	114.3
225.4	113.2
225.4	112.9
225.4	112.6
225.4	112.1
225.5	110.7
225.5	109.9
225.6	109.3
225.6	109.1
225.6	108
225.6	106.9
225.7	105.8
225.7	105.5
225.6	104.7
225.6	103.8
225.7	103.6
226	106
226.1	106.6
226.1	105.2
226.1	104.9
226.1	104.9
226.2	106.9
226.3	106.9
226.3	106.9
226.3	106.9
226.3	104.9
226.4	103
226.6	100.6
226.7	99.5
226.7	99.5
226.8	100.8
226.9	101.9
227	103
227	103.3
227.1	101.9
227.2	100.8
227.4	100.3
227.6	99.2
227.6	99.2
227.7	97.5
227.9	97
228	98.9
228	99.5
228.1	101.1
228.1	103
228.1	104.9
228.1	105.2
228.2	106.6
228.3	108.8
228.3	109.6
228.3	110.4
228.3	111.5
228.3	113.2
228.3	114
228.3	116.2
228.3	116.8
228.2	121.7
228.2	122
228.2	123.9
228.3	128.6
228.3	129.4
228.3	131.1
228.4	134.4
228.5	136.6
228.5	137.1
228.5	139.3
228.5	142.6
228.5	143.4
228.5	144.8
228.6	145.4
228.6	146.2
228.7	146.7
228.7	146.7
228.9	145.6
229	145.4
229.1	148.6
229.1	149.2
229.1	151.4
229.1	151.9
229.1	153.9
229.1	155.5
229.1	158
229.2	158.8
229.2	159.1
229.2	160.2
229.2	159.6
229.2	155.8
229.2	155.8
229.2	151.9
229.4	148.6
229.4	145.6
229.5	140.7
229.5	139.9
229.5	137.9
229.5	135.2
229.4	132.7
229.4	131.3
229.4	129.7
229.5	128.3
229.5	128.3
229.5	127.2
229.7	126.4
229.8	127.2
230	129.7
230.1	130.8
230.2	130.8
230.2	129.7
230.3	127.8
230.3	126.4
230.4	125.8
230.4	125.3
230.5	126.1
230.5	126.4
230.5	127.5
230.7	127.8
230.8	126.4
230.8	128
231	129.1
231.1	128.9
231.2	128.6
231.2	127.5
231.2	125.8
231.3	125.6
231.3	124.5
231.5	123.9
231.4	126.7
231.5	128.6
231.5	128.9
231.5	130
231.7	130.5
231.8	128
231.8	127.5
232	129.4
232	131.6
232	133.3
232	134.1
232.3	132.2
232.3	131.6
232.4	129.7
232.4	127.8
232.4	126.4
232.5	125.8
232.5	125.6
232.5	128
232.6	127.2
232.7	126.7
232.8	126.9
232.9	128
233	129.7
233	131.9
233	133.3
233.3	131.3
233.3	128.3
233.3	126.9
233.3	126.7
233.3	125.6
233.4	124.5
233.5	126.1
233.6	127.5
233.6	126.7
233.7	127.5
233.7	128.9
233.7	128.9
233.7	130.8
233.9	131.6
234.2	131.3
234.2	130.5
234.2	130.2
234.3	130.2
234.3	129.7
234.4	128.9
234.6	128
234.6	125.8
234.7	124.2
234.7	123.6
234.7	123.6
234.8	125
234.9	125.8
235.1	125.6
235.1	126.1
235.1	126.1
235.3	127.2
235.3	128
235.5	128
235.5	127.8
235.5	127.5
235.6	129.1
235.8	128.3
236.1	127.5
236.3	128.3
236.3	131.9
236.3	133.5
236.4	135.5
236.4	136.3
236.4	136.6
236.6	137.9
236.6	138.2
236.8	138.2
236.8	135.2
236.9	136
236.9	136.3
236.9	138.2
237.1	139.6
237.2	138.5
237.3	135.2
237.3	132.4
237.4	131.1
237.4	130.2
237.5	128.6
237.5	128
237.5	127.2
237.5	126.4
237.6	128.6
237.6	131.1
237.7	132.7
237.8	131.6
237.8	130.5
237.9	129.1
237.9	127.8
238	124.5
238	123.9
238.1	122.8
238.2	122.5
238.2	120.3
238.2	120.6
238.3	121.7
238.4	123.1
238.4	124.7
238.4	125
238.5	127.2
238.5	127.8
238.7	126.7
238.7	127.8
238.7	128.6
238.8	128.6
238.9	126.7
238.9	125.8
238.9	124.5
239	123.4
239.2	122.5
239.2	122.8
239.3	124.5
239.4	128
239.5	128.3
239.5	128
239.5	127.8
239.5	128
239.5	129.7
239.5	131.1
239.7	131.1
239.8	129.7
239.9	128.6
239.9	128.3
239.9	129.1
240	129.7
240.1	130
240.2	129.1
240.3	127.2
240.3	127.2
240.3	126.1
240.4	125
240.4	123.6
240.5	123.6
240.5	125.6
240.6	126.7
240.6	128.3
240.6	129.1
240.7	128.6
240.7	126.9
240.8	125.6
240.8	124.7
241	123.4
241	122.5
241	123.1
241.1	124.5
241.1	123.4
241.4	120.9
241.4	119.2
241.4	119
241.4	119
241.5	121.7
241.5	122.8
241.7	122.8
241.7	121.2
241.8	119.5
241.9	119.2
241.9	118.4
242	117.3
242	116.5
242.3	120.1
242.4	123.1
242.3	123.4
242.3	125.3
242.3	126.1
242.3	126.4
242.4	125.6
242.5	124.2
242.6	122.5
242.7	123.4
242.7	123.6
242.7	124.7
242.8	126.4
242.9	127.5
243	128.3
243.2	127.5
243.2	127.8
243.4	128
243.4	127.5
243.4	125.3
243.4	123.6
243.6	122.5
243.6	122
243.7	120.6
243.7	120.3
243.8	119
244.5	115.9
243.9	116.8
243.8	120.1
243.9	120.3
243.9	122.3
244.1	124.2
244.2	126.4
244.5	127.8
244.7	126.4
244.8	127.2
244.8	127.8
244.8	130.2
244.8	132.2
244.9	134.1
244.9	135.2
244.9	138.5
244.9	139
245	139.9
245.1	140.7
245.1	142.1
245.1	142.3
245.2	143.4
245.3	142.3
245.5	140.7
245.6	136.6
245.6	134.4
245.6	133
245.7	131.3
245.7	130
245.7	129.7
245.7	128.6
245.7	127.8
245.9	127.5
245.9	129.1
246	129.7
246	128.9
246.1	128.6
246.2	128.6
246.3	130.5
246.3	129.4
246.4	128.9
246.6	130.2
246.6	132.2
246.7	133.3
246.7	135.2
246.9	136
246.9	136
247	133
246.9	131.9
246.9	130
247	128
247	127.2
247.1	126.4
247.1	125.3
247.2	124.5
247.3	124.5
247.4	125.8
247.4	127.8
247.6	129.1
247.6	130.2
247.6	133.3
247.6	133.5
247.7	134.1
247.9	133.3
247.9	133
248	131.1
248	129.4
248.1	128
248.2	126.4
248.4	125.8
248.4	127.2
248.4	130.5
248.4	133.5
248.3	135.5
248.3	136.8
248.3	137.9
248.4	138.2
248.5	138.2
248.7	139.3
248.7	139.6
248.8	138.8
248.8	135.2
248.8	132.4
249	131.1
249.1	129.7
249.1	126.9
249.2	127.5
249.2	129.7
249.2	132.4
249.5	134.6
249.5	135.7
249.5	136
249.7	136.6
249.8	135.2
249.8	133
249.8	132.2
250.3	130.8
250.4	129.4
250.4	128.6
250.3	127.8
250.3	126.9
250.2	126.1
250.2	125.3
250.4	123.9
250.5	124.5
250.5	126.4
250.5	128.3
250.6	130.2
250.7	131.3
250.8	132.4
250.9	133.5
251	134.6
251.1	136.6
251.2	136.8
251.2	136.8
251.2	137.4
251.3	134.1
251.2	130.8
251.3	128
251.5	126.1
251.6	125.6
251.6	123.9
251.6	123.6
251.6	123.4
251.7	125.8
251.8	127.5
251.8	128.3
251.9	128.6
252	128.6
252	128.9
252.1	125.8
252.1	122.5
252.1	120.3
252.3	118.4
252.3	117.9
252.3	115.1
252.3	112.6
252.3	111.3
252.4	109.1
252.5	108
252.6	108.2
252.7	109.3
252.8	111.8
252.8	114.8
252.8	115.7
252.8	117.9
252.8	120.3
252.8	120.6
252.8	122.3
253	123.9
253.1	126.4
253.1	128.6
253.3	130.8
253.4	131.6
253.4	133.3
253.5	134.6
253.5	134.6
253.6	133
253.7	129.7
253.8	126.4
253.8	125
253.9	124.2
254.1	122.5
254.1	121.7
254.3	122.8
254.4	125
254.5	125.6
254.7	125.6
254.8	126.9
254.8	128.9
254.8	131.3
254.8	131.9
255.1	132.7
255.2	133.3
255.2	133.3
255.5	132.2
255.6	131.6
255.6	130
255.8	129.4
255.9	130.8
256.1	132.2
256.2	128.9
256.2	127.2
256.2	125
256.3	122
256.5	117.6
256.5	117
256.5	116.2
256.7	113.7
256.8	113.5
256.9	111.5
256.9	111
256.9	109.9
256.9	108.5
257	109.6
257	109.6
257	111
257	112.6
257.2	115.1
257.3	117.6
257.4	119.2
257.6	119.8
257.7	119.5
257.7	118.7
257.7	121.7
257.9	123.6
257.9	125.3
257.9	126.4
258	126.9
258.2	127.2
258.3	124.2
258.3	125.8
258.4	126.9
258.5	126.4
258.6	123.9
258.7	124.7
258.7	125.3
258.7	128.6
258.8	130.5
259	133
259.1	136
259.1	139
259.1	139.6
259.1	140.7
259.1	144.5
259.1	148.1
259.1	149.7
259.1	151.1
259.2	151.7
259.4	150
259.4	146.5
259.5	144
259.5	143.2
259.5	140.1
259.6	138.8
259.7	136
259.7	133.8
259.7	131.6
259.8	131.1
259.8	128.6
259.9	128
259.9	127.2
260	124.7
260.1	122.5
260.1	121.4
260.1	119.8
260.1	119.2
260.1	119.2
260.1	118.1
260.2	118.4
260.3	122
260.3	122.8
260.4	125.3
260.6	127.8
260.7	130.5
260.8	133
261	138.8
261	139
260.9	141.2
260.9	142.1
260.8	144.3
260.8	146.7
260.9	147
260.9	143.7
261.2	141.2
261.3	140.7
261.5	138.5
261.5	137.9
261.5	136.8
261.6	134.9
261.7	133
261.7	130.8
261.7	128.3
261.7	125.8
261.7	123.6
261.7	122.5
261.6	121.2
261.6	119.5
261.7	121.2
261.8	124.2
261.8	124.7
261.8	126.1
261.9	127.5
261.9	128.3
261.9	128.6
262	128.9
262.1	129.1
262.1	129.1
262.2	130.8
262.2	131.3
262.2	131.6
262.3	131.9
262.4	132.2
262.5	131.9
262.5	130
262.5	129.7
262.5	128.3
262.5	128
262.6	128.6
262.6	130.5
262.6	131.1
262.8	130.5
262.9	129.4
262.9	128.9
263.2	128.3
263.3	126.7
263.5	124.7
263.5	122.3
263.5	120.9
263.5	119.5
263.5	119.5
263.7	121.4
263.7	125
263.7	127.8
263.7	128.3
263.7	129.4
263.9	130.8
264	131.9
264	132.2
264.1	130.5
264.2	130
264.2	129.1
264.3	128.9
264.4	129.4
264.6	131.3
264.7	132.2
264.9	131.6
264.9	130.5
264.9	128.9
265.1	128
265.2	126.7
265.2	125
265.2	124.7
265.2	123.6
265.3	123.4
265.6	123.6
265.7	121.4
265.7	120.1
265.8	118.7
265.8	117.9
266	119.2
266	121.2
266.1	121.7
266.3	119.8
266.4	117.9
266.4	115.4
266.5	114
266.5	113.5
266.7	116.2
266.7	119.2
266.7	119.2
266.7	122.3
266.7	123.4
266.7	125.3
266.8	127.8
267	128
267	129.7
267	130
267.1	132.4
267.3	133.5
267.3	136.6
267.4	137.9
267.4	138.2
267.5	140.1
267.7	136.3
267.9	133.5
267.9	133.3
268	131.6
268.1	130.2
268.2	130
268.2	129.1
268.2	127.5
268.2	127.2
268.2	125.3
268.2	125.3
268.4	127.8
268.4	128.3
268.4	129.7
268.4	129.4
268.5	127.8
268.6	126.9
268.7	125.3
268.7	123.6
268.8	120.3
268.8	121.4
268.9	122.3
269.1	122
269.1	121.7
269.1	120.1
269.2	119.8
269.2	118.4
269.2	117.3
269.2	118.1
269.2	119
269.4	118.7
269.5	118.1
269.5	117
269.6	116.2
269.8	116.8
269.8	117.9
269.9	119.2
270	119.2
270.1	119
270.3	119.8
270.3	122.3
270.3	125
270.3	126.7
270.6	128.6
270.7	131.9
270.7	133.3
270.9	134.4
270.9	134.4
271	132.7
271	131.9
271.1	130.2
271.2	128
271.2	127.8
271.3	126.1
271.3	125.6
271.4	124.5
271.4	123.4
271.4	121.4
271.5	119
271.5	118.1
271.6	120.9
271.6	124.2
271.6	125.8
271.8	127.2
271.9	128
271.9	129.1
271.9	130.2
272	130.8
272.1	128.6
272.1	126.4
272.1	124.5
272.1	123.4
272.1	122.5
272.2	122.3
272.2	122
272.2	123.9
272.3	125.6
272.4	125
272.5	125
272.7	126.4
272.7	126.7
272.8	127.8
272.8	128.9
272.8	130.2
272.9	131.1
273	128.9
273	126.9
273	125.3
273.1	123.1
273.1	122.3
273.1	122
273.3	120.1
273.3	120.6
273.4	122
273.6	122
273.6	121.7
273.6	121.7
273.8	122.8
273.8	122.3
273.8	120.3
273.9	118.1
274	116.8
274	115.4
274	114.8
274	115.1
274.1	115.4
274.1	116.8
274.1	119.8
274.2	122
274.2	122.8
274.2	123.1
274.4	120.9
274.4	120.6
274.5	118.4
274.5	116.5
274.7	112.6
274.7	112.9
274.8	113.2
274.8	116.8
274.8	120.3
274.8	122
274.8	122.3
274.9	124.2
274.9	125
275.1	124.2
275.1	123.9
275.3	122
275.3	121.7
275.4	123.4
275.4	123.6
275.4	124.7
275.4	126.1
275.5	128
275.5	128.9
275.5	130.5
275.5	130.8
275.6	131.9
275.6	131.9
275.6	134.4
275.7	133.3
275.7	131.9
275.6	128.9
275.7	126.1
275.7	124.2
275.9	122.3
275.9	121.4
276	120.3
276.2	120.9
276.2	120.9
276.4	122.3
276.4	123.4
276.4	124.5
276.5	125.3
276.6	125.3
276.6	125
276.7	121.4
276.8	119.2
276.8	116.5
276.7	114.8
276.8	112.9
277	114.3
277	114.6
277.1	115.7
277.1	115.9
277.3	115.4
277.3	113.7
277.4	112.1
277.4	110.4
277.5	109.3
277.5	108.5
277.6	107.1
277.7	108.5
277.7	109.1
277.7	109.3
278	108.5
278	108.5
278.1	109.9
278.1	113.5
278.1	116.2
278.1	117.3
278.1	118.1
278.1	119.5
278.2	120.1
278.3	123.1
278.5	123.6
278.6	123.6
278.7	122
278.7	119.8
278.8	117.9
279	116.8
279	116.5
279.1	115.7
279.1	115.1
279.1	114.6
279.2	112.6
279.2	111.8
279.1	108.8
279.1	108
279.2	108
279.4	108
279.4	108
279.5	107.7
279.7	106.6
279.8	106.6
279.8	106.6
279.8	107.4
279.9	109.1
279.9	110.7
279.9	110.7
280	111.8
280	113.5
280.1	114.8
280.2	115.1
280.4	112.4
280.5	110.2
280.5	108.5
280.6	107.7
280.6	106.9
280.6	106.3
280.8	104.9
280.9	103.8
281.1	103.3
281.2	103
281.2	105.2
281.2	105.8
281.2	106.3
281.4	108.8
281.6	108.5
281.7	106.3
281.8	105.8
281.9	103.8
281.9	102.2
281.8	100.3
281.8	98.9
281.9	97.5
281.9	97.5
282.2	98.6
282.2	101.7
282.2	103.6
282.2	105.8
282.4	107.4
282.4	108.8
282.6	109.9
282.7	111.8
282.8	112.9
282.9	114.8
283.1	114
283.1	113.7
283.2	115.1
283.4	117.3
283.4	119.5
283.7	119.2
283.9	114
284	109.1
284	106.9
284.3	102.7
284.3	101.4
284.4	103
284.5	105.5
284.8	106
284.8	106.6
284.8	109.9
285	112.1
285	112.4
284.9	114.3
285	111.3
285.1	106.9
285.1	106.6
285.1	103.8
285.2	100.8
285.4	98.1
285.5	95.9
285.5	95.6
285.5	93.1
285.5	90.7
285.7	90.4
285.7	92.3
285.6	96.2
285.6	98.9
285.6	99.5
285.5	101.9
285.7	104.4
285.7	106.9
285.8	108
285.8	110.2
285.8	110.2
285.9	111
286.1	112.4
286.1	112.9
286.3	114.6
286.3	114.8
286.4	115.9
286.4	115.9
286.4	116.5
286.6	117
286.7	117
286.8	112.4
286.8	110.4
286.8	111.3
286.8	114.3
286.9	114.6
286.9	115.9
287	117.6
287.1	119.2
287.1	119.2
287.2	119.5
287.3	117.9
287.3	117.3
287.3	115.4
287.3	114.3
287.5	112.6
287.5	110.7
287.5	110.2
287.6	110.2
287.6	115.4
287.6	117.6
287.8	119.5
287.9	120.9
288.1	122.3
288.2	123.1
288.4	121.2
288.5	120.9
288.5	117.9
288.5	115.4
288.6	113.2
288.6	111
288.6	108.2
288.6	107.7
288.8	107.4
288.9	108.2
288.8	111.5
288.7	115.4
288.7	115.7
288.8	117.3
288.9	119
289.1	117.9
289.2	116.2
289.2	115.7
289.4	115.9
289.5	115.9
289.6	114.6
289.7	113.2
289.7	111.8
289.9	112.6
290	113.2
290.1	112.9
290.1	112.4
290.4	113.5
290.6	110.7
290.6	108.2
290.7	106.9
290.8	106
290.8	105.5
290.8	110.2
290.8	112.4
290.8	112.6
290.8	114.3
290.9	114.8
291	114.8
291.1	115.1
291.3	113.7
291.3	112.6
291.3	111.3
291.4	110.2
291.5	111
291.6	111.5
291.7	111
291.8	109.6
291.9	107.1
291.9	106.6
292	110.4
292.1	112.4
292.1	113.2
292.2	114.3
292.2	115.7
292.2	115.7
292.4	114.8
292.5	113.7
292.5	115.4
292.7	116.2
292.7	116.8
292.8	117.3
292.9	113.7
293	112.4
293	111.5
293	110.4
293.1	108.2
293.1	106
293.1	106
293	104.4
293	103.3
293	102.5
293.1	102.2
293.2	102.2
293.3	105.2
293.4	108.5
293.4	111.8
293.4	113.2
293.4	114.3
293.4	116.2
293.4	116.5
293.4	117.6
293.5	118.7
293.5	120.3
293.5	121.7
293.5	121.7
293.8	119
293.8	117.6
293.9	115.1
293.9	113.2
294	112.1
294.2	112.4
294.2	112.4
294.3	111.8
294.3	111
294.3	110.4
294.3	109.9
294.3	108
294.5	106.9
294.7	108
294.7	109.6
294.8	110.4
294.8	111
294.9	110.7
294.9	110.7
295	109.1
295.2	108
295.2	106.9
295.2	105.5
295.2	105.2
295.2	105.2
295.3	106.3
295.3	106.3
295.4	104.9
295.5	104.7
295.5	104.7
295.6	105.5
295.6	105.2
295.7	104.7
295.7	106.3
295.8	106.9
295.9	109.1
295.9	111.5
296	113.2
296.2	115.4
296.2	115.7
296.3	118.4
296.4	121.7
296.2	127.8
296.2	128.6
296.2	129.4
296.3	133.8
296.4	137.4
296.4	139
296.5	141.5
296.6	141.8
296.7	138.2
296.7	137.1
296.6	134.4
296.6	131.1
296.6	129.1
296.6	127.2
296.6	126.9
296.5	122
296.7	121.7
296.7	119.5
296.7	118.1
296.8	115.4
296.9	111.8
296.9	111
296.9	111
296.9	107.1
296.9	103.3
296.9	98.1
297.2	94.8
297.2	92.6
297.1	89.3
297.1	89
297.2	87.6
297.3	85.4
297.4	82.4
297.4	82.1
297.5	78
297.6	75.3
297.6	73.1
297.6	71.1
297.7	69.8
297.8	68.4
297.8	65.9
297.8	64.8
297.8	63.2
297.8	60.7
297.9	53.3
298.3	51.6
298.4	52.2
298.4	52.5
298.5	55.5
298.7	58.5
298.8	62.9
298.7	65.1
298.7	66.5
298.6	67.6
298.6	70
298.7	72.8
298.8	77.2
298.9	83
298.9	86
298.9	86.3
298.9	87.6
299	90.7
299.1	92
299.1	94
299.1	98.9
299.1	99.2
299.1	99.2
299.2	100.6
299.2	101.4
299.4	103.8
299.5	108.5
299.5	111
299.5	112.6
299.5	114.3
299.5	114.3
299.8	113.5
299.8	113.2
299.9	111.5
299.9	109.6
300.1	108.2
300.2	107.1
300.4	107.4
300.4	111.8
300.4	112.1
300.4	113.7
300.5	116.2
300.5	118.4
300.6	118.1
300.8	116.8
300.7	118.1
300.9	119.2
300.9	120.9
301.2	125.3
301.2	126.4
301.2	128.3
301.1	129.7
301.2	131.1
301.2	131.1
301.2	131.3
301.3	131.3
301.5	129.4
301.6	127.8
301.6	125.6
301.5	123.9
301.5	121.2
301.5	119
301.7	119.5
301.9	121.2
301.9	120.9
301.9	119.5
301.9	119.2
301.9	118.1
302	116.5
302.1	117.3
302.1	117.6
302.2	119
302.2	120.6
302.3	121.4
302.3	120.1
302.3	119.8
302.4	119.8
302.6	119.8
302.6	120.9
302.8	121.7
302.8	120.1
302.7	117.9
302.7	117.6
302.7	115.9
302.8	114
302.8	112.9
303	112.6
303	114
303.1	115.1
303.1	117
303.1	118.4
303.1	120.1
303.1	120.6
303.2	120.1
303.3	119
303.3	117
303.3	116.8
303.4	118.4
303.5	119.2
303.7	119.8
303.8	119.2
303.8	117.9
303.8	116.5
303.9	115.4
303.9	114.8
304	113.7
304.1	112.9
304.2	112.6
304.4	114.8
304.4	117.3
304.5	120.3
304.5	121.7
304.5	122.8
304.5	123.9
304.8	125.3
305	122.8
305.1	123.9
305.1	125.6
305.1	126.1
305.2	126.7
305.4	126.4
305.4	126.1
305.4	123.6
305.4	123.4
305.5	123.9
305.5	124.5
305.5	125
305.5	125.6
305.5	125.6
305.6	125.8
305.7	124.2
305.7	123.9
305.7	123.6
305.8	124.2
305.9	124.5
305.9	124.5
305.9	121.7
306.1	120.1
306.1	119.8
306.1	119
306.3	116.8
306.3	115.4
306.3	115.1
306.4	116.2
306.4	119.5
306.4	122.5
306.4	122.8
306.5	125
306.6	126.7
306.7	127.8
306.8	127.8
306.8	126.9
306.9	123.9
307.1	125
307.2	125
307.2	123.9
307.2	122.5
307.2	120.9
307.3	120.1
307.4	121.4
307.5	122.8
307.5	124.2
307.5	125
307.6	125.8
307.6	126.1
307.6	125.6
307.7	124.7
307.8	125.6
307.8	126.1
308	126.4
308	125.8
308	124.2
308	122.5
308	120.9
308	119
308.2	118.1
308.2	116.8
308.2	116.5
308.3	117
308.3	117.3
308.4	119.8
308.4	120.1
308.4	121.7
308.4	122.5
308.5	121.7
308.6	121.7
308.7	122.3
308.7	123.6
308.7	123.9
308.7	125.3
308.8	125.8
309	126.9
309.2	128.3
309.2	128.3
309.3	127.5
309.3	124.2
309.4	120.9
309.4	119.8
309.4	119.5
309.4	119.5
309.4	118.4
309.6	118.1
309.8	120.1
309.8	118.1
309.9	120.3
309.9	123.1
309.9	123.4
310	124.2
310	124.5
310.1	123.1
310.1	122.8
310.1	121.7
310.3	121.7
310.4	122.3
310.4	121.4
310.6	120.3
310.8	119.2
310.8	119.2
311	120.3
311	123.1
311	126.7
311.1	128.9
311.1	130
311.1	132.2
311.1	132.4
311.1	132.4
311.1	133
311.4	134.1
311.4	134.4
311.5	133.3
311.5	130.2
311.5	128.6
311.6	127.2
311.7	126.1
311.8	125.8
311.8	124.2
311.9	122
312	120.6
312.1	119.8
312.1	118.7
312.3	118.7
312.5	120.1
312.6	120.9
312.6	120.3
312.6	120.9
312.7	122.5
312.8	120.6
312.8	117.9
312.8	115.9
312.9	114.6
312.9	114
313	114
313.2	116.8
313.2	120.1
313.2	121.4
313.2	121.7
313.2	122
313.2	118.7
313.2	116.8
313.2	115.1
313.3	114.6
313.5	113.5
313.5	112.1
313.5	112.1
313.6	110.2
313.6	110.2
313.6	111.8
313.7	112.4
313.7	115.1
313.7	117.9
313.7	118.1
313.8	120.1
314.1	121.7
314.2	120.6
314.2	117.3
314.3	116.5
314.3	115.1
314.4	113.5
314.6	112.6
314.7	113.7
314.7	117.6
314.7	118.7
314.7	120.9
314.7	121.2
314.8	122.5
314.8	122.8
314.9	123.9
315	124.5
315.1	122.8
315.1	122.5
315.2	123.4
315.2	125.8
315.4	127.5
315.4	129.1
315.7	129.4
315.7	127.2
315.7	126.7
315.8	124.2
316	122.8
316.1	124.7
316.1	124.7
316.1	128.3
316.1	130.5
316.3	132.2
316.4	133
316.5	128.3
316.5	126.1
316.7	124.7
316.8	124.7
316.9	124.7
316.9	123.6
317	122.5
317	120.9
317	118.7
317.1	118.4
317.1	117.6
317.2	117.3
317.2	117.6
317.4	119.8
317.4	122.8
317.4	124.5
317.4	125
317.4	126.4
317.4	127.5
317.4	127.8
317.4	128
317.5	126.7
317.5	126.1
317.6	125.3
317.8	123.1
317.8	122.3
317.8	124.7
317.8	126.4
317.8	126.7
317.8	127.8
318	130.2
318.1	130.8
318.1	131.3
318.2	130.2
318.3	128
318.4	126.4
318.4	125
318.4	124.5
318.5	124.7
318.5	126.7
318.5	126.1
318.5	125.8
318.6	125
318.6	126.4
318.6	128
318.6	128.3
318.8	128.6
318.9	128
318.9	127.5
318.9	125.8
319.1	125.8
319.1	127.2
319.2	126.9
319.2	126.9
319.2	125.6
319.2	125.6
319.3	122.5
319.3	121.7
319.4	123.9
319.4	125
319.4	127.2
319.4	128.3
319.6	128
319.7	126.7
319.9	124.5
319.9	123.9
320	121.4
320.1	120.6
320.1	120.3
320.1	119.5
320.2	119.5
320.3	121.4
320.3	122.5
320.3	121.7
320.5	120.9
320.6	119.8
320.7	118.4
320.9	119
320.9	120.3
321	120.1
321	119.8
321.1	118.7
321.2	117.3
321.2	116.5
321.3	116.2
321.4	116.5
321.6	118.4
321.6	120.9
321.7	120.6
321.8	119.2
321.9	117.9
321.9	117.3
321.9	121.4
322	123.9
322.1	124.2
322.2	125
322.3	125
322.4	125.3
322.4	126.9
322.6	127.5
322.8	127.5
323	125.8
323	123.4
323	123.1
323.1	120.9
323.2	119.2
323.3	117.3
323.3	115.4
323.3	114
323.4	117
323.4	117.3
323.5	120.1
323.5	123.9
323.5	125.8
323.5	127.5
323.6	128.6
323.6	128.9
323.8	126.1
323.8	124.2
323.9	123.6
323.9	122.8
323.9	120.9
324	120.9
324	121.4
324	123.1
324.1	123.1
324.1	122.5
324.2	123.6
324.2	125.3
324.3	126.7
324.6	128
324.6	127.8
324.6	126.4
324.7	125
324.7	124.7
324.9	122.3
324.9	121.4
325	120.9
325	119.5
325.1	119.2
325.2	119.2
325.2	120.6
325.2	122
325.4	121.4
325.4	120.9
325.4	120.1
325.5	120.3
325.5	121.2
325.6	121.2
325.6	120.3
325.7	120.3
325.8	120.3
325.6	120.3
325.7	122.3
325.8	122.5
325.8	122.5
325.8	122.5
326	122
326	120.3
326	119.5
326	119
326.1	119.2
326.1	119.5
326.2	120.6
326.3	121.7
326.3	121.7
326.3	122
326.3	122.5
326.4	123.1
326.4	123.4
326.6	122
326.6	120.6
326.7	120.6
326.7	120.3
326.9	121.4
327	122.3
327	122.5
327.1	123.6
327.2	120.6
327.2	119.8
327.1	117.9
327.1	115.4
327.1	115.1
327.1	114.8
327.1	114.8
327.1	116.2
327.3	117.9
327.4	120.6
327.4	123.6
327.6	126.7
327.7	128
327.8	128.6
327.8	129.7
328	129.4
328	128.9
328	127.2
328	124.2
328	123.9
328.1	123.4
328.2	122
328.3	121.4
328.4	121.4
328.5	122.3
328.6	122.3
328.8	122.3
328.8	122
328.9	120.1
328.9	119.5
329	121.4
329.2	123.6
329.3	127.8
329.3	132.2
329.3	132.7
329.3	135.5
329.4	140.4
329.5	142.3
329.5	143.2
329.5	144.3
329.7	144.8
329.7	144.8
329.9	140.7
329.9	139.9
330	136.8
330	134.1
329.9	131.1
329.9	130.8
330	129.4
330.2	126.9
330.2	125.3
330.3	125.8
330.5	128.3
330.5	128.3
330.5	126.1
330.5	124.7
330.6	123.4
330.6	121.7
330.8	120.1
330.8	119.5
330.9	117.3
330.9	117
331.1	116.2
331.2	117.6
331.3	118.1
331.3	119.8
331.3	122
331.4	122.8
331.4	122.8
331.6	122
331.6	121.7
331.7	121.2
331.8	122
331.8	122.8
331.8	124.2
331.8	124.5
331.9	125.3
332	126.7
332	126.9
332	128
332	128.6
332.2	129.4
332.2	129.4
332.3	127.5
332.3	127.2
332.3	126.9
332.4	125.3
332.5	123.9
332.5	123.1
332.6	123.6
332.7	125.6
332.7	126.9
332.7	127.8
332.7	127.8
332.8	128
332.9	128.3
333	127.5
333	126.7
333.1	124.7
333.2	125.3
333.3	124.2
333.5	123.6
333.6	124.2
333.6	125.6
333.6	127.2
333.6	128
333.6	128.3
333.8	127.5
333.9	126.4
333.9	126.1
334	125.6
334	124.2
334.2	123.6
334.3	124.5
334.3	126.1
334.3	126.4
334.3	127.2
334.2	128
334.3	128.6
334.4	127.5
334.4	127.2
334.5	126.7
334.5	126.4
334.5	126.7
334.5	128
334.6	128
334.6	128.3
334.6	128.6
334.8	127.5
335	125.8
335.1	125.6
335.2	126.7
335.2	127.2
335.4	127.8
335.4	128.9
335.4	129.1
335.4	128
335.5	126.7
335.6	125.6
335.6	124.5
335.7	124.2
335.7	124.5
335.7	126.4
335.7	127.5
335.8	128.3
335.8	128.6
336	127.5
336	127.5
336	127.2
336	126.9
336.1	125.8
336.2	124.7
336.4	124.2
336.4	124.2
336.4	125.6
336.4	126.4
336.5	127.2
336.8	128.9
336.8	129.4
336.8	129.4
336.9	128.3
337	126.7
337	125
337	123.9
337.1	123.6
337.1	122.8
337.1	122
337.2	122
337.3	122.3
337.3	123.9
337.3	125.3
337.5	126.7
337.6	127.2
337.7	128.6
337.8	127.8
337.8	126.4
337.8	126.1
337.9	124.7
337.9	124.5
338	125
338.1	126.1
338.1	127.5
338.1	127.8
338.1	128.6
338.1	128.9
338.2	127.8
338.2	126.9
338.3	125.3
338.3	124.7
338.3	123.9
338.3	122.8
338.3	122.5
338.5	122.5
338.5	123.6
338.6	123.9
338.6	125.3
338.7	126.9
338.7	129.4
338.8	131.1
338.8	131.3
338.9	131.3
339	129.7
339	129.1
339	128
339	126.7
339	126.4
339	125
339.2	124.5
339.3	124.5
339.3	125
339.3	125.8
339.3	126.7
339.3	126.7
339.3	126.1
339.4	125.3
339.4	125.6
339.4	127.2
339.4	127.8
339.6	127.2
339.7	125.8
339.7	123.9
339.8	123.1
339.9	123.1
339.9	122.8
340	123.1
340	124.2
340.1	124.2
340.3	123.1
340.3	121.7
340.4	120.1
340.4	118.7
340.5	118.4
340.5	117.6
340.5	116.8
340.6	115.9
340.6	114.6
340.9	115.4
340.9	115.7
340.9	117
341.1	115.7
341.1	114.3
341.1	114
341.4	116.2
341.7	119.5
341.7	119.8
341.8	123.4
341.8	125.8
341.8	128
341.8	129.1
341.7	129.7
341.7	130.2
341.7	130.5
341.8	128.3
342	127.5
342.1	129.7
342.2	130.5
342.3	127.2
342.4	126.9
342.4	125
342.4	123.9
342.5	123.1
342.5	122.5
342.7	124.5
342.7	126.1
342.7	128.6
342.7	129.1
342.7	129.1
342.8	129.1
342.9	128.6
343	129.4
343	129.7
343.1	129.1
343.2	128.9
343.2	130
343.3	131.3
343.4	133
343.4	134.1
343.4	134.4
343.5	133
343.6	131.3
343.7	131.3
343.8	130
343.8	129.1
343.8	129.1
343.9	128.9
343.9	129.4
344.1	130.2
344.1	129.4
344.1	127.5
344.1	126.7
344	125.6
344	124.2
344	123.6
344.1	123.1
344.2	122.5
344.2	124.2
344.2	125.8
344.2	129.1
344.3	130
344.4	130.8
344.5	131.6
344.5	132.2
344.5	133
344.6	133.5
344.7	133.8
344.7	134.1
344.8	133.8
344.8	131.6
344.8	131.1
344.8	130
344.9	128.3
345	126.1
345.2	127.8
345.2	129.4
345.3	132.2
345.3	132.4
345.3	133.8
345.4	134.6
345.5	134.9
345.6	135.2
345.6	134.1
345.6	133.3
345.7	133.5
345.7	132.7
345.7	131.3
345.8	131.1
345.9	131.6
346	130.8
346	130.2
346	129.7
346	128
346	127.2
346	126.4
346.2	125.6
346.3	126.1
346.3	127.2
346.3	127.8
346.3	126.4
346.5	125.6
346.6	125
346.7	124.5
346.7	123.6
346.8	123.1
346.8	122.8
346.8	122
346.8	121.7
346.9	121.7
347	122
347.1	122.8
347.1	125
347.1	125.3
347.2	126.7
347.2	126.9
347.2	127.2
347.2	128
347.2	128
347.3	126.7
347.3	125.8
347.4	125.3
347.4	124.5
347.4	123.6
347.5	122.3
347.6	121.7
347.8	121.4
347.9	120.9
347.9	120.1
348	121.4
348	122.8
348	123.6
348	123.9
348.1	125.3
348.1	126.9
348.1	128.3
348.2	129.7
348.3	130.8
348.3	131.1
348.5	130.2
348.5	129.7
348.6	128.6
348.8	126.7
348.8	126.4
348.9	125.8
348.9	125.3
349	124.2
349.1	124.2
349.1	125.6
349.2	126.9
349.2	127.2
349.3	127.5
349.4	127.5
349.4	126.4
349.5	125
349.6	123.6
349.7	123.4
349.7	123.1
349.7	122.5
349.9	120.6
349.9	120.6
350	120.1
350.1	119
350.1	117.9
350.1	116.2
350.2	114
350.2	113.7
350.2	113.2
350.2	112.4
350.2	111.3
350.2	109.9
350.2	109.3
350.3	108.5
350.4	108
350.5	107.7
350.6	108.5
350.7	110.2
350.7	112.1
350.7	113.2
350.7	114.8
350.7	117
350.7	118.7
350.7	120.3
350.7	121.4
350.9	122
351	122.8
351.1	125
351.1	125.3
351.1	126.4
351.1	128.3
351.1	128.3
351.1	129.4
351.3	132.2
351.4	133.3
351.4	134.4
351.4	134.6
351.4	136.3
351.4	136.8
351.4	137.1
351.4	138.2
351.5	138.5
351.6	138.5
351.6	138.5
351.7	137.7
351.7	136.6
351.7	135.5
351.7	134.4
351.7	134.4
351.8	134.6
351.8	134.6
351.8	134.6
351.9	132.4
351.9	131.9
352	132.7
352.1	134.1
352.1	134.9
352.2	135.7
352.3	135.5
352.3	132.7
352.3	130.5
352.3	128.9
352.5	126.7
352.6	125
352.6	123.9
352.6	123.9
352.8	124.2
352.9	128
352.9	128.3
352.9	130
352.8	131.9
352.8	132.2
352.8	133
353	132.4
353.1	131.6
353.1	131.3
353.2	130
353.2	127.2
353.2	126.7
353.2	124.7
353.2	122.5
353.2	122.3
353.2	120.3
353.4	117.9
353.5	118.1
353.7	122
353.8	124.5
353.8	125
353.9	129.7
354	130.2
354	131.1
354	131.1
354	129.1
354	128.6
354.1	125.8
354.2	123.6
354.2	121.4
354.3	120.9
354.3	119.8
354.3	119.5
354.5	117.9
354.6	117.9
354.6	119.8
354.6	120.6
354.7	120.9
354.8	120.9
354.9	120.6
355.2	120.3
355.2	120.3
355.4	121.2
355.4	125
355.4	127.5
355.5	130.8
355.5	134.6
355.5	136.8
355.5	137.7
355.5	138.8
355.5	139.6
355.6	139.3
355.8	137.1
355.9	133.3
355.9	132.7
355.9	131.9
356.1	130.8
356.2	129.7
356.2	129.4
356.2	129.1
356.3	128.6
356.3	131.1
356.4	131.3
356.4	133
356.5	135.7
356.6	136.3
356.6	136.3
356.8	136.8
356.9	135.2
356.9	132.2
356.9	131.3
356.9	129.1
356.9	125.6
356.9	122
356.9	120.1
356.9	118.7
357	117.6
357.1	115.7
357.1	114.6
357.2	112.6
357.3	111.3
357.3	110.2
357.3	111
357.3	111.3
357.4	112.9
357.5	114.8
357.5	115.1
357.6	113.5
357.9	115.7
357.9	119
358	120.3
358	121.7
358.2	123.9
358.2	125.6
358.2	125.8
358.2	127.8
358.3	129.7
358.6	127.8
358.7	125.8
358.8	127.5
358.9	130.5
359	131.3
359.1	131.1
359.1	127.2
359.1	121.7
359.1	119.5
359.2	117
359.3	115.4
359.4	114
359.4	112.9
359.4	111.3
359.5	110.4
359.6	112.4
359.7	112.6
359.7	112.1
359.7	111.5
359.9	110.7
359.9	112.6
359.8	118.7
359.8	120.9
360	122.8
360.1	124.5
360.2	125.8
360.2	126.7
360.4	128.6
360.4	128.9
360.5	127.8
360.5	126.7
360.5	126.4
360.6	125.6
360.7	126.1
360.8	127.8
361	128
361	126.4
361.1	124.2
361	123.9
361	124.5
361	125.6
361.1	126.1
361.3	126.7
361.3	126.7
361.4	126.9
361.4	125.8
361.5	123.6
361.5	121.4
361.5	120.6
361.7	119.2
361.8	118.4
362.1	117.9
362.2	115.4
362.3	113.7
362.4	113.5
362.4	113.7
362.5	116.2
362.6	119.5
362.6	122
362.6	123.4
362.8	124.7
362.8	125
362.9	125.8
363	125.8
363.2	126.7
363.4	127.5
363.5	126.7
363.5	125.6
363.6	121.7
363.7	119.5
363.7	119.2
363.7	118.7
363.7	118.1
363.7	117.6
363.8	117
363.8	115.9
363.8	114.6
363.8	114.3
363.8	114
363.9	113.2
364	113.2
364	111.8
364.3	111
364.4	113.7
364.4	114
364.5	116.8
364.6	118.4
364.7	119.5
364.8	121.7
365	123.1
365	123.4
365	124.7
365	125.3
365.1	127.8
365.2	129.4
365.2	130.5
365.1	131.1
365.1	131.9
365.1	132.2
365.1	132.7
365.1	133.3
365.1	133.8
365.1	134.4
365.2	134.6
365.3	134.6
365.3	132.2
365.6	130.5
365.7	131.3
365.7	129.4
365.8	125.3
366	122
366.1	121.7
366.1	121.7
366.3	121.7
366.4	122.3
366.6	122.5
366.7	121.4
366.7	120.6
367	117.3
367.1	117
367.2	115.9
367.2	115.1
367.2	114.3
367.2	112.9
367.2	111.8
367.4	111
367.4	110.2
367.5	109.9
367.6	109.3
367.7	108
367.7	107.7
367.7	106.3
367.8	105.2
367.9	107.7
367.8	112.9
367.8	115.1
367.8	116.8
367.8	118.4
367.9	119.8
367.9	119.8
368.1	119.5
368.2	117.6
368.2	117.3
368.3	118.1
368.3	119.8
368.3	121.4
368.4	122.8
368.5	123.6
368.6	124.5
368.6	125.3
368.6	125.6
368.6	126.4
368.6	127.8
368.7	128.3
368.7	128.3
368.8	127.8
369	123.9
369	122.8
369	121.4
369.1	120.1
369.1	118.4
369.2	117.9
369.3	119
369.3	122.3
369.3	122.8
369.4	123.9
369.5	124.2
369.5	124.2
369.6	123.6
369.7	122.3
369.7	122
369.8	118.1
369.8	116.5
369.8	115.9
369.8	114.6
369.8	114.3
369.8	113.5
369.8	113.2
369.9	112.9
369.9	112.9
369.9	113.2
369.9	114.8
370	116.5
370.2	117
370.2	117.9
370.3	118.7
370.4	119
370.5	119
370.6	117
370.6	115.4
370.7	113.7
370.7	110.7
370.7	108.8
370.7	107.1
370.9	108.2
370.9	109.9
371	112.6
371	114.6
371.1	115.7
371.1	117
371.2	118.7
371.2	118.7
371.2	119.5
371.2	120.6
371.2	121.4
371.2	122.8
371.3	124.5
371.4	122.5
371.6	119
371.7	115.1
371.8	112.4
371.8	109.3
371.8	106.9
371.9	106
371.9	105.5
371.9	104.4
371.9	102.7
372	101.1
372.1	100.8
372.3	100.8
372.3	102.2
372.4	104.9
372.4	105.2
372.6	108.8
372.7	110.4
372.9	111.8
373	110.7
373	107.4
373.1	105.8
373.2	103.3
373.2	101.7
373.2	100.6
373.2	99.2
373.4	101.1
373.5	102.7
373.6	100.6
373.7	99.5
373.7	97.8
373.8	94
373.8	93.1
373.8	91.8
373.8	91.5
373.8	90.4
373.9	88.2
374.1	88.2
374.2	92
374.2	94.8
374.2	97.3
374.4	100.3
374.4	101.7
374.5	103.8
374.6	105.2
374.7	105.8
374.8	106.6
374.8	107.7
374.8	109.3
374.8	110.4
374.8	111.8
374.8	111.8
374.8	112.4
374.8	113.2
374.9	114
375	115.1
375	117.3
375	118.1
375	118.7
375	119.8
375	120.1
375	120.1
375.1	117.9
375.1	117.3
375.2	115.9
375.3	114.3
375.4	113.2
375.5	114.8
375.5	115.9
375.7	118.4
375.7	118.7
375.8	120.1
375.8	121.2
375.8	123.4
375.8	123.9
375.8	123.9
375.8	122.5
375.9	122.3
376.3	122.5
376.3	122.5
376.3	121.2
376.4	120.1
376.4	120.1
376.7	121.2
376.7	119.5
376.7	118.1
376.6	114
376.6	111.3
376.6	111
376.7	109.6
376.7	106.9
376.8	104.4
376.9	102.2
377	101.9
377.1	101.9
377.1	103.6
377.4	104.7
377.4	104.9
377.4	100.8
377.4	100.8
377.4	98.1
377.4	96.7
377.4	94.8
377.5	94.2
377.7	94
377.7	93.7
377.8	92.6
377.8	91.5
377.8	91.5
377.9	91.5
378	92.6
378.1	93.1
378.3	93.1
378.3	92
378.4	92
378.4	93.7
378.4	94
378.4	95.3
378.4	96.4
378.6	95.6
378.7	93.4
378.7	93.4
378.7	92
378.7	91.5
378.8	93.1
378.9	95.6
379	97.3
379.1	98.9
379.3	99.2
379.4	97.8
379.4	96.2
379.5	95.6
379.5	94.8
379.6	93.4
379.6	93.1
379.7	91.8
379.9	93.7
379.9	96.4
380	97
380	97
380.2	97
380.3	96.4
380.3	95.1
380.4	93.4
380.5	93.1
380.7	94.8
380.8	96.2
380.9	95.3
381	96.4
381.1	96.7
381.1	98.1
381.2	98.6
381.3	98.4
381.3	96.4
381.3	95.6
381.3	95.3
381.3	94
381.3	93.1
381.5	91.8
381.6	93.4
381.8	95.9
381.8	97.5
381.9	99.2
382	99.7
382	100.3
382	101.1
381.9	102.7
382	103
382.1	101.4
382.2	101.4
382.2	101.9
382.3	100
382.3	99.2
382.3	95.6
382.3	95.3
382.3	94
382.3	93.1
382.4	92.9
382.4	91.5
382.4	91.2
382.5	89.8
382.5	88.7
382.6	88.7
382.7	90.9
382.7	92.9
382.8	94
383	93.7
383.1	95.1
383.2	99.2
383.2	100.8
383.3	102.7
383.3	103.8
383.3	105.2
383.3	106.6
383.3	108.5
383.3	110.2
383.5	111
383.5	112.6
383.4	114
383.4	114.3
383.4	114.8
383.6	115.4
383.6	115.4
383.7	116.5
383.7	117.6
383.9	117.9
383.9	118.1
384	114.3
384	111.3
384.1	110.4
384.1	110.4
384.1	108.8
384.2	106.3
384.2	106
384.2	104.1
384.2	103.6
384.1	100
384.1	97.8
384.2	94.8
384.3	92.6
384.4	93.4
384.5	95.9
384.6	98.1
384.6	100
384.6	100.3
384.6	101.7
384.7	102.7
384.7	103.8
384.8	102.2
384.8	101.1
384.9	99.7
385	98.4
385.1	97.3
385.2	96.2
385.2	95.1
385.3	93.7
385.4	92.9
385.4	92.6
385.5	92.6
385.5	94.5
385.7	97.3
385.8	99.7
385.9	100.8
385.9	101.9
385.9	103
385.9	103.3
386	103.8
386.1	103.8
386.2	101.4
386.2	101.1
386.2	101.7
386.2	103.3
386.3	103.3
386.4	103.6
386.4	103.3
386.4	101.4
386.5	100.6
386.5	100.6
386.5	102.5
386.5	102.7
386.5	103.6
386.6	104.1
386.8	105.8
386.9	106.3
386.9	106
387	105.5
387	103.8
387	100.8
387	100.6
387	98.6
387	97.3
387.1	95.6
387.5	94.5
387.6	95.6
387.7	98.6
387.7	99.2
387.7	101.4
387.8	103
387.9	104.4
387.9	106.3
388	108.8
388	110.2
388	111.8
388	113.2
388.1	114
388.3	114.8
388.3	111.8
388.4	107.7
388.3	103.8
388.3	103.3
388.3	103.3
388.3	101.9
388.5	97.8
388.5	97.5
388.5	96.4
388.5	94.8
388.5	94
388.5	93.7
388.6	92.9
388.7	91.5
388.9	89.3
389	91.2
389	93.7
389.2	95.1
389.3	94.8
389.3	95.9
389.4	97.8
389.4	97.8
389.5	95.1
389.4	92
389.4	91.8
389.6	90.9
389.7	90.7
389.9	92.3
389.9	94
389.9	95.3
390	97
390	97.5
390.1	98.6
390.1	99.7
390.1	100
390.3	100
390.3	101.1
390.3	101.9
390.4	103
390.6	104.1
390.6	104.7
390.7	106
390.8	106.6
390.8	107.4
390.9	108.2
391	109.6
391	109.1
391	108.8
391	107.7
391	105.8
391.1	105.5
391.1	104.4
391.1	104.7
391.3	108
391.4	110.2
391.4	109.9
391.4	109.6
391.5	109.9
391.5	110.2
391.6	110.7
391.7	110.7
391.8	110.7
391.8	109.1
391.9	106.6
391.9	106.3
392	105.5
392.1	105.2
392.2	105.2
392.3	108.8
392.3	109.3
392.7	114.3
392.7	114.3
392.7	113.7
392.8	113.7
392.9	115.1
392.9	115.7
392.9	117.6
393.1	120.1
393.1	122.8
393.1	124.5
393.1	122.8
393.1	120.9
393.2	120.1
393.2	117.9
393.3	116.8
393.4	116.5
393.4	115.1
393.4	113.2
393.5	113.2
393.5	112.1
393.6	110.7
393.8	110.2
393.9	111
394.1	110.2
394	108.8
394.1	110.4
394.2	113.5
394.3	115.1
394.5	114.3
394.5	113.5
394.5	111.8
394.5	110.2
394.6	109.1
394.8	108.8
394.9	111.8
395.2	113.2
395.2	113.5
395.2	113.5
395.2	113.2
395.2	111.8
395.2	108.5
395.2	107.7
395.3	106.9
395.5	106.9
395.5	105.8
395.5	105.5
395.5	105.5
395.6	106
395.7	108.2
395.9	109.9
396	111.3
396	112.1
396	112.4
396.1	112.4
396.1	111.8
396.1	110.2
396.1	110.2
396.2	110.2
396.4	111.5
396.6	111.5
396.7	110.4
396.7	110.2
396.7	108.8
396.7	108
396.8	107.4
397	106.3
397	105.2
397	104.7
397	103.6
397.1	102.2
397.1	101.9
397.3	101.1
397.4	99.7
397.4	99.7
397.4	100.6
397.5	103.8
397.6	104.4
397.7	105.2
397.9	103.8
398.1	103.8
398.2	105.2
398.2	107.7
398.3	108.2
398.4	109.9
398.5	111.3
398.5	112.4
398.7	113.5
398.7	113.7
398.7	114.3
398.7	110.7
398.7	108.2
398.6	106.9
398.7	105.5
398.8	104.9
398.8	103.6
398.9	103
398.9	102.2
399	101.7
399	101.1
399	102.7
399.2	102.7
399.3	102.2
399.3	104.7
399.3	106.6
399.3	108.2
399.3	108.8
399.4	109.6
399.4	110.7
399.4	111.5
399.4	112.1
399.5	112.6
399.5	113.5
399.5	113.7
399.5	114
399.5	114.6
399.5	114.8
399.6	114.8
399.6	115.4
399.6	116.2
399.6	117
399.7	118.7
399.7	119.2
399.7	120.1
399.8	120.3
399.9	121.2
399.9	122.5
399.9	122.8
399.9	123.9
400.1	124.7
400.2	125.8
400.2	126.1
400.2	127.2
400.3	127.5
400.4	127.2
400.4	125.3
400.5	125
400.5	123.9
400.5	122.5
400.5	121.7
400.6	119.8
400.6	119.5
400.6	118.1
400.7	116.5
400.9	118.1
400.9	120.3
400.9	123.9
400.9	124.2
400.9	126.9
401	131.3
401.2	133.5
401.2	135.7
401.2	136
401.4	137.7
401.4	139
401.4	139.3
401.4	140.7
401.4	141.8
401.6	142.1
401.7	139.3
401.6	135.7
401.6	134.6
401.6	133
401.7	130.8
401.7	130
401.9	128.3
402	126.7
402	126.7
402.2	128.6
402.5	127.5
402.6	126.9
402.6	124.2
402.6	122
402.6	119.5
402.6	119
402.7	119
403	125.6
403	128.3
403	131.9
403	133.3
403	133.5
403	133.5
403	134.6
403.3	134.6
403.4	134.1
403.4	131.6
403.4	126.9
403.4	126.7
403.4	124.7
403.5	122.8
403.4	121.2
403.5	120.3
403.7	123.4
403.9	125
404	126.7
404	127.8
404.1	126.9
404.2	126.1
404.2	124.5
404.3	122.3
404.4	121.7
404.4	120.9
404.5	121.2
404.5	124.2
404.6	126.9
404.6	128.3
404.6	127.2
404.6	125.8
404.6	124.5
404.8	124.7
404.8	126.9
404.9	127.5
405	126.7
405.1	126.1
405.2	128.9
405.4	129.4
405.5	126.1
405.5	123.6
405.7	120.9
405.8	119.2
405.9	118.4
406	117.3
406	115.9
406.1	115.7
406.2	116.2
406.4	115.7
406.6	114
406.7	115.1
406.8	117.6
406.8	118.7
406.9	119
407	120.1
407.1	121.2
407.4	120.9
407.5	120.3
407.5	118.4
407.6	117.6
407.6	117.6
407.7	119.2
407.7	120.9
407.7	122.3
408	122
408.1	119.2
408.3	118.4
408.6	119.8
408.4	122.3
408.4	123.6
408.5	126.1
408.7	126.9
408.8	123.9
408.8	121.4
408.9	122.5
408.9	123.4
408.9	125.3
408.9	126.9
409	127.2
409.2	126.1
409.2	126.1
409.3	127.2
409.4	128
409.5	128.3
409.6	128.3
409.7	125.6
409.7	125
409.7	122.8
409.8	122
409.9	122.5
409.9	125.8
410	128
410.1	128.6
410.3	127.5
410.3	126.1
410.4	127.2
410.5	126.9
410.7	124.5
410.7	124.7
410.8	128
410.8	129.1
411.1	130.2
411.1	130.5
411.3	130.5
411.4	126.9
411.5	124.2
411.6	121.2
411.6	118.7
411.7	117
411.7	116.8
411.7	116.8
411.9	116.5
411.9	115.9
411.9	115.7
411.9	114.3
411.9	117.9
412.1	119.8
412.2	121.2
412.3	120.9
412.3	118.4
412.4	116.8
412.6	115.7
412.6	114
412.5	112.6
412.9	113.2
412.9	115.4
413	115.9
413	117
413	116.5
413.2	115.9
413.2	114.6
413.3	114.8
413.3	115.1
413.5	118.1
413.7	120.3
413.9	121.7
413.9	122
414	121.4
414	119
414	117.3
414.1	117
414.2	116.8
414.4	119.5
414.4	120.6
414.4	121.4
414.4	121.7
414.5	120.3
414.5	119
414.7	120.6
414.8	123.1
414.9	124.2
415.1	122.5
415.1	119.8
415.1	117.9
415.3	115.7
415.3	114
415.4	114
415.7	116.5
415.7	121.4
415.8	123.4
415.9	126.4
416	130
416.1	131.3
416.1	131.3
416.1	128.3
416.1	124.7
416.3	121.7
416.4	119
416.5	116.8
416.5	116.5
416.8	122.3
416.8	122.5
416.9	125.8
416.9	128.3
416.9	130.8
416.9	131.1
417	131.3
417.1	131.3
417.2	128.3
417.2	126.4
417.4	127.2
417.5	129.1
417.5	130
417.7	130.5
417.7	130.8
417.8	128.6
418.1	128
418.2	126.1
418.4	124.5
418.5	122.3
418.5	121.4
418.6	121.4
418.8	122.3
418.8	120.3
418.8	119
418.8	117.9
418.8	116.5
418.9	115.9
419.1	114.8
419.1	119.2
419.2	120.6
419.2	122.8
419.3	124.7
419.4	125.3
419.5	126.1
419.5	127.5
419.5	128
419.6	128.6
419.6	129.1
419.7	130.2
419.8	130.8
420	129.1
420.3	128.3
420.6	129.1
420.6	131.6
420.8	134.9
420.9	137.7
421	139.9
421	142.3
421.3	142.6
421.4	142.9
421.4	140.4
421.5	137.4
421.9	134.4
421.9	131.9
421.9	130.2
421.9	129.1
421.9	127.2
421.9	126.7
421.9	128.9
421.9	131.9
421.9	131.9
422	130.2
422.1	129.1
422.3	131.3
422.4	131.3
422.6	131.3
422.4	133.8
422.6	133.3
422.7	131.1
422.8	130.2
422.8	129.1
422.8	129.1
422.9	132.4
423	134.4
423.1	134.9
423.2	133
423.3	131.9
423.3	130.5
423.4	127.8
423.4	127.8
423.4	126.9
423.6	126.7
423.6	126.7
423.7	125.6
423.8	124.5
423.8	124.5
423.8	122.8
423.9	122
423.9	122.8
423.9	123.4
424	125.3
424.1	126.9
424.2	127.2
424.3	127.2
424.4	126.1
424.5	125.6
424.5	125.6
424.6	126.7
424.5	128.9
424.6	131.3
424.7	132.7
424.8	133.8
424.8	134.9
425	134.1
425.1	133.3
425.1	131.3
425	129.7
425	129.1
425	129.1
425.1	128
425.2	127.2
425.2	127.5
425.2	128.3
425.3	128.6
425.4	129.1
425.4	129.7
425.4	130.8
425.4	131.1
425.5	131.1
425.5	131.1
425.5	131.1
425.6	131.1
425.6	130.5
425.6	130.5
425.6	130.5
425.7	130.2
425.7	130
425.9	129.1
425.9	127.8
425.9	126.4
426	125
426.1	124.5
426.4	126.7
426.4	128
426.4	129.1
426.4	129.1
426.4	128.6
426.4	128
426.5	126.9
426.6	126.1
426.6	126.9
426.7	126.1
426.7	125.3
426.7	123.9
426.8	121.4
426.9	121.2
427.1	124.2
427.1	126.4
427.1	128.9
427.1	130.2
427.2	131.3
427.3	131.6
427.3	130.8
427.3	128.6
427.4	125.8
427.5	125.3
427.6	124.2
427.6	122
427.7	121.4
427.8	119.2
428	120.3
428.1	123.4
428.1	125.8
428.1	127.8
428.2	129.7
428.2	130.8
428.3	132.2
428.4	134.1
428.4	136
428.4	136.8
428.5	137.1
428.7	135.7
428.7	135.5
428.7	134.1
428.8	132.4
428.8	132.2
428.9	131.1
429	129.7
429	129.1
429	128.3
429	126.9
429	126.7
429	127.2
429.2	129.7
429.2	129.7
429.2	129.7
429.4	126.7
429.4	126.4
429.4	125.6
429.4	124.7
429.5	126.7
429.7	127.8
429.7	127.8
429.7	128.3
429.8	127.8
430	125
430.1	123.1
430.1	122
430.3	120.1
430.5	118.4
430.6	116.8
430.8	118.4
430.8	118.4
431	120.1
431.1	121.7
431.1	122.3
431.1	124.7
431.1	128.9
431.1	129.1
431.1	131.3
431.1	133.8
431.1	134.1
431.2	136.8
431.3	138.5
431.3	141.2
431.3	142.3
431.3	143.7
431.3	145.6
431.4	146.2
431.5	146.2
431.7	143.2
431.8	141
431.8	137.4
431.9	134.4
431.9	134.4
431.9	132.4
431.8	130.5
431.8	128.9
431.9	127.8
432	129.1
432.3	132.4
432.3	134.4
432.4	135.2
432.5	135.2
432.6	130.2
432.6	128.9
432.6	126.7
432.6	126.4
432.6	125.6
432.7	126.7
432.8	131.1
432.8	133.5
432.8	136
432.7	137.9
432.8	140.1
432.8	141.5
432.9	142.3
433	142.3
433.2	141.5
433.3	136
433.3	133.3
433.2	130.8
433.2	130.5
433.1	128.3
433.1	126.9
433.1	126.7
433.2	124.7
433.3	123.6
433.6	122.8
433.8	123.6
433.8	127.2
433.9	130.2
433.9	131.6
434	133.5
434.1	135.5
434.1	136
434.3	133.8
434.3	131.1
434.4	127.8
434.6	126.4
434.7	130
434.7	132.7
434.8	134.1
434.8	134.4
435	133.3
435.1	133
435.2	133
435.3	132.4
435.4	131.9
435.6	131.1
435.7	128.6
435.7	125
435.7	123.1
435.7	120.6
435.6	118.4
435.6	118.1
435.7	116.5
435.8	114
436	113.7
436.2	115.4
436.4	118.1
436.5	121.4
436.6	123.9
436.6	125
436.7	126.7
436.9	129.4
436.9	133
437.1	135.2
437.2	136.6
437.4	133.3
437.5	130
437.5	127.8
437.6	125.3
437.6	124.7
437.8	126.4
437.9	128.9
437.8	131.9
437.9	132.4
438.1	130.2
438.3	128.6
438.2	130.8
438.2	133.3
438.2	134.1
438.2	135.7
438.3	137.7
438.3	137.9
438.5	139
438.6	140.1
438.7	140.4
438.7	138.8
438.7	138.5
438.7	135.7
438.9	134.9
439	134.4
439.1	132.2
439.2	132.2
439.3	134.9
439.4	133
439.5	130.8
439.6	128
439.6	126.4
439.6	125.8
439.6	123.9
439.7	122.3
439.7	122.3
440	122.8
440.1	123.4
440.1	123.6
440.1	125.8
440.2	129.4
440.3	130
440.4	131.3
440.6	134.1
440.6	134.4
440.6	135.2
440.7	134.4
440.7	134.1
440.8	132.2
440.8	129.7
440.8	128.6
440.8	128.6
441	130.5
441.1	130.8
441.3	130.8
441.3	132.2
441.4	134.6
441.5	135.5
441.5	135.5
441.6	135.2
441.7	132.4
441.7	130.8
441.9	129.7
442	128
441.9	126.4
441.9	125.6
442	124.7
442.1	123.6
442.2	122.3
442.2	121.2
442.4	120.1
442.4	118.4
442.5	118.1
442.7	120.1
442.9	123.9
443	125.6
442.9	129.4
442.9	131.1
443	132.2
443.1	134.4
443.2	135.7
443.2	137.7
443.2	139.9
443.2	140.1
443.3	140.7
443.5	141
443.5	141
443.5	141
443.6	138.5
443.6	138.2
443.7	137.7
443.8	137.7
443.8	137.7
443.9	136.6
444	135.5
444.2	135.5
444.2	135.5
444.2	135.7
444.2	136.3
444.2	136.6
444.3	136.6
444.5	134.4
444.5	131.6
444.4	129.4
444.4	128.3
444.5	126.4
444.8	127.2
444.8	130
444.8	131.1
444.9	130.5
445	130.2
445.1	129.4
445.3	128.6
445.3	128.3
445.5	126.7
445.6	125
445.6	124.7
445.6	124.5
445.6	123.9
445.7	123.4
445.7	123.9
445.7	124.2
445.7	126.4
445.8	128.9
445.8	129.1
445.8	129.7
445.9	130.5
446	129.1
446	128
446	127.8
446	126.1
446	125.8
446.2	126.9
446.3	128
446.4	128.3
446.4	127.2
446.4	124.5
446.4	123.4
446.6	122
446.6	122
446.7	122.8
446.9	125.3
446.9	125.8
446.9	129.1
447	131.9
447	132.4
447.1	133.3
447.2	134.4
447.2	134.4
447.2	134.4
447.3	134.6
447.4	131.9
447.5	131.6
447.6	129.1
447.6	127.8
447.6	125.8
447.7	126.4
447.7	128
447.8	131.9
447.8	133
447.7	135.2
447.8	136.3
447.8	136.6
447.8	138.2
447.9	139.9
448	140.4
448.1	140.7
448.3	142.3
448.3	142.6
448.5	144.5
448.7	145.1
448.8	145.1
448.8	142.6
449	140.1
449.2	137.9
449.2	135.7
449.2	133.8
449.2	133.3
449.2	131.9
449.4	132.4
449.4	135.2
449.4	136
449.5	137.4
449.5	137.7
449.5	136.8
449.5	135.7
449.6	133.8
449.6	133.3
449.8	133.3
449.9	133.3
449.9	132.4
450	131.6
450	131.6
450.1	130.2
450.2	128.6
450.2	130
450.2	134.1
450.3	136.6
450.3	139.3
450.3	143.2
450.4	144.5
450.5	145.9
450.5	148.9
450.5	149.7
450.5	152.2
450.5	152.8
450.6	153.9
450.5	157.2
450.5	159.1
450.5	161.3
450.5	163.2
450.7	166.5
450.7	168.2
450.7	170.9
450.9	170.6
450.9	169.5
450.9	167.3
451	166.5
451.2	166.5
451.4	167.1
451.5	166
451.7	163.8
451.7	161.6
451.7	160.5
451.8	156.9
452	153.6
452	148.6
452.1	144.5
452.2	143.4
452.3	141
452.3	135.7
452.4	134.9
452.4	130.8
452.4	126.4
452.4	122.5
452.4	118.7
452.4	115.7
452.6	112.1
452.7	109.9
452.7	109.1
452.7	108
452.8	105.2
452.8	104.9
453	105.2
453.1	108.2
453.3	112.4
453.4	116.2
453.4	116.5
453.4	118.7
453.4	123.6
453.3	126.1
453.3	126.4
453.2	128
453.1	130.2
453.1	130.5
453.3	132.2
453.5	134.4
453.5	135.5
453.8	134.1
453.9	128.6
454.1	122.8
454.1	119.5
454.2	114.6
454.2	110.4
454.3	107.1
454.4	103.6
454.4	98.4
454.4	97
454.4	93.1
454.5	89
454.5	86.5
454.5	83.2
454.5	79.7
454.7	79.9
454.9	83
455.1	87.9
455.2	94
455.1	96.7
454.8	101.4
454.8	105.2
454.9	108.8
455.1	117
454.9	119.8
454.9	123.4
454.9	126.1
455	128
455.1	131.3
455.1	134.4
455.1	134.4
455.3	135.5
455.4	134.4
455.4	127.8
455.4	126.7
455.5	122.3
455.5	117.3
455.8	112.4
455.8	111.3
455.9	105.8
455.9	100.6
455.9	100.3
455.9	95.1
455.9	93.4
455.9	90.9
455.9	87.6
455.9	87.4
455.9	85.2
455.9	83.5
456.2	83
456.3	83
456.4	85.4
456.4	89.6
456.4	89.8
456.3	92.9
456.3	94.5
456.5	95.9
456.5	99.2
456.6	103.3
456.6	106.6
456.8	108.5
456.8	111.5
456.8	112.1
457	110.7
457.3	106
457.3	103
457.3	99.7
457.5	97
457.5	92.9
457.8	91.2
457.8	94.8
457.9	98.9
457.9	99.7
457.8	101.4
457.8	103.8
457.9	104.7
458.2	109.3
458.2	111
458.2	115.7
458.2	116.5
458.2	118.4
458.3	122
458.3	122.5
458.3	124.7
458.3	127.8
458.4	128
458.5	130.2
458.8	129.1
458.8	128.6
458.9	122.8
459	118.7
459.2	109.6
459.3	101.9
459.4	94.2
459.6	85.4
459.6	78.6
459.6	72.8
459.5	65.9
459.5	59
459.5	58.8
459.4	53.6
459.6	47.5
459.7	42.3
459.9	37.9
460.1	32.7
460.2	31
460.2	27.4
460.2	23.3
460.2	22.8
460.2	19.7
460.2	17.5
460.3	15.6
460.3	14.5
460.3	13.4
460.3	12.6
460.4	12.3
460.5	11
460.5	9.9
460.7	9
460.8	8.5
461.1	9
461.4	10.1
461.5	11.8
461.7	12.9
461.8	13.1
461.9	13.1
462	12.9
462	12.1
462.1	11.8
462.1	11.8
462.3	12.1
462.3	12.1
462.6	10.7
462.8	10.4
462.9	12.6
463	14.5
463.3	12.3
463.5	13.1
463.6	16.2
463.6	16.4
463.7	18.1
463.9	15.9
463.9	15.6
464	12.9
464	12.3
464.1	10.7
464.3	9.9
464.3	9.9
464.6	14.5
464.7	14.5
464.8	13.1
465	12.6
465.1	13.7
465.2	14
465.4	14.5
465.6	16.2
465.7	16.7
465.8	15.3
466	17
466.1	17.8
466.1	17.8
466.2	16.4
466.4	14.5
466.5	14.2
466.7	13.4
467.1	14.8
467.2	15.1
467.4	17
467.4	17.8
467.5	20.3
467.7	24.7
467.7	25
467.8	27.2
467.8	31.3
467.8	32.1
467.9	34.9
468.1	36
468.2	35.4
468.3	27.4
468.4	26.9
468.4	25.8
468.6	23.9
468.6	21.9
469	24.4
469.1	24.4
469.1	23.3
469.2	20.8
469.2	19.5
469.5	18.4
469.6	19.5
469.9	21.4
470	21.1
470	17.8
470	16.2
470.3	13.7
470.5	15.1
470.6	19.5
471	22.5
471.1	25.5
471.2	28.3
471.3	30.7
471.3	31.3
471	30.5
471	32.7
471.4	32.4
471.6	31.8
471.6	35.1
471.7	42
471.8	47.8
471.8	52.2
471.8	53.6
471.9	56.6
472.1	57.7
472.2	57.7
472.3	54.1
472.4	49.4
472.5	47.5
472.6	47.5
472.7	53.3
472.7	58.5
472.8	61
472.8	64.8
473	67.6
473	69.8
473.2	70.3
473.2	70.3
473.3	68.7
473.3	65.4
473.4	65.9
473.5	66.7
473.7	68.4
473.8	70
473.8	70
473.8	70.9
474	72
474.1	72.5
474.1	73.1
474.1	73.6
474.2	74.7
474.2	74.4
474.2	73.6
474.3	73.6
474.4	74.4
474.4	74.7
474.5	73.3
474.6	71.1
474.7	72
474.8	74.4
474.8	76.1
474.9	80.5
474.9	80.8
474.9	84.3
474.9	89.6
474.9	92
475.2	96.7
475.3	99.7
475.4	102.2
475.5	104.1
475.6	102.7
475.6	98.9
475.6	96.2
475.6	94.5
475.6	92.3
475.6	88.7
475.6	87.4
475.6	85.7
475.7	84.1
475.9	82.1
475.7	81
475.7	78.6
475.7	76.4
475.8	76.1
475.9	75.8
476.1	78
476.1	80.2
476	81.9
476	82.4
476	84.1
476.1	85.2
476.4	85.4
476.7	86.5
476.8	87.9
476.9	88.7
476.9	90.9
477	92
477	93.4
477	94.8
477.2	93.1
477.2	92.6
477.2	91.8
477.4	92.9
477.4	91.8
477.4	90.1
477.5	88.7
477.6	86.8
477.7	85.2
477.7	84.6
477.8	83.8
477.9	83.8
478	84.6
478	86
478.1	87.6
478.2	86.3
478.3	84.1
478.4	80.8
478.5	78.6
478.6	81.9
478.7	85.7
478.9	87.4
479	89.6
479	92
479	93.7
479.1	93.7
479.4	90.4
479.5	89.8
479.6	89.3
479.7	86.8
479.8	84.3
479.8	81.9
479.8	81.3
479.9	79.7
480.1	78
480.1	77.2
480.1	76.1
480.1	74.4
480.1	73.6
480.1	72.5
480.1	70.3
480.2	70.6
480.3	71.4
480.5	72.5
480.5	73.1
480.6	74.2
480.6	74.2
480.5	72
480.5	69.5
480.5	67.6
480.5	64.8
480.7	62.6
480.8	61.2
481.2	62.6
481.3	63.2
481.4	62.9
481.5	61.8
481.6	59.9
481.6	56
481.6	55.2
481.6	51.9
481.9	47.2
481.9	41.7
481.9	39.5
482	36.5
482	36.2
482	35.4
482	34
482	32.1
482	30.2
482.1	27.2
482.2	26.3
482.2	26.3
482.3	25.8
482.5	23.9
482.6	25.2
482.6	26.6
482.6	26.9
482.8	25.8
482.8	25.8
483	26.1
483	29.9
483.2	31.8
483.3	36.5
483.3	41.2
483.3	43.7
483.3	50
483.7	60.1
483.5	62.1
483.6	69.2
483.7	77.2
483.8	86.8
483.8	91.8
483.8	94.2
483.7	99.2
483.6	107.1
483.5	116.8
483.6	125.3
483.9	131.1
483.9	132.7
484.1	141
484.2	145.4
484.3	151.1
484.3	155
484.3	155.2
484.3	153.6
484.5	148.4
484.7	139
484.8	127.2
484.8	123.1
484.7	119
484.6	108
484.6	105.8
484.7	100.6
484.8	94.8
485	86.5
484.9	77.7
485.1	68.4
485.1	68.1
485.2	62.3
485.3	55.8
485.3	48.6
485.3	43.4
485.3	39.5
485.5	36
485.5	33.2
485.5	32.9
485.5	29.6
485.5	28.8
485.8	26.6
485.8	29.1
485.9	32.1
486	34
486	36.5
486	38.7
486.1	41.5
486.5	48.3
486.6	51.9
486.6	54.4
486.6	61.2
486.6	66.2
486.8	72.8
486.8	73.3
486.8	78.8
486.8	79.1
486.8	81.3
486.8	85.2
486.8	87.6
486.9	93.1
487	97.8
487.1	102.2
487.1	108.2
487.2	111.5
487.2	115.1
487.2	116.2
487.2	120.1
487.2	120.3
487.2	122.8
487.2	123.1
487.3	122
487.4	119
487.5	113.7
487.5	110.2
487.6	106
487.7	101.7
487.6	97.5
487.6	98.4
487.6	98.9
487.8	103
488	107.4
488	108.8
488.1	108
488.1	106.9
488.1	104.9
488.2	100.8
488.3	97.5
488.5	93.7
488.6	91.5
488.6	89.8
488.6	86.8
488.6	86
488.5	83.5
488.5	81.3
488.5	84.1
488.5	85.4
488.5	89.6
488.7	94.2
488.7	94.2
488.7	96.4
488.7	98.1
488.8	99.7
488.9	100.6
488.9	101.7
488.9	103.6
489	105.2
489.1	106
489.2	106.3
489	101.4
488.9	96.4
488.9	94.2
489.3	89.8
489.3	86
489.4	79.1
489.5	73.1
489.5	70
489.5	66.5
489.5	62.6
489.5	62.3
489.5	59.6
489.5	56.6
489.5	53.6
489.5	49.2
489.5	46.1
489.5	41.5
489.7	37.6
489.7	35.4
489.8	34.3
489.8	31.8
489.8	29.9
489.9	28.3
489.9	28
490.3	29.9
490.4	33.2
490.4	32.1
490.4	29.4
490.6	26.1
490.7	23.9
490.8	22.8
490.8	22.5
491.1	25.5
491.1	26.6
491.3	29.4
491.4	31.3
491.4	31.6
491.4	30.2
491.7	24.1
491.7	22.8
492.1	22.8
492.3	26.9
492.3	30.2
492.3	33.8
492.4	35.7
492.4	37.6
492.4	37.9
492.5	37.6
492.7	33.2
492.7	28.8
492.7	24.7
492.8	20.8
493.1	20.8
493.1	23
493.2	24.1
493.2	25.5
493.6	29.4
493.7	31.3
493.7	32.9
493.8	40.1
493.8	41.7
493.9	44.8
494.1	46.4
494.3	48.1
494.3	48.3
494.4	49.4
494.5	50.8
494.5	51.9
494.5	52.5
494.6	53
494.7	54.4
494.7	55.2
494.8	55.8
494.9	55.8
495	54.9
495.5	50.8
495.6	52.2
495.7	54.1
495.9	54.9
496	55.8
496.2	54.7
496.2	50.3
496.3	47.8
496.4	45
496.4	43.7
496.5	42.8
496.6	41.7
496.7	39.3
496.9	37.1
496.9	35.1
496.9	33.8
496.9	32.7
497.1	32.9
497.3	36.2
497.4	39.5
497.5	41.7
497.7	42.6
497.8	39.8
498	37.9
498	36.2
498	36.2
498	35.7
498.2	36.2
498.3	36.8
498.5	38.7
498.6	41.2
498.6	42.8
498.7	43.9
499	42.3
499	39.8
499.1	38.7
499.2	38.7
499.2	40.9
499.4	44.5
499.4	48.6
499.4	51.1
499.5	53.8
499.7	55.8
499.9	55.5
499.9	52.7
499.9	52.5
500.1	53.8
500.3	53.6
500.4	52.7
500.4	52.7
500.6	50.8
500.6	50.5
500.6	49.7
500.7	48.9
500.8	48.1
500.8	49.2
500.7	51.4
500.7	51.4
500.7	50.8
500.9	50
500.9	49.7
501.1	48.6
501.3	48.1
501.4	48.6
501.5	50
501.5	51.4
501.6	52.5
501.7	53.3
501.7	53.3
502	50.3
502	51.1
502.1	49.7
502.1	48.1
502.3	45.9
502.4	45.3
502.5	47.2
502.6	48.9
502.6	50.5
502.6	51.4
502.7	52.7
502.8	51.6
502.8	50
502.9	49.4
503	50
503	51.1
503.1	52.7
503.1	53.3
503.1	53.3
503.3	53.3
503.3	52.7
503.4	50
503.4	49.2
503.6	49.2
503.7	49.4
504	51.1
504.1	51.6
504.1	51.6
504.2	49.4
504.2	47
504.3	45.9
504.4	44.8
504.4	44.5
504.6	43.4
504.7	44.8
504.8	44.8
504.8	46.1
504.8	49.2
504.8	49.7
504.8	51.4
504.9	51.6
504.9	51.9
505	51.4
505.1	50.5
505.2	50
505.3	50.5
505.4	51.1
505.4	51.6
505.6	51.1
505.6	50.3
505.6	48.9
505.6	47
505.6	46.7
505.5	45.6
505.8	43.4
505.9	45.3
505.9	45.6
505.9	46.4
505.9	48.1
505.9	48.6
505.9	48.9
506	50
506	50.3
506.1	48.3
506.2	46.7
506.3	46.1
506.5	46.4
506.5	47.5
506.5	48.9
506.6	48.9
506.8	48.9
506.9	48.9
506.9	49.7
507	51.4
507	52.2
507.1	53
507.3	54.4
507.3	54.9
507.3	55.8
507.3	56.6
507.4	56.9
507.5	57.1
507.5	57.1
507.6	57.1
507.6	57.1
507.7	56.6
507.8	54.9
507.9	53.6
507.9	51.9
507.9	50.5
508	50
508	50.3
508.1	51.6
508.2	54.4
508.3	54.9
508.4	55.5
508.4	55.8
508.4	55.8
508.6	55.8
508.6	56
508.6	56.3
508.6	57.1
508.7	58.5
508.7	59
508.7	59
508.7	59.3
508.9	60.1
508.9	60.4
508.9	59.9
509	58.2
509	57.9
509	57.4
509.1	57.1
509.1	56.6
509.2	56.3
509.3	55.5
509.4	54.7
509.4	54.1
509.4	54.1
509.6	53.6
509.6	53.3
509.8	51.4
509.8	51.6
509.8	53.6
509.7	54.4
509.8	56.6
509.8	57.4
510	57.9
510	58.8
510.1	59
510.1	60.7
510.1	61
510.4	60.4
510.4	61
510.4	61.8
510.4	62.1
510.4	62.1
510.6	62.6
510.7	62.9
510.8	61.5
510.8	61
510.8	60.1
510.8	59.9
510.9	59.3
511	58.2
511	55.8
511	54.9
511	54.1
511.2	55.2
511.2	56.9
511.4	58.5
511.4	59.3
511.5	59.9
511.6	60.1
511.8	59.9
511.8	59.9
511.9	62.3
511.9	62.6
512	62.9
512	61.2
512.1	59.3
512.1	58.8
512.1	58.2
512.1	57.4
512.2	56.6
512.2	56
512.4	56.9
512.4	56.9
512.5	57.4
512.6	58.2
512.7	58.8
512.8	60.4
512.9	60.7
512.9	62.1
513.1	62.9
513.2	63.2
513.2	63.2
513.4	63.2
513.6	62.1
513.7	60.4
513.7	59.3
513.8	57.7
513.9	56.3
513.8	54.4
513.8	52.7
513.8	52.5
513.9	50.5
513.9	47.8
514	47.8
514.1	46.7
514.1	44.5
514.2	42.3
514.3	42.3
514.4	43.4
514.4	43.4
514.3	44.5
514.4	46.7
514.5	48.9
514.6	51.9
514.7	53
514.8	54.4
514.9	54.9
515	55.8
515	57.1
515.1	58.5
515.1	59.3
515.2	59.3
515.4	58.5
515.4	57.9
515.5	57.9
515.6	59
515.6	59.3
515.8	59.9
515.8	59.9
515.9	60.1
516	59.3
516	59
516.1	59
516.1	60.1
516.4	61.2
516.5	61.5
516.5	60.7
516.6	59.6
516.7	59.3
516.7	58.5
516.7	58.8
516.7	59.3
516.8	59.9
517	59.3
517	58.5
517	58.2
517.1	57.7
517.2	56.6
517.2	56
517.2	55.8
517.5	55.8
517.5	56.9
517.5	57.4
517.5	58.2
517.6	59.3
517.7	58.2
517.7	57.7
517.7	56.9
517.8	56.3
517.8	56.3
517.9	56.6
517.9	57.4
517.9	57.9
518.1	57.9
518.1	57.9
518.2	57.9
518.4	58.5
518.5	57.7
518.5	56.6
518.5	55.2
518.5	54.7
518.6	53.8
518.6	53
518.7	53.8
518.8	54.7
518.9	55.8
518.9	57.7
519	58.5
519.1	59
519.1	59.9
519.2	60.4
519.3	62.3
519.5	62.3
519.6	61.8
519.7	60.1
519.8	59.3
519.8	58.8
519.9	57.7
519.9	56.3
519.9	55.2
520	54.4
520	53.6
520.2	53.6
520.2	55.5
520.3	56.9
520.3	57.9
520.3	58.5
520.5	58.5
520.6	57.9
520.7	57.9
520.8	58.2
520.9	59.3
521	60.1
521.1	60.4
521.1	61.2
521.1	61.8
521.1	62.3
521.2	62.3
521.3	61
521.4	59.6
521.5	59.6
521.6	59.6
521.7	59.3
521.7	57.9
521.7	57.7
521.7	57.7
521.9	57.7
522.1	57.4
522.1	57.7
522.1	58.2
522.3	58.5
522.4	58.5
522.4	58.5
522.6	57.9
522.7	57.4
522.9	57.1
523	57.1
523.1	57.4
523.4	57.7
523.6	59
523.8	59.3
523.9	60.1
524	60.7
524.1	60.1
524.2	59
524.2	57.9
524.2	57.4
524.4	56.6
524.5	56
524.6	55.2
524.7	53.8
524.9	54.1
525.1	54.7
525.1	55.5
525.3	55.8
525.4	55.2
525.5	54.4
525.5	54.4
525.7	54.9
525.7	54.9
526	56.3
526.1	57.7
526.1	57.9
526.3	59
526.3	59
526.3	59
526.6	57.9
526.6	57.7
526.7	57.1
526.9	56.9
526.9	57.4
527.1	58.8
527.2	59
527.3	57.7
527.4	56.6
527.6	55.8
527.7	55.5
527.7	55.5
527.8	56.6
528	57.7
528	57.9
528.2	56.9
528.3	56.9
528.3	57.7
528.3	57.9
528.3	58.8
528.4	59.9
528.4	60.1
528.5	61
528.6	62.1
528.8	61.5
528.8	60.7
529	61
529	61.2
529	62.1
529	63.2
529	63.4