24.8	38.9
25.1	41.4
25.3	42.3
25.4	42.7
25.5	42.3
25.6	40.1
25.6	38.4
25.6	38.4
25.7	37.1
25.7	35.9
25.9	34.2
25.9	33.7
26.1	32.4
26.3	31.2
26.3	31.2
26.3	29
26.4	27.7
26.5	27.7
26.5	27.7
26.5	28.2
26.6	30.3
26.6	30.7
26.8	32.4
27	34.2
27.2	37.6
27.2	38.4
27.2	38.9
27.2	40.6
27.2	41.4
27.3	42.7
27.3	44.4
27.4	45.3
27.6	47.4
27.7	49.1
28	51.2
28	51.7
28.1	53
28.2	53.4
28.2	54.2
28.2	54.7
28.3	54.7
28.3	54.7
28.4	51.7
28.4	50.8
28.4	48.3
28.4	45.3
28.5	43.6
28.6	41.8
28.9	40.1
29	38
29.1	36.7
29.2	35
29.4	32.4
29.5	30.7
29.6	29.9
29.8	30.7
30	33.7
30	35
30.1	34.2
30.4	31.6
30.5	30.7
30.7	31.2
30.9	32.9
31	35.9
31	36.7
31	37.1
31.3	37.6
31.4	36.7
31.4	36.7
31.5	36.3
31.6	37.6
31.7	38
31.9	36.3
32.1	34.6
32.1	34.6
32.4	33.3
32.4	32.4
32.5	32
32.7	31.6
33.1	34.2
33.3	36.3
33.3	39.7
33.3	40.1
33.3	43.1
33.4	44.4
33.5	46.1
33.6	47.8
33.6	48.7
33.6	50.4
33.8	53
33.8	54.7
33.9	57.2
34.4	59.8
34.7	61.5
34.8	64.1
34.8	64.5
34.8	67.1
34.8	67.5
35	71.3
35	72.2
35	74.3
35	74.8
35.1	79.9
35.2	81.6
35.3	84.2
35.3	84.6
35.4	88.4
35.5	88.9
35.5	91
35.6	94.4
35.6	98.7
35.6	101.7
35.6	104.2
35.6	104.2
35.8	107.2
35.8	108.9
35.8	110.2
35.8	110.2
36	107.2
36	106.8
36.1	103.8
36.1	102.5
36.2	100.4
36.2	98.7
36.2	98.3
36.2	97.4
36.2	95.3
36.3	92.3
36.4	90.1
36.5	88
36.6	91.4
36.7	98.7
36.7	99.5
36.7	101.7
36.8	106.8
36.8	107.2
37	111.1
37.1	116.2
37	120.5
37	120.9
37.1	125.2
37	129
37	134.2
37.1	138.9
37.2	143.1
37.4	145.3
37.5	147
37.6	147.4
37.8	145.7
37.9	145.3
38.1	143.6
38.2	140.1
38.4	135.9
38.4	135.4
38.4	132
38.4	126.9
38.3	123.9
38.1	116.2
38.1	113.6
38.2	108.1
38.3	106.8
38.4	104.7
38.4	102.5
38.6	97.8
38.6	95.3
38.7	91
38.7	88
38.7	85
38.7	82
38.8	79.5
38.8	76.9
38.7	74.3
38.7	72.2
38.7	70.9
38.6	69.2
38.6	67.1
38.7	65.8
38.8	65.8
38.8	64.1
38.8	62.4
39.1	61.5
39.2	61.5
39.3	61.5
39.7	64.5
39.8	65.8
39.9	66.6
39.9	67.1
39.9	65.8
39.9	63.6
40.1	61.1
40.1	58.9
40.3	59.4
40.4	63.6
40.6	67.1
40.8	69.2
40.8	69.2
40.9	72.6
40.9	76
40.9	84.6
40.9	84.6
41	89.3
41.1	96.5
41.1	100.4
41	104.7
41	105.1
41	112.8
41	113.2
41	116.6
41.1	123.5
41.2	126.9
41.2	128.2
41.2	129.5
41.3	135
41.5	135.9
41.8	135.9
42.4	134.6
42.4	134.6
42.4	138.4
42.4	143.6
42.4	144.4
42.4	144.8
42.4	146.1
42.4	147
42.8	146.5
42.9	143.1
43.1	142.7
43.3	143.6
43.3	143.6
43.3	141.4
43.4	138
43.5	136.3
43.5	135.9
43.7	134.2
43.9	132.9
43.9	132.4
44.1	130.3
44.2	129.9
44.4	129
44.4	129.9
44.4	132
44.4	133.3
44.5	133.7
44.8	133.7
45	132.9
45	131.2
45	133.3
45.1	134.6
45.2	135
45.4	133.3
45.8	130.7
45.8	127.3
45.8	125.6
45.6	123.5
45.7	118.3
45.7	116.2
46.1	111.9
46.1	109.8
46.1	107.2
46.1	102.5
46.1	101.7
46	99.5
45.9	97
45.9	93.1
45.8	89.3
45.8	86.3
46.1	83.7
46.5	82.9
46.6	85.9
46.6	89.7
46.6	90.1
46.7	92.7
46.7	97
46.7	97
46.6	101.2
46.6	104.7
46.6	105.5
46.6	106.8
46.7	106.8
46.8	109.4
46.8	109.8
46.8	110.7
46.8	110.7
46.9	111.1
46.9	109.4
46.9	105.9
47	104.7
47.1	102.1
47.2	101.2
47.2	99.5
47.2	96.1
47.2	93.6
47.2	91.8
47.3	89.3
47.5	87.6
47.7	86.7
47.8	91.8
47.7	95.7
47.7	96.1
47.7	98.3
47.7	99.1
47.7	101.7
47.8	104.2
47.8	107.7
47.9	111.9
47.9	114.1
47.9	116.6
47.8	121.3
47.8	121.8
47.8	121.8
47.9	120.1
47.9	119.6
48.1	117.1
48.1	116.6
48.4	114.5
48.4	114.1
48.5	112.4
48.8	114.5
48.8	120.9
48.8	126.5
48.8	129
48.8	133.3
48.7	138
48.7	140.1
48.8	141.8
48.8	141.8
49.1	138
49.4	137.1
49.5	131.6
49.5	131.6
49.5	125.6
49.5	125.2
49.5	122.6
49.4	119.6
49.4	116.2
49.4	112.8
49.3	108.5
49.3	105.5
49.3	102.5
49.4	100.4
49.4	95.7
49.5	90.6
49.5	86.7
49.5	82.9
49.5	76.9
49.5	73.9
49.6	71.8
49.6	70.1
49.6	67.9
49.6	64.9
49.6	62.4
49.6	59.8
49.6	58.5
49.6	55.5
49.6	55.1
49.6	51.7
49.6	47.8
49.7	45.3
49.7	43.1
49.7	41
49.7	40.6
49.7	38.9
49.7	36.7
49.7	36.3
49.7	35.4
49.8	35
49.8	33.7
49.9	32.4
49.8	29.9
49.8	29.5
50	28.6
50.3	27.3
50.4	31.6
50.4	32
50.4	33.3
50.8	40.1
50.8	41.4
50.8	43.1
50.8	46.1
50.8	49.5
50.8	50
50.8	53.8
50.8	54.7
50.8	61.9
50.8	64.1
50.9	68.3
51.1	73.9
51.2	80.3
51.2	84.6
50.9	86.3
50.9	88.4
51	91.8
51.1	93.6
51.3	97.4
51.3	100
51.4	104.7
51.4	108.1
51.6	114.1
51.6	114.9
51.6	119.6
51.6	124.8
51.6	127.3
51.6	128.6
51.8	127.7
52.1	123.9
52.3	120.9
52.5	116.6
52.6	115.8
52.6	111.9
52.7	109.4
52.7	107.2
52.9	109.8
52.9	112.8
52.7	118.3
52.7	121.8
52.7	124.8
52.9	127.7
53	130.3
53	132.9
53	133.3
53.1	128.6
53.5	124.3
53.6	119.2
53.6	118.3
53.6	114.5
53.6	111.5
53.7	109.4
53.8	116.6
53.9	120.9
53.9	121.3
54.1	123.9
54.2	125.2
54.3	126
54.3	123.5
54.7	127.3
54.7	127.7
54.7	124.3
54.9	120.5
54.9	120.1
55.4	116.6
55.4	114.9
55.4	113.2
55.4	111.5
55.5	113.2
55.8	115.8
55.9	119.6
56.2	124.3
56.5	126.9
56.5	127.7
56.6	125.2
57	126
57.2	127.7
57.2	129
57.3	125.6
57.3	124.3
57.4	122.6
57.6	120.9
58	123.5
58	125.2
58	128.6
58.1	129.5
58.3	128.2
58.5	124.8
58.6	128.2
58.6	130.7
58.6	134.2
58.8	138
58.9	140.1
58.9	140.6
59	140.6
59.1	140.1
59.4	138
59.5	136.7
59.4	132.4
59.4	130.3
59.7	127.3
60	129.5
60	134.6
60.1	135.4
60.1	138
60.1	138.9
60.1	139.7
60.2	140.6
60.6	142.3
60.6	142.7
60.5	139.3
60.6	132
60.6	129.9
60.7	129.5
60.8	126.9
61	122.2
61.2	118.8
61.4	116.6
61.5	118.8
61.6	123.5
61.6	123.9
61.9	127.7
62	129
62.1	131.2
62.1	136.3
62.1	138
62.1	140.1
62.2	141
62.2	141
62.3	138
62.5	134.6
62.5	133.3
62.7	130.7
62.8	128.2
62.8	127.7
62.8	125.2
62.9	124.8
63	124.8
63	125.2
63.2	128.2
63.4	131.2
63.5	131.2
63.5	126.5
63.6	123
63.8	118.3
63.8	112.8
63.8	107.7
64	100.4
64	94.8
63.9	92.3
63.8	87.6
63.7	83.3
63.8	80.3
64.1	78.2
64.2	76
64.2	72.2
64.4	69.6
64.4	68.8
64.6	66.2
64.6	64.9
64.6	63.2
64.9	64.9
65.1	64.9
65.1	65.8
65.2	67.5
65.3	68.3
65.3	68.3
65.3	64.9
65.3	65.4
65.5	69.6
65.7	72.2
65.8	73.9
65.9	76.9
65.9	76.9
65.9	81.2
66	84.2
66	85.9
66	88
66.1	92.3
66.2	95.7
66.2	100
66.2	102.5
66.2	107.2
66.2	108.9
66.2	110.2
66.2	113.2
66.2	115.4
66.2	117.5
66.2	117.5
66.2	116.2
66.3	114.9
66.4	111.5
66.6	108.5
66.8	105.9
66.8	104.2
66.9	104.2
66.9	105.1
67	107.2
67	110.2
67	113.6
67.1	115.8
67.1	118.3
67.1	120.9
67.1	123.5
67.2	124.8
67.2	125.6
67.2	126.5
67.2	127.7
67.3	127.7
67.3	123.9
67.3	121.3
67.5	119.6
67.7	121.3
67.7	121.8
67.8	124.3
67.8	124.8
67.9	124.3
68	120.1
68	120.1
68.2	123.5
68.2	123.9
68.3	125.2
68.5	126.5
68.5	124.8
68.6	120.9
68.7	118.3
68.7	116.2
69	117.9
69	118.3
69.1	121.8
69.1	122.2
69.3	123
69.8	125.2
69.9	125.2
69.9	128.6
69.9	129
69.9	131.6
70.1	134.2
70.2	135.4
70.3	136.3
70.5	135.4
70.5	134.2
70.6	133.7
70.7	136.3
70.7	137.6
70.8	138
70.8	135
70.9	136.3
70.9	139.3
70.9	139.7
71	139.7
71.2	138.9
71.4	135.9
71.4	135.4
71.7	138.9
71.7	140.6
71.9	141.8
72.1	145.3
72.1	147
72.2	147.8
72.4	147.4
72.4	147
72.6	144.8
72.6	141
72.6	140.1
72.7	138
72.7	136.7
72.6	135.9
72.7	133.3
72.8	129
73	127.7
72.9	124.8
72.6	120.9
72.6	117.5
72.6	115.8
72.6	113.6
72.6	111.1
72.7	110.2
72.8	108.5
72.8	107.2
73	106.8
72.9	105.1
72.9	102.1
72.8	100.4
73.2	97.8
73	96.5
73	94.4
73	92.7
73	91.8
73	89.7
73	89.3
73	87.6
73	85.4
73	85.4
73	83.7
73	81.6
73.1	78.6
73.2	77.7
73.4	77.3
73.5	80.3
73.5	83.7
73.6	87.1
73.7	91.4
73.8	91.4
73.8	94
73.8	95.3
73.8	99.5
73.6	102.1
73.6	106.8
73.6	111.5
73.6	114.5
73.6	117.9
73.6	120.9
73.6	125.6
73.6	126
73.7	129
73.8	129
74	130.7
74.1	131.6
74.1	132.4
74.2	129.9
74.5	131.2
74.5	131.2
74.6	131.6
74.8	131.6
75.2	130.7
75.3	129
75.2	126.9
75.3	124.8
75.4	123.5
75.5	123
75.5	121.3
75.5	120.5
75.5	118.8
75.5	117.9
75.4	116.6
75.4	114.9
75.4	113.6
75.5	114.9
75.6	115.4
75.8	117.9
75.8	119.2
75.8	120.9
75.9	120.1
76	119.2
76.1	116.2
76.3	114.9
76.3	114.5
75.2	129.5
75.2	128.2
75.2	126
75.2	124.8
75.2	123.9
75.2	123
75.3	121.3
75.3	121.3
75.3	120.1
75.3	119.6
75.3	118.8
75.3	116.6
75.3	115.8
75.3	113.6
76.4	115.8
76.4	115.8
76.4	113.6
76.5	111.9
76.6	110.7
76.6	109.8
76.8	112.4
76.8	114.5
76.8	117.1
76.8	117.5
76.9	119.6
76.9	120.1
76.9	121.3
77.4	122.2
77.5	122.2
77.5	122.6
77.5	124.3
77.6	126.5
77.7	126.5
77.8	128.6
77.9	130.3
78	130.7
78.4	129.9
78.5	127.3
78.6	126.9
78.8	127.7
78.8	129.5
78.8	131.2
78.8	132.9
79	135.4
79.1	135.4
79.3	135.9
79.3	135.9
79.4	133.7
79.4	132.9
79.6	135
79.6	138.4
79.6	139.3
79.7	140.1
79.8	140.6
79.9	141
79.9	142.7
80.1	144
80.1	144.4
80.1	145.7
80.2	146.1
80.3	145.3
80.4	144
80.5	142.7
80.7	141
80.9	139.7
81	138
81.1	137.6
81.1	135.4
81.1	133.7
81.1	132.4
81.4	132
81.8	134.6
81.8	135
81.8	137.6
81.9	138.4
82	138.9
82.1	139.3
82.6	139.7
82.8	139.3
82.8	138
82.7	138.9
82.7	140.1
82.7	141
82.8	141.4
83	140.1
83.3	139.3
83.3	139.3
83.6	137.1
83.7	136.7
83.7	135.9
83.7	134.6
83.9	134.2
83.9	133.3
84.2	131.6
84.3	135.4
84.7	137.1
84.6	139.3
84.7	139.7
85.1	137.1
85.2	135
85.2	134.6
85.3	131.6
85.4	131.2
85.4	128.2
85.2	126
85.2	126
85.1	122.2
85.3	119.2
85.5	117.1
85.5	114.1
85.6	110.2
85.7	108.1
85.7	105.9
85.7	102.1
85.7	100
85.7	99.5
85.7	97
85.7	96.5
85.8	93.6
85.9	91.4
85.9	88
85.9	85.4
85.9	82.9
85.9	81.6
85.9	80.3
85.9	79
85.9	76.9
85.9	76.9
85.9	75.6
86	73.9
86.1	72.2
86.2	70.5
86.3	70.1
86.3	68.3
86.6	67.5
86.7	69.6
86.8	70.5
86.8	72.2
87	73.9
87	74.3
87.2	76.9
87.3	77.3
87.3	79
87.3	79.5
87.3	81.2
87.3	81.2
87.3	82.4
87.3	83.3
87.5	83.7
87.6	81.6
87.6	81.6
87.8	82.9
87.8	83.3
88.1	84.6
88.4	84.6
88.5	82
88.6	79.5
88.7	77.7
88.7	75.2
88.9	73.9
88.9	72.2
88.9	71.8
89.1	73.9
89.2	75.2
89.3	76
89.4	74.8
89.4	73.5
89.4	71.3
89.4	70.1
89.4	68.3
89.4	67.9
89.6	66.6
89.8	64.5
90.2	64.1
90.2	64.1
90.4	66.6
90.4	67.9
90.4	67.5
90.4	65.8
90.5	64.9
90.8	65.8
90.9	67.5
91.1	67.5
91.2	64.9
91.3	64.1
91.4	64.1
91.7	66.6
91.7	67.1
91.8	70.5
91.8	70.9
91.8	72.2
91.9	73.5
91.9	75.6
92	76
92	76.5
92.1	77.3
92.2	77.3
92.3	77.3
92.5	77.3
92.7	74.8
92.7	73.5
93	73.5
93	73.5
93.1	72.6
93.3	70.1
93.4	68.8
93.4	66.6
93.7	66.2
93.8	66.6
93.9	69.6
94	71.3
94.1	71.8
94.1	70.5
94.5	69.2
94.7	69.6
94.8	71.3
94.8	71.8
94.9	73.5
94.9	73.9
94.9	76
94.9	77.3
94.9	79.5
94.9	80.3
94.9	81.6
95	82.4
95.1	83.3
95.4	81.6
95.4	81.6
95.4	78.6
95.4	78.6
95.6	76
95.6	73
95.6	71.8
95.7	70.5
95.7	67.1
95.7	65.4
95.7	64.9
96	66.6
96	67.1
96.3	71.8
96.3	72.2
96.3	73.9
96.3	76.9
96.3	79.9
96.3	81.6
96.3	84.2
96.3	84.6
96.4	85.4
96.7	86.7
96.7	87.1
96.8	85
96.9	82.9
96.9	82.4
97	80.7
97	80.3
97	78.2
97	75.6
97	74.8
97.4	72.2
97.6	71.8
97.8	72.6
97.8	73.9
98	79
98	80.3
98	83.3
98.1	85.9
98.3	87.1
98.4	94.4
98.5	98.3
98.6	100.4
98.8	103.8
99	105.9
99.3	107.2
99.3	107.7
99.4	108.5
99.6	110.7
99.8	111.9
99.9	114.1
100	115.4
100.2	116.2
100.4	116.6
100.4	114.1
100.4	110.7
100.4	117.1
100.4	117.1
100.4	115.8
100.5	113.6
100.5	112.4
100.5	111.1
100.6	110.7
101.1	112.4
101.3	114.9
101.4	113.6
101.4	114.9
101.5	115.8
101.5	116.2
101.6	117.1
101.7	117.9
101.7	119.2
101.8	119.6
101.8	120.5
102.1	121.3
102.3	122.6
102.3	122.6
102.3	122.6
102.5	122.2
102.7	119.2
102.7	118.3
103	118.8
103	120.5
103.2	121.3
103.2	121.3
103.3	122.2
103.4	122.6
103.6	120.9
103.9	119.6
104.1	116.2
104.1	114.1
104	111.5
104	109.4
104.3	113.2
104.3	116.6
104.6	117.9
104.6	118.3
104.8	117.1
104.8	113.2
104.9	116.6
105	119.6
105.1	120.5
105.2	121.3
105.3	122.2
105.4	123
105.6	124.3
105.7	125.6
105.8	126.5
105.9	126.9
106	127.3
106.1	127.3
106.1	124.8
106.2	123
106.3	122.6
106.3	120.5
106.5	118.3
106.5	117.1
106.9	120.9
107	123.9
107	123.9
107.1	125.2
107.1	125.6
107.5	126.5
107.6	124.8
107.6	123
107.6	123
107.9	122.6
108.1	125.2
108.1	125.6
108.5	124.3
108.5	121.3
108.5	118.8
108.5	117.5
108.5	118.3
108.6	119.2
108.9	121.8
108.9	122.2
108.9	125.2
108.9	126.5
109.1	126.5
109.2	123.9
109.2	123
109.5	126
109.6	126.9
109.6	127.3
109.6	129
109.6	129.9
109.6	129.9
109.8	130.7
109.8	131.2
109.9	130.3
110.1	126.5
110.1	124.3
110.3	121.8
110.3	119.2
110.3	120.1
110.4	120.1
110.4	123
110.4	123.5
110.6	124.3
110.7	124.3
110.8	123
110.8	122.6
111	126
111.1	127.3
111.1	128.6
111.3	129.9
111.4	129.9
111.7	126.9
111.7	124.8
111.7	124.3
111.8	122.6
111.8	122.2
111.8	122.2
111.9	119.6
111.9	118.3
112	118.8
112.3	120.1
112.4	121.3
112.4	122.6
112.5	123
112.7	123
112.8	122.6
112.7	120.1
112.7	120.5
112.9	121.3
112.9	122.2
113.1	120.5
113.2	119.2
113.5	118.8
113.6	121.8
113.7	122.2
114	122.6
114.1	120.9
114.1	119.6
114.1	118.3
114.1	116.6
114.3	115.4
114.4	115.4
114.5	117.1
114.5	117.5
114.6	120.1
114.6	122.6
114.6	123
114.7	124.3
114.8	125.2
115	124.8
115.3	124.3
115.3	121.8
115.3	119.6
115.3	119.2
115.4	119.2
115.6	119.2
115.8	122.2
115.8	122.6
115.8	125.2
115.8	126.5
115.8	126.9
115.9	127.3
116.1	124.8
116.2	123.9
116.2	123.5
116.4	121.8
116.5	124.3
116.5	125.2
116.6	125.6
116.9	125.2
117	123.5
117	123
117.1	121.8
117.1	120.9
117.2	121.3
117.4	123
117.6	123.5
117.6	123
117.7	124.8
118	124.3
118	122.6
118	122.6
118.1	122.6
118.2	123
118.5	123.5
118.5	123.5
118.6	122.2
118.6	122.2
118.8	120.9
118.9	120.5
118.9	120.1
118.9	116.6
119	116.6
119	115.8
119.1	114.5
119.4	115.4
119.6	115.8
119.7	116.2
119.9	116.6
120.1	118.3
120.2	119.2
120	122.2
120	122.6
120.2	120.9
120.3	120.1
120.4	120.5
120.7	121.3
120.9	122.6
121	122.6
121	120.5
121	119.2
121.2	117.9
121.2	117.1
121.4	116.2
121.4	114.9
121.3	114.1
121.4	114.1
121.7	116.2
121.7	116.2
121.7	114.1
121.7	112.8
121.8	112.4
121.8	111.9
121.9	111.1
121.9	111.1
121.9	111.5
122	114.1
122	114.9
122	114.9
122	114.5
122.5	114.9
122.5	114.9
122.5	117.1
122.5	119.2
122.6	118.3
122.7	117.9
122.9	119.6
123	117.9
123	117.9
123.1	117.9
123.5	117.9
123.5	117.9
123.7	117.5
123.7	117.9
123.9	119.6
124	121.8
124.1	123.5
124.2	122.6
124.2	120.5
124.3	119.6
124.5	117.9
124.5	117.5
124.6	115.4
124.7	114.1
124.8	113.6
125	115.8
125	119.2
125.1	121.3
125.1	121.3
125.2	122.6
125.2	123
125.4	123.9
125.4	124.3
125.5	124.8
125.6	124.3
125.7	123
125.8	121.8
125.9	120.5
126	117.9
126	117.9
126.1	118.3
126.2	120.1
126.2	120.1
125	120.1
125	120.5
125	120.9
125.1	122.2
125.3	123.9
125.4	124.8
125.5	124.8
125.7	123
125.7	122.6
125.7	118.3
125.7	117.9
125.7	117.5
125.9	118.8
125.9	120.9
126.2	121.8
126.3	119.6
126.9	120.9
126.9	120.9
126.9	119.2
127	117.1
127.1	117.1
127.4	118.8
127.5	121.8
127.5	123.5
127.8	126.5
127.9	127.7
128.2	129
128.2	126
128.2	125.2
128.2	123.9
128.4	123.5
128.7	126
128.8	126.9
128.8	126.9
128.8	127.7
128.9	127.7
129	126.9
129.1	126
129.4	124.8
129.6	123.9
129.6	123
129.6	123
129.7	122.2
129.7	120.5
129.8	120.1
129.9	117.1
129.9	117.9
130.2	120.9
130.3	121.3
130.6	120.1
130.6	118.3
130.6	116.6
130.6	114.1
130.7	114.5
130.9	116.6
130.9	117.1
131.1	117.1
131.2	116.2
131.3	114.9
131.3	114.5
131.3	113.2
131.4	111.5
131.6	110.2
131.7	113.2
131.9	114.9
132.3	117.9
132.3	120.9
132.3	122.6
132.6	123.9
132.7	124.3
132.9	122.2
133.1	121.8
133.4	123
133.5	124.3
133.5	125.6
133.7	126.9
133.9	128.2
134	128.6
134.2	125.6
134.5	124.3
134.5	123
134.7	124.3
134.5	121.3
134.5	119.2
134.7	118.8
135	121.8
135	123
135	123.5
135.1	123.5
135.3	122.6
135.3	120.5
135.5	119.6
135.6	119.6
135.6	119.6
136	121.3
136	122.2
136.3	124.3
136.4	126
136.4	126.5
136.8	126.5
136.8	126
136.8	123.9
137.2	123.5
137.4	126
137.4	126
137.4	126.5
137.5	124.8
137.7	123
137.8	122.6
137.8	122.6
138.2	122.6
138.3	123
138.6	123
138.6	125.2
138.6	127.3
138.6	128.6
138.6	129
138.9	129.5
139	128.2
139.1	126.5
139.3	123.5
139.3	123
139.4	122.2
139.2	120.5
139.2	119.6
139.4	119.2
139.4	119.2
139.6	120.5
139.9	121.8
140	121.8
140.1	123
140.1	123.5
140.2	123.5
140.5	121.3
140.4	118.8
140.4	117.1
140.3	115.4
140.3	114.1
140.4	113.2
140.5	115.4
140.5	115.4
140.6	117.1
140.6	117.1
140.8	117.1
140.9	115.8
140.9	114.9
141.1	113.2
141.2	113.2
141.2	113.6
141.2	118.8
141	121.3
141.2	122.2
141.5	121.3
141.7	121.8
141.8	121.8
141.9	121.8
142	120.5
142	119.6
142.2	119.2
142.7	119.2
142.7	119.2
143.2	120.1
143.2	121.8
143.2	123.5
143.5	125.6
143.6	127.7
143.7	129.5
143.7	129.9
143.7	130.7
143.8	132
144.1	131.2
144.2	129
144.3	130.3
144.3	132
144.3	132.9
144.3	133.3
144.4	133.3
144.7	132.4
144.7	129.5
144.8	128.2
145.1	126.5
145.1	125.2
145.1	126.5
145.2	127.7
145.2	127.7
145.3	126.9
145.4	126
145.4	124.3
145.4	124.3
145.9	123.9
145.9	123.9
145.9	126
145.9	126
146.1	125.2
146.1	123.9
146.3	121.3
146.4	122.6
146.5	124.3
146.9	126
147	123.5
147	123.5
147	122.2
147.2	120.1
147.2	119.2
147.1	118.3
147.2	117.9
147.3	122.2
147.5	121.8
147.7	120.5
147.8	119.6
147.9	119.6
148.3	119.2
148.6	119.6
148.8	121.3
148.8	123.9
148.6	124.8
148.9	124.3
149.1	122.2
149.1	120.1
149.1	119.6
149.1	117.9
149.1	116.2
149.1	116.2
149.2	115.8
149.3	118.8
149.4	121.3
149.4	123.9
149.4	124.3
149.5	126.5
149.8	128.2
149.8	129
149.9	130.3
149.9	130.3
150	130.7
150.1	130.7
150.2	129
150.1	126.5
150.2	124.3
150.3	122.2
150.4	120.9
150.5	123.5
150.6	125.6
150.6	125.6
150.8	124.3
150.8	124.3
150.9	122.6
151	121.8
151	120.9
150.9	120.1
151.1	119.6
151.2	120.9
151.2	123
151.3	123.9
151.4	125.6
151.4	126
151.5	126.5
151.5	127.3
151.6	128.6
151.6	129.9
151.6	130.3
151.7	130.7
151.8	131.2
151.9	131.6
151.9	130.7
152.1	127.7
152.2	125.6
152.2	123.5
152.3	121.8
152.6	119.6
152.9	117.5
152.8	120.9
152.8	121.8
152.8	122.6
152.9	126.5
153	127.3
153	127.7
153	127.7
153.1	128.6
153.1	128.6
153.3	128.6
153.5	129.5
153.6	129.9
153.9	131.2
153.9	131.6
153.9	131.6
153.9	131.6
153.9	129.5
153.9	127.3
154.1	125.6
154.1	124.3
154.4	123.9
154.5	123.9
154.7	122.6
154.7	122.6
154.7	120.9
154.7	120.1
154.8	120.1
155.1	121.3
155.1	121.8
155.1	123.5
155.1	124.8
155.3	126.5
155.5	127.7
155.5	126.9
155.5	125.6
155.6	124.8
155.6	123.5
155.6	123.5
155.6	123
155.7	122.6
155.9	123
155.9	123.5
156.2	126
156.2	128.6
156.1	130.3
156.1	131.6
156.1	131.6
156.1	133.7
156.2	133.7
156.4	132.4
156.5	130.3
156.7	127.7
156.9	126.9
157	126.5
157.1	125.6
157.1	125.2
157.1	123.9
157.2	122.2
157.2	119.6
157.4	119.2
157.5	120.9
157.5	123.5
157.5	123.9
157.5	125.6
157.5	126.9
157.6	128.6
157.7	130.3
157.9	131.2
158	131.6
158	132.4
158	132.9
158	132.9
158	133.7
158	134.2
158	134.6
158	134.6
158.1	134.6
158.1	134.6
158.3	132.4
158.3	130.3
158.3	128.6
158.5	126.9
158.6	125.6
158.8	123.9
158.8	126
158.8	126.9
158.8	127.3
159	127.3
159.1	126
159.2	126.9
159.2	127.3
159.3	126.5
159.4	126
159.4	124.3
159.4	122.6
159.6	121.3
159.7	120.9
159.7	123.5
159.7	125.6
159.7	126
159.9	128.2
159.9	128.6
160	128.6
160	128.6
160	126.9
160.2	125.6
160.5	125.2
160.3	126
160.3	128.2
160.3	128.6
160.4	128.6
160.5	127.7
160.7	126.5
160.8	127.3
160.8	128.2
160.8	129.9
160.8	131.6
160.8	132.9
161	133.7
161.1	134.2
161.1	134.6
161.1	134.6
161.2	135.4
161.2	134.6
161.4	132.4
161.5	131.6
161.5	131.6
161.5	130.3
161.6	129.9
161.7	129.5
161.7	128.6
161.8	127.3
161.8	125.2
161.8	124.8
161.9	123.9
162.1	122.6
162.1	121.8
162.3	120.9
162.8	120.9
162.8	123
162.9	125.6
163	127.3
163	127.3
163.1	128.2
163.2	128.6
163.3	129.9
163.4	130.3
163.6	129.9
163.7	129
163.7	129
163.8	128.2
163.9	129
163.9	131.6
163.9	132
164	133.3
164	135
164	136.7
164.1	137.6
164.1	138
164.2	138.4
164.2	137.6
164.4	135.4
164.5	134.6
164.6	136.7
164.6	136.7
164.7	136.7
164.9	136.3
165.1	134.2
165.4	132.9
165.4	132.9
165.5	131.6
165.5	131.6
165.5	129.9
165.6	129
166	128.6
166.3	129.9
166.4	130.3
166.9	130.3
167	130.3
167	130.3
167.2	130.7
167.2	131.6
167.1	134.2
167.2	135.4
167.4	135.4
167.7	135
167.8	133.7
167.9	132.4
167.9	130.7
168	129
168.1	127.7
168.2	126.9
168.4	127.3
168.4	127.7
168.5	128.6
168.6	128.6
168.6	127.3
168.5	126.5
168.5	126
168.5	123.9
168.5	123.5
168.5	123.5
168.5	121.8
168.5	121.3
168.7	120.5
168.7	120.1
168.8	118.8
168.8	118.3
169	116.2
169	114.9
169	114.1
169	113.6
169	112.8
169.1	116.6
169.2	120.5
169.2	123
169.3	123.5
169.5	124.3
169.8	124.8
169.8	128.6
169.8	130.7
170.1	132.4
170.1	133.7
170.1	135
170.1	136.7
170.2	137.1
170.2	137.6
170.3	138.4
170.3	138.9
170.4	140.1
170.4	141
170.4	141
170.4	141.4
170.4	142.3
170.5	142.3
170.5	142.7
170.7	141.8
170.7	138.9
171	136.7
171	134.6
171.1	134.2
171.1	131.6
171	128.2
171	126.9
171	124.3
171.1	123.5
171.2	120.9
171.3	118.8
171.4	117.5
171.4	117.5
171.5	120.9
171.5	124.3
171.7	128.2
171.8	129
171.8	130.3
171.9	130.7
172	131.2
172	131.2
172.1	131.2
172.1	130.7
172.3	128.6
172.7	126
172.7	123.9
172.7	120.9
172.6	118.3
172.6	116.6
172.6	114.9
172.7	113.6
172.8	113.2
173	111.9
173.1	111.5
173.1	111.1
173.1	109.8
173.1	108.1
173.1	108.1
173.2	104.7
173.2	104.2
173.5	102.5
173.5	100.8
173.5	103.8
173.7	108.5
173.7	113.2
173.9	117.5
173.9	117.9
173.9	120.5
173.9	120.9
174	126.5
174.1	127.7
174.1	131.2
174.4	134.6
174.4	137.1
174.4	139.3
174.4	142.7
174.5	144
174.8	146.5
174.9	147.8
174.9	148.3
175	150
175.1	153.4
175.3	155.5
175.3	156
175.5	155.1
175.8	151.7
175.9	150.8
176	153.4
176.1	153.8
176.1	155.5
176.1	153
176.1	156
176.1	156.8
176.1	157.2
175.4	150.8
175.4	152.5
175.4	153.4
175.4	154.2
175.6	156
175.7	155.1
175.7	152.5
175.7	151.7
175.7	151.7
175.9	151.2
175.9	153
176	154.7
176	155.1
176.2	156.8
176.2	157.2
176.2	157.7
176.3	158.1
176.3	158.5
176.4	157.7
176.4	154.2
176.4	153
176.5	151.2
176.5	149.5
176.5	148.7
176.5	147.4
176.5	145.3
176.5	143.6
176.5	142.3
176.5	141.8
176.6	140.1
176.8	138.9
176.9	138.4
177	141
177	141.8
177.1	144
177.1	143.1
177.2	141.8
177.5	138.9
177.5	138.4
177.5	135.9
177.5	135
177.6	133.7
177.5	131.2
177.5	130.7
177.8	134.6
177.8	138
178	141
178	142.7
178.1	145.3
178.1	146.5
178.1	148.3
178.1	150.4
178.1	151.2
178.1	153
178.1	153.8
178.3	155.1
178.3	155.1
178.5	154.2
178.7	153.8
178.8	151.2
178.8	150.8
178.9	150.4
179.1	152.1
179.1	153
179.1	150.4
179.1	150
179.2	152.1
179.2	153.4
179.2	153.8
179.3	155.1
179.3	154.2
179.3	150
179.3	147.4
179.3	144.4
179.4	142.7
179.4	140.1
179.4	138
179.4	132.9
179.4	129.9
179.4	128.2
179.5	126.5
179.6	123.5
179.7	120.1
179.7	117.1
179.7	114.9
179.7	112.4
179.9	111.5
180	114.9
180.1	118.3
180.2	119.2
180.3	121.3
180.3	124.3
180.3	126.5
180.4	127.7
180.4	129.9
180.4	130.3
180.4	130.7
180.6	129.5
180.6	126
180.7	124.3
180.7	122.2
180.7	122.2
180.7	120.9
180.9	118.8
181.1	116.6
181.1	116.2
181.3	114.1
181.3	111.9
181.3	111.5
181.3	109.8
181.3	107.2
181.3	105.1
181.3	103
181.4	100.8
181.5	99.1
181.7	100.4
182	101.7
182	102.1
182.1	102.1
182	99.1
182.1	98.7
182.2	100.8
182.2	101.2
182.2	105.5
182.4	108.9
182.5	110.2
182.5	112.8
182.7	116.6
183	122.2
182.9	124.8
182.9	126.9
183	128.6
183	128.6
183	129
183.1	128.2
183.1	124.3
183.1	121.3
183.1	120.5
183.1	118.3
183.1	115.4
183.2	113.2
183.4	108.9
183.3	106.4
183.3	105.9
183.3	104.7
183.2	102.1
183.2	100.4
183.2	100
183.2	99.5
183.4	98.7
183.7	96.1
183.7	94
183.7	93.1
183.7	91.4
183.7	91.4
183.7	88.9
183.7	88
183.8	87.1
184	86.7
184.2	88
184.5	91
184.7	93.6
184.9	98.7
184.9	100.8
184.9	100.8
184.9	103
185	104.2
185.2	104.2
185.3	103.4
185.5	102.1
185.5	102.1
185.6	104.2
185.6	106.8
185.6	106.8
185.8	109.4
185.8	109.8
185.8	111.1
185.9	114.9
186	117.1
186	118.3
186	118.3
186	120.5
186	120.5
186.2	122.6
186.2	123
186.3	122.6
186.3	119.6
186.3	116.2
186.4	114.5
186.4	111.1
186.4	108.5
186.4	106.4
186.4	104.7
186.5	102.5
186.6	102.1
186.6	100.4
186.6	99.5
186.6	97.8
186.8	96.5
186.8	95.3
186.8	93.1
187	92.3
187.1	94.4
187.2	96.5
187.2	97
187.4	100
187.7	108.5
187.7	109.4
187.7	111.9
188.1	116.2
188.1	116.6
188.2	122.2
188.2	124.3
188.2	129.9
188.2	132.9
188.2	135
188.2	135.4
188.2	139.3
188.5	143.1
188.5	144.8
188.5	145.3
188.5	142.7
188.5	141.8
188.5	138.9
188.5	138
188.5	135.9
188.7	132.9
188.7	128.2
188.6	124.8
188.6	123
188.6	120.5
188.6	120.5
188.6	117.9
188.6	115.8
188.6	115.8
188.6	114.1
188.6	111.5
188.6	110.2
188.7	109.8
188.8	108.1
188.9	106.8
188.9	105.5
189.2	103
189.6	103.4
189.6	107.2
189.7	110.7
189.8	111.1
189.9	113.2
190.2	114.5
190.4	114.9
190.5	116.2
190.6	116.6
190.8	115.4
190.9	114.9
190.9	113.6
191.1	113.6
191.3	117.1
191.3	119.6
191.3	120.5
191.4	123.5
191.5	125.2
191.6	129
191.7	133.7
191.7	136.3
191.7	138
191.8	142.7
191.8	144
192	143.6
192.1	139.7
192.5	136.3
192.6	135
192.7	134.2
192.5	136.7
192.5	138.4
192.6	142.7
192.8	145.3
193	147.8
193	149.5
193	150.4
193	150.4
193.2	152.1
193.3	150.8
193.5	150.4
193.6	150.8
193.5	147.8
193.5	146.5
193.4	144
193.4	141.8
193.7	139.7
193.8	138
193.9	137.6
194	136.7
194.1	135.4
194.5	137.6
194.5	139.3
194.6	139.7
194.8	138
195	136.3
195.2	135
195.2	132.9
195.4	131.2
195.4	129.5
195.4	126.9
195.4	123.9
195.3	122.2
195.4	121.3
195.5	120.5
195.7	119.2
195.8	117.9
196	116.2
196	114.1
196	113.6
196.1	113.2
196.1	113.2
196.2	113.2
196.3	114.1
196.3	114.1
196.4	116.6
196.4	119.2
196.4	123
196.6	127.3
196.6	127.7
196.7	130.7
196.7	132.4
196.7	132.9
196.8	134.2
197.2	136.3
197.2	137.1
197.2	137.6
197.3	139.3
197.4	141
197.4	141
197.7	141.8
197.7	142.7
197.7	143.1
197.7	144.8
197.7	145.7
197.8	147.8
197.8	149.5
197.8	151.7
197.8	152.1
197.8	153.4
197.8	154.7
197.9	155.5
198	155.5
198	156
198.1	156.4
198.2	156.8
198.3	156.8
198.3	156.4
198.5	153.4
198.5	152.1
198.5	151.2
198.6	149.5
198.6	148.7
198.7	148.3
198.7	147.4
198.8	146.1
198.8	145.3
198.9	144.4
199	142.7
199	141.4
199	140.1
199	139.3
199.1	138
199.2	136.3
199.3	134.6
199.3	132.9
199.3	132.4
199.4	130.7
199.4	129.5
199.5	128.2
199.7	129.5
199.9	129.9
199.6	147.4
199.6	145.7
199.5	144.8
199.4	144
199.4	142.7
199.4	141
199.4	140.6
199.3	139.3
199.3	137.1
199.4	135.4
199.5	135
199.6	133.7
199.7	132.9
199.7	130.7
200	129
200	129.9
200.3	132.9
200.3	133.3
200.3	135
200.3	135.4
200.3	135.4
200.5	137.1
200.5	138.4
200.5	139.7
200.5	141.4
200.6	141
200.7	138.9
200.8	136.7
200.9	135.4
201	132
201	131.6
201	129.9
201	127.7
201.1	125.6
201.3	123.9
201.3	123
201.3	122.2
201.5	122.2
201.6	124.8
201.6	126.5
201.6	126.9
201.7	127.7
201.8	128.6
202	129
202.2	129
202.4	128.2
202.5	126.9
202.6	126.5
202.6	126
202.9	126.9
202.9	128.6
202.9	128.6
202.9	127.7
203.1	125.6
203.2	124.3
203.4	124.3
203.7	124.8
203.7	125.6
203.7	126.9
203.7	128.6
203.9	128.6
204.1	128.2
204.2	126.9
204.4	126
204.6	126.9
204.8	125.6
204.7	129.5
204.7	132.4
204.7	132.9
204.8	137.1
204.9	138.4
205	138.9
205.1	138.9
205.2	137.6
205.3	137.1
205.3	136.7
205.4	138.4
205.5	140.6
205.7	144.4
205.8	145.7
206	147
206	147
206.2	147
206.2	144.8
206.2	142.7
206.3	138.9
206.3	136.3
206.4	138
206.4	139.3
206.6	141.4
206.6	143.6
206.9	146.1
206.9	147.8
206.9	148.3
206.9	149.1
207	149.5
207.1	149.5
207.1	147.4
207.1	145.7
207.1	145.7
207.1	145.7
207.3	147.4
207.3	147.4
207.3	149.5
207.5	152.1
207.8	155.1
207.9	156.4
208.2	156
208.3	150.8
208.4	147.8
208.4	146.1
208.4	145.7
208.4	144.4
208.4	143.1
208.5	140.6
208.6	138.9
208.5	137.1
208.5	135.9
209	136.3
209.1	138.4
209.1	137.6
209.2	136.3
209.2	136.3
209.2	135.4
209.5	132.4
209.8	132.9
210	135.4
210	137.1
210	140.1
210	142.7
210	143.1
210	144.4
210	146.1
210	146.1
210.2	141.4
210.6	138
210.6	137.6
210.6	135.4
210.6	133.7
210.6	133.3
210.5	132
210.5	130.7
210.8	134.2
211	137.6
211	137.6
211.1	139.3
211.3	139.7
211.4	137.6
211.4	136.3
211.5	135.4
211.9	134.2
212.1	138
212.2	140.6
212.2	140.6
212.2	142.7
212.3	141.8
212.3	139.3
212.4	138.9
212.7	138
212.8	136.7
213	135.4
213.2	135.9
213.2	136.3
213.3	137.6
213.3	138
213.3	138.4
213.4	138.4
213.4	137.6
213.4	136.3
213.5	136.3
213.9	138.9
214	139.7
214	139.7
214	136.3
214	135.9
214.1	133.7
214.1	132.9
214.1	131.2
214.1	128.6
214.6	129.5
214.7	133.3
214.7	134.6
214.7	134.6
214.8	135
214.8	134.6
214.9	133.3
214.9	132.9
214.9	132.4
215	132.9
215.1	134.2
215.1	135
215.2	134.2
215.2	133.7
215.6	134.6
215.6	134.6
215.6	135.4
215.6	135.9
215.8	137.6
215.9	138.4
216	137.6
216	135
216.1	133.3
216.1	133.3
216.5	133.3
216.7	134.2
216.7	135.9
216.8	137.6
216.8	139.7
217	140.1
217.2	138.4
217.3	135.4
217.3	135
217.3	132.9
217.3	131.6
217.3	131.6
217.3	131.2
217.7	131.6
217.9	134.6
217.9	138.4
217.9	141.4
218	141.8
218.2	141.8
218.2	138.9
218.3	137.6
218.4	137.6
218.5	137.1
218.7	139.3
218.9	137.6
219	137.1
219.1	135.9
219.3	134.2
219.3	131.6
219.3	129.9
219.6	124.3
219.7	124.8
219.7	128.6
219.7	132
219.8	134.2
219.8	135.4
220	137.1
220.2	138.4
220.4	135.4
220.4	133.3
220.5	132
220.6	130.7
220.6	130.7
220.6	128.6
220.6	128.2
220.7	126.5
220.8	124.3
221	123.5
221.1	125.2
221.1	125.6
221.2	123.9
221.2	123.9
221.3	122.2
221.3	120.5
221.4	120.5
221.4	120.5
221.6	121.8
221.6	123.9
221.6	123.9
221.6	125.2
221.6	125.6
221.9	124.3
222	123.5
222.3	124.3
222.4	126.5
222.4	127.7
222.5	129.5
222.6	131.6
222.6	132
222.7	133.3
222.9	135.4
223.2	138.4
223.2	139.7
223.3	141.4
223.3	141.4
223.4	138
223.4	134.2
223.5	131.2
223.5	130.3
223.5	127.7
223.5	127.3
223.6	125.2
223.6	121.8
223.8	119.6
223.9	123
223.9	123.5
224	124.8
224.1	126
224.1	126.9
224.2	126.5
224.2	123.5
224.3	121.3
224.4	118.8
224.5	116.6
224.5	114.1
224.5	111.9
224.8	111.9
224.9	115.4
224.9	115.4
225	117.5
225.3	116.6
225.4	114.9
225.4	112.8
225.4	110.7
225.4	108.1
225.4	105.9
225.5	105.9
225.4	114.5
225.4	112.8
225.4	109.4
225.4	106.4
225.5	105.1
225.8	103
226.2	105.9
226.1	109.8
226.1	110.2
226.1	113.2
226.2	114.9
226.2	116.2
226.5	120.5
226.5	127.7
226.6	128.6
226.6	129
226.7	133.7
226.7	135.9
226.7	136.3
226.8	140.6
227.2	150.8
227.2	151.2
227.2	152.5
227.3	154.2
227.3	157.2
227.7	155.9
227.9	153
227.9	147
228.4	154.7
229.1	147.8
229.5	148.3
229.5	142.3
229.5	140.2
229.5	140.2
229.5	138.5
229.7	136.3
229.8	139.3
229.8	141
229.9	142.3
229.9	144
230	145.3
230.1	145.3
230.2	146.1
230.2	146.1
230.2	144.4
230.2	142.7
230.4	142.3
230.4	144
230.4	146.1
230.4	146.6
230.5	148.3
230.5	148.7
230.5	150
230.7	150.8
230.8	150
230.8	149.5
230.8	147
230.8	144.4
230.8	142.7
230.8	141.4
230.8	141
231.1	139.7
231.3	139.3
231.4	140.2
231.4	141.4
231.4	142.3
231.4	144
231.5	146.6
231.6	147.4
231.7	149.1
232	151.2
232.1	151.2
232.1	147.8
232.2	146.1
232.2	145.7
232.4	145.7
232.4	145.7
232.5	145.7
232.7	145.7
233	144.9
233.1	144
233.2	142.3
233.2	142.3
233.2	141
233.2	140.2
233.2	139.7
233.3	139.7
233.3	140.2
233.6	141.4
233.6	141.4
233.5	140.2
233.8	140.2
233.9	141.4
234	144.4
234.1	147
234.1	149.5
234.1	150.8
234.1	152.1
234.2	153
234.3	151.2
234.5	150.4
234.6	149.5
234.8	150.8
234.8	152.1
234.7	153
235	151.2
235	150.8
235.1	149.5
235.1	147.4
235.3	146.1
235.5	147.4
235.5	147.8
235.5	149.1
235.6	149.5
235.7	150
235.7	149.5
235.7	147.8
235.8	146.6
235.9	147.4
235.9	148.3
236.1	149.1
236.1	147.4
236.1	146.1
236.1	144.9
236.1	143.6
236.2	141.9
236.3	141
236.3	139.7
236.3	139.7
236.3	138.9
236.4	138.5
236.4	138.5
236.6	141
236.7	141.4
236.8	139.7
236.8	139.7
236.8	138.9
237	140.2
237.1	142.7
237.2	143.1
237.4	141
237.4	139.7
237.4	138.9
237.5	138
237.7	137.2
237.8	136.8
237.9	137.6
238	141
238	141.4
238.1	143.1
238.2	144.4
238.3	144.9
238.4	142.7
238.5	141
238.5	140.6
238.5	140.2
238.6	139.7
238.6	139.7
238.7	140.6
238.8	141.4
238.9	140.2
239	138.9
239	137.6
239	136.3
239	135.5
239	134.6
239	133.8
239.1	133.3
239.1	132.9
239.1	130.8
239.1	128.7
239.1	128.2
239.2	128.2
239.3	129.5
239.6	132.5
239.6	134.6
239.7	133.3
239.8	131.6
239.9	130.8
239.9	128.7
239.9	130.4
240.1	132.5
240.2	134.6
240.2	135.5
240.2	135.9
240.3	137.2
240.4	137.6
240.4	138.5
240.4	139.3
240.4	140.6
240.7	141
240.9	139.7
241	138.9
241.2	138.9
241.3	141
241.3	143.1
241.3	145.7
241.3	146.6
241.5	146.6
241.6	144
241.7	141.9
241.8	141.4
241.8	140.2
241.8	140.2
241.8	141
241.8	142.7
242	143.1
242.1	142.3
242.3	141
242.4	141
242.8	139.7
242.8	138.9
242.9	138
243	137.2
243	137.2
243.1	136.8
243.1	138.5
243	141.4
243	144
243	144.9
243	147
243	147.4
243.1	148.3
243.2	149.5
243.2	149.5
243.2	150.4
243.2	151.7
243.2	153
243.2	153.4
243.2	155.1
243.2	155.9
243.6	155.1
243.8	149.5
243.9	147.4
243.8	145.7
243.9	144.4
244	142.7
244	141.4
244	140.6
244	139.3
244.1	137.2
244.1	135.9
244.1	135.1
244.1	134.6
244.2	132.5
244.2	132.1
244.3	133.8
244.5	135.9
244.6	137.2
244.7	137.6
244.7	138.5
244.8	140.2
244.9	141.4
245.1	144.4
245.1	146.1
245.1	146.6
245.2	147
245.3	146.6
245.3	144
245.3	142.7
245.3	141.9
245.3	139.7
245.3	138.9
245.4	138
245.5	137.2
245.6	136.3
245.7	135.9
245.9	137.6
246.1	138.5
246.1	140.6
246.3	142.7
246.5	142.3
246.6	141
246.6	142.3
246.7	147.4
246.8	148.3
246.8	149.5
247.1	149.1
247.2	147
247.2	146.6
247.2	144.4
247.2	142.7
247.1	140.6
247	139.3
246.9	139.7
246.9	141.4
246.9	142.3
247.4	145.7
247.6	147
247.6	147.4
247.9	148.3
248.1	148.3
248.1	146.1
248.1	143.6
248.1	143.1
248.2	141.9
248.2	141.9
248.3	145.7
248.4	147
248.5	147.8
248.5	147.4
248.6	144.9
248.5	142.7
248.5	141.4
248.7	140.6
248.9	141
249.3	143.1
249.3	146.1
249.4	148.7
249.4	149.5
249.4	150.4
249.4	151.7
249.4	154.7
249.4	155.5
249.4	156.8
249.4	157.2
250	158
250	156.3
250	155.5
249.9	153.8
249.9	152.1
249.9	151.7
249.9	150.4
249.9	149.1
249.9	147
249.9	146.6
249.9	145.7
249.9	143.6
249.9	143.6
249.9	142.3
249.9	140.6
250.1	138.9
250.3	135.9
250.4	133.4
250.4	133
250.4	131.7
250.5	131.7
250.5	129.1
250.5	129.1
250.5	129.1
250.5	127
250.5	125.3
250.6	121.9
250.9	118.5
250.9	117.2
250.8	121.1
250.8	121.5
251.3	126.6
251.3	127
251.4	128.3
251.5	130.8
251.7	134.7
251.7	135.5
251.7	136.4
251.7	136.8
251.7	138.5
251.9	139.8
251.9	140.2
252	139.8
252	136.8
252.1	134.7
252.2	132.1
252.4	133.8
252.4	135.5
252.4	137.2
252.4	137.6
252.4	138.5
252.4	138.9
252.4	139.3
252.5	137.6
252.5	135.5
252.6	135.9
252.8	138.9
252.8	141
252.8	141.5
252.8	142.3
252.9	145.3
253.1	147.8
253.1	147.8
253.1	150.4
253.1	151.2
253.2	152.1
253.3	150.8
253.3	147.4
253.3	147.4
253.3	144.9
253.5	143.2
253.6	140.6
253.6	138.1
253.6	135.9
253.6	134.2
253.8	133
253.8	131.3
253.9	130
253.9	130
254	131.7
254.2	133.4
254.3	135.1
254.3	136.4
254.3	138.1
254.4	139.3
254.4	139.8
254.4	139.8
254.5	140.2
254.5	140.6
254.5	139.3
254.6	138.9
254.6	137.6
254.6	135.9
254.7	134.2
254.8	133
254.8	132.5
254.9	131.3
254.9	130
255	127.9
255.1	127
255.2	124.9
255.2	124.9
255.2	127.9
255.2	131.3
255.4	133.4
255.4	133.8
255.4	135.1
255.4	136.4
255.5	137.2
255.5	136.4
255.5	133.8
255.7	133
255.9	135.5
255.9	138.5
255.9	138.5
255.9	138.5
255.9	140.2
255.9	141.5
256.1	141.9
256.3	141.9
256.3	137.6
256.3	135.1
256.3	134.7
256.3	132.5
256.7	129.6
256.8	129.6
256.8	133.4
256.8	136.8
256.9	138.9
256.9	143.2
256.8	147
256.8	150.4
256.8	152.5
256.8	153.8
256.8	155.5
256.8	157.2
257.4	154.6
257.6	150
257.6	149.6
257.5	146.6
257.5	144.1
257.5	142.5
257.5	140.8
257.6	139.6
257.7	139.1
257.8	138.7
257.8	137.9
258	137.1
258.1	138.7
258.3	140.8
258.6	142.5
258.7	143.3
258.7	143.3
258.7	145.4
258.7	145.8
258.6	147.5
258.6	147.9
258.6	150
258.6	150.4
258.6	150.4
258.6	151.2
258.9	151.6
259	151.2
259	151.2
259	149.1
259.1	147.1
259.1	145
259.2	143.3
259.2	144.1
259.3	145.8
259.4	147.1
259.4	147.5
259.5	148.3
259.5	147.9
259.5	145.4
259.6	144.1
259.7	143.3
259.9	147.1
260	148.7
260.3	150.8
260.3	145.4
260.3	141.9
260.3	141
260.3	138.5
260.4	136.8
260.5	135.5
260.5	135.1
260.6	134.2
260.7	135.9
261	138.5
261	140.6
261	141.9
261.1	142.3
261.2	139.8
261.2	136.8
261.2	136.8
261.3	134.7
261.4	131.3
261.4	130
261.8	131.3
261.8	133
261.8	134.2
261.8	135.9
261.8	138.1
261.8	138.5
262	142.3
262	144.4
262.1	146.1
262.2	149.1
262.3	150
262.3	150.4
262.3	151.2
262.4	151.7
262.6	152.5
262.9	153.4
262.9	153.4
262.9	151.2
262.9	147.8
263	146.1
263	143.6
263	142.3
263	140.2
263.3	137.6
263.4	138.5
263.4	139.8
263.6	140.6
263.8	141
263.8	138.9
263.8	138.5
263.9	137.6
263.9	136.8
264.2	135.1
264.4	132.1
264.5	131.7
264.6	133
264.6	133.4
264.6	135.9
264.8	137.6
264.8	139.3
264.8	140.6
265	141.9
265.2	142.3
265.3	142.3
265.4	145.7
265.4	148.3
265.5	150.4
265.5	150.8
265.6	153.4
265.6	155.1
265.6	155.5
265.6	155.9
265.6	155.9
265.7	156.3
265.7	152.9
265.7	150.8
265.7	148.7
265.7	146.6
265.7	145.3
265.7	144.9
265.8	143.6
266.1	142.7
266.2	141.5
266.3	140.2
266.3	140.2
266.3	139.3
266.4	138.1
266.4	137.2
266.4	136.4
266.4	136.4
266.5	134.7
266.5	134.7
266.5	134.2
266.5	134.7
266.5	138.1
266.5	140.2
266.5	140.6
266.6	141.5
266.8	142.7
266.9	143.2
266.9	143.2
267.1	141.5
267.1	141
267.1	140.6
267.1	138.5
267.1	136.8
267.1	135.9
267.1	135.9
267.2	136.4
267.2	136.8
267.3	138.5
267.4	140.2
267.4	141
267.7	142.3
267.8	142.7
268	141.5
268	141
268	138.5
268	138.5
268.1	137.2
268.1	135.5
268.1	134.7
268.2	134.7
268.3	136.4
268.3	138.9
268.3	139.3
268.3	140.2
268.3	141.9
268.4	143.2
268.5	144.9
268.6	145.3
268.6	145.3
268.6	141.5
268.6	141
268.8	139.8
268.9	138.1
269.1	136.4
269.2	136.4
269.4	137.2
269.5	138.9
269.5	138.9
269.6	140.2
269.7	143.2
269.7	144
269.7	144
269.7	144.9
269.9	144
270	143.6
270	141
270.1	140.6
270.2	141.5
270.3	141.9
270.4	141.5
270.5	139.8
270.5	138.9
270.5	138.9
270.6	137.6
270.8	136.4
270.9	135.1
270.9	133.8
270.9	133.4
271	131.3
271	131.3
271	128.7
271.1	127.9
271.1	126.6
271.3	126.6
271.3	128.7
271.4	131.7
271.5	133
271.7	136.4
271.7	134.7
271.7	130.8
271.7	131.3
271.8	133.8
271.9	134.2
272.1	132.1
272.1	131.7
272.1	130.4
272.1	130.4
272.3	133
272.3	135.9
272.4	136.4
272.5	142.3
272.6	143.2
272.6	143.2
272.6	143.6
272.7	141.9
272.7	139.3
272.7	138.9
272.7	138.9
272.8	141
272.8	143.6
272.9	144
273	145.3
273.1	146.6
273.3	147.4
273.3	147.8
273.4	147.8
273.5	145.3
273.5	142.7
273.5	140.2
273.5	139.8
273.4	137.2
273.4	135.1
273.4	133.4
273.5	130
273.6	129.1
273.6	127
273.6	127
273.7	127.9
273.9	130.4
273.9	130.4
274.1	132.5
274.2	133.4
274.2	134.2
274.3	131.3
274.3	130.8
274.3	130
274.3	130
274.3	129.1
274.2	126.6
274.2	125.7
274.2	123.6
274.3	122.8
274.4	122.8
274.6	123.6
274.6	124.5
274.8	124.5
275	123.2
275.1	121.9
275.1	121.9
275.2	121.5
275.3	121.5
275.3	123.6
275.3	125.7
275.3	126.6
275.1	128.7
275.1	130
275.1	130.4
275.3	131.3
275.3	133
275.3	127
275.3	129.1
275.3	129.6
275.3	130
275.5	130.8
275.6	131.7
275.6	133.8
275.6	135.1
275.6	135.9
275.6	137.2
275.6	137.6
275.7	138.5
275.7	139.8
275.7	140.6
275.8	142.7
275.8	143.2
275.9	144.4
276	145.3
276.1	145.7
276.1	143.2
276.1	140.6
276.2	138.5
276.3	135.5
276.4	133.4
276.4	132.5
276.5	133.4
276.5	133.8
276.5	135.9
276.5	135.9
276.5	133.8
276.6	133
276.6	132.1
276.6	131.3
276.7	130.8
276.7	130.8
276.7	129.6
276.8	128.7
277	126.6
276.9	128.7
277	130
277.1	129.6
277.3	128.3
277.3	126.6
277.4	126.6
277.4	127.4
277.5	129.6
277.5	131.3
277.5	131.7
277.6	131.7
277.7	132.1
277.8	131.7
277.9	128.7
278	127
278.1	125.7
278.1	124.9
278.1	124
278.1	121.9
278.1	120.2
278.3	119.4
278.3	118.5
278.3	118.1
278.3	120.2
278.3	120.2
278.3	118.1
278.5	116.8
278.5	115.5
278.5	116
278.6	118.9
278.7	120.6
278.7	121.5
278.7	122.3
279	123.6
279	123.6
279.1	121.9
279.2	119.4
279.2	117.7
279.2	116
279.2	116
279.3	116
279.2	119.8
279.2	121.9
279.2	123.6
279.2	123.6
279.2	125.7
279.4	127
279.4	127
279.5	126.2
279.6	125.7
279.6	124
279.8	121.9
279.9	122.3
279.9	123.2
280	124
280	124.9
280.1	125.3
280.2	124
280.2	123.6
280.3	122.3
280.3	120.2
280.4	119.4
280.4	121.1
280.5	122.8
280.5	123.2
280.6	124.5
280.6	125.7
280.8	125.7
280.9	126.2
280.9	124
280.9	121.5
280.9	120.2
280.9	120.2
281	119.4
281	117.7
281.1	116
281.2	115.5
281.3	116.4
281.4	118.5
281.5	119.8
281.6	119.4
281.6	118.1
281.7	117.7
281.8	116.8
281.8	116.4
282	117.7
282	120.2
282	122.3
282	122.8
282.1	124
282.2	125.3
282.3	126.2
282.5	127
282.7	124
282.7	123.6
282.7	121.9
282.7	119.8
282.7	118.1
282.7	116.8
282.7	115.1
282.7	114.3
282.7	112.6
282.7	114.7
282.7	118.1
282.7	119.4
282.7	120.6
283	122.3
283.2	124.5
283.2	125.3
283.2	125.7
283.4	122.8
283.4	120.6
283.4	118.5
283.5	117.7
283.6	116.4
283.8	116.4
283.9	117.7
283.9	119.4
284	121.9
284	123.6
284	124
284	125.3
284.1	127
284.1	128.3
284.2	130.4
284.2	131.7
284.3	133.4
284.4	134.7
284.4	135.1
284.4	132.5
284.4	131.7
284.4	128.7
284.4	126.6
284.4	124.9
284.4	124.9
284.5	122.8
284.6	121.5
284.6	120.2
284.7	119.8
285	122.3
285.1	124.9
285.1	126.6
285.1	128.3
285.1	129.1
285.1	129.6
285.1	130.8
285.1	131.3
285.1	132.1
285.1	133.8
285.2	134.2
285.2	134.7
285.2	133.4
285.4	130.8
285.4	129.1
285.5	127.9
285.7	126.6
285.9	125.3
286	124.9
286.1	127
286.1	129.6
286.1	131.3
286	133.4
286	133.8
286	135.5
286.1	136.4
286.2	136.8
286.4	136.8
286.4	135.9
286.4	133.4
286.7	132.1
286.8	129.6
286.7	128.7
286.6	127.4
286.6	126.2
286.6	125.7
286.6	124.9
286.8	124
286.9	123.6
286.9	123.6
286.9	125.3
287	125.7
287.1	125.3
287.2	123.6
287.2	123.2
287.5	121.1
287.5	119.4
287.4	116.4
287.4	114.7
287.4	114.3
287.4	113.4
287.7	116.4
287.8	118.1
287.9	119.4
288	122.3
288	124
288	124.5
288	125.7
288	125.7
288	127
288	128.7
287.9	131.3
288	133.4
288	133.8
288	134.2
288.1	134.2
288.2	134.2
288.3	135.5
288.3	133.4
288.3	133
288.4	131.3
288.4	130
288.4	128.3
288.5	127
288.7	128.7
288.9	130.4
289	132.1
289	132.5
289.1	133.8
289.1	135.1
289.3	136.8
289.4	137.2
289.8	137.2
289.7	134.7
289.6	133
289.6	131.3
289.6	129.1
289.6	127.4
289.6	127
289.6	125.7
289.7	124.9
289.7	122.8
289.7	121.1
289.7	120.2
289.8	119.4
289.8	119.4
289.8	119.8
290.2	122.3
290.2	124
290.2	124.5
290.2	126.2
290.2	128.3
290.3	130
290.6	132.1
290.6	133
290.6	132.5
290.7	130
290.7	129.6
290.7	127.9
290.7	127
290.7	125.3
290.7	124.9
290.7	123.6
290.7	123.2
290.7	122.8
290.9	121.9
290.9	121.5
290.9	121.5
291.1	121.1
291.2	121.1
291.4	123.2
291.6	124.5
291.7	123.6
291.7	121.5
291.7	119.4
291.8	118.9
291.8	116.8
291.8	116.4
291.9	115.1
291.9	115.1
291.9	115.1
292	114.7
292.1	116.8
292.2	118.9
292.2	119.4
292.4	122.3
292.4	122.3
292.4	123.6
292.4	123.6
292.4	124.5
292.5	126.2
292.8	127.9
292.9	128.3
292.9	130
292.8	130.4
292.8	132.1
292.7	132.5
292.8	135.1
292.9	135.5
293.1	136.8
293.2	138.5
293.2	138.9
293.2	140.2
293.2	141.5
293.1	143.6
293.1	145.3
293.1	147.4
293.2	148.7
293.2	150
293.3	151.7
293.3	153.8
293.4	155.1
293.5	154.2
293.5	149.5
293.5	147.4
293.6	143.6
293.7	143.2
293.8	141
293.7	135.9
293.7	131.3
293.7	126.2
293.7	123.6
293.7	120.6
293.7	117.2
293.6	112.6
293.9	105.8
293.9	100.7
293.9	98.1
294.1	95.6
294.1	93
294.2	90.5
294.2	90.1
294.2	85.8
294.5	80.7
294.5	74.3
294.5	70.9
294.5	70.5
294.5	64.1
294.6	60.7
294.7	57.3
295	58.6
295	61.2
295.1	63.7
295.2	67.1
295.2	68.4
295.3	69.7
295.4	70.9
295.5	72.6
295.6	75.6
295.6	77.3
295.6	80.3
295.6	80.3
295.8	82.8
295.8	85.8
295.8	87.9
295.8	90.1
295.9	92.2
295.9	93
295.9	94.7
295.9	96.4
296	99
296	99
296	100.2
296	103.6
296	107
296.1	108.7
296.2	113
296.2	113.4
296.2	115.1
296.2	115.5
296.2	116.4
296.3	119.4
296.3	121.1
296.3	121.9
296.3	122.3
296.4	123.2
296.4	121.9
296.4	121.1
296.6	118.9
296.7	117.7
296.8	116.8
296.8	119.4
296.8	121.9
296.8	122.3
296.9	123.6
297	126.2
297.2	129.6
297.3	130.8
297.5	132.1
297.5	133.8
297.6	134.7
297.5	136.4
297.7	138.1
297.8	139.3
297.8	140.2
297.9	140.6
298.1	140.2
298.2	139.8
298.3	138.5
298.4	137.2
298.6	133
298.6	131.3
298.6	130
298.7	128.3
298.9	127
298.9	127
299.3	127.9
299.8	127.4
299.8	124.5
299.8	124
299.3	129.1
299.5	126.2
299.5	125.3
299.6	123.6
297.8	132.5
297.8	133.8
297.9	136.8
298	137.2
298	137.6
298.2	138.9
298.2	139.3
298.2	139.8
298.3	139.8
298.5	139.8
298.6	139.8
298.8	139.8
298.9	138.9
298.9	137.6
298.9	135.1
298.9	134.2
299	132.5
299	132.1
299.1	131.3
299.1	130.4
299.1	129.6
299.2	128.3
299.2	127.4
299.6	128.7
299.7	127
299.8	124.5
299.8	124
299.9	122.8
300.2	127
300.3	131.7
300.3	133.4
300.3	135.1
300.3	132.1
300.5	130
300.6	130
300.6	133
300.9	134.7
300.9	135.9
300.9	135.9
301	134.2
301.1	132.5
301.2	135.5
301.3	135.9
301.3	135.1
301.4	132.5
301.5	131.3
301.5	131.7
301.5	134.7
301.6	135.9
301.8	138.1
301.9	138.5
302	138.5
302.1	135.5
302.1	133.4
302.2	131.7
302.3	130
302.3	129.1
302.3	127.4
302.4	126.6
302.7	126.6
302.8	128.7
303	132.5
303	135.9
303.1	136.4
303.1	138.5
303.1	140.2
303.2	140.6
303.3	140.2
303.3	138.5
303.3	136.4
303.3	135.9
303.3	134.2
303.3	131.7
303.4	131.7
303.7	133.8
303.8	135.9
303.9	138.5
304.1	140.6
304.2	141.9
304.2	142.3
304.2	142.7
304.2	141.5
304.2	139.3
304.2	138.9
304.2	137.6
304.4	135.9
304.4	133.4
304.4	133
304.4	131.7
304.4	131.3
304.4	130
304.4	128.3
304.2	125.3
304.2	123.6
304.2	122.3
304.8	123.2
305	127
305	129.1
305	129.6
305	132.5
305	135.9
305	136.8
305	138.5
305	139.3
305.2	141
305.4	140.6
305.4	140.2
305.6	138.9
305.8	136.8
305.8	134.7
305.9	132.5
306	131.3
306.2	133.4
306.2	135.1
306.2	135.1
306.4	133.8
306.5	133
306.6	133.4
306.8	136.4
306.8	137.6
306.9	138.5
307	138.5
307.1	138.5
307.1	138.1
307.2	139.3
307.5	141.5
307.6	141.9
307.6	140.2
307.6	141.9
307.7	144
307.7	144.4
307.8	144.9
307.9	141.9
308	139.8
308.1	137.6
308.1	134.7
308.1	134.2
308.1	133.8
308.4	133.4
308.5	135.5
308.6	136.4
308.6	135.5
308.7	135.1
308.9	135.1
309	136.4
309	135.9
309.1	135.1
309.1	134.2
309.4	132.1
309.5	133
309.5	133.8
309.5	135.5
309.5	136.4
309.5	136.4
309.5	137.2
310	138.9
310.3	139.8
310.3	137.2
310.5	136.8
310.6	136.4
310.6	135.5
310.8	133.8
310.8	133.8
310.8	132.5
310.9	131.7
311.2	131.3
311.3	133
311.5	134.2
311.8	135.1
311.9	135.9
312.1	138.5
312.3	140.2
312.4	140.6
312.6	141.5
312.5	140.6
312.5	137.6
312.8	134.7
312.8	133.4
312.8	131.3
312.9	128.3
313	128.3
313	125.7
313	123.2
313	122.8
313.2	125.3
313.4	128.3
313.4	132.5
313.4	135.1
313.4	138.9
313.4	140.2
313.4	141.5
313.4	142.3
313.7	143.2
313.8	143.6
313.9	144
314	144.4
314.1	145.3
314.1	145.7
314	143.2
314.2	138.9
314.3	138.5
314.3	137.2
314.5	135.5
314.6	133.8
314.6	133.4
314.6	133
314.6	135.5
314.7	138.1
314.8	139.3
315.1	141
315.1	143.2
315.1	143.6
315.4	142.7
315.5	141
315.5	140.6
315.6	138.9
315.8	137.2
315.8	135.5
315.9	135.1
316	133.8
316.1	135.1
316.1	136.8
316.2	137.6
316.5	139.3
316.5	139.3
316.6	138.1
316.8	136.4
316.9	135.5
316.9	136.8
316.9	138.5
316.9	139.3
316.9	138.9
317.1	137.6
317.1	136.8
317.2	137.6
317.3	139.8
317.4	139.8
317.4	139.3
317.4	138.1
317.4	138.1
317.4	136.8
317.4	136.4
317.4	135.1
317.5	134.2
317.5	132.5
317.8	132.1
317.7	133.8
317.7	136.4
317.7	137.2
317.8	139.3
317.8	140.2
317.9	140.2
318	139.3
318.1	136.8
318.2	136.8
318.2	134.7
318.2	134.7
318.3	133
318.4	130
318.5	125.7
318.7	127
318.8	130.8
318.8	133.8
318.8	135.9
318.8	136.4
318.9	135.5
319	135.5
319.2	133.4
319.2	133.4
319.4	130.4
319.4	130.4
319.5	134.2
319.5	137.2
319.5	138.1
319.5	140.2
319.5	141.5
319.7	144.4
319.7	144.9
319.8	146.1
320	147.8
320	148.7
320.1	147.8
320.2	144.4
320.2	141.9
320.2	138.9
320.2	138.5
320.2	136.8
320.4	135.9
320.8	138.5
320.7	135.9
320.7	135.1
320.8	133.8
320.9	133.4
320.9	132.1
321.1	130.4
321.4	129.6
321.6	132.1
321.6	133.8
321.6	134.7
321.8	133.4
321.9	133
322	134.7
322.1	135.9
322.1	136.4
322.3	137.6
322.3	137.6
322.5	138.1
322.6	138.9
322.6	139.3
322.8	140.2
323.1	140.6
323.1	140.6
323.1	141
323.1	141.5
323.3	140.2
323.3	139.3
323.3	137.6
323.3	136.4
323.5	135.1
323.6	134.7
323.8	133.8
323.9	133.8
324	137.2
324.1	138.9
324.2	139.8
324.4	140.6
324.4	141.5
324.4	143.2
324.4	144.4
324.4	144.4
324.5	147
324.7	149.1
325	150.4
325	151.7
325	152.1
325.3	150.8
324.8	150.4
325	152.5
325	152.5
325	152.5
325.1	152.1
325.2	150.8
325.2	149.1
325.2	148.7
325.2	146.1
325.2	143.6
325.2	142.7
325.3	141.5
325.3	139.8
325.3	139.3
325.1	141
325.3	140.6
325.3	140.2
325.4	140.2
325.4	143.2
325.6	144.4
325.8	145.3
325.8	145.3
325.8	144
325.8	142.3
325.8	141.9
325.9	140.2
326	137.6
326.2	134.7
326.5	136.4
326.5	133.8
326.6	133
326.6	134.2
326.7	134.7
326.7	135.9
326.8	136.8
326.9	137.6
326.9	138.1
326.9	138.5
327.1	139.8
327.2	140.2
327.2	141.5
327.2	142.3
327.3	143.2
327.4	143.6
327.4	144
327.4	145.3
327.4	145.7
327.5	146.6
327.4	147.4
327.4	148.3
327.4	149.1
327.5	149.5
327.5	150
327.6	150.4
327.7	150.8
327.7	148.3
327.9	147.4
327.9	147
328	144.9
328	143.2
328	141.9
328	141
328.1	141
328.2	139.8
328.2	138.5
328.4	135.5
328.4	135.5
328.6	134.7
328.7	135.1
328.7	136.8
328.7	138.1
329	139.8
329.1	141.5
329.1	142.3
329.1	143.2
329.2	142.7
329.3	140.6
329.4	141.5
329.4	143.2
329.4	144
329.4	144
329.5	145.7
329.8	146.1
329.8	147.4
329.8	147.8
330.1	145.3
330.1	144.9
330	144.4
330	144.9
330	147.4
330.2	148.7
330.5	148.3
330.6	147.8
330.6	147
330.7	144.9
330.8	143.6
330.9	142.7
330.9	141.5
331	140.6
331	141.5
331.1	143.6
331.1	143.6
331.3	142.3
331.3	141.5
331.4	141.5
331.4	142.7
331.4	143.2
331.5	144.9
331.7	145.7
331.8	145.7
331.8	145.7
331.8	144.4
331.8	143.6
331.9	142.7
332.1	140.2
332.2	139.3
332.3	138.1
332.5	137.6
332.7	138.5
332.8	139.8
332.8	140.6
332.8	141
332.8	142.7
333	144
333.1	146.1
333.3	146.6
333.3	146.6
333.5	145.3
333.6	142.7
333.4	141.9
333.4	145.3
333.5	146.6
333.6	147.4
333.6	148.3
333.7	149.1
333.8	149.1
334	147.8
334	145.3
334	143.2
334	141.9
334.1	140.6
334.1	139.8
334.1	138.9
334.2	137.6
334.3	138.5
334.5	141
334.6	141.5
334.7	139.8
334.7	139.3
334.7	138.1
334.7	137.2
334.7	135.9
334.8	134.2
334.9	134.2
335	133.4
335.1	132.1
335.2	131.7
335.2	131.3
335.3	130.4
335.3	130.4
335.5	130
335.5	130
335.6	128.7
335.7	128.7
335.7	127.9
335.7	127.9
335.7	126.6
335.8	125.7
336	123.6
336	123.2
336.1	125.3
336.1	128.3
336.1	129.1
336.1	130.8
336.4	133
336.4	134.2
336.4	134.7
336.4	136.8
336.3	138.1
336.4	138.9
336.5	138.9
336.5	138.9
336.7	138.5
337	135.5
337.1	134.2
337.1	133.8
337.1	133.4
337.1	137.2
337.1	138.1
337.1	138.5
337.5	138.9
337.7	139.3
337.8	139.8
337.9	140.2
337.9	141
337.9	141.5
338	142.3
338.3	143.6
338.6	144.4
338.6	144.9
338.7	145.3
338.7	146.1
338.8	144.4
338.8	144.4
338.9	141.9
338.9	139.8
338.9	138.9
339	138.1
339.1	136.8
339.1	139.3
339.2	141.9
339.4	143.6
339.4	144
339.4	144.9
339.5	145.7
339.6	146.6
339.6	148.3
339.6	149.5
339.6	151.2
339.6	152.9
339.8	153.8
339.9	154.2
339.9	152.9
340	149.5
340.2	147.8
340.3	147.4
340.6	146.6
340.6	144.9
340.6	143.6
340.6	141.9
341	139.3
341	139.3
341.1	138.5
341.1	138.1
340.6	140.2
340.8	138.1
340.9	137.2
340.9	135.9
340.9	133.8
340.9	131.3
340.9	130.8
341	131.3
341.1	133.8
341.2	135.1
341.3	135.5
341.4	136.8
341.5	139.3
341.5	140.6
341.5	142.3
341.5	143.6
341.6	144
341.7	146.6
341.7	147
341.7	147.8
341.7	149.1
341.7	149.5
341.9	148.3
341.9	146.6
341.9	146.1
341.8	144.9
342	143.6
342.2	143.6
342.3	143.2
342.4	142.7
342.4	143.2
342.4	143.2
342.3	144.4
342.3	146.6
342.3	147.4
342.4	148.7
342.5	149.5
342.5	150.4
342.6	150.4
342.8	149.1
342.8	147.4
343	146.6
343	147
343	147.8
343	148.7
343.1	148.7
343.3	146.6
343.3	144.9
343.3	142.7
343.3	141.9
343.3	140.6
343.3	140.2
343.4	138.5
343.4	137.6
343.4	137.2
343.4	139.8
343.4	139.8
343.6	138.9
343.8	138.1
343.9	136.8
343.9	135.1
344	133.8
344.1	133.4
344.2	133
344.2	131.7
344.2	130.4
344.3	128.7
344.4	127.4
344.4	127
344.4	125.7
344.8	123.2
344.7	122.3
344.7	121.5
344.7	122.8
344.7	123.6
344.7	125.7
344.8	128.7
344.8	130.8
344.8	131.7
344.8	132.1
344.9	134.2
344.9	135.1
344.9	136.4
344.9	137.2
344.9	137.6
345	138.5
345	139.8
345.1	141.9
345.1	142.3
345.1	144
345.1	145.3
345.2	146.1
345.3	147
345.3	147.8
345.3	149.1
345.3	149.1
345.3	149.1
345.5	150.8
345.5	150.8
345.5	150.4
345.5	150
345.5	147
345.7	144.9
345.8	142.7
345.8	140.6
346	139.3
346.1	138.9
346.1	141.5
346.1	142.3
346.2	141
346.3	140.6
346.4	139.3
346.5	138.9
346.6	137.6
346.8	136.8
346.8	137.6
346.9	138.9
346.9	138.5
347	136.8
347	135.1
347	134.2
347	133.4
347.3	131.3
347.3	129.6
347.3	129.1
347.3	129.6
347.3	131.3
347.5	133.8
347.6	134.7
347.7	135.5
347.7	135.9
347.7	137.6
347.8	139.3
347.8	142.3
347.8	142.7
347.8	143.2
347.9	144
348.1	144.4
348.3	143.6
348.3	141.9
348.4	141.5
348.5	139.3
348.6	138.1
348.7	136.4
348.7	135.5
348.7	134.2
348.7	133.4
348.8	132.5
348.8	131.3
348.8	130.8
348.8	129.6
348.8	129.6
348.9	128.7
349	127.9
349	127
348.9	125.7
348.9	122.8
349	122.8
349.2	122.8
349.2	122.8
349.3	124.9
349.4	127.4
349.4	129.6
349.5	133
349.5	134.7
349.7	137.2
349.7	137.2
349.7	138.1
349.7	139.3
349.6	141
349.6	142.3
349.5	143.6
349.6	145.7
349.7	147
349.7	148.7
349.8	149.5
350	149.1
350	149.1
350	145.7
350.1	146.6
350.1	149.5
350.3	151.7
350.3	151.7
350.1	149.5
350.3	150.8
350.4	152.1
350.4	153.4
350.5	153.8
350.5	153.8
350.7	152.9
350.7	151.2
350.7	150
350.7	148.3
350.7	148.3
350.7	147
350.7	146.1
350.7	143.6
350.7	142.7
350.9	140.6
350.9	138.9
351	138.5
351.3	135.1
351.3	133.8
351.2	131.7
351	129.6
351	127
351.1	127
351.4	131.3
351.4	134.2
351.4	135.9
351.4	139.3
351.4	139.3
351.4	141
351.5	142.3
351.5	144
351.5	144
351.5	144.9
351.6	145.7
351.7	147
351.7	147
351.7	146.1
351.8	145.3
351.8	144
351.9	143.6
352	143.2
352.1	142.3
352.3	141
352.3	139.8
352.3	138.5
352.4	137.2
352.5	136.8
352.7	138.1
352.7	140.2
352.7	140.6
352.7	141.5
352.7	143.6
352.7	144.9
352.7	145.3
352.8	144
352.8	143.2
352.9	142.7
352.9	142.3
353	139.3
353	138.9
353.1	137.6
353.1	137.6
353.2	135.9
353.2	135.1
353.4	134.2
353.5	132.1
353.6	131.3
353.7	131.3
353.7	132.5
353.7	134.2
353.7	134.7
353.7	135.1
354	137.2
354	137.6
354	139.3
354	139.8
354	139.8
354.2	138.9
354.3	138.1
354.4	137.6
354.6	136.8
354.6	135.9
354.7	134.7
354.7	132.5
354.9	131.7
355.1	131.3
355.1	131.7
355.2	133
355.2	135.1
355.3	135.9
355.3	137.6
355.3	138.9
355.3	140.2
355.3	140.2
355.4	141
355.5	141.5
355.6	141.5
355.6	140.6
355.7	139.3
355.7	137.2
355.7	135.9
355.9	134.7
356	136.4
356.1	139.3
356.1	139.8
356.1	141
356.1	141.9
356.2	142.3
356.2	142.3
356.2	142.7
356.3	143.6
356.3	143.6
356.4	142.3
356.4	141.5
356.5	139.3
356.6	137.6
356.6	136.8
356.6	137.6
356.6	139.3
356.6	140.6
356.7	141.9
356.9	143.6
356.9	144
357	144.4
357.1	143.2
357.1	141.5
357.1	139.8
357.1	138.5
357.1	137.2
357.1	136.4
357.1	135.1
357.1	134.2
357.1	133.8
357.2	133.4
357.3	133
357.3	131.3
357.4	129.6
357.4	128.3
357.4	127
357.4	126.6
357.4	125.3
357.6	124.9
357.6	124.9
357.7	124.5
357.9	126.2
358.2	129.1
358.2	129.1
358.2	131.7
358.2	133.8
358.1	137.2
358.1	139.3
358.1	140.6
358.2	142.3
358.6	144.4
358.6	144.9
358.6	146.1
358.6	147.4
358.7	150
358.7	150.4
358.6	152.1
358.6	152.5
358.6	153.4
358.7	152.9
358.7	151.2
358.9	149.5
359	149.5
359	148.7
359.1	147.4
359.1	145.3
359.1	144.9
359.3	143.6
359.3	143.6
359.3	141.9
359.3	141.5
359.4	140.6
359.4	139.8
359.5	138.9
359.5	138.1
359.6	136.8
359.8	135.9
359.9	134.2
359.9	133
359.9	131.7
359.9	130.8
360.1	129.1
360.1	128.3
360.1	127.4
360.2	127
360.3	126.2
360.3	126.2
360.4	125.3
360.4	124.5
360.4	123.2
360.5	123.6
360.6	124
360.6	123.6
360.7	121.9
360.8	120.6
360.8	120.6
360.8	120.6
360.8	120.6
361	121.1
361.1	123.6
361.1	125.7
361.1	127.4
361.2	127.9
361.3	132.1
361.4	135.1
361.4	136.8
361.4	137.2
361.4	138.9
361.5	142.3
361.5	144.9
361.6	145.7
361.7	144
361.7	143.6
361.7	141.9
361.8	139.3
361.9	137.2
362	136.8
362	135.5
362.1	133.4
362.2	131.7
362.3	130.4
362.4	131.3
362.5	133.4
362.5	134.2
362.6	134.2
362.7	133
362.7	131.3
362.7	129.6
362.8	129.1
362.8	127
363.2	129.1
363.3	131.3
363.4	130
363.5	127.9
363.6	126.2
363.7	124
363.8	123.6
363.9	122.3
363.9	120.2
363.8	122.3
363.8	122.8
363.9	129.6
364	132.1
364.1	134.7
364.1	137.2
364.1	138.5
364.1	138.9
364.5	138.1
364.4	135.1
364.4	132.5
364.5	131.7
364.5	130.8
364.5	129.1
364.6	127.9
364.7	127
364.8	125.3
364.9	122.3
364.9	120.2
364.9	118.1
365.1	118.5
365.1	118.9
365.1	118.9
365.3	119.4
365.3	118.5
365.3	116.8
365.3	116.4
365.3	114.7
365.3	114.7
365.3	114.3
365.3	113.4
365.3	112.6
365.5	110.9
365.5	108.3
365.5	107
365.5	107
365.5	105.3
365.6	103.2
365.7	101.9
365.7	100.2
365.7	101.9
365.7	102.8
365.9	103.6
366	103.6
365.9	101.9
365.9	101.1
365.9	99.4
365.9	99
366.1	97.7
366.2	96
366.4	93.9
366.5	94.3
366.5	96.8
366.5	99.4
366.6	100.7
366.7	103.2
366.7	107
366.8	107.5
366.9	113
366.9	113.4
366.9	119.8
366.9	122.8
367	125.7
367.1	129.6
367.3	132.1
367.3	133.4
367.2	136.4
367.2	138.9
367.2	139.3
367.2	140.2
367.4	141
367.5	141.5
367.6	140.2
367.7	137.2
367.9	135.9
368.1	136.4
368.2	136.8
368.3	139.8
368.4	141.5
368.5	138.9
368.5	135.9
368.5	133.4
368.6	132.1
368.6	130
368.8	126.6
368.8	124
369	121.5
369.2	117.7
369.3	116
369.4	114.3
369.5	113.8
369.8	113.4
370	113.4
370	112.6
370	110.9
370	110
370	109.2
370	107.9
370	105.8
370	104.9
370.3	103.6
370.3	102.4
370.3	99.8
370.3	99.8
370.4	100.2
370.5	101.5
370.5	102.8
370.8	104.9
370.8	104.9
370.8	104.9
370.8	104.1
371	103.2
371	103.2
371	104.1
371.1	105.8
371.3	107.5
371.3	107.9
371.4	108.3
371.4	108.3
371.7	106.2
371.7	104.5
371.7	104.1
371.7	102.4
371.7	100.7
371.6	99
371.6	99
371.6	99.8
371.6	101.5
371.6	102.4
371.8	104.5
371.8	105.3
371.8	106.2
371.8	106.6
371.9	107
371.9	107.5
372.1	108.7
372.2	109.2
372.4	109.6
372.4	108.3
372.4	108.3
372.5	108.7
372.6	108.7
372.6	108.7
372.7	108.7
372.8	107.9
372.9	107
372.9	106.6
373	106.2
373	107
373	107.5
373.1	107.5
373.1	107.5
373.3	107.5
373.3	105.8
373.4	104.5
373.4	104.1
373.4	103.2
373.5	103.2
373.6	105.3
373.6	106.2
373.7	107
373.8	108.3
373.9	109.6
374	110.9
374.2	111.7
374.2	111.7
374.4	110.9
374.4	108.3
374.4	107.5
374.4	105.3
374.4	103.6
374.4	100.2
374.7	100.7
374.6	101.9
374.6	103.6
374.6	105.3
374.7	105.8
374.8	107
374.8	108.3
374.9	112.1
374.9	113.8
374.9	116.4
374.9	119.8
375	120.2
375	122.8
375	125.3
375	126.2
375	128.3
375	130.4
375	130.4
375.1	131.3
375.3	129.1
375.5	126.2
375.6	124.5
375.6	123.6
375.6	120.6
375.7	118.1
375.7	116
375.7	115.5
375.8	113
375.8	111.3
375.8	109.2
375.8	108.7
375.8	107.5
375.7	104.9
375.7	103.2
375.7	100.7
375.6	96.8
375.7	96.8
375.7	97.3
376	98.5
376.1	99.4
376.2	102.8
376.2	104.5
376.2	104.9
376.3	105.8
376.4	106.6
376.7	105.8
376.7	105.3
376.7	104.5
376.7	102.8
376.7	101.1
376.7	100.2
376.7	98.1
376.7	98.1
376.8	95.6
376.8	95.6
377	97.3
377.1	98.5
377.1	99.8
377.1	100.2
377.1	100.2
377.1	101.5
377.2	102.8
377.2	102.8
377.3	104.1
377.3	106.2
377.4	107.5
377.5	107.9
377.5	108.7
377.6	109.6
377.7	110.4
377.7	111.7
377.7	113.4
377.7	113.4
377.7	113.8
377.8	114.3
377.9	113.4
378	113
378.2	113.4
378.3	113.8
378.3	113.8
378.3	113
378.4	111.7
378.5	109.6
378.6	109.2
378.7	108.3
378.7	110.9
378.7	112.1
378.8	114.3
378.8	116
378.8	116
379	117.7
379.3	120.2
379.3	120.2
379.4	118.5
379.4	116.8
379.6	113.8
379.7	112.1
379.7	111.3
379.7	110.4
379.7	109.6
379.7	107.5
379.7	107.5
379.7	106.2
379.7	104.9
379.7	103.6
379.7	101.5
379.7	100.7
379.8	99
380	99
380.1	101.1
380.1	101.5
380.2	103.6
380.3	104.5
380.3	105.3
380.3	107.5
380.3	107
380.6	104.5
380.6	104.5
380.7	105.8
380.7	106.2
381	107.9
381	108.7
381	109.6
381.1	110
381.2	110
381.4	111.7
381.4	114.3
381.5	116
381.6	116.4
381.6	117.7
381.6	118.9
381.9	119.8
382.1	121.5
382.2	123.6
382.2	124
382.2	124.9
382.2	125.7
382.4	127.4
382.5	127.4
382.6	126.2
382.6	124
382.8	120.6
382.8	120.2
382.9	120.2
383	120.2
383.2	121.9
383.2	124.5
383.2	125.7
383.2	126.2
383.2	127
383.4	127.4
383.5	127.4
383.6	127.4
383.7	127
383.8	125.3
383.8	124
383.9	121.9
383.9	121.9
384	120.6
384	119.4
384.2	118.1
384.4	119.8
384.5	120.2
384.6	119.8
384.6	118.5
384.7	115.5
384.9	114.3
385	113
385	112.6
385.1	114.3
385.2	114.3
385.3	115.5
385.4	116.8
385.5	116.4
385.5	113.8
385.6	113
385.6	112.6
385.6	112.1
385.7	113.4
385.8	114.7
385.8	115.1
386	116.8
386.1	118.5
386.2	120.2
386.2	121.5
386.3	122.8
386.4	124
386.6	125.3
386.7	124.5
386.8	122.8
386.9	121.9
387	121.9
387	122.3
387.2	123.6
387.2	124.9
387.3	125.7
387.4	125.7
387.4	125.3
387.6	121.9
387.6	121.1
387.6	119.8
387.6	118.5
387.6	117.7
387.7	117.7
387.7	119.4
387.9	121.5
388	122.3
388.2	123.6
388.2	123.6
388.4	121.9
388.4	121.9
388.5	121.1
388.5	118.5
388.5	116.4
388.5	114.7
388.5	114.3
388.6	112.6
388.7	112.6
388.9	113.4
389	116.8
389	119.4
389	121.9
389.3	124
389.3	127
389.3	127.9
389.3	130
389.5	131.7
389.5	133.4
389.7	135.1
389.7	135.1
389.8	135.9
389.8	137.2
389.8	137.6
389.9	138.5
390	139.8
390.2	139.3
390.2	137.6
390.2	137.6
390.2	137.2
390.4	138.5
390.5	140.2
390.5	140.6
390.5	141.5
390.5	143.6
390.5	144.4
390.5	144.9
390.6	145.7
390.6	147
390.7	147.4
390.8	147
390.8	145.3
390.9	144
390.9	143.6
390.9	142.3
390.9	141.9
390.9	139.8
391	137.6
391	137.2
391	136.8
391.1	135.1
391.3	137.2
391.3	138.1
391.3	138.9
391.3	139.3
391.3	139.8
391.4	139.8
391.5	138.9
391.6	138.9
391.7	141
391.7	143.2
391.8	145.3
391.9	146.6
392	147.8
392.1	147.8
392.2	147
392.3	144.9
392.3	144.4
392.3	142.7
392.3	141.5
392.4	139.8
392.6	138.5
392.5	137.6
392.6	135.5
392.7	135.5
392.8	135.5
392.9	135.5
393	136.8
393	138.5
393	139.3
393	139.8
393	140.2
393	141
393.2	141.5
393.4	140.6
393.4	141.9
393.4	143.2
393.5	145.3
393.5	146.6
393.7	147.4
394	146.6
394	144
394	144
394	142.7
394	140.6
394	138.5
394	137.2
394	135.1
394	135.1
394.1	136.4
394.2	137.2
394.3	137.2
394.4	137.6
394.5	137.6
394.5	135.9
394.5	133.4
394.5	133.4
394.5	131.7
394.5	130.4
394.5	129.1
394.6	128.3
394.8	127
394.9	125.3
394.9	125.3
395	125.3
395.1	126.6
395.1	127.4
395.3	130
395.3	130.4
395.3	131.7
395.3	133.8
395.4	135.1
395.4	135.5
395.5	135.5
395.9	134.7
395.9	134.2
396.1	133.4
396.2	130.4
396.1	127
396.1	124.9
396.2	121.5
396.4	119.8
396.4	121.5
396.4	124
396.4	124.9
396.4	127.4
396.4	130.4
396.5	133
396.6	135.1
396.6	135.9
396.6	136.4
396.8	138.9
396.8	140.6
397	141.9
397.2	143.6
397.2	143.6
397.4	140.2
397.8	140.2
397.6	138.9
397.6	137.2
397.7	135.9
397.9	135.1
398	136.4
398	136.4
398	137.6
398	139.3
398	139.8
398	139.8
398	140.6
398	140.6
398.1	139.3
398.3	137.6
398.4	135.9
398.4	135.9
399	139.3
399	139.3
399	139.3
399	138.5
399.1	136.8
399.1	135.1
399.1	133.4
399.2	130.8
399.2	129.6
399.2	127.9
399.3	126.6
399.4	124.5
399.4	122.3
399.4	119.8
399.5	120.2
399.6	122.8
399.4	125.3
399.4	126.6
399.4	127.4
399.8	128.7
400.1	128.7
400.1	121.5
400.1	122.3
400.1	122.3
400.1	123.6
400.1	123.6
400.1	124.9
400.1	125.7
400.1	126.2
400.2	127
400.2	127.9
400.3	129.1
400.3	129.6
400.4	130.4
400.5	131.3
400.5	132.5
400.6	133.4
400.6	133.4
400.7	135.1
400.7	135.9
400.7	136.4
401	134.7
401	134.7
401	134.7
401	133.4
401	133.4
401	133
401	131.7
401.1	130.8
401.1	130.4
401.3	129.6
401.3	127.9
401.3	127.9
401.3	127.9
401.5	128.7
401.5	129.6
401.6	130.8
401.7	132.1
401.7	132.5
401.7	132.5
401.7	133
401.7	132.5
401.7	132.1
401.8	131.7
401.8	131.3
401.9	130.4
402	130.4
402	129.6
402.1	127.9
402.1	127.9
402.1	126.6
402.2	125.7
402.2	125.7
402.3	125.7
402.4	127.4
402.4	129.6
402.4	130.8
402.4	131.3
402.4	132.5
402.4	133.8
402.6	135.9
402.6	137.2
402.6	137.6
402.6	138.1
402.6	139.3
402.6	140.6
402.7	142.3
402.7	143.2
402.7	143.6
402.7	144.4
402.7	146.6
402.7	147.8
402.7	148.7
402.7	148.7
402.7	149.5
402.7	150
402.7	150.4
402.7	151.7
402.8	152.5
403.1	153.8
403.2	154.2
403.2	152.9
403.2	152.1
403.2	150.8
403.3	148.3
403.4	147.4
403.4	145.7
403.4	144.4
403.4	142.7
403.4	141.9
403.4	141
403.4	139.8
403.4	138.9
403.4	138.1
403.4	136.8
403.4	136.4
403.4	135.1
403.4	134.7
403.5	133.4
403.6	131.3
403.6	130.8
403.7	131.7
403.7	134.7
403.7	137.2
403.7	139.3
403.9	140.2
404	140.2
404.2	141.9
404.2	142.3
404.3	143.2
404.3	144.4
404.3	146.1
404.4	147
404.5	147.4
404.5	147.4
404.6	145.3
404.7	143.6
404.7	141.5
404.7	139.8
404.8	139.3
404.9	139.3
405	138.9
405.2	138.9
405.4	138.5
405.4	138.1
405.4	136.4
405.4	135.1
405.7	134.2
405.7	135.5
405.7	137.6
405.7	138.1
405.8	138.9
405.8	138.9
405.9	138.5
405.9	137.2
406.1	135.5
406.3	135.1
406.4	137.6
406.4	138.5
406.4	139.8
406.4	141.9
406.5	143.6
406.6	145.3
406.7	147.4
406.7	147.8
406.7	148.3
406.8	150.8
406.8	150.8
406.8	152.1
407	153.4
407	154.6
407	155.1
407	155.5
407	156.8
407	157.2
407.5	155.5
407.5	152.5
407.5	150.8
407.6	149.5
407.6	147.4
407.6	145.3
407.7	143.2
407.7	142.3
407.7	140.2
407.7	141.9
407.8	143.6
407.9	144
408.1	142.7
408.2	141.5
408.3	140.6
408.5	143.6
408.5	144
408.6	147.4
409.1	152.5
409.4	152.1
409.5	149.1
409.4	147
409.4	145.2
409.4	143.1
409.4	142.2
409.5	140.5
409.5	140.5
409.7	138.4
409.7	137.9
409.7	137.9
409.9	140.5
410	142.7
410	143.9
410.1	144.8
410.2	145.7
410.5	146.5
410.7	152.1
411	147.4
411.1	144.4
411.1	142.7
411.2	141.8
411.2	139.7
411.2	138.8
411.2	138.4
411.3	137.9
411.3	136.6
411.3	135.4
411.5	134.5
411.6	134.9
411.7	135.4
411.9	135.8
412.2	135.8
412.4	136.2
412.5	136.6
412.6	137.5
412.6	140.1
412.6	143.1
412.8	145.2
412.8	147.8
412.8	145.7
412.8	143.9
413.1	141.8
413.2	141.4
413.3	140.5
413.4	140.9
413.4	143.1
413.5	145.2
413.6	147
413.6	147.4
413.7	148.2
413.9	148.7
414.1	147.4
414.2	145.2
414.4	143.5
414.4	142.2
414.7	143.1
414.7	143.1
414.9	145.2
414.9	146.1
414.9	147
415.1	150.8
415.4	147.4
415.4	146.1
415.4	145.2
415.5	143.9
415.6	143.1
415.8	143.1
415.9	143.9
415.9	145.7
416	147
416.2	149.5
416.2	149.5
416.2	150.8
416.2	153
416.2	153.4
416.3	154.3
416.3	155.1
416.4	156
416.5	156.8
416.5	156.8
416.5	155.1
416.5	152.5
416.5	151.3
416.5	149.1
416.5	147.8
416.6	146.1
416.6	144.8
416.6	144.4
416.6	143.9
416.9	146.1
417.1	147.8
417.2	150
417.3	151.7
417.3	151.7
417.5	151.7
417.5	150.4
417.7	149.1
417.7	149.1
417.8	149.1
417.9	150.4
418.2	152.5
418.2	152.5
418.3	152.1
418.4	149.5
418.4	148.7
418.4	147.4
418.3	145.7
418.3	145.2
418.4	144.4
418.4	143.1
418.6	140.1
418.6	138.4
418.6	137.1
418.7	136.2
418.9	136.2
419	138.8
419.1	142.2
419.2	144.8
419.3	145.7
419.4	146.1
419.5	147
419.6	147.8
419.7	146.1
419.8	144.4
419.8	143.1
419.9	142.7
420	140.5
420.1	139.2
420.1	137.5
420.3	136.2
420.4	134.1
420.6	134.5
420.7	137.5
420.7	140.5
420.8	143.5
420.8	144.4
420.9	145.2
421	143.9
421.1	141.8
421.1	139.7
421.1	138.8
421.2	138.8
421.4	140.1
421.6	140.9
422.2	143.1
422.4	143.9
422.4	145.2
422.4	146.1
422.5	148.2
422.9	151.3
423	151.3
423.2	150.8
423.2	147.8
423.2	145.7
423.2	144.4
423.4	145.2
423.4	142.7
423.6	142.2
423.5	146.5
423.5	148.7
423.6	151.3
423.7	152.5
423.8	154.7
423.8	155.6
423.9	156.4
424.2	158.1
424.7	155.1
424.7	154.3
424.7	153.8
424.7	151.3
424.9	149.1
425	147.4
425.1	145.2
425.2	146.1
425.2	149.5
425.2	151.7
425.4	151.3
425.6	148.7
425.6	147.8
425.6	147.4
425.6	146.1
425.8	143.9
425.8	143.1
426.1	144.4
425.8	148.3
425.8	149.1
426	150.8
426	153
426	153.4
426.2	155.1
426.3	155.5
426.5	153.4
426.7	154.2
426.7	156
426.8	158.1
427.2	158.5
427.3	157.2
427.3	155.5
427.6	153.8
427.7	151.7
427.8	150
427.9	148.3
427.9	145.3
428.3	132.3
428.2	126.4
428.2	126
428.1	119.6
428.3	111.6
428.3	111.6
428.4	101.9
428.4	94.8
428.4	82.1
428.6	72.9
428.5	64.4
428.5	64
428.3	54.7
428.5	44.6
428.7	37.9
428.7	32
428.7	22.3
428.7	22.3
428.7	19.8
428.8	17.2
428.8	14.3
428.8	13
429	10.9
429.3	10.1
429.7	9.2
429.7	10.9
429.8	11.8
430	12.2
430.3	12.6
430.6	12.6
430.8	12.2
431.2	10.5
431.4	9.2
431.6	8
431.8	7.5
432.2	8
432.5	8.8
432.6	8.8
432.8	9.2
433	9.2
433.2	9.2
433.3	9.2
433.3	8.4
433.5	7.1
433.6	8
433.7	8.8
434	9.6
434.4	9.6
434.8	8.8
435	8
435.3	8
435.4	7.1
435.7	8
435.8	8.4
435.8	8.8
435.8	8.8
436.1	8
436.2	8
436.6	6.7
436.7	5.9
437	5.9
437.1	5.9
437.3	5.4
437.7	5.9
437.8	7.5
437.9	8.4
438.2	8.4
438.3	8
438.5	7.1
438.8	6.3
439.5	6.7
439.9	6.7
440.1	5.9
440.2	5.9
440.5	6.7
440.7	7.5
441	9.2
441.5	9.6
441.5	9.6
441.6	8
442.2	8.4
442.7	8.8
442.9	8.8
443.3	8
443.5	6.7
443.6	5.4
444	5.4
444.1	5.4
444.3	6.3
444.7	6.7
444.8	7.1
445.2	8.4
445.4	9.2
445.4	9.6
445.4	10.1
445.7	11.8
445.9	12.2
446.1	11.8
446.3	9.6
446.3	8.8
446.4	8.4
446.4	8
446.8	9.2
446.9	9.2
447	9.6
447.2	9.6
447.4	9.2
447.1	9.2
447.4	7.5
447.4	6.7
447.7	6.3
448.3	6.7
448.4	7.5
448.4	8
448.5	8.8
448.6	9.6
448.9	10.5
449	10.5
449.5	10.5
449.7	10.5
450	10.5
450.4	9.6
450.6	8.4
450.8	7.1
451.1	6.3
451.1	7.1
451.4	7.1
451.7	7.1
451.7	7.5
451.9	8.8
452.2	10.5
452.2	11.3
452.3	11.3
452.6	11.3
452.9	10.1
453.3	8.8
453.5	9.6
453.7	11.3
453.8	11.3
454	12.2
454.1	12.2
454.3	11.8
454.4	10.1
454.5	9.6
454.7	9.6
454.7	9.6
454.9	8.8
455.2	8.4
455.3	9.2
455.4	10.5
455.5	11.3
455.7	11.3
455.9	10.1
456.3	9.2
456.6	9.2
456.6	11.3
456.8	11.3
457	11.3
457.1	9.6
457.2	9.2
457.6	10.1
457.6	10.5
457.6	10.9
457.8	11.3
458	9.2
458.3	8.8
458.6	8.4
459	8
459	8
459.3	8.8
459.4	10.5
459.5	11.8
459.6	12.6
460.3	11.8
460.8	11.3
460.9	10.1
461	8.8
461.4	7.1
461.7	7.1
462.1	8
462.4	9.6
462.6	9.6
463.3	9.2
463.9	8.8
464.3	8.8
464.5	8.8
464.8	8.8
464.9	8.4
465.1	7.5
465.5	7.5
465.6	9.2
465.7	9.6
466	8.4
466.3	7.1
466.5	7.1
466.6	7.5
466.8	8.8
466.9	10.1
467.2	10.5
467.5	10.1
467.5	8.8
467.5	8.8
467.7	8.4
467.9	9.6
468	10.1
468.3	10.9
468.5	10.1
468.5	9.2
469.1	9.2
469.5	10.9
469.7	13.4
469.8	16.4
470.1	19.8
470.1	20.6
470.1	22.7
470.3	26.9
470.3	27.3
470.4	29.9
470.4	34.5
470.4	36.6
470.8	34.9
470.8	32
470.9	31.6
471.3	35.4
471.5	43.4
471.7	44.6
472	49.3
472.2	53.9
472.3	57.7
472.3	60.6
472.3	61.1
472.2	63.6
472.4	64.8
472.4	65.3
472.4	58.9
472.5	56.8
472.8	56.8
473	60.6
473.2	61.9
473.3	64.8
473.4	69.1
473.4	69.1
473.4	71.2
473.4	72.4
473.4	73.7
473.6	75.8
473.8	75.4
473.9	71.6
474.3	75.8
474.3	76.6
474.2	77.9
474.3	79.6
474.4	80.9
474.5	82.1
474.5	82.1
474.6	77.9
474.6	75.4
474.8	75
475	73.3
475.1	71.2
475.1	73.3
475.2	75.8
475.2	77.5
475.3	79.2
475.5	81.3
475.8	81.7
475.9	81.3
475.9	78.8
475.9	76.2
475.9	73.7
475.9	72.4
475.9	70.3
475.9	68.6
475.9	68.2
475.9	66.5
475.9	66.1
475.8	62.7
475.8	61.5
475.8	58.5
475.9	58.1
475.9	56.4
476	55.6
476	53.9
476	52.2
476.1	51.8
476.2	50.5
476.3	49.3
476.4	45.9
476.4	45.5
476.7	50.9
476.7	51.4
476.7	56
476.7	58.9
476.7	65.7
476.7	69.1
476.8	70.7
476.9	73.3
477	74.5
477.2	73.7
477.3	72.9
477.4	70.7
477.5	69.1
477.6	68.6
477.9	73.7
478	76.2
478.2	79.2
478.4	82.1
478.4	82.5
478.4	81.3
478.4	80.4
478.4	76.6
478.4	74.1
478.4	70.7
478.5	69.5
478.6	67.4
478.7	64
478.8	61.5
478.8	59.4
479	58.5
479.3	60.2
479.3	59.4
479.4	58.5
479.4	56.4
479.4	56.4
479.6	58.5
479.8	59.4
480.1	65.7
480.2	67.4
480.3	69.9
480.4	76.2
480.4	76.6
480.5	78.8
480.6	82.1
480.6	86.8
480.6	91.4
480.6	92.7
480.7	90.6
480.9	86.3
481	83.8
481	82.5
481.2	82.5
481.3	86.3
481.3	86.8
481.4	84.7
481.4	82.1
481.4	81.7
481.6	83
481.7	84.7
481.8	84.7
481.9	85.1
482.1	81.3
482.2	80
482.5	83.8
482.5	78.3
482.5	75
482.5	74.5
482.8	70.7
482.7	68.6
483	67.4
483	62.7
483.1	60.2
483.2	56
483.3	52.6
483.4	50.9
483.4	47.6
483.5	44.2
483.6	39.1
483.6	39.1
483.6	36.2
483.7	31.6
483.9	29
484.3	28.2
484.4	29.5
484.5	31.6
484.5	34.5
484.8	38.7
484.8	44.6
484.8	52.6
484.8	53
485	58.1
485.2	63.2
485.2	67.8
485.3	71.2
485.3	75.4
485.3	79.2
485.3	79.6
485.4	85.5
485.3	92.2
485	101.5
485	107.8
485.5	110.4
485.5	114.6
485.5	119.6
485.5	120.1
485.7	125.1
485.7	125.5
485.7	127.6
485.8	132.3
485.8	132.7
485.9	137.7
486.1	145.3
486.1	147.4
485.8	150.8
485.7	154.6
486	157.1
486	152.1
486	145.3
486.2	139.9
486.1	134
486.2	127.2
486.2	126.4
486.2	121.7
486.1	113.3
486.1	107.4
486.1	103.2
486.1	96.5
486.1	93.1
486.2	87.2
486.1	81.7
486.1	72.4
486.1	71.6
486.1	69.1
486.2	64
486.3	58.9
486.5	55.2
486.5	50.1
486.4	45.9
486.4	42.5
486.4	38.3
486.4	37.9
486.4	35.4
486.6	33.2
487.1	35.4
487.1	38.7
487.1	45
487.1	50.9
487.1	51.4
487.2	57.7
487.3	63.6
487.4	68.6
487.5	75.8
487.5	80.9
487.6	89.7
487.6	90.1
487.6	94.3
487.7	104
487.7	109.9
487.8	112
487.9	114.6
488	115.8
488	121.3
488	123.8
488	125.5
488	128.1
488.1	128.9
488.2	123.8
488.4	119.2
488.4	118.8
488.4	114.6
488.4	113.3
488.4	117.1
488.8	121.3
488.5	116.7
488.5	112.9
488.6	111.6
488.6	107.4
488.7	102.8
488.8	102.4
488.7	100.7
488.7	99
488.8	96.9
488.9	94.3
488.9	92.2
488.9	90.1
488.9	89.7
488.9	88
489	85.1
489	84.7
489	85.9
489.3	88.9
489.3	91.4
489.3	93.1
489.3	96
489.3	98.1
489.3	101.9
489.3	102.8
489.3	103.2
489.3	106.1
489.3	107
489.3	107
489.4	106.1
489.6	103.2
489.6	99.8
489.6	97.3
489.7	95.6
489.7	92.2
489.7	89.7
489.7	86.8
489.6	83
489.6	81.3
489.6	77.9
489.7	75.8
489.8	73.3
489.8	69.5
489.8	67.4
489.9	64.8
489.9	64.4
490	62.3
490	59.8
490	57.7
490	56.8
490	55.2
490	54.3
490	53.9
490	52.2
490	50.5
490	48
490	47.6
490	47.6
490	45.5
490	43.4
490	41.7
490	39.6
490.1	37.9
490.3	35.8
490.3	35.4
490.3	35.4
490.5	35.4
490.6	35.8
490.8	35.8
490.9	33.7
490.9	32.8
491	31.1
491.1	29
491.1	28.6
491.1	26.5
491.1	24.8
491.1	23.1
491.3	23.1
491.6	24.8
491.6	27.3
491.6	27.8
491.7	29.5
491.7	31.6
491.7	32.4
491.8	32
491.9	29.9
492	27.8
492.1	26.9
492.1	25.2
492.2	26.1
492.2	26.9
492.3	28.6
492.5	30.7
492.6	32.4
492.7	35.8
493	37
493	37.5
493	34.1
493.1	31.1
493.1	29.9
493.1	28.6
493.2	26.9
493.3	26.5
493.3	25.2
493.2	23.1
493.2	21.4
493.2	21.4
493.3	21.4
493.9	23.6
494	25.7
494	27.8
494	30.7
494	31.6
494	33.7
494	36.6
494	39.1
494.1	41.7
494.2	42.9
494.2	42.9
494.2	44.2
494.4	45.9
494.4	47.1
494.4	48
494.5	51.4
494.7	53.5
494.9	55.6
494.9	56.4
494.9	58.1
494.9	58.5
494.9	59.8
494.9	60.2
494.9	61.1
495.5	60.6
495.4	60.2
495.6	58.9
495.8	56
495.8	54.7
495.9	53
496.2	51.8
496.3	50.5
496.3	50.1
496.5	49.3
496.5	48
496.7	45.9
496.7	44.2
496.7	41.3
497	39.1
497.2	37.5
497.4	35.4
497.4	35.4
497.5	34.9
497.7	37
497.8	37
498	39.6
498.1	42.5
498	43.8
498.2	42.1
498.6	40.8
498.8	40.8
498.9	41.7
498.9	43.8
498.8	44.2
499.3	43.8
499.4	42.9
499.6	46.7
499.6	48.8
499.6	50.1
499.6	53
499.6	57.3
499.7	60.2
499.8	62.3
500	63.6
500.2	62.3
500.2	58.9
500.4	58.5
500.4	58.1
500.5	57.7
500.5	56
500.3	59.8
500.3	58.1
500.3	57.3
500.4	56.8
500.4	56
500.6	54.7
500.6	52.6
500.6	51.8
500.7	50.5
500.7	49.3
500.8	48.8
500.9	48.4
501.1	48
501.1	47.6
501.2	47.6
501.3	48.4
501.5	50.5
501.5	50.5
501.6	52.2
501.7	53.9
501.7	53.9
501.8	55.2
501.9	55.6
502	55.6
502.2	54.3
502.2	52.2
502.4	50.9
502.5	50.5
502.8	53
502.9	54.7
502.9	56.4
502.9	57.3
503	57.7
503.2	58.1
503.3	55.2
503.4	56.8
503.4	58.1
503.6	58.5
503.7	56.8
503.8	56.4
503.9	56
504	54.7
504.3	53
504.3	51.8
504.3	51.4
504.4	50.5
504.8	49.7
505.1	49.3
505.2	48.8
505.3	48.8
505.4	50.1
505.5	50.1
505.5	52.2
505.6	52.6
505.6	53.5
505.7	53.9
505.7	53.9
506	53
506.1	52.6
506.2	54.3
506.3	54.3
506.4	52.2
506.4	50.1
506.5	48.8
506.6	48.8
506.9	48.8
506.9	51.4
507	53
507.1	51.8
507.2	53.5
507.3	55.6
507.5	58.1
507.6	60.2
507.8	61.1
507.9	61.5
507.9	61.9
507.9	62.7
507.9	63.6
508	64.4
508.3	63.2
508.3	62.3
508.3	60.6
508.5	58.9
508.8	61.5
508.8	62.7
508.9	62.7
508.9	62.3
509	59.8
509	58.5
509.1	56.8
509.3	56
509.6	56.8
509.7	58.5
509.9	58.9
510.3	58.9
510.5	58.9
510.6	58.9
510.8	59.4
510.8	59.8
510.8	61.5
510.9	62.7
511	64
511.1	64
511.1	64
511.1	64.8
511.2	65.7
511.2	66.1
511.4	67
511.5	67
511.6	68.6
511.6	69.1
512	67.8
512	66.1
512.2	66.1
512.2	64.4
512.3	63.6
512.5	63.6
512.8	64
513	64.4
513.1	63.2
513.1	62.7
513.1	61.9
513.2	61.1
513.2	59.8
513.2	58.5
513.4	57.7
513.5	56.8
513.6	56
513.8	55.2
513.9	53.5
514.1	52.2
514.1	52.2
514.2	54.3
514.3	58.1
514.4	59.4
514.4	61.1
514.4	62.7
514.4	63.6
514.6	64.8
514.7	66.5
514.9	68.2
515.2	69.5
515.3	69.1
515.3	66.1
515.3	65.7
515.3	63.6
515.3	61.9
515.3	60.2
515.5	58.9
515.7	59.8
515.7	62.7
515.7	64
515.7	65.7
515.7	67
515.7	67
515.7	68.6
515.7	69.5
515.8	71.2
515.9	72.4
516.1	72.9
516.2	71.2
516.3	69.1
516.3	67
516.3	66.5
516.3	65.7
516.4	63.6
516.5	62.3
516.6	61.1
516.6	59.4
516.6	59.4
516.7	58.5
516.8	56.8
516.9	56.4
517.4	58.9
517.4	62.7
517.4	63.6
517.4	65.3
517.7	68.6
517.7	68.6
517.8	71.2
517.7	73.3
517.7	75.4
517.7	75.4
517.7	78.8
517.7	79.6
518	85.1
518	86.3
518	87.6
518.1	89.7
518.1	92.2
518.1	92.2
518.2	93.9
518.3	93.9
518.3	94.3
518.4	92.2
518.4	89.7
518.4	87.6
518.4	86.3
518.4	85.9
518.4	84.2
518.5	82.5
518.6	80.9
518.7	78.8
518.8	76.6
518.8	76.6
518.9	76.2
518.9	77.1
518.9	77.5
519	80
519.1	87.2
519.2	89.3
519.2	89.7
519.2	90.6
519.3	91.4
519.3	92.2
519.4	92.7
519.5	88.9
519.7	84.7
519.8	82.1
519.8	81.3
519.8	79.6
519.8	77.9
519.9	75.4
520.1	72.4
520.1	69.5
520.2	67.8
520.3	67.4
520.3	65.7
520.3	65.3
520.3	61.9
520.4	58.5
520.3	56.8
520.2	56.4
520.1	55.2
520.2	52.6
520.4	49.7
520.5	49.3
520.5	48
520.5	47.6
520.6	45
520.6	41.3
520.6	39.6
520.8	38.7
520.9	38.3
521	37.9
521	36.6
521	35.8
521	32.8
521.1	31.6
521.2	31.1
521.2	31.1
521.2	29.9
521.3	28.6
521.5	26.1
521.6	27.3
521.8	29.9
521.8	30.7
521.8	34.1
522	37
522	37.5
522.2	37.5
522.3	34.9
522.3	32.8
522.4	29.9
522.7	27.3
522.7	26.5
522.8	24.8
522.9	23.1
522.9	23.1
523	22.3
523.4	24
523.5	25.7
523.6	25.7
523.7	24.8
523.8	23.1
524.3	21.4
524.5	22.7
524.5	23.1
524.6	25.7
524.7	28.2
524.9	29.5
525.3	31.6
525.5	32
525.7	31.6
525.7	30.7
525.9	28.2
525.9	27.3
526.2	25.2
526.6	25.7
526.6	28.6
526.8	29.9
527.3	31.1
527.4	29.9
527.4	27.8
527.8	24
528.1	24
528.2	24.8
528.2	26.9
528.2	26.5
528.4	27.3
528.5	29.9
528.6	32.4
528.7	32.8
528.6	34.1
528.6	36.2
528.6	38.3
528.6	42.9
528.6	47.1
528.7	48
528.7	49.7
529	54.7
529.2	56.4
529.2	57.7
529.3	57.7
529.6	54.3
529.7	55.2
530.5	59.8
530.6	60.6
530.7	63.2
530.8	67
530.8	71.2
530.8	78.3
530.8	80.9
530.9	82.5
530.9	84.7
530.9	85.9
530.9	86.3
530.9	87.6
531.1	88.4
531	85.5
531.1	81.7
531.2	79.2
531.3	78.3
531.3	76.2
531.4	73.3
531.5	70.7
531.5	70.7
531.8	72.9
531.9	77.9
531.9	80.4
531.9	80.4
531.9	82.5
532	82.5
532.1	80
532.1	78.3
532.1	77.5
532.2	77.5
532.3	78.3
532.3	79.6
532.4	76.6
532.4	78.8
532.5	80
532.6	83.8
532.6	87.6
532.6	92.7
532.8	96
532.9	97.7
532.9	100.2
533.3	99.4
533.3	99.4
533.4	101.1
533.4	104.9
533.5	110.4
533.5	110.8
533.6	116.7
533.6	117.9
533.9	127.6
533.9	129.7
533.9	138.6
534	142.4
534	142.4
534	142.4
534.1	146.2
534.1	148.7
534.1	151.2
534.1	153.8
534.1	155.4
534.1	157.1
534	151.7
534	152.5
534.1	155.9
534.2	156.7
534.4	157.1
534.7	157.1
534.9	156.3
535	152.5
535	152.1
535	149.5
535.1	146.6
535.1	146.6
535.1	142.4
535.3	139
535.5	133.5
535.6	131
535.6	126.8
535.7	116.7
535.8	116.7
535.9	112.9
535.7	107.8
535.7	104
535.7	101.1
535.8	98.6
535.9	96.5
535.9	96.5
536	92.2
535.9	90.1
535.9	88.4
536	86.3
536	82.5
536.1	82.5
536.1	80
536.1	74.5
536.3	67.4
536.3	61.1
536.4	56
536.4	48.4
536.5	41.7
536.5	37.9
536.6	37.9
536.6	35.8
536.6	32.8
536.6	30.3
536.6	26.9
536.7	25.2
536.8	23.6
537.2	28.2
537.2	28.2
537.2	26.1
537.4	26.1
537.5	29.9
537.5	30.3
537.6	30.7
537.7	29.5
537.8	29
537.9	27.3
538.1	26.5
538.3	26.9
538.3	27.3
538.3	29.9
538.4	32
538.5	31.1
538.6	32
539	35.8
539	36.2
539.2	39.6
539.2	42.5
539.2	42.5
539.2	44.6
539.3	48.4
539.3	50.5
539.3	50.9
539.2	56
539.2	64
539.2	67.8
539.3	72
539.4	73.7
539.4	74.1
539.7	82.5
539.7	87.2
539.6	92.2
539.6	92.7
539.6	96.5
539.6	101.5
539.7	105.3
539.8	109.5
539.8	114.2
539.8	115
539.8	118.8
539.9	125.5
539.9	127.6
539.9	131.9
539.9	137.3
539.9	137.3
539.9	141.5
539.9	143.6
539.9	147
539.9	149.5
539.9	151.2
539.9	152.9
539.9	155
539.9	156.7
540.1	151.2
540.1	154.2
540.1	155.9
540.2	157.1
540.3	158
540.2	121.7
540.6	126.8
540.3	128.1
540.2	128.5
540.2	127.6
540.1	120.1
540.1	116.3
540.1	114.6
540.1	112.5
540.1	109.9
540.3	107.4
540.3	105.3
540.3	104
540.3	104
540.4	96.5
540.4	96
540.5	94.3
540.5	93.1
540.4	90.1
540.3	86.8
540.3	84.7
540.4	79.2
540.4	78.3
540.5	76.6
540.7	73.7
540.7	69.9
540.6	68.2
540.6	67.8
540.5	66.1
540.3	62.7
540.3	61.1
540.3	59.4
540.4	57.3
540.5	54.7
540.5	52.6
540.5	50.9
540.5	48.8
540.5	47.6
540.6	45.5
540.7	45
540.7	42.9
540.7	39.6
540.6	38.3
540.6	35.8
540.6	34.5
540.6	32.4
540.8	30.7
540.8	30.3
540.9	29
540.9	26.9
540.9	24.8
541	23.1
541.1	21.4
541.2	19.3
541.2	18.5
541.5	17.7
541.8	16.4
541.8	16.4
541.9	15.5
542.1	15.1
542.4	14.3
542.4	13.9
542.7	13.9
542.9	13
543.2	13.9
543.2	16
543.3	17.2
543.6	17.2
544	19.8
544.1	24
544.1	27.8
544.1	28.2
544.1	32.4
544.1	36.2
544.1	38.3
544.2	41.3
544.4	42.9
544.6	44.6
544.6	45.9
544.7	48.8
544.8	52.6
544.8	57.3
544.8	57.3
544.8	58.9
544.8	63.2
545	73.3
545	75.8
545	80.4
545.1	85.5
545.2	87.6
545.2	88
545.2	90.1
545.3	89.7
545.3	87.6
545.3	85.9
545.5	83.4
545.5	80
545.4	77.5
545.3	74.1
545.3	67.8
545.3	66.5
545.3	64.8
545.5	60.6
545.5	54.7
545.5	51.8
545.6	48.8
545.7	45
545.5	38.3
545.5	36.6
545.5	34.1
545.5	31.1
545.6	27.8
545.6	23.6
545.6	21.4
545.9	19.3
545.9	18.1
546.2	16.8
546.4	16.4
546.4	16.4
546.6	16.4
546.8	15.5
546.8	14.3
546.9	13
547.2	12.2
547.5	11.8
547.8	12.6
547.8	13
547.9	14.7
548	16.8
548.1	16.8
548.1	16.4
548.2	15.1
548.5	14.7
548.6	16
548.8	17.7
548.9	17.7
549.1	17.7
549.3	16.4
549.5	15.5
549.6	15.1
549.8	14.7
549.8	14.7
550.2	14.7
550.6	15.5
550	14.3
550.2	14.7
550.5	15.1
550.5	15.1
550.6	15.5
551	16
551.2	15.1
551	16
551.2	15.5
551.6	16.8
551.6	19.3
551.6	21
551.7	24
551.7	26.1
551.7	26.9
551.8	28.2
551.8	30.3
551.8	32.4
551.9	34.9
552	37
552	37.5
552.1	42.9
552.1	42.9
552.2	45.9
552.3	49.3
552.4	50.5
552.5	52.2
552.5	53.5
552.6	52.2
552.6	49.7
552.6	49.7
552.6	47.6
552.8	43.4
552.8	41.3
552.8	39.1
552.8	37
552.8	36.6
552.8	34.5
552.8	32.4
552.8	30.3
552.8	28.2
552.8	26.1
552.8	24.4
552.8	21.4
552.8	19.3
552.8	18.5
553.1	18.9
553.2	19.3
553.3	21
553.3	21.4
553.6	24
553.6	25.7
553.7	28.2
553.8	28.6
553.9	30.3
553.9	29.9
554	26.9
554	25.2
554.1	23.6
554.3	22.3
554.4	20.2
554.4	18.5
554.5	16.4
554.5	16
554.5	14.7
554.5	14.3
554.5	13.4
555	14.3
555	14.3
555.2	16.4
555.3	18.1
555.4	19.8
555.7	22.7
555.8	24.4
556.2	26.9
556.2	27.8
556.2	28.2
556.5	27.8
556.5	26.9
556.5	24.8
556.5	21.4
556.5	21
557.1	28.2
557.4	28.2
557.6	22.7
557.6	20.6
557.6	18.1
557.7	16.8
557.9	16
558.1	15.5
558.5	15.1
558.8	15.5
559	16
559.3	16.8
559.5	16.8
559.7	16.4
559.8	14.7
559.8	14.7
560.2	15.1
560.6	15.5
560.9	16
561.4	17.2
561.8	17.2
561.9	16
562.1	15.1
562.1	14.7
562.3	13.9
562.5	13
562.7	13
563.5	13
564	14.7
564	16
564.3	16.4
564.4	16.8
564.8	16.4
564.9	16
564.9	15.1
565.2	15.5
565.8	16
566.3	16
566.8	16.8
567.7	17.7
568.1	17.7
568.3	17.7
568.5	16.8
568.6	16
568.7	15.5
568.9	14.3
569	13
569.2	12.6
569.2	12.6
569.4	13
569.7	14.3
569.8	14.3
570.1	14.3
570.2	14.3
570.4	14.3
570.5	14.3
570.6	13.4
571	13.4
571.5	13.9
571.6	14.3
571.8	14.3
572.1	13.9
572.1	13.9