25.8	79.6
26.1	81.5
26.2	81.9
26.5	80.8
26.5	80.4
26.5	79.6
26.7	79.2
26.9	79.6
26.9	80.4
27	82.7
27	85.7
27	85.7
27.1	86.5
27.3	91.8
27.4	92.6
27.4	93.8
27.6	94.5
27.6	96
27.7	98.3
27.7	99.5
27.8	101.4
27.8	103.3
27.9	105.2
28	106
28.1	107.5
28.1	108.7
28.2	110.2
28.2	111.7
28.3	113.3
28.6	114.4
28.7	115.2
28.7	115.9
28.7	117.1
28.7	117.8
28.8	119
28.8	120.9
28.8	121.7
28.9	122.4
29	122.8
29.1	122.8
29.1	122.8
29.1	119.7
29.1	117.5
29.3	115.9
29.4	114.8
29.5	113.3
29.5	112.5
29.6	111.3
29.6	111
29.8	111
30	111
30.1	111.3
30.2	111.3
30.3	111
30.4	110.2
30.5	109
30.5	108.3
30.5	107.5
30.5	107.1
30.7	106.8
30.7	106.8
30.7	107.9
30.7	109
30.9	108.7
31	108.3
31.2	107.5
31.2	107.9
31.2	110.6
31.2	112.1
31.2	112.9
31.2	114
31.2	115.2
31.3	116.3
31.3	116.7
31.3	117.5
31.4	117.8
31.4	117.8
31.6	117.8
31.6	116.7
31.6	115.9
31.9	115.9
32	115.9
32	115.5
32.1	114.4
32.3	112.9
32.4	111.3
32.4	111
32.4	109.8
32.4	107.9
32.5	107.1
32.6	106
32.7	105.2
32.9	106
32.9	108.3
32.9	109.8
33.2	111.3
33.3	112.5
33.3	113.6
33.4	114.8
33.5	115.2
33.6	115.5
33.7	115.9
33.7	115.2
33.8	114
33.8	112.9
34	112.9
34.1	113.3
34.1	113.3
34.2	113.6
34.5	113.6
34.6	112.9
34.7	111.7
34.7	111
34.8	111
34.9	110.6
35	110.6
35.1	109.8
35.1	109
35.1	109
35.2	108.7
35.3	108.7
35.5	109
35.6	109
35.6	107.9
35.8	107.9
35.9	109.4
36	111.3
36	112.1
36.2	113.3
36.4	114.4
36.7	115.9
36.7	116.3
36.9	116.7
37	114.8
37	112.1
37	109.8
37	108.7
37	107.5
37	105.2
37	105.2
37.2	107.9
37.2	109.8
37.4	111
37.5	111.3
37.5	112.1
37.9	111
37.9	110.6
37.9	108.7
38	108.3
38.1	106
38.1	105.2
38.1	105.2
38.1	102.9
38.2	100.6
38.3	99.1
38.3	99.1
38.4	97.2
38.4	94.5
38.4	93.8
38.4	92.6
38.4	92.2
38.5	89.9
38.6	88.4
38.6	88.4
38.6	81.5
38.6	77.3
38.8	74.6
38.8	74.6
38.8	72.3
38.8	72
38.8	69.7
38.9	68.9
39.1	68.5
39.2	67.4
39.2	67
39.1	67
39.5	65.5
39.7	62.8
39.8	61.6
39.8	59
39.8	58.2
39.8	56.3
39.8	53.6
39.9	51.7
40	50.2
40	48.3
40.1	47.9
40.2	47.9
40.5	50.2
40.6	51.3
40.6	52.5
40.7	54.8
40.9	56.7
40.9	57.1
40.9	59.4
40.9	60.5
41.3	60.9
41.4	60.5
41.5	60.1
41.7	61.6
41.7	63.9
41.8	65.5
42.1	65.8
42.3	67.8
42.5	67.4
42.4	65.5
42.6	66.6
42.9	66.6
43	63.6
43	60.5
43	60.1
43	60.1
43.1	57.4
43.1	56.7
43.3	55.5
43.3	55.5
43.6	55.5
43.8	54.4
43.8	52.1
43.9	51.7
44	49.8
44	49
44.1	47.5
44.1	46.4
44.3	44.8
44.5	44.8
44.6	45.2
44.6	47.5
44.7	50.9
44.9	52.1
45.2	50.6
45.3	48.3
45.3	47.1
45.3	47.1
45.5	45.6
45.6	45.2
45.9	45.2
46	46.7
46.1	50.9
46.2	51.7
46.4	53.2
46.4	55.9
46.4	57.8
46.4	59.4
46.6	60.9
46.8	62
47	62.8
47.2	63.2
47.2	63.2
47.3	63.6
47.6	62
47.6	60.5
47.7	59.7
47.9	58.2
48	55.1
48	54.4
48.1	53.6
48.5	53.6
48.5	53.6
48.7	52.1
48.7	52.1
48.9	51.3
48.9	51.7
48.9	53.6
48.9	54
49	56.3
49.2	58.2
49.5	59.4
49.7	60.1
49.8	58.6
49.9	57.4
50.2	59
50.2	59.4
50.2	59.7
50.3	61.3
50.4	61.3
50.4	62
50.4	63.2
50.5	64.7
50.6	64.3
50.6	64.3
50.7	62.8
50.7	62
50.8	61.3
50.9	59.7
51	58.6
51.4	59
51.5	57.8
51.7	59.7
51.7	62.4
51.7	64.7
51.9	67
51.9	67.8
51.9	68.9
52.2	70.1
52.5	72.7
52.6	77.3
52.9	81.5
52.9	81.9
52.9	83.1
52.9	85.7
52.9	86.9
53.1	86.9
53.2	86.5
53.3	84.6
53.4	83.8
53.4	83.8
53.4	84.2
53.4	84.2
53.5	86.9
53.8	86.1
53.8	84.2
53.8	83.1
53.8	83.1
54.1	82.7
54.5	83.1
54.5	85.3
54.6	85.7
54.9	87.3
54.9	87.6
55	89.9
55.3	89.9
55.4	88.8
55.4	87.3
55.4	86.9
55.4	86.9
55.6	86.1
55.8	85.7
55.9	90.3
55.9	93
56.1	96
56.2	96.8
56.2	96.8
56.5	97.2
56.6	94.9
56.6	94.5
56.6	93.4
56.6	93.4
56.8	91.1
56.9	89.2
56.9	88.4
57.1	89.5
57.2	91.1
57.4	91.1
57.5	89.9
57.6	89.9
57.7	91.8
57.7	94.1
57.8	96.8
57.8	97.2
57.9	98.7
58	98.7
58.1	98.3
58.1	96
58.1	94.9
58.2	94.5
58.4	94.5
58.6	94.5
58.6	94.1
58.7	93
58.7	93
58.8	93.8
59	95.7
59.1	97.6
59.2	97.6
59.4	96.8
59.5	96
59.7	97.6
59.8	97.6
60.2	98.3
60.2	98.3
60.4	98.3
60.3	96
60.5	96
60.5	96
60.8	97.2
60.9	95.3
60.9	93.8
61.2	93.4
61.3	93.8
61.4	93.8
61.4	92.6
61.4	91.5
61.7	93.8
61.8	94.1
62.1	93
62.1	91.8
62.2	90.7
62.2	90.3
62.3	89.9
62.5	90.7
62.6	91.1
62.7	92.2
62.8	93.8
62.9	95.3
63.1	93.4
63.1	91.8
63.1	91.5
63.3	90.7
63.4	90.7
63.4	91.8
63.4	93
63.5	94.1
63.7	93.8
63.7	91.8
63.9	90.3
64	92.2
64.1	93
64.4	92.6
64.7	91.5
65	93
65	94.9
65	96.8
65	98.7
65.3	96
65.3	94.5
65.4	94.1
65.5	94.1
65.6	94.5
65.6	96
65.6	96.8
65.7	97.6
65.9	98
65.9	96.4
66	95.7
66.1	96.4
66.3	97.6
66.3	96
66.3	94.5
66.4	92.6
66.4	92.6
66.4	91.8
66.7	91.5
66.8	91.8
66.9	93
67	91.1
67	90.7
67	88.8
67.2	88.4
67.5	91.1
67.7	93
67.9	93.8
68	92.6
68	91.5
68	91.5
68.3	92.2
68.4	93.8
68.4	94.1
68.7	95.3
68.9	96.4
68.9	98.3
69.2	100.3
69.3	99.5
69.3	99.1
69.3	99.1
69.3	97.6
69.4	97.2
69.5	97.2
69.6	95.7
69.6	93.8
69.7	93.4
69.7	92.2
70	91.1
70.1	89.5
70.4	89.2
70.6	89.5
70.9	88.4
70.9	87.6
70.9	86.5
71	86.5
71	86.9
71.1	88.8
71.2	90.3
71.4	92.2
71.4	92.2
71.5	92.6
71.7	93
71.7	94.9
71.8	96.4
71.9	98.3
71.9	98.3
72.2	99.5
72.2	100.3
72.2	99.9
72.3	97.6
72.5	96.4
72.6	93.8
72.6	92.6
72.7	93
72.9	94.9
72.9	95.3
73.1	97.6
73.2	98.7
73.3	99.9
73.5	100.6
73.5	100.3
73.6	98.7
73.6	96.4
73.6	96
73.6	94.9
73.7	94.9
73.7	94.9
73.8	94.5
73.8	94.5
73.9	95.7
73.9	96
73.9	97.2
74	98
74.3	98
74.3	96.4
74.3	95.7
74.3	94.1
74.3	93.8
74.3	94.5
74.4	94.5
74.6	95.7
74.7	96.8
74.8	95.3
74.8	93
74.8	91.8
74.8	91.5
74.9	91.1
74.9	91.1
75	89.9
75.2	88.8
75.2	88.8
75.3	88.8
75.3	87.6
75.5	86.5
75.7	85.3
75.7	85
76	86.5
76	86.5
76	88.4
76	89.2
76.1	91.8
76.2	92.6
76.4	90.3
76.5	90.3
76.5	88.4
76.6	88.4
76.9	89.2
77	91.1
77.1	91.5
77.2	92.2
77.3	94.1
77.4	96
77.4	96.4
77.6	98
77.7	98
77.9	97.2
78	94.1
78.1	93.4
78.2	96.4
78.2	97.2
78.5	99.5
78.6	100.3
78.6	98.7
78.6	98.3
78.7	95.7
78.9	94.9
78.9	93
78.9	91.5
79.1	89.9
79.2	89.9
79.5	89.9
79.5	92.2
79.6	93.4
79.8	93.8
79.9	94.5
80	95.3
80.1	97.2
80.1	98.7
80.2	99.9
80.3	101
80.5	102.5
80.5	102.5
80.6	100.6
80.7	99.1
80.9	98.7
80.9	97.2
81.2	97.2
81.4	96.4
81.5	95.3
81.5	95.3
81.6	97.6
81.7	98
81.8	97.6
82	97.6
82	95.3
82.2	95.7
82.4	97.6
82.5	99.9
82.8	100.3
82.9	99.9
82.9	98.7
83.2	98
83.5	98
83.7	95.3
83.7	94.5
83.8	93.8
83.9	94.5
84	96
84	96
84.1	96.4
84.3	96.4
84.4	94.5
84.6	95.7
84.6	95.7
84.7	97.2
84.7	98
84.9	99.1
85.1	99.1
85.3	98
85.4	97.6
85.5	95.7
85.6	95.3
85.6	96
85.8	98
85.8	98.7
85.9	98.7
86	98
86.1	96
86.5	97.2
86.6	97.6
86.7	98
87	98
87.1	97.2
87.1	95.7
87.1	95.3
87.2	94.1
87.2	93.4
87.4	94.9
87.4	94.9
87.5	96
87.5	96.8
87.6	96.4
87.8	94.1
87.9	94.5
87.9	95.3
88	95.7
88.1	94.5
88.2	94.5
88.3	93.4
88.4	94.5
88.4	96.4
88.5	97.2
88.5	97.2
88.7	99.1
88.7	99.9
89	101.4
89.1	102.2
89.2	102.2
89.3	100.3
89.3	98
89.5	95.7
89.5	94.9
89.6	94.5
89.8	96.4
89.9	96.4
90	95.7
90	95.3
90.1	94.5
90.1	94.5
90.1	93.8
90.1	93.4
90.3	94.5
90.3	94.5
90.4	94.5
90.5	94.5
90.5	92.6
90.9	92.6
91	94.1
91	94.5
91	95.7
91.3	96.4
91.4	96.4
91.4	96.4
91.5	95.3
91.5	94.5
91.4	93
91.4	93
91.5	92.6
91.6	94.1
91.7	94.1
91.7	94.5
92	94.5
92.2	94.9
92.2	97.2
92.2	98
92.3	97.6
92.5	97.2
92.6	96.4
92.7	95.3
92.7	94.5
92.7	93.8
93	94.9
93.1	95.3
93.1	96
93.3	98
93.3	98.7
93.3	100.3
93.3	100.6
93.4	100.6
93.5	100.6
93.6	100.6
93.7	100.6
93.7	101
93.7	101.8
93.7	102.5
93.7	104.5
93.8	103.3
93.9	101.8
93.9	101.8
93.9	102.2
94.1	102.5
94.3	102.9
94.3	101.8
94.3	99.9
94.4	100.3
94.4	101.8
94.4	102.2
94.6	102.9
94.7	103.3
94.8	102.2
94.9	101.4
95.1	102.2
95.1	102.9
95.1	103.3
95.2	103.7
95.5	103.7
95.6	102.9
95.6	101.4
95.5	99.9
95.5	99.5
95.5	99.1
95.8	99.1
95.8	99.1
95.9	98.3
96.1	98.3
96.2	98
96.3	98
96.3	96.8
96.4	95.3
96.4	94.5
96.6	94.1
96.7	94.1
96.8	94.1
96.9	94.1
97.1	94.9
97.2	96.8
97.3	98.3
97.4	100.3
97.6	101.4
97.7	100.6
97.6	99.1
97.7	98.7
97.7	99.1
97.7	100.6
97.8	101
97.9	100.6
98	99.1
98.1	98.3
98.1	100.3
98.2	101
98.3	101.8
98.5	101.8
98.5	101.4
98.5	99.9
98.5	98.3
98.5	98
98.5	97.6
98.7	96.8
98.9	98.3
99	99.1
99	99.1
99.3	99.9
99.3	99.9
99.4	98.3
99.4	96.8
99.4	96
99.6	94.9
99.6	94.5
99.7	94.1
99.7	94.1
99.8	93.4
99.9	93.4
100	93.4
100.2	93.4
100.2	93.8
100.5	94.5
100.6	94.9
100.6	95.7
100.6	96
100.7	96.4
100.8	96.8
101	97.2
101.1	97.6
101.2	97.2
101.2	95.3
101.3	94.5
101.3	94.5
101.4	94.5
101.7	96
101.7	96.8
101.8	97.6
101.8	97.6
101.8	97.6
101.9	96.4
101.9	95.3
102.1	94.9
102.2	94.9
102.3	96.4
102.3	97.2
102.3	98.3
102.7	98.7
102.7	97.6
102.7	97.2
102.7	96.4
102.9	94.9
103.2	93.8
103.3	95.3
103.4	97.6
103.7	100.3
103.7	100.3
103.8	100.3
103.9	98.3
103.9	97.6
104.1	98.7
104.2	99.1
104.4	99.1
104.5	99.1
104.5	99.1
104.6	99.1
104.8	99.5
105.1	101.4
105.2	102.2
105.5	103.7
105.6	106
105.6	107.5
105.6	107.5
105.7	107.1
105.7	107.1
105.7	102.5
105.7	101.8
105.7	99.1
105.7	97.2
105.8	94.9
106	92.2
106.3	93.8
106.4	96
106.4	98.3
106.4	98.7
106.4	100.3
106.5	100.6
106.5	99.1
106.5	97.2
106.6	95.7
106.8	95.3
106.9	95.3
106.9	94.9
107	93.8
107	92.6
107.1	91.1
107.2	91.1
107.4	93
107.5	94.1
107.9	95.3
107.9	94.5
107.9	92.6
108	93
108	93.8
108.1	95.3
108.1	97.2
108.3	98.7
108.5	98.3
108.7	100.6
108.9	101.8
108.9	100.6
108.9	99.5
108.9	98.7
109	97.6
109.3	98.3
109.4	98.7
109.6	98.7
109.7	98.3
109.7	98
109.8	96.4
109.8	95.3
110	94.9
110.2	96.4
110.2	97.2
110.2	98
110.3	98
110.4	97.2
110.4	95.7
110.7	96.4
110.7	96.4
110.7	98
110.9	99.1
111.1	99.1
111.3	98.7
111.3	98.3
111.3	97.2
111.4	97.2
111.5	97.6
111.5	97.6
111.5	99.1
111.5	100.6
111.7	100.6
111.7	100.3
111.7	98.7
111.8	98.3
111.8	98
111.9	99.9
112.1	99.9
112.2	99.5
112.2	97.6
112.3	97.2
112.3	98
112.4	98.3
112.5	98.3
112.6	97.6
112.7	97.2
112.8	97.6
112.8	99.5
112.8	101
113	101.4
113.1	99.9
113.1	99.1
113.3	100.6
113.6	101.4
113.7	101.4
113.7	99.9
113.9	97.6
113.9	97.2
114	95.7
114.1	94.5
114.2	94.1
114.2	93.8
114.4	95.3
114.6	97.2
114.8	99.1
115.1	99.9
115.2	98
115.3	98
115.4	98.3
115.6	102.2
115.7	103.7
115.8	104.8
116	106.4
116.3	107.9
116.1	108.7
116.3	110.6
116.6	112.9
116.6	113.3
116.6	114
116.7	113.6
116.9	111.7
116.9	111.7
117.1	112.1
117.3	114
117.4	117.8
117.4	118.2
117.4	118.6
117.6	120.5
117.8	118.6
117.9	116.3
117.9	113.6
118	113.3
118	111.3
118	110.2
118	109.8
118.1	109.8
118.1	109.8
118.3	109
118.4	108.7
118.5	107.5
118.5	106
118.5	104.5
118.5	104.8
118.6	107.9
119	110.2
119.1	110.2
119.3	108.3
119.5	105.6
119.7	107.5
120.2	107.9
120.2	107.1
120.1	106.4
120.1	105.6
119.9	104.5
119.9	104.1
119.9	102.5
119.9	102.5
119.9	101.4
119.9	100.3
120	99.5
120.4	101
120.4	101
120.4	101
120.5	102.9
120.5	103.7
120.6	105.2
120.8	107.5
121.2	108.3
121.3	106.4
121.3	107.9
121.3	107.9
121.4	109.4
121.4	109.8
121.5	111
121.5	112.1
121.6	112.5
121.8	113.3
121.9	113.3
122.1	112.9
122.1	110.2
122.1	109.8
122.2	111.3
122.3	111.7
122.5	112.1
122.6	112.1
122.7	110.2
122.7	108.3
122.8	107.1
122.8	109.4
122.9	109.8
122.9	111.7
123.1	113.3
123.3	115.2
123.4	115.9
123.6	116.3
123.8	116.7
124	117.1
124	114.4
124	114
124	112.5
124	111.7
124.1	111.7
124.2	112.9
124.2	114
124.3	114
124.3	114.4
124.5	115.5
124.6	115.5
124.6	116.7
124.7	117.1
124.7	117.5
124.7	119
125.1	119.7
125.2	120.1
125.2	120.5
125.4	120.5
125.4	119.7
125.4	118.2
125.4	116.7
125.4	116.3
125.4	115.2
125.4	114.4
125.4	114.4
125.6	114.8
125.7	115.9
125.7	117.5
125.7	118.6
125.8	119
125.8	119
126	119.4
126	119
126	117.5
126	117.5
126	116.7
126.1	117.8
126.2	117.1
126.2	116.7
126.3	115.9
126.4	114.4
126.5	113.3
126.5	110.6
126.7	111.3
126.7	111.7
126.7	112.9
126.9	115.2
127	117.1
127.2	118.6
127.3	119.7
127.4	119.7
127.4	119
127.5	117.5
127.6	115.5
127.7	113.3
127.7	110.6
127.7	110.2
127.9	111.3
128.1	112.9
128.2	114
128.2	114.4
128.3	115.5
128.4	115.9
128.6	114.8
128.7	112.5
128.7	110.6
128.7	109.8
128.8	108.7
128.9	105.6
128.9	104.1
129.1	101.8
129.1	100.3
129.1	99.9
129.2	98.3
129.3	96.8
129.4	95.7
129.5	94.9
129.6	96
129.9	97.6
130.1	99.9
130.1	100.3
130.1	101
130.4	101
130.5	98
130.4	95.7
130.4	93.8
130.4	91.8
130.4	91.1
130.4	89.9
130.4	88.8
130.4	87.3
130.5	86.5
130.5	84.6
130.6	84.6
130.6	83.8
130.7	83.8
130.9	84.2
131	85.7
131	86.1
131.1	85.7
131.1	85.7
131.2	85.7
131.3	87.3
131.3	88.8
131.5	90.7
131.5	92.6
131.7	93.4
131.8	94.1
131.9	96
132	96.8
132	97.2
132.1	96
132.2	94.1
132.3	92.2
132.4	90.7
132.4	90.7
132.6	89.5
132.7	89.5
133	92.2
133	94.9
133	95.3
133.3	97.2
133.4	99.1
133.5	101.8
133.5	101.8
133.6	103.3
133.6	103.3
133.8	104.5
134	104.5
134	104.1
134	102.2
134.1	99.5
134.3	97.2
134.3	96.8
134.4	95.3
134.4	94.1
134.4	93.8
134.7	93
134.9	94.1
134.9	96.8
135.2	96.8
135.4	95.3
135.5	94.9
135.6	95.7
135.6	98
135.7	100.3
135.8	102.9
135.8	104.5
135.9	104.8
136	106.4
136.1	104.8
136.2	104.8
136.3	104.8
136.3	104.8
136.3	105.6
136.4	107.9
136.4	108.7
136.4	109.8
136.5	110.2
136.5	110.6
136.5	111.7
136.8	111.3
136.9	110.6
136.9	110.6
136.9	111.3
137	112.5
137.1	112.9
137.2	113.3
137.3	113.3
137.4	111.7
137.4	111
137.4	110.6
137.7	112.1
137.8	112.5
137.9	112.1
138	111.7
138	111.7
138.1	110.6
138.1	108.3
138.2	106
138.3	104.5
138.6	103.3
138.6	103.3
138.7	102.5
139	104.5
139.1	105.6
139.4	105.6
139.5	107.1
139.5	107.5
139.7	108.7
139.8	108.3
140	108.3
140.1	109.4
140.1	110.6
140.3	113.3
140.3	114
140.3	114.4
140.5	115.2
140.6	115.9
140.6	114.4
140.6	114
140.7	113.3
140.8	112.9
140.9	112.9
140.9	114
140.9	115.9
141.1	117.1
141.1	117.1
141.1	115.9
141.1	114
141.3	113.3
141.5	114
141.5	114.8
141.6	114.8
141.6	115.5
141.7	114.8
141.7	112.5
141.7	112.1
141.7	109.8
141.9	108.3
142	106.8
142	106.8
142	105.6
142	104.5
142.1	102.9
142.1	101.8
142.1	101.8
142.2	100.3
142.3	99.5
142.3	99.5
142.5	98.7
142.7	101
142.7	101.8
142.8	102.2
143	101.8
143	101.8
143	101.4
143.1	101.8
143.1	101.4
143.2	100.3
143.4	99.5
143.5	99.1
143.5	98.7
143.6	100.3
143.7	100.3
143.8	100.3
143.9	99.9
144.1	99.1
144.2	100.3
144.2	102.2
144.4	102.9
144.4	103.3
144.5	103.7
144.7	102.5
144.7	101.4
144.7	99.9
144.7	99.5
144.7	99.5
144.9	99.5
145.1	98.7
145.2	98.3
145.3	98
145.4	98
145.4	100.3
145.5	101
145.7	101
145.9	101.8
146	101.8
146.1	101.8
146.1	100.6
146.1	99.5
146.2	99.5
146.4	101.4
146.4	101.8
146.4	102.5
146.5	102.2
146.7	102.2
147	102.2
147.1	102.2
147.1	100.6
147.2	100.3
147.3	102.2
147.3	102.2
147.4	103.3
147.4	103.7
147.6	104.5
147.9	104.5
148.2	104.1
148.2	104.1
148.3	104.8
148.3	106
148.5	106.8
148.6	108.7
148.8	111.3
148.8	111.7
148.8	112.1
148.8	112.5
148.8	113.6
148.8	114
148.8	112.9
148.8	112.5
148.8	111.3
148.9	111
149.1	109.8
149.2	109
149.4	109
149.4	109
149.4	108.7
149.4	107.5
149.4	106.4
149.7	106.4
149.8	106.4
149.9	106.4
149.9	106.8
149.9	108.3
149.9	109.4
149.9	110.2
150	111.7
150	112.9
150.1	112.9
150.2	113.6
150.2	113.6
150.4	113.3
150.5	112.1
150.7	111.7
150.7	112.9
150.9	114
151.1	114.8
151.2	115.5
151.2	115.9
151.4	113.1
151.4	112.8
151.4	110.5
151.6	109.3
151.8	108.9
151.8	108
151.9	107.3
152	107
152	105.8
152.1	104.5
152.2	104.2
152.4	104.2
152.4	104.8
152.4	105.4
152.7	105.8
152.7	106.1
152.9	105.1
152.9	104.8
153	104.8
153.1	106.4
153.1	107.7
153.1	107.7
153.2	108.3
153.5	107.3
153.5	107.3
153.7	108.9
153.7	110.5
153.8	112.1
153.8	113.4
153.9	113.4
154	112.8
154.2	111.2
154.2	109.6
154.3	109.6
154.4	111.5
154.4	112.8
154.5	113.1
154.8	112.1
154.9	110.5
155	109.6
155	108
155.1	106.7
155.2	105.4
155.2	105.1
155.2	104.5
155.2	103.8
155.4	103.8
155.4	104.2
155.5	104.5
155.7	103.8
155.7	102.6
156.1	103.8
156.1	103.8
156.2	105.1
156.3	106.4
156.3	107.3
156.3	107.7
156.4	108.6
156.6	110.2
156.7	111.5
156.7	111.5
156.7	112.1
156.7	112.4
156.8	113.4
156.9	113.7
156.9	114
156.9	114
156.9	112.8
157	110.9
157.2	109.9
157.4	110.9
157.4	112.8
157.4	113.7
157.5	114.4
157.6	114.4
157.6	113.7
157.8	112.8
157.9	113.4
157.9	114.4
158	114.4
158.1	113.1
158.1	113.1
158.1	112.1
158.2	111.8
158.4	111.2
158.4	109.3
158.4	108
158.4	106.7
158.5	106.4
158.7	105.8
158.7	105.4
158.9	105.1
159.1	107
159.1	108.9
159.3	110.2
159.4	111.8
159.4	112.1
159.5	112.1
159.6	111.5
159.7	110.9
159.7	110.9
159.8	109.6
159.9	108.6
159.9	107
160	106.7
160	106.1
160.1	104.5
160.5	105.8
160.6	107.7
160.7	109.3
160.7	110.9
160.7	111.5
160.8	111.8
161	111.2
161	109.9
161.1	108.3
161.2	106.4
161.2	106.4
161.2	105.4
161.2	104.8
161.4	104.2
161.4	105.8
161.5	105.8
161.5	105.8
161.6	105.1
161.8	104.2
161.9	104.2
162.1	103.8
162.1	105.4
162.2	108.3
162.3	108.3
162.5	108.3
162.5	108.6
162.5	108.9
162.5	110.2
162.5	110.9
162.7	111.8
162.7	112.1
162.9	112.4
163.1	112.1
163.3	110.9
163.6	108.3
163.6	106.4
163.6	104.8
163.6	103.8
163.6	103.2
163.7	102.9
163.8	102.9
164	104.5
164	108
164	108.9
164	109.6
164	110.2
164	110.5
164.2	111.2
164.2	111.2
164.2	111.5
164.3	111.5
164.4	110.5
164.6	109.9
164.6	108.6
164.8	107.3
164.9	106.1
165	105.8
165	104.2
165.1	102.6
165.1	104.2
165.3	106.1
165.3	107.7
165.3	108.9
165.4	109.3
165.6	109.6
165.8	108.6
166	109.3
166	109.3
166.1	108.9
166.2	107.7
166.2	107.3
166.3	106.7
166.4	106.4
166.6	107.7
166.7	108.6
166.8	108.9
167	108.3
167	106.7
167	105.8
167.1	105.4
167.2	107.7
167.2	108.6
167.4	108.9
167.6	108.3
167.6	107.7
167.6	106.7
167.6	104.8
167.7	103.8
167.8	105.4
167.9	107.3
167.9	108.6
168	109.3
168	109.6
168.1	109.9
168.2	110.9
168.3	110.9
168.3	110.2
168.4	109.9
168.4	108.9
168.5	108.6
168.5	107.7
168.7	107
168.8	105.1
168.8	102.9
168.9	101
168.9	100.3
168.9	99.4
168.9	99.1
169	97.8
169.1	99.4
169.3	100.3
169.3	98.4
169.3	97.5
169.5	98.1
169.5	101
169.5	103.5
169.6	104.8
169.6	104.8
169.6	105.8
169.7	106.1
169.8	106.7
169.8	106.7
169.9	106.7
170	105.8
170.1	105.8
170.2	105.4
170.4	105.8
170.4	107
170.4	108
170.4	108.3
170.4	109.6
170.4	109.9
170.4	110.2
170.9	109.9
170.9	110.2
170.9	111.2
170.9	111.5
170.9	112.1
171.2	112.8
171.3	117.5
171.4	118.2
171.5	118.2
171.5	116.3
171.5	115.6
171.5	114.4
171.6	112.1
171.7	110.5
171.7	110.2
171.7	109.6
171.7	108.3
171.7	107
171.7	107
171.9	108.6
172	108.9
172	108
172.1	108
172.6	115.3
172.6	118.5
172.8	119.1
173	126.1
172.6	126.1
172.8	130
172.8	130.3
172.8	132.2
172.8	133.1
172.8	133.8
172.8	134.4
172.8	136
172.8	138.2
172.8	139.5
172.8	139.5
172.8	140.5
172.8	140.8
172.9	140.8
173	140.2
173	137.3
173.2	134.4
173.2	131.6
173.2	130.9
173.3	128.4
173.3	123.6
173.2	122.3
173.2	122
173.2	121.7
173.2	120.4
173.2	118.8
173.2	117.9
173.3	117.2
173.3	116.3
173.3	116.3
173.4	116.3
173.4	117.2
173.5	116.9
173.6	116.9
173.6	117.2
173.6	118.5
173.7	119.5
173.8	118.8
173.8	118.8
174	120.4
174	120.4
174.1	120.4
174.2	119.8
174.2	118.5
174.2	117.2
174.2	117.2
174.4	116.3
174.6	115.9
174.7	117.5
174.7	117.9
174.7	119.5
174.9	120.7
174.9	120.1
175	120.1
175	117.9
175	116.3
175	115.9
175	114.7
175.1	113.7
175.1	113.7
175.1	113.1
175.1	113.1
175.2	112.1
175.2	111.8
175.3	111.5
175.3	111.2
175.3	111.2
175.5	111.5
175.5	111.5
175.5	111.5
175.6	111.5
175.6	110.9
175.7	110.2
175.7	109.9
175.7	109.9
175.8	110.9
175.8	111.2
175.9	110.2
176	109.6
176.2	109.6
176.3	111.2
176.4	110.5
176.5	109.3
176.6	108.6
176.7	108.9
177	111.2
177.2	112.8
177.2	114
177.3	114.4
177.4	114.7
177.4	113.7
177.4	111.8
177.5	110.2
177.5	110.2
177.6	108.6
177.7	106.7
177.8	106.1
177.9	107.7
178	109.3
178	109.6
178.1	110.9
178.1	112.4
178.3	113.7
178.3	114.4
178.5	114.7
178.6	115.9
178.7	116.9
178.7	117.2
178.7	117.2
178.7	117.2
178.9	116.3
178.9	115.9
178.9	115.3
179	115.3
179.1	115.3
179.2	114
179.2	114
179.2	112.8
179.4	111.8
179.6	111.8
179.7	112.4
179.8	112.8
179.8	111.8
180	110.5
180	108.9
180.2	107
180.2	106.4
180.4	107.3
180.4	108.9
180.4	109.9
180.7	109.9
180.7	109.9
180.9	111.2
180.9	111.5
181	112.8
181.1	114.4
181.1	116.3
181.1	116.9
181.1	116.9
181.1	117.9
181.1	118.8
181.3	119.8
181.4	120.7
181.5	121
181.5	121.4
181.5	121.7
181.5	120.4
181.5	120.1
181.6	117.9
181.7	116.9
181.7	115.6
181.9	114
181.9	112.1
182	111.8
182	110.9
182.1	109.3
182.1	108.6
182.2	108.6
182.3	109.6
182.4	112.1
182.4	114
182.4	114.4
182.5	116.6
182.6	118.2
182.8	119.8
182.8	120.4
182.8	120.4
183	119.1
183.1	119.1
183.2	120.4
183.3	120.1
183.3	117.9
183.4	116.3
183.4	115.9
183.4	115
183.5	114.4
183.6	115.9
183.6	116.3
183.8	115.3
183.9	114.4
183.9	114.4
184	113.7
184.1	112.8
184.1	112.1
184.1	111.8
184.3	111.5
184.3	112.4
184.4	111.8
184.6	110.9
184.7	112.8
184.7	113.1
184.8	114
184.9	114.4
184.9	114.7
185	114
185.1	112.8
185.3	111.8
185.3	111.5
185.3	111.2
185.5	109.9
185.6	109.3
185.9	108.9
186	110.9
186.2	111.2
186.4	110.5
186.4	110.5
186.5	109.3
186.6	108
186.9	107.7
187.1	108
187.2	108.6
187.3	111.2
187.3	112.8
187.4	115
187.5	116.3
187.5	116.6
187.6	115
187.6	114.4
187.7	113.7
187.9	114
188	114.4
188.1	112.8
188.1	112.8
188.1	111.2
188.3	111.5
188.3	112.8
188.4	114.4
188.6	115.3
188.8	113.4
188.8	111.2
189.1	108
189.1	107
189.1	106.7
189.2	108.3
189.2	108.6
189.3	109.9
189.4	111.2
189.5	112.1
189.6	112.8
189.7	111.2
189.8	110.2
189.9	108.9
190	108
190.2	107.3
190.4	107.7
190.4	109.3
190.5	109.9
190.6	110.5
190.7	110.5
190.8	109.3
191.1	108.3
191.3	108.9
191.3	110.5
191.3	110.9
191.4	112.1
191.5	114.4
191.8	116.6
191.8	116.9
191.8	118.2
192	119.5
192.1	119.5
192.2	117.2
192.2	115.9
192.2	115.6
192.4	115.3
192.4	115.3
192.5	114.7
192.6	115.3
192.6	115.3
192.6	115.3
192.8	115.3
192.8	114
192.8	113.7
192.8	113.1
192.8	112.4
193	112.1
193	112.1
193.2	112.4
193.2	114
193.3	114.7
193.3	115
193.4	113.7
193.5	113.1
193.5	112.1
193.5	111.2
193.7	110.2
193.7	109.6
193.8	108.6
193.9	107.3
194.1	107.7
194.2	108.9
194.2	110.2
194.4	110.9
194.5	109.6
194.6	108.3
194.6	108.3
194.8	108
194.9	108.6
195.1	109.3
195.3	110.5
195.6	110.2
195.8	110.2
195.8	111.2
195.8	111.8
196	113.4
196	114.7
196	115
196.2	114.4
196.2	114.7
196.2	115.3
196.2	116.9
196.3	118.5
196.5	120.4
196.5	120.7
196.5	120.7
196.5	122.3
196.6	124.2
196.7	125.5
196.8	125.8
196.9	126.5
196.9	123.9
196.9	121
196.8	117.2
196.8	116.9
196.8	115.3
196.8	113.7
196.9	112.1
196.9	112.1
197	111.2
197.1	110.5
197.1	109.6
197.2	108.9
197.2	107.7
197.3	107.3
197.5	107.3
197.5	108.6
197.7	109.9
197.8	110.2
197.8	108.9
197.8	106.7
197.8	106.1
197.8	105.8
197.8	105.8
197.8	105.8
197.9	106.1
197.9	106.7
198	107.3
198	108.6
198.1	109.9
198.2	110.9
198.2	111.5
198.3	112.1
198.4	113.7
198.4	115
198.6	115.9
198.6	116.3
198.8	115
198.8	114
199	114.4
199	115
199.2	115.6
199.2	116.6
199.2	117.5
199.2	117.9
199.3	118.2
199.5	119.1
199.6	119.1
199.7	117.9
199.7	117.5
199.7	116.3
199.7	115
199.8	114.7
199.8	114.7
199.9	113.4
199.9	111.8
199.9	111.2
199.9	109.9
199.9	109.9
199.9	109.6
200	109.9
200.2	110.5
200.3	111.8
200.3	112.1
200.3	113.1
200.4	113.7
200.4	114.4
200.5	114.7
200.5	115.3
200.7	116.3
200.9	117.2
201	116.3
201.1	116.3
201.1	117.9
201.1	118.8
201.2	119.1
201.3	120.1
201.3	120.4
201.5	119.8
201.6	118.2
201.6	116.9
201.6	116.3
201.6	115.9
201.7	115.9
202	117.5
202	118.2
202	119.8
202	122.3
202.1	124.5
202.2	125.5
202.2	125.8
202.2	125.8
202.4	124.9
202.4	124.5
202.5	124.5
202.5	122.6
202.5	120.7
202.6	118.8
202.6	117.5
202.8	116.3
203	116.6
203	116.6
203.1	115.3
203.2	112.8
203.4	110.5
203.6	112.8
203.6	115.6
203.6	118.5
203.7	120.7
203.8	121.4
203.9	122.3
203.9	122.6
204	122.3
204	120.7
204	119.5
204.2	119.1
204.3	119.1
204.5	117.9
204.6	117.2
204.7	116.3
204.8	115
205	113.4
205.1	114.7
205.2	116.9
205.3	118.2
205.3	118.5
205.5	117.9
205.6	115.9
205.7	115.9
205.8	117.9
205.8	118.5
205.9	119.8
206.1	121
206.1	121.7
206.2	123
206.3	123.9
206.5	124.2
206.5	123.9
206.5	121.7
206.5	120.7
206.5	119.5
206.6	118.5
206.7	117.5
206.7	116.3
206.9	115.6
207	115.6
207.2	115.6
207.4	115.3
207.6	114.4
207.9	113.7
207.9	113.7
208.1	113.1
208.2	112.1
208.3	110.2
208.3	110.2
208.4	108.3
208.4	106.7
208.4	105.1
208.5	103.2
208.6	101.9
208.6	101.6
208.7	103.8
208.8	106.1
209	106.7
209.2	105.8
209.3	107.3
209.4	108
209.4	109.3
209.4	111.5
209.6	111.8
209.8	111.8
209.8	111.8
209.8	114.4
209.8	116.3
209.8	117.2
210	120.7
210	121
210	121
210	121
210.1	118.2
210.2	116.3
210.3	114
210.4	112.8
210.6	109.6
210.6	108.6
210.7	108.6
210.7	108.3
210.8	109.9
210.9	110.2
211.1	109.6
211.3	109.9
211.3	110.9
211.4	112.8
211.5	114
211.6	115.6
211.7	116.6
211.7	116.9
211.8	117.5
211.9	118.5
211.9	119.1
211.9	119.5
212	120.1
212.1	120.4
212.1	121.4
212.1	122.3
212.2	122.6
212.2	123
212.3	123.3
212.3	123.9
212.3	124.5
212.3	125.2
212.4	124.9
212.4	124.5
212.5	123
212.7	120.7
212.7	119.5
212.7	119.1
212.9	119.1
212.9	119.1
212.9	118.2
212.9	118.2
213.1	119.5
213.1	119.8
213.1	120.1
213.2	121
213.3	120.7
213.3	118.8
213.4	118.2
213.5	118.2
213.5	118.8
213.6	119.5
213.9	119.8
213.9	119.8
213.9	118.5
213.9	117.2
213.9	115.9
213.9	115.6
214	114.7
214.2	114.4
214.4	116.3
214.4	116.6
214.6	119.1
214.7	119.5
214.9	118.5
214.9	117.9
215	115.6
215	114
215.2	111.5
215.2	111.2
215.4	109.6
215.6	106.4
215.6	104.2
215.6	104.2
215.6	102.9
215.6	100.7
215.8	101.6
215.8	101.9
215.8	104.2
215.9	107.3
215.9	109.9
216	110.5
216	111.2
216	112.8
216	114.4
216.2	115.6
216.4	115.9
216.4	115
216.4	115
216.5	116.3
216.6	116.6
216.6	118.5
216.6	119.5
216.7	120.4
216.7	120.7
216.8	121.4
216.8	121.7
216.9	122.3
217	122
217	120.1
217.2	117.5
217.2	115.3
217.4	113.4
217.7	112.4
217.8	114
217.8	114.7
217.8	115.6
217.9	116.3
218.1	117.2
218.2	119.8
218.2	120.1
218.2	120.7
218.3	122
218.3	123.3
218.3	123.3
218.3	124.5
218.3	125.8
218.4	126.5
218.5	127.4
218.5	127.7
218.6	129
218.6	129
218.7	129.3
218.7	128.1
218.7	126.8
218.8	124.2
218.9	123.3
219	124.2
219	124.2
219	125.5
219.1	124.5
219.1	122.3
219.2	120.7
219.2	120.4
219.3	119.5
219.5	118.5
219.5	117.5
219.7	116.3
219.7	116.3
219.9	115.6
220.1	115.9
220.1	118.2
220.1	120.4
220.1	120.7
220.2	120.7
220.3	119.1
220.4	119.5
220.5	122.3
220.5	123
220.6	124.9
220.6	126.5
220.6	128.1
220.6	129
220.6	131.2
220.8	131.2
220.9	130.9
221	128.4
221.1	126.1
221.2	124.9
221.2	123.9
221.3	123.3
221.4	122
221.4	120.1
221.4	118.2
221.4	117.2
221.4	116.3
221.5	115.6
221.6	114
221.6	112.8
221.6	111.8
221.6	111.5
221.7	110.2
221.8	110.5
221.8	111.2
221.9	112.8
221.9	115.9
222.1	118.8
222.3	118.8
222.3	118.2
222.4	117.9
222.4	117.9
222.4	120.1
222.4	122
222.6	123.6
222.7	123
222.7	120.4
222.8	117.9
222.8	116.9
222.8	115.6
223	114.7
223.2	115
223.2	115.6
223.2	117.5
223.2	117.9
223.3	119.8
223.3	121.7
223.3	123.6
223.3	123.9
223.4	124.5
223.6	125.5
223.7	125.8
223.8	125.5
223.9	124.5
223.9	123
224	119.8
224.1	119.5
224.1	118.8
224.2	118.8
224.3	120.4
224.3	120.4
224.3	121.7
224.6	123
224.7	123.3
224.7	123.3
224.8	121
224.8	121
224.8	119.8
224.8	118.5
224.9	117.2
224.9	116.9
225.1	118.2
225.1	118.5
225.1	120.1
225.1	121.7
225.1	123.3
225.2	125.2
225.4	127.7
225.5	129.6
225.5	132.5
225.5	132.8
225.6	133.8
225.7	134.4
225.9	132.8
226.2	131.9
226.3	128.7
226.3	126.1
226.4	123.3
226.4	121
226.4	119.5
226.7	119.5
226.7	119.8
226.7	120.7
226.7	121.4
226.7	119.5
226.8	118.5
226.8	117.2
226.9	115.3
227.1	112.4
227.3	112.1
227.4	113.7
227.4	115
227.5	115
227.7	113.7
227.7	112.8
227.7	111.5
227.9	109.9
228.2	108.3
228.2	108
228.2	108
228.2	111.2
228.3	114
228.3	116.6
228.3	116.9
228.4	118.2
228.6	119.5
228.6	121.7
228.6	122.3
228.6	123
228.6	125.2
228.9	125.8
229	123.6
229	123
229	121.4
229	120.1
229.1	122
229.2	123
229.2	123.3
229.3	123.6
229.4	122.3
229.5	122.6
229.5	123
229.5	125.2
229.6	127.1
229.7	129.3
229.8	131.2
230	131.6
230.1	127.7
230.1	124.9
230.1	122.6
230.1	121.4
230.2	120.1
230.2	119.5
230.4	119.1
230.5	120.1
230.5	120.4
230.5	122
230.5	122.6
230.7	121.7
230.7	120.4
230.7	120.1
230.8	119.8
231.2	120.7
231.3	121
231.3	120.7
231.3	118.8
231.4	118.5
231.5	117.5
231.6	116.3
231.6	115.6
231.7	115
231.7	113.4
231.7	113.1
231.7	113.4
231.8	113.4
231.9	114.4
232	115.3
232	115.9
232.1	116.3
232.1	116.9
232.2	117.9
232.3	116.9
232.4	116.6
232.4	115.9
232.4	114.7
232.5	112.8
232.6	111.8
232.7	111.8
232.7	114
232.7	115.3
232.7	116.9
232.7	117.9
233.1	119.8
233.2	118.2
233.4	118.2
233.4	118.5
233.4	119.8
233.4	120.1
233.4	121
233.5	122
233.6	120.4
233.6	119.8
233.9	119.5
234	121
234	122.6
234	122.6
234	123.6
234	123.9
234.2	123.9
234.2	121.7
234.2	121.4
234.3	118.8
234.3	117.5
234.3	116.3
234.4	114.4
234.5	112.8
234.5	111.2
234.5	110.9
234.6	109.9
234.7	109.6
234.7	111.2
234.7	111.5
234.8	112.1
235.1	113.1
235.1	115.3
235	117.2
235.2	117.9
235.2	118.5
235.4	117.5
235.5	116.3
235.6	115.3
235.6	115.6
235.6	118.5
235.7	120.4
235.8	121
236.1	122.3
236.1	122.6
236.1	123
236.2	123.3
236.3	122.6
236.5	121.7
236.5	120.7
236.5	119.1
236.5	118.8
236.5	117.9
236.6	117.5
236.6	117.5
236.8	118.5
236.8	119.8
236.9	120.1
237.1	120.1
237.3	119.1
237.5	117.5
237.7	116.3
237.7	115.3
237.8	114.7
237.8	113.1
237.9	113.1
237.9	113.4
238.1	115.3
238.1	115.3
238.1	115
238.2	114.7
238.2	114.4
238.4	114.7
238.5	115.9
238.6	115.3
238.7	112.8
238.7	110.9
238.9	108.9
238.9	108.9
238.9	109.6
238.9	109.6
239	111.2
239.1	113.1
239.3	115.9
239.4	116.3
239.5	115.9
239.6	115
239.7	114.7
239.8	114.4
239.8	114
239.9	113.7
240	115.6
240	117.5
240	117.9
240.1	119.1
240.2	119.8
240.4	122.3
240.5	122.3
240.6	120.7
240.6	119.8
240.8	118.2
241	116.9
241.1	120.4
241	121.4
241	122.3
241	123.6
241.2	126.1
241.3	126.8
241.3	127.7
241.4	129
241.4	129.3
241.4	127.4
241.4	125.8
241.6	122.3
241.6	120.4
241.6	120.4
241.7	118.5
241.7	116.9
241.8	115.6
241.8	114.4
241.9	114
241.9	114
242.2	113.7
242.3	113.7
242.3	115.9
242.3	118.8
242.3	119.5
242.5	120.7
242.7	122.3
242.7	123
242.7	122.6
242.7	122.6
242.7	122.6
242.7	120.1
242.8	118.2
242.8	116.6
242.8	116.3
242.9	115
242.9	114.7
242.9	114.7
243	113.4
243.1	112.1
243.2	114.4
243.1	118.2
243.1	119.5
243.3	120.7
243.4	122
243.5	122
243.6	121.4
243.6	120.1
243.8	116.9
243.9	114.7
243.9	112.8
243.9	109.9
244	105.8
244.1	105.1
244.3	105.4
244.4	108
244.6	109.6
244.7	111.2
244.8	113.1
244.8	113.7
244.8	115
245	116.6
245.1	118.8
245.1	119.8
245.4	120.4
245.5	117.9
245.5	115.9
245.6	115.3
245.6	114
245.8	112.4
245.8	111.2
246	109.3
246.1	107.7
246.2	107.3
246.2	108.9
246.3	110.2
246.4	111.5
246.6	111.8
246.6	110.2
246.7	109.6
246.8	110.2
247	111.2
247.2	111.2
247.2	111.2
247.2	111.2
247.3	110.2
247.6	108.3
247.6	107.7
247.6	106.7
247.7	105.4
247.8	104.5
247.9	103.2
248	102.3
248	101.3
248	100.7
248	99.7
248.1	99.1
248.2	97.2
248.2	96.2
248.4	95.9
248.4	95.9
248.5	95.9
248.5	95.6
248.5	93.7
248.5	93.3
248.6	93
248.6	93
248.8	91.4
248.9	91.1
249	92.7
249	93
249	95.2
249	97.8
249	99.1
249.1	100.3
249.1	100.3
249.3	101.6
249.4	101.9
249.5	100.3
249.6	98.4
249.7	97.5
249.8	97.5
249.9	100
249.8	102.3
249.8	103.8
249.8	104.8
249.8	105.1
249.8	106.7
249.8	108
249.8	108.3
249.9	109.3
250	111.2
250.1	111.5
250.1	111.2
250.2	109.9
250.2	108.6
250.2	108.6
250.3	106.1
250.4	105.1
250.5	105.1
250.7	106.7
250.7	107.3
250.8	107.3
250.9	107
250.9	107
251.1	106.1
251.2	105.1
251.3	104.5
251.3	101.9
251.3	101.6
251.3	100.7
251.5	101.3
251.5	103.5
251.6	104.8
251.7	105.1
251.7	105.8
251.7	106.4
251.8	107
251.9	107.3
252	105.1
252	104.5
252	104.5
252.2	105.4
252.3	105.1
252.4	104.5
252.4	102.3
252.4	100.3
252.4	100
252.6	97.8
252.6	97.2
252.6	95.2
252.7	92.4
252.8	92.7
252.8	93
253	95.2
253	97.2
253.1	100
253.4	103.8
253.4	105.1
253.4	105.4
253.6	107.7
253.8	109.6
253.8	110.9
253.8	111.2
253.8	111.2
253.9	111.2
254	111.8
254	111.8
254.1	112.1
254.2	111.8
254.2	111.5
254.3	109.9
254.4	108.9
254.4	109.6
254.5	109.6
254.5	110.9
254.6	111.2
254.7	110.2
254.8	111.2
254.8	111.5
254.8	112.1
254.8	112.4
254.9	112.8
255	112.8
255.1	112.8
255.1	111.2
255.2	109.6
255.3	108.9
255.3	109.6
255.3	109.9
255.4	110.5
255.5	110.9
255.6	110.5
255.6	110.5
255.7	109.3
255.8	109.3
255.9	108.9
256	108.6
256.1	108
256.2	107.7
256.3	106.1
256.3	105.4
256.3	104.8
256.5	106.1
256.5	106.1
256.6	105.4
256.6	104.8
256.6	102.9
256.7	102.3
256.7	101.3
256.8	99.1
256.9	99.4
257	101.6
257.1	105.4
257.3	107.3
257.3	109.3
257.3	111.8
257.3	114
257.5	115.9
257.6	115
257.7	113.7
257.8	113.7
257.9	113.1
258	111.5
258.1	110.9
258.2	110.5
258.2	110.5
258.4	112.1
258.4	112.4
258.4	113.7
258.4	115.3
258.6	117.2
258.6	117.5
258.7	116.9
258.8	115
259.2	114.7
259.2	113.7
259.2	113.1
259.2	112.1
259.3	110.2
259.4	110.5
259.5	111.8
259.5	114
259.5	115.6
259.6	116.9
259.8	117.5
259.8	117.5
259.8	117.5
260	117.2
260.2	117.5
260.2	116.6
260.3	116.3
260.4	114.7
260.4	114
260.4	112.8
260.7	110.5
260.9	109.6
260.9	109.6
261	109.6
261.3	111.2
261.4	113.7
261.4	114.7
261.6	115.9
261.6	116.3
261.6	115
261.7	114.4
261.8	114.4
261.9	112.8
261.9	112.4
261.9	112.4
261.9	110.9
262	109.6
262.1	108
262.1	106.1
262.1	105.8
262.1	104.2
262.4	105.4
262.4	106.4
262.4	106.7
262.6	107.7
262.7	107
262.8	105.4
263.1	102.9
263.4	98.1
263.5	96.8
263.5	100
263.5	105.1
263.6	107.7
263.6	107.7
263.8	110.5
263.9	112.4
264.1	114.4
264.1	114.7
264.1	115.9
264.3	117.2
264.6	120.4
264.6	121
264.7	124.5
264.7	126.8
264.7	130.3
264.7	132.2
264.7	132.5
264.7	133.5
264.7	133.1
264.7	129.6
264.7	129
264.7	125.5
264.7	121.7
264.8	120.4
264.8	117.2
264.8	112.4
264.8	108.9
264.8	102.6
264.8	97.2
265	93
265.1	88.9
265.2	88.2
265.2	84.4
265.4	81.5
265.6	78.7
265.6	76.5
265.6	73.3
265.6	70.4
265.6	69.1
265.6	67.5
265.7	64
265.9	60.5
266	56.7
266	56.1
266.2	52.9
266.3	51.9
266.4	53.8
266.4	54.5
266.5	58
266.6	58.6
266.6	62.4
266.6	63.1
266.7	69.1
266.8	70.7
266.9	72.9
267.3	83.1
267.3	86
267.3	88.9
267.3	90.1
267.3	92.1
267.2	95.9
267.2	96.2
267.5	100.7
267.7	104.5
267.7	106.4
267.7	106.7
267.7	108.3
267.9	108.6
268.1	106.1
268.1	105.8
268.1	105.8
268.3	106.7
268.4	108.6
268.5	108.3
268.6	105.8
268.7	106.7
268.7	107.3
268.8	108.6
269	110.2
269.3	111.8
269.3	111.8
269.4	115.6
269.4	117.9
269.4	118.8
269.5	119.1
269.8	116.6
270	114.7
270.2	114.7
270.4	115.9
270.4	115.9
270.6	115.9
270.7	115.3
270.8	115.3
270.9	113.7
271.1	111.5
271.2	111.2
271.3	111.2
271.3	111.5
271.4	115
271.5	117.5
271.5	119.5
271.6	120.7
271.7	118.5
271.8	118.5
271.8	118.2
272	118.2
272.1	119.1
272.2	119.1
272.3	117.9
272.3	116.3
272.6	115.9
272.7	116.6
272.8	118.5
273	119.1
273.2	120.4
273.3	119.8
273.4	117.9
273.6	117.2
273.7	116.6
273.8	114.7
273.9	113.4
274.1	112.8
274.2	113.4
274.3	114.7
274.3	118.5
274.4	121.4
274.5	122.6
274.7	122.6
274.7	121
274.7	120.1
275	120.7
275	120.7
275.1	119.8
275.1	119.5
275.1	119.1
275.3	119.1
275.4	119.8
275.4	120.1
275.5	120.7
275.7	120.4
275.8	118.2
275.9	117.2
275.9	115.9
275.9	115
276.1	115
276.6	117.2
276.6	117.2
276.7	118.8
276.7	119.1
276.7	119.8
276.7	120.4
276.7	120.7
276.7	121.4
276.7	121.7
276.7	122
276.7	122
276.7	122
276.8	121.7
276.9	120.4
277.1	118.8
277.1	117.9
277.2	117.5
277.4	117.9
277.5	117.9
277.5	117.9
277.8	118.2
277.9	118.5
278	118.8
278	119.1
278	120.4
278	120.7
278	120.7
278.2	120.7
278.4	120.1
278.4	120.1
278.6	120.4
278.6	121.7
278.7	123.3
278.7	124.5
278.8	126.5
278.8	127.1
278.9	128.1
279	129
279	130
279.1	130.3
279.2	129.6
279.2	125.8
279.2	123
279.2	120.1
279.3	117.9
279.4	116.3
279.4	113.7
279.4	113.1
279.6	110.9
279.6	109.3
279.6	109.3
279.7	109.3
279.8	110.9
280	113.4
280	115.9
280	116.6
280.1	118.2
280.1	118.8
280.3	119.1
280.3	119.5
280.3	119.8
280.5	119.8
280.6	121.4
280.7	123.3
280.7	124.2
280.9	123.9
280.9	123
280.9	122
281	119.5
281.1	117.5
281.3	117.9
281.3	120.7
281.3	122.3
281.3	123
281.4	125.5
281.7	126.8
281.7	124.5
281.8	122
281.9	119.8
282	119.1
282.1	117.9
282.2	117.5
282.2	115.9
282.5	117.2
282.7	118.5
282.8	121
282.8	121.4
282.9	123
283.1	124.9
283.1	125.8
283.2	126.1
283.2	126.8
283.3	125.8
283.3	123.3
283.4	122
283.5	122.3
283.6	125.2
283.6	125.2
283.6	126.8
283.7	127.4
283.8	127.4
283.9	126.1
283.9	125.2
284	124.5
284.2	123.9
284.2	121.7
284.4	119.5
284.5	118.2
284.5	116.9
284.5	114.7
284.6	113.1
284.6	113.1
284.8	114.7
284.9	117.5
284.9	120.1
285	122
285.1	123.3
285.2	123.3
285.3	124.2
285.4	124.2
285.5	123.3
285.5	124.9
285.5	127.4
285.5	127.4
285.6	128.7
285.7	129.6
285.7	131.6
285.7	131.9
285.7	134.1
285.8	134.4
285.9	134.4
286	132.8
286	132.2
286.1	130
286.3	127.7
286.5	127.1
286.7	125.2
286.7	123.6
286.8	122.6
286.9	120.4
287	118.2
287.2	119.8
287.2	121.4
287.4	121.7
287.4	121.7
287.5	120.7
287.7	121.7
287.7	122.6
287.8	122
287.8	120.7
288	116.9
288.2	118.5
288.2	119.1
288.3	120.4
288.3	122.3
288.4	123.3
288.6	121.7
289.1	122
289.4	123
289.4	122.3
289.4	120.7
289.5	118.5
289.5	117.9
289.5	117.2
289.8	117.2
290	116.3
290	115.6
290	114.7
290.1	111.8
290.2	109.6
290.3	107.3
290.3	107
290.3	105.1
290.4	104.2
290.6	106.4
290.7	107.3
290.8	109.9
290.9	111.8
290.9	114.4
290.9	116.3
290.8	116.9
290.8	118.5
290.8	119.8
290.8	121.7
290.8	122.3
290.8	123.3
290.9	124.5
291	126.1
291.1	126.8
291.4	127.1
291.5	124.5
291.5	123.9
291.5	122.3
291.6	120.1
291.8	121
291.8	122
291.9	122
292	123
292	124.2
292.2	123.9
292.2	123.3
292.3	121.4
292.6	119.5
292.8	116.3
292.8	114
292.9	112.4
292.9	112.1
293.1	113.7
293.1	114
293.3	114.4
293.3	113.1
293.3	112.8
293.4	112.8
293.5	114
293.5	115.6
293.6	117.9
293.7	118.8
293.9	118.5
293.9	118.2
293.9	117.2
294.1	117.2
294.1	117.2
294.2	116.9
294.3	115.9
294.3	115.3
294.4	114.4
294.7	115
294.7	115.9
294.9	117.2
295	119.1
295	121.4
295	124.2
295	124.5
295	126.5
295.1	127.4
295.1	127.4
295.2	127.4
295.2	125.8
295.3	123.9
295.4	123.6
295.4	122.3
295.5	122.3
295.6	123.9
295.6	124.2
295.7	124.2
295.9	123.6
295.9	123.6
296	123.6
296	124.9
296	125.8
296.1	126.8
296.1	127.7
296.2	129.3
296.3	131.6
296.4	133.1
296.5	134.1
296.5	134.7
296.6	136
296.6	137.3
296.7	137.3
296.7	137.6
296.8	138.9
297	139.8
297	139.8
297	139.8
297.3	138.2
297.3	134.4
297.3	130.9
297.3	130.6
297.3	127.7
297.3	125.8
297.3	125.5
297.4	124.9
297.5	123
297.6	122
297.6	121.7
297.8	122
297.9	123.6
298.1	123.9
298	121.4
298.1	119.8
298.2	117.9
298.3	116.3
298.3	114.7
298.5	114.4
298.7	115.9
298.7	116.3
299	117.9
299.2	120.7
299.4	122
299.4	123
299.4	123.3
299.4	123.9
299.5	123.9
299.6	124.2
299.7	125.2
299.7	126.5
299.8	127.4
299.9	127.1
300	126.1
300	125.8
300	124.2
300.1	123.9
300.2	124.9
300.3	125.8
300.5	125.8
300.5	125.8
300.6	125.2
300.6	123.6
300.7	122.6
300.7	121.4
300.9	120.7
301	121
301	122.6
301.1	124.5
301.1	125.8
301.2	126.1
301.3	125.5
301.4	125.5
301.5	124.2
301.7	123
301.7	122.6
301.8	122.6
301.9	125.2
302	127.4
302.2	129.6
302.2	130
302.2	131.2
302.2	131.6
302.3	129.3
302.3	129
302.4	127.7
302.6	127.7
302.6	128.4
302.7	127.4
302.7	127.1
302.7	125.8
303	126.5
303	126.8
303.1	126.1
303.2	123.9
303.2	122.3
303.2	120.4
303.3	120.1
303.4	119.5
303.6	122
303.6	124.5
303.7	124.9
303.9	122.6
304	122
304.1	123.3
304.2	124.9
304.3	125.5
304.6	124.5
304.7	125.8
304.8	126.8
305	125.8
305	125.8
305	125.8
305	125.5
305.1	127.4
305.2	128.1
305.3	126.8
305.5	125.2
305.6	123.9
305.7	123.6
305.7	122
305.9	120.4
306	119.5
306.1	119.8
306.2	122.3
306.3	125.2
306.3	125.8
306.5	123.9
306.6	124.9
306.6	125.8
306.6	127.1
306.9	128.7
306.9	128.7
307.1	126.8
307.1	123.6
307.2	121.4
307.3	120.4
307.3	119.5
307.4	118.2
307.4	115.9
307.5	114.4
307.6	113.4
307.7	111.5
307.8	111.2
307.9	113.4
308	114.7
308	114.7
308.2	114
308.2	113.1
308.3	113.7
308.4	114
308.6	113.7
308.6	112.8
308.7	112.1
308.8	113.4
308.8	115.3
308.9	118.2
308.9	118.5
308.9	118.5
309	120.4
309.2	121
309.3	120.7
309.4	120.1
309.5	121.4
309.6	123.9
309.8	126.1
309.9	127.1
310	128.4
310.2	130
310.2	130
310.2	130.9
310.3	130.9
310.4	127.7
310.4	125.5
310.5	123.3
310.5	122.6
310.6	121.4
310.6	120.7
310.7	123
310.7	123.9
310.8	124.5
310.8	126.1
310.9	126.8
311	127.1
311.1	126.1
311.1	123.3
311.1	121.4
311.1	119.8
311.2	119.1
311.3	118.8
311.4	118.2
311.6	118.2
311.7	118.2
311.8	119.5
311.9	121.7
311.9	122.6
312.1	123.9
312.2	123
312.3	124.5
312.3	126.1
312.5	127.4
312.7	128.4
312.9	128.1
313	125.8
313	125.8
313.1	126.1
313.2	124.9
313.2	122.6
313.2	120.4
313.2	120.1
313.3	118.8
313.4	117.2
313.5	115.3
313.6	115
313.7	116.6
313.7	117.5
313.7	119.1
313.7	119.1
313.8	119.5
313.9	116.9
314.1	117.2
314.1	117.9
314.1	119.1
314.3	122
314.3	122
314.4	123.3
314.4	123
314.6	120.1
314.6	119.1
314.7	117.2
314.8	117.2
314.8	119.1
314.8	121
314.9	122.6
315.2	124.2
315.2	124.9
315.4	126.8
315.5	128.1
315.5	128.4
315.6	128.4
315.6	128.4
315.6	126.8
315.6	124.9
315.6	123
315.6	121.7
315.8	120.7
315.8	120.4
315.9	120.1
316	121
316.1	122.6
316.2	123.9
316.3	123.3
316.4	123
316.4	122
316.4	120.7
316.4	120.7
316.6	119.5
316.6	117.5
316.7	116.6
316.8	116.3
317	115.3
317	114.4
317	116.6
317	116.9
317	119.5
317	119.5
317.2	121.4
317.3	122.6
317.5	123.3
317.7	123.6
317.7	125.8
317.7	126.1
317.7	128.1
317.9	128.7
318	130
318.1	131.6
318.1	132.8
318.2	130.9
318.3	129
318.3	128.7
318.4	127.1
318.5	124.9
318.5	122.6
318.5	122.3
318.5	122.3
318.5	121
318.5	119.8
318.4	116.6
318.4	115.6
318.5	115.6
318.7	115.3
318.7	118.5
318.7	121
318.8	122
318.9	123.3
318.9	124.5
319.1	125.5
319.2	124.9
319.3	123.6
319.3	123.6
319.4	123.6
319.6	125.5
319.6	127.1
319.7	128.7
319.7	129
320	127.1
320.1	125.8
320.1	125.5
320.1	124.9
320.1	123.3
320.2	123
320.2	123
320.3	122
320.3	121.4
320.3	121
320.3	120.7
320.4	120.1
320.4	119.1
320.4	118.2
320.6	117.2
320.6	116.9
320.6	116.9
320.7	115.3
320.8	114.4
320.8	114.4
321	114.7
321	117.5
321.1	119.8
321.2	121.7
321.2	123.6
321.2	123.9
321.2	125.8
321.2	127.4
321.2	130.3
321.2	130.9
321.2	132.2
321.2	132.5
321.2	133.8
321.2	135.4
321.5	137.3
321.6	136
321.6	135.4
321.7	133.5
321.8	130.6
321.8	129
321.8	126.8
321.8	126.8
321.9	128.4
322	129.6
322	130
322.2	129
322.2	126.1
322.3	124.5
322.3	123
322.3	120.7
322.3	120.4
322.3	120.4
322.3	118.8
322.4	117.5
322.4	116.3
322.4	114.7
322.5	114.4
322.5	113.7
322.6	112.8
322.6	111.8
322.8	112.8
322.9	114.4
323	118.5
323	119.1
323	119.8
323.2	120.7
323.3	121.4
323.4	119.8
323.5	119.5
323.6	119.5
323.7	120.4
323.8	122.3
323.9	124.2
324.1	124.9
324.2	124.9
324.3	123
324.3	122.6
324.3	121
324.3	120.7
324.3	118.5
324.3	117.5
324.3	117.2
324.4	116.6
324.5	115.9
324.5	115.6
324.6	114.7
324.6	113.7
324.6	113.1
324.8	111.8
324.9	113.4
324.9	114.7
325	116.6
325.1	117.2
325.2	117.2
325.3	116.3
325.3	115.9
325.4	118.2
325.5	119.1
325.6	120.7
325.6	120.7
325.7	122
325.8	123.3
326	123
326	123
326	122.3
326	121
326.1	120.1
326.2	118.8
326.2	118.8
326.2	117.2
326.3	116.9
326.3	118.8
326.3	120.1
326.3	121.4
326.3	123.3
326.4	124.5
326.4	124.9
326.4	124.9
326.4	126.5
326.5	128.7
326.5	130
326.5	130
326.6	131.2
326.7	131.9
326.7	132.2
326.7	132.2
326.9	130
326.9	129
327	128.4
327.2	128.1
327.4	127.1
327.4	126.8
327.4	125.2
327.4	123.9
327.4	120.7
327.5	120.4
327.5	118.2
327.5	117.9
327.6	115.9
327.6	114.4
327.7	112.1
327.8	110.5
327.9	109.9
327.9	109.9
328.1	111.5
328.2	115
328.2	117.9
328.2	120.4
328.3	123.3
328.4	125.5
328.4	126.1
328.6	128.4
328.7	130.3
328.8	129.3
328.8	125.5
328.8	123.3
329	122
329.2	119.8
329.4	117.9
329.4	117.2
329.6	115.9
329.8	114
329.8	113.7
330	111.8
330	110.2
330	109.6
330.2	109.3
330.2	109.6
330.3	109.3
330.4	107.3
330.4	107
330.4	107
330.5	108.9
330.5	111.2
330.6	112.4
330.7	112.1
330.8	113.1
330.9	115.9
331.1	118.8
331.1	119.5
331.1	121
331.2	122.6
331.2	122.6
331.3	123
331.4	122.6
331.5	120.4
331.7	118.5
331.8	119.8
331.9	120.1
332	119.8
332.2	117.9
332.2	117.9
332.3	115.3
332.3	112.4
332.4	110.5
332.6	109.3
332.8	108.3
332.9	108.3
332.9	108.3
333	108.9
333.1	111.2
333.1	111.5
333.1	112.8
333.3	114
333.3	114.4
333.3	115.3
333.4	115.6
333.5	113.4
333.6	112.8
333.9	113.1
334	110.9
334	110.2
334	108.9
334.1	108
334.2	106.4
334.2	103.8
334.2	102.6
334.3	101
334.3	99.1
334.4	97.8
334.4	95.9
334.4	94.9
334.4	94.6
334.4	94.6
334.4	94
334.4	93.7
334.7	94
334.8	94
334.8	92.7
334.9	91.1
334.9	89.2
335	88.6
335	88.6
335.1	88.6
335.2	88.6
335.3	89.2
335.5	91.7
335.5	92.1
335.5	90.5
335.6	90.1
335.7	87.6
335.8	85.1
335.8	83.5
335.9	82.8
336.1	85.1
336.1	87.9
336.1	88.2
336.1	90.1
336.1	90.8
336.1	93.7
336.2	98.1
336.2	98.1
336.2	98.1
336.3	102.9
336.3	105.1
336.5	107.7
336.5	108.6
336.5	110.2
336.5	111.8
336.7	110.2
336.8	109.9
336.9	111.5
336.9	111.8
337	112.4
337.1	114.7
337.3	116.3
337.4	117.9
337.5	119.8
337.6	120.1
337.7	118.8
337.8	115.6
337.9	109.3
338	106.1
338.1	103.2
338.1	100.3
338.1	100
338.2	97.8
338.3	95.9
338.5	98.1
338.6	97.2
338.8	95.2
339	93.7
339.1	92.4
339.1	91.4
339.1	91.1
339.1	90.1
339.1	88.9
339.1	88.6
339.3	89.2
339.3	89.2
339.4	91.1
339.5	92.4
339.8	92.4
339.8	92.4
340	92.7
340.1	93.3
340.2	96.2
340.3	97.8
340.5	97.2
340.6	96.5
340.6	94.9
340.6	91.7
340.6	90.5
340.8	88.9
340.8	90.1
340.8	90.5
340.8	93
340.8	94.6
341.1	97.2
341.2	97.5
341.4	95.6
341.4	95.2
341.5	94
341.6	93.3
341.9	94.3
341.9	96.5
341.9	98.1
342.2	99.4
342.4	96.8
342.4	96.5
342.4	94.9
342.5	92.7
342.5	91.1
342.6	90.1
342.7	91.4
342.9	94.9
342.9	98.4
342.9	99.7
343	101.3
343.2	103.5
343.2	103.8
343.3	105.8
343.3	106.1
343.4	102.3
343.5	99.1
343.6	97.5
343.6	97.2
343.6	95.6
343.7	93.3
343.8	92.1
344.1	88.2
344.1	87.9
344.1	87.9
344.1	90.8
344.3	94.6
344.5	98.4
344.6	101
344.6	104.8
344.7	109.3
344.7	109.3
344.7	111.8
344.9	110.5
345	106.4
345.2	102.6
345.3	98.4
345.3	95.9
345.3	94.9
345.3	93.7
345.3	90.8
345.3	88.9
345.3	87
345.4	86.6
345.6	87
345.6	90.1
345.7	92.1
345.8	91.4
345.9	90.8
345.9	89.8
346.2	88.6
346.7	86.3
346.9	86
347	88.6
347.1	91.7
347.3	95.2
347.4	97.5
347.6	95.9
347.8	94.3
348.2	93.3
348.2	93.7
348.3	95.2
348.3	96.8
348.4	100.7
348.4	103.8
348.7	108
348.7	109.9
348.7	110.2
348.9	110.2
349.1	108.3
349.1	108
349.2	105.1
349.3	101.6
349.2	97.2
349.2	95.9
349.1	93
349.1	90.1
349.1	89.2
349.2	87.3
349.2	86
349.3	85.1
349.3	84.4
349.4	83.5
349.4	83.1
349.6	84.7
349.7	87.9
349.7	88.2
349.7	91.1
349.8	92.1
349.9	92.7
350.3	91.4
350.3	91.7
350.3	93
350.4	94.6
350.5	95.2
350.5	95.9
350.7	96.8
350.8	97.8
350.8	98.1
350.9	98.4
350.9	98.7
351.1	99.1
351.1	99.1
351.1	100.7
351.1	100.7
351.7	99.7
351.9	99.7
352	100.3
352.1	101.6
352.1	101.9
352	103.2
352	104.5
352	104.5
352.1	105.1
352.4	105.1
352.5	103.8
352.5	102.9
352.6	101.6
352.8	100.7
352.8	100.3
352.8	101.3
352.8	103.5
352.8	104.5
352.9	105.8
353	106.1
353.1	106.4
353.2	107.3
353.2	109.3
353.3	110.2
353.3	110.2
353.4	110.5
353.4	110.5
353.5	110.5
353.6	109.6
353.6	109.3
353.7	108.3
353.9	106.4
354	104.8
354.2	103.5
354.2	101.6
354.2	101
354.4	101.3
354.4	103.5
354.4	103.5
354.4	105.1
354.5	105.1
354.6	105.1
354.8	104.2
355.1	103.8
355.2	103.8
355.3	102.6
355.5	101.3
355.5	100.3
355.6	101.6
355.6	101.6
355.7	105.4
355.9	107.7
356.1	109.6
356.1	110.9
356.1	114.4
356.2	116.9
356.2	116.9
356.4	120.4
356.7	121
356.7	121
356.7	122
356.8	123
356.8	123.9
356.8	125.5
356.8	125.5
356.8	126.5
356.8	128.1
356.8	129.3
356.9	130
356.9	130.9
356.9	130.9
356.9	131.9
356.9	132.5
357.1	132.8
357.2	131.9
357.3	130
357.5	127.4
357.5	125.5
357.6	124.2
357.6	123.9
357.7	121.7
357.7	121.4
357.7	121.4
357.7	120.1
357.9	117.9
357.9	117.9
357.9	117.9
358	118.2
358.2	120.4
358.3	123.3
358.3	123.6
358.4	125.5
358.4	126.5
358.4	126.8
358.5	126.8
358.5	124.9
358.6	123
358.6	121
358.8	119.5
358.9	117.9
358.9	117.9
359	118.2
359.1	120.1
359.1	120.4
359.2	122
359.3	122.3
359.4	120.7
359.6	118.8
359.8	119.5
359.8	120.4
359.8	121.7
359.9	123
360.2	123.9
360.2	124.5
360.2	124.5
360.3	122.6
360.4	122
360.6	121.7
360.7	122
360.8	121.7
360.8	120.7
360.8	119.5
361	117.5
361	117.2
361	115.6
361	113.4
361	112.4
361.2	109.3
361.3	107.7
361.3	107.3
361.3	107.7
361.5	111.5
361.5	114.7
361.5	115
361.5	116.3
361.6	116.9
361.8	117.2
361.9	117.2
362	117.5
362.1	117.9
362.1	117.9
362.1	116.9
362.1	115.6
362.2	113.4
362.3	111.8
362.3	109.6
362.3	108.9
362.3	108.3
362.5	108.6
362.6	113.4
363	113.7
363.1	115.3
363.1	115.3
363.1	116.9
363.2	118.5
363.4	119.8
363.4	119.8
363.5	118.5
363.7	116.9
363.7	117.9
363.7	118.2
363.8	119.5
363.9	120.7
364.1	119.5
364.4	117.2
364.6	116.9
364.6	117.9
364.6	117.9
364.6	118.8
364.7	119.5
364.8	119.8
364.9	118.5
365	116.3
365.2	115
365.2	113.7
365.2	111.8
365.2	110.2
365.4	111.2
365.4	113.1
365.4	113.4
365.4	114.7
365.5	115.9
365.7	115.9
365.8	114.7
366	115.3
366	117.2
366	117.5
366.2	118.5
366.2	118.5
366.2	118.8
366.2	119.5
366.3	119.8
366.3	119.8
366.5	119.1
366.5	118.5
366.6	116.9
366.6	115.6
366.8	113.7
366.8	112.8
367.1	111.8
367.1	111.8
367.3	111.8
367.5	113.7
367.5	115
367.6	115
367.8	115
368	113.7
368.1	112.1
368.2	111.8
368.2	112.4
368.3	113.7
368.3	116.3
368.3	118.2
368.3	119.8
368.5	122
368.5	122.3
368.6	122.3
368.9	121
368.9	121
369.1	122.6
369.2	122.6
369.2	120.1
369.2	119.5
369.2	118.2
369.2	117.9
369.2	116.6
369.4	114.7
369.5	115
369.5	118.5
369.6	119.8
369.6	120.7
369.6	122
369.9	122.6
369.9	123
369.9	123.6
370.1	124.5
370.2	124.9
370.3	124.9
370.4	123
370.4	122.3
370.5	122
370.7	121.4
370.8	120.7
370.9	120.4
370.9	119.8
371.2	119.1
371.2	118.8
371.3	118.2
371.4	117.9
371.4	117.2
371.5	116.9
371.5	115.9
371.6	115.3
371.8	115
371.8	115.3
371.9	116.3
372	117.2
372	118.2
372.1	119.5
372.2	121
372.2	123
372.2	124.2
372.2	124.5
372.4	125.8
372.6	126.8
372.6	128.1
372.7	130
372.7	131.9
372.8	132.8
372.9	134.1
373	135.1
373	135.4
373	135.7
373.3	138.6
373.4	138.6
373.4	139.2
373.4	138.2
373.5	135.7
373.6	133.5
373.7	130.6
373.7	129.6
373.7	127.1
373.9	125.2
373.9	124.9
373.9	123.9
374	123
374.1	122
374.2	121.4
374.2	120.4
374.3	118.8
374.4	118.8
374.5	120.7
374.5	122.6
374.6	123.9
374.7	124.5
374.9	126.1
374.9	126.1
375	126.5
375.1	126.5
375.1	124.9
375.1	123.9
375.3	123.9
375.4	122.3
375.5	121
375.5	120.7
375.5	120.1
375.6	119.1
375.7	118.8
375.8	118.8
375.8	119.1
375.8	118.8
375.9	120.1
375.9	121
376.1	123.6
376.1	123.6
376.1	124.9
376.1	126.8
376.3	127.7
376.5	127.1
376.5	125.8
376.7	125.8
377	127.1
377	128.1
377.2	127.1
377.2	124.9
377.2	124.5
377.2	123.9
377.4	123
377.4	123
377.5	122.3
377.6	120.4
377.7	119.8
377.8	119.1
378	119.8
378	120.1
378	121.4
378	123.3
378.2	124.5
378.2	124.5
378.4	123.3
378.4	121.7
378.5	121.4
378.5	122
378.5	122.3
378.5	123.3
378.5	123.9
378.6	123.9
378.6	123.3
378.7	123
378.8	121
378.8	120.7
378.8	120.4
378.9	122
379	123.6
379	124.9
379.1	126.1
379.1	126.5
379.2	127.4
379.2	128.1
379.3	128.7
379.4	129.3
379.6	129
379.6	128.1
379.8	127.4
380	126.5
380.1	125.2
380.2	123.9
380.4	123.9
380.5	126.1
380.5	126.5
380.6	126.8
380.7	127.1
380.8	127.1
380.9	127.1
380.9	125.2
380.9	123.9
380.9	122.3
381.1	121.7
381.2	122
381.3	123.3
381.5	123.6
381.5	123.3
381.5	123
381.5	123
381.6	123.3
381.7	123.9
381.7	123.9
381.8	123.9
381.9	124.5
382	125.8
382	127.4
382.1	128.4
382.1	129
382.1	130.9
382.1	130.9
382.3	131.6
382.3	131.6
382.4	131.9
382.4	131.9
382.6	130.9
382.6	130.3
382.7	129
382.7	128.7
382.7	127.1
382.7	125.8
382.7	125.5
382.7	124.2
382.7	123.9
382.8	124.5
382.9	125.5
382.9	125.5
383	124.5
383.2	125.5
383.2	125.5
383.3	124.9
383.4	123.9
383.4	123.9
383.5	125.2
383.5	125.8
383.6	126.1
383.7	127.4
383.7	127.7
383.7	129.3
383.8	129.6
383.8	130
384	130.3
384.1	130.3
384.2	127.7
384.2	126.5
384.1	123.9
384.1	123.6
384.2	121.7
384.3	119.5
384.3	121.7
384.4	122.6
384.4	123.9
384.5	125.8
384.5	127.4
384.6	128.4
384.7	130
384.8	130.6
385	130
385	127.4
385.1	126.8
385.3	126.1
385.6	124.5
385.6	123.3
385.7	124.5
385.7	124.5
385.7	126.1
385.7	126.1
385.8	127.1
386	126.1
386	125.2
386.1	124.9
386.3	125.8
386.3	125.8
386.4	125.2
386.5	123
386.7	121
386.7	118.5
386.7	117.2
386.9	117.9
386.9	116.9
387	116.6
387.1	115.3
387.1	114.7
387.3	114
387.3	116.6
387.3	117.5
387.3	119.1
387.3	119.5
387.4	120.7
387.4	121
387.5	122
387.5	122
387.7	122.3
387.8	121
387.9	120.1
387.9	122.3
388	122.3
388.1	122.3
388.2	121.4
388.2	120.4
388.2	118.8
388.2	118.8
388.3	117.2
388.3	117.2
388.3	115.9
388.3	114.7
388.4	113.1
388.5	113.4
388.5	114.7
388.5	116.6
388.5	116.9
388.5	117.9
388.6	118.2
388.8	118.5
388.9	116.9
388.9	115.9
389.1	116.9
389.1	119.1
389.2	121.7
389.2	123
389.2	124.5
389.3	125.8
389.4	126.5
389.4	126.8
389.7	128.4
389.7	128.4
389.8	126.8
389.9	126.5
390	126.8
390	128.1
390	129.3
390.4	129.3
390.4	126.8
390.4	124.9
390.5	123.6
390.5	122.3
390.6	121
390.8	121.7
390.8	122
390.8	123.9
390.8	125.2
390.9	126.1
391	127.1
391.2	128.1
391.2	126.8
391.3	126.1
391.3	125.2
391.3	123.6
391.3	123
391.4	122
391.4	121.7
391.4	119.8
391.4	118.8
391.6	118.8
391.7	118.5
391.8	118.8
391.9	119.8
392	121.7
392	122
392.2	122
392.2	122.6
392.4	123.3
392.6	123.6
392.8	124.5
392.9	126.1
392.9	127.1
393	128.4
393	128.4
393	130.3
393.1	131.2
393.1	132.2
393.2	134.1
393.3	135.7
393.5	135.1
393.5	132.5
393.6	130.6
393.7	129.3
393.7	128.7
393.7	128.4
393.7	127.7
393.9	126.8
393.9	126.8
393.9	126.5
394.1	126.5
394.1	126.8
394.3	127.1
394.3	127.7
394.4	127.4
394.4	126.8
394.5	126.5
394.5	125.5
394.7	125.8
394.7	126.1
394.9	127.4
395.1	127.1
395.1	127.1
395.1	126.5
395.3	127.1
395.3	128.7
395.5	130.3
395.5	131.2
395.5	131.6
395.7	131.9
395.8	131.2
395.9	130.6
395.9	132.5
396.1	134.7
396.2	136.3
396.3	137
396.4	137.3
396.4	137
396.5	136.3
396.5	133.8
396.6	130.6
396.6	128.7
396.6	128.4
396.8	127.4
396.8	125.8
397	125.8
397	125.8
397.4	122.3
397.4	120.7
397.4	117.5
397.5	110.9
397.5	110.9
397.5	109.9
397.6	106.7
397.6	103.8
397.6	103.2
397.6	100
397.6	95.9
397.7	90.5
397.7	83.1
397.7	82.5
397.6	79.3
397.6	78.7
397.6	76.5
397.5	72
397.5	67.5
397.6	66.6
397.6	63.1
397.6	62.1
397.7	57.7
397.7	50.7
397.7	47.8
397.7	45.2
397.7	38.5
397.7	38.5
397.8	34.1
397.8	30.6
397.8	27.1
397.9	26.4
397.9	25.2
397.9	24.8
397.9	23.3
398	22.3
398	21
398	19.4
398.1	18.2
398.1	17.8
398.2	17.5
398.2	16.2
398.3	15.3
398.4	14.3
398.4	13.7
398.6	13.1
398.7	12.7
398.8	12.4
398.9	12.4
399	12.1
399.1	11.5
399.2	11.2
399.4	11.2
399.4	11.2
399.7	12.4
399.9	13.1
400	12.7
400.1	12.1
400.1	11.8
400.3	11.5
400.5	11.8
400.7	12.7
400.7	13.4
400.9	13.7
400.9	13.7
401.2	15
401.4	15
401.6	14.7
401.7	14.7
401.7	14.7
402	15.6
402	15.6
402.1	15.9
402.2	15.9
402.2	15.9
402.5	16.2
402.6	16.6
402.6	15.9
402.7	15.6
402.7	15
402.9	15.9
403.2	16.9
403.2	16.9
403.4	17.5
403.5	17.5
403.7	17.5
403.8	17.5
403.9	17.5
404.1	16.6
404.3	16.2
404.4	16.6
404.5	15.3
404.5	15
404.6	15
404.7	15.3
404.8	15.6
404.9	17.2
405.1	18.2
405.3	18.8
405.3	19.1
405.7	21
405.7	20.7
405.7	19.8
405.7	19.4
405.9	18.8
405.9	18.5
406.1	17.5
406.3	16.9
406.5	17.8
406.6	18.8
406.6	20.4
406.6	21.7
406.8	22.6
406.9	22.9
407.1	24.5
407.3	24.5
407.4	22.9
407.5	22.6
407.6	22.3
407.8	22.3
407.8	22.6
407.9	23.9
408.1	24.2
408.1	24.2
408.3	24.2
408.3	21.7
408.4	21
408.6	22.6
408.7	23.9
408.7	25.2
408.8	26.1
409	26.1
409.1	25.8
409.1	27.1
409.2	28.7
409.4	29.9
409.5	31.2
409.7	32.5
409.8	33.4
409.8	34.1
409.8	34.1
410	35.7
410	36
410.1	37
410.2	37.3
410.3	35.4
410.3	35
410.4	33.4
410.5	34.4
410.5	34.7
410.5	35
410.6	36.3
410.7	37.3
410.8	37.3
411	37.3
411.1	35.7
411.4	34.1
411.6	33.8
411.9	33.1
412	33.1
412.1	34.1
412.3	35
412.5	35.7
412.5	35.7
412.7	34.7
412.8	33.8
412.9	33.1
413.1	32.5
413.2	32.8
413.3	34.4
413.4	34.7
413.5	36
413.7	37
413.8	37.9
413.8	38.2
413.9	38.5
414.2	38.5
414.4	37.3
414.7	37
414.8	37
414.9	37
415	37
415	36
415.1	36
415.4	37.6
415.5	36.6
415.5	35.7
416	35.7
416	36.6
416.2	36.3
416.2	36
416.2	35
416.4	34.4
416.5	33.4
416.6	31.2
416.6	30.3
416.8	29.3
417	28
417	27.7
417.1	26.8
417.2	26.1
417.5	26.1
417.5	27.4
417.7	29.9
417.7	31.5
417.8	33.8
418	35.4
418.2	37
418.3	37.3
418.3	37.3
418.4	35.4
418.4	34.7
418.5	32.5
418.5	32.2
418.5	31.5
418.5	30.3
418.5	30.3
418.5	29.3
418.6	29.3
418.7	29.3
418.8	29.6
418.9	30.6
419.1	31.2
419.1	32.2
419.3	33.4
419.4	32.8
419.4	31.2
419.5	29.3
419.7	28.4
419.8	29.9
419.8	30.3
419.8	31.5
419.7	34.1
419.7	34.4
419.8	34.7
419.9	34.1
420.1	33.1
420.3	34.4
420.3	35.7
420.4	37
420.7	37.9
420.7	39.2
420.7	41.1
420.8	41.7
420.8	42.7
420.8	43.6
420.8	44
421	45.2
421.2	45.6
421.5	44.3
421.8	42.4
421.8	40.1
421.8	39.8
421.8	37.9
421.9	35.4
421.9	33.4
422.3	34.4
422.4	36
422.4	36
422.6	37
422.8	36
422.8	36
422.8	33.8
422.9	32.5
423	31.9
423.1	30.6
423.1	29.6
423.2	29.6
423.2	31.2
423.4	32.8
423.6	35
423.7	35
423.8	35.7
423.9	36.6
423.9	36.6
424	35.4
424.1	34.7
424.1	34.1
424.2	33.1
424.2	32.8
424.4	32.2
424.4	31.9
424.6	31.5
424.7	32.2
424.8	32.2
424.8	31.5
424.9	30.6
424.9	29.9
425.1	29
425.1	29
425.2	29
425.3	30.3
425.3	30.9
425.4	30.3
425.5	28.7
425.6	28.7
425.7	28.4
425.8	29.6
425.8	29.6
425.8	30.6
425.9	30.9
425.9	32.8
426.2	30.9
426.3	29.9
426.7	30.3
426.7	29
426.8	26.8
426.7	24.8
426.7	24.2
426.7	22.9
426.7	21.3
426.8	20.7
426.8	19.4
427	17.2
427.1	15.3
427.2	14.3
427.6	17.8
427.8	22.3
427.8	26.4
427.9	30.6
427.9	30.9
428	36
428	36.3
428	37.9
428.3	41.1
428.3	41.4
428.5	44.9
428.5	46.8
428.5	50.3
428.6	54.2
428.6	57
428.7	62.1
428.8	64
428.8	64.7
429	66.6
429	66.9
429	67.2
429	67.2
429.2	66.6
429.2	64
429.2	58.6
429.3	57.3
429.4	55.7
429.5	54.2
429.6	53.8
429.6	52.2
429.6	49.1
429.8	47.8
429.8	46.5
429.9	44.3
430	43.3
430	41.4
430.1	39.5
430.1	39.2
430.3	39.5
430.4	42.7
430.4	42.7
430.6	45.6
430.7	48.1
430.7	50
430.9	51.9
430.9	53.8
430.9	55.7
431.1	57
431.1	57.7
431.2	56.7
431.3	54.2
431.7	53.2
431.9	54.5
432.2	55.7
432.2	55.4
432.2	52.6
432.2	49.7
432.3	49.1
432.3	49.1
432.5	48.4
432.9	46.8
432.9	46.2
432.9	44.6
432.9	42.1
432.9	40.1
433.1	38.2
433.2	37
433.4	36
433.4	36.3
433.6	37.9
433.8	42.4
433.8	47.5
433.8	47.8
433.9	50.3
433.9	52.6
434	56.1
434	60.5
434.1	62.8
434.1	64
434.3	66.6
434.5	67.9
434.6	68.5
434.6	65.9
434.6	64.3
434.6	61.5
434.7	57
434.9	56.7
435.1	58.9
435.2	58.3
435.2	55.4
435	52.2
435.1	51.3
435.2	50.7
435.4	49.4
435.6	45.9
435.7	43.3
435.7	43
435.8	38.2
435.8	34.1
435.8	30.6
435.8	27.1
435.8	27.1
435.9	22.6
436	21.7
436.2	20.1
436.4	19.4
436.7	22
436.8	22.6
437.1	23.3
437.1	21.7
437.2	21.3
437.3	20.1
437.4	18.2
437.5	16.2
437.5	14.7
437.7	14
437.9	14
438	14.7
438.1	14.7
438.1	14.3
438.2	13.4
438.3	13.4
438.3	13.4
438.4	12.7
438.4	12.4
438.5	11.8
438.5	11.2
438.6	10.5
438.8	9.9
438.9	9.9
439.1	11.8
439.5	11.8
439.7	11.2
440	11.2
440	11.2
440.2	11.8
440.4	13.1
440.5	13.4
440.6	14.7
440.6	18.2
440.6	19.4
440.6	22
440.7	25.8
440.7	28.7
441	36.6
441.3	45.2
441.3	45.6
441.4	51.9
441.5	59.9
441.6	65
441.7	72
441.7	74.5
441.7	79
441.7	79.3
441.8	82.2
441.8	82.5
442	82.5
442.1	81.9
442.1	80
442.1	81.5
442.3	87
442.4	92.4
442.5	97.2
442.7	101.3
442.7	103.8
442.7	104.5
442.7	107
442.7	107.3
442.8	104.2
442.9	100
442.9	96.2
442.9	93
442.9	84.1
443	80
443.2	80.6
443.2	83.1
443.5	85.1
443.5	83.5
443.5	80.6
443.6	72.3
443.6	71.7
443.5	62.4
443.5	54.2
443.7	48.1
443.7	47.1
444	44
444.1	40.8
444.2	37.6
444.3	34.4
444.5	32.2
444.5	30.9
444.7	28.7
444.9	31.9
445	30.6
445.1	28.7
445.3	27.4
445.4	29.3
445.6	31.5
445.8	32.2
445.8	32.2
446	30.6
446.1	27.7
446.2	26.1
446.2	24.2
446.2	22.6
446.2	21
446.3	20.1
446.4	20.7
446.6	22.3
446.8	25.5
446.8	26.8
446.8	27.7
447	30.9
447.1	32.2
447.2	31.5
447.2	30.9
447.3	29
447.4	25.5
447.4	24.5
447.5	22.9
447.5	22.9
447.5	22
447.6	21
447.6	20.7
447.7	22.9
447.8	26.1
448	29.3
448.2	31.9
448.3	35
448.5	41.4
448.7	41.1
448.7	39.8
448.8	39.5
448.8	39.2
448.9	41.1
449	42.1
449.3	44.3
449.5	46.2
449.5	47.5
449.7	49.1
449.9	50
450	50
450	49.4
450.2	48.1
450.5	47.8
450.5	47.5
450.6	45.6
450.7	44.6
450.8	42.7
450.9	40.5
451	38.9
451.1	37
451.1	35.4
451.3	34.1
451.4	33.1
451.5	30.6
451.6	29.3
451.7	29.6
451.9	30.3
451.9	32.5
451.9	32.8
452	34.1
452	35.7
452.2	36.6
452.2	37
452.4	37.3
452.5	37.3
452.6	37
452.8	35
452.8	34.7
452.8	34.1
452.9	35.7
452.9	36
453	37
453.1	37.6
453.1	38.5
453.4	38.9
453.4	38.2
453.5	37
453.6	37
453.7	37
453.8	39.2
453.8	39.5
453.9	41.7
454	43.3
454	43.6
454.2	46.8
454.2	47.1
454.2	48.1
454.4	49.7
454.4	50.3
454.7	51
454.7	49.4
454.9	48.4
455.1	47.1
455.1	46.2
455.1	46.2
455.2	45.2
455.2	44.3
455.3	44
455.3	41.7
455.3	41.1
455.3	40.5
455.4	39.5
455.4	39.5
455.5	39.2
455.6	40.8
455.6	40.8
455.6	42.1
455.6	43.3
455.8	43.3
455.9	42.7
456	42.1
456.1	43
456.1	44.9
456.2	44.9
456.3	45.2
456.3	45.2
456.5	44
456.5	42.7
456.7	41.7
456.7	41.4
456.8	43.3
456.9	44.6
457.1	45.2
457.2	44.9
457.3	43.3
457.3	43
457.4	44.6
457.5	44.6
457.5	43.6
457.7	42.7
457.8	42.7
457.9	42.4
458	42.4
458.2	44
458.3	44
458.4	43.6
458.4	43.3
458.5	42.1
458.6	41.1
458.6	40.5
458.6	39.8
458.8	37.9
458.8	37.9
459	37.6
459	37.3
459	36
459.1	35.7
459.2	35
459.4	34.1
459.6	33.8
459.6	34.1
459.6	36.3
459.6	37
459.7	38.2
459.8	40.5
459.8	40.8
459.9	41.7
460	43
460	43.3
460.2	44
460.2	44.3
460.3	45.6
460.4	45.9
460.4	46.2
460.6	46.5
460.6	46.5
460.6	45.9
460.7	44.9
460.7	44.6
460.8	44.9
461	44.3
461.2	43
461.2	44.3
461.2	45.2
461.4	46.5
461.5	46.8
461.5	47.5
461.5	49.4
461.7	50.7
461.7	51.9
461.8	54.2
461.8	54.5
461.9	55.4
462	56.1
462.3	58.3
462.5	57.7
462.5	57
462.5	56.7
462.7	57.7
462.9	58
463.1	57
463.2	55.7
463.3	55.1
463.3	54.5
463.7	55.4
463.9	55.7
464.1	56.1
464.3	58.3
464.4	58.3
464.6	57.7
464.7	56.1
464.8	55.4
464.9	55.4
465	55.7
465	55.7
465	58.6
465.2	59.3
465.2	60.2
465.4	61.2
465.4	61.8
465.4	62.1
465.4	63.1
465.5	63.4
465.8	64.7
465.8	65
465.8	63.4
466	63.4
466.1	62.4
466.2	62.1
466.2	61.8
466.2	61.8
466.2	62.1
466.2	63.1
466.4	64
466.4	65.3
466.6	65.9
466.8	65.9
466.9	65.9
467	66.3
467	65.3
467	64.3
467	62.4
467.2	63.4
467.2	64
467.2	65.3
467.3	66.3
467.5	66.6
467.7	65.3
467.8	64.3
467.9	63.1
467.9	62.8
467.9	61.8
468	61.5
468.1	61.5
468.2	62.1
468.3	62.4
468.4	61.8
468.4	60.8
468.5	59.9
468.6	59.6
468.7	58.3
468.8	57.3
468.9	56.1
468.9	55.1
469	57
469.1	57.3
469.1	58.6
469.3	60.5
469.4	61.8
469.5	62.4
469.6	61.5
469.7	59.3
469.7	58.6
469.8	57.7
469.9	57
469.9	56.4
469.9	55.1
469.9	54.2
469.9	53.5
469.9	52.9
469.9	52.2
469.9	51.6
469.9	51
470.1	50
470.1	50
470.2	50.3
470.3	51.9
470.3	53.2
470.3	54.8
470.4	56.1
470.5	56.7
470.6	56.4
470.7	56.1
470.8	54.8
470.8	53.5
470.9	52.6
470.9	52.2
471	50.3
471.1	50
471.3	50
471.4	49.7
471.4	49.4
471.4	48.7
471.4	48.7
471.5	48.1
471.5	47.5
471.6	47.5
471.6	46.8
471.8	47.1
471.9	48.4
471.9	49.1
472	50.3
472	52.2
472	53.5
472.1	55.7
472.2	58
472.2	59.6
472.2	61.5
472.3	63.4
472.4	66.3
472.5	68.2
472.5	68.2
472.5	69.1
472.5	71
472.5	74.5
472.5	76.1
472.5	76.5
472.5	79
472.6	80.9
472.7	82.8
472.8	83.1
472.8	83.5
473	83.8
473.2	80
473.2	78.7
473.3	76.8
473.3	76.5
473.3	74.5
473.3	73.3
473.4	72.9
473.4	71.4
473.4	70.4
473.7	69.4
473.7	69.1
473.9	69.1
474	70.1
474	72.3
474.1	74.5
474.1	76.5
474.3	78
474.3	78.7
474.3	79
474.4	79
474.5	77.7
474.5	73.9
474.7	72.6
474.7	71.4
474.7	68.5
474.8	64.7
474.8	62.8
474.9	61.2
474.9	60.2
475	58.9
475.1	57.7
475.1	57.7
475.3	56.7
475.3	54.5
475.3	52.6
475.4	50.3
475.5	46.8
475.5	43.6
475.5	42.7
475.6	40.5
475.6	37.9
475.6	36
475.6	33.1
475.6	31.5
475.6	31.2
475.7	31.2
475.7	30.3
475.8	29.3
475.9	28.4
475.9	27.4
476.1	26.8
476.1	26.8
476.2	26.8
476.5	28
476.6	29.9
476.7	31.5
476.8	33.1
476.8	33.8
476.9	33.8
477	33.4
477	30.6
477	30.3
477	28.4
477.2	26.8
477.2	25.5
477.2	23.9
477.4	22.6
477.5	21.3
477.7	20.4
477.8	20.4
477.8	20.4
478.1	21.7
478.1	22
478.1	21.7
478.2	20.4
478.2	20.4
478.4	19.8
478.5	18.5
478.7	19.1
478.8	20.7
479	19.8
479.1	18.2
479.4	19.1
479.5	19.8
479.6	20.7
479.6	21.3
479.7	22
479.8	23.3
479.8	24.2
479.9	25.8
480.1	27.4
480.3	29.3
480.5	29.9
480.6	28
480.6	26.4
480.6	24.8
480.7	23.9
481.3	23.9
481.5	23.9
481.5	25.8
481.7	29
481.9	31.2
481.9	32.8
481.9	34.7
482.1	35.7
482.2	35.4
482.3	33.1
482.4	32.8
482.5	33.4
482.7	33.8
482.8	35.4
482.9	35.4
482.9	37
483	38.5
483.2	43.6
483.3	47.1
483.4	48.4
483.4	49.4
483.6	51.6
483.6	53.5
483.6	58
483.7	59.9
483.7	60.2
483.7	62.4
483.7	64
483.8	66.3
483.8	68.2
483.9	69.4
483.9	70.7
484	72.3
484	72.3
484.3	71.4
484.4	69.1
484.4	66.9
484.4	66.9
484.5	68.8
484.8	69.1
484.9	68.2
484.9	68.5
484.9	69.1
485	70.4
485.2	71.7
485.2	72.3
485.2	73.3
485.4	74.2
485.4	76.1
485.4	77.4
485.4	79
485.5	81.2
485.6	81.9
485.8	82.8
485.8	85.1
486	86.6
486.4	92.7
486.5	94.3
486.8	99.4
486.8	101.3
486.8	101.6
486.9	110.2
486.9	113.1
486.9	118.2
487.3	129.6
487.3	133.5
487.6	145.9
487.6	150.3
487.6	150.7
487.5	156.4
487.5	161.5
487.5	163.7
487.7	165.3
487.7	162.5
487.7	158
487.7	155.4
488.1	141.7
488.2	134.4
488.1	126.1
488.1	122.3
488.1	119.8
488.3	116.9
488.5	115.3
488.7	114.4
488.7	113.4
488.9	112.1
489.1	109.9
489.1	106.7
489.2	99.7
489.1	87.3
489.1	82.8
489.1	76.8
489.1	66.3
489	55.1
489	54.8
489	51.3
489	47.1
489.1	42.1
489.1	37.6
489.2	35
489.4	32.2
489.4	29.9
489.4	28.4
489.4	28.4
489.4	27.1
489.5	26.1
489.6	23.6
489.8	22.6
489.9	21.3
490.2	21.3
490.4	22.3
490.5	23.6
490.9	29.6
490.9	31.9
491	35
491	35.4
491.2	37.6
491.5	41.1
491.6	44.6
491.6	46.5
492	51.9
492	53.2
492.2	57.7
492.4	60.5
492.5	61.5
492.5	63.4
492.5	66.3
492.5	70.1
492.7	78
492.7	86
492.5	95.2
492.3	100.3
492.7	110.5
492.7	112.1
492.9	121.7
493	123.6
493	126.1
492.9	132.5
492.7	139.2
492.7	139.8
493.1	138.2
493.2	137.3
493.3	128.7
493.3	128.1
493.4	120.4
493.5	111.5
493.5	111.5
493.4	102.3
493.2	90.1
493.2	89.2
493.1	85.1
493.1	81.9
493.5	78.4
493.7	80.6
493.8	81.2
493.9	80.6
494	79.3
494.1	77.1
494.5	77.7
494.7	82.5
494.7	84.1
494.8	86.3
494.8	87.6
494.9	83.5
495.1	78.7
495	77.4
494.9	74.2
494.9	70.7
494.9	63.7
494.9	60.8
494.9	53.2
494.9	50.7
494.9	48.7
495.1	44.3
495.1	43.6
495.3	40.1
495.5	33.4
495.5	32.8
495.5	29.6
495.4	25.8
495.4	23.6
495.4	23.3
495.6	25.2
495.7	25.8
495.8	23.9
495.9	22.3
496	20.1
496.1	16.2
496.2	12.7
496.2	11.5
496.3	11.2
496.4	10.8
496.6	9.6
496.7	9.6
496.9	8.6
497.4	8.3
497.4	8.3
497.9	11.2
497.9	11.2
498	13.1
498.2	15
498.4	16.2
498.5	17.8
498.5	18.2
498.6	18.2
498.7	16.9
498.7	14.7
498.8	14
498.8	13.7
498.8	12.4
498.9	12.1
499	11.2
499.3	11.2
499.3	12.4
499.3	15
499.5	16.9
499.6	18.5
499.7	19.8
499.7	19.8
499.9	21.3
500	22.6
500	21
500	17.8
500.1	15.6
500.1	14.7
500.4	13.7
500.5	13.7
500.5	13.7