20.3048	64.7
20.4572	63.4404
20.6096	62.5718
20.762	67.3
20.9144	64.9212
21.0668	64.3822
21.2192	65.6937
21.3716	63.5554
21.524	65.6118
21.6764	67.0617
21.8288	66.5214
21.9812	63.239
22.1336	60.7119
22.286	60.4163
22.4384	63.2019
22.5908	66.9083
22.7432	67.5028
22.8956	66.5044
23.048	64.3
23.2004	64.9169
23.3528	66.77
23.5052	67.7861
23.6576	66.4677
23.81	66.1981
23.9624	66.1943
24.1148	67.3109
24.2672	70.7
24.4196	70.1061
24.572	70.9085
24.7244	72.9052
24.8768	70.4775
25.0292	68.0498
25.1816	70.7801
25.334	73.811
25.4864	73.1
25.6388	71.3132
25.7912	69.5648
25.9436	67.8165
26.096	66.1
26.2484	66.1
26.4008	66.8147
26.5532	67.7139
26.7056	67.4722
26.858	66.9327
27.0104	66.0182
27.1628	64.8193
27.3152	67.4971
27.4676	67.376
27.62	66.672
27.7724	70.1709
27.9248	75.6476
28.0772	81.1243
28.2296	86.206
28.382	88.5
28.5344	88.5
28.6868	89.2787
28.8392	89.6783
28.9916	90.5674
29.144	91.7314
29.2964	90.2098
29.4488	88.6881
29.6012	87.9317
29.7536	89.9013
29.906	91.8709
30.0584	97.1077
30.2108	102.7746
30.3632	107.7
30.5156	108.1
30.668	106.7733
30.8204	105.7159
30.9728	105.1746
31.1252	104.8213
31.2776	105.8055
31.43	106.7897
31.5824	105.6996
31.7348	103.7
31.8872	105.7
32.0396	104.8609
32.192	102.7727
32.3444	102.1577
32.4968	103.9621
32.6492	102.9878
32.8016	101.3734
32.954	99.7663
33.1064	99.9542
33.2588	102.4148
33.4112	104.8754
33.5636	103.8856
33.716	102.1761
33.8684	101.0491
34.0208	100.5617
34.1732	101.6469
34.3256	99.1728
34.478	96.4087
34.6304	96.3982
34.7828	102.256
34.9352	106.6493
35.0876	107.0198
35.24	105.4169
35.3924	104.3445
35.5448	102.912
35.6972	99.3
35.8496	99.1272
36.002	99.3379
36.1544	98.4479
36.3068	98.1
36.4592	99.7461
36.6116	103.7426
36.764	107.5396
36.9164	103.0182
37.0688	97.9317
37.2212	97.3211
37.3736	99.2203
37.526	100.7426
37.6784	99.3801
37.8308	100.9761
37.9832	103.3377
38.1356	104.1655
38.288	103.5343
38.4404	102.7
38.5928	102.7
38.7452	100.469
38.8976	96.267
39.05	98.1701
39.2024	100.0732
39.3548	100.0431
39.5072	102.9336
39.6596	108.357
39.812	108.9
39.9644	107.7525
40.1168	106.7375
40.2692	105.5451
40.4216	103.9708
40.574	102.4305
40.7264	101.3744
40.8788	100.0035
41.0312	99.4728
41.1836	100.3734
41.336	105.5
41.4884	101.4791
41.6408	98.7982
41.7932	99.2508
41.9456	99.7
42.098	99.0919
42.2504	100.4434
42.4028	102.7066
42.5552	103.2312
42.7076	101.7209
42.86	100.0488
43.0124	100.0511
43.1648	99.9793
43.3172	99.3
43.4696	103.0242
43.622	104.6338
43.7744	102.684
43.9268	98.877
44.0792	97.7
44.2316	99.3793
44.384	103.8984
44.5364	108.6481
44.6888	107.7531
44.8412	105.296
44.9936	103.7981
45.146	102.5308
45.2984	100.8126
45.4508	102.0277
45.6032	100.0429
45.7556	98.7163
45.908	97.5498
46.0604	96.4088
46.2128	95.4975
46.3652	94.5861
46.5176	97.3876
46.67	100.679
46.8224	100.5388
46.9748	100.9945
47.1272	100.0981
47.2796	98.9134
47.432	98.3533
47.5844	102.1
47.7368	100.2679
47.8892	101.8143
48.0416	104.2125
48.194	103.7998
48.3464	102.8046
48.4988	104.0786
48.6512	106.0749
48.8036	108.0712
48.956	107.8567
49.1084	106.5403
49.2608	105.5837
49.4132	105.262
49.5656	105.2809
49.718	105.6455
49.8704	105.9
50.0228	103.7
50.1752	102.7485
50.3276	102.57
50.48	101.717
50.6324	101.8568
50.7848	101.9965
50.9372	102.4429
51.0896	103.7
51.242	103.3826
51.3944	104.2249
51.5468	109.514
51.6992	115.8772
51.8516	115.4394
52.004	109.7413
52.1564	102.0925
52.3088	98.3
52.4612	101.4888
52.6136	105.0264
52.766	101.6555
52.9184	98.2127
53.0708	96.8184
53.2232	96.5603
53.3756	97.4686
53.528	95.6078
53.6804	95.6111
53.8328	98.432
53.9852	97.7714
54.1376	98.2401
54.29	101.7519
54.4424	105.6634
54.5948	104.74
54.7472	102.2701
54.8996	99.9981
55.052	101.0198
55.2044	104.0114
55.3568	107.3
55.5092	108.5388
55.6616	106.4528
55.814	107.0192
55.9664	110.1
56.1188	107.9108
56.2712	105.7449
56.4236	103.8231
56.576	103.3476
56.7284	103.662
56.8808	105.1153
57.0332	104.5285
57.1856	103.7942
57.338	104.7
57.4904	108.1661
57.6428	111.5696
57.7952	113.4459
57.9476	114.0312
58.1	113.974
58.2524	112.8983
58.4048	111.3412
58.5572	108.5046
58.7096	105.1621
58.862	101.7
59.0144	101.9758
59.1668	103.3977
59.3192	106.8397
59.4716	109.9
59.624	109.3887
59.7764	106.0916
59.9288	103.7
60.0812	104.3
60.2336	105.0995
60.386	99.8326
60.5384	100.9749
60.6908	102.5493
60.8432	103.8586
60.9956	104.7639
61.148	105.7
61.3004	100.9979
61.4528	99.5245
61.6052	101.2401
61.7576	104.2275
61.91	107.3336
62.0624	111.4484
62.2148	118.851
62.3672	125.3766
62.5196	122.7431
62.672	120.1097
62.8244	120.0399
62.9768	122.6426
63.1292	123.8791
63.2816	119.5928
63.434	118.3639
63.5864	115.9617
63.7388	110.6477
63.8912	111.3637
64.0436	116.4557
64.196	116.2391
64.3484	114.9103
64.5008	113.8921
64.6532	110.856
64.8056	109.5762
64.958	110.3
65.1104	108.8583
65.2628	106.1
65.4152	106.0204
65.5676	107.1932
65.72	107.5423
65.8724	107.6209
66.0248	110.1
66.1772	109.9468
66.3296	111.9708
66.482	114.9
66.6344	115.6309
66.7868	112.2627
66.9392	110.8441
67.0916	113.8592
67.244	117.067
67.3964	118.9734
67.5488	120.7
67.7012	121.8293
67.8536	121.5845
68.006	119.7545
68.1584	119.9
68.3108	122.8131
68.4632	125.0478
68.6156	125.6342
68.768	123.6042
68.9204	120.1
69.0728	120.8016
69.2252	121.8453
69.3776	121.5692
69.53	117.079
69.6824	120.4144
69.8348	125.4175
69.9872	128.7
70.1396	124.4563
70.292	118.8047
70.4444	118.8972
70.5968	119.8311
70.7492	122.2894
70.9016	125.9
71.054	125.1779
71.2064	120.8993
71.3588	118.5356
71.5112	116.6721
71.6636	109.5571
71.816	110.949
71.9684	112.2197
72.1208	112.328
72.2732	112.7497
72.4256	107.7
72.578	102.3
72.7304	102.5
72.8828	114.0315
73.0352	114.9
73.1876	109.085
73.34	105.2927
73.4924	104.2546
73.6448	103.3
73.7972	103.6928
73.9496	105.6608
74.102	103.3229
74.2544	101.6104
74.4068	103.1
74.5592	103.3
74.7116	100.3669
74.864	96.4211
75.0164	95.3
75.1688	100.6302
75.3212	104.4846
75.4736	107.4571
75.626	109.6444
75.7784	112.6803
75.9308	114.7
76.0832	114.4449
76.2356	107.2333
76.388	100.5
76.5404	104.465
76.6928	102.9162
76.8452	103.0157
76.9976	102.1044
77.15	101.9
77.3024	106.4918
77.4548	109.5
77.6072	109.8191
77.7596	111.5397
77.912	114.6275
78.0644	115.0722
78.2168	115.2748
78.3692	116.8121
78.5216	119.7
78.674	119.1911
78.8264	115.7681
78.9788	117.1081
79.1312	118.6013
79.2836	118.3463
79.436	117.7767
79.5884	119.435
79.7408	115.9287
79.8932	110.4547
80.0456	107.3
80.198	109.0568
80.3504	110.7
80.5028	109.896
80.6552	109.1582
80.8076	110.1572
80.96	114.0152
81.1124	118.6475
81.2648	119.8178
81.4172	117.2011
81.5696	117.6682
81.722	118.1353
81.8744	118.6024
82.0268	119.8525
82.1792	121.3771
82.3316	121.0468
82.484	120.7
82.6364	122.0807
82.7888	123.1
82.9412	121.7141
83.0936	116.4092
83.246	111.04
83.3984	108.0522
83.5508	110.2036
83.7032	112.5
83.8556	111.1142
84.008	102.3855
84.1604	98.0469
84.3128	97.7
84.4652	99.9943
84.6176	104.9899
84.77	108.3213
84.9224	110.8055
85.0748	115.3
85.2272	108.9699
85.3796	106.9096
85.532	107.7118
85.6844	105.8076
85.8368	108.2216
85.9892	105.6849
86.1416	102.4722
86.294	102.4727
86.4464	107.6025
86.5988	108.2688
86.7512	105.6693
86.9036	102.2952
87.056	100.1626
87.2084	101.5125
87.3608	102.9418
87.5132	102.4369
87.6656	104.0502
87.818	107.4445
87.9704	107.1548
88.1228	105.5455
88.2752	103.9361
88.4276	103.4752
88.58	106.8177
88.7324	107.1
88.8848	108.5298
89.0372	109.6649
89.1896	108.7454
89.342	106.62
89.4944	104.4946
89.6468	102.4775
89.7992	103.5322
89.9516	106.4957
90.104	108.5
90.2564	111.5
90.4088	111.1938
90.5612	111.1354
90.7136	114.6523
90.866	115.1135
91.0184	108.2168
91.1708	105.6683
91.3232	107.4261
91.4756	108.569
91.628	111.5734
91.7804	110.5542
91.9328	109.191
92.0852	111.609
92.2376	113.3616
92.39	115.1142
92.5424	114.9873
92.6948	113.3326
92.8472	112.0334
92.9996	112.4115
93.152	114.8665
93.3044	117.2925
93.4568	119.1975
93.6092	121.1025
93.7616	119.0754
93.914	117.0547
94.0664	115.9
94.2188	112.6712
94.3712	107.9
94.5236	108.979
94.676	109.684
94.8284	107.744
94.9808	107.0168
95.1332	107.3824
95.2856	108.3748
95.438	109.7074
95.5904	111.9629
95.7428	114.1
95.8952	113.7205
96.0476	117.0049
96.2	122.3914
96.3524	117.236
96.5048	112.0805
96.6572	111.3606
96.8096	111.2497
96.962	111.7818
97.1144	115.6914
97.2668	118.0389
97.4192	116.8963
97.5716	116.4086
97.724	119.3
97.8764	112.5409
98.0288	109.3585
98.1812	108.6044
98.3336	110.3113
98.486	113.6194
98.6384	116.9275
98.7908	117.1
98.9432	113.4366
99.0956	110.5241
99.248	109.5
99.4004	116.9
99.5528	113.2897
99.7052	111.7
99.8576	114.9
100.01	114.2933
100.1624	114.8376
100.3148	113.4803
100.4672	110.9311
100.6196	110.7203
100.772	113.1884
100.9244	115.4273
101.0768	116.5291
101.2292	117.5349
101.3816	117.968
101.534	119.1
101.6864	116.2093
101.8388	113.851
101.9912	111.976
102.1436	110.2409
102.296	108.5059
102.4484	109.0907
102.6008	110.3319
102.7532	111.388
102.9056	110.0356
103.058	108.3975
103.2104	109.1789
103.3628	113.5
103.5152	114.3
103.6676	110.0867
103.82	104.7754
103.9724	102.1
104.1248	103.6242
104.2772	111.4976
104.4296	111.264
104.582	112.6779
104.7344	116.1
104.8868	114.7816
105.0392	113.4217
105.1916	110.5489
105.344	107.2072
105.4964	104.8834
105.6488	104.3312
105.8012	109.8277
105.9536	113.4217
106.106	112.1564
106.2584	109.2921
106.4108	110.9948
106.5632	116.2025
106.7156	119.8096
106.868	118.5539
107.0204	109.8961
107.1728	104.6957
107.3252	108.0164
107.4776	113.017
107.63	112.1452
107.7824	110.3225
107.9348	110.4251
108.0872	111.9132
108.2396	114.5561
108.392	117.1
108.5444	114.0271
108.6968	110.661
108.8492	106.2651
109.0016	102.2204
109.154	104.9671
109.3064	108.0636
109.4588	107.9
109.6112	104.6626
109.7636	102.2055
109.916	103.7
110.0684	104.111
110.2208	105.1467
110.3732	105.5567
110.5256	101.7
110.678	101.8393
110.8304	108.9
110.9828	105.0782
111.1352	102.5
111.2876	102.8454
111.44	96.4721
111.5924	94.9
111.7448	97.4157
111.8972	100.0096
112.0496	102.6034
112.202	105.1973
112.3544	107.7911
112.5068	109.9
112.6592	107.9
112.8116	107.1086
112.964	106.2732
113.1164	106.5582
113.2688	112.9804
113.4212	118.7737
113.5736	116.1
113.726	120.4778
113.8784	126.1
114.0308	126.3
114.1832	113.8676
114.3356	110.2161
114.488	118.4118
114.6404	130.4113
114.7928	144.9
114.9452	142.9
115.0976	130.8049
115.25	119.9
115.4024	112.6348
115.5548	109.9
115.7072	114.2941
115.8596	117.2076
116.012	117.3
116.1644	117.3
116.3168	120.5723
116.4692	121.3696
116.6216	118.2568
116.774	114.9
116.9264	116.5654
117.0788	115.6987
117.2312	114.6195
117.3836	114.9
117.536	118.8448
117.6884	118.5392
117.8408	116.7104
117.9932	114.8816
118.1456	113.0528
118.298	111.3
118.4504	107.4904
118.6028	105.4956
118.7552	105.9833
118.9076	107.4139
119.06	109.1411
119.2124	107.9
119.3648	108.2792
119.5172	111.2631
119.6696	114.0575
119.822	116.0083
119.9744	116.522
120.1268	115.6961
120.2792	113.7844
120.4316	111.4396
120.584	108.5273
120.7364	108.196
120.8888	111.0127
121.0412	115.5
121.1936	113.325
121.346	106.8376
121.4984	104.4324
121.6508	111.0641
121.8032	114.2174
121.9556	116.1
122.108	113.7678
122.2604	110.9
122.4128	112.0247
122.5652	115.2668
122.7176	115.1087
122.87	114.6137
123.0224	116.2061
123.1748	119.4065
123.3272	119.6186
123.4796	119.529
123.632	119.9427
123.7844	121.1791
123.9368	118.9681
124.0892	116.2326
124.2416	118.7452
124.394	123.3752
124.5464	125.3
124.6988	117.1664
124.8512	118.2542
125.0036	116.3718
125.156	115.2315
125.3084	120.8638
125.4608	122.6162
125.6132	121.5152
125.7656	122.8581
125.918	126.3
126.0704	117.9233
126.2228	116.6939
126.3752	117.8654
126.5276	119.6444
126.68	121.2048
126.8324	120.5378
126.9848	119.9
127.1372	117.4511
127.2896	114.3664
127.442	114.211
127.5944	118.65
127.7468	116.236
127.8992	114.2485
128.0516	116.3707
128.204	120.2535
128.3564	120.7394
128.5088	118.7588
128.6612	116.7
128.8136	117.4005
128.966	120.5
129.1184	121.048
129.2708	122.854
129.4232	123.1037
129.5756	120.3183
129.728	120.5635
129.8804	121.0664
130.0328	119.407
130.1852	118.0922
130.3376	118.0613
130.49	115.1547
130.6424	115.245
130.7948	118.7437
130.9472	122.7
131.0996	124.1
131.252	120.1404
131.4044	116.5444
131.5568	114.9308
131.7092	114.3239
131.8616	115.8102
132.014	115.9
132.1664	117.1058
132.3188	116.8374
132.4712	114.1881
132.6236	111.5
132.776	110.1576
132.9284	109.4049
133.0808	113.4002
133.2332	117.5342
133.3856	117.4613
133.538	116.2858
133.6904	112.1985
133.8428	107.9
133.9952	108.2446
134.1476	108.8082
134.3	110.6809
134.4524	113.7371
134.6048	117.1685
134.7572	120.5999
134.9096	122.1
135.062	123.618
135.2144	127.9353
135.3668	129.1
135.5192	123.2058
135.6716	113.1948
135.824	109.2114
135.9764	111.2998
136.1288	112.5068
136.2812	115.3611
136.4336	117.2991
136.586	117.2936
136.7384	117.015
136.8908	116.7365
137.0432	112.8275
137.1956	110.7
137.348	116.925
137.5004	121.6324
137.6528	123.2939
137.8052	121.5237
137.9576	115.9997
138.11	109.8227
138.2624	111.1161
138.4148	113.0526
138.5672	114.6985
138.7196	115.8556
138.872	115.7
139.0244	118.0506
139.1768	118.0592
139.3292	116.0218
139.4816	117.6853
139.634	121.2552
139.7864	126.1149
139.9388	128.3
140.0912	122.1
140.2436	111.9885
140.396	105.691
140.5484	105.927
140.7008	107.4523
140.8532	108.1408
141.0056	110.2069
141.158	106.5859
141.3104	106.3
141.4628	112.2938
141.6152	115.7
141.7676	112.2015
141.92	113.6409
142.0724	115.3
142.2248	115.3
142.3772	116.3274
142.5296	117.5344
142.682	118.0125
142.8344	118.4011
142.9868	120.6706
143.1392	124.6947
143.2916	129.4221
143.444	132.5
143.5964	123.9069
143.7488	122.794
143.9012	122.4923
144.0536	122.1905
144.206	120.8327
144.3584	120.3361
144.5108	130.5
144.6632	129.1008
144.8156	126.2587
144.968	125.0303
145.1204	125.7
145.2728	122.6926
145.4252	119.5916
145.5776	119.1846
145.73	120.794
145.8824	119.0587
146.0348	120.0212
146.1872	122.8788
146.3396	124.9073
146.492	126.1349
146.6444	124.6544
146.7968	123.1739
146.9492	122.9
147.1016	123.311
147.254	126.7211
147.4064	133.7
147.5588	131.3536
147.7112	127.0864
147.8636	123.3
148.016	122.835
148.1684	119.6282
148.3208	120.0707
148.4732	132.5
148.6256	130.0207
148.778	126.0142
148.9304	125.3492
149.0828	123.4761
149.2352	123.2805
149.3876	124.7252
149.54	125.5686
149.6924	130.1293
149.8448	134.1
149.9972	129.1811
150.1496	127.2395
150.302	127.5263
150.4544	126.8182
150.6068	124.5
150.7592	123.1
150.9116	123.1
151.064	122.4611
151.2164	121.2803
151.3688	120.7054
151.5212	122.1327
151.6736	123.9493
151.826	124.1165
151.9784	122.473
152.1308	120.9878
152.2832	121.2736
152.4356	129.5
152.588	124.6744
152.7404	120.8586
152.8928	119.7993
153.0452	116.4689
153.1976	115.8323
153.35	116.762
153.5024	117.4432
153.6548	118.1
153.8072	116.2182
153.9596	115.0325
154.112	113.9808
154.2644	111.2032
154.4168	107.7
154.5692	106.955
154.7216	109.9781
154.874	112.5472
155.0264	113.5652
155.1788	116.1851
155.3312	119.5903
155.4836	122.1516
155.636	122.212
155.7884	121.6848
155.9408	122.8966
156.0932	125.0472
156.2456	126.4663
156.398	125.219
156.5504	121.6346
156.7028	118.5615
156.8552	115.7917
157.0076	113.8609
157.16	115.9519
157.3124	118.0428
157.4648	119.5922
157.6172	118.929
157.7696	114.4755
157.922	109.5705
158.0744	107.9
158.2268	112.9577
158.3792	117.1788
158.5316	121.2456
158.684	126.8331
158.8364	130.78
158.9888	131.4074
159.1412	130.3354
159.2936	127.0768
159.446	126.7
159.5984	130.2762
159.7508	133.5
159.9032	125.3
160.0556	124.918
160.208	123.481
160.3604	125.0891
160.5128	129.8345
160.6652	128.3764
160.8176	122.2131
160.97	114.1
161.1224	116.7
161.2748	123.3485
161.4272	129.085
161.5796	126.2694
161.732	123.8359
161.8844	123.7636
162.0368	123.2267
162.1892	117.3179
162.3416	111.2693
162.494	106.3599
162.6464	102.2315
162.7988	101.6643
162.9512	107.7205
163.1036	114.3941
163.256	119.6853
163.4084	120.1
163.5608	115.5
163.7132	122.6234
163.8656	126.9131
164.018	129.1543
164.1704	131.3
164.3228	126.1525
164.4752	121.2152
164.6276	119.1
164.78	119.1
164.9324	119.1
165.0848	120.3
165.2372	120.6254
165.3896	120.9691
165.542	122.9621
165.6944	126.1
165.8468	128.14
165.9992	130.2724
166.1516	132.4049
166.304	135.2664
166.4564	139.8376
166.6088	140.8453
166.7612	135.718
166.9136	128.9042
167.066	124.1471
167.2184	119.3
167.3708	114.4723
167.5232	115.2494
167.6756	118.1572
167.828	119.5817
167.9804	121.8388
168.1328	127.1356
168.2852	132.4324
168.4376	138.9
168.59	134.9388
168.7424	127.9024
168.8948	121.3
169.0472	129.9
169.1996	127.5
169.352	124.332
169.5044	123.2194
169.6568	125.6252
169.8092	126.5805
169.9616	127.3
170.114	125.3246
170.2664	122.7
170.4188	127.6842
170.5712	131.3
170.7236	131.4406
170.876	127.9801
171.0284	129.0244
171.1808	124.3
171.3332	122.7
171.4856	124.6646
171.638	126.675
171.7904	123.9753
171.9428	118.6171
172.0952	114.2215
172.2476	114.7579
172.4	117.7137
172.5524	120.8279
172.7048	123.7353
172.8572	122.2969
173.0096	120.3468
173.162	121.7609
173.3144	125.6363
173.4668	126.0358
173.6192	124.7535
173.7716	124.0836
173.924	125.5
174.0764	134.5237
174.2288	146.1082
174.3812	142.66
174.5336	136.4533
174.686	130.1
174.8384	129.0044
174.9908	130.096
175.1432	131.9211
175.2956	132.956
175.448	131.5492
175.6004	132.1
175.7528	128.9437
175.9052	124.0669
176.0576	119.6363
176.21	119.144
176.3624	120.7234
176.5148	123.1
176.6672	124.7341
176.8196	124.8765
176.972	122.3128
177.1244	119.5215
177.2768	120.7648
177.4292	124.1
177.5816	125.316
177.734	126.2487
177.8864	124.6522
178.0388	123.7284
178.1912	127.4599
178.3436	134.6089
178.496	139.8055
178.6484	140.7
178.8008	133.709
178.9532	126.3
179.1056	119.4383
179.258	117.8628
179.4104	115.165
179.5628	112.5
179.7152	115.7664
179.8676	120.7684
180.02	125.7704
180.1724	124.1537
180.3248	122.8272
180.4772	120.1798
180.6296	114.4057
180.782	112.0302
180.9344	116.4988
181.0868	118.6955
181.2392	120.8922
181.3916	121.9
181.544	119.5813
181.6964	117.5642
181.8488	120.5374
182.0012	125.7101
182.1536	127.8986
182.306	129.703
182.4584	131.6319
182.6108	134.5
182.7632	129.1
182.9156	127.1
183.068	136.1567
183.2204	140.9
183.3728	131.1412
183.5252	123.9186
183.6776	121.8328
183.83	121.5996
183.9824	118.4742
184.1348	118.1267
184.2872	121.1341
184.4396	123.7
184.592	122.2295
184.7444	119.7
184.8968	124.5797
185.0492	129.2679
185.2016	133.9561
185.354	137.9397
185.5064	133.0324
185.6588	129.9897
185.8112	131.8541
185.9636	132.4329
186.116	130.8979
186.2684	133.4873
186.4208	136.7
186.5732	137.3
186.7256	133.5473
186.878	126.2565
187.0304	123.3931
187.1828	121.833
187.3352	119.4742
187.4876	117.5
187.64	124.2478
187.7924	124.1778
187.9448	122.1524
188.0972	120.2856
188.2496	121.4652
188.402	122.4205
188.5544	119.8971
188.7068	116.018
188.8592	113.3
189.0116	117.6211
189.164	118.2403
189.3164	119.3
189.4688	122.082
189.6212	123.487
189.7736	115.4574
189.926	110.0193
190.0784	110.0428
190.2308	114.5215
190.3832	119.0003
190.5356	123.4791
190.688	126.9173
190.8404	127.2376
190.9928	125.1728
191.1452	123.1079
191.2976	123.128
191.45	124.6086
191.6024	127.1515
191.7548	129.7
191.9072	127.6374
192.0596	125.5703
192.212	123.5032
192.3644	122.2886
192.5168	121.9
192.6692	117.7145
192.8216	117.3
192.974	123.6533
193.1264	129.207
193.2788	134.3
193.4312	129.6202
193.5836	121.4865
193.736	112.186
193.8884	115.5569
194.0408	119.3492
194.1932	121.9082
194.3456	122.4559
194.498	122.1
194.6504	118.063
194.8028	114.1
194.9552	112.0626
195.1076	114.1613
195.26	117.9391
195.4124	121.4974
195.5648	120.6996
195.7172	118.8567
195.8696	121.3057
196.022	128.2139
196.1744	135.5
196.3268	143.6804
196.4792	144.3817
196.6316	132.7815
196.784	123.7666
196.9364	121.6975
197.0888	126.3
197.2412	121.6303
197.3936	113.9305
197.546	111.5
197.6984	116.8549
197.8508	122.5
198.0032	117.3938
198.1556	112.1
198.308	116.085
198.4604	125.5
198.6128	122.9711
198.7652	117.3326
198.9176	110.6406
199.07	105.1847
199.2224	104.4869
199.3748	107.9365
199.5272	111.3861
199.6796	112.2338
199.832	111.5881
199.9844	108.5635
200.1368	103.0588
200.2892	101.882
200.4416	103.7169
200.594	104.7173
200.7464	106.0728
200.8988	108.5608
201.0512	107.5586
201.2036	107.1957
201.356	111.405
201.5084	117.3477
201.6608	119.474
201.8132	115.4004
201.9656	111.0546
202.118	109.5
202.2704	114.3
202.4228	113.5874
202.5752	112.8884
202.7276	114.762
202.88	116.9556
203.0324	116.5571
203.1848	113.2896
203.3372	107.2204
203.4896	101.1174
203.642	97.5
203.7944	104.9614
203.9468	106.3097
204.0992	110.032
204.2516	113.8871
204.404	115.3
204.5564	115.3
204.7088	111.9618
204.8612	108.3837
205.0136	105.3456
205.166	103.26
205.3184	102.9
205.4708	103.5654
205.6232	105.5864
205.7756	108.4027
205.928	112.5236
206.0804	116.6445
206.2328	118.8269
206.3852	120.4872
206.5376	121.1605
206.69	118.1491
206.8424	115.1377
206.9948	112.9
207.1472	113.3755
207.2996	116.1575
207.452	118.9
207.6044	120.5806
207.7568	123.6587
207.9092	126.9
208.0616	123.3082
208.214	118.7514
208.3664	116.7771
208.5188	116.9851
208.6712	115.5
208.8236	115.0119
208.976	113.7206
209.1284	110.9865
209.2808	109.5951
209.4332	115.0632
209.5856	120.5313
209.738	121.3925
209.8904	118.2832
210.0428	116.4317
210.1952	120.5101
210.3476	125.9
210.5	129.54
210.6524	131.4004
210.8048	129.1
210.9572	122.1963
211.1096	117.3618
211.262	117.1962
211.4144	119.2126
211.5668	114.3235
211.7192	113.3373
211.8716	116.6188
212.024	116.3
212.1764	117.806
212.3288	118.9716
212.4812	115.6877
212.6336	112.4038
212.786	112.5
212.9384	118.7059
213.0908	120.4429
213.2432	122.1676
213.3956	123.4546
213.548	121.8541
213.7004	120.1941
213.8528	118.5
214.0052	120.8033
214.1576	119.4048
214.31	117.6746
214.4624	119.9867
214.6148	120.991
214.7672	120.347
214.9196	117.7755
215.072	113.4549
215.2244	109.5603
215.3768	112.0334
215.5292	114.4683
215.6816	110.5662
215.834	112.2149
215.9864	109.8186
216.1388	108.5851
216.2912	108.7117
216.4436	110.3354
216.596	110.6605
216.7484	112.2108
216.9008	115.1132
217.0532	116.3881
217.2056	112.8903
217.358	109.3925
217.5104	108.0537
217.6628	115.1793
217.8152	119.6922
217.9676	122.0737
218.12	128.8055
218.2724	135.3707
218.4248	136.1
218.5772	124.2942
218.7296	111.1609
218.882	104.2799
219.0344	99.1767
219.1868	94.7132
219.3392	91.6173
219.4916	83.4795
219.644	72.4948
219.7964	62.3
219.9488	61.1
220.1012	62.5302
220.2536	64.7181
220.406	71.2806
220.5584	80.4263
220.7108	89.5719
220.8632	98.7175
221.0156	105.6983
221.168	111.3
221.3204	110.1
221.4728	107.043
221.6252	108.0274
221.7776	108.2253
221.93	108.5973
222.0824	113.0407
222.2348	117.7734
222.3872	120.7959
222.5396	119.5526
222.692	116.0091
222.8444	114.9034
222.9968	118.6219
223.1492	122.2042
223.3016	123.8156
223.454	124.1128
223.6064	123.0673
223.7588	122.4475
223.9112	119.4667
224.0636	118.2786
224.216	122.2396
224.3684	127.9
224.5208	124.1387
224.6732	118.5609
224.8256	115.0815
224.978	118.6832
225.1304	126.7
225.2828	125.7274
225.4352	125.0883
225.5876	127.5623
225.74	131.7123
225.8924	136.9
226.0448	128.6427
226.1972	127.091
226.3496	126.8563
226.502	127.7
226.6544	125.8962
226.8068	123.2416
226.9592	121.1
227.1116	121.4705
227.264	120.8358
227.4164	122.0048
227.5688	122.3352
227.7212	122.2373
227.8736	127.2235
228.026	132.2098
228.1784	133.4405
228.3308	131.4213
228.4832	129.7
228.6356	133.0393
228.788	136.7923
228.9404	138.8525
229.0928	135.6618
229.2452	132.2365
229.3976	127.7801
229.55	122.485
229.7024	119.9314
229.8548	121.044
230.0072	125.1041
230.1596	127.1
230.312	128.3559
230.4644	128.6998
230.6168	128.929
230.7692	129.1868
230.9216	128.5
231.074	125.3217
231.2264	124.0566
231.3788	129.0187
231.5312	127.3818
231.6836	125.9783
231.836	125.6551
231.9884	127.9407
232.1408	129.7726
232.2932	130.027
232.4456	131.6143
232.598	134.7
232.7504	133.5029
232.9028	127.1241
233.0552	120.4478
233.2076	117.9185
233.36	118.0388
233.5124	118.9347
233.6648	120.6329
233.8172	121.7109
233.9696	120.2285
234.122	119.5
234.2744	119.0747
234.4268	117.992
234.5792	125.5132
234.7316	128.5602
234.884	126.2607
235.0364	123.9611
235.1888	121.6616
235.3412	117.3063
235.4936	113.6176
235.646	114.9151
235.7984	119.7921
235.9508	125.8194
236.1032	128.1539
236.2556	129.0973
236.408	134.0508
236.5604	139.9
236.7128	136.5536
236.8652	135.6692
237.0176	142.9
237.17	139.468
237.3224	135.947
237.4748	132.426
237.6272	126.2814
237.7796	118.3112
237.932	117.5604
238.0844	121.7119
238.2368	128.2137
238.3892	134.7154
238.5416	136.6369
238.694	135.3587
238.8464	133.4236
238.9988	133.9
239.1512	139.1468
239.3036	144.9
239.456	137.1422
239.6084	132.5616
239.7608	130.2659
239.9132	130.7867
240.0656	129.8668
240.218	127.7867
240.3704	126.2331
240.5228	125.8361
240.6752	128.9807
240.8276	131.4828
240.98	131.7347
241.1324	130.1132
241.2848	128.5
241.4372	124.3
241.5896	125.5067
241.742	126.9383
241.8944	125.3
242.0468	129.4656
242.1992	133.5903
242.3516	136.7907
242.504	139.1
242.6564	136.2012
242.8088	131.781
242.9612	126.3
243.1136	124.0693
243.266	123.8058
243.4184	125.086
243.5708	126.3
243.7232	125.2934
243.8756	121.9734
244.028	116.5614
244.1804	113.3739
244.3328	110.9555
244.4852	111.8476
244.6376	117.0654
244.79	124.7
244.9424	125.2377
245.0948	125.0477
245.2472	124.8229
245.3996	125.5
245.552	129.7317
245.7044	132.5916
245.8568	134.3
246.0092	128.4146
246.1616	123.1404
246.314	126.2232
246.4664	122.6894
246.6188	121.1656
246.7712	119.6165
246.9236	118.1996
247.076	119.0857
247.2284	120.1
247.3808	119.7951
247.5332	119.0306
247.6856	120.3582
247.838	126.1
247.9904	122.8579
248.1428	123.5776
248.2952	126.3
248.4476	121.6641
248.6	119.636
248.7524	118.8865
248.9048	120.9479
249.0572	129.5798
249.2096	136.9
249.362	137.1362
249.5144	135.727
249.6668	130.7637
249.8192	125.8003
249.9716	121.3
250.124	120.4133
250.2764	122.3744
250.4288	127.0515
250.5812	130.5972
250.7336	132.0719
250.886	137.4745
251.0384	146.2555
251.1908	151.9
251.3432	143.2997
251.4956	136.963
251.648	131.4232
251.8004	129.1263
251.9528	129.2908
252.1052	127.3672
252.2576	125.3205
252.41	124.9
252.5624	129.0178
252.7148	129.7926
252.8672	128.2794
253.0196	127.7416
253.172	126.2404
253.3244	125.0409
253.4768	140.3
253.6292	137.4702
253.7816	133.8492
253.934	130.2282
254.0864	127.5228
254.2388	127.9998
254.3912	127.499
254.5436	127.5291
254.696	132.1847
254.8484	135.6256
255.0008	135.9253
255.1532	133.5
255.3056	130.255
255.458	132.0777
255.6104	130.1492
255.7628	128.6675
255.9152	128.3301
256.0676	128.0816
256.22	127.2123
256.3724	124.6605
256.5248	125.1208
256.6772	126.8119
256.8296	124.6226
256.982	119.9957
257.1344	121.9954
257.2868	124.25
257.4392	125.6444
257.5916	127.5886
257.744	127.3727
257.8964	127.0255
258.0488	124.9883
258.2012	122.5329
258.3536	126.5645
258.506	129.5025
258.6584	130.9201
258.8108	131.5769
258.9632	131.7
259.1156	134.3
259.268	134.2676
259.4204	131.3512
259.5728	128.4575
259.7252	126.8066
259.8776	128.1546
260.03	133.5
260.1824	130.5686
260.3348	126.1824
260.4872	125.5924
260.6396	131.7439
260.792	131.1633
260.9444	130.2741
261.0968	129.874
261.2492	129.474
261.4016	128.9978
261.554	126.5461
261.7064	122.0279
261.8588	117.7737
262.0112	114.8953
262.1636	114.6442
262.316	115.5973
262.4684	116.6079
262.6208	119.5035
262.7732	122.3553
262.9256	125.6927
263.078	129.0981
263.2304	132.5034
263.3828	134.7
263.5352	131.3477
263.6876	129.3951
263.84	129.578
263.9924	130.187
264.1448	133.9343
264.2972	138.3031
264.4496	139.5486
264.602	139.1956
264.7544	138.4989
264.9068	136.5874
265.0592	133.0483
265.2116	133.451
265.364	134.8492
265.5164	131.6627
265.6688	128.4762
265.8212	130.1792
265.9736	133.9
266.126	131.4456
266.2784	130.2584
266.4308	130.1561
266.5832	130.2693
266.7356	129.3108
266.888	126.381
267.0404	127.3666
267.1928	129.0909
267.3452	126.4996
267.4976	120.1855
267.65	117.9
267.8024	122.3527
267.9548	127.1565
268.1072	128.3
268.2596	127.7891
268.412	128.0478
268.5644	129.6707
268.7168	131.6387
268.8692	132.878
269.0216	132.0159
269.174	131.1538
269.3264	131.0488
269.4788	131.9541
269.6312	132.6532
269.7836	134.5844
269.936	134.4859
270.0884	131.3851
270.2408	128.4893
270.3932	130.1878
270.5456	129.1
270.698	125.3459
270.8504	122.5
271.0028	127.7821
271.1552	132.9595
271.3076	135.7
271.46	132.469
271.6124	124.882
271.7648	117.6908
271.9172	115.6576
272.0696	119.0976
272.222	124.1346
272.3744	128.0043
272.5268	128.0146
272.6792	130.434
272.8316	134.8153
272.984	136.6654
273.1364	133.9176
273.2888	128.0825
273.4412	121.7
273.5936	121.8918
273.746	124.4748
273.8984	129.2434
274.0508	130.2533
274.2032	129.5396
274.3556	129.9663
274.508	131.9227
274.6604	132.4106
274.8128	131.4946
274.9652	126.0467
275.1176	124.129
275.27	125.3
275.4224	124.4409
275.5748	121.6967
275.7272	117.271
275.8796	113.7
276.032	127.0724
276.1844	139.7
276.3368	134.6319
276.4892	131.3
276.6416	135.2372
276.794	142.3
276.9464	137.502
277.0988	132.7375
277.2512	129.5253
277.4036	126.7302
277.556	127.4769
277.7084	128.6839
277.8608	127.5274
278.0132	124.0953
278.1656	121.5
278.318	123.4734
278.4704	129.6134
278.6228	134.7
278.7752	133.7
278.9276	127.3746
279.08	124.8498
279.2324	126.1888
279.3848	130.4133
279.5372	130.1
279.6896	124.0627
279.842	121.7107
279.9944	122.6184
280.1468	124.6052
280.2992	122.9
280.4516	122.9
280.604	120.4188
280.7564	119.0265
280.9088	124.6942
281.0612	125.7539
281.2136	129.7441
281.366	130.9
281.5184	127.4188
281.6708	130.408
281.8232	127.8024
281.9756	119.542
282.128	111.3125
282.2804	108.7
282.4328	116.1418
282.5852	120.3
282.7376	124.5517
282.89	129.6621
283.0424	135.1
283.1948	134.5455
283.3472	132.1907
283.4996	129.8358
283.652	126.7836
283.8044	122.9021
283.9568	122.7
284.1092	113.5443
284.2616	111.7
284.414	112.8264
284.5664	113.7
284.7188	112.6215
284.8712	116.5588
285.0236	122.1657
285.176	125.4891
285.3284	126.5664
285.4808	124.5502
285.6332	122.05
285.7856	121.1
285.938	124.6025
286.0904	120.4107
286.2428	115.4965
286.3952	112.0943
286.5476	110.3416
286.7	111.8735
286.8524	110.1225
287.0048	108.5523
287.1572	117.1282
287.3096	126.9
287.462	122.2543
287.6144	114.5441
287.7668	107.3347
287.9192	102.255
288.0716	101.9651
288.224	102.2669
288.3764	104.9
288.5288	105.4607
288.6812	108.1784
288.8336	112.5236
288.986	112.3
289.1384	103.8169
289.2908	100.7
289.4432	105.7272
289.5956	107.1
289.748	100.1688
289.9004	91.1736
290.0528	84.0552
290.2052	83.1139
290.3576	85.9432
290.51	95.24
290.6624	108.0416
290.8148	120.1
290.9672	123.2064
291.1196	121.2724
291.272	119.7918
291.4244	119.966
291.5768	119.8406
291.7292	118.7151
291.8816	114.5907
292.034	110.719
292.1864	107.5762
292.3388	101.7
292.4912	96.3
292.6436	99.0522
292.796	102.3315
292.9484	103.1287
293.1008	105.5202
293.2532	102.4479
293.4056	96.87
293.558	92.5
293.7104	99.7306
293.8628	105.9
294.0152	103.8293
294.1676	100.3307
294.32	97.03
294.4724	96.1
294.6248	98.0174
294.7772	99.4474
294.9296	99.8779
295.082	97.6725
295.2344	90.9
295.3868	95.0453
295.5392	101.0096
295.6916	104.5117
295.844	102.7467
295.9964	102.9
296.1488	95.912
296.3012	90.1
296.4536	90.9
296.606	96.9094
296.7584	99.9236
296.9108	101.0072
297.0632	103.3
297.2156	100.2741
297.368	94.8911
297.5204	91.9769
297.6728	94.942
297.8252	99.4281
297.9776	104.9
298.13	105.7
298.2824	97.5256
298.4348	91.0991
298.5872	88.5796
298.7396	87.4132
298.892	87.8867
299.0444	93.1064
299.1968	102.9364
299.3492	112.7663
299.5016	118.5834
299.654	119.9525
299.8064	117.7518
299.9588	115.57
300.1112	113.4129
300.2636	105.6718
300.416	96.0502
300.5684	93.7
300.7208	94.6691
300.8732	93.7593
301.0256	93.3439
301.178	94.3
301.3304	94.1853
301.4828	93.9
301.6352	92.5408
301.7876	93.355
301.94	97.4622
302.0924	101.5693
302.2448	100.659
302.3972	100.342
302.5496	102.2383
302.702	105.5
302.8544	100.9
303.0068	99.0378
303.1592	95.2912
303.3116	89.9
303.464	96.8133
303.6164	102.3529
303.7688	104.6835
303.9212	104.772
304.0736	101.032
304.226	92.0829
304.3784	82.8658
304.5308	80.4858
304.6832	86.0828
304.8356	94.7
304.988	94.685
305.1404	96.772
305.2928	97.2938
305.4452	97.1592
305.5976	98.1
305.75	100.3706
305.9024	103.4876
306.0548	104.2842
306.2072	104.5006
306.3596	108.5433
306.512	106.3618
306.6644	103.5912
306.8168	102.1238
306.9692	107.5
307.1216	106.049
307.274	104.5713
307.4264	104.3903
307.5788	106.4281
307.7312	109.3834
307.8836	106.9263
308.036	103.8198
308.1884	103.6558
308.3408	106.7557
308.4932	110.2554
308.6456	111.6912
308.798	110.3367
308.9504	108.9822
309.1028	107.6276
309.2552	108.3923
309.4076	109.8802
309.56	114.7404
309.7124	121.5
309.8648	122.7562
310.0172	124.0028
310.1696	125.2494
310.322	126.8541
310.4744	128.8498
310.6268	130.696
310.7792	131.6343
310.9316	128.9756
311.084	125.7
311.2364	124.9481
311.3888	125.5057
311.5412	126.9396
311.6936	127.7
311.846	125.7934
311.9984	124.5561
312.1508	124.9235
312.3032	128.4668
312.4556	130.9
312.608	121.8276
312.7604	118.0379
312.9128	123.1016
313.0652	127.2263
313.2176	127.3534
313.37	127.0805
313.5224	126.8076
313.6748	125.6253
313.8272	122.8785
313.9796	121.0634
314.132	120.0012
314.2844	115.4982
314.4368	113.7856
314.5892	114.1591
314.7416	114.4373
314.894	111.6286
315.0464	112.7912
315.1988	116.2685
315.3512	121.5
315.5036	123.3126
315.656	119.9
315.8084	118.7746
315.9608	119.8093
316.1132	121.5248
316.2656	120.5
316.418	123.351
316.5704	125.5803
316.7228	124.7697
316.8752	123.2348
317.0276	122.025
317.18	121.1136
317.3324	120.2022
317.4848	118.2914
317.6372	116.3
317.7896	118.9091
317.942	122.3519
318.0944	122.8153
318.2468	117.4991
318.3992	112.1829
318.5516	111.1561
318.704	110.6336
318.8564	108.6935
319.0088	113.554
319.1612	118.2359
319.3136	120.5
319.466	118.23
319.6184	115.7639
319.7708	114.2601
319.9232	114.2635
320.0756	115.8258
320.228	118.2314
320.3804	116.9364
320.5328	114.3953
320.6852	113.6942
320.8376	111.3038
320.99	110.479
321.1424	116.2028
321.2948	118.7265
321.4472	123.995
321.5996	126.8893
321.752	126.1191
321.9044	122.4968
322.0568	116.7
322.2092	115.6651
322.3616	117.5895
322.514	120.1811
322.6664	120.4414
322.8188	118.3807
322.9712	115.6467
323.1236	112.9126
323.276	110.3
323.4284	113.9505
323.5808	118.3554
323.7332	121.8384
323.8856	124.9233
324.038	127.2928
324.1904	129.6623
324.3428	128.8001
324.4952	122.1658
324.6476	118.3985
324.8	117.8922
324.9524	117.9
325.1048	119.0701
325.2572	119.8724
325.4096	120.2585
325.562	120.6446
325.7144	120.3473
325.8668	121.2724
326.0192	122.7969
326.1716	119.62
326.324	116.4431
326.4764	122.2284
326.6288	125.1711
326.7812	124.3908
326.9336	123.7
327.086	124.9434
327.2384	127.1054
327.3908	129.3
327.5432	133.8633
327.6956	135.9
327.848	137.9524
328.0004	138.8051
328.1528	137.237
328.3052	134.8884
328.4576	130.8668
328.61	125.3072
328.7624	120.7119
328.9148	120.3
329.0672	124.5875
329.2196	129.1092
329.372	131.7837
329.5244	129.0271
329.6768	127.8688
329.8292	126.7106
329.9816	126.3168
330.134	124.3483
330.2864	120.7639
330.4388	119.3035
330.5912	119.2947
330.7436	123.4417
330.896	127.8785
331.0484	128.7888
331.2008	127.3326
331.3532	126.4466
331.5056	123.5265
331.658	121.3388
331.8104	122.1097
331.9628	120.3175
332.1152	119.7167
332.2676	119.3178
332.42	117.3627
332.5724	113.9
332.7248	115.2796
332.8772	117.5198
333.0296	121.9072
333.182	126.6866
333.3344	126.3368
333.4868	123.7381
333.6392	121.1394
333.7916	121.7331
333.944	124.0525
334.0964	125.9716
334.2488	127.3933
334.4012	129.2909
334.5536	130.3374
334.706	128.3152
334.8584	126.1496
335.0108	124.2732
335.1632	123.3215
335.3156	122.804
335.468	123.8168
335.6204	124.2776
335.7728	125.919
335.9252	124.0113
336.0776	119.3
336.23	120.9528
336.3824	123.4504
336.5348	124.4215
336.6872	122.8869
336.8396	122.2575
336.992	121.7
337.1444	124.5409
337.2968	129.5547
337.4492	133.3
337.6016	130.7
337.754	128.9028
337.9064	126.3388
338.0588	124.6661
338.2112	125.8615
338.3636	126.1889
338.516	125.1399
338.6684	124.0908
338.8208	123.7
338.9732	127.3
339.1256	129.0433
339.278	129.1518
339.4304	127.6057
339.5828	124.3088
339.7352	121.3246
339.8876	120.2639
340.04	123.778
340.1924	128.7808
340.3448	131.5304
340.4972	134.3
340.6496	129.8871
340.802	125.0362
340.9544	124.5435
341.1068	124.6219
341.2592	124.7
341.4116	128.3558
341.564	132.9
341.7164	132.2614
341.8688	129.8294
342.0212	127.3973
342.1736	122.1631
342.326	120.1
342.4784	121.5754
342.6308	124.8475
342.7832	126.1979
342.9356	122.88
343.088	117.7
343.2404	122.79
343.3928	129.7
343.5452	127.9435
343.6976	125.5591
343.85	123.1747
344.0024	121.5623
344.1548	121.916
344.3072	131.1
344.4596	126.877
344.612	122.726
344.7644	125.6888
344.9168	128.7279
345.0692	132.1522
345.2216	130.0417
345.374	127.9
345.5264	133.6464
345.6788	133.5
345.8312	126.5
345.9836	126.3136
346.136	124.7668
346.2884	123.7181
346.4408	125.5469
346.5932	129.467
346.7456	131.4356
346.898	133.4041
347.0504	134.1904
347.2028	131.0179
347.3552	123.4106
347.5076	122.6374
347.66	123.7699
347.8124	124.8916
347.9648	126.0132
348.1172	126.8046
348.2696	125.5221
348.422	123.9934
348.5744	122.4647
348.7268	120.0709
348.8792	115.0306
349.0316	113.5207
349.184	120.18
349.3364	128.252
349.4888	136.3964
349.6412	145.1785
349.7936	143.5622
349.946	143.5847
350.0984	143.332
350.2508	130.7
350.4032	125.1
350.5556	129.0226
350.708	135.9059
350.8604	140.3987
351.0128	135.4531
351.1652	129.8935
351.3176	126.719
351.47	131.1889
351.6224	132.7641
351.7748	134.5096
351.9272	137.3
352.0796	143.489
352.232	145.8096
352.3844	144.4762
352.5368	141.4831
352.6892	137.8181
352.8416	132.7
352.994	116.8518
353.1464	101.4512
353.2988	86.0506
353.4512	83.975
353.6036	85.1086
353.756	91.4313
353.9084	96.7
354.0608	92.9899
354.2132	88.7608
354.3656	86.1
354.518	85.4026
354.6704	83.3023
354.8228	84.2179
354.9752	89.9697
355.1276	99.5636
355.28	99.3
355.4324	95.1549
355.5848	92.4058
355.7372	89.48
355.8896	76.1728
356.042	42.6022
356.1944	32.8901
356.3468	25.7374
356.4992	25.8079
356.6516	27.6932
356.804	29.35
356.9564	30.6003
357.1088	31.5386
357.2612	29.1343
357.4136	26.2115
357.566	23.7599
357.7184	23.9888
357.8708	26.1871
358.0232	26.2447
358.1756	25.947
358.328	25.662
358.4804	25.7942
358.6328	26.5091
358.7852	29.1526
358.9376	31.796
359.09	34.0078
359.2424	33.7287
359.3948	31.3047
359.5472	30.6256
359.6996	30.8136
359.852	31.1
360.0044	35.366
360.1568	36.768
360.3092	35.1715
360.4616	33.7
360.614	36.1087
360.7664	36.4364
360.9188	36.3599
361.0712	35.9595
361.2236	35.1
361.376	36.967
361.5284	37.7078
361.6808	38.8368
361.8332	40.6717
361.9856	42.5066
362.138	42.3981
362.2904	35.5003
362.4428	33.4026
362.5952	32.3164
362.7476	34.0962
362.9	37.2417
363.0524	38.2957
363.2048	36.2297
363.3572	33.7198
363.5096	33.7385
363.662	38.9095
363.8144	38.9582
363.9668	38.4849
364.1192	37.7753
364.2716	35.9372
364.424	36.4614
364.5764	36.0001
364.7288	35.4113
364.8812	35.656
365.0336	36.2375
365.186	36.893
365.3384	36.8469
365.4908	35.6521
365.6432	34.5
365.7956	38.8875
365.948	41.6752
366.1004	41.0916
366.2528	38.7644
366.4052	37.2479
366.5576	37.9985
366.71	41.3192
366.8624	42.8667
367.0148	40.3852
367.1672	35.3482
367.3196	34.0557
367.472	36.0634
367.6244	38.1724
367.7768	39.1069
367.9292	42.0882
368.0816	46.9277
368.234	52.0962
368.3864	54.7
368.5388	52.0476
368.6912	47.5925
368.8436	43.7993
368.996	42.007
369.1484	40.3
369.3008	40.0505
369.4532	40.6683
369.6056	41.654
369.758	42.5
369.9104	42.5
370.0628	41.0532
370.2152	39.7
370.3676	43.6654
370.52	48.8576
370.6724	52.8572
370.8248	56.5894
370.9772	57.9308
371.1296	52.8154
371.282	50.7
371.4344	51.7554
371.5868	53.5781
371.7392	54.4493
371.8916	52.5118
372.044	49.1
372.1964	48.2317
372.3488	48.013
372.5012	47.7943
372.6536	48.6074
372.806	51.4396
372.9584	50.9483
373.1108	47.8725
373.2632	46.6337
373.4156	46.5264
373.568	45.6074
373.7204	44.4226
373.8728	43.9509
374.0252	44.0421
374.1776	43.4359
374.33	41.6132
374.4824	42.3088
374.6348	43.5
374.7872	43.5
374.9396	44.1888
375.092	44.6334
375.2444	44.7
375.3968	43.8387
375.5492	43.9684
375.7016	45.7911
375.854	46.719
376.0064	46.5142
376.1588	45.5594
376.3112	44.9578
376.4636	47.5399
376.616	46.8229
376.7684	45.192
376.9208	44.1
377.0732	43.371
377.2256	43.097
377.378	45.8208
377.5304	44.7955
377.6828	43.9241
377.8352	43.5606
377.9876	43.8306
378.14	44.1007
378.2924	44.1092
378.4448	43.2547
378.5972	41.7
378.7496	36.623
378.902	33.4547
379.0544	33.3246
379.2068	35.7967
379.3592	34.5151
379.5116	32.7493
379.664	30.9836
379.8164	30.213
379.9688	29.8969
380.1212	27.8829
380.2736	26.6883
380.426	26.3854
380.5784	27.8912
380.7308	30.6698
380.8832	30.486
381.0356	30.3022
381.188	30.1184
381.3404	29.9346
381.4928	27.8601
381.6452	24.9477
381.7976	23.9
381.95	24.4897
382.1024	29.3
382.2548	27.0644
382.4072	25.5498
382.5596	25.5009
382.712	27.2931
382.8644	26.0468
383.0168	27.1155
383.1692	28.1107
383.3216	28.3865
383.474	28.6622
383.6264	26.5624
383.7788	23.1848
383.9312	19.8071
384.0836	18.5384
384.236	17.6423
384.3884	14.9144
384.5408	11.5501
384.6932	10.7
384.8456	11.4328
384.998	12.1
385.1504	12.2754
385.3028	11.6672
385.4552	11.5897
385.6076	11.7
385.76	12.4766
385.9124	14.2909
386.0648	20.1197
386.2172	27.9353
386.3696	35.4704
386.522	38.7823
386.6744	41.6214
386.8268	46.6922
386.9792	55.3191
387.1316	63.946
387.284	72.6553
387.4364	81.8407
387.5888	91.026
387.7412	96.7
387.8936	90.5174
388.046	83.7223
388.1984	82.1518
388.3508	83.0543
388.5032	81.2011
388.6556	77.5429
388.808	70.3745
388.9604	67.6798
389.1128	65.3227
389.2652	62.7
389.4176	65.542
389.57	71.6914
389.7224	77.9236
389.8748	82.2477
390.0272	85.3817
390.1796	86.5
390.332	85.8155
390.4844	85.3966
390.6368	88.2139
390.7892	89.2781
390.9416	94.2307
391.094	100.0453
391.2464	104.6614
391.3988	105.3373
391.5512	105.6034
391.7036	103.8922
391.856	98.1099
392.0084	84.5195
392.1608	72.5638
392.3132	66.7493
392.4656	63.7836
392.618	66.3978
392.7704	68.18
392.9228	66.5461
393.0752	64.9122
393.2276	63.2783
393.38	61.6444
393.5324	63.43
393.6848	66.5344
393.8372	69.6388
393.9896	70.7184
394.142	65.2274
394.2944	64.087
394.4468	64.9633
394.5992	66.6461
394.7516	63.3306
394.904	59.3392
395.0564	57.0138
395.2088	57.0542
395.3612	57.1348
395.5136	51.361
395.666	47.0381
395.8184	43.2157
395.9708	38.4631
396.1232	29.0188
396.2756	25.3083
396.428	25.2023
396.5804	25.4808
396.7328	26.9195
396.8852	28.4441
397.0376	27.3
397.19	27.3
397.3424	29.1754
397.4948	31.6456
397.6472	40.2499
397.7996	51.2035
397.952	59.2961
398.1044	63.5206
398.2568	69.2073
398.4092	74.9836
398.5616	77.6687
398.714	77.0776
398.8664	74.1032
399.0188	75.7681
399.1712	79.1197
399.3236	83.9855
399.476	86.5
399.6284	81.9436
399.7808	77.5682
399.9332	74.6074
400.0856	79.2055
400.238	83.1
400.3904	82.6655
400.5428	81.2933
400.6952	74.5473
400.8476	61.6725
401	46.1
401.1524	43.3148
401.3048	40.5
401.4572	37.9615
401.6096	35.1
401.762	34.6165
401.9144	35.1039
402.0668	35.5913
402.2192	34.934
402.3716	32.7687
402.524	34.7783
402.6764	37.9115
402.8288	42.3372
402.9812	45.5
403.1336	37.495
403.286	36.7909
403.4384	36.2003
403.5908	36.3269
403.7432	41.1965
403.8956	46.0662
404.048	50.9358
404.2004	51.3032
404.3528	44.7285
404.5052	37.2602
404.6576	31.7612
404.81	30.4571
404.9624	32.5711
405.1148	36.6478
405.2672	40.7246
405.4196	44.669
405.572	44.8651
405.7244	44.1018
405.8768	44.3
406.0292	47.0756
406.1816	49.9785
406.334	54.5449
406.4864	59.6368
406.6388	58.6164
406.7912	55.9748
406.9436	54.9888
407.096	54.4267
407.2484	52.5054
407.4008	50.0613
407.5532	49.8327
407.7056	48.5066
407.858	45.6618
408.0104	43.2065
408.1628	41.3244
408.3152	40.0583
408.4676	38.9624
408.62	37.9
408.7724	38.3469
408.9248	39.7838
409.0772	42.2396
409.2296	44.4517
409.382	44.0496
409.5344	44.0968
409.6868	45.2926
409.8392	46.4883
409.9916	46.5018
410.144	45.9
410.2964	46.7734
410.4488	45.4574
410.6012	44.1135
410.7536	43.6697
410.906	44.9
411.0584	51.7981
411.2108	58.9999
411.3632	55.8914
411.5156	52.9716
411.668	50.407
411.8204	48.6785
411.9728	49.5
412.1252	48.6826
412.2776	46.4623
412.43	44.7673
412.5824	43.7
412.7348	45.5988
412.8872	48.2734
413.0396	51.0992
413.192	52.1495
413.3444	50.7982
413.4968	50.3626
413.6492	48.9267
413.8016	43.9415
413.954	43.7
414.1064	48.3207
414.2588	47.9716
414.4112	47.3313
414.5636	47.5331
414.716	47.8259
414.8684	48.5525
415.0208	47.7547
415.1732	45.5
415.3256	45.9
415.478	48.7152
415.6304	50.5872
415.7828	47.6721
415.9352	44.3072
416.0876	44.3824
416.24	44.4576
416.3924	44.9716
416.5448	47.7
416.6972	46.8842
416.8496	46.5134
417.002	46.3359
417.1544	46.6544
417.3068	47.1888
417.4592	48.0379
417.6116	45.8575
417.764	43.6772
417.9164	41.7
418.0688	41.4994
418.2212	40.6666
418.3736	41.2982
418.526	43.8747
418.6784	42.2343
418.8308	43.9826
418.9832	46.0331
419.1356	45.9254
419.288	43.4765
419.4404	46.6487
419.5928	49.3249
419.7452	51.8564
419.8976	54.3826
420.05	55.449
420.2024	56.0076
420.3548	57.4493
420.5072	57.6424
420.6596	55.9772
420.812	52.9
420.9644	53.3411
421.1168	51.5895
421.2692	51.4277
421.4216	54.9
421.574	55.9
421.7264	54.3542
421.8788	54.1005
422.0312	55.2473
422.1836	55.0657
422.336	54.1564
422.4884	54.763
422.6408	56.2848
422.7932	57.7808
422.9456	58.5
423.098	60.8999
423.2504	61.96
423.4028	62.3463
423.5552	61.1192
423.7076	58.8256
423.86	60.5038
424.0124	64.2683
424.1648	66.0177
424.3172	63.8961
424.4696	61.7745
424.622	59.6529
424.7744	59.4381
424.9268	59.4952
425.0792	58.5879
425.2316	59.6984
425.384	58.5328
425.5364	58.8111
425.6888	60.6729
425.8412	62.0579
425.9936	63.1974
426.146	61.9714
426.2984	58.6429
426.4508	56.4591
426.6032	55.2642
426.7556	51.7272
426.908	50.182
427.0604	52.0388
427.2128	56.306
427.3652	60.5582
427.5176	62.3
427.67	60.5064
427.8224	58.6146
427.9748	56.6633
428.1272	53.2647
428.2796	51.273
428.432	50.1041
428.5844	49.201
428.7368	51.5895
428.8892	55.174
429.0416	62.0169
429.194	69.1858
429.3464	74.7273
429.4988	78.3118
429.6512	80.565
429.8036	81.6952
429.956	81.1174
430.1084	76.3165
430.2608	70.6021
430.4132	66.2581
430.5656	65.3223
430.718	66.9
430.8704	69.9854
431.0228	72.9297
431.1752	75.3323
431.3276	75.5
431.48	74.5303
431.6324	71.7687
431.7848	67.617
431.9372	63.4653
432.0896	59.3135
432.242	52.8322
432.3944	44.8698
432.5468	38.7007
432.6992	35.1725
432.8516	34.3527
433.004	31.9823
433.1564	31.021
433.3088	30.6705
433.4612	30.32
433.6136	31.4818
433.766	29.0895
433.9184	27.891
434.0708	28.1755
434.2232	26.9604
434.3756	23.6311
434.528	19.7253
434.6804	18.4118
434.8328	19.8901
434.9852	21.3684
435.1376	22.9
435.29	23.376
435.4424	24.4321
435.5948	25.7
435.7472	22.2734
435.8996	20.3
436.052	22.7436
436.2044	25.5
436.3568	28.8166
436.5092	32.1108
436.6616	35.3547
436.814	38.5985
436.9664	40.1313
437.1188	36.4581
437.2712	31.8413
437.4236	28.9051
437.576	28.3772
437.7284	30.1529
437.8808	33.9248
438.0332	36.842
438.1856	39.6054
438.338	41.3
438.4904	42.1317
438.6428	46.3
438.7952	45.7243
438.9476	45.0987
439.1	44.492
439.2524	41.3
439.4048	42.0913
439.5572	43.8196
439.7096	45.5
439.862	49.1793
440.0144	53.8992
440.1668	59.3662
440.3192	68.9897
440.4716	76.1725
440.624	77.9
440.7764	72.5377
440.9288	72.5411
441.0812	73.7124
441.2336	74.5616
441.386	76.7137
441.5384	78.0088
441.6908	77.5
441.8432	80.0705
441.9956	86.5395
442.148	95.9
442.3004	101.1203
442.4528	104.4442
442.6052	108.7616
442.7576	123.4713
442.91	151.0994
443.0624	191.5
443.2148	184.1329
443.3672	172.5
443.5196	153.1
443.672	147.1906
443.8244	144.7494
443.9768	134.5764
444.1292	108.2996
444.2816	81.6873
444.434	54.8015
444.5864	33.3575
444.7388	26.6029
444.8912	25.5
445.0436	25.5
445.196	24.8777
445.3484	24.3
445.5008	26.1189
445.6532	28.6589
445.8056	32.9231
445.958	37.7694
446.1104	44.6397
446.2628	58.3038
446.4152	99.2637
446.5676	150.8358
446.72	221.8494
446.8724	342.1
447.0248	281.5493
447.1772	189.0852
447.3296	96.6211
447.482	59.83
447.6344	26.3
447.7868	16.6118
447.9392	14.7537
448.0916	16.2068
448.244	17.5897
448.3964	17.4219
448.5488	16.9406
448.7012	16.9032
448.8536	17.3096
449.006	17.3432
449.1584	17.0483
449.3108	16.7533
449.4632	16.567
449.6156	17.0411
449.768	17.5153
449.9204	18.1748
450.0728	19.6323
450.2252	18.1906
450.3776	17.3
450.53	18.2088
450.6824	19.1171
450.8348	19.3764
450.9872	19.472
451.1396	18.7724
451.292	17.743
451.4444	16.7136
451.5968	16.4145
451.7492	17.1931
451.9016	17.8666
452.054	16.8057
452.2064	15.4599
452.3588	14.7332
452.5112	14.3835
452.6636	16.5894
452.816	17.7409
452.9684	18.1511
453.1208	18.5613
453.2732	18.7273
453.4256	17.7
453.578	17.9692
453.7304	17.6168
453.8828	16.7
454.0352	16.52
454.1876	15.0454
454.34	14.4877
454.4924	14.2186
454.6448	13.9495
454.7972	14.1224
454.9496	14.3948
455.102	15.3487
455.2544	15.6217
455.4068	15.3501
455.5592	15.1478
455.7116	15.7513
455.864	16.0236
456.0164	15.8425
456.1688	15.755
456.3212	15.9612
456.4736	16.1
456.626	16.9316
456.7784	17.7
456.9308	17.7
457.0832	18.5402
457.2356	20.0483
457.388	23.8823
457.5404	26.0658
457.6928	23.6733
457.8452	21.2809
457.9976	19.1616
458.15	18.3927
458.3024	17.7892
458.4548	19.5991
458.6072	22.7085
458.7596	26.2047
458.912	27.8246
459.0644	31.055
459.2168	40.2468
459.3692	57.7671
459.5216	77.6827
459.674	95.0712
459.8264	104.2746
459.9788	110.192
460.1312	115.7856
460.2836	121.3793
460.436	126.3
460.5884	123.5
460.7408	125.6797
460.8932	128.0332
461.0456	130.2932
461.198	132.3
461.3504	135.322
461.5028	128.9
461.6552	126.6024
461.8076	125.5694
461.96	125.1867
462.1124	124.9611
462.2648	125.6082
462.4172	126.8669
462.5696	129.086
462.722	134.1555
462.8744	132.1255
463.0268	130.0955
463.1792	130.4659
463.3316	133.3529
463.484	133.7
463.6364	130.3154
463.7888	128.7673
463.9412	129.9
464.0936	129.1702
464.246	130.1554
464.3984	130.4658
464.5508	128.3
464.7032	123.0235
464.8556	117.6923
465.008	113.1387
465.1604	108.7
465.3128	110.9
465.4652	124.5
465.6176	134.5979
465.77	134.3067
465.9224	132.0715
466.0748	133.8383
466.2272	139.7
466.3796	133.7719
466.532	131.4206
466.6844	126.0488
466.8368	115.5322
466.9892	101.999
467.1416	88.4659
467.294	84.1
467.4464	100.0809
467.5988	118.6473
467.7512	131.7
467.9036	128.9622
468.056	126.6571
468.2084	124.7552
468.3608	123.7296
468.5132	129.7798
468.6656	132.1
468.818	127.1567
468.9704	121.5
469.1228	121.3892
469.2752	120.8976
469.4276	119.0688
469.58	118.23
469.7324	122.4812
469.8848	127.8294
470.0372	127.0224
470.1896	121.5331
470.342	117.7328
470.4944	113.9325
470.6468	114.6499
470.7992	116.9879
470.9516	121.9978
471.104	124.7687
471.2564	122.2041
471.4088	118.9468
471.5612	114.973
471.7136	113.2503
471.866	114.4427
472.0184	115.717
472.1708	115.3774
472.3232	117.6342
472.4756	124.2149
472.628	131.5822
472.7804	138.9496
472.9328	147.9
473.0852	145.0688
473.2376	141.0368
473.39	137.0049
473.5424	132.9729
473.6948	129.4435
473.8472	128.081
473.9996	127.2515
474.152	127.138
474.3044	128.4811
474.4568	129.332
474.6092	130.0384
474.7616	131.9241
474.914	131.5212
475.0664	130.562
475.2188	130.2921
475.3712	129.3
475.5236	123.0767
475.676	116.8995
475.8284	111.1089
475.9808	110.4484
476.1332	112.8311
476.2856	114.4997
476.438	111.7393
476.5904	109.3928
476.7428	111.6637
476.8952	116.7956
477.0476	117.882
477.2	117.5451
477.3524	117.2081
477.5048	116.9633
477.6572	118.7049
477.8096	121.2788
477.962	123.2782
478.1144	122.2535
478.2668	119.7385
478.4192	120.7
478.5716	120.349
478.724	116.5214
478.8764	112.3
479.0288	114.4083
479.1812	116.4753
479.3336	118.8932
479.486	123.589
479.6384	130.0475
479.7908	126.8765
479.9432	126.3729
480.0956	124.7259
480.248	120.8084
480.4004	113.3
480.5528	118.1116
480.7052	122.2443
480.8576	122.2222
481.01	121.1
481.1624	119.4109
481.3148	113.2643
481.4672	109.8643
481.6196	111.7
481.772	110.5492
481.9244	112.0078
482.0768	118.3566
482.2292	121.4506
482.3816	121.3732
482.534	121.3
482.6864	123.8029
482.8388	123.6263
482.9912	121.0031
483.1436	118.3741
483.296	119.4397
483.4484	125.7849
483.6008	129.9382
483.7532	130.4479
483.9056	130.349
484.058	129.4026
484.2104	126.4818
484.3628	123.9
484.5152	129.1375
484.6676	129.7
484.82	131.4976
484.9724	131.8192
485.1248	131.3949
485.2772	129.0984
485.4296	123.8264
485.582	124.1464
485.7344	123.9126
485.8868	118.9
486.0392	117.0729
486.1916	118.8591
486.344	123.7082
486.4964	126.3443
486.6488	124.4765
486.8012	126.3929
486.9536	124.236
487.106	121.2621
487.2584	122.3
487.4108	130.1
487.5632	132.9732
487.7156	130.9428
487.868	127.2974
488.0204	125.5
488.1728	119.522
488.3252	115.6943
488.4776	111.8666
488.63	108.8049
488.7824	109.4125
488.9348	110.0201
489.0872	109.5724
489.2396	113.0441
489.392	119.7043
489.5444	118.142
489.6968	115.6916
489.8492	112.6218
490.0016	111.4456
490.154	118.4851
490.3064	119.9693
490.4588	123.451
490.6112	122.9056
490.7636	120.4755
490.916	120.9597
491.0684	123.0116
491.2208	124.1512
491.3732	123.1
491.5256	119.3377
491.678	115.7394
491.8304	114.1968
491.9828	119.4491
492.1352	123.0775
492.2876	124.186
492.44	126.5324
492.5924	130.5
492.7448	125.4734
492.8972	117.2614
493.0496	109.0495
493.202	102.2807
493.3544	101.9615
493.5068	103.4804
493.6592	104.6713
493.8116	106.4818
493.964	105.7586
494.1164	102.7866
494.2688	99.5428
494.4212	96.4761
494.5736	96.1
494.726	95.2776
494.8784	96.1
495.0308	98.7106
495.1832	99.7
495.3356	98.9082
495.488	99.217
495.6404	101.9049
495.7928	105.417
495.9452	105.1878
496.0976	102.9069
496.25	99.8474
496.4024	98.0389
496.5548	97.367
496.7072	92.6158
496.8596	90.5002
497.012	91.7566
497.1644	94.0808
497.3168	96.4953
497.4692	102.9
497.6216	107.711
497.774	107.8194
497.9264	105.6669
498.0788	106.0597
498.2312	103.598
498.3836	100.3828
498.536	98.6877
498.6884	98.9441
498.8408	100.3269
498.9932	105.1212
499.1456	110.6972
499.298	110.7905
499.4504	106.3185
499.6028	100.655
499.7552	97.809
499.9076	98.4986
500.06	102.5765
500.2124	106.9363
500.3648	106.5522
500.5172	104.009
500.6696	102.3
500.822	103.9
500.9744	98.9153
501.1268	102.3215
501.2792	104.8827
501.4316	105.8647
501.584	108.8554
501.7364	112.2161
501.8888	112.1321
502.0412	110.0476
502.1936	110.9199
502.346	113.4352
502.4984	112.1723
502.6508	111.9477
502.8032	113.6634
502.9556	114.9344
503.108	115.7821
503.2604	118.0327
503.4128	116.9486
503.5652	112.407
503.7176	108.3628
503.87	106.0255
504.0224	108.7042
504.1748	113.0805
504.3272	117.1
504.4796	118.0484
504.632	119.8853
504.7844	122.0779
504.9368	124.2704
505.0892	123.9
505.2416	115.2549
505.394	116.9703
505.5464	117.9
505.6988	118.5293
505.8512	120.7804
506.0036	120.5307
506.156	115.9038
506.3084	114.5963
506.4608	114.908
506.6132	116.2099
506.7656	115.8862
506.918	115.0963
507.0704	114.3065
507.2228	114.7847
507.3752	122.8161
507.5276	123.7699
507.68	123.5352
507.8324	124.0221
507.9848	121.7
508.1372	121.4199
508.2896	118.3431
508.442	114.0337
508.5944	112.3
508.7468	115.278
508.8992	119.6323
509.0516	121.4873
509.204	119.3403
509.3564	115.7
509.5088	121.2564
509.6612	124.3
509.8136	121.7587
509.966	118.1133
510.1184	116.2775
510.2708	115.0742
510.4232	114.937
510.5756	115.5531
510.728	116.0017
510.8804	118.6598
511.0328	121.3179
511.1852	123.3087
511.3376	124.5767
511.49	125.9
511.6424	129.5808
511.7948	127.4712
511.9472	125.0177
512.0996	125.3822
512.252	126.1825
512.4044	129.9418
512.5568	131.7
512.7092	129.2946
512.8616	124.434
513.014	122.6684
513.1664	121.4532
513.3188	121.5619
513.4712	125.9184
513.6236	131.9
513.776	128.3635
513.9284	127.7837
514.0808	130.4785
514.2332	133.3564
514.3856	135.3973
514.538	139.8565
514.6904	142.3
514.8428	134.9779
514.9952	128.6162
515.1476	122.4796
515.3	114.22
515.4524	101.6318
515.6048	89.3
515.7572	88.013
515.9096	85.8258
516.062	82.8014
516.2144	80.2134
516.3668	81.5284
516.5192	82.4875
516.6716	82.695
516.824	80.0304
516.9764	79.0053
517.1288	81.3031
517.2812	83.3182
517.4336	83.0835
517.586	81.5405
517.7384	80.8488
517.8908	79.1
518.0432	79.2005
518.1956	79.3
518.348	79.1838
518.5004	82.6877
518.6528	83.3788
518.8052	83.6915
518.9576	84.5663
519.11	83.9351
519.2624	78.0264
519.4148	76.1556
519.5672	77.8177
519.7196	81.4675
519.872	83.872
520.0244	81.7099
520.1768	79.5477
520.3292	80.2173
520.4816	82.3826
520.634	84.3516
520.7864	82.8565
520.9388	80.4846
521.0912	81.5198
521.2436	83.3242
521.396	85.1286
521.5484	83.6339
521.7008	82.1
521.8532	82.6743
522.0056	84.2888
522.158	86.2888
522.3104	89.4465
522.4628	90.4388
522.6152	89.1
522.7676	88.3526
522.92	87.6309
523.0724	87.5
523.2248	86.374
523.3772	85.0026
523.5296	83.7
523.682	85.1949
523.8344	86.9993
523.9868	88.3916
524.1392	88.9317
524.2916	92.7983
524.444	95.7
524.5964	96.5957
524.7488	96.2348
524.9012	96.0562
525.0536	99.1797
525.206	101.8563
525.3584	102.7
525.5108	101.3765
525.6632	103.7686
525.8156	102.1102
525.968	97.081
526.1204	91.9
526.2728	89.1509
526.4252	86.3163
526.5776	84.667
526.73	85.7692
526.8824	89.2862
527.0348	90.5496
527.1872	91.7
527.3396	91.857
527.492	93.3473
527.6444	98.0492
527.7968	99.4407
527.9492	97.1053
528.1016	98.1892
528.254	101.7
528.4064	100.3412
528.5588	96.1418
528.7112	93.9253
528.8636	94.3178
529.016	94.9956
529.1684	92.1806
529.3208	94.3142
529.4732	96.2223
529.6256	92.864
529.778	84.78
529.9304	81.9514
530.0828	80.5875
530.2352	77.7167
530.3876	77.3256
530.54	79.4001
530.6924	83.1343
530.8448	84.6601
530.9972	85.9384
531.1496	88.2603
531.302	88.4678
531.4544	90.2783
531.6068	90.8009
531.7592	93.0427
531.9116	100.0227
532.064	105.6322
532.2164	106.3062
532.3688	106.3317
532.5212	105.7444
532.6736	105.1385
532.826	106.7844
532.9784	105.2166
533.1308	103.5
533.2832	106.5764
533.4356	111.3235
533.588	117.2077
533.7404	120.4372
533.8928	119.7905
534.0452	120.1152
534.1976	119.8569
534.35	113.2435
534.5024	109.5
534.6548	115.6187
534.8072	117.5565
534.9596	116.3163
535.112	115.1
535.2644	114.3064
535.4168	114.5679
535.5692	115.9
535.7216	112.2699
535.874	110.8904
536.0264	109.2785
536.1788	104.7
536.3312	105.7
536.4836	103.3207
536.636	101.6326
536.7884	102.0394
536.9408	103.5
537.0932	103.5
537.2456	105.0593
537.398	106.9
537.5504	108.2068
537.7028	109.2293
537.8552	107.1
538.0076	107.7259
538.16	109.837
538.3124	112.1011
538.4648	117.7214
538.6172	121.6915
538.7696	123.3834
538.922	122.0995
539.0744	118.1868
539.2268	116.6757
539.3792	114.1332
539.5316	112.2028
539.684	111.7908
539.8364	115.7543
539.9888	114.9336
540.1412	112.2639
540.2936	111.8823
540.446	109.1
540.5984	109.8412
540.7508	113.2847
540.9032	118.8354
541.0556	122.3
541.208	99.0892
541.3604	83.384
541.5128	82.3442
541.6652	82.1007
541.8176	78.8382
541.97	73.7776
542.1224	69.0738
542.2748	64.6621
542.4272	61.204
542.5796	60.4857
542.732	58.8088
542.8844	57.512
543.0368	57.3
543.1892	57.6192
543.3416	58.2753
543.494	63.4457
543.6464	66.8763
543.7988	69.3341
543.9512	73.7453
544.1036	84.3405
544.256	95.6351
544.4084	102.9
544.5608	102.1794
544.7132	100.6655
544.8656	99.1517
545.018	101.5685
545.1704	104.7692
545.3228	106.9
545.4752	100.0247
545.6276	91.9403
545.78	83.3114
545.9324	74.6825
546.0848	66.0536
546.2372	61.8394
546.3896	60.7055
546.542	60.5961
546.6944	60.7679
546.8468	60.2255
546.9992	62.874
547.1516	68.8829
547.304	75.3455
547.4564	75.5725
547.6088	75.7996
547.7612	76.7576
547.9136	78.0425
548.066	77.5883
548.2184	77.7
548.3708	79.5799
548.5232	81.0274
548.6756	82.096
548.828	82.4463
548.9804	81.0489
549.1328	82.5741
549.2852	85.1
549.4376	83.5544
549.59	80.1491
549.7424	80.5683
549.8948	81.8327
550.0472	82.1542
550.1996	81.8662
550.352	83.7728
550.5044	84.8254
550.6568	84.2877
550.8092	85.3263
550.9616	88.5
551.114	88.5
551.2664	86.6058
551.4188	87.9121
551.5712	90.7476
551.7236	93.141
551.876	93.3816
552.0284	93.7291
552.1808	94.1802
552.3332	95.9127
552.4856	100.4238
552.638	104.9348
552.7904	111.4789
552.9428	116.7333
553.0952	117.9523
553.2476	121.0456
553.4	122.9
553.5524	120.3572
553.7048	117.7
553.8572	119.2812
554.0096	122.9903
554.162	124.8479
554.3144	123.645
554.4668	123.0316
554.6192	124.5783
554.7716	124.0637
554.924	122.5
555.0764	117.9635
555.2288	108.2693
555.3812	98.5
555.5336	101.2774
555.686	105.2265
555.8384	107.5
555.9908	91.644
556.1432	78.2015
556.2956	68.59
556.448	62.1626
556.6004	56.501
556.7528	53.1
556.9052	57.1485
557.0576	61.8317
557.21	59.9691
557.3624	51.9773
557.5148	45.2371
557.6672	38.6919
557.8196	35.3467
557.972	37.2322
558.1244	43.6222
558.2768	52.28
558.4292	60.9379
558.5816	65.5276
558.734	64.5736
558.8864	64.8052
559.0388	69.8827
559.1912	72.9089
559.3436	67.4803
559.496	59.2065
559.6484	59.4228
559.8008	59.77
559.9532	58.9226
560.1056	58.046
560.258	64.152
560.4104	70.2581
560.5628	74.0828
560.7152	70.9518
560.8676	60.7166
561.02	56.9395
561.1724	55.1792
561.3248	56.1065
561.4772	58.4837
561.6296	59.395
561.782	60.3064
561.9344	61.9288
562.0868	64.8798
562.2392	67.7
562.3916	67.3994
562.544	67.1
562.6964	62.895
562.8488	57.7054
563.0012	55.2512
563.1536	57.0426
563.306	63.4189
563.4584	70.1999
563.6108	72.9
563.7632	60.1921
563.9156	58.3694
564.068	61.0654
564.2204	66.3122
564.3728	72.5308
564.5252	75.4405
564.6776	74.9407
564.83	72.0996
564.9824	57.0332
565.1348	47.1
565.2872	49.8288
565.4396	54.3201
565.592	63.2486
565.7444	73.9
565.8968	76.3101
566.0492	72.514
566.2016	64.6494
566.354	51.5507
566.5064	39.9039
566.6588	37.0964
566.8112	39.4992
566.9636	39.8127
567.116	36.9341
567.2684	33.1258
567.4208	30.8551
567.5732	31.6725
567.7256	33.4892
567.878	34.4266
568.0304	31.5831
568.1828	26.7831
568.3352	23.7151
568.4876	22.8921
568.64	23.9
568.7924	28.6581
568.9448	31.383
569.0972	32.9521
569.2496	33.2316
569.402	34.1
569.5544	36.425
569.7068	38.7866
569.8592	38.5919
570.0116	37.9
570.164	43.6299
570.3164	44.7912
570.4688	44.3871
570.6212	43.9
570.7736	44.8508
570.926	45.6785
571.0784	45.5492
571.2308	44.7233
571.3832	43.8023
571.5356	44.3594
571.688	42.9005
571.8404	39.3
571.9928	36.3807
572.1452	33.4021
572.2976	30.4236
572.45	25.7
572.6024	24.452
572.7548	24.3455
572.9072	23.6447
573.0596	22.5012
573.212	21.9954
573.3644	25.5763
573.5168	32.8183
573.6692	40.0604
573.8216	49.4639
573.974	61.0512
574.1264	70.4923
574.2788	73.3
574.4312	65.3
574.5836	63.3608
574.736	62.8283
574.8884	60.4613
575.0408	55.7
575.1932	62.2608
575.3456	67.22
575.498	68.9054
575.6504	70.6334
575.8028	78.2863
575.9552	87.1
576.1076	93.9199
576.26	98.2651
576.4124	101.5
576.5648	98.8551
576.7172	97.9498
576.8696	97.9185
577.022	94.9441
577.1744	90.3234
577.3268	92.5421
577.4792	95.4088
577.6316	97.9726
577.784	98.3898
577.9364	97.1831
578.0888	99.2921
578.2412	102.3785
578.3936	108.0187
578.546	114.9
578.6984	110.6749
578.8508	103.71
579.0032	100.1122
579.1556	101.3322
579.308	100.7874
579.4604	103.3107
579.6128	98.7886
579.7652	81.0208
579.9176	54.94
580.07	35.3624
580.2224	21.8565
580.3748	19.3861
580.5272	17.6705
580.6796	18.1004
580.832	19.7698
580.9844	26.9
581.1368	36.1673
581.2892	51.378
581.4416	70.103
581.594	80.1
581.7464	75.1352
581.8988	62.9832
582.0512	48.3746
582.2036	33.5
582.356	26.3659
582.5084	23.4715
582.6608	25.9
582.8132	38.2698
582.9656	57.4268
583.118	76.5837
583.2704	87.1106
583.4228	91.0459
583.5752	87.009
583.7276	82.3
583.88	80.0255
584.0324	79.827
584.1848	76.9874
584.3372	66.0386
584.4896	55.0899
584.642	44.1411
584.7944	34.3276
584.9468	27.5
585.0992	30.1108
585.2516	39.1106
585.404	56.1812
585.5564	74.1
585.7088	93.3
585.8612	88.1965
586.0136	76.2521
586.166	64.9934
586.3184	55.2825
586.4708	45.7499
586.6232	42.0552
586.7756	49.566
586.928	58.7473
587.0804	63.4333
587.2328	70.5221
587.3852	86.4269
587.5376	100.3814
587.69	105.0887
587.8424	108.5744
587.9948	112.1492
588.1472	114.0607
588.2996	113.5733
588.452	113.0858
588.6044	112.1532
588.7568	110.9461
588.9092	111.8757
589.0616	116.1
589.214	116.5
589.3664	112.6816
589.5188	112.5389
589.6712	112.3098
589.8236	109.413
589.976	109.181
590.1284	109.2719
590.2808	110.6552
590.4332	111.2859
590.5856	108.2013
590.738	107.8388
590.8904	106.7508
591.0428	105.7141
591.1952	105.4658
591.3476	105.1158
591.5	99.281
591.6524	91.9033
591.8048	87.3
591.9572	99.2483
592.1096	112.8342
592.262	120.2769
592.4144	126.3387
592.5668	128.5
592.7192	114.662
592.8716	94.6123
593.024	91.1997
593.1764	92.4574
593.3288	106.3996
593.4812	118.3
593.6336	106.4318
593.786	100.8012
593.9384	101.4029
594.0908	107.2916
594.2432	108.7261
594.3956	104.618
594.548	94.0571
594.7004	84.7832
594.8528	84.5019
595.0052	93.1875
595.1576	106.6135
595.31	120.0394
595.4624	131.9
595.6148	125.4459
595.7672	122.7615
595.9196	123.4693
596.072	126.5364
596.2244	130.2831
596.3768	128.8582
596.5292	127.7669
596.6816	122.9766
596.834	113.8936
596.9864	105.8407
597.1388	106.408
597.2912	110.6756
597.4436	116.039
597.596	120.0778
597.7484	119.9126
597.9008	123.5601
598.0532	124.3052
598.2056	124.0605
598.358	124.9958
598.5104	123.5095
598.6628	122.9879
598.8152	120.8342
598.9676	118.4047
599.12	118.8429
599.2724	128.9756
599.4248	137.7504
599.5772	145.1
599.7296	142.3713
599.882	137.768
600.0344	131.9
600.1868	138.7
600.3392	137.1945
600.4916	125.921
600.644	106.6086
600.7964	87.2962
600.9488	80.3
601.1012	81.4531
601.2536	86.7
601.406	84.7638
601.5584	78.885
601.7108	73.8285
601.8632	71.4491
602.0156	71.84
602.168	72.231
602.3204	69.6021
602.4728	65.0659
602.6252	62.5235
602.7776	61.3791
602.93	62.8036
603.0824	60.1538
603.2348	52.0185
603.3872	43.9345
603.5396	39.272
603.692	38.5
603.8444	44.8241
603.9968	49.4397
604.1492	53.9
604.3016	56.6168
604.454	55.2835
604.6064	45.1675
604.7588	33.6371
604.9112	28.1261
605.0636	26.3
605.216	25.6894
605.3684	24.1
605.5208	25.8298
605.6732	25.8675
605.8256	25.7569
605.978	25.8356
606.1304	25.7653
606.2828	25.0247
606.4352	24.284
606.5876	25.0071
606.74	26.1311
606.8924	26.4603
607.0448	26.7895
607.1972	28.7966
607.3496	31.6517
607.502	34.5067
607.6544	34.6697
607.8068	29.2146
607.9592	27.3
608.1116	31.4729
608.264	37.4192
608.4164	43.3
608.5688	49.5758
608.7212	52.2693
608.8736	53.3739
609.026	55.0807
609.1784	52.6212
609.3308	47.4844
609.4832	41.4768
609.6356	35.7
609.788	33.3
609.9404	34.3748
610.0928	36.8319
610.2452	43.3842
610.3976	51.1435
610.55	58.71
610.7024	64.9772
610.8548	66.9
611.0072	63.6386
611.1596	60.9
611.312	59.8842
611.4644	59.6045
611.6168	59.7769
611.7692	58.5812
611.9216	54.7
612.074	62.0652
612.2264	64.4536
612.3788	62.8829
612.5312	58.4723
612.6836	62.4225
612.836	64.6508
612.9884	64.7989
613.1408	64.4001
613.2932	65.7
613.4456	64.1997
613.598	64.2611
613.7504	66.3948
613.9028	71.3325
614.0552	73.7109
614.2076	73.1091
614.36	74.6936
614.5124	76.9956
614.6648	75.5173
614.8172	69.2583
614.9696	64.0595
615.122	62.0494
615.2744	64.2168
615.4268	66.2425
615.5792	66.9388
615.7316	67.5281
615.884	67.2981
616.0364	66.1
616.1888	67.3637
616.3412	66.9874
616.4936	63.3681
616.646	58.6961
616.7984	55.7
616.9508	59.0839
617.1032	65.5501
617.2556	70.2262
617.408	72.5338
617.5604	79.8711
617.7128	87.5
617.8652	91.9255
618.0176	94.8642
618.17	95.2689
618.3224	86.7
618.4748	79.4885
618.6272	72.1559
618.7796	71.0623
618.932	73.597
619.0844	76.1
619.2368	75.5764
619.3892	72.1951
619.5416	68.3023
619.694	67.3269
619.8464	71.435
619.9988	79.841
620.1512	81.9
620.3036	81.5
620.456	78.3641
620.6084	75.0579
620.7608	75.6716
620.9132	76.5608
621.0656	77.7
621.218	75.6084
621.3704	77.3298
621.5228	80.2545
621.6752	83.1791
621.8276	82.841
621.98	76.9164
622.1324	70.5424
622.2848	69.5295
622.4372	76.8245
622.5896	84.9
622.742	88.8944
622.8944	89.3
623.0468	85.9072
623.1992	82.7236
623.3516	86.0661
623.504	87.6543
623.6564	84.3
623.8088	88.8425
623.9612	94.941
624.1136	96.7304
624.266	95.76
624.4184	95.9
624.5708	94.7293
624.7232	93.5524
624.8756	96.5366
625.028	114.9707
625.1804	125.1839
625.3328	127.1
625.4852	122.4225
625.6376	116.6713
625.79	111.569
625.9424	106.4666
626.0948	101.1
626.2472	93.7753
626.3996	87.6556
626.552	86.7558
626.7044	90.1182
626.8568	94.2168
627.0092	95.794
627.1616	94.8784
627.314	95.4355
627.4664	96.7578
627.6188	98.7816
627.7712	101.9848
627.9236	107.0157
628.076	116.8233
628.2284	127.098
628.3808	137.3727
628.5332	147.6473
628.6856	157.3
628.838	148.1
628.9904	139.4499
629.1428	131.233
629.2952	122.984
629.4476	114.3
629.6	109.1
629.7524	115.4564
629.9048	127.463
630.0572	134.3
630.2096	138.1684
630.362	136.1096
630.5144	135.8263
630.6668	146.6961
630.8192	156.1
630.9716	150.2859
631.124	145.3754
631.2764	148.0106
631.4288	154.1379
631.5812	151.5027
631.7336	146.7593
631.886	147.1248
632.0384	150.0977
632.1908	145.7698
632.3432	133.8793
632.4956	122.3
632.648	107.4251
632.8004	91.406
632.9528	83.3
633.1052	97.3823
633.2576	117.8192
633.41	128.6011
633.5624	132.9
633.7148	109.2656
633.8672	99.3
634.0196	93.4406
634.172	87.4229
634.3244	83.7
634.4768	85.3342
634.6292	90.6522
634.7816	94.3185
634.934	102.2903
635.0864	114.5
635.2388	120.7
635.3912	111.5259
635.5436	102.4154
635.696	94.699
635.8484	88.5
636.0008	78.93
636.1532	69.2477
636.3056	64.491
636.458	70.9852
636.6104	82.5714
636.7628	90.9
636.9152	80.3426
637.0676	65.0825
637.22	52.0284
637.3724	42.3
637.5248	43.8406
637.6772	46.3887
637.8296	48.9368
637.982	50.6796
638.1344	51.5317
638.2868	46.7533
638.4392	43.7192
638.5916	41.5661
638.744	40.9
638.8964	43.3
639.0488	44.1855
639.2012	43.9302
639.3536	41.4156
639.506	39.2014
639.6584	37.948
639.8108	37.2643
639.9632	39.1176
640.1156	45.2036
640.268	56.3
640.4204	53.1936
640.5728	45.8178
640.7252	37.382
640.8776	41.7958
641.03	46.0505
641.1824	50.3052
641.3348	51.3672
641.4872	50.3481
641.6396	48.8234
641.792	46.3977
641.9444	43.5
642.0968	43.4861
642.2492	46.8151
642.4016	50.1441
642.554	53.4731
642.7064	53.3466
642.8588	51.1
643.0112	52.1713
643.1636	55.4863
643.316	70.8333
643.4684	78.7
643.6208	73.2229
643.7732	55.8884
643.9256	57.2217
644.078	55.4052
644.2304	55.3318
644.3828	60.5621
644.5352	65.9
644.6876	57.126
644.84	45.6869
644.9924	37.9
645.1448	38.8941
645.2972	49.7472
645.4496	71.9081
645.602	91.1886
645.7544	101.1
645.9068	74.2619
646.0592	52.6089
646.2116	41.7139
646.364	32.9465
646.5164	24.3
646.6688	21.698
646.8212	21.6848
646.9736	21.8853
647.126	21.6492
647.2784	21.3786
647.4308	21.2247
647.5832	21.1185
647.7356	22.4831
647.888	24.1
648.0404	23.5159
648.1928	26.3632
648.3452	30.5143
648.4976	34.1232
648.65	37.4072
648.8024	36.4422
648.9548	30.7695
649.1072	28.7354
649.2596	28.3
649.412	28.6381
649.5644	32.4562
649.7168	34.5398
649.8692	34.2051
650.0216	37.8428
650.174	42.3
650.3264	37.9363
650.4788	32.3036
650.6312	26.9
650.7836	34.5128
650.936	44.907
651.0884	57.1966
651.2408	69.4861
651.3932	88.9721
651.5456	109.3937
651.698	114.1
651.8504	105.9804
652.0028	99.6666
652.1552	99.3
652.3076	112.4997
652.46	139.2786
652.6124	158.0416
652.7648	163.7612
652.9172	165.5926
653.0696	170.6218
653.222	170.7918
653.3744	169.3
653.5268	168.8567
653.6792	170.4042
653.8316	166.7
653.984	165.2323
654.1364	162.7762
654.2888	160.8745
654.4412	163.7483
654.5936	164.7
654.746	165.3328
654.8984	167.5
655.0508	164.8212
655.2032	160.4061
655.3556	157.526
655.508	157.6578
655.6604	160.6905
655.8128	163.8675
655.9652	167.0445
656.1176	164.058
656.27	160.5
656.4224	164.4146
656.5748	167.0372
656.7272	167.4119
656.8796	166.2811
657.032	165.5
657.1844	165.5
657.3368	163.6045
657.4892	161.0544
657.6416	157.8363
657.794	156.0871
657.9464	161.7573
658.0988	162.1427
658.2512	164.3465
658.4036	167.3292
658.556	167.5
658.7084	168.1619
658.8608	170.1766