21.5844	48.0647
21.7368	47.4736
21.8892	48.5759
22.0416	48.913
22.194	47.5923
22.3464	45.0198
22.4988	45.5894
22.6512	46.6911
22.8036	49.0409
22.956	53.4742
23.1084	55.3991
23.2608	56.3135
23.4132	54.8949
23.5656	55.8378
23.718	59.3845
23.8704	62.5963
24.0228	63.5408
24.1752	62.2138
24.3276	62.4729
24.48	63.3231
24.6324	61.2073
24.7848	57.8701
24.9372	56.7477
25.0896	58.2784
25.242	57.7798
25.3944	57.3462
25.5468	57.4608
25.6992	56.9046
25.8516	55.4036
26.004	55.1054
26.1564	55.8988
26.3088	57.8693
26.4612	59.5875
26.6136	57.5309
26.766	54.7164
26.9184	56.6889
27.0708	58.3575
27.2232	58.8487
27.3756	59.3398
27.528	60.3472
27.6804	63.3856
27.8328	66.4801
27.9852	68.077
28.1376	66.7736
28.29	65.996
28.4424	67.4733
28.5948	67.5739
28.7472	66.3156
28.8996	65.0573
29.052	63.7989
29.2044	62.5406
29.3568	61.7414
29.5092	62.2751
29.6616	64.3838
29.814	68.3707
29.9664	68.8194
30.1188	66.4847
30.2712	64.5195
30.4236	60.729
30.576	61.1638
30.7284	61.062
30.8808	60.5915
31.0332	62.8192
31.1856	65.25
31.338	66.9855
31.4904	68.2343
31.6428	68.7665
31.7952	68.5367
31.9476	68.381
32.1	67.5136
32.2524	65.3721
32.4048	67.5792
32.5572	67.7093
32.7096	68.9261
32.862	69.2855
33.0144	67.6719
33.1668	67.4293
33.3192	67.9749
33.4716	69.4784
33.624	71.1003
33.7764	69.775
33.9288	67.3813
34.0812	63.8106
34.2336	61.4317
34.386	61.8404
34.5384	62.4951
34.6908	63.1995
34.8432	62.9749
34.9956	63.0118
35.148	64.2077
35.3004	66.1939
35.4528	66.5316
35.6052	66.1721
35.7576	66.9855
35.91	66.2934
36.0624	67.5475
36.2148	68.1728
36.3672	70.7077
36.5196	71.8635
36.672	74.2049
36.8244	74.5053
36.9768	75.7158
37.1292	79.8483
37.2816	78.8674
37.434	75.6926
37.5864	69.9747
37.7388	63.9572
37.8912	59.854
38.0436	59.8369
38.196	61.1295
38.3484	65.6003
38.5008	67.3813
38.6532	63.96
38.8056	60.1759
38.958	59.4657
39.1104	59.4657
39.2628	57.8411
39.4152	55.7951
39.5676	55.6544
39.72	58.8238
39.8724	62.6921
40.0248	65.3258
40.1772	64.7495
40.3296	64.1246
40.482	64.4129
40.6344	67.6753
40.7868	71.5328
40.9392	74.7592
41.0916	75.5031
41.244	77.0778
41.3964	77.4736
41.5488	76.3124
41.7012	73.8384
41.8536	68.5828
42.006	64.3425
42.1584	61.5492
42.3108	64.7374
42.4632	67.6961
42.6156	69.9065
42.768	72.1306
42.9204	72.448
43.0728	73.5366
43.2252	74.3074
43.3776	71.923
43.53	70.7454
43.6824	73.3924
43.8348	78.2526
43.9872	82.5761
44.1396	82.4941
44.292	81.9966
44.4444	83.457
44.5968	84.2018
44.7492	82.6487
44.9016	78.1348
45.054	71.8438
45.2064	65.5528
45.3588	59.5453
45.5112	57.4868
45.6636	61.7199
45.816	69.558
45.9684	74.0801
46.1208	76.858
46.2732	76.5327
46.4256	74.0424
46.578	71.8346
46.7304	69.3408
46.8828	66.9855
47.0352	68.9971
47.1876	71.0784
47.34	72.1306
47.4924	70.9433
47.6448	70.9433
47.7972	68.5686
47.9496	67.5792
48.102	65.5922
48.2544	63.4602
48.4068	64.9123
48.5592	66.3466
48.7116	66.5897
48.864	71.3391
49.0164	72.1761
49.1688	72.2613
49.3212	72.1036
49.4736	70.1517
49.626	68.4968
49.7784	69.7709
49.9308	73.35
50.0832	77.1885
50.2356	78.0673
50.388	70.3623
50.5404	65.4024
50.6928	61.1611
50.8452	55.7313
50.9976	48.8449
51.15	42.4703
51.3024	40.8459
51.4548	46.0092
51.6072	57.8216
51.7596	69.0111
51.912	76.8799
52.0644	74.7012
52.2168	71.9327
52.3692	72.0795
52.5216	73.352
52.674	76.2086
52.8264	78.0199
52.9788	76.4842
53.1312	77.3338
53.2836	77.4736
53.436	73.6074
53.5884	68.3152
53.7408	66.7679
53.8932	70.2752
54.0456	72.0352
54.198	70.443
54.3504	68.8096
54.5028	69.1071
54.6552	67.9749
54.8076	68.3707
54.96	67.8304
55.1124	68.3793
55.2648	65.147
55.4172	63.8315
55.5696	67.3813
55.722	64.752
55.8744	62.434
56.0268	64.7531
56.1792	66.8518
56.3316	67.1834
56.484	67.1896
56.6364	66.7876
56.7888	67.4679
56.9412	68.9336
57.0936	72.2805
57.246	75.7905
57.3984	76.2475
57.5508	74.2464
57.7032	74.859
57.8556	73.4294
58.008	68.3111
58.1604	63.1928
58.3128	60.3688
58.4652	59.8876
58.6176	60.6858
58.77	61.6425
58.9224	63.6276
59.0748	65.2305
59.2272	66.5897
59.3796	65.7134
59.532	64.0172
59.6844	67.7442
59.8368	70.7706
59.9892	72.8149
60.1416	75.6877
60.294	76.4858
60.4464	74.1048
60.5988	73.1606
60.7512	72.9738
60.9036	70.0061
61.056	69.3909
61.2084	69.8458
61.3608	70.6135
61.5132	70.6646
61.6656	70.4299
61.818	71.3391
61.9704	71.2341
62.1228	71.5369
62.2752	70.6184
62.4276	69.7559
62.58	70.1118
62.7324	71.5481
62.8848	73.1622
63.0372	74.8541
63.1896	74.4861
63.342	73.8524
63.4944	74.7929
63.6468	75.6926
63.7992	75.2714
63.9516	74.3074
64.104	74.7032
64.2564	78.7046
64.4088	79.875
64.5612	76.2499
64.7136	71.2972
64.866	68.5537
65.0184	68.1108
65.1708	69.8012
65.3232	70.1668
65.4756	69.095
65.628	68.1466
65.7804	67.3578
65.9328	66.7876
66.0852	69.4646
66.2376	73.3588
66.39	71.5674
66.5424	71.5169
66.6948	73.4917
66.8472	75.3962
66.9996	75.8969
67.152	75.0539
67.3044	73.5384
67.4568	70.9009
67.6092	69.8285
67.7616	67.7445
67.914	65.1516
68.0664	66.1939
68.2188	68.9157
68.3712	71.043
68.5236	72.7243
68.676	70.9664
68.8284	67.839
68.9808	68.0508
69.1332	69.558
69.2856	69.3602
69.438	67.5819
69.5904	70.4521
69.7428	72.6572
69.8952	70.7454
70.0476	70.8275
70.2	71.5239
70.3524	74.0276
70.5048	75.8397
70.6572	75.1865
70.8096	73.144
70.962	71.6791
71.1144	71.2654
71.2668	69.9673
71.4192	68.6919
71.5716	69.2567
71.724	71.3391
71.8764	69.7452
72.0288	66.39
72.1812	63.9477
72.3336	66.1719
72.486	68.6966
72.6384	71.2322
72.7908	73.8041
72.9432	75.4684
73.0956	77.1327
73.248	75.9895
73.4004	73.452
73.5528	71.096
73.7052	71.4007
73.8576	71.9466
74.01	69.9413
74.1624	67.4228
74.3148	65.996
74.4672	65.996
74.6196	66.6948
74.772	68.3707
74.9244	68.7495
75.0768	70.8238
75.2292	72.9222
75.3816	71.2409
75.534	72.6785
75.6864	75.6926
75.8388	74.9719
75.9912	74.9516
76.1436	75.2135
76.296	75.0989
76.4484	77.4214
76.6008	76.8799
76.7532	73.1201
76.9056	69.5127
77.058	64.6108
77.2104	62.0259
77.3628	63.2831
77.5152	67.9973
77.6676	72.2994
77.82	70.4251
77.9724	68.0619
78.1248	68.3438
78.2772	67.1834
78.4296	70.1514
78.582	69.0675
78.7344	67.612
78.8868	67.7842
79.0392	70.9396
79.1916	74.1095
79.344	73.8634
79.4964	71.843
79.6488	69.6285
79.8012	70.4533
79.9536	68.409
80.106	64.6108
80.2584	63.5967
80.4108	65.2045
80.5632	64.6309
80.7156	64.0815
80.868	63.8387
81.0204	66.8892
81.1728	69.0539
81.3252	67.1312
81.4776	67.3748
81.63	70.733
81.7824	74.5112
81.9348	75.6926
82.0872	75.6926
82.2396	76.549
82.392	78.8588
82.5444	79.5925
82.6968	81.1497
82.8492	80.442
83.0016	82.6001
83.154	84.6402
83.3064	85.0655
83.4588	82.0568
83.6112	80.6398
83.7636	76.0927
83.916	72.6501
84.0684	73.7137
84.2208	75.7906
84.3732	75.4303
84.5256	73.7573
84.678	76.0079
84.8304	79.6902
84.9828	81.9095
85.1352	83.7152
85.2876	83.7301
85.44	83.4103
85.5924	79.9314
85.7448	73.9634
85.8972	72.5777
86.0496	73.7463
86.202	71.3578
86.3544	71.4114
86.5068	71.1653
86.6592	75.1956
86.8116	79.516
86.964	82.4498
87.1164	85.1913
87.2688	86.0973
87.4212	85.3892
87.5736	83.862
87.726	84.9934
87.8784	86.6172
88.0308	87.0838
88.1832	85.5154
88.3356	85.0079
88.488	84.7955
88.6404	81.8193
88.7928	78.8588
88.9452	75.2968
89.0976	69.4731
89.25	69.0111
89.4024	67.6618
89.5548	70.3735
89.7072	72.8409
89.8596	76.6497
90.012	81.0643
90.1644	86.3154
90.3168	90.5467
90.4692	93.3894
90.6216	88.5655
90.774	82.516
90.9264	80.1146
91.0788	80.5116
91.2312	79.9165
91.3836	79.3214
91.536	81.4902
91.6884	82.8166
91.8408	82.2978
91.9932	81.9339
92.1456	78.6317
92.298	73.7755
92.4504	68.9193
92.6028	67.3813
92.7552	74.155
92.9076	80.3115
93.06	86.4679
93.2124	90.0074
93.3648	92.7655
93.5172	92.7111
93.6696	91.2458
93.822	88.1852
93.9744	87.1341
94.1268	84.4929
94.2792	85.09
94.4316	83.5046
94.584	82.237
94.7364	82.3881
94.8888	82.0918
95.0412	80.9636
95.1936	76.483
95.346	74.5785
95.4984	75.5835
95.6508	78.5148
95.8032	80.49
95.9556	81.4113
96.108	80.9662
96.2604	80.5022
96.4128	83.2582
96.5652	83.2366
96.7176	80.9689
96.87	80.0986
97.0224	82.579
97.1748	83.9774
97.3272	85.8104
97.4796	87.9656
97.632	88.4774
97.7844	88.0882
97.9368	88.5579
98.0892	90.5343
98.2416	90.5343
98.394	91.6618
98.5464	94.3392
98.6988	95.5482
98.8512	92.6648
99.0036	89.488
99.156	86.8081
99.3084	82.4943
99.4608	78.1804
99.6132	78.8423
99.7656	77.6671
99.918	74.9814
100.0704	74.9322
100.2228	78.728
100.3752	83.7077
100.5276	87.9766
100.68	89.1481
100.8324	89.8405
100.9848	93.2031
101.1372	93.2024
101.2896	89.7108
101.442	86.8149
101.5944	84.176
101.7468	81.4874
101.8992	81.2911
102.0516	83.5033
102.204	84.9016
102.3564	82.493
102.5088	78.6609
102.6612	77.9758
102.8136	77.291
102.966	77.4176
103.1184	78.86
103.2708	78.7039
103.4232	78.1801
103.5756	75.2766
103.728	76.1594
103.8804	78.9916
104.0328	82.7877
104.1852	85.4829
104.3376	85.6341
104.49	88.4589
104.6424	91.116
104.7948	89.927
104.9472	89.5915
105.0996	88.2346
105.252	86.8777
105.4044	86.645
105.5568	89.347
105.7092	94.8018
105.8616	97.0646
106.014	93.3425
106.1664	87.6645
106.3188	86.7444
106.4712	83.7431
106.6236	79.8376
106.776	78.7413
106.9284	78.7111
107.0808	77.1297
107.2332	78.1237
107.3856	78.4631
107.538	77.1851
107.6904	77.6465
107.8428	80.1199
107.9952	81.3991
108.1476	82.7919
108.3	83.6082
108.4524	83.6082
108.6048	86.2509
108.7572	89.5782
108.9096	92.7111
109.062	90.7322
109.2144	86.8574
109.3668	84.7955
109.5192	83.6635
109.6716	83.5633
109.824	88.7798
109.9764	95.1137
110.1288	101.4476
110.2812	106.3937
110.4336	109.9381
110.586	113.3445
110.7384	117.2493
110.8908	118.0894
111.0432	113.3189
111.1956	96.085
111.348	78.2652
111.5004	75.6926
111.6528	77.6715
111.8052	77.8283
111.9576	79.2775
112.11	80.1892
112.2624	78.9907
112.4148	75.6519
112.5672	75.5711
112.7196	77.8346
112.872	78.1434
113.0244	76.7924
113.1768	78.825
113.3292	79.8483
113.4816	81.2146
113.634	78.2099
113.7864	75.8905
113.9388	78.1974
114.0912	79.4657
114.2436	79.4492
114.396	80.442
114.5484	79.17
114.7008	77.4146
114.8532	75.8877
115.0056	76.3847
115.158	75.9851
115.3104	75.6926
115.4628	77.2119
115.6152	76.1176
115.7676	77.8694
115.92	78.3319
116.0724	76.9844
116.2248	76.9547
116.3772	78.5843
116.5296	83.7266
116.682	87.0395
116.8344	83.5384
116.9868	80.3656
117.1392	75.7659
117.2916	73.7017
117.444	74.2604
117.5964	76.6841
117.7488	81.3575
117.9012	87.1282
118.0536	91.0319
118.206	91.4883
118.3584	98.3064
118.5108	102.5753
118.6632	103.5378
118.8156	103.7552
118.968	103.3533
119.1204	100.033
119.2728	91.5238
119.4252	83.8101
119.5776	81.0356
119.73	82.073
119.8824	82.6857
120.0348	83.7178
120.1872	87.1702
120.3396	89.4148
120.492	92.0195
120.6444	91.9414
120.7968	91.6445
120.9492	93.5026
121.1016	91.8723
121.254	94.177
121.4064	97.436
121.5588	99.8351
121.7112	101.0445
121.8636	100.2177
122.016	101.7953
122.1684	103.5517
122.3208	102.1704
122.4732	101.3437
122.6256	100.0765
122.778	95.7633
122.9304	90.4637
123.0828	85.4294
123.2352	84.5976
123.3876	88.1749
123.54	89.5449
123.6924	89.347
123.8448	91.128
123.9972	96.4479
124.1496	99.7381
124.302	97.7544
124.4544	93.1104
124.6068	90.0791
124.7592	91.0465
124.9116	92.5132
125.064	91.2848
125.2164	91.4118
125.3688	91.0224
125.5212	90.4786
125.6736	91.8519
125.826	90.8656
125.9784	90.2484
126.1308	89.5816
126.2832	89.9062
126.4356	92.6318
126.588	95.4471
126.7404	95.2983
126.8928	97.7108
127.0452	100.5856
127.1976	98.9122
127.35	95.6871
127.5024	91.954
127.6548	89.519
127.8072	88.9664
127.9596	88.4372
128.112	82.0609
128.2644	76.7396
128.4168	75.4307
128.5692	78.4881
128.7216	83.0002
128.874	87.1661
129.0264	90.5326
129.1788	91.5237
129.3312	88.9455
129.4836	88.8499
129.636	88.1596
129.7884	90.5974
129.9408	91.9845
130.0932	93.8998
130.2456	93.6072
130.398	94.0585
130.5504	94.69
130.7028	96.7089
130.8552	98.1381
131.0076	99.3472
131.16	99.6288
131.3124	98.0209
131.4648	93.3047
131.6172	90.6398
131.7696	90.6593
131.922	89.2215
132.0744	85.2896
132.2268	82.0251
132.3792	84.1789
132.5316	88.2231
132.684	90.425
132.8364	92.2225
132.9888	93.5648
133.1412	93.8984
133.2936	90.1076
133.446	89.8039
133.5984	88.0848
133.7508	89.5826
133.9032	92.4331
134.0556	96.6271
134.208	100.4288
134.3604	98.0711
134.5128	93.1042
134.6652	91.1042
134.8176	95.9196
134.97	100.0566
135.1224	103.8227
135.2748	108.8287
135.4272	114.8872
135.5796	118.0409
135.732	113.7244
135.8844	103.2097
136.0368	91.7261
136.1892	86.2311
136.3416	85.1757
136.494	90.0537
136.6464	92.9183
136.7988	94.6445
136.9512	93.5257
137.1036	90.7322
137.256	89.5449
137.4084	91.0628
137.5608	93.9254
137.7132	97.4005
137.8656	98.3962
138.018	96.5988
138.1704	93.9986
138.3228	90.1283
138.4752	86.2272
138.6276	87.577
138.78	89.5662
138.9324	90.7589
139.0848	91.3309
139.2372	93.1974
139.3896	95.4815
139.542	98.252
139.6944	94.8033
139.8468	90.0349
139.9992	88.3528
140.1516	86.2638
140.304	81.6244
140.4564	79.2993
140.6088	81.4191
140.7612	87.1702
140.9136	90.2456
141.066	89.7427
141.2184	89.8499
141.3708	90.0797
141.5232	91.7333
141.6756	93.5026
141.828	93.7046
141.9804	93.9118
142.1328	96.3243
142.2852	100.6266
142.4376	99.1827
142.59	98.7099
142.7424	95.3015
142.8948	94.6677
143.0472	94.2942
143.1996	96.0752
143.352	94.3051
143.5044	91.0244
143.6568	91.5237
143.8092	91.161
143.9616	94.3451
144.114	94.8593
144.2664	90.7322
144.4188	87.4935
144.5712	87.1702
144.7236	90.4075
144.876	94.4921
145.0284	96.3846
145.1808	97.8562
145.3332	97.5723
145.4856	95.2836
145.638	96.1355
145.7904	96.7341
145.9428	96.6409
146.0952	99.5602
146.2476	98.4623
146.4	95.8995
146.5524	94.462
146.7048	97.4249
146.8572	100.033
147.0096	99.2167
147.162	95.3442
147.3144	91.3999
147.4668	91.7216
147.6192	89.3198
147.7716	88.7964
147.924	89.8456
148.0764	93.0044
148.2288	97.8996
148.3812	100.1556
148.5336	98.7701
148.686	99.7997
148.8384	97.9773
148.9908	95.9174
149.1432	96.6339
149.2956	95.9272
149.448	91.4336
149.6004	87.4343
149.7528	86.4118
149.9052	85.1913
150.0576	86.615
150.21	90.1624
150.3624	91.5237
150.5148	92.7434
150.6672	97.1519
150.8196	100.4843
150.972	100.6266
151.1244	93.6885
151.2768	88.1596
151.4292	88.0366
151.5816	88.062
151.734	86.5071
151.8864	92.7111
152.0388	96.0171
152.1912	96.3101
152.3436	97.0646
152.496	96.5658
152.6484	97.2948
152.8008	99.2414
152.9532	96.471
153.1056	95.2836
153.258	96.0301
153.4104	95.9541
153.5628	90.9301
153.7152	87.9801
153.8676	86.1826
154.02	85.9961
154.1724	90.0396
154.3248	94.69
154.4772	96.9114
154.6296	95.0794
154.782	92.4212
154.9344	91.1012
155.0868	90.1754
155.2392	91.2963
155.3916	92.4966
155.544	93.9719
155.6964	94.8213
155.8488	93.9038
156.0012	91.6101
156.1536	89.3094
156.306	87.7639
156.4584	92.7591
156.6108	97.8562
156.7632	99.2816
156.9156	97.0162
157.068	93.7844
157.2204	95.5269
157.3728	97.9154
157.5252	98.9583
157.6776	95.5722
157.83	90.7322
157.9824	92.9104
158.1348	95.0004
158.2872	97.0903
158.4396	95.4815
158.592	92.8664
158.7444	93.1229
158.8968	95.2837
159.0492	95.6914
159.2016	93.4503
159.354	93.747
159.5064	93.6542
159.6588	95.5929
159.8112	97.7029
159.9636	99.2414
160.116	99.0423
160.2684	103.5373
160.4208	106.4627
160.5732	105.2461
160.7256	101.8545
160.878	101.3302
161.0304	100.806
161.1828	98.9372
161.3352	97.2625
161.4876	95.2908
161.64	95.1304
161.7924	96.0752
161.9448	96.2559
162.0972	97.0714
162.2496	94.6748
162.402	96.2113
162.5544	100.0827
162.7068	102.7089
162.8592	105.1315
163.0116	106.369
163.164	105.1419
163.3164	104.5844
163.4688	105.376
163.6212	105.0145
163.7736	102.498
163.926	99.9816
164.0784	94.0202
164.2308	87.566
164.3832	83.9785
164.5356	84.89
164.688	88.6408
164.8404	90.5541
164.9928	89.8184
165.1452	91.2883
165.2976	94.3479
165.45	96.9752
165.6024	101.9041
165.7548	105.3988
165.9072	108.4797
166.0596	109.7799
166.212	107.2109
166.3644	102.7338
166.5168	97.0646
166.6692	94.3505
166.8216	96.335
166.974	99.4464
167.1264	102.7191
167.2788	106.7497
167.4312	107.1584
167.5836	100.7584
167.736	98.6478
167.8884	100.35
168.0408	102.5865
168.1932	103.6466
168.3456	106.1325
168.498	110.3706
168.6504	110.5211
168.8028	102.4188
168.9552	96.6255
169.1076	98.4453
169.26	101.1503
169.4124	104.3337
169.5648	107.5528
169.7172	105.5739
169.8696	106.0734
170.022	106.9591
170.1744	105.8313
170.3268	103.7702
170.4792	101.8132
170.6316	102.2162
170.784	100.6203
170.9364	99.2414
171.0888	101.6161
171.2412	102.7498
171.3936	98.3734
171.546	95.2836
171.6984	94.6182
171.8508	95.211
172.0032	100.877
172.1556	110.2355
172.308	115.8315
172.4604	116.062
172.6128	109.1856
172.7652	105.7031
172.9176	105.1019
173.07	100.9527
173.2224	99.2414
173.3748	103.707
173.5272	107.7507
173.6796	108.5422
173.832	106.5957
173.9844	108.4599
174.1368	113.0937
174.2892	111.5921
174.4416	111.9815
174.594	110.0807
174.7464	108.3443
174.8988	111.8599
175.0512	112.3021
175.2036	107.6591
175.356	105.5849
175.5084	105.9975
175.6608	103.567
175.8132	100.2828
175.9656	97.4991
176.118	95.4815
176.2704	98.2052
176.4228	99.1042
176.5752	103.4036
176.7276	107.7507
176.88	107.7601
177.0324	106.987
177.1848	107.3104
177.3372	111.3344
177.4896	111.1148
177.642	102.3365
177.7944	97.6583
177.9468	100.4288
178.0992	100.1434
178.2516	100.7861
178.404	101.4295
178.5564	99.8351
178.7088	101.2531
178.8612	104.8359
179.0136	104.8422
179.166	103.6778
179.3184	104.3775
179.4708	105.6195
179.6232	107.5582
179.7756	104.084
179.928	102.1112
180.0804	104.4416
180.2328	108.0344
180.3852	115.2
180.5376	122.3656
180.69	124.5712
180.8424	112.6979
180.9948	108.0598
181.1472	105.2351
181.2996	105.0776
181.452	105.5361
181.6044	105.4611
181.7568	106.2915
181.9092	102.4101
182.0616	98.8274
182.214	98.6478
182.3664	104.4254
182.5188	104.664
182.6712	104.3865
182.8236	102.8034
182.976	98.8456
183.1284	98.4499
183.2808	103.311
183.4332	104.8243
183.5856	105.2196
183.738	104.3101
183.8904	101.623
184.0428	97.2979
184.1952	96.3096
184.3476	98.3733
184.5	100.437
184.6524	103.0013
184.8048	108.5422
184.9572	110.3232
185.1096	106.9247
185.262	104.9706
185.4144	105.6094
185.5668	105.6438
185.7192	103.6349
185.8716	102.673
186.024	102.6962
186.1764	100.793
186.3288	98.8356
186.4812	97.0646
186.6336	99.5595
186.786	102.8706
186.9384	105.0215
187.0908	106.5633
187.2432	105.5186
187.3956	105.2503
187.548	105.6077
187.7004	107.759
187.8528	111.979
188.0052	116.1991
188.1576	115.7207
188.31	109.3298
188.4624	107.6258
188.6148	106.2892
188.7672	103.593
188.9196	103.8827
189.072	109.1249
189.2244	111.3127
189.3768	108.371
189.5292	104.9768
189.6816	103.3826
189.834	103.0243
189.9864	103.1992
190.1388	106.9591
190.2912	104.2954
190.4436	104.0274
190.596	103.8314
190.7484	105.1296
190.9008	103.0573
191.0532	101.1934
191.2056	102.5317
191.358	106.7396
191.5104	109.1355
191.6628	111.4374
191.8152	112.5
191.9676	112.5
192.12	114.0619
192.2724	114.4912
192.4248	114.1751
192.5772	114.0831
192.7296	111.4738
192.882	105.5218
193.0344	103.9436
193.1868	104.1887
193.3392	101.7482
193.4916	101.7509
193.644	102.0646
193.7964	102.5884
193.9488	104.3401
194.1012	105.9526
194.2536	107.7507
194.406	106.2135
194.5584	103.4644
194.7108	102.9341
194.8632	106.2442
195.0156	110.3363
195.168	114.0595
195.3204	116.2701
195.4728	115.0313
195.6252	113.0224
195.7776	110.3757
195.93	108.6334
196.0824	105.5916
196.2348	104.4751
196.3872	103.5479
196.5396	102.3753
196.692	103.948
196.8444	105.5208
196.9968	107.7111
197.1492	109.1737
197.3016	108.0844
197.454	106.3079
197.6064	112.0597
197.7588	115.3415
197.9112	115.5869
198.0636	113.0405
198.216	107.7803
198.3684	101.7889
198.5208	99.8351
198.6732	99.6763
198.8256	99.6829
198.978	104.1298
199.1304	105.8336
199.2828	106.1911
199.4352	107.3854
199.5876	107.2862
199.74	107.5528
199.8924	106.422
200.0448	105.7718
200.1972	107.3681
200.3496	110.0827
200.502	109.1359
200.6544	114.5688
200.8068	117.4598
200.9592	116.6467
201.1116	118.5985
201.264	112.8685
201.4164	104.5844
201.5688	105.9697
201.7212	109.0751
201.8736	112.8508
202.026	117.1502
202.1784	118.692
202.3308	115.7522
202.4832	111.6656
202.6356	109.5317
202.788	112.1525
202.9404	117.4703
203.0928	125.4627
203.2452	127.0179
203.3976	124.1755
203.55	115.1985
203.7024	102.2098
203.8548	100.033
204.0072	105.1221
204.1596	110.0717
204.312	114.8532
204.4644	118.679
204.6168	122.5048
204.7692	123.186
204.9216	116.8238
205.074	113.4911
205.2264	106.5778
205.3788	103.2281
205.5312	107.7624
205.6836	109.3167
205.836	104.9525
205.9884	105.6503
206.1408	108.1291
206.2932	108.2094
206.4456	110.5211
206.598	110.3967
206.7504	110.7297
206.9028	114.6373
207.0552	118.7514
207.2076	122.0725
207.36	122.5294
207.5124	115.1721
207.6648	107.8486
207.8172	106.1081
207.9696	115.0397
208.122	119.4261
208.2744	114.5547
208.4268	105.9553
208.5792	100.9841
208.7316	101.6161
208.884	105.6684
209.0364	106.5118
209.1888	107.157
209.3412	104.8127
209.4936	99.8697
209.646	98.252
209.7984	103.9005
209.9508	105.376
210.1032	105.0397
210.2556	102.2937
210.408	95.1812
210.5604	95.0623
210.7128	97.172
210.8652	101.9107
211.0176	106.6493
211.17	108.938
211.3224	105.5108
211.4748	102.8564
211.6272	100.033
211.7796	99.2337
211.932	98.4886
212.0844	96.6695
212.2368	95.5999
212.3892	97.2383
212.5416	98.4056
212.694	99.959
212.8464	100.8988
212.9988	101.7513
213.1512	104.747
213.3036	103.5777
213.456	103.6858
213.6084	105.4833
213.7608	106.333
213.9132	106.2206
214.0656	108.0761
214.218	106.0259
214.3704	104.3865
214.5228	102.6185
214.6752	100.8271
214.8276	105.3272
214.98	110.62
215.1324	113.3137
215.2848	112.9298
215.4372	114.1326
215.5896	115.1771
215.742	114.0943
215.8944	112.74
216.0468	112.852
216.1992	110.6394
216.3516	104.2415
216.504	98.51
216.6564	97.527
216.8088	98.3446
216.9612	99.0697
217.1136	103.9961
217.266	106.1993
217.4184	108.0833
217.5708	109.2359
217.7232	110.2508
217.8756	115.2284
218.028	114.8604
218.1804	110.792
218.3328	105.9835
218.4852	104.8431
218.6376	106.2986
218.79	104.985
218.9424	103.8417
219.0948	103.9694
219.2472	105.2037
219.3996	111.2674
219.552	111.9848
219.7044	110.1304
219.8568	108.938
220.0092	111.8058
220.1616	110.1725
220.314	111.6832
220.4664	114.4789
220.6188	114.224
220.7712	118.6881
220.9236	115.9108
221.076	114.5175
221.2284	114.3469
221.3808	110.6274
221.5332	109.5317
221.6856	112.339
221.838	113.485
221.9904	114.7191
222.1428	116.8402
222.2952	118.9351
222.4476	121.8974
222.6	122.7902
222.7524	121.3621
222.9048	119.868
223.0572	115.7021
223.2096	112.5
223.362	117.1429
223.5144	117.8868
223.6668	119.9589
223.8192	119.95
223.9716	119.8487
224.124	120.328
224.2764	120.083
224.4288	122.0126
224.5812	122.5125
224.7336	119.624
224.886	118.7459
225.0384	118.4029
225.1908	119.6825
225.3432	118.4833
225.4956	116.2704
225.648	114.2655
225.8004	115.2647
225.9528	118.1818
226.1052	122.3617
226.2576	124.3734
226.41	121.4506
226.5624	118.9625
226.7148	115.0521
226.8672	114.8892
227.0196	112.9536
227.172	114.0831
227.3244	121.0568
227.4768	126.0704
227.6292	126.748
227.7816	124.7691
227.934	121.8811
228.0864	117.1786
228.2388	111.5703
228.3912	110.7086
228.5436	115.571
228.696	120.4333
228.8484	122.85
229.0008	123.186
229.1532	118.7961
229.3056	114.837
229.458	108.938
229.6104	106.9591
229.7628	110.5618
229.9152	116.1601
230.0676	122.4511
230.22	125.4962
230.3724	121.9812
230.5248	118.0269
230.6772	116.2599
230.8296	119.4566
230.982	121.2105
231.1344	124.8054
231.2868	127.0077
231.4392	127.3507
231.5916	125.3628
231.744	126.1544
231.8964	125.7594
232.0488	125.5607
232.2012	127.9011
232.3536	128.0277
232.506	124.2742
232.6584	120.8113
232.8108	123.7807
232.9632	123.2309
233.1156	119.6585
233.268	116.7173
233.4204	113.8852
233.5728	114.7549
233.7252	112.9821
233.8776	112.7559
234.03	114.6609
234.1824	117.0232
234.3348	115.9409
234.4872	113.955
234.6396	113.221
234.792	111.3127
234.9444	113.0937
235.0968	110.3232
235.2492	105.4545
235.4016	104.7823
235.554	106.2047
235.7064	105.5263
235.8588	103.984
236.0112	102.5509
236.1636	103.337
236.316	106.9169
236.4684	112.5996
236.6208	111.7035
236.7732	110.7665
236.9256	113.6873
237.078	115.9864
237.2304	118.3749
237.3828	122.8085
237.5352	139.0343
237.6876	145.5475
237.84	128.4578
237.9924	108.5285
238.1448	96.0922
238.2972	90.3364
238.4496	88.7533
238.602	87.3961
238.7544	82.0869
238.9068	75.627
239.0592	69.1671
239.2116	63.0277
239.364	60.1586
239.5164	62.1132
239.6688	66.0307
239.8212	70.9433
239.9736	78.2006
240.126	87.695
240.2784	96.7819
240.4308	104.2461
240.5832	106.5633
240.7356	105.7381
240.888	104.9238
241.0404	104.9525
241.1928	106.6159
241.3452	106.2482
241.4976	107.04
241.65	107.4341
241.8024	109.6638
241.9548	110.2634
242.1072	111.8664
242.2596	112.189
242.412	114.9478
242.5644	119.5459
242.7168	120.6793
242.8692	121.673
243.0216	126.233
243.174	130.7929
243.3264	130.7735
243.4788	127.3536
243.6312	127.0101
243.7836	124.2397
243.936	119.8366
244.0884	120.896
244.2408	123.5104
244.3932	125.5841
244.5456	126.2672
244.698	124.3734
244.8504	124.5283
245.0028	126.1021
245.1552	128.2518
245.3076	129.0354
245.46	127.2899
245.6124	124.5887
245.7648	122.5217
245.9172	124.3734
246.0696	130.31
246.222	128.8253
246.3744	129.7164
246.5268	126.7591
246.6792	124.967
246.8316	128.335
246.984	130.878
247.1364	128.4697
247.2888	126.1544
247.4412	129.7325
247.5936	132.091
247.746	131.0239
247.8984	129.6464
248.0508	128.6981
248.2032	129.5829
248.3556	132.27
248.508	133.2618
248.6604	133.9442
248.8128	132.737
248.9652	128.8389
249.1176	125.8672
249.27	126.1222
249.4224	126.1771
249.5748	123.0249
249.7272	122.6123
249.8796	124.4058
250.032	124.3145
250.1844	125.3262
250.3368	126.99
250.4892	128.9248
250.6416	127.0575
250.794	126.4052
250.9464	125.8471
251.0988	125.0596
251.2512	126.5501
251.4036	129.6349
251.556	132.7103
251.7084	131.0651
251.8608	125.4114
252.0132	118.5749
252.1656	117.7289
252.318	120.407
252.4704	120.6363
252.6228	120.2349
252.7752	122.2866
252.9276	125.3628
253.08	121.6945
253.2324	120.4156
253.3848	127.7375
253.5372	123.9691
253.6896	119.4245
253.842	115.7255
253.9944	116.0812
254.1468	120.4577
254.2992	126.1544
254.4516	128.6411
254.604	125.8544
254.7564	123.9776
254.9088	124.9399
255.0612	127.2841
255.2136	129.7164
255.366	124.9528
255.5184	119.6803
255.6708	117.0346
255.8232	112.905
255.9756	109.0663
256.128	105.376
256.2804	108.0158
256.4328	109.8833
256.5852	117.9688
256.7376	128.2259
256.89	133.7065
257.0424	139.215
257.1948	137.6319
257.3472	130.7423
257.4996	124.6918
257.652	124.0198
257.8044	124.9494
257.9568	126.8593
258.1092	133.0013
258.2616	136.5823
258.414	133.6741
258.5664	130.9037
258.7188	130.7058
258.8712	131.7455
259.0236	134.3256
259.176	135.4551
259.3284	134.4657
259.4808	131.4171
259.6332	127.0654
259.7856	126.3631
259.938	129.0592
260.0904	132.605
260.2428	134.8873
260.3952	136.951
260.5476	139.0147
260.7	135.6433
260.8524	129.7517
261.0048	124.5091
261.1572	121.9095
261.3096	120.6135
261.462	120.4829
261.6144	120.2177
261.7668	119.4261
261.9192	113.7579
262.0716	111.6588
262.224	107.6234
262.3764	102.9952
262.5288	96.4968
262.6812	93.0093
262.8336	94.2404
262.986	97.4563
263.1384	100.7733
263.2908	105.2241
263.4432	109.7077
263.5956	115.4036
263.748	122.2649
263.9004	121.6355
264.0528	125.7829
264.2052	129.2581
264.3576	128.1217
264.51	127.841
264.6624	129.9142
264.8148	134.0622
264.9672	134.8615
265.1196	129.2788
265.272	126.5864
265.4244	122.8025
265.5768	119.2561
265.7292	117.0515
265.8816	125.9506
266.034	131.5523
266.1864	130.31
266.3388	125.3628
266.4912	126.5501
266.6436	123.8865
266.796	119.0405
266.9484	118.9164
267.1008	117.4685
267.2532	114.761
267.4056	116.2599
267.558	124.1929
267.7104	129.5176
267.8628	131.6075
268.0152	131.7162
268.1676	127.9655
268.32	124.7897
268.4724	124.6064
268.6248	126.0061
268.7772	128.7269
268.9296	127.4732
269.082	131.2983
269.2344	139.4474
269.3868	147.7243
269.5392	147.5264
269.6916	139.6457
269.844	133.8416
269.9964	134.1056
270.1488	132.0444
270.3012	132.4868
270.4536	134.8615
270.606	132.9697
270.7584	127.598
270.9108	119.4004
271.0632	116.3361
271.2156	118.1213
271.368	120.835
271.5204	128.5043
271.6728	133.7686
271.8252	132.7184
271.9776	134.7923
272.13	134.1076
272.2824	131.4843
272.4348	130.0457
272.5872	130.1408
272.7396	131.9266
272.892	135.6397
273.0444	137.533
273.1968	132.3802
273.3492	132.1797
273.5016	130.279
273.654	128.9618
273.8064	130.3549
273.9588	128.9676
274.1112	126.6902
274.2636	126.156
274.416	127.6222
274.5684	131.283
274.7208	131.4138
274.8732	129.1227
275.0256	130.495
275.178	133.5475
275.3304	137.0383
275.4828	137.6319
275.6352	127.9043
275.7876	127.8295
275.94	122.825
276.0924	121.2659
276.2448	119.8182
276.3972	118.4552
276.5496	122.8058
276.702	125.3238
276.8544	126.4476
277.0068	128.0366
277.1592	124.6714
277.3116	120.7266
277.464	124.1699
277.6164	130.6797
277.7688	130.5079
277.9212	124.7616
278.0736	118.8499
278.226	114.9294
278.3784	114.6768
278.5308	119.2151
278.6832	121.9258
278.8356	122.8638
278.988	122.0104
279.1404	118.7531
279.2928	116.9735
279.4452	120.2177
279.5976	121.7274
279.75	119.7797
279.9024	120.9007
280.0548	124.9
280.2072	129.2059
280.3596	129.5185
280.512	125.3069
280.6644	122.7902
280.8168	128.668
280.9692	131.2453
281.1216	129.916
281.274	130.1987
281.4264	128.7214
281.5788	128.7443
281.7312	132.2777
281.8836	132.6847
282.036	133.218
282.1884	130.31
282.3408	130.4863
282.4932	131.4476
282.6456	135.9058
282.798	141.577
282.9504	141.6119
283.1028	135.2767
283.2552	130.7389
283.4076	129.8786
283.56	132.6182
283.7124	131.6191
283.8648	131.7466
284.0172	134.6636
284.1696	129.6914
284.322	122.2753
284.4744	118.6346
284.6268	119.4978
284.7792	121.8038
284.9316	124.9729
285.084	123.1656
285.2364	121.2071
285.3888	128.1332
285.5412	130.9212
285.6936	131.6104
285.846	132.5708
285.9984	128.3613
286.1508	121.0092
286.3032	119.624
286.4556	125.2755
286.608	123.9157
286.7604	124.4842
286.9128	129.3939
287.0652	130.6327
287.2176	130.2737
287.37	131.2995
287.5224	129.1215
287.6748	127.4409
287.8272	130.9992
287.9796	134.8615
288.132	132.3296
288.2844	126.5977
288.4368	121.021
288.5892	117.9738
288.7416	115.8641
288.894	121.7157
289.0464	126.1102
289.1988	129.0268
289.3512	124.9901
289.5036	127.3045
289.656	132.8636
289.8084	137.0338
289.9608	134.5541
290.1132	131.9492
290.2656	127.9354
290.418	128.7998
290.5704	128.9248
290.7228	131.432
290.8752	134.3125
291.0276	136.7316
291.18	136.8404
291.3324	128.841
291.4848	115.2704
291.6372	112.6979
291.7896	117.6926
291.942	122.5383
292.0944	124.9188
292.2468	128.1332
292.3992	126.1714
292.5516	122.5585
292.704	122.7902
292.8564	128.5642
293.0088	129.2302
293.1612	126.4246
293.3136	126.659
293.466	127.1438
293.6184	130.6091
293.7708	134.9477
293.9232	141.3918
294.0756	138.0708
294.228	133.3555
294.3804	134.5313
294.5328	134.6842
294.6852	132.7583
294.8376	136.2954
294.99	137.6319
295.1424	133.5762
295.2948	126.8247
295.4472	120.8703
295.5996	119.624
295.752	123.7434
295.9044	125.0414
296.0568	126.9486
296.2092	130.7255
296.3616	136.5389
296.514	140.6149
296.6664	141.5897
296.8188	142.911
296.9712	137.1983
297.1236	129.9087
297.276	127.319
297.4284	126.3099
297.5808	127.2816
297.7332	126.654
297.8856	124.967
298.038	124.2404
298.1904	124.6958
298.3428	127.5107
298.4952	127.805
298.6476	124.7691
298.8	119.0057
298.9524	113.3464
299.1048	113.4894
299.2572	119.2565
299.4096	125.5711
299.562	127.0848
299.7144	127.3236
299.8668	131.016
300.0192	134.2678
300.1716	127.6738
300.324	120.6663
300.4764	113.6587
300.6288	106.3654
300.7812	103.0809
300.9336	107.3463
301.086	117.1393
301.2384	123.6958
301.3908	128.4729
301.5432	133.2784
301.6956	135.2289
301.848	137.0383
302.0004	136.1461
302.1528	132.3074
302.3052	130.8411
302.4576	130.7093
302.61	128.269
302.7624	130.31
302.9148	130.6228
303.0672	127.9166
303.2196	125.7827
303.372	123.1502
303.5244	121.6029
303.6768	120.3435
303.8292	116.9351
303.9816	116.7707
304.134	119.601
304.2864	123.186
304.4388	124.5712
304.5912	130.0611
304.7436	135.5846
304.896	138.6214
305.0484	129.3343
305.2008	119.7636
305.3532	114.4789
305.5056	117.1073
305.658	121.5858
305.8104	122.6108
305.9628	121.939
306.1152	121.405
306.2676	124.3347
306.42	128.3311
306.5724	126.4575
306.7248	123.4719
306.8772	122.3642
307.0296	126.0797
307.182	128.7269
307.3344	119.889
307.4868	109.1405
307.6392	107.9485
307.7916	105.4671
307.944	102.6055
308.0964	101.5972
308.2488	104.6796
308.4012	108.0102
308.5536	108.2827
308.706	108.6758
308.8584	107.9485
309.0108	107.0027
309.1632	108.6747
309.3156	104.1137
309.468	101.8179
309.6204	102.9055
309.7728	103.9931
309.9252	104.925
310.0776	101.4182
310.23	94.104
310.3824	87.566
310.5348	85.785
310.6872	88.2707
310.8396	90.1285
310.992	91.736
311.1444	103.0265
311.2968	117.6789
311.4492	127.7471
311.6016	129.9142
311.754	125.05
311.9064	120.0198
312.0588	117.7295
312.2112	115.3111
312.3636	111.1528
312.516	109.4783
312.6684	111.2697
312.8208	110.1904
312.9732	107.5528
313.1256	103.6351
313.278	100.2813
313.4304	100.5188
313.5828	97.0646
313.7352	95.0559
313.8876	95.2836
314.04	91.8208
314.1924	88.434
314.3448	90.7163
314.4972	95.6756
314.6496	98.6478
314.802	95.6888
314.9544	91.128
315.1068	90.2823
315.2592	90.9515
315.4116	95.9098
315.564	98.1993
315.7164	99.0435
315.8688	97.4557
316.0212	92.6029
316.1736	86.9266
316.326	82.1013
316.4784	83.1183
316.6308	88.3256
316.7832	92.7649
316.9356	97.8562
317.088	99.2349
317.2404	96.43
317.3928	93.4204
317.5452	92.1174
317.6976	94.9974
317.85	97.7313
318.0024	98.5553
318.1548	97.2693
318.3072	95.3649
318.4596	92.1434
318.612	90.9301
318.7644	93.1794
318.9168	93.4025
319.0692	96.4658
319.2216	100.4288
319.374	100.5982
319.5264	95.4356
319.6788	92.9617
319.8312	91.8443
319.9836	88.827
320.136	84.5976
320.2884	92.2434
320.4408	103.9221
320.5932	112.5
320.7456	116.4578
320.898	114.1292
321.0504	110.3486
321.2028	107.9102
321.3552	100.446
321.5076	94.014
321.66	94.8649
321.8124	95.6794
321.9648	91.489
322.1172	86.0401
322.2696	80.5913
322.422	81.6293
322.5744	91.0487
322.7268	89.5305
322.8792	87.0425
323.0316	88.6148
323.184	88.3575
323.3364	91.1109
323.4888	94.5819
323.6412	97.8113
323.7936	103.4095
323.946	107.157
324.0984	103.8332
324.2508	99.6043
324.4032	99.4393
324.5556	97.5182
324.708	96.8822
324.8604	102.7088
325.0128	109.3098
325.1652	112.1042
325.3176	104.7545
325.47	91.9727
325.6224	80.1824
325.7748	72.7046
325.9272	72.1306
326.0796	77.4865
326.232	81.9242
326.3844	82.0749
326.5368	83.8321
326.6892	84.7955
326.8416	88.4528
326.994	92.0477
327.1464	95.6426
327.2988	97.6676
327.4512	98.9451
327.6036	106.1055
327.756	110.7155
327.9084	113.2563
328.0608	112.5958
328.2132	111.2213
328.3656	112.1042
328.518	110.2969
328.6704	106.8367
328.8228	106.7612
328.9752	106.5239
329.1276	107.5345
329.28	108.7701
329.4324	107.157
329.5848	110.5675
329.7372	112.3021
329.8896	114.0352
330.042	110.6631
330.1944	107.7848
330.3468	107.6113
330.4992	105.5739
330.6516	100.2397
330.804	101.0224
330.9564	104.291
331.1088	105.376
331.2612	102.8034
331.4136	103.9604
331.566	111.1888
331.7184	119.3781
331.8708	125.3255
332.0232	125.9565
332.1756	127.8611
332.328	132.7962
332.4804	132.4842
332.6328	129.8917
332.7852	127.6647
332.9376	126.631
333.09	128.9936
333.2424	125.4108
333.3948	124.459
333.5472	127.215
333.6996	127.7938
333.852	126.1456
334.0044	128.359
334.1568	128.1332
334.3092	122.8268
334.4616	121.8896
334.614	126.274
334.7664	127.4862
334.9188	129.3799
335.0712	129.5483
335.2236	126.5627
335.376	124.4496
335.5284	123.0729
335.6808	121.3972
335.8332	120.4569
335.9856	124.7115
336.138	128.7269
336.2904	124.7998
336.4428	112.6979
336.5952	116.6788
336.7476	122.5923
336.9	123.3839
337.0524	124.4115
337.2048	124.0843
337.3572	126.2722
337.5096	128.529
337.662	123.3134
337.8144	120.3824
337.9668	118.4877
338.1192	112.3458
338.2716	104.8653
338.424	107.5524
338.5764	110.9786
338.7288	111.9063
338.8812	109.1126
339.0336	111.7459
339.186	114.4789
339.3384	114.4789
339.4908	116.2599
339.6432	114.4448
339.7956	114.8747
339.948	119.8267
340.1004	122.5923
340.2528	118.63
340.4052	116.062
340.5576	122.1156
340.71	128.529
340.8624	132.3683
341.0148	128.7258
341.1672	123.262
341.3196	120.7453
341.472	123.8058
341.6244	128.3083
341.7768	127.5748
341.9292	123.2511
342.0816	118.6175
342.234	118.3744
342.3864	119.2282
342.5388	121.2042
342.6912	124.8554
342.8436	126.3819
342.996	126.4774
343.1484	132.0802
343.3008	138.8751
343.4532	139.2263
343.6056	138.0999
343.758	136.9056
343.9104	135.8804
344.0628	135.2842
344.2152	134.0543
344.3676	132.9197
344.52	135.3002
344.6724	136.7923
344.8248	133.8196
344.9772	128.7313
345.1296	125.2637
345.282	124.7691
345.4344	123.5642
345.5868	123.2443
345.7392	126.0711
345.8916	128.5866
346.044	130.784
346.1964	130.4228
346.3488	127.2091
346.5012	123.9776
346.6536	126.8456
346.806	125.0164
346.9584	119.5027
347.1108	117.4472
347.2632	120.9918
347.4156	127.8027
347.568	134.3889
347.7204	136.6425
347.8728	133.1354
348.0252	127.6602
348.1776	128.2582
348.33	129.3418
348.4824	129.6226
348.6348	126.8342
348.7872	127.3417
348.9396	124.3734
349.092	115.1237
349.2444	112.6979
349.3968	117.7144
349.5492	120.3864
349.7016	120.2811
349.854	120.3367
350.0064	123.1813
350.1588	129.8991
350.3112	136.0488
350.4636	138.5186
350.616	137.849
350.7684	132.4868
350.9208	133.6424
351.0732	132.1953
351.2256	128.3311
351.378	126.5501
351.5304	122.7489
351.6828	117.843
351.8352	122.6248
351.9876	128.092
352.14	130.8489
352.2924	134.775
352.4448	136.286
352.5972	132.5505
352.7496	127.7375
352.902	126.3667
353.0544	124.9335
353.2068	122.1734
353.3592	121.8008
353.5116	128.3438
353.664	127.4639
353.8164	126.2637
353.9688	130.3942
354.1212	134.4657
354.2736	133.9531
354.426	126.9698
354.5784	125.7586
354.7308	129.4212
354.8832	123.6652
355.0356	127.9966
355.188	132.5939
355.3404	134.777
355.4928	136.0187
355.6452	134.2152
355.7976	130.7058
355.95	129.2718
356.1024	126.7914
356.2548	121.4937
356.4072	117.1669
356.5596	117.3723
356.712	116.6557
356.8644	119.9149
357.0168	122.7528
357.1692	125.7193
357.3216	128.4812
357.474	132.091
357.6264	133.4749
357.7788	134.1267
357.9312	129.7351
358.0836	124.3734
358.236	120.2865
358.3884	119.6852
358.5408	123.8498
358.6932	126.0045
358.8456	119.2773
358.998	114.5132
359.1504	113.2916
359.3028	118.5174
359.4552	125.653
359.6076	131.6873
359.76	135.6343
359.9124	136.9006
360.0648	135.2218
360.2172	131.0974
360.3696	129.0007
360.522	126.6027
360.6744	126.9022
360.8268	126.5647
360.9792	125.3392
361.1316	124.0683
361.284	122.1966
361.4364	125.0733
361.5888	126.7549
361.7412	127.3417
361.8936	128.809
362.046	126.4567
362.1984	126.5747
362.3508	129.3206
362.5032	127.8705
362.6556	126.1247
362.808	125.7586
362.9604	125.7697
363.1128	130.4998
363.2652	135.137
363.4176	137.434
363.57	136.6711
363.7224	135.5649
363.8748	131.4223
364.0272	125.6582
364.1796	121.8093
364.332	121.8603
364.4844	123.4123
364.6368	128.7653
364.7892	135.3119
364.9416	140.6861
365.094	146.0603
365.2464	147.1306
365.3988	140.8166
365.5512	135.6218
365.7036	132.4062
365.856	133.0986
366.0084	132.7753
366.1608	134.6861
366.3132	136.4446
366.4656	137.5215
366.618	135.7494
366.7704	133.1173
366.9228	131.2302
367.0752	132.5591
367.2276	137.0383
367.38	143.1819
367.5324	149.8765
367.6848	148.8482
367.8372	145.9433
367.9896	150.0144
368.142	154.6738
368.2944	150.0989
368.4468	150.4559
368.5992	148.7137
368.7516	142.8449
368.904	138.9059
369.0564	135.8432
369.2088	132.7805
369.3612	127.735
369.5136	116.9865
369.666	108.9481
369.8184	105.376
369.9708	114.1374
370.1232	122.3945
370.2756	123.4378
370.428	125.9206
370.5804	130.1053
370.7328	134.8615
370.8852	137.4917
371.0376	139.0826
371.19	140.4091
371.3424	137.3776
371.4948	133.9867
371.6472	130.5958
371.7996	124.5355
371.952	118.4128
372.1044	119.175
372.2568	120.1395
372.4092	117.6451
372.5616	117.843
372.714	122.9881
372.8664	124.9311
373.0188	119.6732
373.1712	108.938
373.3236	104.7823
373.476	106.615
373.6284	113.0822
373.7808	122.4657
373.9332	131.4445
374.0856	135.499
374.238	134.2909
374.3904	129.8239
374.5428	121.5666
374.6952	105.1844
374.8476	85.9752
375	75.8905
375.1524	77.6915
375.3048	77.4736
375.4572	64.1008
375.6096	47.663
375.762	31.2253
375.9144	21.127
376.0668	23.2825
376.2192	25.918
376.3716	27.36
376.524	26.4952
376.6764	23.7183
376.8288	20.1476
376.9812	16.5768
377.1336	14.347
377.286	18.4831
377.4384	21.49
377.5908	24.497
377.7432	27.2456
377.8956	26.3268
378.048	23.9405
378.2004	23.3778
378.3528	24.3532
378.5052	26.1385
378.6576	27.9239
378.81	29.7093
378.9624	30.5548
379.1148	30.8856
379.2672	30.4901
379.4196	30.2145
379.572	33.88
379.7244	38.1453
379.8768	41.4503
380.0292	43.2417
380.1816	45.0198
380.334	42.7402
380.4864	42.0978
380.6388	44.0066
380.7912	48.741
380.9436	52.1561
381.096	53.1332
381.2484	51.5501
381.4008	42.6044
381.5532	34.6548
381.7056	29.5635
381.858	24.1965
382.0104	19.9619
382.1628	19.2942
382.3152	18.7818
382.4676	18.3894
382.62	19.8964
382.7724	23.6084
382.9248	24.648
383.0772	21.2085
383.2296	17.769
383.382	15.8481
383.5344	20.4385
383.6868	26.7084
383.8392	31.9415
383.9916	31.1223
384.144	29.6107
384.2964	29.3326
384.4488	29.6052
384.6012	29.2925
384.7536	28.8096
384.906	28.4922
385.0584	28.0013
385.2108	28.4144
385.3632	27.9184
385.5156	28.5534
385.668	29.5844
385.8204	27.8721
385.9728	25.7152
386.1252	23.4499
386.2776	23.7369
386.43	25.461
386.5824	27.4077
386.7348	26.9515
386.8872	25.9405
387.0396	26.1782
387.192	27.0501
387.3444	27.9778
387.4968	28.9056
387.6492	30.0129
387.8016	34.3619
387.954	37.6979
388.1064	37.3021
388.2588	35.5211
388.4112	32.2273
388.5636	28.4715
388.716	28.554
388.8684	31.1218
389.0208	31.9835
389.1732	30.576
389.3256	28.9471
389.478	27.1557
389.6304	25.9402
389.7828	25.7162
389.9352	26.6547
390.0876	28.3682
390.24	30.1394
390.3924	32.3075
390.5448	33.7401
390.6972	32.6739
390.8496	28.8484
391.002	26.6771
391.1544	28.0013
391.3068	29.276
391.4592	32.0158
391.6116	34.7028
391.764	36.7288
391.9164	39.0591
392.0688	39.0459
392.2212	35.8735
392.3736	34.0821
392.526	32.6201
392.6784	31.187
392.8308	31.7897
392.9832	33.4914
393.1356	35.3681
393.288	37.0857
393.4404	38.4057
393.5928	39.3952
393.7452	38.8356
393.8976	36.5106
394.05	29.7416
394.2024	24.8351
394.3548	20.492
394.5072	14.6552
394.6596	9.0071
394.812	6.8075
394.9644	7.1859
395.1168	7.2262
395.2692	7.3896
395.4216	8.5701
395.574	11.4154
395.7264	14.1491
395.8788	20.4747
396.0312	26.9611
396.1836	32.0072
396.336	32.6002
396.4884	30.8473
396.6408	28.239
396.7932	26.2203
396.9456	28.6856
397.098	33.551
397.2504	35.8313
397.4028	35.1048
397.5552	35.1709
397.7076	34.9274
397.86	34.5675
398.0124	34.8079
398.1648	32.1344
398.3172	29.4397
398.4696	30.6467
398.622	30.8999
398.7744	26.814
398.9268	27.4489
399.0792	29.471
399.2316	28.8465
399.384	29.3176
399.5364	32.0138
399.6888	33.1464
399.8412	32.5905
399.9936	31.5839
400.146	30.5773
400.2984	27.2606
400.4508	22.6182
400.6032	17.1617
400.7556	11.7052
400.908	7.9356
401.0604	8.6358
401.2128	10.4638
401.3652	13.3575
401.5176	14.77
401.67	15.3672
401.8224	12.9973
401.9748	9.9579
402.1272	8.8981
402.2796	8.3739
402.432	7.8496
402.5844	7.6763
402.7368	7.5265
402.8892	7.2442
403.0416	6.6451
403.194	6.7966
403.3464	7.3642
403.4988	8.7341
403.6512	11.639
403.8036	14.6224
403.956	14.7679
404.1084	12.0942
404.2608	9.4205
404.4132	9.3735
404.5656	8.4521
404.718	10.994
404.8704	16.9758
405.0228	27.5036
405.1752	43.8609
405.3276	61.6544
405.48	77.7864
405.6324	88.6989
405.7848	97.1769
405.9372	101.0224
406.0896	90.1385
406.242	87.1702
406.3944	84.636
406.5468	82.2406
406.6992	81.6551
406.8516	82.7008
407.004	82.3672
407.1564	84.1706
407.3088	94.1164
407.4612	104.7605
407.6136	114.0384
407.766	119.4261
407.9184	107.0316
408.0708	84.9934
408.2232	80.442
408.3756	85.8501
408.528	90.5343
408.6804	88.4366
408.8328	85.785
408.9852	92.6082
409.1376	98.8911
409.29	99.7519
409.4424	99.0231
409.5948	92.4591
409.7472	83.0145
409.8996	77.5912
410.052	73.3113
410.2044	69.1454
410.3568	65.2045
410.5092	65.0066
410.6616	67.232
410.814	65.4219
410.9664	61.6402
411.1188	59.6636
411.2712	64.1164
411.4236	68.112
411.576	71.7348
411.7284	68.9687
411.8808	68.4467
412.0332	68.4618
412.1856	70.6265
412.338	74.6019
412.4904	72.3285
412.6428	74.9988
412.7952	79.797
412.9476	83.4103
413.1	82.1394
413.2524	77.4089
413.4048	74.7032
413.5572	74.9011
413.7096	74.5053
413.862	71.652
414.0144	67.8498
414.1668	62.409
414.3192	55.5079
414.4716	45.8113
414.624	41.0353
414.7764	36.6813
414.9288	30.5739
415.0812	26.3977
415.2336	22.2449
415.386	19.0963
415.5384	19.6054
415.6908	20.0858
415.8432	20.2711
415.9956	22.0607
416.148	23.1704
416.3004	21.2806
416.4528	17.7087
416.6052	15.5343
416.7576	16.3607
416.91	15.617
417.0624	18.8718
417.2148	26.3228
417.3672	34.8739
417.5196	45.9296
417.672	55.5661
417.8244	65.2026
417.9768	75.6402
418.1292	87.6143
418.2816	98.3189
418.434	103.3971
418.5864	102.1686
418.7388	101.4787
418.8912	101.3356
419.0436	100.5905
419.196	98.7065
419.3484	88.6919
419.5008	72.5556
419.6532	58.0149
419.8056	51.3447
419.958	45.9994
420.1104	43.247
420.2628	41.7012
420.4152	42.6338
420.5676	45.8113
420.72	45.8113
420.8724	42.6582
421.0248	41.4612
421.1772	42.0694
421.3296	47.2339
421.482	52.3983
421.6344	53.9248
421.7868	42.6451
421.9392	38.6873
422.0916	38.978
422.244	40.901
422.3964	43.2989
422.5488	47.2365
422.7012	50.8435
422.8536	52.3417
423.006	46.3209
423.1584	41.2072
423.3108	40.9534
423.4632	41.062
423.6156	44.9809
423.768	50.5607
423.9204	51.7238
424.0728	47.3938
424.2252	44.624
424.3776	45.8113
424.53	45.6555
424.6824	45.4156
424.8348	47.3945
424.9872	47.3945
425.1396	47.5981
425.292	49.429
425.4444	50.9665
425.5968	50.4984
425.7492	50.1649
425.9016	46.2935
426.054	44.6598
426.2064	45.3634
426.3588	41.8855
426.5112	38.8163
426.6636	38.3459
426.816	38.7937
426.9684	37.3411
427.1208	36.5106
427.2732	37.9648
427.4256	39.379
427.578	38.9239
427.7304	40.0366
427.8828	43.0292
428.0352	46.9702
428.1876	49.7195
428.34	48.4647
428.4924	46.8545
428.6448	44.2282
428.7972	40.0642
428.9496	38.8685
429.102	41.637
429.2544	44.4055
429.4068	49.0276
429.5592	49.7691
429.7116	46.6029
429.864	47.2692
430.0164	45.9648
430.1688	44.9057
430.3212	43.2206
430.4736	40.1889
430.626	39.6138
430.7784	38.1448
430.9308	41.6123
431.0832	45.5883
431.2356	47.2188
431.388	47.2469
431.5404	46.2168
431.6928	43.3548
431.8452	38.2838
431.9976	37.8958
432.15	43.2368
432.3024	44.2282
432.4548	43.8325
432.6072	42.7463
432.7596	41.4577
432.912	39.0831
433.0644	38.2916
433.2168	39.3519
433.3692	40.0765
433.5216	40.5371
433.674	42.1535
433.8264	42.2975
433.9788	42.9044
434.1312	42.5824
434.2836	40.102
434.436	39.1435
434.5884	40.5265
434.7408	43.4695
434.8932	44.2198
435.0456	44.7536
435.198	43.9475
435.3504	43.2388
435.5028	44.8352
435.6552	44.9406
435.8076	44.8713
435.96	43.1786
436.1124	41.7747
436.2648	41.062
436.4172	42.633
436.5696	44.8185
436.722	43.1194
436.8744	42.2663
437.0268	42.1617
437.1792	45.6135
437.3316	47.5923
437.484	46.5657
437.6364	45.1624
437.7888	47.0194
437.9412	49.1365
438.0936	51.3232
438.246	54.707
438.3984	57.2889
438.5508	55.8568
438.7032	54.4031
438.8556	56.2526
439.008	57.9204
439.1604	59.0204
439.3128	56.5379
439.4652	55.5079
439.6176	55.5792
439.77	56.0895
439.9224	55.8924
440.0748	55.2229
440.2272	55.9328
440.3796	56.6884
440.532	57.996
440.6844	58.8323
440.8368	59.425
440.9892	60.5104
441.1416	63.7523
441.294	64.1837
441.4464	64.3897
441.5988	59.0336
441.7512	56.5992
441.9036	58.9797
442.056	60.5337
442.2084	59.4657
442.3608	57.688
442.5132	57.1127
442.6656	57.2177
442.818	57.8826
442.9704	62.9986
443.1228	64.0586
443.2752	61.9776
443.4276	59.142
443.58	59.4527
443.7324	63.2366
443.8848	63.9223
444.0372	59.7424
444.1896	56.7421
444.342	55.9561
444.4944	59.2219
444.6468	61.3009
444.7992	61.8663
444.9516	62.6752
445.104	63.2889
445.2564	60.5432
445.4088	59.236
445.5612	58.7212
445.7136	56.2965
445.866	54.0497
446.0184	54.7485
446.1708	58.8033
446.3232	59.4899
446.4756	59.6533
446.628	60.4067
446.7804	61.0488
446.9328	59.7946
447.0852	58.872
447.2376	56.3693
447.39	53.1332
447.5424	51.4853
447.6948	55.1784
447.8472	58.3732
447.9996	63.1066
448.152	70.6112
448.3044	79.0567
448.4568	85.5871
448.6092	84.283
448.7616	84.0164
448.914	83.6082
449.0664	78.9094
449.2188	74.6554
449.3712	70.8934
449.5236	68.1728
449.676	68.8433
449.8284	69.8764
449.9808	73.5286
450.1332	77.4736
450.2856	77.8694
450.438	71.9377
450.5904	68.8284
450.7428	66.5891
450.8952	64.5208
451.0476	62.6319
451.2	59.2071
451.3524	54.8305
451.5048	47.7463
451.6572	40.6622
451.8096	35.1614
451.962	32.2554
452.1144	32.7439
452.2668	33.2325
452.4192	32.7755
452.5716	32.0379
452.724	30.1231
452.8764	29.8842
453.0288	30.0194
453.1812	30.1651
453.3336	28.6296
453.486	27.5162
453.6384	26.6951
453.7908	25.8741
453.9432	26.4984
454.0956	26.8515
454.248	26.2866
454.4004	25.7216
454.5528	25.1567
454.7052	24.8351
454.8576	26.2847
455.01	28.9209
455.1624	30.6017
455.3148	31.6336
455.4672	29.2564
455.6196	26.8791
455.772	24.5019
455.9244	23.5395
456.0768	23.1165
456.2292	24.2636
456.3816	25.6826
456.534	29.1361
456.6864	33.2303
456.8388	34.4054
456.9912	33.8523
457.1436	36.0119
457.296	38.0937
457.4484	35.347
457.6008	32.3836
457.7532	30.9342
457.9056	29.9802
458.058	31.3737
458.2104	35.3171
458.3628	41.8156
458.5152	46.8754
458.6676	49.3734
458.82	45.4919
458.9724	43.556
459.1248	43.8117
459.2772	44.1927
459.4296	45.3288
459.582	45.0198
459.7344	40.0355
459.8868	37.6024
460.0392	37.6979
460.1916	41.142
460.344	47.3383
460.4964	52.5664
460.6488	56.2421
460.8012	59.8654
460.9536	61.4325
461.106	65.243
461.2584	71.6704
461.4108	75.5391
461.5632	75.8823
461.7156	74.7345
461.868	71.9054
462.0204	74.2122
462.1728	75.5854
462.3252	73.5158
462.4776	75.1618
462.63	80.338
462.7824	85.8073
462.9348	87.7744
463.0872	91.1461
463.2396	94.2942
463.392	96.8168
463.5444	100.3
463.6968	104.8464
463.8492	106.7612
464.0016	98.4753
464.154	90.9799
464.3064	87.8185
464.4588	88.1331
464.6112	88.1765
464.7636	85.2827
464.916	84.3947
465.0684	86.5957
465.2208	95.746
465.3732	114.8912
465.5256	136.0765
465.678	155.1601
465.8304	181.5633
465.9828	176.8604
466.1352	170.4552
466.2876	159.0065
466.44	149.1459
466.5924	149.7032
466.7448	138.0214
466.8972	120.5373
467.0496	103.0532
467.202	85.5691
467.3544	68.085
467.5068	50.9565
467.6592	41.7154
467.8116	37.8069
467.964	35.1253
468.1164	32.0269
468.2688	29.6728
468.4212	28.3459
468.5736	27.0189
468.726	26.9336
468.8784	29.134
469.0308	29.9165
469.1832	32.2185
469.3356	35.4296
469.488	33.1563
469.6404	30.3775
469.7928	32.9765
469.9452	38.7789
470.0976	44.2187
470.25	46.2991
470.4024	49.4679
470.5548	57.0149
470.7072	65.9417
470.8596	74.8686
471.012	90.1166
471.1644	134.279
471.3168	220.2602
471.4692	319.7712
471.6216	400.1286
471.774	438.8193
471.9264	368.4592
472.0788	290.2996
472.2312	215.0128
472.3836	163.6684
472.536	134.197
472.6884	100.1197
472.8408	66.0424
472.9932	36.475
473.1456	27.2098
473.298	33.1464
473.4504	43.6017
473.6028	53.6983
473.7552	63.7948
473.9076	68.9427
474.06	69.815
474.2124	61.3197
474.3648	48.584
474.5172	42.0515
474.6696	42.2493
474.822	46.727
474.9744	54.5377
475.1268	67.5222
475.2792	80.5067
475.4316	89.5449
475.584	90.8989
475.7364	99.5447
475.8888	113.8852
476.0412	111.0843
476.1936	106.1675
476.346	105.1988
476.4984	109.4035
476.6508	112.5
476.8032	113.8976
476.9556	113.4938
477.108	107.7256
477.2604	96.3033
477.4128	83.1362
477.5652	70.7552
477.7176	66.3996
477.87	66.6678
478.0224	68.7685
478.1748	82.6582
478.3272	106.2439
478.4796	128.79
478.632	137.0752
478.7844	138.2256
478.9368	126.2306
479.0892	109.9472
479.2416	100.2309
479.394	107.0261
479.5464	118.1015
479.6988	125.5607
479.8512	122.585
480.0036	112.4319
480.156	101.2575
480.3084	94.8879
480.4608	103.6
480.6132	114.5926
480.7656	122.4815
480.918	123.1027
481.0704	125.642
481.2228	126.5501
481.3752	119.3062
481.5276	116.9657
481.68	118.8471
481.8324	122.9881
481.9848	124.7691
482.1372	119.1735
482.2896	117.7921
482.442	117.6451
482.5944	123.708
482.7468	129.0784
482.8992	126.748
483.0516	125.5884
483.204	122.5923
483.3564	123.3839
483.5088	121.0092
483.6612	121.0427
483.8136	123.3941
483.966	125.3257
484.1184	125.8398
484.2708	127.7416
484.4232	129.4573
484.5756	131.6953
484.728	129.8073
484.8804	126.2124
485.0328	126.3522
485.1852	130.1962
485.3376	132.1213
485.49	123.64
485.6424	122.6722
485.7948	122.6217
485.9472	126.4193
486.0996	134.2447
486.252	136.0645
486.4044	135.6086
486.5568	133.9248
486.7092	134.4657
486.8616	131.1016
487.014	128.6221
487.1664	123.2264
487.3188	117.6478
487.4712	113.0353
487.6236	107.643
487.776	106.3803
487.9284	109.3338
488.0808	111.0406
488.2332	110.8812
488.3856	110.3857
488.538	111.2746
488.6904	111.7084
488.8428	115.6034
488.9952	120.4156
489.1476	117.9864
489.3	114.8725
489.4524	112.1779
489.6048	113.0068
489.7572	114.0831
489.9096	111.2362
490.062	108.5087
490.2144	106.2467
490.3668	102.0725
490.5192	98.0541
490.6716	99.7043
490.824	104.6804
490.9764	110.0156
491.1288	115.1126
491.2812	118.7701
491.4336	121.496
491.586	122.7966
491.7384	116.6557
491.8908	119.7208
492.0432	120.435
492.1956	118.0625
492.348	116.4857
492.5004	116.6557
492.6528	113.0812
492.8052	110.8205
492.9576	108.696
493.11	107.4902
493.2624	110.3386
493.4148	115.6766
493.5672	119.1645
493.7196	121.3887
493.872	123.6129
494.0244	124.9725
494.1768	123.9144
494.3292	122.8563
494.4816	120.8113
494.634	120.5612
494.7864	119.9214
494.9388	121.3596
495.0912	124.691
495.2436	121.0092
495.396	119.6614
495.5484	120.0829
495.7008	119.5347
495.8532	115.3548
496.0056	111.1748
496.158	106.9949
496.3104	106.3499
496.4628	105.1781
496.6152	109.0924
496.7676	108.276
496.92	110.366
497.0724	110.1384
497.2248	110.719
497.3772	113.6873
497.5296	114.4646
497.682	114.6003
497.8344	109.7768
497.9868	103.9908
498.1392	103.9908
498.2916	103.9908
498.444	101.7429
498.5964	97.3924
498.7488	98.3703
498.9012	103.3971
499.0536	107.2692
499.206	112.9755
499.3584	115.6662
499.5108	109.5901
499.6632	105.9697
499.8156	105.6537
499.968	104.0574
500.1204	100.832
500.2728	98.9716
500.4252	97.2915
500.5776	95.6794
500.73	99.7206
500.8824	102.3956
501.0348	104.6776
501.1872	107.999
501.3396	108.8433
501.492	111.8636
501.6444	113.6873
501.7968	107.9789
501.9492	100.4288
502.1016	100.8969
502.254	101.9614
502.4064	104.2882
502.5588	101.6034
502.7112	97.2663
502.8636	93.2441
503.016	90.3805
503.1684	86.2514
503.3208	84.2018
503.4732	91.7778
503.6256	96.0208
503.778	96.6689
503.9304	90.7626
504.0828	88.8099
504.2352	91.7256
504.3876	96.8053
504.54	101.885
504.6924	102.8034
504.8448	98.4499
504.9972	101.9401
505.1496	103.595
505.302	98.0169
505.4544	88.8094
505.6068	85.9656
505.7592	88.5032
505.9116	91.8848
506.064	98.6516
506.2164	104.894
506.3688	107.3549
506.5212	104.156
506.6736	94.4775
506.826	88.7533
506.9784	93.2405
507.1308	97.6583
507.2832	95.1174
507.4356	93.7005
507.588	94.942
507.7404	91.5529
507.8928	87.6603
508.0452	87.6837
508.1976	89.3701
508.35	93.8475
508.5024	99.2414
508.6548	101.4791
508.8072	104.225
508.9596	107.3705
509.112	109.215
509.2644	109.1267
509.4168	108.6322
509.5692	108.4616
509.7216	108.5422
509.874	109.9679
510.0264	106.6857
510.1788	106.3654
510.3312	112.0454
510.4836	111.7096
510.636	111.7084
510.7884	110.725
510.9408	111.2098
511.0932	112.9172
511.2456	112.5325
511.398	112.4006
511.5504	115.8714
511.7028	115.9988
511.8552	112.1042
512.0076	114.4739
512.16	118.3921
512.3124	122.9343
512.4648	124.9036
512.6172	123.984
512.7696	117.8837
512.922	117.0057
513.0744	116.2599
513.2268	113.6873
513.3792	107.2724
513.5316	100.8234
513.684	96.471
513.8364	99.4393
513.9888	109.4202
514.1412	117.1886
514.2936	118.8325
514.446	112.5718
514.5984	113.4069
514.7508	114.8124
514.9032	113.6513
515.0556	112.8958
515.208	115.8373
515.3604	119.9457
515.5128	120.6135
515.6652	118.5529
515.8176	119.2282
515.97	124.9783
516.1224	128.1332
516.2748	124.4428
516.4272	122.8808
516.5796	122.2978
516.732	121.4159
516.8844	117.2681
517.0368	115.4318
517.1892	124.1755
517.3416	128.1332
517.494	125.0914
517.6464	121.9191
517.7988	122.4019
517.9512	122.4615
518.1036	121.5011
518.256	125.0343
518.4084	129.1028
518.5608	127.3975
518.7132	121.5949
518.8656	117.7159
519.018	114.8028
519.1704	110.9314
519.3228	109.7296
519.4752	117.2414
519.6276	120.3875
519.78	120.6238
519.9324	120.8113
520.0848	122.1919
520.2372	119.9273
520.3896	116.9126
520.542	116.9812
520.6944	125.8517
520.8468	132.4576
520.9992	133.1422
521.1516	131.7184
521.304	131.9151
521.4564	128.6224
521.6088	125.5913
521.7612	127.9879
521.9136	122.7304
522.066	117.9692
522.2184	117.124
522.3708	122.4896
522.5232	124.2895
522.6756	123.6235
522.828	122.5923
522.9804	124.6378
523.1328	127.4789
523.2852	127.8607
523.4376	126.1544
523.59	124.4282
523.7424	122.4293
523.8948	124.5549
524.0472	128.2224
524.1996	130.1817
524.352	128.2925
524.5044	125.5401
524.6568	121.9122
524.8092	121.4988
524.9616	119.2741
525.114	116.8536
525.2664	114.4997
525.4188	108.7896
525.5712	103.2728
525.7236	98.4499
525.876	100.5533
526.0284	102.4077
526.1808	100.5727
526.3332	95.9927
526.4856	92.1174
526.638	92.8146
526.7904	97.223
526.9428	102.1757
527.0952	103.707
527.2476	102.3308
527.4	100.6448
527.5524	101.48
527.7048	103.595
527.8572	105.326
528.0096	104.5118
528.162	106.9591
528.3144	114.7637
528.4668	120.6958
528.6192	122.3041
528.7716	121.7698
528.924	121.0993
529.0764	119.2282
529.2288	121.5718
529.3812	120.2177
529.5336	123.2875
529.686	130.9037
529.8384	128.529
529.9908	129.2755
530.1432	130.8778
530.2956	133.385
530.448	135.8923
530.6004	137.5332
530.7528	133.9982
530.9052	131.4974
531.0576	135.8509
531.21	119.6634
531.3624	95.6993
531.5148	77.4578
531.6672	69.2055
531.8196	65.2929
531.972	61.4673
532.1244	61.4446
532.2768	59.9852
532.4292	62.0025
532.5816	67.6641
532.734	73.3256
532.8864	83.8655
533.0388	102.4893
533.1912	120.5919
533.3436	127.3417
533.496	121.7841
533.6484	121.2071
533.8008	125.2143
533.9532	119.2409
534.1056	107.8583
534.258	101.4814
534.4104	93.2263
534.5628	79.8116
534.7152	75.0989
534.8676	77.8383
535.02	82.0749
535.1724	85.2024
535.3248	87.6267
535.4772	84.3872
535.6296	75.9067
535.782	70.4916
535.9344	69.1093
536.0868	67.9375
536.2392	65.2877
536.3916	66.199
536.544	65.9344
536.6964	65.5514
536.8488	67.2444
537.0012	70.6639
537.1536	66.6083
537.306	61.8404
537.4584	58.0713
537.6108	54.1247
537.7632	54.8859
537.9156	56.6953
538.068	50.7691
538.2204	43.5715
538.3728	45.2453
538.5252	45.5826
538.6776	43.1326
538.83	43.1206
538.9824	46.1173
539.1348	46.6308
539.2872	44.8454
539.4396	43.6672
539.592	43.4367
539.7444	45.7521
539.8968	48.7591
540.0492	49.7691
540.2016	50.5589
540.354	50.9635
540.5064	51.2076
540.6588	51.3828
540.8112	52.164
540.9636	54.478
541.116	56.8931
541.2684	58.2126
541.4208	58.6741
541.5732	60.0765
541.7256	62.8973
541.878	66.3935
542.0304	66.74
542.1828	67.9749
542.3352	71.3589
542.4876	76.6821
542.64	85.3322
542.7924	89.8802
542.9448	89.3822
543.0972	82.4208
543.2496	69.869
543.402	57.8921
543.5544	46.6036
543.7068	38.8209
543.8592	37.6979
544.0116	54.0093
544.164	64.7747
544.3164	64.8087
544.4688	54.1175
544.6212	43.6784
544.7736	42.4472
544.926	55.0821
545.0784	64.0748
545.2308	72.4648
545.3832	80.2625
545.5356	85.2022
545.688	89.3244
545.8404	92.1174
545.9928	85.7519
546.1452	79.9808
546.2976	74.9884
546.45	74.5343
546.6024	76.6835
546.7548	76.8249
546.9072	77.1959
547.0596	80.8887
547.212	84.5976
547.3644	84.3997
547.5168	80.9656
547.6692	77.6715
547.8216	78.4619
547.974	77.6715
548.1264	78.8514
548.2788	80.1943
548.4312	80.0371
548.5836	85.693
548.736	91.0763
548.8884	95.4815
549.0408	98.0489
549.1932	94.2219
549.3456	85.581
549.498	79.2351
549.6504	75.5244
549.8028	74.1208
549.9552	75.6926
550.1076	78.1441
550.26	82.0039
550.4124	87.7249
550.5648	93.4458
550.7172	99.2414
550.8696	101.2965
551.022	102.6055
551.1744	104.3944
551.3268	101.6436
551.4792	91.4102
551.6316	79.8765
551.784	75.0989
551.9364	76.532
552.0888	77.9652
552.2412	78.6609
552.3936	80.1906
552.546	78.1841
552.6984	72.4936
552.8508	63.1471
553.0032	53.8007
553.1556	47.557
553.308	52.8042
553.4604	56.6953
553.6128	54.0984
553.7652	50.9421
553.9176	48.3839
554.07	49.1991
554.2224	50.3807
554.3748	52.1722
554.5272	54.1227
554.6796	55.5077
554.832	60.4279
554.9844	64.3689
555.1368	67.1834
555.2892	67.3566
555.4416	68.3302
555.594	65.667
555.7464	62.9856
555.8988	62.8802
556.0512	62.2959
556.2036	58.5235
556.356	50.6861
556.5084	47.1966
556.6608	56.0875
556.8132	64.1915
556.9656	72.035
557.118	84.9207
557.2704	100.9438
557.4228	112.296
557.5752	114.8863
557.7276	111.0952
557.88	107.3549
558.0324	109.2563
558.1848	108.986
558.3372	95.068
558.4896	73.6707
558.642	53.4835
558.7944	50.9565
558.9468	66.2693
559.0992	73.925
559.2516	66.1105
559.404	52.202
559.5564	40.6662
559.7088	41.7158
559.8612	41.8316
560.0136	39.891
560.166	37.9504
560.3184	40.7561
560.4708	48.9514
560.6232	54.4745
560.7756	59.0677
560.928	60.8509
561.0804	63.355
561.2328	61.7484
561.3852	55.8126
561.5376	49.5712
561.69	47.9881
561.8424	55.2553
561.9948	56.8593
562.1472	55.1121
562.2996	52.1944
562.452	51.9459
562.6044	50.7706
562.7568	50.6294
562.9092	50.9565
563.0616	47.4793
563.214	44.6886
563.3664	42.2493
563.5188	41.9311
563.6712	44.3523
563.8236	47.818
563.976	50.6501
564.1284	52.4314
564.2808	53.2828
564.4332	55.1071
564.5856	54.356
564.738	56.7465
564.8904	59.9499
565.0428	60.8509
565.1952	59.2678
565.3476	55.31
565.5	53.3311
565.6524	53.352
565.8048	54.1824
565.9572	54.4479
566.1096	54.3292
566.262	56.8281
566.4144	63.2487
566.5668	72.5568
566.7192	77.4736
566.8716	63.0836
567.024	58.3601
567.1764	55.2536
567.3288	55.5901
567.4812	57.3475
567.6336	57.4354
567.786	54.3167
567.9384	51.6529
568.0908	53.8277
568.2432	55.8272
568.3956	56.6953
568.548	57.0858
568.7004	56.4376
568.8528	53.9832
569.0052	52.9319
569.1576	50.9061
569.31	47.809
569.4624	47.7902
569.6148	52.0387
569.7672	50.4071
569.9196	49.1755
570.072	49.3114
570.2244	50.7586
570.3768	49.2562
570.5292	53.859
570.6816	56.0469
570.834	54.8399
570.9864	51.245
571.1388	47.7902
571.2912	49.1186
571.4436	49.4457
571.596	50.1649
571.7484	48.8729
571.9008	46.9987
572.0532	49.276
572.2056	49.8192
572.358	50.103
572.5104	49.7817
572.6628	49.0986
572.8152	48.5649
572.9676	48.95
573.12	48.6597
573.2724	48.3173
573.4248	47.1966
573.5772	47.9881
573.7296	50.5553
573.882	52.5396
574.0344	51.0633
574.1868	49.3726
574.3392	48.9018
574.4916	48.803
574.644	49.3483
574.7964	48.4801
574.9488	45.4156
575.1012	47.8242
575.2536	49.3839
575.406	50.7586
575.5584	52.9411
575.7108	52.6635
575.8632	49.518
576.0156	48.5742
576.168	47.5923
576.3204	49.7691
576.4728	49.4084
576.6252	49.5712
576.7776	50.4255
576.93	51.76
577.0824	53.0945