0.0941	52.7078
0.2465	51.1
0.3989	52.04
0.5513	54.0249
0.7037	55.5
0.8561	54.6206
1.0085	53.1346
1.1609	53.4295
1.3133	57.4225
1.4657	59.5
1.6181	56.2356
1.7705	53.9
1.9229	54.6434
2.0753	54.8437
2.2277	53.1596
2.3801	52.9496
2.5325	53.819
2.6849	54.3827
2.8373	55.6173
2.9897	56.9
3.1421	55.7965
3.2945	56.1692
3.4469	56.0429
3.5993	55.7421
3.7517	54.2894
3.9041	53.0968
4.0565	52.1554
4.2089	51.2175
4.3613	51.245
4.5137	52.5231
4.6661	53.8012
4.8185	54.1811
4.9709	52.6775
5.1233	54.6938
5.2757	56.2558
5.4281	57.1664
5.5805	59.3
5.7329	58.5685
5.8853	58.4581
6.0377	59.3
6.1901	59.1
6.3425	58.621
6.4949	58.1
6.6473	57.8928
6.7997	57.6756
6.9521	57.4584
7.1045	57.3767
7.2569	57.6597
7.4093	58.1161
7.5617	59.5499
7.7141	60.3
7.8665	58.408
8.0189	56.6095
8.1713	55.6944
8.3237	54.1013
8.4761	52.9157
8.6285	54.4156
8.7809	54.4998
8.9333	52.7076
9.0857	52.1
9.2381	53.7
9.3905	56.7611
9.5429	60.943
9.6953	62.9596
9.8477	63.0716
10.0001	63.9268
10.1525	65.0342
10.3049	62.7348
10.4573	59.3596
10.6097	57.1049
10.7621	55.5204
10.9145	56.8741
11.0669	59.7
11.2193	60.7
11.3717	59.3686
11.5241	58.5862
11.6765	59.0507
11.8289	57.7636
11.9813	60.0102
12.1337	61.7036
12.2861	61.167
12.4385	59.1165
12.5909	56.7953
12.7433	55.0816
12.8957	54.8392
13.0481	56.0824
13.2005	56.6878
13.3529	56.1857
13.5053	55.7
13.6577	56.9
13.8101	56.7
13.9625	57.9344
14.1149	57.6125
14.2673	56.017
14.4197	58.4803
14.5721	62.0473
14.7245	65.0173
14.8769	65.9
15.0293	63.7864
15.1817	60.3
15.3341	59.5379
15.4865	59.6868
15.6389	58.2727
15.7913	57.6448
15.9437	57.8999
16.0961	57.7915
16.2485	56.3438
16.4009	54.7201
16.5533	55.2126
16.7057	55.5053
16.8581	55.029
17.0105	55.8768
17.1629	57.5886
17.3153	59.3747
17.4677	57.1104
17.6201	53.9441
17.7725	51.0295
17.9249	50.3554
18.0773	53.4431
18.2297	56.7177
18.3821	57.1584
18.5345	57.2246
18.6869	57.2907
18.8393	55.9347
18.9917	54.347
19.1441	55.3762
19.2965	55.6751
19.4489	54.3799
19.6013	53.9333
19.7537	54.1804
19.9061	54.9477
20.0585	55.715
20.2109	55.9298
20.3633	54.3715
20.5157	52.8131
20.6681	52.9493
20.8205	54.2124
20.9729	55.4755
21.1253	56.7
21.2777	55.5449
21.4301	54.356
21.5825	54.0553
21.7349	53.7545
21.8873	53.9651
22.0397	54.0739
22.1921	51.7281
22.3445	49.3824
22.4969	47.0367
22.6493	47.6552
22.8017	48.5
22.9541	48.6314
23.1065	49.8957
23.2589	52.2602
23.4113	54.6246
23.5637	55.8572
23.7161	54.3377
23.8685	52.9885
24.0209	52.6403
24.1733	53.3869
24.3257	54.1336
24.4781	54.9
24.6305	52.8505
24.7829	52.4167
24.9353	53.0411
25.0877	53.845
25.2401	53.5116
25.3925	52.9814
25.5449	53.49
25.6973	53.9987
25.8497	55.2903
26.0021	56.2061
26.1545	54.9183
26.3069	53.2314
26.4593	51.5446
26.6117	51.909
26.7641	54.108
26.9165	56.1855
27.0689	56.0249
27.2213	56.5608
27.3737	61.2515
27.5261	66.7
27.6785	69.7
27.8309	69.7454
27.9833	68.171
28.1357	67.5606
28.2881	68.6203
28.4405	70.278
28.5929	73.3922
28.7453	74.7926
28.8977	77.3723
29.0501	81.2326
29.2025	83.3135
29.3549	84.5245
29.5073	86.1042
29.6597	88.34
29.8121	86.3243
29.9645	83.2954
30.1169	80.7002
30.2693	79.2271
30.4217	76.2391
30.5741	75.4076
30.7265	74.0007
30.8789	72.5817
31.0313	74.4615
31.1837	79.1163
31.3361	85.2354
31.4885	90.1952
31.6409	92.0402
31.7933	87.848
31.9457	85.7
32.0981	87.2357
32.2505	84.9953
32.4029	82.1804
32.5553	81.2714
32.7077	81.5873
32.8601	81.9
33.0125	81.1658
33.1649	81.424
33.3173	84.2886
33.4697	88.3
33.6221	85.2369
33.7745	80.9625
33.9269	80.0057
34.0793	80.673
34.2317	81.0894
34.3841	82.158
34.5365	84.5233
34.6889	87.296
34.8413	88.828
34.9937	86.9839
35.1461	84.364
35.2985	85.522
35.4509	89.2637
35.6033	89.3446
35.7557	88.1982
35.9081	86.8568
36.0605	84.4659
36.2129	83.1727
36.3653	82.7
36.5177	82.7
36.6701	82.7
36.8225	84.2803
36.9749	84.7983
37.1273	84.9074
37.2797	83.1756
37.4321	81.4439
37.5845	80.5
37.7369	82.4355
37.8893	84.3366
38.0417	88.4027
38.1941	95.7
38.3465	93.6433
38.4989	90.7465
38.6513	87.7
38.8037	87.7
38.9561	87.7425
39.1085	88.346
39.2609	88.0196
39.4133	85.8875
39.5657	81.7901
39.7181	78.22
39.8705	78.9
40.0229	87.4149
40.1753	93.342
40.3277	97.4489
40.4801	96.6508
40.6325	94.8342
40.7849	94.3261
40.9373	92.7
41.0897	90.9385
41.2421	86.3
41.3945	83.6504
41.5469	84.9223
41.6993	86.8146
41.8517	88.9
42.0041	87.5624
42.1565	86.2239
42.3089	86.7338
42.4613	89.0694
42.6137	93.2042
42.7661	96.0147
42.9185	98.1341
43.0709	97.3886
43.2233	93.7848
43.3757	92.3719
43.5281	90.8985
43.6805	88.6103
43.8329	84.1166
43.9853	79.7
44.1377	78.0202
44.2901	77.7
44.4425	78.7
44.5949	82.3029
44.7473	88.0396
44.8997	93.0289
45.0521	94.8102
45.2045	96.3484
45.3569	95.1115
45.5093	93.1311
45.6617	92.257
45.8141	91.383
45.9665	90.509
46.1189	89.635
46.2713	88.761
46.4237	87.887
46.5761	87.2605
46.7285	87.1402
46.8809	90.404
47.0333	93.0941
47.1857	91.2897
47.3381	89.4853
47.4905	87.7
47.6429	87.1118
47.7953	88.014
47.9477	84.9985
48.1001	81.5701
48.2525	81.2092
48.4049	83.5333
48.5573	85.62
48.7097	87.5331
48.8621	90.8412
49.0145	92.8367
49.1669	91.1
49.3193	90.0302
49.4717	89.3247
49.6241	88.1048
49.7765	85.4676
49.9289	87.3841
50.0813	92.1152
50.2337	94.7
50.3861	91.5435
50.5385	90.3
50.6909	84.9091
50.8433	80.6773
50.9957	80.3834
51.1481	82.1818
51.3005	83.9
51.4529	84.3696
51.6053	85.6534
51.7577	89.2501
51.9101	90.7245
52.0625	90.5185
52.2149	91.2362
52.3673	90.2731
52.5197	90.3
52.6721	90.4181
52.8245	90.5943
52.9769	92.6041
53.1293	93.5087
53.2817	92.3954
53.4341	92.5952
53.5865	92.795
53.7389	92.9
53.8913	89.7736
54.0437	86.5419
54.1961	84.4438
54.3485	82.8576
54.5009	82.3012
54.6533	81.8781
54.8057	80.7453
54.9581	79.5733
55.1105	81.5955
55.2629	84.8792
55.4153	88.1629
55.5677	88.3194
55.7201	86.3278
55.8725	84.3363
56.0249	82.1
56.1773	84.1115
56.3297	84.2926
56.4821	84.4736
56.6345	86.3329
56.7869	90.9786
56.9393	98.3804
57.0917	105.7822
57.2441	113.184
57.3965	115.1
57.5489	97.0416
57.7013	81.7701
57.8537	81.1732
58.0061	82.5
58.1585	79.678
58.3109	76.9191
58.4633	75.3
58.6157	75.143
58.7681	75.9088
58.9205	80.1121
59.0729	81.8641
59.2253	81.9717
59.3777	81.4436
59.5301	80.9
59.6825	79.453
59.8349	78.2117
59.9873	79.2361
60.1397	78.5869
60.2921	77.5566
60.4445	76.2246
60.5969	74.8926
60.7493	74.5
60.9017	76.7628
61.0541	79.7366
61.2065	81.675
61.3589	86.3
61.5113	88.6386
61.6637	87.9733
61.8161	88.4967
61.9685	90.0334
62.1209	87.9957
62.2733	85.0218
62.4257	83.0892
62.5781	82.0052
62.7305	85.7151
62.8829	90.2239
63.0353	92.5916
63.1877	93.0171
63.3401	90.4477
63.4925	90.6529
63.6449	91.9188
63.7973	92.6023
63.9497	92.3876
64.1021	92.023
64.2545	93.4628
64.4069	95.8216
64.5593	96.3727
64.7117	96.4638
64.8641	95.7395
65.0165	94.9438
65.1689	96.3273
65.3213	96.8714
65.4737	95.7785
65.6261	96.1949
65.7785	94.8472
65.9309	93.5
66.0833	95.2975
66.2357	96.5
66.3881	95.9133
66.5405	93.0262
66.6929	91.4832
66.8453	91.4633
66.9977	92.0844
67.1501	92.3434
67.3025	92.5257
67.4549	94.0976
67.6073	95.0542
67.7597	95.7316
67.9121	99.5045
68.0645	98.7
68.2169	92.0901
68.3693	90.6589
68.5217	92.1857
68.6741	91.6812
68.8265	91.3998
68.9789	94.035
69.1313	97.3254
69.2837	98.1747
69.4361	97.9138
69.5885	98.0694
69.7409	96.9638
69.8933	96.847
70.0457	94.4254
70.1981	93.932
70.3505	92.0768
70.5029	90.7525
70.6553	90.1342
70.8077	90.7
70.9601	89.1227
71.1125	89.7764
71.2649	90.6853
71.4173	89.3447
71.5697	86.9
71.7221	89.3944
71.8745	94.1676
72.0269	96.556
72.1793	97.7
72.3317	97.0136
72.4841	93.2098
72.6365	89.7
72.7889	89.7
72.9413	90.9716
73.0937	90.2932
73.2461	89.1638
73.3985	89.3
73.5509	88.3772
73.7033	88.5235
73.8557	92.9664
74.0081	98.5187
74.1605	101.72
74.3129	100.9023
74.4653	99.5
74.6177	99.5
74.7701	99.2583
74.9225	97.425
75.0749	100.2703
75.2273	102.5867
75.3797	102.9517
75.5321	102.8074
75.6845	97.6951
75.8369	91.0119
75.9893	86.4189
76.1417	86.4945
76.2941	92.1
76.4465	89.2501
76.5989	87.435
76.7513	88.802
76.9037	89.3592
77.0561	89.0714
77.2085	88.7836
77.3609	88.4958
77.5133	87.8886
77.6657	86.602
77.8181	85.7159
77.9705	86.1078
78.1229	88.7
78.2753	90.1621
78.4277	90.0116
78.5801	91.7204
78.7325	93.1509
78.8849	92.3201
79.0373	88.0367
79.1897	83.7185
79.3421	82.8702
79.4945	84.0853
79.6469	84.1499
79.7993	85.1398
79.9517	86.3
80.1041	86.7393
80.2565	88.7958
80.4089	88.7654
80.5613	90.7
80.7137	90.545
80.8661	91.2424
81.0185	92.2977
81.1709	93.8278
81.3233	93.9755
81.4757	92.2878
81.6281	90.6001
81.7805	89.4395
81.9329	92.7826
82.0853	95.6704
82.2377	94.0855
82.3901	92.5005
82.5425	91.9755
82.6949	93.1623
82.8473	92.7704
82.9997	91.3314
83.1521	90.9
83.3045	92.7456
83.4569	93.6415
83.6093	90.6803
83.7617	88.3
83.9141	89.1659
84.0665	85.5613
84.2189	85.2818
84.3713	87.1
84.5237	85.8818
84.6761	84.7
84.8285	83.3381
84.9809	83.1
85.1333	83.1938
85.2857	85.9912
85.4381	90.9
85.5905	91.7
85.7429	92.5
85.8953	97.4424
86.0477	101.248
86.2001	100.4035
86.3525	95.5755
86.5049	91.0928
86.6573	89.2823
86.8097	88.1
86.9621	89.0645
87.1145	90.7
87.2669	90.7
87.4193	90.178
87.5717	89.3112
87.7241	86.8044
87.8765	85.1
88.0289	86.6567
88.1813	88.3026
88.3337	89.6333
88.4861	89.788
88.6385	91.1402
88.7909	94.5966
88.9433	98.1
89.0957	97.7753
89.2481	93.7646
89.4005	89.8523
89.5529	87.3443
89.7053	85.9573
89.8577	89.3138
90.0101	91.0226
90.1625	92.0722
90.3149	91.17
90.4673	90.6058
90.6197	93.0377
90.7721	94.2161
90.9245	93.1334
91.0769	90.2653
91.2293	88.3706
91.3817	90.0748
91.5341	90.614
91.6865	85.2008
91.8389	84.6125
91.9913	90.0257
92.1437	95.439
92.2961	100.4642
92.4485	103.1
92.6009	101.3199
92.7533	99.5122
92.9057	98.0919
93.0581	93.7401
93.2105	90.3737
93.3629	90.8491
93.5153	92.7233
93.6677	93.9959
93.8201	94.7
93.9725	94.7
94.1249	94.8951
94.2773	95.4719
94.4297	96.6395
94.5821	97.4741
94.7345	98.4164
94.8869	99.6439
95.0393	99.3859
95.1917	95.1
95.3441	92.5
95.4965	94.1
95.6489	94.7682
95.8013	97.7027
95.9537	95.6841
96.1061	93.9794
96.2585	95.5384
96.4109	97.7838
96.5633	99.9628
96.7157	103.4048
96.8681	105.7059
97.0205	104.4641
97.1729	104.3572
97.3253	102.7655
97.4777	99.2253
97.6301	94.9866
97.7825	94.9
97.9349	102.3917
98.0873	101.6315
98.2397	99.1456
98.3921	97.8014
98.5445	98.0436
98.6969	92.6258
98.8493	87.0487
99.0017	87.0253
99.1541	88.8319
99.3065	91.0118
99.4589	92.0794
99.6113	90.9
99.7637	93.5194
99.9161	95.3693
100.0685	97.5705
100.2209	103.1601
100.3733	104.7
100.5257	103.3875
100.6781	98.5
100.8305	98.145
100.9829	98.195
101.1353	102.3841
101.2877	105.7
101.4401	105.8892
101.5925	100.773
101.7449	95.3232
101.8973	91.0933
102.0497	92.3289
102.2021	94.1555
102.3545	98.1
102.5069	93.7628
102.6593	89.665
102.8117	90.9
102.9641	94.1523
103.1165	97.1334
103.2689	97.9759
103.4213	96.4028
103.5737	98.3516
103.7261	101.7
103.8785	102.6053
104.0309	104.314
104.1833	107.8276
104.3357	107.5189
104.4881	105.3131
104.6405	98.1251
104.7929	93.9536
104.9453	92.3282
105.0977	91.1667
105.2501	91.12
105.4025	94.2597
105.5549	100.1439
105.7073	99.9688
105.8597	98.6003
106.0121	97.8082
106.1645	97.9087
106.3169	98.9028
106.4693	97.6494
106.6217	98.3394
106.7741	99.2923
106.9265	99.5
107.0789	101.6395
107.2313	104.3
107.3837	104.8542
107.5361	104.0711
107.6885	106.9061
107.8409	110.9
107.9933	108.0276
108.1457	104.5359
108.2981	101.0442
108.4505	98.9112
108.6029	98.121
108.7553	99.328
108.9077	99.8583
109.0601	101.2021
109.2125	103.1972
109.3649	104.3611
109.5173	108.4138
109.6697	111.1
109.8221	109.5058
109.9745	102.9977
110.1269	96.2032
110.2793	91.3
110.4317	91.1476
110.5841	91.2363
110.7365	92.669
110.8889	94.6789
111.0413	95.4554
111.1937	96.1942
111.3461	96.9473
111.4985	95.5419
111.6509	94.5
111.8033	95.0333
111.9557	95.6538
112.1081	96.9616
112.2605	97.9081
112.4129	102.6847
112.5653	108.2912
112.7177	110.7
112.8701	107.878
113.0225	102.8918
113.1749	97.9
113.3273	98.1
113.4797	103.948
113.6321	104.2813
113.7845	102.4048
113.9369	100.5282
114.0893	99.2078
114.2417	98.3
114.3941	97.5758
114.5465	95.9
114.6989	95.9
114.8513	95.3849
115.0037	94.5997
115.1561	93.8144
115.3085	93.0291
115.4609	92.9709
115.6133	94.4144
115.7657	95.858
115.9181	97.3
116.0705	97.0916
116.2229	96.8834
116.3753	96.9831
116.5277	99.3573
116.6801	101.7
116.8325	100.3689
116.9849	97.4981
117.1373	95.8226
117.2897	97.2885
117.4421	98.9
117.5945	98.9
117.7469	99.2639
117.8993	100.5346
118.0517	100.7752
118.2041	102.1298
118.3565	104.3584
118.5089	104.7451
118.6613	106.3418
118.8137	104.9475
118.9661	103.9
119.1185	103.9
119.2709	102.5082
119.4233	101.0517
119.5757	103.3435
119.7281	106.3
119.8805	105.7814
120.0329	103.9705
120.1853	102.1
120.3377	102.4672
120.4901	102.847
120.6425	102.796
120.7949	101.9
120.9473	98.8108
121.0997	96.359
121.2521	97.5275
121.4045	99.2634
121.5569	100.0118
121.7093	98.8979
121.8617	97.9893
122.0141	98.847
122.1665	98.8824
122.3189	96.2953
122.4713	93.7083
122.6237	91.1212
122.7761	90.3418
122.9285	93.8097
123.0809	93.8772
123.2333	92.7836
123.3857	94.0562
123.5381	96.8404
123.6905	98.9509
123.8429	99.9459
123.9953	97.8628
124.1477	97.49
124.3001	97.6185
124.4525	97.1979
124.6049	98.1225
124.7573	100.9705
124.9097	102.2187
125.0621	100.2063
125.2145	100.9
125.3669	99.3
125.5193	100.2194
125.6717	98.9617
125.8241	99.3622
125.9765	101.8926
126.1289	107.0019
126.2813	108.0065
126.4337	105.6556
126.5861	104.5374
126.7385	104.0031
126.8909	101.579
127.0433	99.9607
127.1957	99.6738
127.3481	98.82
127.5005	97.0943
127.6529	95.5953
127.8053	95.1
127.9577	95.9448
128.1101	99.9605
128.2625	103.2687
128.4149	101.3175
128.5673	99.3663
128.7197	97.6005
128.8721	97.2606
129.0245	100.3
129.1769	98.1114
129.3293	96.0353
129.4817	94.9944
129.6341	95.959
129.7865	99.3117
129.9389	105.1
130.0913	104.5
130.2437	102.3903
130.3961	99.717
130.5485	97.0437
130.7009	95.3115
130.8533	96.7871
131.0057	99.1006
131.1581	101.414
131.3105	105.6514
131.4629	110.1602
131.6153	112.7231
131.7677	113.2354
131.9201	105.7875
132.0725	96.5727
132.2249	93.2619
132.3773	93.1317
132.5297	94.3
132.6821	100.1965
132.8345	104.5071
132.9869	104.6108
133.1393	100.7
133.2917	98.3
133.4441	99.532
133.5965	99.5586
133.7489	104.1032
133.9013	112.2091
134.0537	117.9121
134.2061	118.9
134.3585	108.7787
134.5109	100.4775
134.6633	99.8432
134.8157	102.6221
134.9681	106.8163
135.1205	110.8687
135.2729	113.8056
135.4253	113.7911
135.5777	111.3159
135.7301	107.6948
135.8825	103.1034
136.0349	98.1
136.1873	98.7114
136.3397	98.1532
136.4921	98.533
136.6445	99.9624
136.7969	100.1
136.9493	96.3267
137.1017	94.467
137.2541	92.9
137.4065	94.6808
137.5589	97.5643
137.7113	100.4477
137.8637	101.4048
138.0161	102.7
138.1685	103.3
138.3209	98.2921
138.4733	96.4356
138.6257	103.419
138.7781	109.8872
138.9305	107.7159
139.0829	101.9449
139.2353	95.7892
139.3877	93.7
139.5401	101.1626
139.6925	105.3
139.8449	100.152
139.9973	94.6252
140.1497	93.3
140.3021	99.3463
140.4545	103.1
140.6069	99.3598
140.7593	92.6045
140.9117	88.4817
141.0641	87.6675
141.2165	90.2961
141.3689	93.4745
141.5213	94.9
141.6737	90.5
141.8261	87.9386
141.9785	85.4048
142.1309	82.8709
142.2833	84.8454
142.4357	88.1311
142.5881	91.4457
142.7405	91.8748
142.8929	90.6053
143.0453	89.3
143.1977	94.1232
143.3501	97.434
143.5025	98.9034
143.6549	99.8991
143.8073	101.5215
143.9597	104.0978
144.1121	105.4982
144.2645	105.6813
144.4169	105.1111
144.5693	104.5408
144.7217	102.3606
144.8741	100.0563
145.0265	99.5
145.1789	106.0629
145.3313	105.9613
145.4837	106.4644
145.6361	107.4617
145.7885	107.8535
145.9409	106.288
146.0933	101.7994
146.2457	95.297
146.3981	89.2069
146.5505	87.3909
146.7029	88.4886
146.8553	90.9
147.0077	91.3534
147.1601	92.4005
147.3125	95.2961
147.4649	97.2
147.6173	97.0141
147.7697	96.7132
147.9221	97.3068
148.0745	96.8538
148.2269	97.3
148.3793	96.619
148.5317	96.1782
148.6841	96.1357
148.8365	97.5574
148.9889	100.3616
149.1413	101.4106
149.2937	102.3456
149.4461	103.8543
149.5985	103.5495
149.7509	100.7764
149.9033	100.1799
150.0557	100.8093
150.2081	103.4929
150.3605	106.7966
150.5129	109.7129
150.6653	109.7821
150.8177	106.53
150.9701	107.0592
151.1225	107.5884
151.2749	108.1176
151.4273	107.2757
151.5797	104.3897
151.7321	105.8658
151.8845	109.056
152.0369	113.1
152.1893	113.5
152.3417	108.1482
152.4941	104.5757
152.6465	102.668
152.7989	102.9649
152.9513	105.3951
153.1037	102.9008
153.2561	100.9
153.4085	105.8417
153.5609	107.9798
153.7133	106.0269
153.8657	106.3768
154.0181	110.2556
154.1705	114.1498
154.3229	116.3931
154.4753	116.8226
154.6277	116.4175
154.7801	110.9631
154.9325	108.9
155.0849	110.5117
155.2373	110.1991
155.3897	109.6186
155.5421	110.7
155.6945	113.019
155.8469	112.132
155.9993	108.4744
156.1517	106.7
156.3041	106.9951
156.4565	106.3805
156.6089	105.3
156.7613	108.851
156.9137	113.1
157.0661	111.63
157.2185	106.6314
157.3709	105.2002
157.5233	103.7689
157.6757	104.1014
157.8281	106.3345
157.9805	106.5783
158.1329	107.3543
158.2853	110.5888
158.4377	114.5174
158.5901	118.4459
158.7425	119.5227
158.8949	119.028
159.0473	119.6655
159.1997	117.3872
159.3521	113.4552
159.5045	110.0134
159.6569	111.1967
159.8093	112.1
159.9617	112.9616
160.1141	112.2542
160.2665	109.7
160.4189	110.2038
160.5713	110.7485
160.7237	106.0636
160.8761	101.3
161.0285	101.7871
161.1809	105.0172
161.3333	107.5141
161.4857	112.6006
161.6381	117.1
161.7905	115.1745
161.9429	114.8339
162.0953	110.8591
162.2477	110.1324
162.4001	107.7762
162.5525	102.9
162.7049	98.9202
162.8573	95.4109
163.0097	95.1
163.1621	101.6648
163.3145	102.764
163.4669	102.0527
163.6193	104.7077
163.7717	104.7
163.9241	100.5509
164.0765	96.9887
164.2289	98.8619
164.3813	99.4566
164.5337	99.4301
164.6861	99.8539
164.8385	102.0046
164.9909	105.7
165.1433	102.8237
165.2957	102.3524
165.4481	103.9646
165.6005	105.6596
165.7529	111.6625
165.9053	122.0083
166.0577	132.3541
166.2101	142.1
166.3625	129.1471
166.5149	106.44
166.6673	95.5
166.8197	91.2228
166.9721	86.7902
167.1245	82.3575
167.2769	74.8208
167.4293	66.3114
167.5817	59.3585
167.7341	53.7
167.8865	48.8435
168.0389	50.1622
168.1913	53.7833
168.3437	61.1216
168.4961	68.8163
168.6485	78.8239
168.8009	89.3
168.9533	90.9906
169.1057	91.5031
169.2581	94.3739
169.4105	97.7
169.5629	99.9323
169.7153	101.4965
169.8677	101.973
170.0201	103.6656
170.1725	108.02
170.3249	109.8271
170.4773	110.8575
170.6297	112.5444
170.7821	111.5963
170.9345	109.5
171.0869	109.0294
171.2393	109.577
171.3917	112.0424
171.5441	111.9466
171.6965	112.5878
171.8489	113.0635
172.0013	112.8318
172.1537	112.1506
172.3061	111.3924
172.4585	112.3
172.6109	115.9982
172.7633	117.9545
172.9157	116.5706
173.0681	114.7485
173.2205	116.2623
173.3729	117.1125
173.5253	119.7713
173.6777	121.5
173.8301	118.9555
173.9825	116.8162
174.1349	117.1674
174.2873	117.5492
174.4397	111.6452
174.5921	109.5081
174.7445	108.2775
174.8969	107.0469
175.0493	106.7998
175.2017	108.7613
175.3541	112.5
175.5065	114.5159
175.6589	116.592
175.8113	117.2002
175.9637	117.3557
176.1161	118.1126
176.2685	118.8695
176.4209	117.2749
176.5733	114.6509
176.7257	114.3349
176.8781	110.5567
177.0305	110.9288
177.1829	108.3288
177.3353	106.0184
177.4877	107.5785
177.6401	109.1187
177.7925	107.4419
177.9449	109.2474
178.0973	110.9009
178.2497	110.4735
178.4021	111.4874
178.5545	113.4856
178.7069	115.0563
178.8593	116.7056
179.0117	119.8459
179.1641	122.0249
179.3165	125.5
179.4689	121.3306
179.6213	113.7235
179.7737	111.557
179.9261	112.9101
180.0785	112.3758
180.2309	112.7
180.3833	115.441
180.5357	119.9818
180.6881	121.6916
180.8405	120.7129
180.9929	115.8686
181.1453	112.9
181.2977	114.1427
181.4501	113.3534
181.6025	109.1752
181.7549	105.1
181.9073	106.0397
182.0597	107.6062
182.2121	109.0816
182.3645	113.4213
182.5169	116.6759
182.6693	116.1957
182.8217	115.3451
182.9741	115.6444
183.1265	117.7543
183.2789	119.9
183.4313	115.7573
183.5837	112.2445
183.7361	109.2432
183.8885	105.8681
184.0409	100.4182
184.1933	95.8789
184.3457	96.2003
184.4981	98.9787
184.6505	102.6161
184.8029	108.1794
184.9553	113.0793
185.1077	117.4294
185.2601	120.3877
185.4125	122.296
185.5649	124.1
185.7173	119.9379
185.8697	115.9
186.0221	116.6864
186.1745	121.4764
186.3269	125.1
186.4793	122.1968
186.6317	115.7789
186.7841	113.0019
186.9365	118.4441
187.0889	122.8969
187.2413	125.3168
187.3937	127.1
187.5461	126.1628
187.6985	122.3007
187.8509	117.2497
188.0033	113.0588
188.1557	113.0214
188.3081	118.0506
188.4605	121.705
188.6129	123.9
188.7653	119.2741
188.9177	115.7663
189.0701	115.7812
189.2225	116.0626
189.3749	116.01
189.5273	116.5
189.6797	114.7
189.8321	114.9118
189.9845	114.7672
190.1369	110.2655
190.2893	108.9169
190.4417	108.7479
190.5941	106.0737
190.7465	100.2825
190.8989	97.7373
191.0513	96.2011
191.2037	94.6649
191.3561	94.3
191.5085	98.0536
191.6609	102.3376
191.8133	109.868
191.9657	116.2173
192.1181	114.6463
192.2705	112.0862
192.4229	113.7508
192.5753	117.9
192.7277	124.2022
192.8801	128.8009
193.0325	132.5
193.1849	121.5482
193.3373	112.1936
193.4897	106.9542
193.6421	106.1453
193.7945	106.4055
193.9469	108.2049
194.0993	111.9
194.2517	112.034
194.4041	112.8465
194.5565	114.0668
194.7089	113.762
194.8613	115.7171
195.0137	117.3
195.1661	113.3291
195.3185	110.6421
195.4709	112.1805
195.6233	114.3363
195.7757	119.2179
195.9281	120.138
196.0805	119.3351
196.2329	122.6844
196.3853	127.7
196.5377	121.3835
196.6901	118.9
196.8425	122.4607
196.9949	128.2072
197.1473	133.9537
197.2997	138.1181
197.4521	133.7766
197.6045	129.8693
197.7569	127.6454
197.9093	126.9028
198.0617	123.6947
198.2141	120.9655
198.3665	117.147
198.5189	112.175
198.6713	112.2147
198.8237	114.2225
198.9761	116.2302
199.1285	118.2379
199.2809	120.2456
199.4333	119.9371
199.5857	117.5863
199.7381	119.2189
199.8905	121.7
200.0429	125.8865
200.1953	130.1044
200.3477	132.4452
200.5001	130.584
200.6525	127.0719
200.8049	125.7
200.9573	125.7
201.1097	124.3014
201.2621	124.832
201.4145	126.0673
201.5669	127.3
201.7193	126.8955
201.8717	126.5
202.0241	123.1748
202.1765	118.936
202.3289	116.9869
202.4813	118.0807
202.6337	119.3166
202.7861	121.8812
202.9385	121.956
203.0909	119.0062
203.2433	115.0096
203.3957	112.2583
203.5481	113.8731
203.7005	115.3182
203.8529	115.5735
204.0053	113.3
204.1577	116.9669
204.3101	121.9
204.4625	122.1342
204.6149	128.74
204.7673	126.9053
204.9197	123.6354
205.0721	120.3655
205.2245	118.0981
205.3769	116.3
205.5293	116.1588
205.6817	113.6948
205.8341	109.5426
205.9865	107.0277
206.1389	109.0023
206.2913	110.9768
206.4437	112.1676
206.5961	112.3992
206.7485	109.6111
206.9009	109.2554
207.0533	114.6604
207.2057	119.2638
207.3581	118.5658
207.5105	113.5098
207.6629	111.667
207.8153	115.4076
207.9677	120.4681
208.1201	121.0831
208.2725	121.1673
208.4249	122.9
208.5773	121.7215
208.7297	121.3
208.8821	124.6533
209.0345	125.5
209.1869	123.1465
209.3393	118.1241
209.4917	115.2831
209.6441	114.829
209.7965	117.6015
209.9489	121.1035
210.1013	120.5056
210.2537	114.1901
210.4061	96.0705
213.4541	116.9309
213.6065	124.5
213.7589	118.0598
213.9113	112.6285
214.0637	109.5309
214.2161	109.3322
214.3685	110.0661
214.5209	110.8001
214.6733	111.3662
214.8257	111.9
214.9781	113.9
215.1305	116.9096
215.2829	119.1215
215.4353	115.2492
215.5877	113.2009
215.7401	114.3294
215.8925	114.8464
216.0449	112.7347
216.1973	111.7596
216.3497	111.5664
216.5021	111.6338
216.6545	112.8736
216.8069	114.6119
216.9593	115.3
217.1117	117.2192
217.2641	119.8405
217.4165	121.3
217.5689	118.905
217.7213	115.8703
217.8737	112.7
218.0261	114.4151
218.1785	117.0877
218.3309	115.5914
218.4833	111.9
218.6357	111.1
218.7881	117.8617
218.9405	119.5978
219.0929	118.9762
219.2453	115.9617
219.3977	113.5145
219.5501	113.4659
219.7025	116.3089
219.8549	113.084
220.0073	110.1
220.1597	110.1
220.3121	110.7069
220.4645	112.9296
220.6169	119.6508
220.7693	122.9196
220.9217	120.9
221.0741	122.6956
221.2265	128.4371
221.3789	134.1703
221.5313	140.7
221.6837	136.7686
221.8361	130.0139
221.9885	123.2592
222.1409	116.5044
222.2933	111.9612
222.4457	112.5401
222.5981	114.8599
222.7505	116.6802
222.9029	113.2009
223.0553	111.5
223.2077	119.255
223.3601	126.2253
223.5125	122.2906
223.6649	118.7172
223.8173	116.3477
223.9697	114.3662
224.1221	118.4763
224.2745	121.3383
224.4269	119.0234
224.5793	120.146
224.7317	122.7499
224.8841	122.3817
225.0365	117.6416
225.1889	112.9015
225.3413	111.3
225.4937	116.1
225.6461	113.5047
225.7985	109.8349
225.9509	107.1419
226.1033	107.5019
226.2557	109.6954
226.4081	112.4944
226.5605	113.3
226.7129	113.3
226.8653	115.9
227.0177	116.9191
227.1701	118.5932
227.3225	120.1229
227.4749	118.3585
227.6273	114.3024
227.7797	110.2504
227.9321	106.3684
228.0845	104.6432
228.2369	105.1636
228.3893	110.0459
228.5417	115.0918
228.6941	120.0315
228.8465	122.0926
228.9989	120.4412
229.1513	118.7
229.3037	116.2307
229.4561	113.6195
229.6085	111.5163
229.7609	113.4532
229.9133	115.8784
230.0657	120.0988
230.2181	123.0748
230.3705	122.6099
230.5229	118.3
230.6753	119.0808
230.8277	120.1
230.9801	118.5817
231.1325	116.2807
231.2849	113.9796
231.4373	111.6786
231.5897	112.3378
231.7421	112.7984
231.8945	113.649
232.0469	116.1248
232.1993	115.1466
232.3517	116.8567
232.5041	119.7
232.6565	118.9171
232.8089	117.9
232.9613	113.835
233.1137	109.7889
233.2661	108.9
233.4185	111.9707
233.5709	114.5277
233.7233	113.4543
233.8757	112.3808
234.0281	110.3754
234.1805	108.0398
234.3329	106.5064
234.4853	107.1921
234.6377	107.7
234.7901	101.8058
234.9425	100.5
235.0949	106.3304
235.2473	113.3
235.3997	111.1
235.5521	102.7367
235.7045	97.3
235.8569	100.8077
236.0093	103.7
236.1617	97.0884
236.3141	92.1976
236.4665	91.8786
236.6189	94.2002
236.7713	94.3954
236.9237	92.8157
237.0761	91.3
237.2285	92.1
237.3809	99.7
237.5333	101.7
237.6857	96.2002
237.8381	91.5
237.9905	92.709
238.1429	93.9476
238.2953	94.3562
238.4477	90.4476
238.6001	85.5294
238.7525	80.6113
238.9049	75.6932
239.0573	71.4882
239.2097	70.453
239.3621	74.3627
239.5145	78.3237
239.6669	79.751
239.8193	87.7109
239.9717	97.785
240.1241	106.9104
240.2765	108.7
240.4289	107.2323
240.5813	106.7
240.7337	109.538
240.8861	109.4275
241.0385	104.9134
241.1909	98.6142
241.3433	95.3571
241.4957	96.4239
241.6481	99.7424
241.8005	101.7568
241.9529	97.4789
242.1053	92.6663
242.2577	90.8186
242.4101	89.4687
242.5625	86.1
242.7149	87
242.8673	90.7785
243.0197	96.4779
243.1721	98.1
243.3245	93.1949
243.4769	91.6334
243.6293	91.0272
243.7817	89.4669
243.9341	92.4714
244.0865	95.3388
244.2389	95.2713
244.3913	89.4801
244.5437	84.7039
244.6961	83.8795
244.8485	89.6059
245.0009	96.2312
245.1533	98.6253
245.3057	95.5011
245.4581	92.3769
245.6105	89.8528
245.7629	88.681
245.9153	88.2238
246.0677	86.8775
246.2201	86.0271
246.3725	86.3319
246.5249	87.976
246.6773	93.6961
246.8297	95.5
246.9821	90.9808
247.1345	85.4944
247.2869	80.7064
247.4393	76.3
247.5917	75.4499
247.7441	76.015
247.8965	83.8733
248.0489	93.4612
248.2013	99.3435
248.3537	99.2546
248.5061	94.581
248.6585	89.7639
248.8109	84.6694
248.9633	81.8079
249.1157	79.4711
249.2681	78.5
249.4205	82.4628
249.5729	88.254
249.7253	90.8859
249.8777	89.0112
250.0301	86.7012
250.1825	86.9802
250.3349	87.8033
250.4873	87.428
250.6397	85.2295
250.7921	84.6061
250.9445	88.1174
251.0969	95.5869
251.2493	104.2217
251.4017	112.8564
251.5541	117.5
251.7065	112.9276
251.8589	107.0237
252.0113	100.7822
252.1637	93.4336
252.3161	88.1094
252.4685	86.5
252.6209	80.2585
252.7733	74.2002
252.9257	69.5
253.0781	73.9969
253.2305	81.42
253.3829	86.4263
253.5353	85.6194
253.6877	86.3
253.8401	82.947
253.9925	80.3744
254.1449	81.9289
254.2973	86.4194
254.4497	88.8883
254.6021	91.3572
254.7545	93.8261
254.9069	94.8535
255.0593	94.7712
255.2117	94.456
255.3641	90.3022
255.5165	84.7
255.6689	82.9
255.8213	90.6695
255.9737	94.5657
256.1261	97.1217
256.2785	96.5727
256.4309	81.7816
256.5833	69.9456
256.7357	66.5497
256.8881	69.0113
257.0405	72.0892
257.1929	74.6908
257.3453	76.9
257.4977	82.4337
257.6501	85.6624
257.8025	86.2736
257.9549	90.2133
258.1073	94.9042
258.2597	98.1
258.4121	95.6353
258.5645	99.1738
258.7169	107.7
258.8693	105.2433
259.0217	102.6212
259.1741	99.9991
259.3265	99.846
259.4789	101.7571
259.6313	102.9512
259.7837	99.0399
259.9361	97.1
260.0885	101.8108
260.2409	104.9392
260.3933	105.6658
260.5457	103.7
260.6981	105.0872
260.8505	109.1038
261.0029	116.1607
261.1553	123.2175
261.3077	128.0158
261.4601	129.3278
261.6125	130.1
261.7649	124.4696
261.9173	119.9854
262.0697	120.4099
262.2221	122.1
262.3745	121.1144
262.5269	120.9792
262.6793	121.4636
262.8317	117.4674
262.9841	114.8797
263.1365	117.1
263.2889	119.983
263.4413	121.6824
263.5937	123.3818
263.7461	125.1
263.8985	121.0843
264.0509	117.4031
264.2033	116.5774
264.3557	116.1282
264.5081	115.718
264.6605	115.3078
264.8129	114.3994
264.9653	112.9791
265.1177	111.5
265.2701	112.8414
265.4225	115.6181
265.5749	119.4976
265.7273	123.5
265.8797	117.9895
266.0321	113.9254
266.1845	112.0308
266.3369	112.4184
266.4893	115.0719
266.6417	114.2713
266.7941	110.9202
266.9465	109.974
267.0989	110.7456
267.2513	111.874
267.4037	115.4828
267.5561	119.0916
267.7085	122.0002
267.8609	122.2954
268.0133	121.2535
268.1657	120.8787
268.3181	120.7
268.4705	115.5286
268.6229	108.9094
268.7753	106.9
268.9277	113.0067
269.0801	114.4772
269.2325	110.9
269.3849	108.9498
269.5373	110.2849
269.6897	112.3148
269.8421	111.5629
269.9945	111.3
270.1469	110.9613
270.2993	110.9353
270.4517	110.9393
270.6041	110.6187
270.7565	110.4047
270.9089	110.7671
271.0613	113.2618
271.2137	113.8524
271.3661	113.1711
271.5185	109.6835
271.6709	106.8249
271.8233	104.3
271.9757	109.7838
272.1281	117.686
272.2805	125.5
272.4329	128.6078
272.5853	128.9
272.7377	120.501
272.8901	114.8077
273.0425	113.5
273.1949	118.7083
273.3473	117.9979
273.4997	115.1786
273.6521	115.5075
273.8045	116.9
273.9569	116.7738
274.1093	115.3603
274.2617	114.5798
274.4141	116.6992
274.5665	118.5782
274.7189	115.3486
274.8713	111.9558
275.0237	112.0032
275.1761	112.1451
275.3285	112.85
275.4809	117.1499
275.6333	119.5737
275.7857	120.4339
275.9381	122.6776
276.0905	122.7579
276.2429	121.8527
276.3953	123.4269
276.5477	127.923
276.7001	127.3874
276.8525	130.3305
277.0049	136.188
277.1573	138.2626
277.3097	136.1935
277.4621	134.1
277.6145	128.8699
277.7669	123.5776
277.9193	118.7798
278.0717	118.8095
278.2241	121.9501
278.3765	125.0043
278.5289	126.4268
278.6813	127.1063
278.8337	127.6093
278.9861	123.5664
279.1385	118.5228
279.2909	113.4793
279.4433	111.9
279.5957	113.829
279.7481	116.0995
279.9005	121.4017
280.0529	124.8627
280.2053	126.2038
280.3577	124.6728
280.5101	121.1
280.6625	115.4864
280.8149	113.825
280.9673	115.5
281.1197	116.4596
281.2721	114.5963
281.4245	113.8134
281.5769	119.5
281.7293	117.0683
281.8817	112.7
282.0341	113.5091
282.1865	115.7733
282.3389	118.0375
282.4913	118.447
282.6437	118.9152
282.7961	118.2289
282.9485	115.3243
283.1009	114.3142
283.2533	115.9564
283.4057	118.574
283.5581	123.146
283.7105	123.9481
283.8629	122.2385
284.0153	120.8576
284.1677	119.4767
284.3201	118.0957
284.4725	116.7148
284.6249	115.6467
284.7773	119.6427
284.9297	123.3286
285.0821	123.7884
285.2345	121.8452
285.3869	119.9019
285.5393	117.8247
285.6917	117.5703
285.8441	119.8902
285.9965	120.215
286.1489	120.3301
286.3013	121.8478
286.4537	123.3906
286.6061	127.676
286.7585	131.3
286.9109	126.5103
287.0633	121.9863
287.2157	122.2639
287.3681	125.1258
287.5205	129.5
287.6729	125.2271
287.8253	118.6861
287.9777	116.7
288.1301	120.7867
288.2825	126.8237
288.4349	129.4564
288.5873	125.1734
288.7397	119.8962
288.8921	115.2427
289.0445	113.3989
289.1969	116.8851
289.3493	122.9
289.5017	122.5075
289.6541	123.2755
289.8065	124.5273
289.9589	120.231
290.1113	115.9348
290.2637	114.9992
290.4161	116.7184
290.5685	116.8473
290.7209	118.5361
290.8733	121.3029
291.0257	119.9862
291.1781	117.5726
291.3305	116.7524
291.4829	113.925
291.6353	112.7242
291.7877	113.6319
291.9401	112.6603
292.0925	112.5
292.2449	116.1701
292.3973	119.9544
292.5497	122.2447
292.7021	124.5349
292.8545	124.8472
293.0069	122.2408
293.1593	120.7671
293.3117	120.3013
293.4641	117.4754
293.6165	116.1542
293.7689	114.978
293.9213	113.4598
294.0737	117.1968
294.2261	119.8537
294.3785	120.864
294.5309	123.2699
294.6833	124.1
294.8357	120.3488
294.9881	116.5596
295.1405	114.3
295.2929	114.4653
295.4453	115.4128
295.5977	114.9541
295.7501	114.1
295.9025	117.5
296.0549	118.8203
296.2073	121.2332
296.3597	124.034
296.5121	125.8506
296.6645	124.5655
296.8169	120.9323
296.9693	117.2991
297.1217	117.9171
297.2741	122.3475
297.4265	123.4537
297.5789	121.6508
297.7313	115.8707
297.8837	114.1251
298.0361	115.1
298.1885	114.3
298.3409	113.475
298.4933	118.7757
298.6457	125.0852
298.7981	129.6194
298.9505	130.2525
299.1029	128.3169
299.2553	126.3633
299.4077	119.065
299.5601	106.1
299.7125	78.2929
299.8649	51.6978
300.0173	26.3159
300.1697	12.0756
300.3221	10.8522
300.4745	10.7617
300.6269	10.873
300.7793	11.2263
300.9317	10.8814
301.0841	10.5366
301.2365	10.8083
301.3889	11.1532
301.5413	10.4163
301.6937	8.8774
301.8461	7.9
301.9985	8.8748
302.1509	9.3865
302.3033	9.5314
302.4557	9.6762
302.6081	9.8211
302.7605	9.9659
302.9129	10.1
303.0653	9.5552
303.2177	10.2149
303.3701	11.3
303.5225	11.1731
303.6749	11.5292
303.8273	12.5483
303.9797	13.6799
304.1321	14.8115
304.2845	15.9547
304.4369	17.1069
304.5893	18.1625
304.7417	18.6151
304.8941	18.5366
305.0465	17.5557
305.1989	16.5749
305.3513	15.5941
305.5037	16.0286
305.6561	17.8998
305.8085	19.771
305.9609	19.1856
306.1133	16.7
306.2657	16.8175
306.4181	18.6219
306.5705	20.4263
306.7229	23.4805
306.8753	27.2792
307.0277	31.0835
307.1801	32.5873
307.3325	30.9
307.4849	30.5494
307.6373	29.1046
307.7897	26.2366
307.9421	23.4908
308.0945	20.7
308.2469	19.1
308.3993	17.6953
308.5517	16.2708
308.7041	16.497
308.8565	16.4519
309.0089	16.0008
309.1613	16.3765
309.3137	18.4065
309.4661	19.4263
309.6185	18.8177
309.7709	17.804
309.9233	16.7904
310.0757	15.7767
310.2281	14.9558
310.3805	15.3686
310.5329	15.7815
310.6853	15.9
310.8377	15.9
310.9901	15.9
311.1425	15.9
311.2949	16.0989
311.4473	17.098
311.5997	18.1
311.7521	17.9979
311.9045	17.121
312.0569	16.244
312.2093	15.367
312.3617	15.4864
312.5141	16.8864
312.6665	18.3727
312.8189	19.2449
312.9713	19.5288
313.1237	19.8126
313.2761	20.1
313.4285	21.0361
313.5809	21.9839
313.7333	20.9726
313.8857	17.7
314.0381	17.7
314.1905	18.8789
314.3429	20.138
314.4953	20.2777
314.6477	19.0507
314.8001	18.7079
314.9525	19.8492
315.1049	22.1176
315.2573	24.386
315.4097	26.2557
315.5621	27.7407
315.7145	29.2257
315.8669	29.6318
316.0193	27.2982
316.1717	24.9647
316.3241	23.148
316.4765	22.5039
316.6289	21.9141
316.7813	22.6379
316.9337	26.0661
317.0861	30.8172
317.2385	32.6009
317.3909	32.3884
317.5433	31.2254
317.6957	30.0623
317.8481	28.8993
318.0005	28.4226
318.1529	29.5
318.3053	29.8753
318.4577	30.2681
318.6101	28.6757
318.7625	26.9078
318.9149	26.7075
319.0673	28.5858
319.2197	30.0826
319.3721	28.1941
319.5245	26.6885
319.6769	27.7764
319.8293	27.9
319.9817	27.5756
320.1341	27.2019
320.2865	27.0051
320.4389	27.5519
320.5913	28.1
320.7437	27.2168
320.8961	26.3314
321.0485	25.4461
321.2009	24.897
321.3533	26.1501
321.5057	27.4032
321.6581	28.6563
321.8105	29.4038
321.9629	29.8742
322.1153	30.3446
322.2677	30.338
322.4201	28.8571
322.5725	28.0109
322.7249	28.4064
322.8773	29.7
323.0297	30.9935
323.1821	32.3
323.3345	31.836
323.4869	31.3673
323.6393	30.8986
323.7917	30.5481
323.9441	30.8697
324.0965	30.8123
324.2489	29.7996
324.4013	29.3167
324.5537	30.0177
324.7061	30.7188
324.8585	30.8827
325.0109	30.4063
325.1633	29.9299
325.3157	30.3046
325.4681	30.4909
325.6205	28.0084
325.7729	25.9181
325.9253	25.6494
326.0777	25.9685
326.2301	26.3
326.3825	27.084
326.5349	27.9
326.6873	27.3209
326.8397	26.7415
326.9921	26.7
327.1445	25.6147
327.2969	27.135
327.4493	28.6553
327.6017	30.1757
327.7541	30.973
327.9065	29.7175
328.0589	28.8304
328.2113	29.7162
328.3637	31.0268
328.5161	31.4981
328.6685	31.7483
328.8209	30.6963
328.9733	27.6381
329.1257	24.5799
329.2781	24.1594
329.4305	24.1323
329.5829	23.8426
329.7353	24.453
329.8877	26.5863
330.0401	28.7196
330.1925	29.6645
330.3449	29.1374
330.4973	29.3597
330.6497	30.196
330.8021	28.7305
330.9545	26.9383
331.1069	25.1
331.2593	25.0894
331.4117	27.8459
331.5641	32.5
331.7165	33.1772
331.8689	31.385
332.0213	31.3228
332.1737	32.331
332.3261	31.7298
332.4785	28.2269
332.6309	24.7239
332.7833	23.1926
332.9357	22.4758
333.0881	21.1816
333.2405	19.2515
333.3929	17.3214
333.5453	16.5
333.6977	17.9342
333.8501	20.0381
334.0025	21.9562
334.1549	22.445
334.3073	21.8372
334.4597	21.0905
334.6121	20.8751
334.7645	22.6673
334.9169	24.4595
335.0693	26.1487
335.2217	26.7235
335.3741	27.8622
335.5265	28.5331
335.6789	28.8238
335.8313	29.1144
335.9837	29.4051
336.1361	29.1084
336.2885	28.527
336.4409	28.3
336.5933	26.6083
336.7457	24.9173
336.8981	24.4989
337.0505	24.1
337.2029	22.2533
337.3553	20.489
337.5077	19.6693
337.6601	20.0547
337.8125	20.44
337.9649	20.8253
338.1173	21.2106
338.2697	20.5514
338.4221	19.5768
338.5745	20.7053
338.7269	21.8394
338.8793	19.9417
339.0317	17.3848
339.1841	16.3
339.3365	17.2568
339.4889	17.5781
339.6413	14.7682
339.7937	12.2378
339.9461	11.7267
340.0985	11.3
340.2509	12.6022
340.4033	15.3121
340.5557	19.0777
340.7081	24.8965
340.8605	33.9854
341.0129	43.0744
341.1653	50.9805
341.3177	56.2254
341.4701	61.5384
341.6225	68.8514
341.7749	76.8536
341.9273	84.6531
342.0797	91.613
342.2321	95.6601
342.3845	95.9978
342.5369	99.4563
342.6893	101.6477
342.8417	102.9
342.9941	101.8581
343.1465	99.9
343.2989	100.1149
343.4513	100.3038
343.6037	95.6436
343.7561	88.3198
343.9085	85.3321
344.0609	80.411
344.2133	79.9114
344.3657	80.7888
344.5181	79.5321
344.6705	77.6462
344.8229	78.6637
344.9753	81.9
345.1277	82.5584
345.2801	83.4653
345.4325	84.6683
345.5849	83.8888
345.7373	80.9168
345.8897	80.5373
346.0421	81.9
346.1945	80.126
346.3469	73.9306
346.4993	71.7
346.6517	81.0649
346.8041	90.9146
346.9565	94.1
347.1089	76.2885
347.2613	61.9
347.4137	61.7022
347.5661	59.2766
347.7185	54.0987
347.8709	48.7
348.0233	47.3783
348.1757	51.3386
348.3281	60.2479
348.4805	66.6111
348.6329	69.2502
348.7853	69.9
348.9377	69.7189
349.0901	67.596
349.2425	65.5372
349.3949	64.2074
349.5473	60.2421
349.6997	53.1633
349.8521	47.584
350.0045	42.4654
350.1569	37.3467
350.3093	32.2281
350.4617	27.1094
350.6141	22.5954
350.7665	21.1286
350.9189	20.7823
351.0713	21.1432
351.2237	21.5
351.3761	20.4863
351.5285	19.5
351.6809	19.5917
351.8333	19.6819
351.9857	18.3426
352.1381	16.6443
352.2905	17.737
352.4429	22.5388
352.5953	30.8224
352.7477	39.4344
352.9001	47.558
353.0525	55.1555
353.2049	61.1249
353.3573	64.3867
353.5097	67.6486
353.6621	70.1414
353.8145	71.8455
353.9669	73.8996
354.1193	76.3055
354.2717	76.2072
354.4241	76.663
354.5765	82.4629
354.7289	91.5219
354.8813	101.3777
355.0337	100.9
355.1861	93.2445
355.3385	87.3286
355.4909	86.8272
355.6433	89.3
355.7957	87.8148
355.9481	76.1798
356.1005	63.5461
356.2529	52.0571
356.4053	44.9367
356.5577	41.3099
356.7101	38.8081
356.8625	38.5
357.0149	40.3
357.1673	38.3541
357.3197	36.3462
357.4721	36.4661
357.6245	37.4237
357.7769	38.127
357.9293	40.7027
358.0817	42.3038
358.2341	39.3
358.3865	36.9799
358.5389	38.9765
358.6913	40.5019
358.8437	41.0065
358.9961	42.0599
359.1485	43.3603
359.3009	43.854
359.4533	42.5
359.6057	35.8588
359.7581	31.8232
359.9105	31.7596
360.0629	35.6248
360.2153	39.6617
360.3677	39.7906
360.5201	38.6054
360.6725	38.0274
360.8249	37.5318
360.9773	37.9
361.1297	39.2443
361.2821	40.8454
361.4345	44.5211
361.5869	48.5845
361.7393	51.3941
361.8917	52.059
362.0441	50.736
362.1965	50.1304
362.3489	48.7995
362.5013	46.2992
362.6537	44.3691
362.8061	40.7123
362.9585	36.501
363.1109	33.2945
363.2633	32.6704
363.4157	33.0463
363.5681	32.5156
363.7205	32.6961
363.8729	35.3777
364.0253	38.1356
364.1777	42.0991
364.3301	42.9518
364.4825	40.8629
364.6349	39.3451
364.7873	38.5934
364.9397	37.0363
365.0921	37.3176
365.2445	37.1737
365.3969	35.162
365.5493	34.8478
365.7017	35.9261
365.8541	36.6503
366.0065	39.4239
366.1589	41.5832
366.3113	42.9627
366.4637	44.1
366.6161	43.9251
366.7685	41.4562
366.9209	38.9873
367.0733	37.3
367.2257	37.3962
367.3781	39.8045
367.5305	42.7247
367.6829	45.6449
367.8353	46.9149
367.9877	42.5898
368.1401	39.17
368.2925	38.761
368.4449	39.7322
368.5973	42.2512
368.7497	44.7702
368.9021	43.7403
369.0545	41.2628
369.2069	39.562
369.3593	39.7877
369.5117	40.8093
369.6641	41.2104
369.8165	40.7311
369.9689	40.2519
370.1213	39.7726
370.2737	38.5894
370.4261	36.4771
370.5785	35.3
370.7309	35.9121
370.8833	37.7
371.0357	36.7
371.1881	39.2606
371.3405	41.7
371.4929	40.696
371.6453	40.7887
371.7977	40.7767
371.9501	39.395
372.1025	38.0133
372.2549	36.6316
372.4073	35.5936
372.5597	36.6382
372.7121	38.4487
372.8645	39.6605
373.0169	38.374
373.1693	38.7361
373.3217	39.0982
373.4741	39.4603
373.6265	40.7
373.7789	43.4335
373.9313	45.7328
374.0837	47.0473
374.2361	47.7928
374.3885	49.4774
374.5409	51.8204
374.6933	53.5586
374.8457	55.0496
374.9981	53.5111
375.1505	51.422
375.3029	50.215
375.4553	49.9
375.6077	49.9
375.7601	49.9428
375.9125	50.4302
376.0649	50.9177
376.2173	52.055
376.3697	55.5553
376.5221	57.2885
376.6745	55.9703
376.8269	56.2721
376.9793	54.2918
377.1317	55.0187
377.2841	57.4297
377.4365	59.3
377.5889	58.456
377.7413	57.0478
377.8937	56.9898
378.0461	59.7583
378.1985	59.3491
378.3509	56.9
378.5033	56.2007
378.6557	53.5393
378.8081	51.0731
378.9605	51.2791
379.1129	51.7137
379.2653	52.2643
379.4177	53.7456
379.5701	56.8487
379.7225	58.2697
379.8749	58.6043
380.0273	57.8133
380.1797	55.932
380.3321	54.0507
380.4845	52.599
380.6369	52.4235
380.7893	57.3444
380.9417	58.4574
381.0941	58.3446
381.2465	58.3991
381.3989	59.0343
381.5513	60.4223
381.7037	58.8804
381.8561	56.7175
382.0085	54.8099
382.1609	52.9024
382.3133	50.9949
382.4657	51.6388
382.6181	54.0031
382.7705	59.8052
382.9229	66.1681
383.0753	72.0723
383.2277	74.9
383.3801	74.9
383.5325	73.8929
383.6849	72.7
383.8373	72.7
383.9897	70.4173
384.1421	67.2359
384.2945	65.8338
384.4469	68.3278
384.5993	71.6307
384.7517	76.0834
384.9041	76.7
385.0565	70.7848
385.2089	64.8568
385.3613	59.2007
385.5137	54.6006
385.6661	50.3845
385.8185	44.4805
385.9709	34.0574
386.1233	27.0054
386.2757	25.5187
386.4281	26.5568
386.5805	25.4696
386.7329	24.9272
386.8853	26.2594
387.0377	26.4395
387.1901	25.9577
387.3425	24.8455
387.4949	23.7333
387.6473	22.6211
387.7997	21.5089
387.9521	20.3967
388.1045	20.4898
388.2569	22.6223
388.4093	24.7549
388.5617	24.9461
388.7141	23.409
388.8665	23.2271
389.0189	23.7162
389.1713	24.2053
389.3237	23.8919
389.4761	22.4645
389.6285	21.9
389.7809	23.6885
389.9333	26.6728
390.0857	29.6571
390.2381	32.5306
390.3905	35.2619
390.5429	38.0591
390.6953	39.7466
390.8477	38.0918
391.0001	36.0558
391.1525	34.6627
391.3049	33.2697
391.4573	34.4265
391.6097	39.2442
391.7621	44.6542
391.9145	47.008
392.0669	48.2935
392.2193	47.6074
392.3717	45.3126
392.5241	45.347
392.6765	46.907
392.8289	50.467
392.9813	54.1
393.1337	63.7
393.2861	60.5
393.4385	60.7169
393.5909	63.056
393.7433	67.1071
393.8957	71.1582
394.0481	75.2594
394.2005	73.3905
394.3529	70.8273
394.5053	68.3543
394.6577	66.936
394.8101	68.5198
394.9625	75.2225
395.1149	81.9252
395.2673	88.0517
395.4197	88.1491
395.5721	91.1647
395.7245	97.1722
395.8769	104.6362
396.0293	105.9312
396.1817	112.746
396.3341	144.0429
396.4865	171.5859
396.6389	196.3
396.7913	181.3624
396.9437	152.5
397.0961	139.1825
397.2485	132.7
397.4009	128.4826
397.5533	124.7806
397.7057	107.7626
397.8581	86.0891
398.0105	65.3478
398.1629	47.2285
398.3153	30.8758
398.4677	23.2942
398.6201	22.1562
398.7725	22.3163
398.9249	22.4764
399.0773	20.6686
399.2297	19.8838
399.3821	20.4911
399.5345	21.5957
399.6869	22.7003
399.8393	23.614
399.9917	24.4194
400.1441	27.7729
400.2965	34.4198
400.4489	41.364
400.6013	48.3083
400.7537	56.1413
400.9061	74.9991
401.0585	102.1741
401.2109	142.8862
401.3633	179.615
401.5157	199.9
401.6681	111.1036
401.8205	48.7951
401.9729	23.1642
402.1253	13.6049
402.2777	12.1637
402.4301	11.8903
402.5825	11.6169
402.7349	11.3435
402.8873	11.2393
403.0397	11.1671
403.1921	11.0398
403.3445	10.1786
403.4969	9.3174
403.6493	8.4562
403.8017	7.595
403.9541	6.9
404.1065	7.2888
404.2589	8.5586
404.4113	9.8284
404.5637	10.4058
404.7161	9.4675
404.8685	8.5292
405.0209	8.1822
405.1733	8.3336
405.3257	8.485
405.4781	9.2297
405.6305	10.0398
405.7829	10.8499
405.9353	11.1375
406.0877	11.3907
406.2401	11.6438
406.3925	11.9
406.5449	16.3026
406.6973	22.1352
406.8497	27.1924
407.0021	28.4983
407.1545	29.2302
407.3069	38.5018
407.4593	50.9
407.6117	42.9691
407.7641	33.2247
407.9165	23.4802
408.0689	18.581
408.2213	16.1
408.3737	15.9661
408.5261	19.0754
408.6785	22.1848
408.8309	25.2941
408.9833	26.1
409.1357	22.2763
409.2881	15.2133
409.4405	11.4722
409.5929	8.7
409.7453	9.7514
409.8977	10.7722
410.0501	11.5766
410.2025	11.8435
410.3549	12.1103
410.5073	12.3624
410.6597	12.5782
410.8121	12.794
410.9645	13.2268
411.1169	15.205
411.2693	17.1831
411.4217	17.5405
411.5741	17.5886
411.7265	17.6368
411.8789	17.685
412.0313	17.7331
412.1837	17.7813
412.3361	17.8295
412.4885	17.8776
412.6409	17.9258
412.7933	17.974
412.9457	18.0221
413.0981	18.0703
413.2505	18.4764
413.4029	20.9286
413.5553	31.0838
413.7077	46.1708
413.8601	74.6109
414.0125	103.051
414.1649	133.1
414.3173	134.7678
414.4697	133.8938
414.6221	130.0973
414.7745	126.6239
414.9269	125.3
415.0793	128.5799
415.2317	129.3
415.3841	134.2668
415.5365	135.5953
415.6889	133.628
415.8413	133.3
415.9937	133.3
416.1461	131.6634
416.2985	127.4531
416.4509	123.477
416.6033	123.1011
416.7557	122.7252
416.9081	120.7877
417.0605	116.5173
417.2129	112.2468
417.3653	108.2088
417.5177	109.1294
417.6701	109.5035
417.8225	109.7429
417.9749	109.3825
418.1273	107.0474
418.2797	105.8696
418.4321	108.6716
418.5845	114.7164
418.7369	120.1588
418.8893	119.7784
419.0417	116.8691
419.1941	118.3724
419.3465	122.1935
419.4989	124.5
419.6513	125.903
419.8037	126.5
419.9561	119.3
420.1085	115.1809
420.2609	112.2356
420.4133	113.2215
420.5657	119.4866
420.7181	130.2766
420.8705	138.5159
421.0229	133.7567
421.1753	129.4735
421.3277	125.1903
421.4801	121.1
421.6325	116.627
421.7849	116.7646
421.9373	122.2591
422.0897	126.063
422.2421	126.4278
422.3945	125.3827
422.5469	124.7556
422.6993	126.1496
422.8517	123.7112
423.0041	121.4811
423.1565	121.2779
423.3089	121.0747
423.4613	120.6432
423.6137	116.975
423.7661	112.3327
423.9185	108.4531
424.0709	104.8493
424.2233	101.2455
424.3757	97.7
424.5281	97.5673
424.6805	98.8308
424.8329	102.9648
424.9853	107.3858
425.1377	111.9
425.2901	114.1374
425.4425	115.5573
425.5949	112.6121
425.7473	111.3245
425.8997	113.196
426.0521	112.3577
426.2045	108.855
426.3569	106.5658
426.5093	109.8857
426.6617	112.9
426.8141	110.2538
426.9665	109.143
427.1189	111.1828
427.2713	113.2225
427.4237	114.6712
427.5761	115.6737
427.7285	118.2893
427.8809	120.0302
428.0333	119.2333
428.1857	117.9781
428.3381	116.9637
428.4905	119.1985
428.6429	118.2622
428.7953	117.2472
428.9477	118.2763
429.1001	119.8229
429.2525	117.2858
429.4049	116.3
429.5573	116.3
429.7097	116.3
429.8621	114.1
430.0145	113.8318
430.1669	112.236
430.3193	111.757
430.4717	117.0217
430.6241	120.9
430.7765	120.5263
430.9289	121.0244
431.0813	121.5904
431.2337	121.3387
431.3861	125.3933
431.5385	128.3
431.6909	122.2035
431.8433	120.3378
431.9957	119.7133
432.1481	120.9353
432.3005	122.1573
432.4529	125.114
432.6053	128.3
432.7577	123.389
432.9101	118.1809
433.0625	116.241
433.2149	116.577
433.3673	117.4954
433.5197	118.7499
433.6721	120.2207
433.8245	123.7634
433.9769	127.0933
434.1293	128.1
434.2817	126.4863
434.4341	126.2838
434.5865	126.9543
434.7389	125.617
434.8913	124.1
435.0437	120.3647
435.1961	116.7474
435.3485	115.9
435.5009	120.5496
435.6533	124.4177
435.8057	125.98
435.9581	125.6981
436.1105	121.6882
436.2629	115.6356
436.4153	107.8152
436.5677	104.2913
436.7201	101.5349
436.8725	99.7
437.0249	99.8593
437.1773	102.3197
437.3297	107.132
437.4821	113.4413
437.6345	116.6292
437.7869	118.8438
437.9393	121.708
438.0917	121.3193
438.2441	120.0708
438.3965	122.3
438.5489	120.6419
438.7013	118.9331
438.8537	117.2243
439.0061	116.3
439.1585	117.927
439.3109	118.9071
439.4633	117.0223
439.6157	115.1
439.7681	119.6139
439.9205	124.3145
440.0729	123.511
440.2253	119.6185
440.3777	114.7905
440.5301	112.2295
440.6825	114.2804
440.8349	117.1879
440.9873	119.6374
441.1397	120.9
441.2921	119.6387
441.4445	118.7
441.5969	114.4246
441.7493	112.7
441.9017	112.9
442.0541	108.7054
442.2065	103.3011
442.3589	100.9
442.5113	98.633
442.6637	97.1
442.8161	100.1195
442.9685	101.8316
443.1209	100.3
443.2733	99.3687
443.4257	97.2188
443.5781	95.9474
443.7305	96.3
443.8829	97.3837
444.0353	98.4399
444.1877	97.4513
444.3401	96.0706
444.4925	97.4409
444.6449	101.9139
444.7973	105.5167
444.9497	103.4363
445.1021	100.0862
445.2545	99.2277
445.4069	101.8219
445.5593	101.9859
445.7117	100.3468
445.8641	98.4855
446.0165	96.2574
446.1689	94.0292
446.3213	91.801
446.4737	91.3575
446.6261	95.5872
446.7785	98.9504
446.9309	97.0117
447.0833	94.4515
447.2357	93.5417
447.3881	90.3708
447.5405	88.9581
447.6929	89.4469
447.8453	92.5107
447.9977	95.8883
448.1501	99.3
448.3025	104.0903
448.4549	107.6904
448.6073	109.769
448.7597	109.8661
448.9121	106.134
449.0645	99.9
449.2169	99.9
449.3693	100.1299
449.5217	102.9687
449.6741	105.5521
449.8265	103.9064
449.9789	100.7202
450.1313	99.2995
450.2837	100.1611
450.4361	98.8554
450.5885	97.2277
450.7409	100.1447
450.8933	103.3
451.0457	101.7865
451.1981	100.3061
451.3505	100.0207
451.5029	99.5623
451.6553	98.5336
451.8077	98.9519
451.9601	100.8951
452.1125	100.8543
452.2649	99.4105
452.4173	100.0269
452.5697	101.6051
452.7221	101.2068
452.8745	98.8072
453.0269	95.6576
453.1793	96.4968
453.3317	100.4972
453.4841	103.3869
453.6365	101.9671
453.7889	98.1433
453.9413	92.8496
454.0937	88.509
454.2461	88.1
454.3985	96.8854
454.5509	100.8007
454.7033	103.5
454.8557	103.9772
455.0081	105.4015
455.1605	108.6588
455.3129	111.9162
455.4653	114.9
455.6177	112.6865
455.7701	110.5658
455.9225	109.5086
456.0749	110.8035
456.2273	114.3187
456.3797	116.5958
456.5321	119.9228
456.6845	124.9
456.8369	122.0495
456.9893	119.3362
457.1417	116.5736
457.2941	109.5
457.4465	108.9648
457.5989	110.0246
457.7513	110.9085
457.9037	114.1552
458.0561	117.4019
458.2085	120.6486
458.3609	121.2026
458.5133	115.7
458.6657	119.4881
458.8181	123.6765
458.9705	122.3
459.1229	121.7499
459.2753	119.1517
459.4277	119.8098
459.5801	119.3265
459.7325	119.4612
459.8849	120.6914
460.0373	122.5993
460.1897	123.6155
460.3421	121.3447
460.4945	120.4283
460.6469	123.6725
460.7993	126.7847
460.9517	125.5764
461.1041	125.4678
461.2565	125.9868
461.4089	126.2039
461.5613	125.9617
461.7137	126.7847
461.8661	124.0325
462.0185	120.5129
462.1709	112.9987
462.3233	103.2816
462.4757	90.3383
462.6281	78.9311
462.7805	75.88
462.9329	79.8164
463.0853	82.393
463.2377	80.5091
463.3901	78.6252
463.5425	76.9
463.6949	78.0696
463.8473	79.1348
463.9997	80.091
464.1521	82.1065
464.3045	84.954
464.4569	88.2047
464.6093	90.815
464.7617	92.7272
464.9141	95.5339
465.0665	99.7594
465.2189	103.9848
465.3713	106.9
465.5237	102.5393
465.6761	99.5563
465.8285	99.3792
465.9809	104.119
466.1333	106.7526
466.2857	106.4507
466.4381	106.9
466.5905	104.4732
466.7429	102.3352
466.8953	106.5628
467.0477	109.4528
467.2001	108.4943
467.3525	109.3917
467.5049	109.8506
467.6573	108.8875
467.8097	108.8593
467.9621	111.8949
468.1145	115.5
468.2669	115.244
468.4193	114.5
468.5717	114.1619
468.7241	115.3475
468.8765	116.7
469.0289	116.4118
469.1813	113.6511
469.3337	109.201
469.4861	106.5371
469.6385	103.8053
469.7909	100.1084
469.9433	100.9
470.0957	106.4986
470.2481	109.8084
470.4005	108.5401
470.5529	105.5839
470.7053	104.7915
470.8577	105.2646
471.0101	106.2257
471.1625	108.6797
471.3149	112
471.4673	113.2459
471.6197	113.1
471.7721	108.1905
471.9245	103.738
472.0769	104.7
472.2293	105.5
472.3817	102.9433
472.5341	101.1
472.6865	101.9
472.8389	105.4606
472.9913	108.0907
473.1437	108.746
473.2961	109.6896
473.4485	110.7
473.6009	110.2742
473.7533	109.8572
473.9057	108.6771
474.0581	107.0354
474.2105	108.0559
474.3629	111.2364
474.5153	110.3786
474.6677	109.4952
474.8201	108.6117
474.9725	107.7687
475.1249	106.9477
475.2773	107.4262
475.4297	109.4631
475.5821	111.4999
475.7345	111.4151
475.8869	109.3462
476.0393	108.7865
476.1917	108.7
476.3441	111.0711
476.4965	108.7107
476.6489	102.3263
476.8013	97.0343
476.9537	98.5705
477.1061	101.3
477.2585	98.66
477.4109	95.9
477.5633	90.7496
477.7157	83.134
477.8681	78.8517
478.0205	79.5061
478.1729	84.6694
478.3253	89.8327
478.4777	94.6661
478.6301	96.9273
478.7825	97.3
478.9349	96.5753
479.0873	93.8164
479.2397	91.0575
479.3921	91.6286
479.5445	93.4939
479.6969	95.3593
479.8493	97.2247
480.0017	96.4031
480.1541	92.9829
480.3065	93.6605
480.4589	95.5
480.6113	95.3231
480.7637	97.6082
480.9161	99.4479
481.0685	97.4261
481.2209	96.7657
481.3733	97.0485
481.5257	94.271
481.6781	92.3664
481.8305	91.4024
481.9829	95.4137
482.1353	100.5135
482.2877	99.1495
482.4401	97.4202
482.5925	95.8155
482.7449	95.3
482.8973	98.2909
483.0497	101.308
483.2021	101.2265
483.3545	106.3
483.5069	102.6541
483.6593	99.0423
483.8117	98.1718
483.9641	98.0615
484.1165	96.4471
484.2689	94.9
484.4213	98.3178
484.5737	101.5985
484.7261	107.4877
484.8785	114.7
485.0309	114.2026
485.1833	107.3336
485.3357	103.3811
485.4881	102.6327
485.6405	101.3
485.7929	103.595
485.9453	102.9517
486.0977	100.3
486.2501	101.0906
486.4025	99.0979
486.5549	98.024
486.7073	99.5484
486.8597	96.8167
487.0121	87.9013
487.1645	78.9859
487.3169	76.9
487.4693	85.9
487.6217	74.5284
487.7741	60.1051
487.9265	55.9807
488.0789	54.6178
488.2313	55.9626
488.3837	59.6256
488.5361	60.6608
488.6885	61.2323
488.8409	59.7536
488.9933	58.3597
489.1457	57.7
489.2981	57.919
489.4505	58.1301
489.6029	58.1813
489.7553	54.6423
489.9077	51.1826
490.0601	47.9919
490.2125	47.4019
490.3649	51.182
490.5173	60.2958
490.6697	70.6302
490.8221	80.9646
490.9745	90.9
491.1269	94.8356
491.2793	97.4499
491.4317	99.9439
491.5841	99.1358
491.7365	94.8253
491.8889	91.4244
492.0413	90.4219
492.1937	89.195
492.3461	86.8337
492.4985	81.7016
492.6509	74.3058
492.8033	61.8648
492.9557	49.6415
493.1081	40.2914
493.2605	32.7
493.4129	30.9
493.5653	38.4697
493.7177	44.8382
493.8701	51.2067
494.0225	55.2249
494.1749	55.9982
494.3273	57.9606
494.4797	59.9951
494.6321	61.176
494.7845	64.0115
494.9369	64.502
495.0893	63.0392
495.2417	62.1002
495.3941	64.5089
495.5465	68.5
495.6989	69.3319
495.8513	70.3
496.0037	68.9
496.1561	70.4141
496.3085	71.6422
496.4609	71.942
496.6133	70.7313
496.7657	67.4992
496.9181	61.7659
497.0705	58.0809
497.2229	64.8669
497.3753	68.9
497.5277	67.8484
497.6801	65.2839
497.8325	64.3
497.9849	67.9438
498.1373	72.6914
498.2897	77.439
498.4421	82.1865
498.5945	86.9341
498.7469	88.2831
498.8993	88.7527
499.0517	95.8791
499.2041	106.7422
499.3565	109.0639
499.5089	110.9932
499.6613	110.0989
499.8137	107.1484
499.9661	104.198
500.1185	104.6304
500.2709	108.1
500.4233	111.1
500.5757	107.9715
500.7281	106.5
500.8805	106.607
501.0329	107.6303
501.1853	108.6537
501.3377	108.3576
501.4901	106.6882
501.6425	102.4796
501.7949	96.8612
501.9473	93.7
502.0997	95.7437
502.2521	100.0324
502.4045	104.8303
502.5569	107.8782
502.7093	107.7489
502.8617	104.885
503.0141	88.0184
503.1665	67.9936
503.3189	62.2775
503.4713	62.4231
503.6237	65.9049
503.7761	66.7
503.9285	61.6616
504.0809	55.1437
504.2333	51.2794
504.3857	50.533
504.5381	50.7917
504.6905	53.3756
504.8429	57.6356
504.9953	60.2084
505.1477	60.6234
505.3001	66.7503
505.4525	73.7
505.6049	65.0081
505.7573	58.774
505.9097	58.3
506.0621	52.8705
506.2145	48.092
506.3669	47.9068
506.5193	52.4646
506.6717	57.0223
506.8241	61.58
506.9765	68.2155
507.1289	74.3321
507.2813	75.7
507.4337	69.958
507.5861	58.249
507.7385	50.3
507.8909	48.7483
508.0433	51.7137
508.1957	55.286
508.3481	57.5107
508.5005	61.1239
508.6529	63.5052
508.8053	58.1001
508.9577	48.3
509.1101	46.7457
509.2625	46.3
509.4149	47.2618
509.5673	47.471
509.7197	46.6305
509.8721	48.9
510.0245	56.3665
510.1769	61.8212
510.3293	63.1
510.4817	58.763
510.6341	57.5
510.7865	64.3
510.9389	68.1
511.0913	66.7
511.2437	54.7071
511.3961	49.0263
511.5485	45.9
511.7009	48.9791
511.8533	53.4717
512.0057	54.8525
512.1581	57.9
512.3105	58.1
512.4629	52.653
512.6153	47.0124
512.7677	41.5
512.9201	40.2489
513.0725	38.9239
513.2249	36.0267
513.3773	33.1
513.5297	32.2789
513.6821	31.3021
513.8345	29.5819
513.9869	30.1072
514.1393	33.2528
514.2917	32.9309
514.4441	29.7
514.5965	30.8076
514.7489	32.7736
514.9013	33.9
515.0537	34.2513
515.2061	33.8071
515.3585	29.8301
515.5109	26.7672
515.6633	27.1727
515.8157	31.1106
515.9681	35.3
516.1205	37.9688
516.2729	40.594
516.4253	39.5034
516.5777	36.4279
516.7301	36.7
516.8825	37.4572
517.0349	38.1814
517.1873	38.4514
517.3397	36.4027
517.4921	33.536
517.6445	30.7705
517.7969	29.1022
517.9493	26.8089
518.1017	25.3
518.2541	24.8283
518.4065	22.7592
518.5589	22.4084
518.7113	22.8715
518.8637	25.2996
519.0161	26.5471
519.1685	24.9834
519.3209	23.4198
519.4733	22.8769
519.6257	24.9375
519.7781	30.1609
519.9305	37.7325
520.0829	45.304
520.2353	52.8755
520.3877	55.094
520.5401	54.0248
520.6925	53.767
520.8449	56.1799
520.9973	63.3
521.1497	64.3
521.3021	57.9889
521.4545	53.7611
521.6069	55.8778
521.7593	57.9379
521.9117	60.6322
522.0641	68.0937
522.2165	80.9
522.3689	79.8832
522.5213	79.3
522.6737	82.1239
522.8261	86.1087
522.9785	90.1
523.1309	89.7975
523.2833	86.6398
523.4357	84.3844
523.5881	83.5
523.7405	90.3451
523.8929	95.2897
524.0453	95.808
524.1977	93.4027
524.3501	88.4225
524.5025	83.4423
524.6549	79.9278
524.8073	75.3374
524.9597	64.5
525.1121	66.2206
525.2645	78.4592
525.4169	100.1122
525.5693	118.6178
525.7217	126.1084
525.8741	126.9
526.0265	121.3589
526.1789	112.6553
526.3313	106.8835
526.4837	108.3056
526.6361	108.5934
526.7885	90.6124
526.9409	67.3054
527.0933	45.2094
527.2457	43.1
527.3981	49.9147
527.5505	59.1946
527.7029	64.7
527.8553	36.4558
528.0077	20.4043
528.1601	17.9967
528.3125	18.4273
528.4649	19.5669
528.6173	19.1026
528.7697	17.2288
528.9221	15.355
529.0745	15.4824
529.2269	16.7
529.3793	19.8194
529.5317	27.0613
529.6841	38.4218
529.8365	54.051
529.9889	69.6801
530.1413	85.3092
530.2937	95.5
530.4461	96.5
530.5985	89.47
530.7509	83.8094
530.9033	81.7
531.0557	98.3459
531.2081	109.9222
531.3605	110.1585
531.5129	94.7032
531.6653	78.4236
531.8177	62.144
531.9701	51.4501
532.1225	51.9
532.2749	70.7073
532.4273	87.8353
532.5797	101.9585
532.7321	108.4349
532.8845	107.9456
533.0369	106.5
533.1893	107.9143
533.3417	110.7222
533.4941	107.4502
533.6465	103.2433
533.7989	101.7481
533.9513	101.8346
534.1037	100.8287
534.2561	96.4306
534.4085	92.0325
534.5609	87.6344
534.7133	83.5726
534.8657	84.6562
535.0181	91.1463
535.1705	94.1
535.3229	94.7713
535.4753	101.5166
535.6277	110.6861
535.7801	117.1
535.9325	108.3541
536.0849	96.3858
536.2373	88.225
536.3897	87.9
536.5421	94.9198
536.6945	104.2047
536.8469	113.3479
536.9993	115.3355
537.1517	113.2768
537.3041	113.8358
537.4565	111.3542
537.6089	109.1585
537.7613	107.2787
537.9137	101.4252
538.0661	96.2463
538.2185	93.597
538.3709	98.6376
538.5233	107.7206
538.6757	114.4075
538.8281	111.9853
538.9805	109.5
539.1329	114.4654
539.2853	121.7
539.4377	117.3049
539.5901	111.6971
539.7425	106.9
539.8949	108.7544
540.0473	109.6666
540.1997	104.3705
540.3521	92.3487
540.5045	80.3269
540.6569	70.3017
540.8093	69.1
540.9617	86.614
541.1141	102.1
541.2665	110.47
541.4189	116.6982
541.5713	120.1
541.7237	115.7127
541.8761	111.5
542.0285	112.1207
542.1809	113.4786
542.3333	113.1865
542.4857	115.1633
542.6381	118.5
542.7905	120.7
542.9429	117.3097
543.0953	114.7988
543.2477	114.8074
543.4001	117.3054
543.5525	120.0157
543.7049	118.3698
543.8573	116.7239
544.0097	118.238
544.1621	120.2497
544.3145	117.806
544.4669	114.5288
544.6193	113.3933
544.7717	113.6718
544.9241	109.7797
545.0765	105.418
545.2289	102.7364
545.3813	103.2553
545.5337	108.4709
545.6861	116.4194
545.8385	118.9
545.9909	114.4983
546.1433	111.0347
546.2957	99.7891
546.4481	85.6672
546.6005	71.5452
546.7529	58.6717
546.9053	54.7389
547.0577	57.9431
547.2101	64.3402
547.3625	69.5
547.5149	65.3958
547.6673	60.7689
547.8197	59.2153
547.9721	58.0083
548.1245	53.3733
548.2769	46.2444
548.4293	45.3
548.5817	48.7
548.7341	45.3198
548.8865	42.845
549.0389	40.6222
549.1913	37.4991
549.3437	34.1624
549.4961	27.3927
549.6485	20.6229
549.8009	19.8221
549.9533	22.7
550.1057	22.5841
550.2581	21.8059
550.4105	22.9088
550.5629	21.8351
550.7153	19.5
550.8677	20.3339
551.0201	22.7
551.1725	22.7
551.3249	22.2357
551.4773	21.076
551.6297	20.3531
551.7821	23.0414
551.9345	25.6581
552.0869	27.2316
552.2393	25.8807
552.3917	24.8684
552.5441	23.1431
552.6965	20.4688
552.8489	20.3932
553.0013	21.588
553.1537	21.9707
553.3061	23.1165
553.4585	27.8337
553.6109	34.3038
553.7633	41.4727
553.9157	48.6416
554.0681	51.3
554.2205	43.7658
554.3729	33.7
554.5253	34.1678
554.6777	34.2267
554.8301	28.1648
554.9825	22.7687
555.1349	22.3503
555.2873	26.0211
555.4397	33.4579
555.5921	42.9327
555.7445	56.0589
555.8969	69.3
556.0493	74.3
556.2017	62.1853
556.3541	51.2468
556.5065	41.169
556.6589	33.6889
556.8113	31.9
556.9637	40.9887
557.1161	50.0413
557.2685	58.7454
557.4209	62.9102
557.5733	61.6003
557.7257	60.1
557.8781	62.7
558.0305	65.2558
558.1829	67.9284
558.3353	69.7
558.4877	70.0024
558.6401	69.7906
558.7925	66.5161
558.9449	66.1756
559.0973	66.0951
559.2497	64.2846
559.4021	62.9854
559.5545	65.2724
559.7069	67.5
559.8593	66.7
560.0117	66.7
560.1641	66.7
560.3165	65.5314
560.4689	64.887
560.6213	64.286
560.7737	63.0189
560.9261	62.4656
561.0785	62.3075
561.2309	63.3
561.3833	62.9799
561.5357	63.7997
561.6881	63.4693
561.8405	61.0186
561.9929	62.7128
562.1453	65.3
562.2977	63.7377
562.4501	65.3594
562.6025	71.1685
562.7549	76.6667
562.9073	80.9154
563.0597	83.7594
563.2121	80.5433
563.3645	74.8144
563.5169	70.9357
563.6693	68.2118
563.8217	68.8887
563.9741	71.9977
564.1265	74.9691
564.2789	76.266
564.4313	71.2157
564.5837	65.248
564.7361	63.1831
564.8885	65.9
565.0409	64.3672
565.1933	62.8201
565.3457	59
565.4981	54.7
565.6505	50.1327
565.8029	51.0349
565.9553	57.3861
566.1077	64.875
566.2601	70.7536
566.4125	72.4825
566.5649	75.5
566.7173	76.7435
566.8697	78.5566
567.0221	80.7931
567.1745	83.2241
567.3269	86.5157
567.4793	86.6803
567.6317	82.3539
567.7841	78.7935
567.9365	76.4493
568.0889	75.1216
568.2413	71.1634
568.3937	69.5
568.5461	76.5962
568.6985	83.9015
568.8509	86.1
569.0033	81.7
569.1557	79.7
569.3081	81.3253
569.4605	82.3201
569.6129	85.3558
569.7653	95.6853
569.9177	108.3588
570.0701	115.1
570.2225	112.6675
570.3749	106.4319
570.5273	100.3
570.6797	94.9243
570.8321	90.9985
570.9845	87.7958
571.1369	85.3
571.2893	84.5
571.4417	84.5
571.5941	85.1
571.7465	88.2062
571.8989	89.1
572.0513	88.5
572.2037	92.4653
572.3561	95.6352
572.5085	96.1686
572.6609	98.1946
572.8133	100.7
572.9657	106.7981
573.1181	118.7241
573.2705	131.3818
573.4229	136.6293
573.5753	134.7795
573.7277	132.4291
573.8801	130.7366
574.0325	126.2425
574.1849	122.1165
574.3373	120.9
574.4897	124.0142
574.6421	128.8353
574.7945	130.3
574.9469	129.1793
575.0993	127.7201
575.2517	125.8701
575.4041	127.1251
575.5565	127.281
575.7089	127.4368
575.8613	129.7201
576.0137	133.7488
576.1661	138.5
576.3185	145.7
576.4709	148.7
576.6233	145.1083
576.7757	143.0258
576.9281	136.6131
577.0805	129.8425
577.2329	123.0719
577.3853	116.3013
577.5377	109.5306
577.6901	105.3981
577.8425	104.3
577.9949	108.7
578.1473	105.497
578.2997	91.8114
578.4521	73.1
578.6045	64.5265
578.7569	60.9
578.9093	63.6037
579.0617	69.0417
579.2141	76.6822
579.3665	83.9891
579.5189	89.3
579.6713	91.7
579.8237	84.1953
579.9761	72.7698
580.1285	67.0923
580.2809	67.6688
580.4333	72.9
580.5857	67.636
580.7381	59.2621
580.8905	51.3705
581.0429	45.3493
581.1953	41.7
581.3477	43.7808
581.5001	50.6518
581.6525	59.3104
581.8049	63.1144
581.9573	61.0824
582.1097	57.4248
582.2621	52.2424
582.4145	42.6061
582.5669	32.9697
582.7193	25.945
582.8717	24.7092
583.0241	24.4554
583.1765	24.4874
583.3289	23.1
583.4813	26.6067
583.6337	29.4051
583.7861	26.1933
583.9385	20.1731
584.0909	19.112
584.2433	22.0467
584.3957	25.8185
584.5481	25.9551
584.7005	25.2901
584.8529	22.947
585.0053	18.6311
585.1577	18.1798
585.3101	18.8576
585.4625	22.0333
585.6149	25.2091
585.7673	27.7483
585.9197	28.9177
586.0721	29.062
586.2245	29.2064
586.3769	29.4268
586.5293	30.1473
586.6817	30.9593
586.8341	35.8166
586.9865	43.5981
587.1389	46.9533
587.2913	48.7333
587.4437	50.1
587.5961	53.8837
587.7485	59.1329
587.9009	66.9472
588.0533	74.7902
588.2057	80.9
588.3581	68.4024
588.5105	53.2826
588.6629	38.1628
588.8153	27.9463
588.9677	25.5969
589.1201	26.6643
589.2725	26.4723
589.4249	20.165
589.5773	15.1732
589.7297	14.9958
589.8821	18.2483
590.0345	22.2133
590.1869	24.9369
590.3393	26.8046
590.4917	25.8491
590.6441	24.0813
590.7965	22.9
590.9489	24.9316
591.1013	31.0377
591.2537	36.8635
591.4061	39.7
591.5585	31.6808
591.7109	25.2511
591.8633	20.3404
592.0157	16.3046
592.1681	14.3157
592.3205	13.3
592.4729	13.437
592.6253	13.6334
592.7777	13.8298
592.9301	13.9
593.0825	13.9
593.2349	13.9
593.3873	13.9969
593.5397	14.2009
593.6921	14.4049
593.8445	15.0306
593.9969	16.0251
594.1493	16.1032
594.3017	16.036
594.4541	16.574
594.6065	17.1121
594.7589	18.1477
594.9113	19.4503
595.0637	19.1881
595.2161	17.3687
595.3685	15.5493
595.5209	14.1
595.6733	14.1
595.8257	14.8243
595.9781	15.6371
596.1305	16.4499
596.2829	16.071
596.4353	15.7985
596.5877	16.321
596.7401	17.3589
596.8925	18.6651
597.0449	19.9714
597.1973	21.2777
597.3497	21.7168
597.5021	21.9781
597.6545	23.1836
597.8069	24.2116
597.9593	23.4738
598.1117	23.1308
598.2641	23.8896
598.4165	23.8243
598.5689	23.759
598.7213	23.4878
598.8737	21.2933
599.0261	21.9774
599.1785	23.9278
599.3309	24.3
599.4833	23.8732
599.6357	23.5166
599.7881	23.7198
599.9405	23.923
600.0929	23.9915
600.2453	23.1503
600.3977	22.9
600.5501	23.6446
600.7025	24.5
600.8549	23.573
601.0073	22.3
601.1597	21.9977
601.3121	22.6812
601.4645	23.3647
601.6169	24.0482
601.7693	24.1
601.9217	24.5746
602.0741	25.3557
602.2265	25.6074
602.3789	24.6424
602.5313	24.6321
602.6837	25.5315
602.8361	24.0399
602.9885	21.9438
603.1409	21.5
603.2933	21.9412
603.4457	22.3618
603.5981	22.7824
603.7505	23.203
603.9029	22.8793
604.0553	22.5886
604.2077	22.4229
604.3601	21.8817
604.5125	20.7
