6.8631	38.1617
7.33874	42.3998
7.75977	42.4037
8.07847	48.6566
8.22419	60.1498
8.26012	61.9647
8.27615	58.739
8.29615	63.9811
8.31454	65.7958
8.35057	67.8123
8.36906	69.8285
8.40499	71.6434
8.45885	74.2648
8.47724	76.0795
8.53081	78.0961
8.6887	78.0976
8.74038	76.0819
8.79216	74.2679
8.80933	73.4616
8.86101	71.4459
8.91279	69.6319
9.17273	62.7794
9.24196	60.7639
9.29374	58.9498
9.36287	56.7327
9.44983	55.1206
9.6428	55.1224
9.73137	56.9377
9.9964	60.9723
10.25803	57.7489
10.30972	55.7333
10.37904	53.9194
10.466	52.3073
10.58805	50.6955
10.675	49.0833
10.7443	47.2695
10.796	45.2538
10.8654	43.6415
11.2293	33.9674
11.2986	32.1535
11.3855	30.3398
11.4548	28.5259
11.5419	27.1154
11.6817	26.1086
12.1525	19.8629
12.3635	20.8729
12.5217	21.6807
13.7513	25.1193
13.8922	26.3303
13.9982	27.7425
14.4036	31.9801
14.5446	33.3926
14.668	34.6034
14.8089	35.8144
15.2299	35.8182
15.4571	33.8041
15.5616	32.1922
15.6309	30.3783
15.7354	28.7663
16.0153	27.156
16.3671	29.1753
16.6134	30.5888
16.9454	27.7693
17.2252	25.9573
17.4871	23.3387
17.7515	25.9621
17.9107	28.7861
18.9636	29.4005
19.294	23.3551
20.4509	21.3495
21.1357	22.5653
21.6271	22.973
22.3286	22.5762
22.9079	23.3879
23.7671	22.5892
24.329	23.804
24.662	23.0006
25.3431	16.5551
25.6251	19.3803
26.398	21.4034
26.799	16.1651
27.4627	9.92113
27.8673	12.3442
28.5523	13.9633
29.0073	11.548
29.4128	15.9872
30.0436	14.38
30.4823	14.5856
30.905	18.2185
31.5702	15.2003
32.3097	20.8522
32.8517	17.0265
33.8687	16.0276
34.2513	8.77305
35.0244	11.401
35.6398	14.4308
36.2379	17.8636
36.7629	15.2474
37.2365	15.0501
37.8002	20.0956
38.47	26.7549
38.8204	25.9516
39.2201	17.8907
39.6598	20.1124
39.9984	31.4058
40.3691	36.4495
40.7685	27.7838
41.1157	19.924
41.7826	20.5349
42.1517	21.9496
42.3828	28.4033
42.5593	30.8242
42.9071	24.1742
43.504	25.1876
43.6955	21.9636
44.0117	22.9745
44.4364	30.8413
44.9827	36.0881
45.4548	32.665
46.3228	50.6164
46.706	44.7731
47.178	41.35
48.6229	54.8712
49.0763	49.2301
49.6295	31.6948
50.0146	29.8838
50.2076	29.8856
50.4711	30.6944
50.5254	34.3239
50.7569	41.5841
51.216	48.0399
51.442	43.6064
52.0448	19.62
52.6764	19.8273
53.1424	41.0009
53.3349	39.9946
53.7481	23.2644
54.2055	25.8896
54.417	28.1092
54.6822	32.5471
55.3678	35.5775
55.8278	43.8478
56.4615	48.4907
56.8408	34.1796
57.2064	28.3361
57.3462	27.1277
57.7188	36.0021
58.2415	28.3455
58.751	29.9631
58.9985	34.1992
59.3679	36.2187
59.8301	49.3277
60.0065	51.3454
60.4874	29.374
60.7517	31.7957
61.0326	32.2015
61.5708	57.6096
61.7631	56.2001
62.2109	38.4622
62.7343	32.4186
63.4231	42.3038
64.2937	65.6988
64.5025	62.0717
64.8419	37.6796
65.0706	38.8914
65.4862	27.4032
65.7148	28.615
65.9814	35.8754
66.6083	63.5021
67.1471	52.8215
67.3581	53.8315
67.8196	65.3276
68.1355	65.5321
68.9999	38.3222
69.1406	39.1299
69.5013	60.1009
69.8028	67.1601
70.1118	52.6468
70.3386	50.0279
70.7641	59.5075
70.9575	60.5174
71.4783	48.8285
71.9878	50.4461
72.2889	56.4972
72.55	52.0641
72.849	53.6797
73.7229	84.3328
74.0467	63.9728
74.2386	61.7568
74.7304	62.9709
74.9218	59.5453
75.2206	60.9593
75.5151	52.8974
75.8329	57.1342
76.2536	56.5331
76.5023	63.1886
76.9397	60.5716
77.303	49.6878
77.5842	50.9001
77.9698	50.0971
78.2472	43.0432
79.3505	39.0209
80.4152	65.0386
80.5718	62.2175
80.9754	62.4228
81.2885	56.7804
81.6679	42.671
81.8956	42.0682
81.9848	45.0932
83.1207	73.3293
83.9469	39.4658
84.4612	51.3657
84.893	36.8535
85.4581	44.7215
85.9831	42.1053
86.4406	44.932
87.0849	34.8572
87.5067	36.474
88.1614	48.3751
88.5299	48.58
88.8775	41.7283
89.1233	42.1338
89.5947	37.2993
90.1412	42.9495
90.4427	50.0087
90.8102	47.9959
91.228	41.1448
91.5629	44.5753
92.0151	36.1116
92.4051	44.7845
93.2204	62.7355
94.1903	73.4298
94.8077	43.1934
95.1415	44.2045
95.2983	41.9882
95.7937	50.8637
96.0916	50.2615
96.5609	40.9916
97.3932	57.5314
97.8573	37.1727
98.2601	35.7651
98.6504	45.0428
99.2604	73.879
99.5435	79.1235
100.5148	55.342
100.95	47.2814
101.458	46.6812
101.653	50.7152
101.915	49.3063
102.228	42.4543
102.404	43.4639
102.794	53.1449
103.357	55.771
103.394	58.9971
103.797	59.6056
104.344	65.0541
104.424	50.1355
104.857	38.0427
105.104	40.8675
105.442	50.548
105.724	52.5666
106.228	42.0873
107.209	41.0882
107.61	35.4467
108.033	39.886
108.583	52.1894
109.014	35.8626
109.504	32.8429
110.192	42.1233
110.946	40.5173
111.971	57.0588
112.533	59.2817
112.83	55.2521
113.392	57.6765
113.91	77.0361
114.157	79.2561
114.418	75.831
114.78	61.5198
114.972	58.9006
115.384	78.4607
115.686	85.5199
116.09	86.9349
116.509	83.108
116.889	68.797
117.326	65.9784
117.959	69.2099
118.287	58.729
118.569	61.1509
119.473	80.1107
120.087	81.9308
120.313	75.4813
120.682	76.8959
120.908	72.6641
121.207	76.0942
121.469	71.8627
122.991	101.514
123.95	88.6191
124.215	93.2586
124.632	83.9882
125.113	62.8232
125.647	78.3522
126.307	64.2453
126.711	64.6522
127.137	76.9545
127.59	70.3054
127.977	72.1234
128.362	70.3124
128.715	75.3559
128.995	72.3342
129.26	75.9657
129.362	70.9263
129.732	72.5425
129.888	69.923
130.399	73.5566
130.642	68.3169
131.12	78.2003
131.338	93.9281
131.694	104.012
131.902	99.9816
132.305	99.1788
133.684	121.772
134.016	119.154
134.53	130.247
135.35	120.376
136.002	125.22
136.859	120.793
137.475	88.137
138.009	104.876
138.604	99.8408
139.647	116.786
140.119	113.363
140.666	120.222
140.893	118.007
141.366	117.205
141.877	121.241
142.207	116.002
142.473	122.255
142.874	116.412
144.126	129.326
144.579	122.072
145.444	135.185
146.248	128.741
146.583	132.171
147.247	126.532
147.532	135.204
148.287	137.227
148.736	122.715
149.052	121.307
149.458	127.56
150.406	128.778
150.771	121.524
151.159	126.366
151.546	127.378
152.052	122.342
152.422	125.571
152.979	116.503
153.437	120.741
153.828	131.834
154.121	121.151
155.034	121.764
155.431	108.058
155.624	108.261
156.351	86.2921
156.934	95.9748
157.367	83.4787
157.721	90.1352
158.084	79.453
158.544	87.1184
159.202	69.9873
159.65	89.9511
159.97	135.115
160.204	148.222
160.359	143.183
160.546	92.7818
160.77	82.7032
161.473	85.1289
162.343	71.0239
163.187	75.2654
163.542	83.5348
163.857	81.9247
164.304	100.074
164.933	95.4425
165.819	114.201
166.341	103.721
166.501	108.763
166.867	104.734
167.097	109.172
167.707	100.508
168.399	115.635
168.797	105.155
169.59	111.815
170.257	112.426
170.641	109.002
171.383	120.098
172.111	100.346
172.711	109.828
173.108	95.3151
173.72	91.2884
174.443	97.9482
174.587	106.014
175.04	100.776
175.48	103.2
175.898	96.1469
176.641	110.468
177.588	108.461
177.993	112.093
178.287	104.031
178.586	105.042
178.975	111.094
179.43	109.687
179.766	115.134
180.936	102.443
182.025	105.073
182.826	92.3791
183.023	102.865
183.535	108.716
184.48	104.491
184.872	115.986
185.29	111.151
185.608	115.791
185.972	105.916
186.971	104.11
187.289	108.549
187.603	104.519
187.955	106.74
188.339	103.518
188.551	106.544
188.987	100.096
189.359	108.769
189.9	101.516
190.289	108.173
191.041	103.542
191.788	124.718
192.237	110.811
192.711	111.824
193.233	101.949
193.743	105.18
194.341	107.403
194.747	113.455
195.148	109.225
195.407	98.34
196.274	115.283
196.517	109.439
197.009	110.855
197.479	102.794
198.273	112.277
198.728	110.668
198.923	116.114
199.568	106.241
199.866	105.235
200.142	96.77
201.187	118.352
201.461	103.435
201.866	105.455
202.178	98.603
202.534	109.292
203.112	106.676
203.924	117.57
204.371	99.4294
204.688	100.642
205.106	95.6054
205.584	104.682
205.949	97.226
206.323	109.326
206.729	114.572
207.024	107.316
207.811	100.872
208.359	110.957
208.845	100.075
209.231	99.2719
209.584	104.315
210.119	84.7638
211.222	118.443
211.827	99.497
212.484	115.229
213.054	96.0807
213.792	99.3132
214.236	110.406
214.601	102.95
215.197	103.761
215.335	98.1176
216.289	112.844
216.691	108.614
217.57	112.452
218.07	131.61
218.563	136.252
219.063	116.095
219.328	121.742
219.814	108.844
220.29	114.493
220.603	108.448
220.992	115.709
221.156	129.219
221.344	118.938
221.745	111.684
222.188	122.373
222.936	109.074
223.712	117.952
224.365	125.619
224.643	120.581
224.938	112.519
225.274	118.167
225.588	114.138
225.783	119.382
226.373	105.274
226.777	107.294
227.186	117.782
228.585	109.73
228.828	103.079
229.389	102.882
230.046	120.428
230.412	113.98
230.675	114.991
230.903	113.178
231.009	116.607
231.529	102.095
231.794	106.331
232.004	103.914
232.303	105.731
232.424	103.111
232.478	105.128
232.886	115.817
233.301	103.321
233.532	109.17
233.831	110.382
234.163	107.563
234.606	117.042
234.78	115.028
235.099	121.281
235.482	114.833
235.73	119.472
235.976	120.482
236.237	116.452
236.644	124.319
237.236	113.236
237.888	119.492
238.181	110.018
239.133	118.696
239.323	112.851
239.462	110.635
239.856	127.574
240.308	117.699
241.098	119.521
241.322	110.248
241.443	107.427
241.798	115.092
241.989	111.867
242.343	118.927
242.887	118.126
243.231	104.016
243.549	109.462
243.9	109.869
244.164	111.887
244.625	122.174
244.942	124.394
245.286	109.68
245.794	107.265
246.177	100.615
246.498	113.118
246.815	115.943
247.039	107.276
247.372	106.07
247.533	113.531
247.868	116.558
248.097	117.568
248.459	104.668
248.655	111.525
248.916	106.487
249.287	111.329
249.513	107.5
249.675	115.768
249.957	118.19
250.114	116.78
250.325	119.201
250.868	117.19
251.135	124.249
251.57	117.6
251.828	105.303
252.071	100.467
252.409	111.156
252.707	109.949
253.118	126.283
253.504	126.891
253.974	118.831
254.237	119.237
254.514	109.763
254.759	108.354
255.202	117.632
256.182	113.004
256.897	103.737
257.748	124.51
258.253	116.047
259.121	95.6922
259.587	117.471
260.083	126.951
260.706	108.207
260.914	103.37
261.196	106.397
261.341	116.68
261.622	117.489
262.089	103.784
262.339	111.447
262.742	110.644
262.967	105.001
263.392	113.675
263.654	109.846
263.867	116.905
264.149	118.318
264.718	97.3559
265.18	110.465
265.618	109.662
265.947	99.5848
266.477	107.654
266.808	103.222
266.963	96.9731
267.069	98.3853
267.34	115.525
267.497	112.905
267.68	92.5441
267.818	87.7066
268.034	98.7973
268.316	101.622
268.555	87.9149
268.763	81.2636
268.92	81.0634
269.205	88.5256
269.521	90.5446
269.87	86.3139
270.1	90.5499
270.341	80.6731
270.586	78.8608
270.87	86.323
271.614	63.7491
272.054	66.5757
272.828	108.115
273.014	94.6086
273.489	97.8387
273.941	88.1654
274.171	93.0062
274.521	90.7916
274.787	97.4473
275.344	86.9684
275.822	95.4405
276.323	79.9209
277.151	86.5816
277.66	86.9895
278.499	80.7471
279.134	88.4141
279.395	83.5778
279.748	89.6294
280.253	81.1662
280.694	85.2025
281.216	76.1346
281.709	79.7681
282.188	91.466
282.866	77.9641
283.391	76.356
283.8	88.4565
284.407	72.9378
284.637	77.3753
285.074	73.347
285.74	110.853
286.119	94.3243
286.398	91.5042
286.693	84.2488
287.116	89.0914
287.307	84.456
287.766	53.815
288.216	78.2143
288.624	86.6857
288.937	81.0434
289.246	67.7397
289.63	63.1061
289.896	69.7618
290.284	72.3862
290.836	90.1332
291.254	85.2983
291.602	78.8498
291.826	68.7712
292.357	80.268
292.781	85.3121
293.104	64.1457
293.725	42.1755
294.309	53.0679
295.742	78.0809
296.003	72.4381
297.662	95.0338
298.204	91.4097
298.857	99.8834
299.271	83.9597
299.588	87.1884
299.999	103.724
300.348	99.4937
300.66	89.8191
300.961	97.6847
301.646	98.699
302.351	105.157
302.547	112.215
303.096	122.704
303.355	113.231
303.776	113.033
304.147	119.689
304.408	114.651
305.272	124.135
305.79	107.809
306.512	113.663
306.633	108.018
307.003	113.264
307.113	123.345
307.408	116.09
307.741	114.883
307.966	108.434
308.441	110.857
308.545	108.036
309.127	114.694
309.634	111.271
310.171	97.3651
310.884	121.565
311.073	112.897
311.445	119.352
311.964	105.446
313.216	117.756
314.505	135.711
314.906	130.271
315.077	121.603
315.374	119.791
315.71	124.633
315.986	115.16
316.372	114.76
316.848	119.805
317.179	114.767
317.604	122.836
317.989	120.823
318.343	127.48
318.764	127.887
319.056	115.188
319.354	114.787
320.007	121.648
320.345	132.74
320.724	117.622
320.986	115.205
321.409	120.249
321.86	108.761
322.107	111.183
322.5	126.106
322.843	109.577
323.175	106.152
323.847	118.86
324.093	118.459
324.448	127.132
324.707	118.465
325.249	116.252
325.952	118.073
326.535	125.739
327.109	115.261
327.373	117.481
327.931	110.429
328.322	121.32
328.866	122.535
329.055	113.061
329.387	111.652
329.652	115.284
330.42	105.412
330.973	126.183
331.412	126.187
332.002	112.684
332.375	122.567
332.777	120.352
332.827	114.909
333.037	113.903
333.373	118.543
333.535	128.424
333.798	127.62
334.177	113.309
334.372	117.343
334.582	114.724
335.151	132.471
335.588	128.241
335.742	120.379
335.918	121.389
336.542	104.459
337.24	135.715
337.521	135.718
337.713	133.099
338.046	133.505
338.46	118.791
338.778	123.431
339.091	116.176
339.459	114.969
340.342	128.082
341.12	67.4039
341.436	67.0036
341.806	69.4263
342.036	73.8638
342.387	74.4719
342.508	71.852
342.789	72.0562
342.95	79.1141
343.366	67.6259
343.701	71.8628
344.167	54.1251
344.567	47.2739
344.848	47.2764
344.989	50.1003
345.303	45.4661
345.517	53.7341
345.627	62.6061
345.932	77.3266
346.332	70.677
346.727	52.9387
347.236	52.54
347.604	52.745
348.008	52.3454
348.238	57.1862
348.294	64.2432
349.136	65.2589
349.648	72.1184
349.876	71.9188
349.927	68.6935
350.134	59.8244
350.275	61.6402
350.518	55.9972
350.79	37.2497
351.052	34.2279
351.254	17.6975
351.393	14.4729
352.007	14.2769
352.359	15.6914
352.586	14.4837
352.974	18.9227
353.34	14.289
353.585	11.267
353.813	11.0675
354.079	17.9247
354.625	22.1635
354.909	30.029
355.363	24.7912
355.663	29.6326
356.295	30.4448
356.642	21.9802
356.803	27.6268
357.084	29.4439
357.78	54.2486
357.92	53.4434
358.107	39.9371
358.54	29.2555
358.85	16.9599
359.64	17.5719
359.852	21.8077
360.588	19.3951
361.013	26.8586
361.317	40.3694
361.615	40.5737
361.811	47.0271
362.308	21.4268
362.943	28.6906
363.486	25.873
363.888	22.4492
364.134	24.0643
364.559	32.1327
365.348	31.1318
365.808	40.0069
366.368	37.7943
366.891	31.1458
367.635	44.6606
367.879	42.4451
368.207	30.3513
368.452	29.3454
369.108	43.8675
370.278	32.991
371.021	46.7075
371.511	44.4942
371.9	49.538
372.314	35.2272
373.193	39.8723
374.491	38.2712
374.821	32.2258
375.193	40.0921
375.628	31.2251
376.383	32.6432
376.715	30.2268
377.405	41.725
378.056	46.368
378.404	39.718
379.191	35.088
380.051	37.3136
380.365	32.0745
380.735	35.7069
381.119	31.8797
381.313	34.0992
382.466	24.4323
382.928	35.7268
383.351	41.3758
383.738	42.1857
384.058	51.4628
384.65	43.2021
385.064	26.6736
385.532	16.1939
386.112	18.6186
386.396	24.2663
386.865	51.4883
387.449	62.1791
387.813	92.0211
388.117	103.314
388.413	98.4781
388.589	99.0846
388.758	86.9893
389.106	80.1377
389.225	71.671
389.47	71.4716
390.084	32.3643
390.363	29.141
390.681	33.9826
391.316	42.2545
391.731	66.2502
392.027	62.2206
392.25	50.3275
393.51	7.19374
394.021	11.4322
394.319	11.2333
394.736	3.37422
395	3.77984
395.524	-1.05412
395.754	2.98023
396.022	14.6762
396.572	64.8828
397.175	79.2028
397.471	74.77
397.717	75.7803
398.005	90.0974
398.248	85.6641
398.67	85.8696
399.263	42.7298
399.627	31.846
400.208	36.69
400.467	29.0311
401.139	40.1259
401.522	33.2745
402.266	49.2087
402.441	48.0006
402.821	35.1008
403.367	39.138
403.804	36.3194
404.471	37.9383
405.013	34.1126
405.611	35.7309
406.552	23.4411
407.805	38.5734
408.502	28.7007
408.731	31.1222
409.343	26.8938
410.869	26.3028
411.169	30.3378
411.749	31.7544
412.343	27.9291
412.994	31.9673
413.237	25.1146
413.622	23.3036
414.293	33.3904
414.783	30.169
415.38	31.3841
416.157	42.4799
417.17	32.0052
418.001	47.7385
418.793	52.786
419.491	44.3246
419.986	52.192
420.549	56.6326
421	45.9512
421.456	45.3505
422.374	58.0605
423.019	48.1873
424.096	63.7212
424.321	57.0701
424.794	54.655
425.483	64.5403
425.956	63.7381
426.256	67.3699
426.726	59.3096
427.18	55.0799
427.569	61.535
427.866	59.7232
428.148	61.3386
428.32	54.687
428.601	56.3024
428.916	54.0875
429.643	32.3199
430.239	31.9221
431.032	39.1874
431.537	31.7323
431.696	34.1531
432.028	30.9303
432.558	40.0077
432.925	35.5755
433.326	30.1356
433.713	32.3569
434.108	51.9169
434.3	51.3138
434.49	44.6623
435.001	48.6992
435.334	47.2909
435.794	56.3677
436.209	44.6779
436.506	42.0596
437.165	62.2269
438.627	75.345
439.784	111.646
440.139	82.2136
440.438	83.2243
440.612	119.113
440.721	200.969
441.403	308.031
442.025	251.586
442.624	144.736
442.726	136.673
442.901	136.271
443.315	159.057
444.267	55.2349
444.591	36.4878
445.026	27.8224
445.373	20.1643
446.43	29.6497
447.034	45.381
447.361	32.8839
448.051	45.7934
448.313	42.9732
448.782	31.6871
449.601	20.8075
450.043	27.4647
450.217	24.2405
451.007	27.0702
451.702	12.762
452.583	20.0281
452.762	27.0861
453.402	120.035
454.017	122.662
454.291	109.56
454.433	111.375
454.682	119.846
455.371	129.126
455.788	121.67
455.974	107.357
456.461	59.3778
456.584	59.3789
456.988	98.4955
457.369	89.0231
457.831	100.116
458.38	74.1129
459.032	119.079
459.474	87.4293
459.752	81.3834
460.006	63.2406
460.254	67.2751
460.512	94.2936
460.822	81.1915
461.035	86.637
461.31	111.841
461.973	105.597
462.884	102.581
463.151	109.842
463.606	107.83
464.242	118.319
464.587	106.024
465.062	108.448
465.641	107.848
465.979	119.343
466.766	113.705
467.189	117.338
468.097	107.87
468.435	119.164
468.663	119.166
469.112	103.646
469.568	103.448
469.672	99.417
470.044	107.082
470.337	96.3988
470.55	102.046
471.348	83.7064
471.608	76.0475
471.863	59.3159
472.263	51.4566
472.512	58.7169
472.847	99.2442
472.993	112.35
473.49	124.25
474.012	115.182
474.405	129.299
474.702	128.293
475.033	122.046
475.908	117.417
476.155	120.847
477.139	123.678
477.75	118.644
478.859	125.508
479.699	121.685
480.247	130.36
481.172	120.086
481.488	119.887
481.801	114.85
482.152	115.054
482.533	105.582
483.153	117.684
483.465	109.623
483.754	89.2625
484.047	77.5716
484.239	75.7588
484.525	86.6485
484.803	82.0139
485.412	109.237
485.759	100.168
486.722	95.5394
487.373	101.392
487.641	110.87
487.993	114.503
488.887	112.091
489.078	108.262
489.695	113.913
489.991	109.884
490.734	122.39
491.047	115.942
491.611	122.197
491.871	115.546
492.448	112.325
492.697	119.384
493.419	124.431
493.644	119.191
493.924	116.774
494.33	122.221
494.735	124.644
495.088	129.89
495.365	121.223
495.977	118.607
496.207	122.238
496.784	118.211
497.137	123.053
497.327	115.797
497.715	120.236
498.275	117.217
498.709	108.551
499.451	118.437
499.731	116.827
500.05	124.289
500.402	125.704
500.941	117.241
501.32	100.914
501.686	97.2881
502.39	101.73
502.656	108.184
502.97	104.558
503.305	107.787
503.689	104.161
504.252	106.787
505.045	113.649
505.533	106.799
505.744	109.22
506.346	119.911
506.642	116.486
507.104	128.386
507.489	126.373
507.818	117.303
508.03	119.12
508.466	114.688
508.803	122.756
509.207	124.574
509.487	121.956
509.629	125.788
509.929	128.613
510.207	123.575
510.851	37.2906
511.22	38.302
511.583	28.2246
511.919	33.6712
512.314	53.0297
512.455	53.0309
512.827	23.8004
513.197	27.8361
513.443	27.6367
513.547	26.0247
513.99	36.311
514.427	69.9843
514.707	67.3659
514.936	69.7873
515.287	69.9921
515.734	50.8429
516.225	51.2506
516.969	66.1767
517.884	71.8302
518.162	66.7924
518.897	63.17
519.269	70.0282
519.453	87.3686
520.063	79.3096
520.501	77.9023
520.988	69.0358
521.409	70.0477
521.6	64.2026
521.847	67.8339
522.925	47.0775
523.488	50.1068
523.789	55.9563
524.227	54.9523
524.776	66.6508
525.443	67.2617
526.377	76.1411
526.636	66.6677
526.85	74.3309
527.448	77.9654
527.811	66.8799
528.489	91.6845
528.999	92.8988
529.538	84.0327
529.746	77.583
530.129	72.3445
530.533	72.1466
530.688	67.1077
530.934	66.7067
531.35	94.533
531.63	93.1243
532.108	102.806
532.388	100.188
532.623	78.8188
532.849	74.3853
533.132	78.4201
533.655	109.675
534.074	105.445
534.864	106.662
535.096	114.325
535.408	106.465
536.185	118.367
536.691	112.525
537.752	130.478
538.156	130.079
538.365	127.056
538.417	125.041
538.486	123.227
538.52	121.413
538.554	119.397
538.588	117.583
538.623	115.768
538.639	113.752
538.673	111.737
538.708	109.922
538.759	107.907
538.776	106.092
538.81	104.077
538.827	102.665
538.844	100.851
538.86	98.835
538.877	96.819
538.894	94.8031
538.91	92.9887
538.927	90.9727
538.943	88.9567
538.96	87.5456
538.977	85.7312
538.994	83.7153
539.01	81.6993
539.027	79.6833
539.044	77.8689
539.06	75.853
539.077	73.837
539.093	71.2162
539.11	69.4018
539.144	67.386
539.178	65.5718
539.212	63.556
539.37	63.759
539.406	65.7755
539.442	67.5903
539.478	69.6068
539.532	71.4218
539.655	71.8261
539.689	70.0119
539.723	67.9961
539.74	66.1817
539.774	64.1659
539.791	62.1499
539.824	58.3196
539.825	60.3357
539.858	56.5054
539.875	54.4894
539.909	52.4736
539.925	50.6592
539.96	48.6434
539.976	46.6274
539.993	44.813
540.044	40.7812
540.045	42.999
540.078	38.7654
540.13	36.7498
540.181	34.9357
540.481	37.9626
540.62	35.5445
540.672	33.5289
540.706	31.7147
540.74	29.6989
540.81	27.885
541.002	26.2738
541.372	29.3014
541.546	26.8836
541.615	25.0697
541.685	23.4574
541.771	21.6437
542.052	21.6462
542.176	22.857
542.282	24.4709
542.512	29.5133
542.548	31.5298
542.584	33.3446
542.62	35.3611
542.656	37.1759
542.692	39.1924
542.728	41.0072
542.764	43.4269
542.818	45.4435
542.836	47.2582
542.872	49.2746
542.926	51.0896
542.997	53.5096
543.136	51.0916
543.17	49.2774
543.222	47.4633
543.291	45.4478
543.343	43.6338
543.465	42.2236
543.552	40.6115
543.85	40.6142
543.939	42.2279
544.326	45.054
544.623	41.226
544.692	39.4121
544.796	37.8002
544.919	36.5916
545.059	37.3993
546.045	43.4567
546.116	45.2718
546.187	47.087
546.24	49.1036
546.556	49.1065
546.643	47.4943
546.958	46.4891
547.064	48.103
547.38	48.7107
547.467	46.897
547.536	45.0831
547.782	44.2789
547.853	46.094
547.924	47.9092
547.995	49.7243
548.048	51.5393
548.137	53.3547
548.278	54.364
549.014	54.3707
549.404	62.2371
549.75	52.5629
550.1	49.1386
550.716	54.991
551.154	52.1724
551.4	53.3843
551.731	48.1453
551.819	48.751
552.201	41.8996
552.534	41.2978
552.905	46.5431
553.312	52.5952
553.505	53.4034
553.714	49.373
553.921	43.3265
554.111	37.2798
554.305	38.6929
554.446	40.3071
554.677	45.7527
554.854	50.593
554.943	51.6019
555.256	47.1693
555.623	42.7371
555.92	39.9172
556.549	35.6891
557.497	35.8993
557.828	31.2652
558.599	29.256
559.076	37.3249
559.494	30.2722
559.917	34.9132
560.923	48.2287
561.497	37.7501
561.884	39.5681
562.214	33.3211
562.636	34.7362
563.595	21.8417
563.895	25.8767
564.315	24.066
564.864	34.3532
565.281	63.7925
565.901	75.8949
566.332	60.173
566.508	61.3842
566.871	49.8956
567.397	49.0939
567.678	51.1126
568.798	80.7599
569.157	98.7067
569.748	87.4217
570.084	94.2796
570.517	82.3884
570.922	85.6178
571.59	87.2368
572.026	82.2004
572.619	112.246
573.09	105.799
574.264	141.092
574.703	141.096
575.63	23.967
575.824	25.5817
576.276	55.2229
576.588	45.7499
577.108	108.255
577.425	110.878
577.748	126.406
577.974	121.367
578.537	87.9047
579.108	70.9744
579.614	102.027
580.076	77.2331
580.561	63.9311
580.923	88.1279
581.506	97.4074
582.137	132.292
582.415	127.053
582.749	128.87
583.366	98.0291
583.542	98.2323
583.968	110.535
584.106	105.294
584.317	105.699
584.624	123.444
584.957	124.253
585.345	129.095
585.59	126.275
585.946	137.972
586.33	133.137
586.701	140.196
587.273	124.073
587.409	115.606
587.654	114.399
587.988	114.805
588.203	125.291
588.711	124.086
589.017	103.322
589.247	68.8486
589.624	49.4972
590.153	56.5584
590.395	48.8994
590.683	26.7245
590.856	21.4842
591.173	23.1
591.528	32.3774
591.827	33.5898
592.212	32.182
592.75	20.6949
593.26	21.506
593.628	22.5174
594.021	36.029
594.296	24.338
594.436	22.9279
595.078	45.9176
595.323	44.1053
595.518	49.7523
595.792	72.3354
596.07	67.096
596.617	35.6493
596.721	32.2229
597.019	33.2336
597.315	28.3976
597.615	32.6342
598.1	56.8322
598.256	51.5916
598.894	65.9119
599.296	63.2946
599.757	72.573
600.176	68.5445
600.636	77.0165
601.173	62.3036
601.533	43.3552
601.94	51.8267
602.113	47.5944
602.393	45.5808
602.527	32.0739
602.719	29.8579
602.983	32.4813
603.511	72.8087
603.913	69.5865
604.162	75.8388
604.355	75.8405
605.009	50.04
605.302	76.454
605.623	86.7391
605.897	73.6368
606.229	70.6156
606.634	73.8451
607.117	56.7124
607.897	72.4452
608.263	67.4082
608.882	79.5106
609.349	65.402
609.689	78.3083
609.83	79.3176
610.249	76.4988
610.443	78.7183
610.878	69.4481
611.25	77.7176
611.547	76.5106
612.149	88.2096
612.465	87.0028
613.032	99.3063
613.218	85.5984
613.427	80.7615
614.087	68.4691
614.703	72.9102
615.074	77.5507
615.272	89.0444
615.875	140.26
616.205	131.795
616.553	126.153
617.113	86.0369
617.343	90.8777
617.636	115.679
617.899	116.286
618.26	101.168
618.455	104.799
618.711	126.172
619.311	133.637
619.662	134.85
620.121	102.798
620.534	85.8663
621.284	77.0022
621.613	68.739
622.089	73.5821
622.606	90.7238
623.181	81.6565
623.698	61.7015
624.73	94.3722
624.943	99.2128
625.311	96.9984
625.735	104.059
626.18	79.4659
626.68	60.9221
626.947	69.9971
627.171	97.8217
627.454	104.074
627.858	67.3844
628.371	39.9697
628.636	42.9963
629.03	60.7418
629.713	57.3206
630.052	69.2188
630.499	51.0777
631.066	62.978
631.346	61.5693
632.081	94.4388
632.343	91.8202
632.674	86.9845
632.96	60.1726
633.673	47.2759
634.005	43.8515
634.498	47.8882
635.072	38.4176
635.552	52.7365
635.812	45.2791
636.215	44.0731
636.702	34.8033
637.122	32.1862
637.422	36.0196
637.648	32.7958
638.001	36.2264
638.514	82.8037
638.688	79.9827
638.902	49.541
639.127	44.5028
639.376	50.5534
639.668	37.048
639.821	26.7671