0	14.9
0	13.4
0.1	12.3
0.1	11.3
0.2	10.8
0.2	10.3
0.3	10.3
0.3	10.3
0.4	10.8
0.5	10.8
0.6	11.8
0.6	12.9
0.7	14.4
0.8	14.9
0.8	14.9
0.9	12.9
1	12.3
1.1	12.9
1.2	13.4
1.3	14.4
1.4	15.5
1.5	15.5
1.5	14.4
1.6	12.9
1.7	10.3
1.8	8.2
1.9	5.6
2.3	4
2.3	4
2.6	4.5
2.9	5.6
3	9.2
3.1	10.3
3.2	11.8
3.3	15.5
3.4	19.6
3.5	21.7
3.6	24.8
3.7	25.9
3.9	27.4
4	25.9
4.1	22.2
4.2	21.7
4.3	19.6
4.6	19.1
4.7	20.1
4.9	22.2
5	22.2
5	20.1
5.1	17.5
5.3	17
5.5	19.1
5.5	19.1
5.6	20.1
5.7	19.1
5.8	17
6	17
6.2	19.6
6.2	19.6
6.2	19.6
6.3	19.6
6.4	17.5
6.6	16.5
6.6	16.5
6.7	16.5
6.7	16.5
6.8	18.1
6.9	18.6
6.9	20.1
7.2	21.2
7.4	20.1
7.5	19.1
7.6	18.6
7.7	18.6
7.9	20.1
8	22.7
8	23.3
8.2	23.3
8.3	22.2
8.3	21.2
8.4	20.1
8.5	19.1
8.6	18.1
8.7	18.1
8.8	17.5
9	18.6
9.1	20.1
9.2	20.1
9.3	20.1
9.4	20.1
9.6	19.6
9.7	19.6
9.9	19.1
9.9	19.1
10	20.1
10.2	20.7
10.3	21.7
10.3	22.2
10.4	23.8
10.5	23.8
10.6	22.7
10.7	21.7
10.8	22.2
10.8	22.7
10.9	24.3
10.9	24.3
11	23.3
11.3	22.2
11.4	21.7
11.6	21.7
12	22.2
12.1	22.2
12.3	22.2
12.3	22.2
12.6	22.2
12.8	22.2
12.9	22.2
13.1	22.2
13.3	22.2
13.5	22.2
13.7	23.8
13.7	24.3
13.8	26.4
14	26.9
14.1	25.3
14.2	24.3
14.3	24.3
14.4	24.3
14.5	26.4
14.7	29
14.8	30
14.8	30
14.9	28.5
15.1	27.4
15.4	27.9
15.6	28.5
15.6	26.9
15.7	26.4
15.8	24.3
15.9	22.7
16.2	21.7
16.4	23.3
16.5	24.3
16.5	26.4
16.6	27.4
16.7	28.5
16.9	26.9
17.1	26.9
17.2	29.5
17.3	29.5
17.5	29
17.5	27.9
17.6	25.9
17.6	25.3
17.8	24.8
18	24.3
18.2	23.3
18.3	23.3
18.2	22.7
18.2	22.7
18.4	23.8
18.6	24.3
18.7	24.3
18.8	24.3
18.9	23.3
19	21.7
19	20.1
19.1	19.1
19.3	19.6
19.6	21.2
19.7	21.2
19.8	20.7
20	21.2
20.1	21.7
20.2	21.7
20.4	21.7
20.5	22.2
20.7	23.3
20.8	23.3
20.9	23.3
21	23.3
21.1	22.2
21.3	21.7
21.3	21.7
21.5	22.2
21.6	23.8
21.7	24.3
21.8	24.3
21.9	23.3
22	22.2
22.2	21.2
22.3	19.1
22.3	18.6
22.4	17
22.5	15.5
22.6	14.9
22.8	17
22.9	19.6
23	19.6
23.1	20.1
23.3	22.2
23.4	23.3
23.5	23.3
23.6	24.3
23.7	26.4
23.8	26.9
23.9	26.9
24	27.4
24.1	27.9
24.1	27.9
24.1	29
24.2	29.5
24.3	28.5
24.4	27.4
24.4	26.9
24.4	26.9
24.5	26.9
24.6	25.9
24.6	25.9
24.7	25.9
24.9	25.9
25	26.9
25	27.4
25.1	26.9
25.3	26.4
25.4	25.9
25.4	26.4
25.6	27
25.6	28.1
25.7	28.7
25.7	28.7
25.9	27.6
25.9	25.9
25.9	25.3
25.9	24.2
26	23.1
26.1	20.4
26.2	19.3
26.3	21.5
26.4	22
26.5	22.6
26.5	22.6
26.6	22
26.8	19.8
26.9	19.3
26.9	20.4
27	22
27.2	22
27.3	22
27.4	20.9
27.4	20.9
27.6	22.6
27.7	24.8
27.7	24.8
27.9	25.9
28	24.2
28.1	23.1
28.1	23.1
28.1	22
28.2	20.9
28.2	20.9
28.4	22
28.6	22
28.7	21.5
28.7	20.9
28.7	19.3
28.8	18.2
28.9	17.1
28.9	17.1
29.2	17.1
29.4	18.7
29.7	21.5
29.8	22
29.8	21.5
29.8	20.9
29.9	20.4
30	20.4
30.2	22
30.3	22
30.4	22.6
30.5	20.9
30.5	19.8
30.6	19.3
30.7	22
30.9	23.1
31	22
31.4	22
31.4	22
31.6	22
31.8	22
32	24.2
32.1	27.6
32.3	32.5
32.3	33.1
32.4	36.9
32.5	40.8
32.5	43
32.7	42.5
32.7	40.8
32.7	38.1
32.8	36.4
32.9	33.1
33.1	30.3
33.1	28.7
33.1	28.1
33.2	27
33.4	27.6
33.7	29.2
33.9	28.7
34.1	29.8
34.1	30.3
34.2	32
34.2	34.2
34.3	35.8
34.4	35.8
34.4	35.8
34.5	35.3
34.6	35.3
34.7	37.5
34.9	36.4
34.9	35.8
34.9	34.2
34.9	33.6
35	33.1
35.2	34.7
35.3	34.7
35.3	34.7
35.4	33.1
35.5	32.5
35.6	32
35.7	30.9
35.8	30.3
35.9	30.9
35.8	30.9
36	33.1
36.1	34.2
36.2	33.1
36.3	32
36.3	31.4
36.3	29.8
36.3	27.6
36.5	27
36.7	29.2
37	29.8
37	28.1
37.1	27
37.3	25.9
37.3	25.3
37.4	24.2
37.6	24.8
37.8	25.9
38.1	29.8
38.2	30.3
38.2	30.3
38.5	29.8
38.6	27
38.7	27
38.8	25.3
38.9	25.3
39.1	29.2
39.1	29.2
39.2	30.9
39.4	30.9
39.6	30.9
39.9	30.3
40	30.3
40.2	32.5
40.4	34.7
40.5	35.3
40.5	35.8
40.6	37.5
40.6	38.6
40.8	40.3
40.8	40.3
40.9	39.2
41.1	39.7
41.3	40.8
41.4	38.6
41.6	35.8
41.6	35.3
41.8	34.2
42.2	32.5
42.2	32
42.4	30.9
42.5	33.6
42.8	34.7
42.9	34.7
43.1	33.6
43.4	33.1
43.4	33.1
43.6	33.6
43.7	35.8
43.9	35.8
44	34.2
44	33.1
44.3	33.1
44.5	35.3
44.8	36.9
45.1	34.2
45.2	33.6
45.3	33.1
45.6	32
45.7	32
45.9	34.7
46.1	35.8
46.2	34.2
46.3	33.6
46.5	34.7
46.6	35.8
46.8	34.7
47	32
47.2	35.3
47.3	37.5
47.4	39.2
47.5	38.1
47.5	37.5
47.5	36.4
47.7	33.6
47.7	32.5
47.8	34.2
47.8	34.2
48	35.3
48.1	35.3
48.2	35.3
48.4	33.6
48.4	32.5
48.4	31.4
48.7	30.9
48.8	30.9
48.9	30.9
49	33.6
49.2	35.8
49.3	37.5
49.4	38.6
49.5	39.2
49.6	39.2
49.6	39.2
49.6	39.2
49.7	39.2
49.8	38.1
49.9	38.1
49.9	38.6
49.9	40.3
50	41.4
50	41.4
50.1	42.5
50.3	42.5
50.4	42.5
50.6	41.9
50.6	41.9
50.7	40.8
50.8	40.8
51	39.7
51.1	38.6
51.2	37.5
51.4	39.7
51.5	40.8
51.5	43
51.5	45.2
51.6	46.3
51.7	46.3
51.8	44.1
51.8	42.5
51.8	40.8
51.9	38.1
52	35.8
52	35.3
52	32.5
52.1	31.4
52.2	31.4
52.2	31.4
52.4	29.2
52.5	27.6
52.6	26.4
52.7	28.1
52.7	28.7
52.8	30.3
53	30.9
53.2	32.5
53.2	35.3
53.5	36.4
53.5	34.7
53.5	33.6
53.7	32
53.7	30.3
53.9	28.7
54	28.7
54.1	29.2
54.2	31.4
54.5	34.7
54.5	34.7
54.6	34.7
54.7	33.1
54.7	31.4
54.7	30.9
54.9	32.5
55.1	32.5
55.2	32.5
55.2	31.4
55.3	29.8
55.6	28.7
55.7	28.7
55.8	28.7
56.1	26.4
56.3	24.2
56.3	23.7
56.5	24.2
56.5	24.8
56.7	26.4
56.9	28.7
57.1	29.2
57.2	28.7
57.2	28.7
57.3	27
57.5	25.9
57.8	24.8
58	25.9
58	25.9
58	27.6
58.1	28.7
58.3	32
58.4	32.5
58.4	32
58.5	31.4
58.6	28.7
58.7	26.4
58.9	24.2
59.1	23.7
59.3	25.3
59.3	25.9
59.5	27.6
59.6	28.1
59.7	29.2
59.8	29.2
59.9	28.7
60	27
60	25.9
60.1	25.3
60.2	26.4
60.4	26.4
60.4	25.9
60.5	24.8
60.6	24.8
60.8	25.9
60.8	25.9
60.9	27
60.9	27
61	27.6
61.1	28.1
61.2	28.7
61.3	29.8
61.5	29.8
61.5	29.8
61.6	29.8
61.9	31.4
61.9	29.2
61.9	28.1
61.9	27
61.9	25.9
62	24.8
62.2	24.2
62.3	24.2
62.3	23.7
62.4	23.1
62.5	22
62.7	20.4
62.7	19.8
62.7	18.2
62.8	18.7
63	20.9
63.2	20.9
63.5	20.4
63.6	19.8
63.8	18.7
63.9	18.2
64.2	18.2
64.2	18.2
64.5	18.7
64.6	19.3
64.6	20.4
64.8	22
64.8	24.2
65.1	24.8
65.1	24.2
65.2	23.7
65.3	22
65.4	20.9
65.5	20.9
65.5	20.9
65.6	20.4
65.8	20.4
65.9	20.4
66.1	22.6
66.2	23.7
66.3	23.7
66.3	23.7
66.4	23.1
66.5	20.9
66.6	20.4
66.6	20.4
66.8	22
66.8	23.1
67	23.7
67.1	24.2
67.1	24.2
67.2	24.8
67.3	24.8
67.3	24.2
67.4	23.1
67.4	23.1
67.5	22.6
67.6	22.6
67.5	23.7
67.8	24.2
67.9	23.1
67.9	23.1
68.1	22
68.2	22
68.2	22
68.5	23.1
68.5	23.1
68.5	24.8
68.6	27
68.8	28.1
68.9	28.1
69.1	30.3
69.1	30.9
69.1	30.9
69.3	30.9
69.4	29.8
69.6	27.6
69.6	27
69.6	28.7
69.7	29.2
69.7	29.2
69.8	30.3
70	32.5
70.3	33.6
70.4	32.5
70.4	30.3
70.5	29.8
70.7	31.4
70.7	32
70.9	32
71	32
71	32
71.2	31.4
71.2	31.4
71.5	31.4
71.7	31.4
71.7	30.9
71.8	31.4
71.9	33.1
72	33.1
72.1	34.7
72.2	34.7
72.3	33.6
72.4	34.2
72.6	35.8
72.8	38.1
72.9	39.2
72.9	40.8
73	40.8
73	40.8
73.1	39.7
73.2	37.5
73.4	34.7
73.4	33.1
73.5	32.5
73.5	30.3
73.5	28.1
73.5	27
73.4	28.1
73.6	25.9
73.6	24.2
73.6	22.6
73.6	22
73.7	20.4
73.7	19.8
73.8	19.3
73.8	18.7
73.9	18.7
74	19.8
74.1	20.9
74.1	22
74.2	22.6
74.3	23.7
74.4	24.2
74.5	24.2
74.5	24.2
74.5	23.7
74.6	22.6
74.7	24.2
74.9	25.3
74.9	25.3
75	25.3
75	24.8
75.1	23.7
75.2	23.1
75.2	22.6
75.2	22.6
75.3	22.6
75.5	21.5
75.6	20.9
75.7	21.5
76.1	25.3
76.3	27.6
76.3	27.6
76.4	25.3
76.5	25.3
76.7	25.3
76.8	27
76.9	28.7
77	28.7
77	26.4
77.1	24.8
77.3	23.7
77.3	23.7
77.5	24.2
77.6	25.3
77.7	25.9
77.7	25.9
77.8	25.3
77.9	24.8
78	25.3
78	27.6
78.1	29.8
78.2	29.8
78.2	29.8
78.4	29.8
78.5	31.4
78.6	31.4
78.7	30.3
78.7	28.1
78.9	27
79	27
79.2	27
79.4	24.2
79.4	23.1
79.5	23.1
79.7	25.3
79.8	27
79.8	27
80	27.6
80.2	28.7
80.2	30.3
80.3	30.3
80.4	30.3
80.5	28.7
80.7	29.2
80.8	30.3
80.8	30.9
80.8	33.1
80.8	33.1
80.9	35.3
81	35.8
81.3	36.4
81.4	36.4
81.5	34.7
81.5	34.2
81.6	33.1
81.6	30.9
81.7	29.8
81.9	32
81.9	32
81.9	30.3
82.1	27.6
82.2	25.9
82.3	24.8
82.4	28.7
82.4	28.7
82.5	30.9
82.7	32.5
82.8	32
82.8	31.4
82.9	29.2
83	27.6
83	25.9
83	25.9
83.1	25.9
83.2	27.6
83.4	25.9
83.5	23.7
83.7	25.9
83.7	26.4
83.7	27.6
83.8	27.6
84	28.7
84.3	27.6
84.6	27.6
84.7	29.2
84.7	32
84.7	32.5
84.8	35.8
84.9	37.5
85.1	37.5
85.2	34.2
85.4	30.9
85.5	32.5
85.5	35.8
85.7	37.5
85.8	37.5
85.8	37.5
85.9	35.8
86.1	34.7
86.3	35.8
86.4	36.4
86.5	36.4
86.7	34.2
86.8	32
86.9	30.3
87.1	28.7
87.3	28.1
87.4	27
87.5	25.9
87.6	25.9
87.8	25.3
88	29.2
88	29.2
88.1	27.6
88.1	25.9
88.1	24.2
88.3	23.7
88.5	26.4
88.6	25.9
88.6	25.3
88.7	26.4
88.9	29.8
88.9	31.4
89.1	33.1
89.1	34.2
89.3	35.3
89.3	35.3
89.4	34.2
89.5	33.1
89.5	33.1
89.6	31.4
89.9	29.8
90	28.1
90.1	24.8
90.2	23.1
90.3	23.1
90.4	25.3
90.5	27
90.6	28.1
90.7	28.7
90.9	28.7
91	29.2
91.1	31.4
91.3	33.6
91.4	35.8
91.6	36.9
91.6	36.9
91.8	36.4
91.8	36.4
91.8	34.2
92	32
92.1	29.2
92.2	29.2
92.2	27.6
92.3	27
92.4	25.9
92.6	25.3
92.7	24.2
92.9	25.3
92.9	25.9
93.1	28.1
93.1	28.7
93.3	30.9
93.5	33.1
93.5	36.4
93.5	38.1
93.7	40.3
93.8	39.7
94	42.5
94	43
94	43
94.1	43
94.2	42.5
94.3	41.9
94.3	40.8
94.3	40.8
94.4	40.8
94.5	41.4
94.6	42.5
94.6	41.9
94.7	40.3
94.9	39.7
95.1	40.8
95.2	41.9
95.3	44.1
95.4	45.2
95.6	46.9
95.6	46.9
95.7	48.6
95.7	48.6
95.7	49.7
95.8	50.8
95.9	51.3
96	51.9
96.2	50.8
96.2	48.6
96.5	46.9
96.6	45.8
96.7	45.2
96.8	44.1
96.9	41.9
97	40.8
97.2	40.8
97.2	40.8
97.3	40.8
97.3	40.8
97.5	39.7
97.6	39.7
97.7	40.3
97.8	40.8
97.8	43
98	45.2
98.1	45.8
98.1	44.1
98.2	43.6
98.3	43
98.5	43
98.5	43
98.6	43.6
98.7	42.5
98.8	41.9
98.8	40.8
98.9	39.2
98.9	39.2
98.9	38.6
98.9	38.1
99	36.9
99.1	37.5
99.3	40.3
99.5	40.8
99.5	40.8
99.5	40.3
99.6	39.7
99.7	39.7
99.8	39.7
98.9	40.3
99.3	40.8
99.4	40.8
99.4	40.8
99.5	40.8
99.7	43
99.9	43
100.3	45.8
100.5	47.4
100.5	48
100.7	48.6
100.8	49.7
101	49.7
101.1	49.1
101.3	46.9
101.4	45.2
101.4	45.2
101.5	46.3
101.5	47.4
101.7	46.3
101.8	43.6
101.9	42.5
101.9	43
102	46.3
102.2	46.9
102.3	44.7
102.3	44.1
102.4	43
102.6	43.6
102.7	47.4
102.8	49.7
102.9	50.2
103	52.4
103.2	54.1
103.2	55.7
103.3	57.9
103.3	58.5
103.3	59.1
103.5	61.3
103.7	62.4
103.8	63.5
103.8	64.6
104	65.1
104.1	65.7
104.3	65.1
104.3	67.3
104.3	67.3
104.4	67.9
104.5	66.8
104.8	63.5
104.8	62.4
104.9	61.3
105.1	62.4
105.2	64
105.4	64
105.6	62.9
105.7	62.9
105.8	64.6
105.8	65.1
105.8	66.2
105.9	66.2
105.9	66.2
106	65.1
106.1	62.4
106.2	62.4
106.2	62.4
106.3	62.4
106.3	62.4
106.6	60.7
106.6	60.2
106.7	57.9
106.9	55.7
107	58.5
107	61.8
107.2	64.6
107.3	65.7
107.4	65.7
107.6	63.5
107.7	62.4
107.7	60.2
107.9	58.5
107.9	60.2
108	60.7
108	62.4
108.1	64
108.2	65.7
108.3	62.9
108.5	64.6
108.5	65.1
108.5	66.2
108.7	66.8
108.7	64.6
108.8	62.9
108.9	60.2
108.9	61.3
109	63.5
109	65.7
109.1	67.9
109.2	69.6
109.3	67.3
109.6	68.4
109.7	70.7
109.8	70.7
109.9	69.6
110	67.9
110.1	65.1
110.2	62.4
110.2	62.4
110.3	64
110.3	65.7
110.4	66.8
110.4	68.4
110.5	69.6
110.7	69.6
110.9	67.3
111	67.3
111.2	69
111.2	71.8
111.3	72.3
111.4	71.8
111.4	71.2
111.5	69
111.7	66.2
111.9	66.8
112.1	67.9
112.2	69
112.3	72.9
112.4	74
112.6	74
112.8	72.3
112.9	70.1
113.1	68.4
113.1	67.9
113.2	67.3
113.4	68.4
113.6	71.2
113.7	76.2
113.7	78.4
113.9	78.4
114	75.1
114	74
114.1	73.4
114.2	72.9
114.3	70.7
114.4	69
114.5	66.8
114.5	66.2
114.6	65.7
114.7	66.2
115	68.4
115.2	69.6
115.2	70.1
115.3	71.2
115.3	71.2
115.4	69
115.5	69
115.5	69
115.5	70.7
115.6	71.2
115.7	70.7
115.9	69.6
116	70.1
116	70.7
116.1	71.8
116.1	72.9
116.1	74.5
116.2	74.5
116.3	76.7
116.4	77.3
116.5	75.6
116.6	73.4
116.6	71.2
116.7	70.1
116.7	69.6
116.7	69
116.8	69
116.9	69.6
117.1	71.8
117.1	71.8
117.1	72.3
117.1	71.8
117.2	70.1
117.2	69.6
117.3	66.8
117.4	64.6
117.5	65.7
117.5	69
117.6	69
117.6	69
117.8	69.6
117.8	70.1
117.9	71.8
118	74
118.1	74.5
118.1	74.5
118.2	74
118.3	75.1
118.4	75.1
118.5	76.2
118.6	76.2
118.6	77.8
118.8	77.8
118.8	77.8
118.9	76.7
119.2	74.5
119.2	76.2
119.2	78.9
119.3	79.5
119.4	81.2
119.4	82.8
119.6	83.4
119.8	82.8
119.9	82.8
119.9	82.8
120	83.9
120.2	83.9
120.4	82.8
120.4	81.7
120.6	81.2
120.6	80
120.8	80
120.8	79.5
120.8	77.8
120.9	76.7
121	74
121.1	72.3
121.1	71.8
121.2	71.8
121.3	74
121.4	74
121.4	74.5
121.4	74
121.5	72.9
121.5	72.3
121.5	71.2
121.6	69
121.6	68.4
121.7	68.4
122	70.7
122.1	70.7
122.1	70.7
122.3	70.1
122.3	70.1
122.3	70.1
122.4	69.6
122.4	69
122.5	71.2
122.6	73.4
122.6	75.1
122.7	74.5
122.7	73.4
122.9	74
123	76.2
123.1	78.4
123.1	80
123.1	80.6
123.2	79.5
123.3	76.2
123.4	75.6
123.4	74.5
123.4	72.9
123.5	71.2
123.6	70.7
123.6	70.7
123.6	72.9
123.8	75.6
123.9	77.3
124	78.4
124	75.6
124.1	74.5
124.2	73.4
124.5	71.8
124.5	71.2
124.5	70.7
124.5	69.6
124.7	72.3
124.7	74
124.8	76.2
124.8	77.8
124.8	78.9
124.9	80
125	80.6
125.1	82.3
125.1	83.4
125.2	87.2
125.3	87.2
125.4	86.1
125.4	85
125.5	84.5
125.5	84.5
125.6	84.5
125.9	84.5
126	85
126.1	86.1
126.2	90
126.3	91.1
126.4	89.4
126.5	88.9
126.6	87.2
126.7	86.1
126.9	87.2
126.9	87.8
127	88.9
127.1	87.2
127.2	85.6
127.3	85
127.3	83.4
127.5	84.5
127.6	86.1
127.7	86.7
128	86.1
128	85.6
128	86.1
128	88.9
128.1	91.7
128.2	93.3
128.3	93.3
128.5	93.3
128.6	93.3
128.7	91.7
128.7	91.1
128.7	90
128.8	88.9
128.9	86.7
128.9	86.1
129	84.5
129.1	84.5
129.2	86.7
129.2	87.2
129.4	88.3
129.6	90
129.7	90
129.8	90
129.9	88.9
130	86.7
130.1	83.9
130.2	83.4
130.4	84.5
130.5	83.9
130.6	82.8
130.7	82.8
130.8	82.3
130.9	82.3
131	84.5
131	84.5
131.1	83.9
131.2	81.2
131.3	80.6
131.4	83.4
131.5	86.1
131.5	87.2
131.6	90
131.7	90
131.9	92.2
132	92.2
132.1	92.2
132.2	90.5
132.3	90
132.6	93.3
132.6	93.3
132.6	90.5
132.7	88.3
132.8	86.7
132.9	86.1
132.9	85.6
133	88.3
133.1	89.4
133.1	89.4
133.2	90
133.4	91.1
133.6	92.2
133.6	92.2
133.6	91.7
133.6	88.9
133.8	87.8
133.8	87.2
133.9	87.2
134	86.7
134.4	88.3
134.5	88.9
134.6	90
134.6	92.8
134.7	94.4
134.9	91.7
135	91.1
135.1	90.5
135.1	90
135.3	92.2
135.4	92.8
135.5	95.5
135.5	95.5
135.6	98.3
135.7	98.8
135.8	95.5
135.8	95
135.8	92.2
135.8	90
135.9	87.8
136	87.2
136	86.7
136.2	86.7
136.2	86.7
136.3	84.5
136.3	83.9
136.3	82.3
136.3	80
136.4	78.9
136.5	81.2
136.6	81.7
136.7	83.4
136.9	85
137.1	85
137.2	86.1
137.4	87.2
137.4	87.2
137.5	88.9
137.6	90
137.6	89.4
137.7	88.9
137.7	86.7
137.8	86.1
137.9	86.1
138	85
138.1	82.3
138.1	81.7
138.2	80
138.3	79.5
138.5	81.2
138.5	83.9
138.5	84.5
138.5	85.6
138.6	83.9
138.7	83.9
138.8	83.9
138.9	82.8
139	82.8
139	86.1
139.3	87.8
139.5	87.2
139.5	87.8
139.6	88.9
139.6	91.7
139.6	94.4
139.8	95
139.8	94.4
139.9	92.2
140	90.5
140.1	87.8
140.2	85.6
140.2	85
140.2	83.9
140.3	83.4
140.4	85.6
140.6	85
140.6	85
140.6	83.9
140.7	85
140.9	86.1
141	86.1
141	85
141	84.5
141	82.8
141.2	82.3
141.3	81.7
141.3	81.7
141.5	82.3
141.6	83.9
141.6	83.4
141.8	82.3
141.8	81.7
141.9	80.6
142.1	81.2
142.2	83.4
142.2	83.9
142.3	85.6
142.5	88.3
142.6	88.9
142.7	91.7
142.9	95
142.9	97.2
143	98.8
143.1	101.6
143.3	98.8
143.3	95.5
143.4	93.3
143.5	91.7
143.5	87.8
143.5	84.5
143.6	81.7
143.6	81.2
143.7	80.6
143.8	78.4
143.9	77.8
144.1	77.8
144.1	77.8
144.2	78.4
144.3	82.3
144.4	84.5
144.5	84.5
144.7	83.9
144.8	83.9
144.9	86.1
144.9	86.1
145.1	86.1
145.1	84.5
145.2	83.4
145.3	81.7
145.4	80.6
145.5	80.6
145.6	81.2
145.7	82.8
145.7	84.5
145.9	84.5
145.9	84.5
146	83.9
146	80.6
146	80
146.1	81.7
146.2	83.4
146.2	84.5
146.4	84.5
146.5	85
146.5	86.1
146.6	87.8
146.8	90.5
146.8	91.7
146.9	89.4
147	87.8
147	87.2
147	83.9
147.1	82.8
147.3	81.2
147.3	84.5
147.7	89.4
147.8	90
147.8	91.7
148	91.7
148.2	90.5
148.4	90.5
148.4	90.5
148.7	90.5
148.9	92.2
148.9	93.3
149	95
149.1	95
149.2	95
149.4	93.9
149.4	93.3
149.4	92.2
149.5	91.7
149.6	90
149.7	89.4
149.7	88.9
149.9	88.9
149.9	87.8
150	88.3
150	90
150.2	93.3
150.2	93.9
150.2	93.9
150.3	93.3
150.4	91.7
150.5	91.1
150.5	91.7
150.6	91.7
150.5	91.7
150.7	93.3
150.8	95
150.9	92.8
150.9	91.7
151.1	93.3
151.1	93.9
151.2	91.1
151.4	88.9
151.4	88.3
151.6	88.3
151.9	88.9
152	90
152	90
152.3	94.4
152.5	98.3
152.6	101.6
152.7	102.2
152.8	102.7
152.9	100.5
152.9	97.2
152.9	96.1
153	95.5
153.1	96.1
153.1	96.1
153.2	92.8
153.2	90
153.4	88.9
153.6	94.4
153.7	95.5
153.8	95.5
153.9	93.3
154.1	90.5
154.2	90
154.2	90
154.4	92.8
154.5	95
154.6	96.6
154.8	96.6
155	98.3
155	98.3
155.3	97.7
155.3	97.2
155.5	96.1
155.8	95.5
155.9	96.6
155.9	97.2
156	98.8
156.1	99.9
156.2	99.9
156.2	99.4
156.4	96.6
156.4	96.1
156.4	98.3
156.4	98.8
156.6	98.8
156.7	97.2
156.9	99.9
156.9	99.9
157	101.6
157.1	101
157.2	97.7
157.3	97.2
157.5	100.5
157.6	100.5
157.7	99.9
157.9	98.8
158	96.6
158.1	97.7
158.1	98.3
158.2	99.4
158.4	99.9
158.6	101
158.6	102.2
158.6	102.2
158.8	104.4
158.9	106
159	106.6
159.3	106.6
159.4	106.6
159.4	103.8
159.5	101
159.5	100.5
159.5	98.3
159.6	96.1
159.7	96.6
159.7	98.8
159.8	99.4
159.9	99.4
160	98.8
160.1	98.3
160.1	96.6
160.2	98.3
160.3	99.9
160.4	99.9
160.4	99.4
160.6	97.7
160.7	96.1
160.7	96.1
160.7	95
160.8	95
160.8	95
160.8	95.5
161	97.2
161	97.2
161.3	96.1
161.4	95
161.3	96.6
161.5	95
161.8	93.3
161.9	91.1
162	90
162.3	92.2
162.4	94.4
162.5	95
162.6	97.2
162.8	99.4
162.9	97.7
163	97.2
163.2	96.6
163.4	95.5
163.5	96.6
163.6	99.4
163.7	101.6
164	102.2
164.1	102.2
164.1	98.3
164.1	97.7
164.2	98.3
164.3	97.7
164.4	95.5
164.4	95
164.5	93.9
164.6	93.9
164.6	91.1
164.6	90.5
164.7	88.9
164.8	88.3
164.9	87.2
165	85.6
165.1	82.8
165.3	85
165.5	86.1
165.5	86.1
165.7	85
165.7	82.8
165.7	81.7
165.8	82.8
166	83.9
166.1	83.9
166.1	81.2
166.2	79.5
166.3	80.6
166.5	82.3
166.6	82.3
166.8	79.5
166.8	77.3
167.1	78.4
167.1	78.9
167.1	81.2
167.2	83.4
167.3	87.2
167.4	87.2
167.4	89.4
167.5	90
167.7	86.7
167.7	85
167.7	85
167.7	83.9
167.8	81.2
167.8	78.9
167.9	77.8
167.9	77.8
167.9	77.3
168	75.6
168	74.5
168.1	72.9
168.2	71.2
168.4	70.1
168.5	70.1
168.7	71.2
168.9	74.5
169	78.9
169	81.7
169.1	83.4
169.1	83.9
169.3	85.6
169.5	84.5
169.6	81.2
169.6	80.6
169.6	78.4
169.6	75.6
169.7	75.1
169.7	75.6
169.9	77.8
170	78.4
170.1	77.3
170.1	76.7
170.2	76.2
170.3	75.6
170.6	78.4
170.6	78.4
170.7	78.4
170.7	78.4
170.8	78.9
171	81.7
171.1	83.4
171.2	86.7
171.2	87.2
171.3	87.8
171.4	87.8
171.6	90.5
171.7	91.1
171.7	88.9
171.8	87.8
171.8	87.2
171.9	86.1
172	83.4
172.1	83.4
172.2	85
172.3	86.7
172.3	87.8
172.3	91.1
172.4	92.8
172.5	93.3
172.6	93.3
172.8	91.1
172.8	90.5
172.8	88.9
172.8	90.5
172.9	88.9
173	88.3
173	88.3
173.1	87.2
173.2	86.7
173.2	86.7
173.4	87.8
173.4	87.8
173.5	85.6
173.5	85
173.5	85
173.8	87.2
173.8	87.2
173.9	85
173.9	84.5
173.9	82.8
174	81.2
174.1	80
174.1	80.6
174.2	83.4
174.4	87.8
174.4	88.3
174.6	90.5
174.7	91.7
174.8	92.8
174.8	92.8
174.5	90.4
174.6	92
174.8	94.2
174.8	94.8
174.9	94.2
175	90.9
175	90.4
175.1	90.4
175.2	92.6
175.3	92.6
175.4	91.5
175.5	90.4
175.6	92
175.6	94.8
175.6	95.3
175.7	96.4
175.8	98
175.8	99.7
175.9	100.2
175.9	101.3
175.9	101.8
176	102.4
176.1	102.9
176.1	103.5
176.1	104
176.2	105.1
176.4	105.7
176.5	104
176.5	99.7
176.6	96.4
176.7	93.1
176.7	89.3
176.8	88.8
176.8	87.1
177	88.2
177.2	89.3
177.3	91.5
177.4	92
177.5	91.5
177.6	90.9
177.6	89.3
177.8	87.7
177.9	89.3
177.9	91.5
177.9	92.6
178.1	92
178.3	90.4
178.5	89.9
178.6	90.4
178.7	94.2
178.7	96.4
178.7	97.5
178.8	96.4
178.9	95.9
179	95.9
179.1	96.9
179.1	97.5
179.1	98.6
179.2	100.2
179.2	99.7
179.3	99.7
179.4	98
179.4	96.9
179.6	97.5
179.7	96.4
179.7	95.3
179.8	93.1
179.9	92
179.9	92
180	94.2
180.1	95.9
180.2	98
180.3	100.2
180.3	101.3
180.5	101.3
180.5	100.2
180.6	96.9
180.6	95.3
180.8	92.6
180.8	92
181	90.9
181.1	89.9
181.4	89.9
181.5	92.6
181.5	96.4
181.5	96.4
181.5	98
181.6	99.1
181.7	101.3
181.7	101.8
181.7	101.8
181.7	101.8
181.8	103.5
181.8	105.1
182	104.6
182.2	102.9
182.2	104.6
182.3	106.2
182.3	106.8
182.3	107.3
182.4	107.3
182.4	107.3
182.5	107.3
182.6	104.6
182.7	104
182.8	104
182.9	105.1
183.1	105.7
183.4	106.2
183.4	106.2
183.6	107.8
183.6	110
183.7	112.2
183.7	113.3
183.7	113.3
183.7	115.5
183.8	116
183.9	115.5
184.1	114.4
184.2	113.8
184.2	113.8
184.3	114.9
184.4	116
184.6	116
184.6	116
184.7	113.3
184.7	112.7
184.8	110
184.8	108.9
184.8	105.7
184.9	101.3
185	98
185	96.9
185.1	96.4
185.2	98.6
185.3	99.7
185.5	99.7
185.6	99.7
185.7	100.2
185.8	107.3
185.9	111.7
185.9	112.2
185.9	115.5
185.9	118.7
186.2	120.9
186.3	121.5
186.4	118.2
186.4	118.2
186.5	115.5
186.5	114.4
186.6	112.2
186.6	108.9
186.8	106.2
186.9	105.1
187.1	105.7
187.1	106.8
187.2	110
187.3	112.7
187.4	117.1
187.5	119.3
187.5	120.9
187.5	122.6
187.6	123.7
187.8	122
187.9	119.8
188	116.6
188	116.6
188	114.9
188	113.3
188.2	111.7
188.2	111.1
188.4	108.4
188.4	106.8
188.4	105.1
188.4	104
188.4	99.1
188.4	97.5
188.4	96.4
188.5	95.3
188.5	93.7
188.5	93.1
188.7	90.9
188.8	90.4
188.9	92.6
189	94.8
189	95.9
189.1	98
189.1	98.6
189.1	100.8
189.1	102.9
189.1	106.2
189.1	106.2
189.1	107.8
189.4	111.1
189.4	111.7
189.5	113.3
189.6	116.6
189.6	117.1
189.6	117.1
189.7	116.6
189.9	116
190	117.1
190.1	117.1
190.1	118.7
190.1	120.4
190.1	120.9
190.2	122.6
190.2	123.1
190.2	123.7
190.3	125.8
190.4	124.7
190.4	124.2
190.4	123.1
190.5	121.5
190.5	120.4
190.6	119.3
190.8	119.3
190.9	119.3
191	118.7
191.1	117.7
191.1	115.5
191.2	113.3
191.3	111.1
191.4	108.4
191.5	105.1
191.5	104.6
191.5	102.9
191.6	100.8
191.6	99.1
191.7	98
191.8	98
192	99.7
192.2	102.4
192.3	106.2
192.4	108.9
192.4	112.2
192.4	111.7
192.4	108.9
192.5	108.4
192.6	109.5
192.7	110
192.8	108.4
192.8	106.8
192.9	106.2
193	105.7
193.2	110
193.4	112.2
193.4	112.7
193.5	114.9
193.6	117.1
193.6	120.4
193.7	122.6
193.8	124.7
194	123.7
194	121.5
194.1	122
194.1	122.6
194.4	123.1
194.5	121.5
194.5	120.4
194.8	123.1
194.8	122.6
194.8	119.3
194.8	118.7
194.9	116.6
195	114.4
195.1	114.4
195.1	114.4
195.1	114.4
195.2	113.8
195.3	112.2
195.3	110.6
195.3	109.5
195.5	108.9
195.6	108.9
195.7	109.5
195.9	110
196	110.6
196	108.4
196.1	106.8
196.1	106.2
196.2	104
196.3	102.4
196.5	101.3
196.6	102.9
196.7	104.6
196.7	104.6
196.8	108.9
196.8	109.5
196.9	112.2
197	114.9
197.1	117.7
197.3	118.7
197.3	120.4
197.5	120.4
197.6	117.7
197.6	116.6
197.7	114.9
197.8	112.7
197.8	112.7
197.9	111.1
198	111.7
198.1	113.3
198.1	114.9
198.3	117.1
198.3	119.3
198.4	119.8
198.4	119.8
198.5	120.4
198.5	120.4
198.7	120.4
198.8	118.7
198.9	117.1
198.9	115.5
199.1	114.9
199.2	115.5
199.2	116
199.2	118.2
199.3	120.4
199.3	120.4
199.5	121.5
199.7	126.4
199.8	125.8
199.8	123.1
199.9	120.9
199.9	118.2
199.9	118.2
199.9	116
199.9	114.9
200	118.2
200	118.7
200.1	119.3
200.2	119.8
200.2	117.7
200.2	116
200.3	115.5
200.3	114.9
200.4	113.3
200.5	113.3
200.6	116
200.6	116.6
200.6	116.6
200.6	113.3
200.8	113.3
200.9	113.8
201.1	116
201.3	119.3
201.4	120.4
201.5	120.4
201.5	113.8
201.5	106.2
201.6	100.8
201.8	96.9
201.9	95.3
201.9	92.6
202	89.3
202	88.8
202	84.4
202.2	81.7
202.3	82.8
202.3	83.3
202.4	86
202.6	91.5
202.6	94.8
202.7	98
202.9	100.8
203	102.4
203	102.9
203.1	104.6
203.1	106.8
203.2	107.3
203.4	105.7
203.5	104.6
203.6	106.2
203.6	107.8
203.7	107.3
203.8	105.7
203.8	105.1
203.8	105.1
203.8	105.1
203.9	102.9
203.9	101.8
204	102.9
204.1	104
204.2	105.1
204.3	106.8
204.4	105.7
204.5	102.9
204.6	101.8
204.7	101.3
204.7	98.6
204.8	96.9
204.8	96.4
205	99.1
205.2	101.3
205.3	102.4
205.4	105.7
205.4	107.3
205.5	107.8
205.5	108.4
205.6	108.4
205.7	108.4
205.8	106.8
205.8	104.6
205.9	104.6
205.9	104.6
206	104.6
206.2	105.7
206.3	108.4
206.4	109.5
206.4	110.6
206.5	110.6
206.6	108.9
206.7	110.6
206.8	111.1
206.9	108.4
207	105.7
207.1	102.9
207.2	100.2
207.2	103.5
207.3	105.7
207.3	106.2
207.4	108.9
207.5	110.6
207.6	112.2
207.8	109.5
207.9	105.1
207.9	100.2
208	94.8
208	90.9
208.1	89.3
208.2	86
208.3	81.7
208.3	81.7
208.5	80
208.6	77.9
208.8	76.2
209	79
209.1	80
209.2	80.6
209.3	82.8
209.5	86.6
209.5	88.8
209.5	90.9
209.5	94.2
209.5	94.8
209.5	94.8
209.6	96.9
209.7	99.1
209.7	102.4
209.8	105.7
209.8	106.2
209.9	108.9
209.9	110
209.9	110.6
210	112.2
210	112.7
210.1	113.3
210.2	115.5
210.3	114.9
210.4	113.8
210.6	114.4
210.7	114.9
210.7	115.5
210.8	116.6
211.1	110.6
211.1	107.3
211.2	102.4
211.2	101.8
211.3	99.1
211.3	95.9
211.3	93.7
211.3	91.5
211.4	90.4
211.5	90.4
211.6	92.6
211.7	91.5
211.8	90.4
211.8	89.3
211.9	87.7
211.9	87.7
212	86
212	83.3
212.1	81.7
212.2	83.9
212.3	88.2
212.4	92
212.4	90.4
212.6	88.8
212.6	88.2
212.7	88.2
212.7	89.9
212.9	91.5
213.1	93.7
213.1	99.7
213.1	101.3
213.1	102.9
213.1	106.2
213.2	108.4
213.2	111.1
213.4	113.3
213.5	113.3
213.5	114.4
213.5	114.9
213.6	117.1
213.7	118.7
213.9	120.9
213.9	121.5
214	119.8
214.1	116
214.2	111.1
214.3	107.3
214.3	106.8
214.3	102.9
214.3	99.1
214.3	95.3
214.3	93.1
214.3	91.5
214.4	88.8
214.4	88.2
214.5	86
214.5	83.3
214.6	81.1
214.7	79.5
214.7	77.3
214.8	75.7
214.9	75.7
215.1	76.8
215.2	80
215.3	86
215.4	90.9
215.6	93.7
215.6	96.9
215.6	99.1
215.6	99.7
215.7	102.9
215.7	105.1
215.8	108.4
215.9	109.5
216.1	111.7
216.1	111.7
216.2	109.5
216.3	104
216.4	98
216.5	93.1
216.5	88.2
216.5	84.9
216.5	83.9
216.6	82.2
216.7	79
216.8	76.2
216.8	72.4
216.8	71.3
216.8	74
216.9	77.9
217	81.7
217	85.5
217.1	86.6
217.3	90.9
217.4	93.1
217.4	93.1
217.6	90.9
217.6	88.2
217.7	85.5
217.8	84.9
217.8	84.9
217.9	87.7
218	90.9
218	94.2
218.2	96.9
218.2	97.5
218.3	100.8
218.4	102.4
218.4	105.7
218.4	106.8
218.4	106.8
218.4	108.4
218.5	110
218.6	111.1
218.7	112.2
218.8	112.7
218.9	114.4
219	114.9
219	114.9
219.2	113.3
219.2	112.7
219.3	109.5
219.3	105.7
219.4	100.8
219.5	95.9
219.5	92
219.5	91.5
219.6	86.6
219.7	87.1
219.7	86.6
219.8	84.4
219.9	83.3
220	81.7
220	80.6
220	77.9
220.1	76.8
220.1	74.6
220.1	74
220.1	74
220.3	77.9
220.3	77.9
220.4	80
220.4	82.2
220.5	82.8
220.7	80.6
220.7	79
220.8	77.9
220.8	77.9
220.9	80
221.1	83.9
221.1	86
221.2	87.7
221.2	90.4
221.2	94.2
221.3	94.8
221.3	95.3
221.4	97.5
221.4	99.1
221.5	100.8
221.5	101.3
221.6	103.5
221.6	103.5
221.6	104
221.7	102.9
221.8	98
221.9	95.3
222	91.5
222	89.9
222.1	87.7
222.1	86
222.3	83.3
222.3	80
222.3	79
222.4	79
222.4	80
222.5	82.2
222.5	82.2
222.5	83.9
222.6	83.9
222.7	83.9
222.8	83.3
222.9	84.9
222.9	87.1
223	88.2
223.1	87.7
223.2	87.1
223.2	87.1
223.3	87.1
223.3	89.3
223.3	92
223.3	96.9
223.3	100.2
223.3	102.4
223.3	103.5
223.4	105.1
223.5	107.3
223.7	108.9
223.8	110.6
223.9	111.1
224	108.9
224	108.4
224	104
224	100.2
224	95.9
224	93.1
224	88.2
224	87.1
224	86
224.1	84.9
224.2	82.8
224.3	82.2
224.5	81.7
224.6	82.2
224.7	83.9
224.7	84.4
224.9	86
224.9	88.8
225	91.5
225	94.2
225.1	96.4
225.1	98
225.1	98.6
225.2	100.8
225.3	101.8
225.3	102.4
225.4	103.5
225.4	104
225.5	104.6
225.5	105.1
225.5	106.2
225.4	107.8
225.4	110.6
225.5	111.1
225.6	109.5
225.8	109.5
225.8	109.5
225.9	108.4
225.9	106.8
226	105.7
226.1	105.7
226.1	108.9
226.3	110
226.3	111.7
226.4	113.3
226.5	114.4
226.5	114.9
226.5	116.6
226.6	119.3
226.6	119.3
226.6	119.8
226.7	118.7
226.7	116.6
226.8	114.4
226.8	112.2
226.9	111.7
227	113.3
227	114.4
227.1	117.1
227.2	121.5
227.2	122
227.2	124.2
227.2	125.3
227.2	128.6
227.4	132.4
227.4	135.6
227.5	137.8
227.5	137.3
227.5	136.7
227.6	136.2
227.6	135.6
227.6	135.6
227.7	136.2
227.8	137.8
227.8	138.4
227.8	135.6
227.8	132.9
227.8	131.3
227.9	129.6
228	126.4
228	125.8
228	124.2
228.1	120.4
228.1	118.7
228.1	115.5
228.2	114.4
228.2	113.8
228.2	110.6
228.2	110
228.3	107.3
228.3	102.9
228.3	97.5
228.4	93.7
228.4	91.5
228.4	89.9
228.5	85.5
228.5	84.9
228.5	82.2
228.6	80
228.7	76.8
228.7	75.7
228.7	73.5
228.7	71.3
228.7	71.3
228.7	69.1
228.7	67.5
228.7	65.9
228.8	63.1
228.9	61.5
228.9	59.9
228.9	58.8
229.1	62.6
229.1	63.1
229.2	67
229.2	67.5
229.2	69.1
229.2	71.3
229.2	73
229.4	74.6
229.4	76.8
229.4	79
229.5	80.6
229.6	81.1
229.7	81.1
229.8	80
229.8	80
229.9	80
229.9	80
230.1	81.7
230.3	82.8
230.3	84.4
230.4	85.5
230.5	83.9
230.6	83.3
230.6	81.1
230.7	76.2
230.7	75.1
230.8	74
230.9	74
231	75.1
231.1	77.3
231.1	77.9
231.1	77.9
231.3	75.7
231.4	73
231.5	71.3
231.6	69.1
231.6	68.6
231.7	67
231.8	64.2
231.8	62.6
231.9	64.8
231.9	65.3
231.9	67.5
232	69.7
232.2	71.9
232.3	74
232.4	75.7
232.5	75.7
232.5	75.7
232.5	73.5
232.6	71.3
232.9	70.8
233	73.5
233	73
233.1	70.2
233.2	69.7
233.2	69.7
233.4	69.7
233.4	71.9
233.4	75.1
233.4	77.3
233.5	78.4
233.5	78.4
233.6	80.6
233.6	81.7
233.6	82.2
233.8	84.9
233.9	84.9
234	82.8
234	77.9
234.1	75.1
234.1	74
234.1	73
234.3	70.2
234.4	70.2
234.6	72.4
234.6	74.6
234.6	77.9
234.7	80
234.8	82.2
234.8	84.9
234.9	89.3
234.9	92
234.8	95.3
234.9	96.9
235	98.6
235	98.6
235.2	101.3
235.2	101.8
235.4	101.8
235.4	101.8
235.5	101.3
235.7	97.5
235.7	96.9
235.8	92
235.8	91.5
235.9	87.7
236	82.2
236.1	77.9
236.2	74.6
236.2	70.8
236.2	69.7
236.2	68.6
236.3	65.3
236.4	66.4
236.6	69.1
236.7	73
236.7	76.8
236.8	77.9
236.9	75.7
237	73
237	71.3
237.2	69.1
237.3	68
237.4	65.3
237.5	64.8
237.6	66.4
237.6	69.1
237.8	69.1
237.8	69.1
237.9	69.1
238	70.2
238	71.9
238.1	74
238.1	74
238.2	76.2
238.4	77.9
238.4	80
238.4	82.2
238.5	82.8
238.7	82.8
238.7	78.4
238.8	73.5
238.9	69.7
239	65.9
239.1	63.1
239.1	59.9
239.2	57.7
239.2	57.7
239.3	54.4
239.4	52.8
239.4	51.2
239.4	50.6
239.4	49
239.4	45.2
239.4	42.4
239.4	40.2
239.5	38.1
239.6	37
239.7	35.9
240	37.5
240	38.1
240	40.2
240	43.5
240	44.1
240.1	45.2
240.2	46.8
240.3	49
240.4	52.8
240.4	53.3
240.5	54.4
240.5	56.1
240.6	56.6
240.8	56.6
240.9	55
240.9	52.2
241	51.7
241.1	51.7
241.2	51.2
241.4	51.2
241.4	52.2
241.7	53.3
241.7	52.8
241.7	50.6
241.8	49
242	49.5
242.1	50.6
242.3	51.7
242.4	52.2
242.4	52.2
242.4	52.8
242.5	53.9
242.7	56.1
242.8	58.2
242.8	61
242.9	62.1
243	65.3
243.1	65.9
243.2	65.9
243.3	64.2
243.4	61
243.4	59.9
243.5	59.3
243.5	57.7
243.5	57.7
243.6	57.7
243.7	58.2
243.8	58.2
243.9	57.1
244	55
244.3	52.2
244.4	50.1
244.5	47.9
244.5	46.8
244.6	45.2
244.8	44.1
244.8	44.1
245.1	45.2
245.2	47.3
245.3	49.5
245.4	50.6
245.5	52.2
245.5	52.8
245.6	52.2
245.6	51.2
245.6	48.4
245.8	49
245.8	50.6
246	53.9
246	54.4
246.2	57.1
246.3	59.3
246.4	59.3
246.5	58.8
246.5	57.1
246.6	54.4
246.6	53.9
246.6	52.2
246.6	52.2
246.7	51.2
246.7	49.5
246.7	47.9
246.9	48.4
247.1	49.5
247.1	48.4
247.1	45.7
247.2	44.6
247.3	43.5
247.3	43.5
247.3	42.4
247.4	41.3
247.4	40.2
247.5	39.7
247.5	39.7
247.5	39.7
247.6	39.2
247.6	38.6
247.7	38.1
247.8	38.1
247.8	39.7
247.9	40.8
247.9	40.8
248	40.8
248.1	41.3
248.2	43.5
248.3	45.7
248.4	47.3
248.4	47.9
248.5	47.9
248.7	47.3
248.8	46.8
248.9	45.7
249	45.7
249.1	46.8
249.2	46.8
249.3	45.7
249.4	43.5
249.5	40.2
249.5	39.2
249.5	36.4
249.6	33.2
249.6	33.2
249.6	31
249.7	29.3
249.8	26.6
249.9	26.1
249.9	25
250	22.3
250	21.2
250.1	19
250.2	17.4
250.2	15.7
250.4	14.1
250.4	13
250.4	12.4
250.4	11.9
250.7	11.4
250.9	10.8
251.2	12.4
251.3	14.1
251.5	15.2
251.7	17.4
251.9	19.5
252.1	22.8
252.1	23.3
252.2	26.1
252.4	27.7
252.4	29.3
252.5	32.1
252.5	33.7
252.6	36.4
252.7	38.1
252.8	39.7
252.9	40.8
252.9	42.4
252.9	43.5
253	45.2
253.1	45.7
253.2	45.2
253.3	41.3
253.4	40.2
253.5	41.9
253.5	43
253.6	43.5
253.7	43.5
253.7	41.3
253.8	37.5
253.9	33.7
253.9	30.4
254	27.2
254	26.1
254.1	25
254.2	23.9
254.3	22.8
254.5	22.8
254.7	25.5
254.7	26.1
254.8	29.3
254.8	31.5
255	31.5
255	31
255.2	29.3
255.2	28.8
255.3	28.3
255.4	27.7
255.5	27.7
255.7	28.3
255.8	30.4
255.9	34.3
255.9	35.3
256	33.7
256	32.1
256	31.5
256.2	29.9
256.2	30.4
256.3	32.1
256.4	32.1
256.4	32.1
256.5	31.5
256.6	33.2
256.6	33.7
256.8	36.4
256.9	38.1
256.9	39.7
257	41.3
257.1	42.4
257.1	42.4
257.2	43
257.3	40.8
257.4	37.5
257.4	36.4
257.4	34.8
257.5	32.6
257.5	31
257.5	28.8
257.6	26.6
257.7	25
257.7	23.9
257.8	21.7
257.8	20.1
257.8	20.1
258	20.1
258	23.3
258.1	23.3
258.3	22.3
258.4	22.3
258.6	21.7
258.6	23.3
258.8	25
258.9	25.5
259.1	27.2
259.2	27.2
259.2	26.1
259.3	23.9
259.4	21.7
259.4	21.7
259.4	21.2
259.5	22.3
259.8	24.4
260	22.8
260	22.8
260.1	23.3
260.2	26.1
260.4	27.2
260.6	27.2
260.8	27.2
261	26.6
261	26.6
261.1	27.2
261.2	28.8
261.2	31
261.3	32.6
261.4	33.2
261.5	31
261.6	29.3
261.6	28.8
261.7	28.8
261.8	29.9
261.9	31.5
262	31.5
262	32.1
262.1	32.1
262.2	30.4
262.3	28.8
262.4	28.3
262.6	28.3
262.8	29.3
262.8	31.5
262.9	33.2
263	35.3
263	35.3
263	34.8
263.1	34.8
263.2	35.9
263.3	37
263.6	37
263.5	35.9
263.5	34.8
263.5	33.7
263.6	31.5
263.6	31.5
263.7	31.5
263.8	33.2
263.8	33.2
264.1	31
264.2	30.4
264.4	32.1
264.5	33.7
264.5	34.8
264.6	35.3
264.7	35.9
264.8	36.4
264.8	36.4
265	34.8
265.2	32.6
265.2	32.1
265.2	31
265.3	31
265.4	33.7
265.6	37
265.7	37.5
265.9	37.5
266	36.4
266.1	35.3
266.2	33.2
266.2	33.7
266.3	35.9
266.4	35.3
266.5	33.7
266.6	32.6
266.8	32.6
266.9	32.6
267.1	32.6
267.2	32.6
267.3	32.6
267.4	31.5
267.4	29.9
267.5	29.3
267.7	31.5
267.9	32.6
268	33.2
268.1	34.3
268.1	34.3
268.2	35.9
268.4	35.3
268.4	33.7
268.4	33.2
268.5	32.6
268.6	32.1
268.6	34.3
268.7	35.3
268.9	35.9
269	36.4
269.2	35.9
269.4	34.8
269.4	34.3
269.5	33.7
269.6	34.3
269.7	36.4
269.7	37
269.9	38.1
270	38.6
270.1	38.6
270.2	38.1
270.4	37.5
270.5	37.5
270.7	37.5
270.8	38.6
270.8	39.2
271	41.3
271	42.4
271.1	42.4
271.2	41.9
271.3	41.9
271.4	43.5
271.5	45.7
271.5	46.8
271.5	46.8
271.7	46.2
271.7	43.5
271.8	43
271.8	44.6
272	45.2
272.1	43.5
272.3	40.2
272.3	40.2
272.3	40.2
272.5	43
272.5	43.5
272.5	44.6
272.7	46.8
273	48.4
273.2	49
273.3	46.8
273.4	44.6
273.4	43.5
273.5	41.9
273.7	40.2
273.7	39.7
273.7	38.1
273.8	38.1
273.9	40.8
274	43
274	44.1
274.1	45.7
274.2	45.7
274.4	45.2
274.5	46.2
274.5	47.3
274.6	47.3
274.7	47.3
274.7	47.9
274.8	47.9
274.9	47.9
275	48.4
275	48.4
275	49
275.1	49
275.1	48.4
275.1	46.8
275.2	45.2
275.2	44.1
275.3	43.5
275.3	42.4
275.4	41.9
275.4	41.3
275.7	41.3
275.7	44.1
275.8	45.7
275.8	46.2
275.9	45.2
276	44.1
276	42.4
276	41.9
276.1	43.5
276.2	45.2
276.2	45.7
276.4	45.7
276.5	45.7
276.5	44.6
276.7	43
276.8	42.4
276.9	44.1
277	46.2
277	49.5
277.1	51.7
277.1	51.7
277.2	51.2
277.3	50.1
277.4	51.2
277.4	52.8
277.6	53.9
277.6	53.3
277.6	50.6
277.7	50.1
277.8	51.2
277.8	51.7
277.9	51.7
278	48.4
278	47.3
278.1	46.8
278.3	47.9
278.3	47.9
278.4	47.9
278.6	47.9
278.6	47.9
278.7	46.8
278.9	47.3
279	47.9
279.1	49.5
279.2	49.5
279.2	46.8
279.3	45.2
279.4	44.1
279.4	43.5
279.5	42.4
279.7	43.5
279.8	46.2
280.1	46.2
280.2	46.2
280.3	45.2
280.3	45.2
280.4	43
280.5	44.1
280.7	45.2
280.8	44.1
280.8	42.4
280.8	40.8
280.9	39.7
281	39.2
281.1	38.6
281.2	38.6
281.3	39.7
281.4	40.8
281.5	41.3
281.6	40.8
281.7	41.3
281.8	43
281.9	42.4
282	41.3
282.2	40.2
282.5	39.7
282.6	39.2
282.6	39.2
282.7	37.5
282.8	35.9
282.8	35.3
283	34.8
283.1	37
283.2	39.7
283.2	39.7
283.4	40.2
283.6	42.4
283.6	43
283.8	44.6
283.8	44.6
283.9	46.2
284.1	49
284.1	50.6
284.1	53.9
284.2	55.5
284.4	53.3
284.5	52.2
284.5	49.5
284.6	48.4
284.6	49.5
284.6	51.2
284.8	52.8
284.9	53.3
285	52.8
285	50.6
285.1	47.9
285.2	46.8
285.2	45.7
285.3	43
285.4	41.9
285.5	41.9
285.5	43
285.7	43
285.8	42.4
285.8	40.8
285.9	38.1
286	35.3
286.1	34.8
286.1	32.6
286.1	31.5
286.2	29.3
286.3	28.3
286.3	28.3
286.3	28.3
286.6	29.3
286.7	31.5
286.7	32.1
286.8	33.2
287	34.3
287.2	34.8
287.2	35.3
287.3	34.8
287.4	33.7
287.4	32.1
287.5	29.9
287.6	29.3
287.7	28.3
287.8	27.7
287.9	27.2
288	27.2
288.3	27.2
288.4	27.2
288.6	27.2
288.7	27.2
288.7	27.2
288.7	27.2
288.8	26.6
289	25.5
289.1	23.9
289.1	23.3
289.2	22.3
289.3	21.2
289.4	19.5
289.5	19.5
289.6	19
289.7	20.6
289.8	23.3
289.9	28.8
290.1	35.3
290.2	39.2
290.3	43.5
290.3	45.7
290.3	49.5
290.3	52.2
290.5	55
290.5	56.6
290.5	58.2
290.5	58.8
290.7	58.8
290.8	59.3
290.8	60.4
290.9	62.1
291	63.7
291.1	63.7
291.2	63.1
291.3	63.7
291.3	63.7
291.3	65.9
291.4	67.5
291.5	69.7
291.7	69.7
291.8	70.2
291.8	70.2
291.9	71.3
292	72.4
292	72.4
292	72.4
292	71.3
292.1	69.7
292.2	69.7
292.3	70.8
292.4	71.9
292.4	72.4
292.4	73
292.4	73.5
292.5	73.5
292.5	73.5
292.7	71.9
292.7	69.7
292.7	69.7
292.7	67.5
292.8	65.3
292.8	63.7
293	63.7
293	64.2
293.2	65.9
293.4	65.3
293.5	63.7
293.7	62.6
293.9	61.5
294	59.9
294	58.8
294.1	56.1
294.1	55
294.2	52.8
294.2	52.2
294.2	50.6
294.3	48.4
294.3	48.4
294.4	45.7
294.4	43.5
294.5	41.3
294.5	40.8
294.6	40.8
294.7	41.3
294.7	40.8
294.7	40.8
294.7	39.2
294.7	37.5
294.8	37
294.8	35.9
294.9	34.8
295	33.7
295	33.7
295.1	33.2
295.2	34.8
295.3	37.5
295.3	41.9
295.3	43
295.4	45.7
295.5	49
295.5	54.4
295.5	59.3
295.5	62.6
295.6	63.7
295.6	65.9
295.6	68
295.6	70.2
295.7	74
295.7	77.3
295.7	77.9
295.7	80
295.9	86.6
295.9	88.8
296	89.9
296.1	90.4
296.1	88.8
296.2	82.8
296.2	82.2
296.2	77.3
296.2	73
296.2	69.1
296.3	67.5
296.4	64.8
296.4	61.5
296.4	58.8
296.4	57.7
296.5	57.7
296.6	60.4
296.6	61.5
296.7	63.7
296.7	67
296.8	69.1
297	70.2
297	70.2
297.1	70.2
297.1	69.1
297.3	67.5
297.3	67.5
297.3	67
296.4	59.9
296.5	61
296.7	63.1
296.8	66.4
296.8	67
297	70.2
297.1	71.3
297.1	71.3
297.2	68
297.3	68
297.4	65.9
297.5	67
297.6	68
297.8	65.3
297.8	63.1
298	62.1
298.1	59.9
298.1	56.6
298.2	51.2
298.4	47.9
298.4	44.6
298.5	40.2
298.6	35.9
298.8	32.6
298.8	32.1
298.9	31
298.9	28.8
298.9	28.8
299	27.2
299	24.4
299.2	22.3
299.3	20.6
299.3	19.5
299.4	18.4
299.5	17.9
299.5	17.4
299.5	17.4
299.6	16.8
299.7	16.3
299.8	15.7
299.9	15.7
300	17.4
300.1	20.1
300.1	20.6
300.2	23.3
300.2	23.9
300.3	26.1
300.4	28.3
300.4	31
300.5	32.6
300.6	35.3
300.5	37.5
300.5	43.5
300.5	47.3
300.5	52.8
300.5	56.6
300.6	62.1
300.6	65.3
300.6	68.6
300.7	70.2
300.7	71.9
300.8	72.4
300.9	74
300.9	74
300.9	76.8
301.1	80
301.1	79.5
301.1	75.7
301.1	75.7
301.2	69.7
301.4	71.9
301.5	76.8
301.5	77.9
301.6	81.1
301.6	82.2
301.6	83.9
301.6	86
301.6	86.6
301.7	88.2
301.8	91.5
301.8	94.2
301.9	96.4
301.9	98
301.9	99.1
302.1	100.8
302.1	100.2
302.2	95.9
302.2	92
302.3	86.6
302.3	82.8
302.3	79.5
302.4	76.2
302.5	73
302.6	71.3
302.6	74
302.6	77.3
302.7	79.5
302.9	80.6
302.9	80.6
303	82.2
303.1	83.3
303.3	84.9
303.4	86.6
303.5	88.2
303.5	86.6
303.6	83.9
303.5	79
303.5	73.5
303.5	73
303.5	69.1
303.6	65.3
303.6	61.5
303.7	57.7
303.8	54.4
303.8	54.4
304	50.1
304	50.1
304	47.9
304.1	45.2
304.1	44.6
304.1	41.9
304.2	40.2
304.4	41.3
304.5	43.5
304.6	45.7
304.7	47.3
304.8	48.4
304.9	48.4
305	46.2
305	45.2
305	44.6
305.1	43.5
305.3	41.3
305.4	41.3
305.5	41.3
305.6	43.5
305.6	43.5
305.7	45.7
305.8	48.4
306	47.3
306	45.2
306.1	44.1
306.1	43.5
306.1	43.5
306.2	41.9
306.4	43
306.6	45.2
306.8	46.2
306.9	49.5
307	51.2
307.1	50.1
307.1	47.9
307.2	46.8
307.2	45.7
307.5	44.6
307.5	46.8
307.6	50.1
307.7	51.7
307.7	53.9
307.9	56.1
308	58.2
308	58.8
308.2	56.1
308.5	55
308.6	55
308.7	52.8
308.9	49.5
308.9	49
308.9	51.7
309	55.5
309.1	56.1
309.4	57.1
309.4	57.7
309.4	57.7
309.4	57.7
309.5	59.3
309.6	59.9
309.7	61
309.8	62.1
309.7	61
309.7	62.6
309.7	63.7
309.9	63.1
310	62.6
310.2	58.8
310.2	53.9
310.2	49.5
310.3	47.9
310.4	45.2
310.4	44.6
310.5	43.5
310.6	41.9
310.8	41.3
310.8	41.9
310.9	44.6
311	45.2
311.1	42.4
311.1	41.3
311.2	39.7
311.3	39.2
311.3	40.8
311.4	41.3
311.5	41.9
311.5	41.3
311.6	39.2
311.6	39.2
311.8	40.2
311.9	42.4
312	40.8
312	37
312.1	35.9
312.2	35.3
312.2	35.9
312.4	35.3
312.4	34.8
312.5	34.3
312.5	33.7
312.6	32.6
312.6	32.6
312.7	32.6
312.7	32.6
312.8	35.3
312.9	35.3
313	34.8
313	34.3
313	33.2
313	32.1
313.2	32.6
313.2	34.8
313.3	35.9
313.4	38.1
313.5	38.1
313.7	36.4
313.8	34.3
313.8	33.2
313.9	33.2
314.1	35.3
314.1	38.1
314.2	39.7
314.2	40.8
314.4	39.2
314.4	37.5
314.4	35.9
314.5	34.8
314.7	35.3
314.9	36.4
314.9	36.4
315	38.1
315	40.8
315	41.3
315	41.3
315.2	40.2
315.3	39.7
315.5	39.2
315.7	40.2
315.7	40.8
315.8	42.4
315.8	41.9
315.9	40.2
316	38.6
316.2	39.2
316.3	40.2
316.4	40.8
316.6	41.9
316.6	41.9
316.7	42.4
316.8	43
316.8	43
317.1	43
317.3	42.4
317.4	44.1
317.5	47.3
317.6	49.5
317.6	49.5
317.7	47.9
317.8	46.8
317.9	46.8
318.2	49
318.2	48.4
318.3	46.2
318.4	45.7
318.5	45.2
318.6	47.3
318.6	47.9
319	47.3
319.2	47.3
319.2	47.9
319.3	49
319.3	52.2
319.4	54.4
319.5	56.1
319.5	57.1
319.7	56.1
319.9	55
320.2	55
320.2	56.6
320.2	58.8
320.2	59.3
320.3	59.3
320.4	58.2
320.4	57.1
320.6	54.4
320.7	54.4
320.8	57.1
320.9	57.7
321	57.1
321.1	55.5
321.2	55
321.3	55.5
321.4	57.7
321.5	59.9
321.7	62.1
321.8	64.2
321.8	65.9
321.8	67
321.8	67
321.9	65.9
322	63.7
322.1	63.1
322.2	62.1
322.3	62.1
322.4	62.1
322.5	62.1
322.6	62.1
322.8	62.1
322.9	63.7
322.9	64.8
322.9	65.9
323.1	67.5
323.1	68
323.1	67
323.1	67
323.2	68
323.4	69.7
323.4	70.2
323.4	70.2
323.5	70.2
323.5	69.7
323.6	67.5
323.6	65.9
323.7	65.9
323.8	64.8
323.9	62.1
323.9	59.9
323.9	58.2
323.9	58.2
324	62.1
324.2	63.1
324.4	65.3
324.4	67.5
324.5	70.2
324.5	70.8
324.5	71.3
324.5	70.8
324.5	68.6
324.6	67.5
324.7	67.5
324.8	67.5
324.9	69.1
325	70.2
325	70.2
325	68
325	65.3
325	64.8
325.1	66.4
325.2	68.6
325.3	68.6
325.3	67.5
325.4	67.5
325.5	67
325.5	67
325.5	67.5
325.6	67
325.8	66.4
325.9	69.7
325.9	70.8
326	69.7
326.1	68.6
326.2	68
326.2	68
326.3	69.1
326.4	71.9
326.5	73
326.6	73
326.6	73
326.7	71.3
326.8	71.9
326.9	74
326.9	71.9
327	69.7
327	67.5
327.1	65.9
327.2	64.8
327.2	64.8
327.2	63.7
327.4	62.6
327.5	62.1
327.7	64.2
327.8	64.8
327.9	63.1
328.1	61.5
328.1	60.4
328.3	59.3
328.5	59.3
328.6	58.2
328.7	56.6
328.8	58.2
328.9	62.1
329.1	65.3
329.2	68
329.3	69.1
329.4	67.5
329.4	64.8
329.4	65.9
329.5	67.5
329.5	67.5
329.7	67.5
329.8	67
329.9	66.4
330	64.8
330.1	63.1
330.2	62.1
330.2	62.6
330.3	64.8
330.3	68.6
330.3	69.1
330.4	72.4
330.5	74
330.6	75.7
330.6	79.5
330.7	83.9
330.7	88.2
330.9	92
331	94.8
331	97.5
331	99.7
331	102.9
331	104.6
331.1	106.8
331.1	107.8
331.1	108.4
331.2	109.5
331.3	111.7
331.3	111.7
331.4	113.8
331.6	112.2
331.6	107.3
331.7	101.3
331.8	96.9
331.8	94.2
331.9	90.4
331.9	87.1
332	84.4
332	81.7
332.1	78.4
332.2	77.3
332.3	75.1
332.4	73.5
332.5	72.4
332.6	72.4
332.8	74
332.8	74.6
332.9	75.1
333	75.7
333	78.4
333	78.4
333	77.3
333.1	75.1
333.2	75.7
333.2	77.9
333.3	79
333.3	79.5
333.4	79.5
333.4	78.4
333.5	75.7
333.5	74.6
333.5	73.5
333.6	69.7
333.6	67
333.6	64.8
333.7	62.1
333.8	59.9
333.8	58.2
334	58.2
334.1	58.8
334.1	60.4
334.1	61.5
334.2	63.1
334.2	63.1
334.3	62.6
334.3	61.5
334.4	61
334.4	61
334.6	62.1
334.7	63.7
334.7	64.2
334.7	65.9
334.7	67.5
334.8	68
334.9	68.6
335	70.2
335	73.5
335	74
335.1	75.1
335.2	76.8
335.2	79
335.2	80
335.3	84.4
335.3	85.5
335.3	87.1
335.4	89.3
335.4	89.3
335.4	90.4
335.4	90.9
335.4	91.5
335.5	92
335.6	89.3
335.6	86
335.7	83.9
335.8	82.8
336	82.8
336.1	82.2
336.1	84.9
336.1	88.2
336.2	89.3
336.2	90.9
336.2	93.7
336.3	95.9
336.4	96.4
336.5	97.5
336.5	98.6
336.5	99.7
336.7	100.2
336.9	97.5
336.9	96.4
336.9	94.2
337	88.2
337	87.1
337	84.4
337	81.1
337	80.6
337	77.9
337.1	74.6
337.2	72.4
337.2	71.3
337.4	73
337.4	76.8
337.4	80
337.4	84.4
337.4	84.9
337.5	87.1
337.6	90.4
337.6	90.9
337.6	92
337.6	94.8
337.6	94.8
337.7	96.4
337.7	99.1
337.6	97.5
337.8	99.7
337.9	102.9
337.9	102.9
337.9	105.7
337.9	109.5
337.9	110
338	111.1
338.1	112.7
338.1	112.7
338.2	113.8
338.2	114.4
338.3	114.4
338.5	114.4
338.5	113.8
338.7	112.7
338.8	108.9
338.9	106.2
339	102.9
339.1	100.8
339.3	100.2
339.4	101.8
339.5	101.8
339.6	100.8
339.6	99.1
339.7	96.9
339.8	95.3
340.1	93.7
340.2	93.7
340.2	96.9
340.2	98
340.3	99.7
340.4	102.9
340.4	106.8
340.4	108.4
340.5	111.7
340.5	112.7
340.5	113.8
340.5	114.9
340.6	114.4
340.7	112.2
340.7	111.1
340.7	110
340.8	109.5
340.8	108.9
340.9	108.4
341.1	107.3
341.1	107.3
341.2	106.8
341.3	105.1
341.4	105.1
341.6	106.8
341.7	106.2
341.8	105.1
342	105.1
342.2	104.6
342.3	105.1
342.4	107.3
342.5	110
342.5	110.6
342.5	109.5
342.6	107.3
342.7	106.8
342.7	107.3
342.8	108.4
342.9	109.5
343.1	110
343.1	110
343.2	109.5
343.2	107.8
343.3	106.2
343.4	104.6
343.4	102.9
343.5	102.4
343.5	102.4
343.6	102.9
343.7	102.9
343.9	105.1
343.9	105.7
343.9	106.8
344.1	108.9
344.1	109.5
344.1	112.2
344.1	113.3
344.1	113.8
344.2	114.9
344.3	114.9
344.4	114.9
344.6	113.8
344.6	113.3
344.7	113.8
344.8	115.5
344.8	116
344.9	116.6
344.9	116.6
345	114.9
345	113.8
345.1	114.9
345.1	116.6
345.2	118.2
345.3	117.7
345.3	117.1
345.5	115.5
345.5	113.3
345.6	110
345.7	108.4
345.7	105.7
345.7	104.6
345.7	102.4
345.8	99.7
345.9	98.6
345.9	100.2
346.1	104
346.1	104
346.2	104.6
346.3	104.6
346.4	104.6
346.6	104
346.7	102.9
346.8	101.3
346.9	100.8
347	104.6
347.1	106.2
347.2	108.9
347.3	108.9
347.3	106.8
347.4	105.7
347.4	104.6
347.5	102.9
347.6	101.8
347.6	101.3
347.7	99.7
347.7	99.7
347.8	99.1
347.9	99.1
347.9	99.1
348.1	99.7
348.3	101.3
348.3	100.2
348.3	99.1
348.3	98.6
348.5	100.8
348.5	101.3
348.5	102.9
348.7	104
348.9	106.2
348.9	106.2
349	104.6
349	103.5
349	101.8
349.1	100.8
349.1	100.8
349.2	100.2
349.2	100.2
349.3	99.1
349.3	99.1
349.4	98.6
349.4	98
349.5	97.5
349.6	101.8
349.6	103.5
349.6	104.6
349.7	104.6
349.8	104.6
349.9	103.5
349.9	102.4
350	101.8
350	100.8
350.1	99.7
350.2	99.1
350.4	98.6
350.4	99.7
350.6	101.8
350.7	99.1
350.7	98.6
350.7	96.4
350.7	96.4
350.8	91.5
350.9	90.4
350.9	92.6
351.1	95.3
351.2	98.6
351.2	101.8
351.2	104
351.2	104.6
351.3	104.6
351.4	103.5
351.4	101.8
351.6	102.9
351.7	102.9
351.7	101.8
351.8	100.8
351.9	98
351.9	97.5
352.1	95.9
352.4	94.8
352.6	96.4
352.7	99.7
352.8	101.8
352.8	102.4
353	102.9
353.1	104
353.1	105.1
353.1	106.2
353.1	106.8
353.3	105.1
353.3	104.6
353.4	104.6
353.4	108.4
353.5	111.7
353.5	111.7
353.5	112.7
353.6	113.3
353.7	113.3
353.7	113.3
353.8	111.1
353.9	110.6
354	105.7
354.1	102.9
354.1	101.8
354.2	101.3
354.3	100.8
354.3	100.8
354.5	100.2
354.7	98.6
354.7	98.6
354.8	98
354.8	97.5
354.9	99.1
354.9	99.1
355	99.7
355.1	98
355.1	96.9
355.2	99.7
355.3	100.8
355.3	100.8
355.4	100.2
355.4	99.7
355.5	99.1
355.6	98
355.8	96.9
355.8	97.5
355.9	99.7
355.9	101.3
356	102.4
356.2	102.9
356.2	102.9
356.3	101.3
356.4	99.1
356.5	98.6
356.6	98.6
356.8	98
356.8	98
356.8	97.5
356.9	98.6
356.9	100.8
356.9	102.4
357.1	102.9
357.3	102.9
357.3	104.6
357.3	106.2
357.5	109.5
357.5	111.1
357.6	112.7
357.6	113.3
357.7	111.7
357.8	110
357.9	107.8
358	106.2
358.1	107.3
358.2	109.5
358.2	110
358.3	111.7
358.4	112.2
358.4	112.2
358.5	111.1
358.6	111.1
358.7	111.7
358.7	112.7
358.7	113.3
358.9	113.3
359.1	113.3
359.3	113.3
359.5	113.3
359.5	114.4
359.5	114.4
359.6	113.8
359.7	111.1
359.8	108.4
359.8	107.3
359.9	105.1
359.9	102.9
360	102.9
360.1	104
360.2	106.8
360.2	107.8
360.4	110
360.4	110
360.4	111.1
360.6	110.6
360.6	110
360.6	108.9
360.7	107.3
360.7	107.3
360.8	107.8
361	107.8
361	107.8
361.1	106.8
361.3	105.7
361.3	105.1
361.4	105.1
361.5	107.8
361.5	110
361.6	111.7
361.8	109.5
361.9	105.7
361.9	101.8
362.1	94.8
362.1	94.2
362.2	91.5
362.2	88.2
362.4	83.3
362.4	80.6
362.5	77.9
362.5	76.2
362.6	73.5
362.6	71.9
362.7	70.8
362.8	69.7
362.8	69.7
363	69.7
363.1	70.2
363.1	70.2
363.2	70.2
363.2	70.2
363.3	68.6
363.3	68.6
363.4	67.5
363.5	66.4
363.5	66.4
363.6	66.4
363.6	68.6
363.7	71.3
363.7	71.9
363.8	72.4
364.1	74.6
364.1	75.1
364.3	75.7
364.4	76.8
364.5	77.9
364.6	80
364.6	82.2
364.8	86
364.8	88.8
364.8	89.3
364.9	90.4
364.9	92
364.9	92.6
365	93.1
365.1	90.9
365.2	87.1
365.2	84.9
365.3	82.8
365.4	80
365.6	78.4
365.7	77.3
365.8	79.5
365.8	80.6
365.8	82.8
366	85.5
366.1	87.1
366.2	89.3
366.2	89.9
366.3	91.5
366.4	93.7
366.5	95.3
366.5	96.9
366.6	99.1
366.7	101.3
366.8	103.5
366.8	104.6
366.9	106.2
366.9	107.3
366.9	107.8
367	105.7
367.1	103.5
367.2	102.4
367.2	100.8
367.3	96.9
367.3	96.4
367.4	92.6
367.4	89.3
367.6	87.7
367.6	87.1
367.8	86
367.9	86
368.1	87.7
368.1	88.2
368.2	89.9
368.3	92.6
368.4	94.2
368.4	94.8
368.5	95.3
368.5	94.8
368.5	94.2
368.5	92.6
368.6	92.6
368.6	92
368.8	93.7
368.9	95.3
368.9	95.3
369	94.8
369	94.8
369	93.1
369.1	92
369.3	91.5
369.4	92.6
369.5	95.3
369.6	97.5
369.7	97.5
369.7	97.5
369.7	95.9
369.7	95.3
369.8	93.7
369.9	93.1
370	94.2
370	95.3
370.1	95.3
370.1	95.3
370.2	95.3
370.2	94.8
370.3	93.1
370.4	91.5
370.5	87.7
370.6	86.6
370.7	85.5
370.7	84.9
371	87.1
371.2	89.3
371.3	90.4
371.4	92.6
371.5	94.2
371.5	94.8
371.6	95.9
371.7	96.9
371.7	96.9
371.7	98
371.8	98.6
371.8	97.5
371.9	95.9
371.9	95.9
372	94.8
372	95.3
372.1	96.9
372.2	99.1
372.3	101.3
372.3	101.8
372.3	102.9
372.5	105.1
372.5	106.8
372.5	107.3
372.6	108.9
372.6	111.7
372.6	110
372.7	108.9
372.8	108.9
372.8	111.1
372.9	112.7
372.9	112.7
373	112.7
373	111.7
373.1	110.6
373.2	109.5
373.3	108.4
373.3	109.5
373.4	108.9
373.5	108.4
373.6	107.3
373.6	106.8
373.6	106.2
373.6	105.1
373.7	104
373.7	104
373.9	104.6
373.9	106.8
373.9	109.5
374.2	110.6
374.3	110.6
374.3	110.6
374.3	110
374.3	109.5
374.4	108.9
374.5	107.3
374.5	107.3
374.7	107.3
374.8	106.8
374.8	106.8
375	106.2
375.1	108.9
375.1	110.6
375.2	112.7
375.3	113.8
375.4	115.5
375.4	116.6
375.4	117.7
375.4	118.7
375.6	120.4
375.7	117.7
375.8	116
375.9	114.4
375.9	111.7
376	111.1
376	114.4
376	117.7
376.2	119.8
376.3	119.3
376.4	118.7
376.5	121.5
376.6	124.7
376.7	126.4
376.8	127.5
376.8	127.5
376.9	122.6
377	116.6
377.1	111.1
377.1	104.6
377.1	98.6
377.1	92.6
377.2	90.4
377.3	87.1
377.4	81.1
377.4	80
377.6	73
377.6	67
377.6	66.4
377.6	63.1
377.7	58.2
377.8	55
377.8	49.5
378	43.5
378.1	47.3
378.1	48.4
378.2	50.1
378.3	51.7
378.3	52.2
378.4	50.1
378.5	47.9
378.7	49
378.7	52.2
378.9	52.8
379	46.8
379	41.3
379	37.5
379	36.4
379	33.2
379.2	29.9
379.2	29.9
379.2	27.2
379.3	23.9
379.3	22.3
379.4	21.7
379.6	20.1
379.8	19.5
379.8	20.1
379.8	22.8
379.9	25
379.9	25.5
380	28.3
380	28.8
380	31
380	34.8
380	36.4
380.1	38.6
380.2	41.9
380.2	42.4
380.3	45.7
380.3	52.2
380.4	53.9
380.4	54.4
380.4	55
380.5	58.2
380.5	59.3
380.5	62.1
380.6	63.1
380.7	62.6
380.7	60.4
380.8	55.5
380.8	54.4
380.8	51.7
381	48.4
381	48.4
381.2	49.5
381.2	50.6
381.2	51.2
381.2	51.2
381.3	49.5
381.4	46.8
381.4	46.2
381.6	45.2
381.7	45.7
381.8	50.1
381.9	53.9
381.9	56.6
382	58.8
382	59.9
382.1	61.5
382.1	61.5
382.3	61.5
382.5	58.2
382.5	57.1
382.6	56.1
382.6	59.3
382.6	59.3
382.7	61.5
382.7	62.1
382.9	63.7
382.9	65.3
382.9	65.9
383	63.1
383.1	62.1
383.1	59.3
383.1	57.1
383.2	55
383.2	52.2
383.4	49.5
383.5	47.9
383.7	47.9
383.9	49
384.1	51.2
384.2	51.2
384.4	51.2
384.5	51.2
384.6	51.2
384.7	49
384.7	47.9
384.7	46.8
384.8	46.2
385	43.5
385.2	45.7
385.2	47.3
385.3	47.9
385.5	49
385.5	49.5
385.6	50.1
386	53.3
386	55
386.2	55.5
386.3	55
386.4	53.3
386.5	51.2
386.5	49.5
386.6	46.2
386.7	44.1
386.8	41.9
386.9	41.9
387	43.5
387.2	46.2
387.3	50.1
387.4	52.8
387.6	53.3
387.7	50.6
387.8	47.3
387.9	44.6
387.9	43.5
388.1	45.2
388.2	48.4
388.3	51.7
388.4	55
388.4	57.7
388.5	61
388.7	68.6
388.7	68.6
388.7	69.7
388.7	69.1
388.7	68.6
388.7	67.5
388.9	65.9
389.1	65.9
389.2	67
389.4	69.7
389.4	71.3
389.4	71.3
389.6	74
389.6	74.6
389.7	70.8
389.7	68
389.9	64.8
390.1	62.6
390.2	62.6
390.2	62.6
390.2	65.9
390.2	68
390.3	68.6
390.5	67.5
390.6	69.1
390.7	70.8
390.8	70.8
390.9	69.7
390.9	66.4
390.9	63.1
390.9	60.4
391	58.8
391.1	57.1
391.2	55
391.3	53.3
391.5	54.4
391.5	56.6
391.6	58.8
391.6	61
391.8	61
391.8	61
391.9	63.7
391.9	64.8
392	65.9
392	65.9
392.2	63.1
392.3	62.6
392.4	63.1
392.4	65.3
392.5	65.9
392.6	64.8
392.7	63.1
392.9	63.7
392.9	65.3
393	68
393.1	68.6
393.2	68
393.3	66.4
393.4	65.3
393.6	65.9
393.7	65.9
393.8	64.8
393.8	63.1
393.9	62.6
394	65.3
394	65.9
394.1	67
394.2	69.7
394.3	71.3
394.2	70.8
394.5	71.9
394.5	72.4
394.6	74.6
394.6	76.2
394.7	75.7
394.9	73
395.1	70.8
395.1	69.1
395.1	67
394.8	71.9
395	69.1
395.1	67
395.1	64.8
395.2	65.9
395.2	68
395.4	68.6
395.5	70.8
395.7	73.5
395.7	76.2
395.8	79
395.9	81.7
395.9	82.2
395.9	82.2
396.1	82.2
396.2	80
396.2	79.5
396.3	79.5
396.4	81.7
396.4	81.7
396.5	81.7
396.6	79.5
396.7	77.9
396.9	76.2
397	75.7
397	75.7
397	74.6
397.1	74.6
397.1	74.6
397.2	76.2
397.3	78.4
397.4	79
397.4	80
397.6	81.1
397.6	81.1
397.7	81.1
397.9	80.6
397.9	80.6
397.8	82.8
397.8	81.1
398.1	80.6
398.3	80.6
398.4	83.9
398.4	85.5
398.5	88.8
398.6	91.5
398.7	93.1
398.8	95.9
398.8	98
398.8	98.6
398.8	99.7
398.8	100.8
398.8	101.3
398.9	98
398.9	94.8
399.1	92
399.1	89.9
399.1	88.2
399.1	86
399.2	83.9
399.2	83.3
399.3	82.2
399.4	80.6
399.4	79.5
399.5	77.3
399.5	76.8
399.5	75.7
399.5	74.6
399.5	74
399.6	72.4
399.6	69.1
399.6	66.4
399.6	64.8
399.6	62.6
399.6	60.4
399.7	57.1
399.7	53.3
399.7	52.2
399.7	50.6
399.8	46.8
399.8	46.8
399.8	43.5
399.9	40.2
399.9	35.9
400	32.1
400.1	28.3
400.2	26.1
400.4	25
400.4	24.4
400.4	23.3
400.5	22.3
400.6	24.9
400.8	25.9
401.1	28.5
401.3	30.6
401.6	36.9
401.7	41
401.7	47.8
401.8	52
401.9	55.6
402	60.3
402.1	64
402.3	71.3
402.3	73.3
402.3	75.4
402.3	76.5
402.4	77
402.5	77
402.6	77
402.6	75.4
402.6	69.2
402.6	60.3
402.7	58.8
402.7	54.6
402.8	48.9
402.8	48.3
402.9	43.6
403	36.9
403.2	34.8
403.4	41.6
403.4	47.3
403.5	48.9
403.7	49.4
403.8	49.4
404	49.4
404.2	46.8
404.5	40.5
404.7	35.3
404.8	30.6
404.9	26.4
405.2	29.1
405.5	34.3
405.6	33.2
405.8	29.6
405.9	25.9
406.2	27
406.2	29.6
406.4	27.5
406.5	27
406.6	24.9
406.9	28
406.9	29.1
407	29.6
407.2	27.5
407.2	27
407.5	24.4
407.7	24.4
407.9	27.5
408.1	29.1
408.1	29.6
408.3	31.1
408.5	35.3
408.6	40
408.6	43.6
408.6	43.6
408.8	45.7
409	44.2
409.1	40.5
409.3	41
409.4	43.6
409.6	46.8
409.6	48.9
409.7	49.4
409.8	49.4
409.9	50.4
410	51.5
410.2	49.9
410.4	45.2
410.6	42.6
410.9	43.1
411.1	45.2
411.3	42.6
411.5	40.5
411.9	37.4
412.3	36.9
412.8	37.9
413	41.6
413.2	45.7
413.3	46.8
413.4	48.9
413.6	52
413.6	52.5
413.7	54.6
413.7	57.2
413.7	58.2
413.8	58.8
414.1	57.2
414.2	56.2
414.6	60.3
414.6	62.4
414.6	66.1
414.7	69.7
414.7	71.8
414.7	73.3
414.9	71.3
415	69.2
415.1	68.7
415.3	67.6
415.5	68.7
415.5	68.7
415.6	68.7
415.7	67.1
415.7	66.6
415.7	66.1
415.8	66.1
415.9	64.5
415.9	64
416	60.3
416	59.8
416	58.2
416.2	56.7
416.2	56.7
416.2	56.7
416.4	58.8
416.4	58.8
416.4	58.8
416.6	58.8
416.6	58.2
416.7	56.7
416.7	56.2
416.8	55.6
416.7	56.7
416.8	54.6
416.8	53
416.9	52.5
417	55.1
417.1	58.8
417.3	62.4
417.4	66.6
417.5	71.3
417.6	68.1
417.6	67.1
417.6	66.6
417.6	61.9
417.6	59.3
417.6	57.7
417.7	55.1
417.7	53.5
417.8	52
417.8	49.9
417.8	49.4
417.9	48.9
418	46.8
418.2	47.3
418.2	46.8
418.3	45.2
418.4	43.1
418.5	41.6
418.6	40
418.6	40
418.7	39
418.8	38.4
419	37.9
419.1	37.9
419.2	37.4
419.4	36.9
419.5	36.9
419.7	37.9
419.8	38.4
419.9	38.4
420	36.9
420.1	35.8
420.1	34.8
420.1	35.3
420.1	33.7
420.2	32.7
420.2	31.7
420.3	32.7
420.3	34.3
420.5	35.3
420.5	35.8
420.6	35.8
420.7	33.7
420.7	31.7
420.7	31.7
420.9	32.7
421.2	33.7
421.2	34.3
421.3	34.8
421.4	35.3
421.7	37.4
421.7	37.9
421.8	40
421.8	40.5
421.9	41
422	41
422	40.5
422.1	39
422.3	38.4
422.3	38.4
422.3	39.5
422.4	41
422.4	41.6
422.5	42.1
422.7	42.1
422.7	42.1
422.7	42.1
422.7	41
422.8	39.5
422.9	39
423	37.9
423.1	37.4
423.2	35.8
423.4	34.3
423.4	33.2
423.4	31.7
423.5	30.6
423.6	29.1
423.6	29.1
423.7	29.1
423.9	29.6
423.9	30.6
424	30.6
424.1	29.6
424.2	30.1
424.3	30.6
424.5	30.6
424.6	29.6
424.7	28
424.7	27
424.9	26.4
424.9	25.9
425	25.4
425.1	25.4
425.1	25.4
425.3	26.4
425.3	27
425.4	27.5
425.4	27.6
425.5	30.3
425.6	30.3
425.7	30.8
425.7	29.7
426	24.8
426.2	26.5
426.2	27
426.2	29.2
426.2	30.3
426.2	30.3
426.4	30.3
426.5	30.8
426.6	32.4
426.6	34.1
426.7	37.3
426.7	37.9
426.8	41.7
426.9	44.4
426.9	44.9
426.9	48.7
427	53
427	54.1
427	56.3
427	56.8
427	59
427	60.6
427	61.2
427	63.3
427.1	65
427.1	66.6
427.2	68.2
427.2	69.3
427.3	70.9
427.4	73.1
427.5	73.6
427.5	70.9
427.6	70.4
427.6	68.8
427.7	66.6
427.8	65
427.9	62.3
427.9	60.1
428	58.5
428.1	58.5
428.2	59.5
428.2	59.5
428.3	59.5
428.4	57.9
428.4	56.8
428.5	59
428.5	60.6
428.7	62.3
428.8	63.3
429	66.6
429.1	68.2
429.2	67.7
429.3	66.1
429.4	64.4
429.5	64.4
429.6	66.6
429.7	68.2
429.7	69.8
429.7	69.8
429.8	72.6
429.8	72.6
429.8	72.6
429.9	71.5
430	70.4
430	68.2
430	65.5
430.1	65
430.1	63.9
430.1	62.8
430.1	62.3
430.2	60.6
430.3	57.9
430.3	57.4
430.4	55.2
430.5	53
430.5	53
430.5	50.3
430.6	47.1
430.6	44.9
430.9	47.6
430.9	47.6
430.9	50.3
430.9	54.7
430.9	55.7
430.9	57.4
430.9	58.5
431.1	59.5
431.1	60.1
431.1	61.7
431.1	62.8
431.1	63.9
431.1	64.4
431.4	65.5
431.5	65.5
431.6	67.1
431.6	67.1
431.6	69.3
431.6	72
431.6	74.2
431.6	75.3
431.7	77.4
431.7	78
431.8	79.1
431.9	81.8
432	83.9
432.1	87.7
432.2	89.9
432.2	91.5
432.2	92.6
432.2	93.2
432.2	93.2
432.3	92.6
432.3	92.6
432.4	92.1
432.4	92.1
432.4	92.1
432.6	94.2
432.6	94.2
432.6	94.8
432.6	95.3
432.7	92.6
432.7	93.2
432.7	93.7
432.8	94.8
432.8	95.3
432.8	96.4
432.8	93.2
432.9	93.2
432.9	94.2
433	94.8
433	95.3
433.1	94.8
433.1	93.2
433.2	89.4
433.2	85
433.2	84.5
433.3	82.3
433.3	79.1
433.4	76.4
433.4	75.3
433.4	74.2
433.5	71.5
433.5	70.4
433.6	68.8
433.6	66.1
433.6	66.1
433.7	64.4
433.7	64.4
433.7	65.5
433.7	71.5
433.7	73.6
433.8	75.3
433.8	78
433.8	78.5
434	81.8
434	83.9
434	87.2
434	89.4
434	89.9
434.1	92.1
434.2	93.2
434.2	93.7
434.3	96.4
434.3	97.5
434.4	98.6
434.5	99.1
434.5	98.6
434.6	98.6
434.7	97.5
434.8	96.4
435	97
435.2	99.7
435.2	102.4
435.4	105.6
435.4	107.3
435.5	107.3
435.6	104.5
435.6	98
435.6	94.8
435.7	92.6
435.8	88.3
435.8	85.6
436	84.5
436	84.5
436.2	88.8
436.3	91.5
436.3	94.2
436.3	94.8
436.4	97
436.5	99.7
436.5	99.7
436.5	101.8
436.5	102.4
436.6	104
436.7	105.1
436.8	107.8
436.8	109.4
436.8	110
436.8	110
436.9	107.8
436.9	105.1
437	102.9
437.1	102.4
437.1	102.4
437.2	103.5
437.3	107.3
437.4	106.7
437.4	105.6
437.5	102.4
437.5	98
437.5	94.8
437.5	94.2
437.6	91.5
437.7	85
437.9	79.6
438	74.2
438	69.8
438	68.2
437.9	64.4
437.8	60.1
437.8	59.5
437.8	55.2
437.8	52.5
437.8	48.7
437.8	43.8
437.9	41.1
438	39.5
438	38.4
438.1	37.3
438.1	35.7
438.3	34.1
438.3	33.5
438.3	31.9
438.5	34.1
438.6	37.3
438.6	42.7
438.6	46.5
438.7	48.2
438.7	50.3
438.8	55.2
438.8	55.7
438.8	58.5
438.8	62.3
438.9	65
438.9	66.6
438.9	68.8
439	70.9
439	70.9
439	72
439.1	74.7
439.2	75.8
439.2	75.8
439.3	69.8
439.3	66.6
439.4	66.6
439.5	69.3
439.6	68.2
439.6	64.4
439.6	62.8
439.7	61.7
439.8	61.2
440	59.5
440.1	59
440.1	59
440.2	61.7
440.2	66.6
440.3	69.8
440.3	70.9
440.3	74.7
440.5	78
440.5	78
440.5	81.2
440.5	85
440.5	88.3
440.5	88.8
440.5	91.5
440.5	93.7
440.7	95.9
440.7	97
440.7	99.1
440.7	92.6
440.8	86.1
440.8	79.6
440.8	77.4
440.9	71.5
440.9	69.8
441	68.2
440.9	66.6
440.9	66.1
441	61.2
441	56.8
441	56.3
441.2	54.7
441.2	48.7
441.2	47.6
441.2	44.9
441.2	41.1
441.2	40
441.2	37.9
441.2	36.8
441.2	35.1
441.2	33
441.2	33
441.2	31.4
441.3	30.3
441.3	28.6
441.4	26.5
441.4	24.8
441.5	25.9
441.5	29.2
441.6	31.4
441.6	35.1
441.8	38.9
441.8	40.6
441.9	46.5
441.9	48.7
442	54.1
442	55.7
442	60.6
442.1	65.5
442.1	66.6
442.2	73.6
442.2	79.6
442.2	82.3
442.2	86.7
442.3	91
442.3	92.1
442.3	93.7
442.3	95.9
442.4	97
442.4	97
442.5	92.6
442.5	87.2
442.6	82.3
442.6	81.2
442.7	79.1
442.8	75.8
442.8	78
442.9	80.7
442.9	81.2
443.1	85.6
443.1	86.1
443.3	89.9
443.4	85.6
443.4	79.1
443.4	70.9
443.4	62.8
443.5	60.6
443.6	56.3
443.6	50.9
443.6	46.5
443.6	40.6
443.6	36.2
443.7	33.5
443.8	31.4
443.9	29.7
444	25.9
444	31.4
444	32.4
444.1	33
444.2	35.1
444.3	37.3
444.4	40
444.4	43.3
444.4	47.1
444.5	50.9
444.6	54.1
444.8	59.5
444.9	64.4
444.9	65.5
445	65.5
445	61.2
445.1	56.8
445.2	55.2
445.3	49.8
445.3	48.2
445.3	46.5
445.4	41.7
445.5	40.6
445.5	37.9
445.6	33
445.7	31.4
445.8	26.5
445.8	26.5
445.9	27.6
446	24.8
446.2	22.7
446.3	20.5
446.6	19.4
446.8	18.3
447.1	16.7
447.2	16.2
447.3	17.8
447.4	20
447.5	20
447.6	18.9
447.6	17.8
447.7	18.3
447.8	18.9
447.8	17.8
447.9	16.7
448	17.3
448	18.3
448.2	20
448.2	20.5
448.3	22.1
448.3	27
448.3	28.1
448.6	34.1
448.6	35.1
448.6	35.7
448.7	38.4
448.9	34.6
448.9	33.5
449	31.9
449	29.2
449	27
449.1	25.4
449.2	23.8
449.2	23.2
449.2	25.4
449.3	25.9
449.3	27.6
449.4	28.1
449.6	29.2
449.6	29.2
449.8	30.3
449.9	30.3
450	29.2
450.2	28.1
450.3	28.6
450.4	31.9
450.4	33.5
450.5	34.6
450.5	34.6
450.5	37.9
450.5	38.9
450.5	38.9
450.6	42.2
450.7	45.4
450.7	46
450.7	47.1
450.8	48.2
451	48.2
451	46
451.1	42.7
451.1	39.5
451.2	36.8
451.2	33
451.2	32.4
451.3	30.8
451.3	29.2
451.3	28.1
451.4	26.5
451.4	25.4
451.6	24.8
451.7	25.9
451.7	26.5
451.8	28.1
451.8	30.3
451.8	31.4
451.9	33.5
452	34.1
452.4	34.1
452.6	34.1
452.7	34.6
452.7	35.7
452.8	37.9
452.8	42.7
452.8	44.4
452.9	47.1
453.1	50.9
453.1	52.5
453.1	55.7
453.1	59
453.2	61.2
453.3	62.8
453.3	63.9
453.3	65
453.3	65
453.4	65.5
453.5	65.5
453.6	63.3
453.7	60.6
453.7	57.9
453.8	57.4
453.9	57.9
454	60.1
454	60.6
454.1	62.8
454.2	65.5
454.2	66.6
454.3	68.8
454.3	70.4
454.5	69.8
454.5	69.3
454.7	70.4
454.7	72.6
454.7	72.6
454.9	72.6
454.9	72.6
455	69.8
455	66.6
455	63.3
455	60.6
455.1	59.5
455.1	59
455.2	56.8
455.4	53.6
455.5	51.4
455.6	48.2
455.7	44.9
455.8	47.1
455.8	50.9
455.8	53.6
455.9	56.8
456	59
456.1	60.1
456.2	61.2
456.3	60.6
456.4	57.4
456.5	56.3
456.5	54.1
456.6	50.9
456.6	49.2
456.7	46.5
456.7	43.8
456.8	43.3
456.8	42.2
456.9	41.1
457.1	43.3
457.2	47.1
457.2	48.7
457.2	50.9
457.3	54.7
457.3	55.7
457.3	57.9
457.3	61.7
457.4	64.4
457.4	66.1
457.4	68.8
457.4	69.8
457.4	72
457.4	73.1
457.4	75.8
457.5	78.5
457.7	79.6
457.8	81.2
457.9	81.2
457.9	81.8
458	81.8
458	74.7
458	74.2
458.1	71.5
458.2	67.7
458.3	66.1
458.3	65
458.4	60.6
458.4	57.9
458.4	53
458.4	50.9
458.5	47.6
458.7	46
458.9	46.5
459	52
459.2	55.2
459.3	60.1
459.3	62.8
459.4	66.1
459.6	68.2
459.7	69.8
459.7	72
459.7	73.6
459.8	76.4
459.9	77.4
459.9	79.6
459.9	80.1
459.9	78.5
460	76.4
460	75.3
460	73.1
460.1	72
460.3	71.5
460.4	69.3
460.5	69.3
460.6	72
460.6	72.6
460.7	69.3
460.8	64.4
460.8	61.7
460.9	57.9
460.9	55.7
461	53.6
461.1	53
461.1	53
461.2	58.5
461.4	59
461.6	59
461.6	59
461.8	59.5
461.9	59.5
461.9	59
462.1	57.9
462.2	56.8
462.3	60.1
462.2	61.2
462.2	63.9
462.3	67.1
462.3	67.7
462.5	70.4
462.5	72
462.6	73.1
462.7	75.3
462.8	77.4
462.5	77.4
462.6	78
462.7	81.8
462.8	82.3
462.9	81.8
462.9	78.5
463	74.7
463	73.6
463	72
463	69.8
463	69.8
463	68.8
463.1	67.1
463.2	65.5
463.2	64.4
463.2	66.1
463.3	69.3
463.5	68.2
463.6	67.1
463.7	68.2
463.9	72.6
464.1	75.3
464	76.4
464	72.6
464	70.4
464.1	70.4
464.2	70.4
464.3	69.3
464.4	68.8
464.4	67.7
464.5	66.6
464.6	66.6
464.8	69.8
465.1	71.5
465.2	73.1
465.3	74.2
465.4	75.3
465.5	75.3
465.5	74.7
465.6	72.6
465.6	69.8
465.7	68.2
465.9	67.1
465.9	68.2
465.9	68.8
465.9	72.6
466	76.4
466.1	78.5
466.2	80.1
466.2	80.7
466.2	80.7
466.2	81.2
466.3	82.9
466.3	83.4
466.4	82.9
466.5	82.3
466.6	80.7
466.6	76.9
466.7	75.8
466.7	75.3
466.8	74.2
466.8	73.6
466.9	72
466.9	69.8
466.9	69.8
467	69.3
467.2	71.5
467.3	71.5
467.3	70.9
467.4	68.8
467.5	65.5
467.6	64.4
467.7	62.8
467.8	62.8
467.8	62.8
467.9	62.8
468	62.8
468	62.3
468	61.7
468.2	61.7
468.3	61.7
468.3	60.6
468.3	59.5
468.3	58.5
468.5	58.5
468.6	62.3
468.6	62.8
468.6	66.1
468.7	72
468.7	72
468.8	74.2
468.9	79.1
468.9	79.6
468.9	81.2
469	86.1
469	86.1
469	90.4
469.1	95.9
469.1	96.4
469.2	105.6
469.3	109.4
469.3	113.8
469.3	120.3
469.3	123.5
469.4	126.8
469.4	127.9
469.4	129.5
469.5	130
469.7	128.9
469.8	125.7
469.9	123
470	120.8
470.1	120.3
470.1	121.4
470.3	123.5
470.4	123.5
470.4	126.8
470.6	131.1
470.7	133.8
470.7	134.9
470.7	137.1
470.7	138.7
470.7	139.2
470.7	140.9
470.8	142.5
470.8	143.6
470.8	146.3
470.9	146.8
470.9	146.8
471.1	143
471.2	138.7
471.2	134.9
471.3	131.7
471.4	128.9
471.5	125.7
471.6	122.4
471.6	117.6
471.6	117.6
471.6	115.9
471.6	114.8
471.6	114.8
471.6	114.3
471.6	113.8
471.6	112.1
471.6	111.6
471.8	108.9
471.9	108.9
471.9	109.4
471.9	113.2
471.9	114.3
472	118.6
472	123
472.1	128.4
472.1	130
472.2	130.6
472.2	131.7
472.4	132.7
472.5	133.3
472.5	133.3
472.4	131.1
472.6	129.5
472.7	127.3
472.7	123.5
472.8	120.3
472.8	115.9
472.8	113.2
472.8	111.1
472.8	107.3
472.9	105.1
472.9	102.4
473	99.7
473.1	96.4
473.1	92.6
473.2	90.4
473.3	88.8
473.3	87.7
473.3	86.1
473.3	83.4
473.4	82.9
473.6	82.3
473.7	82.9
473.8	83.9
473.8	83.9
473.9	83.9
473.9	82.3
473.9	79.6
473.9	79.1
474.1	73.6
474.2	69.8
474.2	68.2
474.2	67.7
474.3	67.7
474.4	70.4
474.5	72.6
474.6	74.2
474.7	76.4
474.7	76.9
474.8	79.1
474.8	79.6
474.9	79.6
474.9	79.1
475	75.3
475	73.6
475.1	72.6
475.2	71.5
475.2	70.9
475.3	69.8
475.3	69.8
475.4	70.4
475.4	69.8
475.4	72
475.7	72.6
475.9	72.6
476	72
476.1	72.6
476.1	78
476.4	88.3
476.4	89.9
476.4	90.4
476.4	93.7
476.6	98.6
476.6	102.4
476.6	104.5
476.6	105.6
476.6	106.2
476.7	103.5
476.9	96.4
476.9	91.5
476.9	91.5
477	85
477.2	79.1
477.2	78
477.3	73.6
477.4	67.1
477.4	65
477.5	62.8
477.7	59.5
477.7	55.7
477.8	52.5
477.9	50.9
478	52
478	52
478.2	51.4
478.2	50.9
478.3	52.5
478.4	52.5
478.5	48.7
478.5	47.1
478.6	45.4
478.9	35.7
479	31.4
479.1	30.3
479.2	33
479.2	35.1
479.2	35.7
479.3	37.9
479.4	41.1
479.5	43.8
479.5	46
479.7	43.8
479.8	41.7
479.9	44.9
479.9	48.2
480	49.2
480.1	49.8
480.3	47.6
480.3	47.1
480.4	43.3
480.5	40
480.7	37.9
480.7	36.2
480.9	34.1
481.1	31.9
481.2	29.2
481.3	27
481.3	26.5
481.4	24.3
481.4	23.2
481.5	21
481.7	19.4
481.8	18.9
482	21
482.1	22.7
482.1	23.2
482.1	23.2
482.2	23.2
482.4	21.6
482.5	21
482.6	21
482.7	22.7
482.7	23.8
482.8	23.8
482.9	23.2
482.9	23.2
483	24.3
483	25.9
483	28.6
483.1	29.2
483.2	29.2
483.4	25.4
483.5	23.2
483.6	21
483.6	21
483.7	20.5
483.9	22.7
484	25.4
484.2	27.6
484.2	28.6
484.2	29.7
484.3	33
484.5	35.1
484.6	34.6
484.8	30.8
484.8	28.1
485	26.5
485.1	25.4
485.3	24.3
485.5	22.7
485.7	21.6
485.7	21.6
485.8	20.5
485.9	20
486.1	18.9
486.2	19.4
486.3	21
486.3	26.5
486.4	28.1
486.4	29.2
486.4	32.4
486.5	32.4
486.5	31.9
486.5	30.8
486.6	28.6
486.6	28.1
486.8	25.9
486.9	23.8
487	23.8
487.1	23.2
487.3	22.1
487.5	22.7
487.6	23.2
487.7	23.2
488	21.6
488.3	18.9
488.5	17.8
488.8	17.8
488.9	20
489.2	20
489.5	17.8
489.5	17.8
489.5	17.3
489.7	17.8
489.9	20.5
490.1	20.5
490.3	19.4
490.5	18.9
490.6	20.5
490.8	20
491.1	17.8
491.4	18.9
491.6	21.6
491.8	20.5
491.8	20
491.9	18.9
492	16.7
492.1	15.6
492.3	20
492.4	18.9
492.5	16.2
492.6	17.3
492.8	20
492.9	20
493	18.9
493	16.2
493.2	14.5
493.6	15.1
493.7	18.9
493.8	17.8
493.9	15.6
494.2	14
494.5	15.1
494.5	15.1
494.5	18.3
494.7	18.9
494.8	18.3
494.8	16.7
494.8	15.1
495	15.6
495.2	17.3
495.4	17.3
495.5	17.3
495.6	16.2
495.8	15.1
495.9	15.6
496	16.7
496	14.5
496.2	12.9
496.3	12.4
496.6	12.4
496.8	14
497	14.5
497.3	14.5
497.6	15.1
498	17.3
498.1	17.3
498.6	17.3
498.8	17.3
498.9	17.3
499.3	18.3
499.5	18.3
499.8	18.3
500.1	19.4
500.2	19.4
500.4	19.4
500.4	19.4
500.4	19.4
