50.2	44.7
50.2	46.6
50.2	47
50.2	48.9
50.2	49.3
50.3	52
50.3	53.6
50.4	54
50.5	54.3
50.6	54.3
50.7	55.9
50.7	55.9
50.7	57.1
51	54.7
51	54.3
51.1	54
51.2	58.2
51.2	60.9
51.2	64.4
51.2	66
51.4	68.7
51.4	69.8
51.4	69.8
51.5	71.4
51.5	71.8
51.7	73.3
51.9	74.1
52	76
52.1	76.4
52.2	75.3
52.3	75.3
52.4	72.9
52.7	66
52.8	65.6
52.9	65.6
53	69.1
53.2	71
53.2	71.4
53.2	72.9
53.4	75.7
53.4	77.2
53.8	79.5
53.9	80.3
54.2	79.5
54.3	78.8
54.3	78
54.4	79.9
54.4	79.9
54.5	80.3
54.7	80.7
54.9	79.1
55	81.9
55.2	82.2
55.3	83.8
55.4	84.6
55.5	86.9
55.6	86.9
55.8	83.4
55.9	83
55.9	79.5
56.1	77.2
56.1	77.2
56.3	76.8
56.4	78.8
56.5	81.9
56.6	86.5
56.8	89.6
56.9	91.5
57	93.1
57.2	94.3
57.2	90.4
57.3	86.5
57.4	85.3
57.5	90.8
57.5	93.1
57.5	93.1
57.5	94.6
57.7	96.6
57.9	95
58.1	97
58.3	90.8
58.2	86.9
58.3	83.8
58.3	83.4
58.4	80.7
58.5	78
58.5	77.2
58.5	74.5
58.5	72.2
58.5	72.2
58.6	71
58.9	70.2
59.2	72.2
59.2	74.1
59.3	75.3
59.5	77.6
59.6	79.9
59.8	81.1
59.9	79.5
59.9	76.8
60	74.5
60.1	72.2
60	69.8
60	69.5
60	69.1
60.2	70.2
60.4	72.6
60.5	75.3
60.5	75.3
60.6	72.9
61	74.1
61.2	72.9
61.2	71
61.2	68.7
61.2	65.6
61.4	64
61.5	63.3
61.6	61.7
61.7	60.5
61.7	60.5
61.8	59.4
61.9	59
62	58.6
62.1	58.6
62.2	58.6
62.3	58.6
62.4	58.2
62.5	58.2
62.7	59.4
62.7	61.3
62.8	62.5
62.9	62.9
63.1	64.8
63.1	64.8
63.2	66
63.2	66.7
63.4	65.2
63.4	64.8
63.5	62.5
63.5	61.7
63.5	59.4
63.5	57.4
63.5	55.9
63.5	55.5
63.6	55.1
63.8	52.4
63.9	51.2
64	52
64.2	55.5
64.2	59.4
64.2	62.9
64.2	63.6
64.2	64.8
64.3	66.7
64.3	69.5
64.5	68.7
64.7	66.4
64.7	65.6
64.8	64
64.8	62.1
64.9	59.4
65	57.4
65.4	54
65.4	54
65.4	53.6
65.5	55.1
65.8	57.8
65.8	58.6
65.8	61.7
65.8	63.6
66	66
66.1	68.7
66.1	70.2
66.2	70.2
66.4	70.2
66.6	70.2
66.6	71.4
66.7	72.2
66.8	72.9
67	74.5
67.2	75.7
67.3	71.8
67.3	69.1
67.4	67.1
67.4	66.7
67.5	64.4
67.5	64
67.5	62.9
67.7	64
67.8	62.5
67.9	62.1
67.9	59
68.1	58.2
68.4	60.9
68.5	65.6
68.5	69.5
69	74.5
69	74.9
69	76.8
69	77.6
69	79.1
69.2	79.9
69.3	77.6
69.4	75.3
69.5	72.6
69.7	71.4
70	72.6
70	73.3
70.1	75.7
70.1	76.8
70	78.4
70	80.3
70.2	84.6
70.3	86.5
70.5	87.3
70.6	83
70.6	81.9
70.8	77.6
70.9	72.9
70.8	67.9
70.8	63.6
70.8	63.3
70.8	60.5
70.8	58.6
71	57.4
71	56.7
71	55.5
71.1	55.5
71.2	56.7
71.4	57.4
71.5	56.3
71.5	56.3
71.5	55.5
71.6	54.3
71.6	54
71.8	55.1
71.9	55.5
72	52.8
72.3	52
72.3	52.4
72.4	54.3
72.4	57.1
72.4	57.1
72.5	60.5
72.5	60.9
72.7	63.3
72.8	65.2
73	66.7
73.1	68.7
73.1	69.1
73.2	69.1
73.5	70.2
73.9	72.9
73.9	73.3
73.6	75.7
73.6	76.8
73.8	74.9
73.9	71
73.9	70.6
74	68.7
74.1	67.5
74.1	65.6
74.3	64.8
74.5	67.5
74.5	69.5
74.5	69.8
74.4	72.6
74.4	74.1
74.4	74.5
74.4	77.6
74.5	77.6
74.7	78.8
74.8	76.8
75	73.7
75	71.4
75	70.2
75.4	71.4
75.5	72.9
75.6	73.3
75.9	73.3
75.9	71
76	68.3
76.1	63.6
76.1	62.5
76.6	62.5
76.6	65.2
76.6	65.6
76.6	65.6
76.6	67.9
76.6	72.2
76.5	75.7
76.5	76.4
76.5	79.1
76.5	82.2
76.5	84.6
76.5	85
76.6	85
77.1	85
77.1	83.4
77.2	78.8
77.2	74.9
77.2	74.5
77.5	71.4
77.5	70.2
77.5	67.5
77.4	64
77.5	62.5
77.7	65.2
77.8	65.6
77.8	65.6
77.9	67.5
77.9	67.9
77.9	69.5
77.9	71.4
78.1	68.7
78.2	66.4
78.3	63.3
78.4	61.7
78.5	63.6
78.6	64.4
78.6	64.4
78.7	66.4
78.7	67.1
78.8	66.7
79	68.3
79.1	70.2
79.2	71
79.3	74.9
79.3	78.8
79.3	80.7
79.4	81.5
79.7	81.5
79.8	80.3
79.9	77.2
79.9	76.8
80.1	75.7
80.2	73.7
80.3	72.2
80.4	69.8
80.4	69.1
80.4	68.3
80.5	67.9
80.6	67.1
80.7	69.1
80.7	69.5
80.8	71.8
81.1	72.9
81.2	72.6
81.3	69.8
81.3	68.7
81.2	66.4
81.2	66
81.1	62.9
81.1	62.5
81.1	60.2
81.3	58.6
81.4	58.2
81.6	59.4
81.7	63.3
81.8	68.7
81.8	68.7
81.8	71.4
81.8	74.1
81.9	75.3
82	72.2
82.1	71.4
82.3	70.6
82.4	74.1
82.4	74.5
82.5	77.6
82.6	82.2
82.7	83.8
82.9	85.7
83	86.5
83.2	84.6
83.3	83.4
83.3	80.7
83.3	80.3
83.3	76
83.3	74.5
83.3	73.3
83.3	69.5
83.3	69.1
83.4	68.3
83.5	68.3
83.6	70.2
83.7	74.1
83.7	76.4
83.8	74.1
83.8	72.6
83.8	69.8
83.9	68.3
83.9	67.5
84.2	70.2
84.2	71.8
84.2	72.2
84.2	75.7
84.3	76.4
84.5	74.9
84.6	72.9
84.7	74.5
84.8	77.2
85	79.1
85.1	79.1
85.1	81.1
85.2	82.6
85.3	83
85.3	83.4
85.4	79.5
85.5	74.9
85.5	74.5
85.5	72.2
85.5	71.4
85.5	68.7
85.6	66.4
85.7	66
85.7	66
85.8	64
85.8	62.5
85.9	61.7
86.3	64
86.4	66.4
86.7	68.7
86.8	69.8
86.8	70.2
87	67.9
87.1	66.4
87.3	69.5
87.5	70.2
87.6	70.2
87.7	68.7
87.9	66.7
88	64
88.3	64
88.3	65.6
88.4	66.4
88.5	66.4
88.6	65.6
88.7	67.5
88.7	67.9
88.8	66.4
88.9	62.9
89	62.1
89.1	61.3
89.1	60.5
89.2	67.1
89.4	69.8
89.5	71.8
89.5	72.6
89.6	71.8
89.7	71.8
90	75.7
90	76
90	78
90.2	79.1
90.3	80.7
90.3	83.4
90.3	85
90.3	85.3
90.3	86.5
90.5	85.3
90.5	81.9
90.6	80.3
90.7	82.2
90.7	83.8
90.7	86.1
90.7	86.9
90.7	87.3
90.8	87.7
91	87.7
91.1	84.2
91.1	79.9
91.4	77.6
91.4	74.9
91.4	72.6
91.4	72.6
91.6	69.8
92	70.6
92	71
92	74.1
92	74.5
92	77.6
92.1	81.1
92.1	81.5
92.6	83.8
92.6	85.3
92.6	87.7
93	88.8
93	86.5
93.1	82.2
93.1	78
93.1	75.7
93.1	72.9
93.1	72.2
93.1	72.2
93.1	70.2
93.2	69.1
93.3	67.1
93.4	66
93.4	64.4
93.5	64
93.5	62.9
93.6	62.9
93.8	62.5
93.9	63.3
94.1	66
94.2	68.7
94.2	69.5
94.3	72.2
94.4	73.3
94.5	72.2
94.6	69.5
94.8	67.1
94.8	64.8
94.8	64.4
94.8	63.6
94.8	62.5
95	61.7
95.1	61.7
95.2	61.7
95.3	64
95.3	66
95.5	65.6
95.6	67.1
95.7	67.1
95.7	68.7
95.8	68.7
95.9	66.7
95.9	64.4
95.9	63.6
96.1	63.3
96.1	63.3
96.2	64.4
96.2	65.6
96.3	65.6
96.4	62.5
96.5	60.9
96.5	59
96.6	57.1
97	57.4
97.2	62.1
97.3	64.8
97.3	65.6
97.1	71.4
97.1	73.3
97.1	74.5
97.4	76.4
97.4	79.9
97.5	83
97.8	84.2
97.8	83.8
97.9	79.5
98	76.8
98	74.9
98	71
98.1	67.5
98.4	68.7
98.4	69.5
98.4	69.1
98.3	65.6
98.4	63.6
98.4	61.7
98.5	61.3
98.5	60.5
98.6	60.2
98.7	57.8
98.8	56.7
99.1	56.3
99.1	58.6
99.1	59.4
99.1	62.5
99.2	65.6
99.3	68.7
99.3	70.6
99.4	71
99.6	72.6
99.7	71.8
99.8	71
99.9	68.3
99.9	66.4
99.9	64.8
99.9	64
99.9	62.1
100	60.5
100	59.4
100	58.2
100.1	56.3
100.4	54.7
100.4	53.6
100.5	52
100.6	51.2
100.7	51.2
100.7	54
100.7	55.5
100.8	57.1
101	59.8
101	59.8
101.1	61.7
101.1	62.1
101.1	62.9
101.2	64
101.3	66.4
101.4	69.1
101.5	71
101.5	71.4
101.5	73.7
101.5	76.4
101.5	77.2
101.5	78
101.9	77.6
101.9	74.9
102	78
102	78.8
102.1	83.4
102.2	85.3
102.2	87.3
102.2	87.7
102.3	90
102.3	91.5
102.3	93.1
102.5	94.3
102.5	94.6
102.8	91.9
102.9	91.5
102.9	89.6
103	85.7
103.1	83.4
103.3	83.8
103.3	85.3
103.4	85.3
103.4	84.6
103.5	83.8
103.6	85.3
103.7	85.7
104	83.8
104	80.7
104	80.3
104.1	78
104.2	77.6
104.3	76
104.7	76.8
104.8	79.5
104.8	82.2
104.8	84.6
104.8	84.6
105.1	83.4
105.2	83.4
105.2	85.3
105.4	88.8
105.5	91.9
105.8	94.6
105.9	91.5
106.1	86.1
106.1	81.5
106.2	78.4
106.4	74.9
106.5	74.5
106.5	72.2
106.5	71.8
106.7	71.4
106.7	73.7
106.9	77.2
107	79.5
107.1	77.6
107.1	74.9
107.3	76
107.3	76.4
107.3	78.8
107.4	79.9
107.6	83.4
107.7	85.7
107.8	89.2
107.8	91.9
107.8	91.9
108	93.9
108.1	94.6
108.1	95
108.1	95.4
108.4	93.1
108.6	90
108.6	86.5
108.6	83
108.7	83.4
108.8	86.1
108.8	85
109	81.5
109	80.7
109.2	78
109.4	75.7
109.4	74.1
109.5	76
109.6	80.3
109.6	83.8
109.5	86.1
109.5	87.3
109.5	87.3
109.7	88.8
109.8	88.8
110	88.1
110	86.5
110	87.7
110.1	90.4
110.1	90.8
110.2	93.1
110.2	93.9
110.2	95
110.3	96.2
110.5	97.4
110.6	96.2
110.6	95.8
110.6	92.7
110.7	89.6
110.7	88.4
110.7	86.9
111.2	87.3
111.3	85.7
111.1	83.4
111.1	83
111.1	82.2
111.2	81.5
111.3	81.5
111.3	83.8
111.4	85.3
111.5	85.3
111.6	83
111.9	82.2
112.1	83.8
112.1	83.8
112.2	85.7
112.2	88.8
112.2	89.6
112.3	87.3
112.3	86.5
112.4	87.7
112.4	87.7
112.5	88.1
112.6	88.1
112.8	88.8
112.8	87.3
112.8	86.5
113	85.3
113.1	83.4
113.5	81.9
113.6	83.8
113.6	86.1
113.6	86.5
113.7	86.1
113.8	83.8
114	83.8
114.3	86.9
114.4	89.6
114.4	92.3
114.5	94.6
114.5	95
114.8	97.7
114.8	98.9
114.9	97.4
114.9	95.4
115.2	90.8
115.2	87.3
115.6	86.1
115.7	86.1
115.8	86.9
115.7	87.7
115.7	90
115.7	93.1
115.7	94.3
115.8	97
115.8	98.1
116	96.2
116	95.8
116.1	95.4
116.2	96.2
116.2	96.2
116.2	97
116.3	97
116.5	95
116.5	93.1
116.6	91.9
116.9	91.9
116.9	91.5
116.9	90.4
116.9	90
117	91.9
117.1	95.4
117.1	95.4
117.1	97.4
117.1	98.9
117.3	99.7
117.5	97.7
117.6	95.8
117.8	93.5
117.9	91.9
118	89.6
118.1	88.1
118.2	86.1
118.2	84.6
118.2	84.2
118.5	85.3
118.6	86.5
118.6	85.7
118.6	83.8
118.7	83.8
118.9	82.6
119.1	81.9
119.1	81.9
119.1	81.9
119.1	84.6
119.2	88.4
119.2	91.5
119.4	94.6
119.5	95.8
119.8	97.7
120.1	95.4
120.1	95
120.2	97.7
120.3	98.5
120.6	96.2
120.6	94.6
120.6	98.1
120.6	100.1
120.8	101.2
120.8	100.5
121	97.4
121	95.4
121.4	95
121.5	93.1
121.7	91.5
121.8	93.9
121.8	94.3
122	97
122.2	100.1
122.3	102.8
122.3	103.6
122.4	104.3
122.7	100.5
122.9	98.1
122.9	96.6
122.9	95.4
123.1	96.6
123.2	98.5
123.2	98.9
123.2	100.5
123.4	98.5
123.5	96.6
123.5	98.1
123.6	100.1
123.9	100.5
123.9	97.7
124	95.8
124.3	93.9
124.5	92.3
124.8	91.2
125	91.9
125.1	94.3
125.1	95.8
125.3	96.2
125.6	96.2
125.8	93.9
125.9	91.9
126	90.4
125.9	88.4
125.9	86.9
126	86.9
126.2	88.1
126.4	87.3
126.6	87.3
126.7	90.4
126.8	92.3
126.8	92.7
127	94.3
127.1	95.8
127.1	96.2
127.1	96.2
127.2	95.8
127.3	94.3
127.4	92.3
127.4	91.9
127.5	90.4
127.6	88.4
127.8	86.5
127.9	84.2
128.1	84.6
128.1	85.7
128.1	87.7
128.1	90.4
128.1	93.1
128.3	95.4
128.6	97.7
128.6	98.1
128.7	99.3
128.8	100.8
129	102.8
129.1	103.6
129.1	104.7
129.1	105.1
129.1	105.5
129.4	107
129.4	107
129.6	108.2
129.7	108.6
129.7	108.6
129.7	109
129.7	110.9
129.7	111.7
129.7	111.7
129.8	111.7
130	111.3
130.1	109.4
130.1	107.4
130.3	107.8
130.5	109.4
130.5	110.5
130.5	112.1
130.5	112.9
130.5	113.2
130.8	113.2
130.9	111.3
130.9	107
131	106.3
131.1	109.4
131.2	112.1
131.3	114
131.4	116.3
131.4	116.3
131.7	117.5
131.8	116
131.8	113.6
131.9	111.3
131.9	108.2
131.9	106.7
132	108.2
132.1	110.1
132.1	110.1
132.3	109.4
132.3	108.2
132.4	108.2
132.7	110.5
132.8	110.9
132.9	112.5
132.9	114.4
132.9	115.2
133.1	116
133.1	116
133.1	116.3
133.1	116.3
133.2	115.6
133.4	112.9
133.6	111.7
133.6	111.3
133.7	110.9
133.8	111.7
133.9	113.2
133.9	116
134	118.7
134	119.8
134	120.2
134.2	122.9
134.2	123.3
134.2	124.1
134.2	124.1
134.2	124.1
134.2	124.1
134.4	122.9
134.4	119.8
134.5	117.5
134.5	116.7
134.6	115.6
134.7	112.5
134.8	110.1
134.9	107.8
135.2	107.8
135.2	108.6
135.3	113.2
135.3	116
135.3	117.9
135.6	117.5
135.7	119.4
135.7	121.8
135.9	123.3
136.1	124.1
136.1	124.5
136.1	123.7
136.1	121
136.1	118.7
136.1	116.7
136.2	115.6
136.3	113.6
136.4	113.2
136.4	112.1
136.5	109.4
136.7	108.6
136.9	112.1
136.9	114
137	115.2
137.1	116.7
137.2	118.3
137.3	120.2
137.5	121
137.6	119.4
137.8	117.9
137.9	116.7
138	117.1
138.2	118.7
138.4	119.1
138.5	116.3
138.5	114.4
138.5	114
138.5	110.5
138.5	109
138.5	108.2
138.5	107.8
138.8	107
139	107.8
139.1	111.3
139.1	111.7
139.1	114
139.4	117.1
139.4	119.1
139.4	121.8
139.5	124.1
139.5	124.5
139.6	129.5
139.6	125.3
139.6	124.9
139.6	123.3
139.7	122.5
139.7	119.8
139.8	117.9
139.8	115.6
139.9	112.9
139.9	109.8
139.9	107.4
140	105.5
140	105.5
140.3	105.5
140.3	106.7
140.3	110.5
140.3	113.6
140.3	114.8
140.3	112.9
140.4	112.5
140.5	112.1
140.6	113.2
140.6	114.8
140.8	114.4
140.8	112.1
141.1	113.2
141.1	114
141.2	115.2
141.4	119.1
141.4	121.8
141.5	122.5
141.7	118.7
141.7	117.5
141.8	115.6
142.1	115.2
142.2	117.9
142.4	122.2
142.4	122.5
142.5	124.1
142.5	120.2
142.5	118.7
142.7	122.2
142.7	122.5
142.8	122.5
142.9	122.5
143.1	120.2
143.1	119.4
143.3	120.6
143.3	119.1
143.5	116.7
143.5	116
143.6	119.1
143.6	119.4
143.6	119.4
143.6	119.8
143.6	117.9
143.8	116
144.1	117.5
144.1	117.9
144.1	120.2
144.1	120.2
144.2	121.4
144.3	121.4
144.4	119.4
144.6	118.3
144.9	116.3
145	116
145.4	114.4
145.5	113.2
145.6	114.8
145.6	116.3
145.7	118.3
145.7	119.8
145.8	120.2
146	117.9
146.3	116.7
146.5	118.3
146.5	121.8
146.5	122.2
146.6	124.5
146.6	126
146.7	127.2
146.9	128
146.9	125.6
146.9	124.9
146.9	123.7
146.9	123.3
147.1	121.4
147.1	119.1
147.1	117.1
147.1	116
147.3	116
147.4	117.9
147.4	119.8
147.6	119.4
147.6	118.7
147.8	120.2
147.8	121
147.9	121.8
148	124.5
148.3	125.6
148.5	126.4
148.5	128
148.5	128.7
148.7	129.1
148.8	126
148.9	124.1
148.9	124.1
148.9	123.7
149.1	125.6
149.1	126
149.2	128.3
149.2	131.1
149.2	132.2
149.3	133
149.4	133
149.6	129.1
149.7	127.6
149.8	130.3
150	132.6
150.1	132.6
150.2	128.7
150.3	126
150.4	122.9
150.4	122.5
150.5	121
150.7	120.6
150.8	124.9
150.8	126.4
150.8	128
151	124.9
151.1	121
151	118.7
151.1	116.7
151.2	114.4
151.4	113.6
151.5	113.6
151.6	114.4
151.7	117.1
151.7	119.8
151.9	120.2
152	119.8
152	119.8
152.3	120.6
152.3	121
152.3	122.5
152.3	124.1
152.6	123.3
152.6	122.9
152.6	121.8
152.7	122.2
152.7	122.2
152.9	124.9
152.9	126
153	125.6
153.1	123.7
153.1	121.8
153.1	121.4
153.1	119.4
153.2	118.3
153.2	117.1
153.2	116
153.5	114.4
153.6	116.7
153.7	119.8
153.9	122.5
153.9	124.5
154.1	124.9
154.4	124.5
154.4	124.1
154.5	121.8
154.5	119.8
154.5	119.8
154.7	119.1
154.8	118.3
155	121.4
155.3	129.5
155.3	129.5
155.3	131.1
155.3	131.8
155.3	132.6
155.3	131.1
155.3	129.1
155.4	129.1
155.7	131.1
155.7	132.6
155.8	132.6
155.9	131.8
156	128.7
156	125.6
156.1	123.3
156.1	122.9
156.2	120.6
156.3	117.9
156.4	116
156.5	115.6
156.8	120.6
156.9	125.3
156.9	129.1
156.9	131.1
156.9	131.4
156.9	133.8
156.9	135.3
156.9	136.9
157	137.3
157.1	136.9
157.3	132.6
157.4	129.1
157.4	125.6
157.5	122.9
157.5	122.5
157.7	119.4
157.7	119.1
157.8	119.8
157.8	119.8
157.8	124.5
157.8	126
157.8	128.3
157.9	130.7
158	133.4
158	133.8
158	134.9
158.1	137.3
158.1	137.6
158.2	137.6
158.3	138.4
158.6	141.9
158.6	139.2
158.7	137.6
158.8	137.6
158.9	140.7
159	141.1
159.1	137.6
159.2	134.5
159.2	131.8
159.2	131.1
159.2	128.7
159.6	126.8
159.8	128.7
159.9	133.4
159.9	133.8
159.9	135.7
159.9	138
159.9	138.8
159.9	139.6
160	140.7
160.1	142.3
160.1	142.3
160.1	143.1
160.4	143.5
160.5	143.8
160.5	143.8
160.6	145.4
160.6	146.6
160.7	147.7
160.8	148.1
160.8	147.3
161	142.7
161	140
161.1	137.6
161.2	134.5
161.4	132.6
161.6	132.2
161.7	132.2
161.8	134.9
161.9	134.9
162	132.6
162	131.1
162.1	131.1
162.5	134.5
162.6	135.3
162.7	137.6
162.7	138.4
162.9	137.3
163	134.2
163	131.8
163	129.1
163.1	126.4
163.2	124.5
163.4	125.6
163.5	130.3
163.5	133
163.5	134.2
163.7	134.9
163.8	130.7
163.9	128
163.9	124.9
164	124.1
164.1	120.2
164.1	118.7
164.1	117.1
164.4	118.7
164.4	121.4
164.4	122.2
164.4	122.2
164.5	120.6
164.7	117.9
164.9	114.4
164.9	111.7
164.9	108.2
165	106.3
165	106.3
165.2	107
165.2	107.4
165.3	110.5
165.3	111.7
165.3	113.6
165.4	115.2
165.6	116.3
165.8	116
165.8	116
165.9	113.6
165.9	112.5
166	111.7
166.2	110.1
166.3	108.6
166.3	107.4
166.3	105.9
166.3	105.5
166.5	104.7
166.6	106.3
166.6	108.2
166.7	107.8
166.7	107.4
166.7	106.3
166.7	105.9
166.9	103.6
167	102.8
167.1	102
167.2	104.7
167.3	107.8
167.3	107.8
167.4	110.1
167.5	108.2
167.7	105.5
167.7	103.2
167.7	102.4
167.7	100.8
167.8	98.9
167.9	97.4
168.1	99.7
168.1	100.1
168.1	102
168.1	103.6
168.5	103.2
168.6	101.6
168.6	102.4
168.6	104.3
168.7	105.1
168.9	107.4
169.1	108.2
169.2	108.2
169.3	110.1
169.4	111.7
169.4	112.9
169.4	113.2
169.5	113.6
169.7	112.9
169.8	110.5
169.9	107.4
170.1	104.7
170.1	104.3
170.1	101.6
170.1	100.5
170.3	104.3
170.3	106.7
170.3	107
170.4	108.6
170.5	109.8
170.6	112.1
170.9	117.1
171	117.9
171	119.8
171.2	118.3
171.2	114.8
171.2	114
171.2	110.5
171.2	110.1
171.2	107.8
171.3	106.7
171.3	105.1
171.4	103.9
171.5	103.6
171.7	109
171.7	109.8
171.7	112.1
171.7	114
171.9	114.4
171.9	116.3
172.1	116
172.1	111.7
172.2	107.8
172.2	107.4
172.2	105.1
172.3	104.3
172.4	102.8
172.4	100.1
172.7	95.8
172.8	93.1
172.8	90.8
172.9	90.4
173	93.5
173.1	97
173.2	101.2
173.2	105.1
173.2	109
173.2	109.4
173	114
173	115.6
172.9	116.7
172.9	119.1
172.9	120.6
173.2	122.2
173.2	122.2
173.3	123.3
173.5	124.5
173.6	124.5
173.7	121.4
173.8	120.6
173.8	123.3
173.8	123.3
173.9	126
174	126.8
174.2	128
174.3	129.1
174.4	128
174.5	124.9
174.6	120.2
174.6	117.5
174.6	117.1
174.7	115.2
175.2	112.1
175.3	107.8
175.3	104.7
175.4	102
175.4	101.2
175.4	100.1
175.5	98.9
175.6	98.1
175.8	98.9
175.7	102.8
175.7	104.7
175.7	106.7
175.8	110.1
175.8	110.9
175.8	112.5
175.8	115.2
176.1	118.3
176.1	119.1
176.1	120.6
176.2	122.2
176.3	123.3
176.3	124.1
176.6	121
176.8	120.2
176.9	124.1
176.9	124.5
176.9	124.5
177	125.6
177	125.6
177.1	120.2
177.1	117.9
177.1	115.2
177.3	112.5
177.5	113.6
177.5	118.3
177.5	119.4
177.5	121.4
177.5	124.1
177.5	125.3
177.6	125.6
177.8	126.4
177.9	125.3
177.9	124.5
177.9	122.9
178	119.8
178.1	116.3
178.3	114
178.4	113.2
178.4	113.6
178.5	116.3
178.5	119.4
178.7	119.8
178.7	120.2
178.8	122.2
178.8	125.3
178.9	126.4
179	127.6
179	127.6
179.2	129.1
179.3	129.9
179.3	129.9
179.5	127.6
179.5	129.5
179.5	129.5
179.5	133
179.4	134.9
179.4	136.1
179.5	136.5
179.7	136.9
179.7	136.1
179.8	134.2
179.7	130.7
179.7	129.5
179.7	128
179.8	127.6
179.8	127.2
180.1	129.9
180.2	131.8
180.2	132.2
180.2	133.8
180.2	134.5
180.4	135.7
180.6	133.8
180.6	130.7
180.6	127.2
180.6	125.3
180.6	124.9
180.7	121.4
180.8	119.1
180.9	118.3
181	116
181.1	116.7
181.1	121
181.1	121.4
181.1	122.9
181.4	122.2
181.4	122.2
181.5	122.2
181.5	125.3
181.5	128.3
181.5	128.3
181.7	132.6
181.8	134.2
181.9	136.1
181.9	134.9
182	131.8
182.2	128.3
182.3	126.4
182.4	123.7
182.4	122.9
182.6	121.4
182.7	122.9
182.9	126.8
182.9	128
183.3	127.2
183.3	124.9
183.3	124.5
183.5	122.9
183.8	121.8
184	123.3
184	127.6
184	127.6
184.1	130.7
184.1	131.4
184.3	130.3
184.3	128
184.4	127.6
184.6	126.4
184.6	126
185	126
185.1	124.9
185.3	122.9
185.4	122.5
185.9	120.6
185.9	118.7
186	116.7
186.1	116.3
186.3	112.9
186.3	109.8
186.3	108.6
186.3	107.4
186.3	105.5
186.4	103.9
186.4	103.6
186.6	102.4
186.6	102.4
186.7	101.2
186.8	99.7
186.9	97.7
186.9	95.4
186.9	95
186.9	93.1
187.2	94.6
187.2	97
187.3	99.3
187.5	100.5
187.6	102.8
187.6	103.2
188	107.4
188.1	109
188.1	111.3
188.1	112.9
188.3	115.6
188.3	116.7
188.4	118.7
188.4	119.1
188.4	121.4
188.4	122.9
188.6	124.5
188.6	125.3
188.7	127.2
188.7	128.3
188.7	129.9
188.7	131.8
188.8	132.6
188.9	133
189	133.4
189.1	133.8
189.1	133.8
189.1	131.4
189.1	130.7
189.3	131.4
189.3	132.6
189.4	133
189.6	135.3
189.7	136.1
189.7	136.5
189.9	138
190	139.6
190	140.7
190	141.1
190.1	139.6
190.1	138.8
190.1	136.5
190.4	134.9
190.4	134.5
190.5	136.9
190.5	137.6
190.6	137.6
190.6	137.3
190.7	137.6
190.8	138
190.8	139.6
190.8	140.4
190.9	140.4
190.9	139.6
191.1	139.6
191.1	141.9
191.2	143.5
191.3	143.5
191.3	140
191.5	140.7
191.6	139.2
191.6	138.4
191.6	136.5
191.5	135.7
191.5	133.4
191.5	132.6
191.7	131.1
191.7	129.5
191.8	128
191.9	127.6
192	126.8
192.1	125.6
192.2	122.9
192.3	122.5
192.3	126
192.3	127.2
192.4	131.4
192.5	132.6
192.5	133
192.6	134.2
192.6	135.3
192.6	136.1
192.8	136.1
192.9	134.9
193	133
193	131.1
193.1	129.9
193.1	128
193.1	128
193.2	128.3
193.3	131.4
193.5	132.2
193.5	132.2
193.5	131.1
193.5	130.7
193.5	129.1
193.7	127.6
193.7	127.2
193.7	126.8
194	127.2
194	126
194	125.6
194	124.5
194.1	122.2
194.3	122.5
194.4	127.2
194.4	130.7
194.6	133
194.8	135.3
194.8	136.9
194.8	138.8
194.9	140.4
195	136.9
194.9	132.2
194.8	129.1
194.8	126.8
194.9	125.6
194.9	122.9
194.9	122.9
194.9	122.2
195.1	120.2
195.2	117.5
195.2	114.8
195.2	114
195.3	112.1
195.3	111.7
195.3	109.8
195.3	109
195.3	107.8
195.4	106.3
195.4	104.7
195.7	104.3
195.7	106.7
195.7	108.6
195.8	109.4
195.9	110.9
196	113.6
196	117.5
196	122.2
196	123.3
196.1	124.5
196.1	125.3
196.3	129.5
196.4	131.4
196.5	132.6
196.7	133.4
196.7	131.4
196.6	128.3
196.6	124.5
196.6	123.7
196.7	122.5
196.7	121.8
196.7	120.6
196.8	119.1
196.8	117.5
196.8	117.1
196.9	114.8
196.9	114.4
197	114
197.1	114.4
197.1	117.5
197.5	117.9
197.6	120.6
197.6	123.7
197.6	129.5
197.6	129.9
197.7	133.8
197.9	134.9
197.9	136.9
198	139.2
198	141.5
198.2	142.3
198.4	146.6
198.4	147.3
198.4	142.7
198.4	139.2
198.4	135.7
198.5	135.3
198.7	131.8
198.8	127.2
198.8	124.9
198.6	122.5
198.6	120.2
198.6	117.9
198.6	116.7
198.5	114
198.5	111.7
198.5	108.2
198.5	104.7
198.7	104.3
198.9	105.5
198.9	107.8
198.9	110.9
199.1	116.3
199.2	118.3
199.4	124.1
199.4	124.5
199.4	126.8
199.4	129.1
199.4	134.2
199.6	137.6
199.6	138
199.7	139.6
199.7	141.9
199.8	143.1
199.9	145
199.9	145
200	146.9
200.1	149.3
200.1	150.8
200.1	151.6
200.2	150.8
200.2	150
200.2	148.9
200.2	146.9
200.5	146.9
200.6	148.5
200.6	149.3
200.6	148.9
200.6	146.6
200.6	145.8
200.6	142.7
200.6	141.9
200.6	141.1
200.6	138.8
200.8	136.5
200.9	134.5
200.9	133.8
200.9	131.8
200.9	129.5
201	127.2
201	126.4
201	123.7
200.6	121.2
200.7	119.2
200.7	117.9
200.7	115.9
200.7	115.5
200.7	113.8
200.9	111.8
200.9	108.5
200.9	107.7
200.9	105.6
200.9	102.8
200.9	101.5
200.9	99.9
200.9	96.6
200.9	93.7
200.9	91.3
200.9	89.2
200.9	88.4
201	88
201.1	89.2
201.3	90
201.3	91.7
201.3	92.1
201.5	93.7
201.6	95.4
201.7	97.4
201.8	97.8
201.9	97.4
201.9	95.4
201.9	93.3
202.1	92.1
202.5	92.5
202.5	92.5
202.5	92.9
202.5	91.3
202.6	90
202.7	88.4
202.7	87.2
202.7	86.7
202.8	85.5
203	83.9
203.1	81
203.1	81.4
203.1	85.1
203.2	88.4
203.2	88.8
203.4	90.8
203.5	93.3
203.6	99.1
203.6	101.9
203.7	104.8
203.7	104.8
203.8	104
203.8	100.7
203.8	99.9
203.9	98.6
203.9	97.4
204.1	95.8
204.1	95.4
204.2	93.3
204.2	91.3
204.3	88
204.3	87.6
204.3	85.5
204.5	88.4
204.6	90.8
204.6	91.7
204.8	89.6
204.9	88.8
204.9	90.4
205.1	93.3
205.2	95
205.2	95.8
205.2	98.2
205.2	99.1
205.4	101.1
205.4	103.6
205.4	105.6
205.4	106
205.5	108.5
205.5	110.5
205.5	111.8
205.7	113.4
205.7	111.8
205.7	108.9
205.9	104.4
205.9	101.5
205.9	100.3
206	98.6
206	97.8
206	97.8
206.1	95.8
206.1	93.7
206.1	92.5
206.2	93.7
206.3	95.4
206.4	97
206.4	98.6
206.4	100.3
206.4	101.1
206.6	99.9
206.7	97.4
206.8	95
207	93.7
207.3	94.5
207.5	97.4
207.7	97.8
207.8	97.8
207.8	95.4
207.9	91.7
208.1	87.2
208.1	86.7
208.1	83.5
208.1	79.8
208	77.3
208	74.4
208	73.6
208	70.7
208	68.3
208	65.8
208	63.8
208	61.3
208	59.7
208.1	57.2
208.2	55.6
208.2	53.9
208.6	50.2
208.6	50.2
208.6	49
208.6	48.6
208.8	52.7
208.8	53.1
209	56.8
209	58.8
209	61.3
208.9	63.8
209	67.9
209	71.1
208.9	72
208.9	72.8
208.9	73.6
209.2	73.6
209.2	73.6
209.4	72
209.4	71.6
209.5	69.5
209.5	69.1
209.6	67
209.7	65.8
210	68.3
210.3	67
210.6	66.6
210.6	69.5
210.6	69.9
210.6	72.4
210.8	75.3
211.1	78.1
211.1	78.1
211.1	78.1
211.3	77.3
211.4	74.8
211.6	71.6
211.7	68.3
211.8	65
212.2	62.5
212	58
212	56.8
212.2	55.6
212.2	55.1
212.3	54.7
212.7	54.7
212.9	55.6
212.9	55.1
212.9	54.7
213	53.5
213.3	51.9
213.4	53.5
213.5	58.8
213.5	60.1
213.5	62.5
213.6	63.8
213.6	67
213.6	68.7
213.9	72
213.9	72
213.9	72.4
213.9	72.8
214	71.1
214	68.3
214.2	65
214.3	63.4
214.3	62.5
214.5	62.5
214.5	62.5
214.6	60.9
214.7	58
214.9	56.4
214.9	56
214.9	54.3
214.9	53.1
215.1	52.3
215.4	53.9
215.6	56.8
215.6	58.8
215.8	57.6
215.9	58.8
215.9	59.7
216	61.7
216.1	56.8
216.1	54.7
216.4	50.2
216.4	49.8
216.4	47.8
216.4	44.5
216.4	41.6
216.5	37.5
216.5	35
216.5	33
216.6	32.6
216.6	30.9
216.7	29.7
216.7	27.6
216.7	25.2
216.7	24.8
216.8	21.5
216.8	19.4
216.9	19
217	19
217.2	23.5
217.3	27.2
217.4	28.9
217.4	29.3
217.6	30.1
217.7	32.6
217.7	36.3
217.7	38.3
217.7	40.4
217.7	42
217.8	43.7
217.8	45.3
218.1	46.1
218.2	46.9
218.3	47.3
218.3	47.3
218.5	46.1
218.6	44.1
218.6	42.4
218.6	40
218.8	36.7
218.8	33.8
218.8	33.4
218.9	32.2
219	34.2
219	37.5
219.1	39.5
219.3	38.7
219.4	37.9
219.6	37.9
219.7	40.4
219.7	42.8
219.9	45.3
220.1	45.7
220.3	40.8
220.3	37.1
220.3	34.6
220.3	33.8
220.3	31.7
220.3	31.3
220.4	30.1
220.7	31.3
220.8	33.4
221	35.4
221.2	36.3
221.4	34.6
221.5	34.6
221.6	37.5
221.6	37.9
221.6	37.9
221.7	40.8
221.7	42
221.9	41.2
222.3	39.1
222.5	38.7
222.6	35.9
222.8	32.6
222.9	30.1
223	27.6
223	27.6
223.1	26.8
223.2	26.8
223.4	30.5
223.5	33.4
223.7	35
223.9	35
224	33.4
224	33
224.1	32.2
224.3	32.6
224.3	31.3
224.4	31.3
224.6	30.5
224.9	30.1
225.2	29.3
225.5	29.3
225.6	30.1
225.7	30.5
225.8	31.7
226.1	36.3
226.1	37.5
226.5	38.3
226.5	39.5
226.7	38.7
226.8	37.9
226.8	35.4
226.9	34.6
227	34.6
227.5	35
227.5	33.4
227.3	31.7
227.3	31.3
227.3	30.1
227.8	29.3
228.4	35
228.3	36.7
228.4	39.5
228.4	41.6
228.5	41.6
228.8	41.2
228.8	41.2
228.8	41.2
229.2	42.8
229.4	45.3
229.4	44.1
229.5	41.2
229.7	40
229.9	40.8
230.2	43.2
230.3	43.2
230.4	43.7
230.4	42.8
230.5	41.2
230.7	39.1
231	39.1
231.6	41.2
231.8	42
232.1	42.4
232.3	43.7
232.4	40.8
232.4	38.3
232.5	35.4
232.6	33.4
232.7	30.9
232.8	30.1
232.9	29.7
233.4	30.9
233.6	34.6
233.8	37.1
233.9	38.3
234	39.1
234.1	42.4
234.2	44.9
234.4	47.8
234.5	47.8
234.6	44.9
234.6	42
234.7	41.2
235.1	43.7
235.2	45.3
235.4	46.9
235.4	46.1
235.4	43.7
235.6	41.2
235.8	40
235.9	43.2
235.9	44.1
236.1	50.6
236.3	49.8
236.3	49.4
236.4	47.3
236.5	45.7
236.6	44.9
237	44.9
237	43.2
237	42.8
237.1	41.6
237.3	41.6
237.5	42.8
237.5	43.2
237.8	46.5
237.9	46.9
238.2	46.9
238.4	47.3
238.4	48.6
238.7	51.9
238.7	53.1
238.7	53.5
238.7	55.1
238.8	56.4
238.9	57.2
239.1	55.6
239.2	52.7
239.2	52.7
239.3	51.4
239.6	52.3
239.7	49.4
239.8	48.2
240	47.8
240.2	47.8
240.5	49.8
240.7	52.7
240.8	53.9
241	51.4
241.2	50.2
241.6	50.6
241.7	51
241.9	52.7
242	52.7
242.2	51
242.5	49.8
242.5	49
242.8	47.8
243.1	46.1
243.3	44.1
243.7	43.7
243.7	43.7
244.1	46.5
244.5	48.2
244.6	47.3
244.6	46.5
244.7	49.8
245	52.3
245	50.6
245	49.8
245.1	47.3
245.2	46.5
245.3	44.9
245.4	44.5
245.4	42.8
245.6	44.5
245.8	44.1
245.8	42
245.8	40.4
245.8	38.7
246	35.9
246.1	35
246.1	35.9
246.4	39.1
246.4	42
246.5	44.1
246.7	46.5
246.8	49
247	49.4
247	45.7
247	45.3
247.2	44.1
247.3	44.1
247.3	41.2
247.3	38.3
247.3	37.1
247.3	37.1
247.4	35
247.4	34.2
247.8	32.6
248.1	31.3
248.2	30.5
248.5	30.1
248.8	31.3
248.8	35
248.9	35.4
249.1	38.7
249.2	40.8
249.5	39.5
249.6	37.9
249.7	35.9
249.8	35.9
249.8	35.4
249.9	33.8
249.9	32.2
249.9	32.2
249.9	30.9
249.9	30.9
250.3	30.5
250.5	30.1
250.7	32.6
250.8	32.6
251	32.2
251	30.9
250.9	29.3
250.7	28.5
250.7	26.8
250.7	25.6
250.8	25.6
250.9	24.8
251	24.4
251.3	23.1
251.4	23.1
251.6	24
251.6	25.2
251.6	25.6
251.6	25.6
251.7	25.6
251.8	24.4
251.8	24
252.4	25.6
252.4	25.2
252.3	21.9
252.3	19.8
252.7	20.7
252.7	21.5
252.8	25.2
253	30.1
253	34.6
253.1	35.9
253.2	38.7
253.2	43.7
253.3	49
253.4	53.5
253.4	58.8
253.4	59.7
253.4	62.1
253.5	65
253.5	69.9
253.5	71.1
253.6	74.8
254.1	75.3
254.2	76.5
254.2	81
254.2	85.1
254.2	85.9
254.2	87.2
254.2	88
254.2	88
254.2	89.2
254.2	92.5
254.2	94.5
254.3	96.2
254.4	99.9
254.4	100.3
254.5	101.9
254.6	104.8
254.7	108.9
254.7	111
254.7	112.2
254.7	115.1
254.8	115.9
254.8	117.1
254.9	119.6
254.9	121.6
254.9	122
254.9	122.9
254.9	122.9
255	123.3
255	123.3
255.1	120.8
255.3	116.3
255.6	111.8
255.8	106.9
255.8	100.3
255.8	99.9
255.9	99.9
256	99.5
256.1	97.4
256.1	95
256.1	94.1
256.2	91.7
256.3	91.3
256.4	89.6
256.7	85.9
256.7	84.7
256.7	84.7
256.7	81.8
256.7	81.4
256.7	79.4
256.7	76.1
256.8	72.8
257	72.4
257.1	74.4
257.1	75.3
257.2	77.7
257.2	78.5
257.2	81.8
257.2	83.5
257.2	83.9
257.4	84.3
257.7	82.6
257.8	78.9
257.8	76.5
257.9	74
258	71.1
258	67.9
258.1	65.4
258.2	63.4
258.2	62.9
258.3	60.1
258.3	57.2
258.3	55.1
258.8	53.5
258.9	56.4
259	59.2
259	60.1
259.1	63.4
259.1	63.8
259.2	65.8
259	69.1
259	70.7
259.5	68.7
259.5	70.7
259.5	74
259.6	76.9
259.6	76.9
259.8	80.6
259.9	81.8
260	82.2
260.1	82.6
260.2	83.1
260.5	79.4
260.5	76.9
260.6	75.7
260.7	70.3
260.9	65
261	61.3
261.3	55.1
261.3	49.4
261.3	47.8
261.4	44.1
261.5	40
261.6	35
261.6	34.6
261.7	31.3
261.8	30.9
261.8	29.3
261.8	27.6
261.8	24.8
261.9	22.3
262.2	21.1
262.3	20.7
262.5	21.5
262.6	21.9
262.7	24
262.9	26.4
262.9	27.2
262.9	27.6
263	27.6
263.2	26.4
263.2	25.2
263.5	25.2
263.7	25.6
263.8	25.6
263.9	25.2
263.9	23.5
263.9	23.5
264.2	24.8
264.2	25.6
264.3	25.6
264.6	24.8
264.9	22.3
265.1	20.7
265.5	20.7
265.5	21.1
265.6	24.4
265.7	28.1
265.7	31.3
265.7	35.4
265.7	35.9
265.7	38.7
265.8	44.1
266	48.6
266	53.1
266	56
266	56.4
266	59.7
266	62.5
266	63.4
266	67
266	69.1
266	72
266	72
266	75.7
266.4	77.3
266.4	77.3
266.6	80.2
266.6	80.2
266.6	82.2
266.9	84.3
267	85.9
267.1	87.2
267.2	87.2
267.3	85.1
267.6	82.6
267.7	78.9
267.8	77.3
267.9	79.4
267.9	80.2
267.9	77.7
267.9	77.3
268.1	76.5
268.2	79.4
268.3	76.9
268.4	71.1
268.4	68.3
268.6	72.4
268.7	78.1
268.8	81.8
268.8	87.2
268.8	88
268.9	90.8
268.9	91.7
268.9	95
268.9	99.1
268.9	100.7
268.9	103.6
268.9	104
268.9	104.8
269	106
269	106.4
269	108.1
269.1	109.7
269.1	109.7
269.4	108.1
269.4	107.7
269.6	103.2
269.6	102.8
269.6	99.5
269.6	98.6
269.8	102.8
269.8	103.2
269.8	104.4
269.9	105.2
270.1	103.6
270.2	100.7
270.2	97.8
270.2	97
270.2	96.6
270.3	99.1
270.6	99.9
270.8	97.8
271	92.1
271	87.6
271.1	83.1
271.1	82.6
271.2	78.9
271.2	78.1
271.2	78.1
271.2	75.3
271.2	69.1
271.2	63.4
271.2	60.5
271.2	59.7
271.2	57.2
271.2	54.3
271.2	51
271.4	47.8
271.4	47.3
271.5	45.7
271.7	46.5
271.9	49.4
272	51.4
272.2	51.9
272.3	51
272.3	48.6
272.3	47.3
272.4	45.7
272.5	45.3
272.7	47.8
272.7	48.2
272.7	50.2
272.7	50.6
272.9	53.1
273	55.6
273.1	58.8
273.3	59.2
273.5	57.6
273.6	56.4
273.7	56
273.8	57.6
274.1	60.5
274.1	61.3
274.1	62.9
274.2	65.8
274.2	67.9
274.2	68.3
274.3	69.1
274.4	69.1
274.7	67
274.7	64.2
274.8	60.5
274.9	58
274.9	55.1
275	54.7
275.2	52.7
275.2	55.6
275.2	57.6
275.5	56.4
275.8	56.4
275.8	57.2
275.9	58.8
276	60.5
276	60.9
276	62.5
276	65
276.1	65.8
276.2	65.8
276.6	62.9
276.6	60.1
276.6	59.2
276.6	58.8
276.7	61.3
276.9	62.9
276.9	63.4
276.9	63.4
277	64.6
277.1	65.8
277.3	67
277.4	67.5
277.4	67.5
277.6	67.5
277.6	66.2
277.6	63.8
277.6	60.9
277.6	60.1
277.6	57.6
277.7	55.1
277.9	52.7
278	51.9
278	51.9
278.2	51
278.2	50.2
278.3	47.3
278.3	47.3
278.3	45.7
278.3	44.9
278.4	43.7
278.4	43.2
278.5	42
278.6	40.4
278.7	40
278.8	40
278.8	43.2
279.1	43.7
279.2	42.4
279.5	44.1
279.5	46.9
279.5	50.2
279.6	52.3
279.7	52.7
279.9	52.7
280	49.4
280	51.4
280.2	53.5
280.2	53.9
280.3	54.7
280.4	54.7
280.5	53.1
280.6	51.9
280.7	51.4
280.8	50.6
280.8	50.2
280.9	49.8
281.1	49
281.3	48.2
281.4	48.2
281.4	46.9
281.4	46.5
281.6	46.1
281.7	47.3
281.8	48.6
281.9	49
282	46.9
282.1	45.3
282.1	45.3
282.2	45.7
282.3	46.9
282.4	48.6
282.4	49.4
282.6	46.9
282.8	44.9
283	44.5
283	44.5
283.1	46.5
283.2	49.4
283.2	49.8
283.2	50.6
283.4	50.6
283.5	49.8
283.9	48.6
284	47.3
284	47.3
284	46.1
284.1	44.9
284.4	44.1
284.7	44.9
285	45.3
285.3	45.3
285.4	46.1
285.4	48.2
285.6	47.3
285.7	44.9
285.8	43.2
285.9	43.2
286.1	42.4
286.2	42.4
286.5	44.5
286.6	46.5
286.7	47.8
286.8	49.8
286.8	52.3
286.9	54.3
287.2	53.1
287.3	52.3
287.3	51.4
287.3	51.4
287.5	51.9
287.8	53.9
287.9	56.4
288	59.2
288.3	60.5
288.3	62.1
288.4	62.1
288.5	59.7
288.7	60.9
288.7	61.3
288.7	61.7
288.9	61.7
289.1	60.9
289.1	58.8
289.1	58.4
289.2	59.2
289.4	59.7
289.4	59.7
289.5	56.8
289.6	53.9
289.8	55.6
290	56
290.1	58
290.3	60.1
290.4	61.7
290.5	62.1
290.7	63.4
290.8	65
291.2	64.2
291.3	64.2
291.4	64.6
291.5	66.6
291.7	69.5
291.7	71.6
292	70.7
292.2	69.5
292.3	71.6
292.5	74
292.5	74.8
292.6	74.8
292.7	73.6
292.7	73.6
292.9	71.6
293	70.7
293	69.9
293	69.9
293.2	68.3
293.2	68.3
293	68.7
293.2	66.2
293.5	65
293.6	65
293.6	62.9
293.7	65.4
293.8	70.3
294	71.6
294.2	72.4
294.2	72.8
294.3	74.8
294.3	76.1
294.5	74
294.6	72.8
294.6	71.1
294.6	69.1
295	69.1
295	69.9
295	73.2
295.3	76.5
295.4	78.9
295.6	79.8
295.8	77.7
296	78.1
296.1	76.5
296.2	76.1
296.2	75.3
296.3	75.7
296.6	74.8
296.7	74
296.9	76.9
296.9	78.9
297.2	80.6
297.3	81.4
297.4	83.1
297.4	83.5
297.6	85.9
297.7	87.2
297.7	90
297.8	91.3
297.9	91.7
297.9	91.7
298	89.6
298	85.1
298.1	82.2
298.2	81
298.2	76.5
298.2	75.7
298.2	74
298.4	73.6
298.4	76.1
298.5	76.5
298.6	78.5
298.8	79.8
298.8	80.2
299.1	78.5
299.1	76.1
299.1	75.3
299.2	73.2
299.3	70.7
299.3	69.1
299.3	68.7
299.3	67.5
299.3	67
299.3	66.6
299.6	68.7
299.8	69.5
299.9	67.9
299.9	67.5
299.9	65.4
300	62.9
300	60.1
300	59.7
300	57.6
300	57.2
300	56
300	55.6
300	55.6
300	55.6
300.1	54.3
300.1	53.5
300.3	52.3
300.4	50.6
300.4	49.8
300.3	48.2
300.3	46.5
300.3	46.1
300.3	45.3
300.3	44.5
300.4	43.2
300.6	42
300.8	41.6
300.8	44.1
300.8	45.3
300.8	46.1
300.9	46.9
301	47.8
301.2	45.5
301.3	47.2
301.5	49.4
301.5	50.3
301.5	50.3
301.8	48.1
301.9	44.6
301.9	40.7
302	38.5
302.1	36.3
302.5	37.2
302.7	41.1
302.7	44.6
302.7	46.3
302.9	48.5
303.1	51.6
303.2	52.4
303.5	49
303.7	46.3
303.9	41.6
304.2	40.2
304.3	40.2
304.3	43.3
304.5	47.6
304.5	52
304.5	54.6
304.8	60.7
305.1	62.9
305.3	61.1
305.6	61.6
305.6	62.4
305.8	68.1
305.8	72
305.8	72.9
306.1	71.6
306.3	69
306.4	63.8
306.4	59.4
306.4	59
306.4	57.7
306.4	55.9
306.5	56.8
306.5	57.2
306.9	62.9
306.9	64.6
306.9	65.5
307	71.2
307	76.8
307.1	80.3
307.2	82
307.3	82
307.5	82.5
307.7	82.5
307.7	82.5
307.8	82.5
307.8	82.9
308.2	87.3
308.2	89.9
308.3	92.9
308.3	94.2
308.3	97.7
308.3	102.1
308.2	104.2
308.2	108.2
308.2	108.6
308.2	113.8
308.2	114.7
308.2	117.7
308.4	120.3
308.4	126.9
308.4	126.9
308.5	130.4
308.5	130.8
308.7	141.2
308.7	146
308.9	153.9
309.4	163.4
309.4	170.4
309.3	170.8
309.3	176.5
309.4	181.7
309.4	185.6
309.4	190.9
309.4	191.7
309.3	195.7
309.3	202.2
309.3	205.2
309.5	207
309.5	207.4
309.9	207.4
310.3	207.4
310.7	205.7
310.8	205.2
311.1	202.6
311.2	197
311.3	193
311.3	193
311.4	185.6
311.4	184.3
311.6	179.6
311.6	173.5
311.3	166.9
311.2	160
311.1	157.4
311.3	147.3
311.5	136.9
311.5	130.8
311.5	130.4
311.5	128.2
311.6	124.3
311.7	120.3
311.7	116.9
311.7	116.4
311.7	113.4
311.7	112.5
312.1	112.5
312.1	115.6
312.1	116
312.1	116.9
312.3	116.9
312.6	120.3
312.6	122.5
312.6	123
312.6	123.8
312.9	122.5
312.9	120.3
313	125.1
313	125.6
313.1	127.3
313.2	125.6
313.3	123
313.4	122.5
313.6	119.9
313.9	120.8
314	126.9
314	130.8
314	131.2
314	135.1
314	139.5
314.2	139.5
314.6	136
314.6	132.1
314.7	129.1
315	128.6
315.1	132.1
315.1	133.4
315.1	135.1
315.2	136
315.2	133.4
315.2	130.8
315.4	128.6
315.5	126
315.6	125.1
315.6	126.4
315.6	129.9
315.6	133.4
315.6	135.1
315.9	135.6
316	135.1
316.1	133
316.2	131.2
316.3	129.9
316.3	129.5
316.4	126.9
316.4	126.4
316.4	123.4
316.5	122.5
316.8	124.7
317.1	125.1
317.2	126.9
317.3	129.9
317.3	130.4
317.3	135.1
317.5	135.1
317.6	132.5
317.6	135.6
317.7	138.2
317.8	139.5
318	136.9
318.1	136
318.3	138.6
318.3	136.5
318.3	136
318.4	133.8
318.5	130.8
318.6	129.1
318.9	128.6
318.9	131.7
318.9	132.1
318.9	134.3
318.9	134.7
319.2	133
319.2	132.1
319.4	133.4
319.4	133.8
319.5	134.3
319.6	133.8
319.6	131.2
319.7	128.6
319.8	130.8
319.8	131.2
319.8	135.1
319.8	137.3
319.8	139.1
319.8	139.5
320.1	139.5
320.2	138.2
320.5	136.5
320.6	138.2
320.6	140.8
320.9	143.4
321.1	143.9
321.4	139.5
321.5	136.9
321.5	135.1
322	130.8
322.2	128.6
322.3	132.1
322.3	132.1
322.4	128.6
322.7	126
322.8	125.6
322.9	123.4
322.9	120.8
323.1	118.2
323.2	118.6
323.6	126
323.7	128.2
323.9	133
324.1	136
324.1	136.5
324.1	138.2
324.2	139.5
324.2	139.9
324.2	140.4
324.4	140.8
324.6	138.6
324.6	138.6
324.6	136.9
324.7	136.9
324.9	136.9
324.9	137.3
325	136.5
325	136
325.2	133.8
325.3	132.5
325.3	130.8
325.6	134.3
325.7	136.9
326	139.1
326.2	139.5
326.3	137.3
326.5	135.1
326.6	132.5
326.7	130.4
326.7	128.6
326.9	129.5
326.9	133
326.9	133.8
327.1	133
327.3	131.2
327.4	129.5
327.5	126.4
327.5	128.6
327.5	131.2
327.7	130.4
327.9	128.2
327.9	128.2
327.9	126.9
328	125.6
328.2	124.3
328.3	122.5
328.3	121.2
328.6	122.1
328.9	124.7
328.9	128.2
329.1	130.4
329.2	130.4
329.4	130.4
329.5	131.7
329.5	133.4
329.5	133.8
329.7	134.7
329.9	132.1
330	132.1
330	135.6
330.3	136
330.6	134.3
330.6	133.4
330.8	131.2
330.9	128.6
330.9	127.3
331	128.6
331	130.8
331.1	128.6
331.2	125.6
331.3	125.6
331.5	122.5
331.7	119
331.7	115.6
331.7	112.9
331.8	112.9
331.8	112.5
332.3	113.4
332.2	118.6
332.2	122.5
332.3	126.9
332.6	129.9
332.7	131.2
332.7	132.1
332.8	133.4
332.8	133.8
332.9	134.7
333.1	136.5
333.2	136.9
333.3	136.5
333.4	134.7
333.4	133.8
333.5	132.5
333.6	131.2
333.9	130.8
334.2	130.8
334.3	130.8
334.5	126.9
335	122.1
335.1	119.9
335.1	119.5
335	116.9
335	116.4
335	122.1
335	122.5
335.1	124.7
335.4	124.7
335.8	123.4
335.9	123
336.1	124.7
336.3	125.6
336.5	126.9
336.8	126
337	123
337.1	122.5
337.3	120.8
337.4	119
337.5	123.4
337.5	123.8
337.7	129.5
337.9	129.9
338	129.9
338.1	129.5
338.1	127.7
338.5	129.9
338.5	125.6
338.5	122.1
338.6	118.2
338.7	117.3
338.7	115.6
338.6	112.5
338.6	109.5
338.6	107.7
338.6	107.7
338.8	106.9
339.2	109.9
339.3	113.8
339.7	116
339.9	118.2
340	120.3
340	121.7
340.4	122.5
340.5	121.7
340.6	122.1
340.6	122.5
340.8	118.6
340.8	116.4
340.9	113.8
340.9	112.9
341	111.2
341.1	109.9
341.2	108.6
341.3	112.1
341.3	115.6
341.3	116.4
341.5	119.5
341.9	121.7
342.3	118.2
342.3	119
342.3	119.5
342.3	122.1
342.3	124.3
342.3	125.1
342.3	126.9
342.3	127.7
342.6	129.9
342.6	132.5
342.6	133
342.6	133.8
342.7	136
342.8	137.8
342.8	141.2
342.9	141.7
342.9	142.1
343.5	142.5
343.5	141.7
343.5	137.3
343.5	134.7
343.5	131.7
343.9	133
343.9	136
344	138.2
344.1	138.6
344.4	138.6
344.7	135.6
344.8	133.8
345	135.1
345.1	133
345.1	128.2
345.1	124.3
345.1	124.3
345.1	122.1
345.1	120.3
345.1	120.3
345.4	122.1
345.4	123
345.7	125.6
345.9	127.7
346.1	126
346.3	129.5
346.6	131.7
346.9	131.2
346.8	126.9
346.8	126.9
347	124.3
347.1	121.2
347.1	117.3
347.7	116.4
347.8	116.4
348	117.7
347.9	113.8
348	109.5
348	109
348.2	105.5
348.3	102.9
348.8	104.2
348.8	104.2
348.8	106.9
348.9	107.7
349.4	109.5
349.7	107.7
349.7	106.9
350	107.3
350.3	110.3
350.2	114.3
350.1	117.3
350.4	119.9
350.5	119.9
350.5	116.4
350.5	116
350.8	113.4
351.1	112.1
351.1	111.7
351.2	114.7
351.2	114.7
351.3	116
351.4	116.5
351.4	116.5
351.6	113.9
351.9	107.4
351.8	104.4
351.8	104.4
351.8	105.7
351.8	105.7
352	110.9
352	113.9
352.2	117.8
352.4	119.5
352.4	120.8
352.4	120.8
352.6	121.2
352.8	119.5
352.9	118.2
353.1	119
353.1	119
353.2	119.9
353.2	119.9
353.3	119.5
353.4	119
353.4	117.8
353.5	115.6
353.5	112.2
353.5	111.3
353.7	109.1
353.8	107.4
353.9	108.7
353.9	111.3
354.1	113.5
354.1	114.7
354.3	117.3
354.7	120.3
354.7	120.8
354.8	121.6
354.8	116.9
354.8	111.3
354.8	110.4
354.8	106.1
354.8	102.3
354.8	98.4
354.8	93.6
354.8	93.2
354.8	91.5
354.8	88.5
354.9	84.2
355	82.9
355	82.4
355	76.4
355.1	76
355.2	74.3
355.3	71.2
355.3	66.5
355.3	65.2
355.3	63.1
355.3	62.2
355.7	64.8
355.7	65.6
355.9	64.4
356	60.5
355.8	53.6
355.8	51.9
355.8	49.3
355.8	48.9
355.9	46.3
356	43.7
356.1	40.2
356.3	39.8
356.4	40.7
356.8	44.1
356.9	45.4
357.1	50.1
357.1	50.6
357.2	57.9
357.1	61.3
357	66.1
357	66.1
356.9	70.4
356.9	76.4
357	81.2
357	83.7
357	84.2
357.2	84.6
357.4	84.6
357.6	78.6
357.6	78.1
357.7	81.6
357.7	82.9
357.7	83.3
357.9	86.3
358.2	87.6
358.5	84.2
358.5	79
358.6	76.8
358.6	76
358.7	80.3
358.7	80.3
358.8	84.2
358.9	87.2
359	88
359.1	88.5
359.2	86.7
359.3	82.9
359.4	83.7
359.4	84.2
359.4	82.9
359.5	79
359.6	76
359.7	74.7
359.9	70.8
360.2	61.8
360.3	59.2
360.3	57.5
360.4	58.3
360.4	63.1
360.4	69.1
360.5	73.8
360.5	74.7
360.6	78.1
360.7	79
360.8	81.6
360.9	83.7
360.9	84.2
361.3	79
361.3	74.3
361.4	72.1
361.6	77.7
361.6	82.9
361.8	87.6
361.8	88
362	89.8
362	90.6
362.3	91.1
362.3	89.3
362.3	87.6
362.3	85.5
362.5	87.2
362.8	88
363.1	85.9
363.2	88.9
363.2	92.8
363.3	97.1
363.3	97.9
363.7	100.5
363.8	104.4
364	107.9
364	108.7
364	107.9
364	105.3
364.1	101.4
364.1	98.8
364.1	101.4
364.2	101.4
364.3	99.7
364.3	97.1
364.4	98.8
364.5	100.1
364.8	98.8
364.8	98.8
365	94.9
365	92.8
365.1	89.3
365.2	85
365.3	82
365.4	80.7
365.5	77.7
365.6	76.8
365.6	73.4
365.7	71.2
365.8	70.8
365.9	71.2
366	75.6
366	76
366	80.7
366	83.7
366.2	85.9
366.2	86.3
366.2	86.3
366.3	86.3
366.4	85
366.5	81.2
366.5	76
366.8	72.1
366.9	69.1
366.9	68.7
366.9	66.5
366.9	65.2
366.9	64.4
366.9	63.5
366.9	63.5
367.2	63.1
367.3	63.1
367.4	62.2
367.5	61.3
367.5	59.6
367.7	59.2
367.8	61.8
367.8	62.2
367.9	62.2
368	61.3
368.1	64.4
368.3	66.5
368.4	66.5
368.8	70.4
369	73.8
369	73.8
369.3	77.7
369.3	80.3
369.5	81.2
369.7	82
369.8	83.3
369.9	85
369.9	87.6
369.9	88
369.9	92.8
369.9	94.9
370.2	95.4
370.3	94.9
370.5	93.6
370.5	97.1
370.6	99.7
370.6	100.1
370.7	105.3
370.8	107.4
370.9	109.1
370.9	109.1
371.1	110.9
371.2	113
371.2	115.6
371.5	119.5
371.6	123.8
372	124.2
372.1	118.2
372.2	112.2
372.2	106.6
372.3	102.3
372.3	101.8
372.5	98.4
372.5	95.8
372.5	93.6
372.6	88.5
372.6	88
372.5	82.9
372.5	79.9
372.5	76.8
372.5	74.3
372.5	73.4
372.7	70
372.8	67.8
373.1	70.8
373.1	71.2
373.2	71.7
373.2	71.2
373.3	68.7
373.4	65.6
373.5	63.5
373.5	63.1
373.5	61.8
373.6	60
374	57.9
374.1	56.2
374.1	54.4
374.3	53.6
374.4	53.2
374.4	52.7
374.6	54.4
374.9	56.6
375.1	60.5
375.3	63.9
375.3	65.2
375.4	66.9
375.6	65.6
375.7	62.6
375.7	59.2
376	57.5
376.4	61.3
376.4	62.6
376.5	64.8
376.5	67.8
376.8	70.4
376.8	70.4
377	72.1
377.1	77.3
377.2	81.2
377.2	85.5
377.2	87.2
377.7	93.6
377.5	95.8
377.5	96.7
377.5	89.3
377.6	83.3
377.7	76.4
377.8	71.7
377.9	69.5
378	65.2
378.1	62.6
378.1	61.3
378.1	61.8
378.2	65.2
378.2	65.6
378.5	69.5
378.6	70
378.8	71.2
379.1	74.3
379.1	76.8
379.3	74.7
379.5	73
379.6	70.4
379.9	68.2
380.3	65.2
380.2	63.1
380.2	60
380.2	56.6
380.2	55.7
380.2	53.6
380.3	50.1
380.5	48
380.5	47.6
380.7	49.7
380.6	54
380.5	63.5
380.8	73.4
380.9	76
380.9	80.3
381	81.6
381	83.7
381.2	86.3
381.2	90.2
381.3	93.2
381.3	97.9
381.4	99.7
381.4	101
381.4	103.1
381.5	103.5
381.5	103.5
381.5	101.4
381.6	94.9
381.8	88.5
381.8	84.6
381.8	79.4
381.8	77.3
381.7	74.3
381.7	70.4
381.6	63.9
381.6	59.6
381.6	55.3
381.6	54.9
381.6	54
381.7	53.2
381.8	53.2
381.9	52.3
382.2	50.1
382.3	49.7
382.4	48.4
382.5	48
382.8	45.4
382.9	44.1
383.2	42.8
383.3	42.8
383.5	42.8
383.6	45.8
383.6	48
383.7	50.1
383.9	51.4
384	53.2
384.2	52.7
384.5	50.1
384.6	48.4
384.7	44.5
384.8	42
384.8	42
385	43.7
385	45
385.1	45.4
385.3	42.4
385.5	37.7
385.5	37.2
385.6	42
385.7	46.3
385.7	47.1
385.9	49.7
386	48.9
386.3	44.5
386.3	41.5
386.3	38.5
386.5	36.4
386.5	37.2
386.5	39.8
386.7	41.1
386.9	39.8
387	40.2
387.3	43.3
387.5	45.4
387.6	46.3
387.7	43.3
387.8	42
387.8	38.5
387.9	36.8
388	35.1
388.1	35.1
388.3	32.9
388.4	30.8
388.5	29
388.7	29.9
388.7	31.2
388.9	29.9
389.1	28.2
389.2	27.7
389.2	26.5
389.4	26
389.6	28.6
389.9	32.5
390	33.3
390.1	35.9
390.1	36.8
390.3	39.8
390.4	44.5
390.5	47.6
390.6	48
390.7	52.7
390.7	52.7
390.7	55.7
390.9	62.2
390.9	65.2
390.8	68.7
390.8	71.7
390.8	74.7
390.8	76
390.8	78.6
391.1	78.1
391.2	76.4
391.2	73
391.2	70
391.4	72.5
391.7	74.3
391.8	69.1
391.9	66.5
392	63.9
392.1	63.5
392.4	67.4
392.3	70
392.3	76.8
392.5	81.6
392.7	86.7
392.7	87.6
392.9	89.8
393	92.8
393	94.9
393.1	91.9
393.2	91.5
393.3	91.5
393.4	93.6
393.7	97.1
394	95.4
394	97.9
394	101.4
394	101.8
394.2	100.1
394.4	95.8
394.4	99.7
394.5	102.7
394.6	104
394.9	110.4
394.9	112.6
394.9	114.3
395	115.6
395	116
395	116.5
395.1	116.9
395.2	116
395.3	112.2
395.3	109.1
395.3	108.7
395.5	106.1
395.9	107
395.9	109.1
395.9	110.9
396.1	110.9
396.2	107.4
396.3	110.4
396.3	113
396.4	113.9
396.8	111.3
396.8	112.6
397	115.2
396.8	122.9
396.8	124.6
397.1	127.7
397.4	128.5
397.5	127.7
397.4	122.1
397.6	115.6
397.9	111.3
398	109.1
397.9	106.6
397.9	104.4
397.7	101.4
397.7	100.1
397.6	97.5
397.6	94.5
397.6	90.6
397.6	88.9
397.6	88
397.7	86.3
397.9	86.3
398	86.7
398	91.1
398	91.5
398.1	97.1
398.2	104
398.2	107.9
398.2	111.7
398.2	112.2
398.2	114.3
398.3	118.6
398.3	122.5
398.3	122.9
398.3	125.1
398.4	127.2
398.6	129.8
398.7	130.2
398.7	133.3
399	135.8
399	137.6
399.1	135.8
399.1	132.4
399.3	130.7
399.4	127.7
399.4	125.9
399.5	118.2
399.5	113.5
399.2	105.3
399.1	95.8
399.1	94.5
399.2	92.8
399.4	91.1
399.7	89.8
399.7	86.7
399.8	81.2
399.8	79.9
399.8	72.1
399.8	66.1
399.8	65.6
399.9	63.1
400	62.2
400.2	60.5
400.3	57
400.3	53.2
400.3	50.6
400.3	49.7
400.3	47.1
400.3	46.3
400.3	44.5
400.5	41.5
400.5	38.1
400.5	36.8
400.5	35.5
400.5	33.8
400.7	35.9
400.7	37.7
400.7	42.4
400.8	45.8
400.9	53.6
400.9	56.6
400.8	59.6
401	61.3
401.1	65.6
401.1	67.8
401.1	72.1
401.1	77.7
401.3	85.9
401.4	94.5
401.4	94.9
401.4	97.9
401.4	98.6
401.4	99
401.5	101.2
401.5	101.6
401.9	96.1
401.9	86.3
401.9	84.6
401.9	82.5
401.9	77.8
401.9	77.4
401.9	72.7
401.9	67.2
402.1	61.7
402.1	60.8
402.1	56.6
402.1	55.8
402.1	52.4
402.1	49
402.1	45.6
402.1	40.9
402.2	37.1
402.5	32.4
402.5	32
402.5	28.6
402.5	24.8
402.5	21.8
402.5	21
402.7	19.7
402.9	22.7
403.1	29
403.2	33.3
403.2	33.3
403.5	39.6
403.5	44.3
403.5	47.3
403.5	47.7
403.5	48.5
403.7	45.1
403.7	44.7
403.8	42.2
404.1	38.4
404.2	36.7
404.4	36.7
404.7	40.1
404.9	46
405	51.5
405	57.9
405	63.4
404.9	70.6
404.9	71
404.9	75.7
404.9	81.2
405	87.6
405.2	97.3
405.2	97.8
405.2	102.4
405.3	109.6
405.3	114.7
405.3	115.6
405.3	117.3
405.3	119.4
405.3	119.4
405.4	122.4
405.6	125.3
405.6	125.3
405.6	121.5
406.1	117.7
406.2	117.3
406.3	121.5
406.3	121.9
406.3	124.1
406.3	125.8
406.4	126.2
406.7	121.1
407	122.4
407	125.3
407.1	125.3
407.2	123.6
407.4	119.8
407.5	119
407.7	116.4
408.1	119
408.1	123.2
408.1	125.3
408.1	128.3
408.2	130
408.6	127.9
408.6	127.9
408.9	129.6
408.9	130.4
409	128.7
409	128.3
409	129.2
409	132.1
409.1	133.8
409.5	132.1
409.6	130
409.8	134.7
409.8	135.1
409.9	133.8
409.9	130.9
410.1	127.5
410.1	126.2
410.2	124.1
410.2	123.6
410.4	121.9
410.6	111.8
410.6	110.5
410.7	107.1
410.7	102.9
410.8	98.2
410.9	94.8
411	93.9
411.2	88.4
411.2	82.5
411.2	77.8
411.2	73.2
411.2	67.6
411.2	63.4
411.2	61.3
411.4	59.2
411.6	56.2
411.8	52.8
411.8	52.4
411.9	49.4
412.3	44.7
412.4	40.9
412.4	40.5
412.4	37.9
412.4	37.1
412.5	33.3
412.6	32
412.9	37.5
412.9	38.8
413.2	42.6
413.2	49.8
413.1	54.9
413.4	59.6
413.4	57.5
413.6	55.8
413.6	55.8
413.8	51.9
414	50.2
414.2	57.5
414.5	62.1
414.5	64.7
414.6	65.5
414.8	61.3
414.9	51.9
415	46.4
415	45.6
415.2	40.9
415.2	36.7
415.3	31.6
415.3	29.4
415.4	26.9
415.6	23.5
415.9	21.8
415.9	23.1
416	28.2
416.2	35.8
416.3	39.2
416.3	42.6
416.4	44.3
416.5	45.1
416.9	47.3
416.9	41.8
416.9	37.1
417	33.3
417	33.3
417	29.4
417	28.6
417.1	26.9
417.5	27.8
417.7	33.3
417.7	33.7
418	33.7
418.4	40.5
418.4	40.9
418.4	44.3
418.4	50.2
418.5	54.9
418.5	55.3
418.7	59.6
418.7	60.8
418.7	65.5
418.7	72.7
418.7	75.7
418.7	78.2
418.7	80.4
418.5	84.2
418.4	87.2
418.5	87.6
418.7	90.5
418.7	91
418.7	90.5
418.7	86.3
418.9	79.9
419.1	73.6
419.3	69.3
419.3	64.7
419.3	64.2
419.4	61.7
419.4	53.6
419.4	53.2
419.4	52.8
419.4	56.6
419.5	61.7
419.5	64.2
419.7	64.7
419.7	60.8
419.7	57
419.7	54.5
419.7	54.1
419.7	53.2
419.9	55.3
419.9	58.7
420.2	60.4
420.3	58.3
420.3	54.1
420.3	52.4
420.4	49.4
420.5	46
420.5	43
420.5	42.2
420.5	41.8
420.7	44.3
420.9	45.6
420.9	45.1
420.9	43
421	40.9
421.2	42.2
421.2	43.9
421.1	49
421	50.7
421	53.2
421.3	55.3
421.3	55.3
421.4	58.7
421.5	60.8
421.7	68.5
421.7	68.9
421.7	71.5
422	76.1
422	78.7
422	80.4
422.2	81.6
422.3	82.5
422.3	84.6
422.4	87.2
422.4	89.3
422.6	92.2
422.6	92.2
422.8	94.4
422.9	94.8
423.1	91.4
423.1	86.3
423.1	82.5
423.4	85.5
423.6	91
423.6	91.4
423.7	92.7
423.9	93.9
424	93.1
424.2	90.1
424.4	89.7
424.6	89.7
424.7	87.2
424.8	86.3
424.9	82.9
425.2	79.5
425.3	79.5
425.4	83.3
425.4	84.6
425.5	86.7
425.7	88.9
425.8	90.5
425.8	92.7
425.8	93.5
426.1	94.4
426.2	93.1
426.2	89.7
426.2	88.4
426.3	87.6
426.6	88
426.6	88.4
426.6	88.4
426.9	90.1
427.1	93.9
427.2	91
427.4	85
427.5	79.1
427.5	77
427.5	74.8
427.5	70.2
427.5	69.8
427.6	64.7
427.7	60.4
427.8	57.5
427.8	56.2
427.8	53.2
427.8	52.4
427.8	49.8
427.8	47.7
428.2	51.9
428.2	53.2
428.2	60.8
428.1	67.6
428.1	73.6
428.1	74.4
428.3	81.2
428.4	82.9
428.4	86.7
428.6	92.2
428.6	93.1
428.6	92.7
428.6	90.1
428.8	86.7
428.9	85.9
428.9	82.9
429.2	82.9
429.2	86.7
429.3	88.4
429.3	88.9
429.5	90.5
429.7	91.4
429.7	91.8
429.7	92.2
429.9	93.5
429.9	93.1
429.9	92.2
429.9	90.5
430.2	91.4
430.2	87.2
430.5	82.1
430.6	79.5
430.6	74.4
430.6	74
430.6	73.6
431	77.8
431	87.6
431	89.3
431	91.8
431.1	96.9
431.1	99.5
431.2	104.1
431.2	106.2
431.4	107.5
431.5	107.5
431.5	103.3
431.6	98.6
431.7	93.5
431.7	89.3
431.9	86.7
432	85
432.1	85
432.3	88
432.3	90.1
432.3	97.3
432.3	103.3
432.4	106.2
432.8	110.9
432.8	107.1
432.8	99
432.8	93.5
432.8	92.7
433	90.5
433	86.3
433	86.3
433.2	82.1
433.4	82.1
433.6	90.1
433.7	96.5
433.7	99
433.9	103.3
434.1	106.2
434.1	101.6
434.2	92.2
434.2	91.8
434.4	91
434.7	93.5
434.9	100.7
434.9	101.6
435.2	96.5
435.2	94.4
435.5	97.3
435.6	102
435.6	102.4
435.6	105.8
435.6	106.2
435.7	108.8
435.9	111.8
436.1	114.3
436.2	115.6
436.4	116.9
436.4	116
436.4	113.5
436.4	113
436.6	115.6
436.7	117.3
436.9	120.2
436.9	120.7
437.1	121.9
437.2	121.9
437.3	122.8
437.4	118.6
437.6	112.2
437.7	107.1
437.8	101.6
437.8	101.2
437.9	100.3
438.1	107.1
438.1	114.7
438.6	122.8
438.6	124.5
438.6	129.6
438.6	135.1
438.6	136.4
438.6	138.1
438.7	138.9
438.7	139.3
438.7	140.2
438.8	141.5
438.9	143.2
438.9	143.2
439	144
439.1	144
439.3	138.1
439.3	137.6
439.3	136.4
439.3	141
439.3	143.6
439.6	147.4
439.6	147.8
439.7	151.2
439.8	153.8
439.9	157.2
439.9	158.4
439.9	161
439.9	161
440.1	155.5
440.1	152.9
440.2	150.4
440.3	149.9
440.5	151.6
440.6	152.9
440.4	149.1
440.4	144.4
440.4	140.2
440.4	137.6
440.3	133
440.3	132.6
440.2	128.3
440.2	126.6
440.2	124.1
440.3	119.4
440.4	116
440.6	111.8
440.6	110.5
440.6	107.1
440.6	105
440.6	100.7
440.7	93.9
440.8	92.7
440.8	97.3
440.8	100.7
440.8	102.9
440.8	107.9
440.8	108.8
440.9	112.6
440.9	115.6
440.9	118.6
441	122.4
441.2	124.9
441.4	123.6
441.5	119
441.6	113.9
441.6	113.5
441.6	109.2
441.7	103.3
441.7	94.4
441.7	87.6
441.7	82.9
441.7	76.1
441.8	72.3
441.7	66.4
441.7	59.6
441.8	56.2
441.9	53.2
442.5	51.5
442.7	52.8
442.7	56.6
442.7	57.5
442.9	60.8
443.1	59.6
443.6	52.8
443.7	52.4
443.7	47.7
443.7	44.7
443.6	42.2
443.6	41.3
443.7	41.8
443.8	43.9
444.1	45.1
444.1	43.5
444	41.8
444.3	43.5
444.4	45.6
444.4	44.7
444.4	42.2
444.4	38.4
444.4	37.1
444.4	36.7
444.7	40.5
444.7	40.5
444.9	43
445.1	47.7
445.2	50.7
445.3	48.1
445.6	42.2
445.6	39.6
445.6	39.2
445.9	39.2
446.1	40.5
446.3	37.5
446.4	34.5
446.4	33.7
446.5	31.6
446.7	28.6
446.8	25.6
447	26.5
447	31.6
447.2	36.7
447.4	38.4
447.4	40.5
447.7	43.5
447.9	45.6
447.9	46
447.9	46.8
447.9	45.6
448.1	42.2
448.1	37.9
448.2	35.8
448.6	38.8
448.6	39.2
448.7	41.3
448.7	42.2
448.7	42.6
448.7	40.5
449.2	35.4
449.3	33.7
449.3	32.8
449.5	32.4
449.9	32
450.3	32.4
450.5	33.3
450.5	35.4
450.5	40.1
450.5	40.1
450.6	41.8
450.7	42.6
450.8	42.6