48.7	11
48.8	10.3
49	9.7
49.1	9.7
49.2	9.7
49.3	9.7
49.4	10.3
49.6	12.3
49.7	14.2
49.7	14.8
49.9	15.5
49.9	15.5
50	14.2
50.1	12.3
50.3	11
50.5	10.3
50.6	11
50.8	11.6
50.9	11.6
51	11.6
51	11
51	9.7
51.1	7.8
51.2	7.1
51.4	7.1
51.6	9.7
51.7	11
51.8	12.3
51.8	13.5
51.9	13.5
52	13.5
52	13.5
52.3	13.5
52.6	13.5
52.7	13.5
52.8	13.5
52.9	15.5
52.9	16.7
53.1	18.7
53.2	19.3
53.3	19.3
53.3	18.7
53.3	16.1
53.4	14.8
53.4	12.3
53.5	9.7
53.5	9.7
53.6	9.1
53.6	9.1
53.7	8.4
53.8	8.4
54	9.7
54	10.3
54.1	11.6
54.3	11.6
54.4	11.6
54.5	11.6
54.6	11.6
54.7	12.9
54.7	14.8
54.9	15.5
55.1	14.8
55.3	12.9
55.4	12.3
55.5	12.3
55.5	12.3
55.7	14.2
55.8	16.1
56	17.4
56.1	17.4
56.1	17.4
56.1	17.4
56.2	18.7
56.3	19.3
56.3	19.3
56.5	18.7
56.8	17.4
57	15.5
57.2	14.2
57.3	12.3
57.3	11.6
57.4	11
57.7	12.3
57.8	13.5
57.9	13.5
58.1	13.5
58.2	12.3
58.2	11
58.4	9.7
58.4	9.7
58.4	9.7
58.4	10.3
58.6	12.3
58.8	13.5
58.8	14.8
58.9	14.8
59	16.7
59.1	18.7
59.2	18.7
59.2	18.7
59.3	19.3
59.5	20.6
59.6	21.2
59.7	21.9
59.8	21.9
60	21.2
60.1	18.7
60.1	18
60.2	16.7
60.4	18.7
60.4	20.6
60.5	21.2
60.7	19.9
60.9	17.4
60.9	15.5
61	13.5
61.1	12.3
61.3	11
61.4	11.6
61.5	15.5
61.8	17.4
61.8	17.4
61.9	18.7
62.2	18
62.3	16.1
62.4	15.5
62.6	15.5
62.7	16.1
62.8	17.4
62.8	19.3
62.8	20.6
63	20.6
63.1	21.2
63.2	21.9
63.3	19.9
63.4	18.7
63.6	18.7
63.7	18.7
63.8	18.7
64.1	20.6
64.2	21.2
64.3	20.6
64.3	20.6
64.5	19.9
64.5	19.3
64.7	18.7
64.8	18.7
64.9	19.3
65	21.9
65.1	24.4
65.1	25.1
65.2	27
65.3	27
65.5	27.6
65.5	28.3
65.6	29.6
65.6	31.5
65.9	36
65.9	37.2
66.1	39.2
66.1	39.8
66.2	42.4
66.4	41.1
66.6	39.2
66.6	38.5
66.7	37.2
66.9	36
67.1	36
67.4	39.8
67.4	39.8
67.5	37.9
67.6	36.6
67.8	37.2
68.6	44.9
67.8	39.8
68.1	42.4
68.2	44.9
68.2	48.8
68.4	50.7
68.6	50.7
68.6	50.7
68.7	52
68.8	52
68.9	48.8
68.9	48.8
69	47.5
69.1	45.6
69.3	43.6
69.3	43
69.4	42.4
69.6	41.7
69.7	39.8
69.8	39.2
70	41.1
70	43
70.2	43
70.3	45.6
70.3	47.5
70.3	47.5
70.5	48.1
70.6	48.8
70.7	48.8
70.7	48.8
70.8	48.8
70.9	48.8
70.9	48.1
71	47.5
71	46.2
71.1	44.9
71.1	43
71.1	42.4
71.1	41.7
71.2	40.4
71.3	39.2
71.3	38.5
71.4	37.2
71.5	36.6
71.5	39.2
71.5	40.4
71.7	42.4
71.7	44.3
71.8	45.6
72	46.8
72	47.5
72.1	49.4
72.2	50.1
72.3	50.7
72.4	50.7
72.4	50.7
72.5	50.7
72.6	50.1
72.8	47.5
72.8	46.2
72.9	46.2
73.2	45.6
73.3	44.3
73.3	43
73.3	46.2
73.3	46.8
73.4	48.1
73.5	49.4
73.5	49.4
73.6	49.4
73.7	46.2
73.8	44.9
73.9	43.6
73.9	43.6
73.9	46.2
73.9	46.8
74.1	48.1
74.1	48.1
74.1	47.5
74.2	45.6
74.3	44.9
74.4	43
74.6	43
74.6	43
74.8	42.4
74.8	42.4
74.9	41.7
74.9	40.4
74.9	40.4
75	40.4
75.1	42.4
75.2	43.6
75.3	44.9
75.4	45.6
75.4	45.6
75.4	45.6
75.5	44.3
75.6	43
75.6	43
75.7	45.2
75.9	45.2
75.9	45.2
76	45.2
76.2	45.2
76.3	45.8
76.5	45.8
76.5	45.8
76.7	45.8
76.8	45.2
77	44.5
77	43.9
77.1	42.7
77.2	42.7
77.3	43.3
77.4	43.9
77.4	46.4
77.5	48.3
77.6	48.9
77.6	47.1
77.6	47.1
77.7	47.7
77.7	48.3
77.7	48.9
77.9	48.9
77.9	47.7
77.9	46.4
77.9	44.5
78	44.5
78.1	44.5
78.2	45.8
78.2	46.4
78.3	47.7
78.4	48.9
78.4	49.6
78.5	48.9
78.5	47.7
78.6	47.7
78.8	48.9
78.8	50.8
78.9	52.7
79	53.9
79	54.6
79.1	55.2
79.1	55.2
79.2	53.9
79.3	52.7
79.5	50.8
79.7	49.6
79.7	48.9
79.8	48.3
79.8	47.1
79.9	46.4
79.9	45.8
80	45.2
80.1	43.3
80.3	43.3
80.4	45.2
80.6	47.7
80.6	48.3
80.6	48.3
80.8	47.1
80.8	45.8
80.9	47.7
80.9	48.3
81	48.3
81	48.3
81.1	45.8
81.1	43.9
81.3	41.4
81.4	38.9
81.4	38.9
81.5	37.7
81.5	36.4
81.7	35.2
81.8	38.3
81.9	40.8
81.9	45.2
81.9	45.8
82.1	48.9
82.1	50.2
82.2	52.1
82.2	52.7
82.2	55.8
82.2	57.1
82.2	59
82.3	59
82.5	57.1
82.5	56.5
82.6	57.7
82.6	59.6
82.7	60.2
82.7	60.2
82.8	60.2
82.9	57.7
83	56.5
83.1	54.6
83.2	52.7
83.4	51.4
83.5	51.4
83.6	53.9
83.6	54.6
83.8	55.2
83.9	57.1
84.1	59
84.1	59
84.2	59.6
84.3	62.1
84.4	62.1
84.4	62.1
84.5	60.2
84.5	57.7
84.7	55.8
84.7	55.8
84.8	53.9
84.9	52.7
84.9	50.8
85.1	49.6
85.3	49.6
85.3	50.2
85.4	51.4
85.5	53.3
85.6	55.2
85.6	55.8
85.8	57.1
85.8	59
85.9	60.8
86	59.6
86.3	59.6
86.4	63.3
86.5	65.2
86.5	65.9
86.5	68.4
86.4	71.5
86.5	72.1
86.6	71.5
86.7	70.2
86.8	69
86.8	69
87	69.6
87.1	70.2
87.2	70.2
87.4	71.5
87.5	73.4
87.5	74.6
87.6	75.9
87.7	76.5
87.8	77.1
87.9	77.8
87.9	78.4
88.2	79.6
88.3	80.3
88.4	80.3
88.5	80.3
88.6	79.6
88.8	77.1
89.1	76.5
89.2	75.2
89.3	76.5
89.4	77.8
89.5	79
89.6	79
89.6	79
89.6	78.4
89.6	77.8
89.6	77.1
89.6	76.5
89.8	77.1
89.9	77.8
90	77.8
90	77.1
90	75.2
90	72.1
90	72.1
90.1	71.5
90.1	71.5
90.1	74
90.3	77.1
90.4	77.1
90.5	76.5
90.5	75.9
90.6	75.9
90.7	76.5
90.9	79.6
91	77.1
91	75.2
91.1	75.2
91.2	75.2
91.4	75.9
91.4	76.5
91.5	78.4
91.7	80.9
91.8	80.3
91.8	78.4
91.8	78.4
91.8	77.1
91.9	75.9
92.1	75.9
92.1	76.5
92.2	78.4
92.4	80.9
92.5	79.6
92.5	79
92.6	77.1
92.6	76.5
92.6	75.2
92.7	74.6
92.8	77.1
93	77.1
93.1	76.5
93.2	79
93.3	82.1
93.3	85.9
93.4	87.8
93.6	92.8
93.6	92.8
93.7	93.4
93.8	94.7
93.9	93.4
94	89.7
94	89
94.1	85.3
94.1	82.1
94.2	80.3
94.3	78.4
94.4	75.9
94.4	74
94.6	72.1
94.7	72.1
94.9	72.1
94.9	71.5
94.9	70.9
95	69
95.1	70.9
95.2	71.5
95.3	73.4
95.3	74
95.4	75.2
95.5	77.1
95.6	79
95.6	79.6
95.6	79.6
95.8	78.4
95.8	78.4
95.8	78.4
95.8	78.4
95.8	77.8
95.9	77.8
96	77.8
96	77.8
96	79.6
96	80.3
96.1	79
96.2	77.8
96.2	75.9
96.2	75.2
96.3	77.8
96.4	79.6
96.6	81.5
96.7	81.5
96.7	81.5
96.8	80.3
96.8	78.4
96.8	76.5
96.9	75.2
96.9	73.4
97	72.7
97.1	72.1
97.1	73.4
97.2	75.9
97.2	75.9
97.2	75.2
97.3	73.4
97.3	73.4
97.5	74
97.6	75.2
97.7	75.2
97.7	75.2
97.7	74.6
97.8	74
97.8	73.4
97.8	72.7
97.9	71.5
97.9	72.1
98.1	73.4
98.1	73.4
98.1	73.4
98.4	73.4
98.5	72.7
98.7	72.7
98.8	72.1
98.8	72.1
98.9	70.9
98.9	70.9
98.9	72.1
99	74
99	75.2
99.2	75.9
99.3	75.9
99.3	75.2
99.3	78.4
99.3	78.4
99.5	79
99.5	79
99.5	78.4
99.6	77.1
99.7	75.2
99.7	73.4
99.8	72.7
99.8	72.1
99.8	72.1
99.8	70.9
99.9	69.6
99.9	69.6
100	69
100	69
100	68.4
100.1	69
100.1	70.2
100.1	72.1
100.1	73.4
100.2	74.6
100.3	74.6
100.3	74.6
100.4	74
100.4	73.4
100.5	72.7
100.5	72.1
100.5	72.1
100.5	72.1
100.5	71.5
100.7	72.1
101	74
101	74
101.1	72.7
101.2	71.5
101.3	70.9
101.3	69.6
101.4	68.4
101.5	68.4
101.5	66.5
101.5	66.5
101.6	68.4
101.6	68.4
101.6	70.9
101.7	72.7
101.8	73.4
102.1	72.7
102.1	72.7
102.1	74.6
102.1	77.1
102.2	78.4
102.2	78.4
102.3	78.4
102.3	75.2
102.4	73.4
102.4	72.7
102.4	70.9
102.5	68.4
102.6	67.7
102.7	67.7
102.9	69
103.1	70.2
103.1	70.9
103.2	71.5
103.2	73.4
103.2	74.6
103.3	75.2
103.4	73.4
103.4	71.5
103.4	70.9
103.5	70.2
103.5	70.9
103.6	72.1
103.8	72.7
103.8	72.7
103.9	72.7
104	72.1
104	73.4
104.1	74
104.4	75.9
104.6	78.4
104.7	79.6
104.7	81.5
104.7	83.4
104.7	85.3
104.7	85.3
104.8	88.4
104.8	91.5
104.8	94
104.9	95.9
104.9	97.2
104.9	99.7
105	100.3
105	100.9
105.1	100.9
105.1	101.6
105.3	99.1
105.4	93.4
105.5	88.4
105.5	87.8
105.5	84
105.6	80.9
105.7	77.1
105.7	76.5
105.7	75.2
105.7	74.6
105.7	72.1
105.8	70.9
105.8	69
105.9	67.1
106	65.9
106	65.2
106	65.2
106.1	65.9
106.2	68.4
106.4	67.7
106.4	67.1
106.5	65.9
106.5	65.9
106.5	64
106.5	63.3
106.7	62.7
106.8	61.5
106.9	59.6
107.1	58.3
107.2	59.6
107.2	62.7
107.3	62.7
107.4	64.6
107.5	64.6
107.7	65.9
107.9	65.9
108	66.5
108.1	66.5
108.4	66.5
108.6	65.9
108.7	68.4
108.8	69.6
108.8	72.1
108.9	72.1
109.1	72.1
109.2	71.5
109.3	69.6
109.4	69
109.5	69
109.5	71.5
109.7	72.7
109.8	73.4
110	73.4
110.1	72.7
110.1	72.1
110.2	72.7
110.2	74
110.2	75.2
110.3	76.5
110.4	77.8
110.6	80.3
110.8	82.1
110.8	79.6
110.8	77.8
110.8	77.1
110.9	74.6
111.1	73.4
111.2	70.9
111.3	73.4
111.4	75.2
111.4	75.2
111.6	74.6
111.6	74
111.6	72.7
111.6	70.9
111.7	70.2
111.9	70.2
112	71.5
112.1	72.7
112.3	70.2
112.3	69
112.4	68.4
112.4	69.6
112.6	70.2
112.7	69.6
112.8	71.5
112.8	73.4
112.9	75.2
113	75.2
113.2	74
113.3	72.1
113.6	72.1
113.6	73.4
113.7	76.5
113.7	77.1
113.8	78.4
113.8	78.4
113.8	79
114	78.4
114.1	75.2
114.2	73.4
114.3	72.7
114.3	75.9
114.5	77.8
114.7	79.6
114.8	79
114.8	75.9
114.8	75.9
114.9	75.2
115	74.6
115	73.4
115.1	72.1
115.1	72.1
115.2	70.2
115.3	69
115.4	68.4
115.5	69.6
115.6	72.1
115.8	74.6
115.9	74.6
115.9	74.6
115.9	74.6
116.1	74
116.2	75.2
116.2	75.2
116.3	77.1
116.5	77.8
116.5	77.8
116.6	75.9
116.7	75.2
116.8	74.6
116.9	74.6
116.9	76.5
116.9	77.8
117	79
117	79
117.1	79
117.1	79
117.2	79
117.4	77.1
117.4	76.5
117.5	76.5
117.6	76.5
117.8	78.4
117.8	79
118	79
118	79
118.2	79
118.3	79
118.4	78.4
118.5	80.3
118.6	81.5
118.8	82.8
118.8	82.8
118.9	84.6
118.9	85.9
119.1	84
119.1	83.4
119.2	81.5
119.4	80.3
119.4	80.3
119.5	82.1
119.6	82.8
119.7	82.8
119.8	80.9
119.9	79
119.9	77.8
120	76.5
120	76.5
120.1	76.5
120.3	77.8
120.3	77.8
120.4	76.5
120.4	75.9
120.4	75.2
120.6	74.6
120.6	74
120.7	73.4
120.8	72.1
120.8	70.9
120.9	70.9
121	72.7
121	73.4
121.1	75.2
121.2	76.5
121.3	78.4
121.4	79
121.4	77.1
121.5	77.1
121.5	77.8
121.5	78.4
121.7	78.4
121.8	77.1
121.8	76.5
121.9	75.9
121.9	75.9
122.1	79.6
122.1	79.6
122.2	80.9
122.4	81.5
122.6	83.4
122.7	84.6
122.7	85.9
122.8	89
122.8	89
122.8	87.8
122.9	85.9
123	85.3
123.1	84.6
123.1	84.6
123.2	82.8
123.4	82.1
123.5	81.5
123.7	81.5
123.8	83.4
124	85.9
124.3	87.2
124.3	87.2
124.5	88.4
124.5	89
124.5	87.8
124.5	85.3
124.6	83.4
124.7	83.4
124.8	85.3
124.8	85.3
124.9	84
124.9	82.8
124.9	81.5
125.1	80.3
125.1	79.6
125.1	79
125.2	79
125.2	79
125.4	79.6
125.4	80.9
125.4	82.1
125.5	84
125.6	85.3
125.6	85.9
125.6	86.5
125.9	85.9
126	84.6
126.1	82.8
126.2	81.5
126.3	81.5
126.5	81.5
126.6	81.5
126.6	82.1
126.7	83.4
126.8	84.6
126.9	84.6
127.1	81.5
127.1	80.3
127.2	79.6
127.2	78.4
127.2	78.4
127.3	76.5
127.4	78.4
127.4	81.5
127.5	84.6
127.6	84.6
127.6	82.1
127.6	80.9
127.9	79.6
127.9	79.6
128	78.4
128	78.4
128.2	77.8
128.2	80.3
128.3	80.9
128.4	77.1
128.7	77.1
128.8	80.9
128.8	81.5
128.8	82.8
128.9	85.3
129.1	87.2
129.2	87.2
129.2	85.9
129.3	87.8
129.5	87.2
129.6	84.6
129.6	84
129.5	82.8
129.6	82.8
129.8	84
130	86.5
130.1	87.2
130.2	85.9
130.3	84.6
130.5	84.6
130.6	85.9
130.7	85.9
130.9	85.9
131	87.8
131.2	87.8
131.3	87.2
131.3	84
131.5	84.6
131.6	87.8
131.6	88.4
131.7	91.5
131.7	92.2
131.7	93.4
131.8	90.9
131.8	90.9
131.9	88.4
132.2	86.5
132.3	85.3
132.5	85.3
132.6	86.5
132.6	87.2
132.7	89
132.8	91.5
132.8	91.5
132.8	90.9
132.9	90.3
133	90.9
133.1	92.2
133.2	92.2
133.2	90.9
133.2	88.4
133.2	88.4
133.3	87.2
133.3	85.3
133.4	84.6
133.4	84.6
133.6	84
133.6	83.4
133.7	83.4
133.8	84.6
133.9	87.8
134	90.3
134.1	90.9
134.2	89.7
134.4	90.3
134.5	90.9
134.5	93.4
134.5	94
134.5	95.3
134.7	94.7
134.8	92.2
134.8	90.9
135	91.5
135	92.8
135.1	95.3
135.2	94
135.2	92.2
135.3	90.9
135.4	90.3
135.5	87.8
135.5	87.8
135.6	86.5
135.7	87.2
135.8	89.7
135.8	89.7
135.9	89.7
135.9	90.3
136.1	92.8
136.1	92.8
136.2	90.9
136.3	89
136.4	87.8
136.6	86.5
136.7	85.9
136.8	85.9
136.8	84.6
136.8	84
136.8	84
137	84
137.1	85.3
137.1	87.2
137.3	87.8
137.3	87.2
137.3	85.9
137.5	87.8
137.6	90.3
137.6	92.8
137.7	93.4
137.9	91.5
137.9	91.5
137.9	89.7
138.1	88.4
138.3	88.4
138.4	88.4
138.5	88.4
138.6	88.4
138.7	90.9
138.9	90.9
139	89.7
139	89
139	89
139.1	89
139.3	93.4
139.4	93.4
139.4	92.2
139.4	90.9
139.4	90.3
139.4	89
139.5	91.5
139.7	93.4
139.8	93.4
139.9	93.4
140	90.9
140.3	88.4
140.4	86.5
140.5	84.6
140.8	84
141	85.9
141.3	89
141.3	90.3
141.3	91.5
141.4	90.9
141.5	88.4
141.6	86.5
141.8	88.4
142	90.3
142.4	88.4
142.5	90.3
142.5	95.3
142.5	97.2
142.6	100.3
142.7	102.2
142.7	104.1
142.7	104.1
142.8	105.9
142.8	105.9
142.9	107.2
143	107.2
143	105.9
143	100.9
143.1	99.1
143.2	96.5
143.3	92.8
143.4	90.3
143.5	88.4
143.6	87.2
143.7	87.2
143.8	87.8
143.9	87.8
144	85.9
144.1	85.3
144.1	84.6
144.1	82.1
144.2	80.3
144.3	79
144.4	80.3
144.5	81.5
144.6	82.1
144.7	82.8
144.7	82.8
144.8	82.1
144.9	79.6
144.9	78.4
144.9	77.8
145	80.9
145.2	82.1
145.2	82.8
145.4	82.8
145.4	79
145.4	79
145.5	77.1
145.6	77.1
145.7	79
145.7	79
145.8	79
145.9	77.1
146	77.1
146.2	77.8
146.5	79
146.6	80.3
146.8	79.6
146.8	78.4
146.9	77.1
147.1	76.5
147.2	74.6
147.2	73.4
147.2	72.1
147.3	72.1
147.4	69.6
147.5	69.6
147.6	69.6
147.6	69.6
147.7	68.4
147.7	66.5
147.7	66.5
147.7	66.5
147.7	65.9
147.8	65.2
147.9	64
147.9	64
147.9	63.3
148	63.3
148.1	63.3
148.2	65.2
148.2	66.5
148.2	67.7
148.2	68.4
148.3	70.2
148.5	72.7
148.6	72.7
148.7	74.6
148.7	75.2
148.7	77.8
148.7	79
148.7	80.3
148.8	79
148.9	77.8
148.9	77.8
149	77.1
149.2	77.8
149.2	80.3
149.2	80.3
149.2	80.3
149.3	82.1
149.4	84
149.4	85.3
149.4	87.2
149.4	89
149.4	91.5
149.4	92.8
149.5	94.7
149.6	96.5
149.6	97.8
149.6	100.3
149.6	100.9
149.6	101.6
149.7	102.8
149.7	103.4
149.7	103.4
149.8	102.8
149.9	102.2
149.9	99.7
149.9	97.2
149.9	96.5
149.9	93.4
150	90.9
150	89.7
150.1	88.4
150.1	86.5
150.2	85.3
150.4	84
150.4	82.8
150.5	81.5
150.5	80.9
150.6	79
150.6	78.4
150.6	75.9
150.7	75.2
150.8	75.2
150.9	78.4
150.9	80.9
151	80.3
151.2	79.6
151.3	79.6
151.4	80.9
151.4	84.6
151.5	86.5
151.7	89.7
151.8	90.9
151.8	90.9
152	88.4
152.1	85.9
152.1	82.1
152.1	81.5
152.1	79.6
152.2	77.8
152.4	79
152.5	80.9
152.6	80.9
152.7	80.9
152.7	80.9
152.8	80.9
153	80.9
153.2	84
153.2	84
153.5	87.8
153.5	88.4
153.7	89.7
153.8	92.8
153.9	94
154	90.3
154	89
154	87.8
154	85.9
154.1	84
154.2	87.8
154.3	87.8
154.3	85.3
154.3	84
154.4	83.4
154.4	80.9
154.7	78.4
154.8	79
154.8	82.8
154.9	84
155	84.6
155.2	82.8
155.3	81.5
155.4	81.5
155.4	84.6
155.5	88.4
155.5	89
155.6	90.9
155.7	87.8
155.8	85.3
156	85.9
156.3	88.4
156.5	88.4
156.5	86.5
156.5	84
156.5	82.1
156.6	82.1
156.7	82.8
156.8	82.1
156.9	81.5
157.1	78.4
157.2	77.1
157.3	76.5
157.4	79
157.4	80.9
157.4	80.9
157.5	80.9
157.7	80.9
157.8	80.9
158.1	82.8
158.2	84
158.3	85.9
158.4	88.4
158.5	86.5
158.5	85.9
158.6	83.4
158.8	82.1
158.8	82.1
158.9	82.1
158.9	85.3
159	88.4
159.1	89.7
159.3	87.8
159.4	85.9
159.4	85.3
159.5	84.6
159.7	85.3
159.9	87.2
159.9	88.4
160.1	90.9
160.2	92.2
160.3	94.7
160.4	95.3
160.6	94.7
160.7	93.4
160.8	92.2
160.8	90.3
161	85.3
161.1	84.6
161.4	83.4
161.6	82.8
161.7	84.6
161.8	87.2
161.9	89
161.9	90.3
162	90.9
162.1	90.3
162.1	87.8
162.3	85.3
162.3	84
162.6	83.4
162.7	82.8
163	81.5
163.2	81.5
163.4	84.6
163.5	88.4
163.5	92.2
163.6	96.5
163.7	99.7
163.8	100.9
164.1	100.9
164.1	97.2
164.2	94
164.2	90.9
164.2	88.4
164.2	87.8
164.3	87.8
164.3	87.8
164.4	86.5
164.7	85.3
164.8	84.6
165	87.2
165	92.8
165.2	94.7
165.2	97.2
165.3	99.7
165.3	100.3
165.3	102.2
165.4	104.1
165.4	105.3
165.4	105.9
165.4	106.6
165.6	104.7
165.7	102.2
165.7	101.6
165.8	98.4
165.9	97.2
165.9	96.5
165.9	94.7
165.9	94.7
166	93.4
166.1	92.8
166.2	92.2
166.4	93.4
166.4	94
166.5	95.3
166.6	95.9
166.7	95.3
166.8	95.3
166.8	95.3
166.9	96.5
167	98.4
167.1	97.2
167.1	96.5
167.2	94.7
167.2	94
167.4	96.5
167.6	97.2
167.7	96.5
167.9	94
168	94
168.1	96.5
168.1	97.2
168.1	97.2
168.3	100.3
168.5	103.4
168.6	105.3
168.7	106.6
168.7	107.2
168.8	107.2
168.9	106.6
169.1	106.6
169.1	105.9
169.1	104.1
169.2	101.6
169.4	100.9
169.4	100.9
169.4	100.9
169.5	100.9
169.6	97.8
169.6	95.9
169.6	95.9
169.7	94.7
169.8	93.4
170	90.9
170	90.3
170.1	89.7
170.2	89.7
170.2	89.7
170.3	90.9
170.4	94
170.5	99.1
170.7	102.2
170.7	102.8
170.7	104.1
170.8	106.6
170.8	109.1
170.9	110.3
170.9	111.6
171	111
171.1	110.3
171.1	107.8
171.2	105.9
171.3	102.2
171.4	100.3
171.3	102.8
171.4	101.6
171.4	100.3
171.5	98.4
171.6	96.5
171.7	95.9
171.9	99.1
172	99.7
172.1	97.8
172.3	97.8
172.5	100.9
172.5	104.7
172.6	107.8
172.6	107.8
172.7	109.7
172.7	112.8
172.8	114.7
172.8	114.7
172.9	112.8
173.1	110.3
173.3	108.5
173.5	107.2
173.5	104.7
173.6	102.8
173.6	100.9
173.7	98.4
173.8	96.5
173.8	95.3
173.9	93.4
174	90.9
174	90.3
174	89
174.1	85.9
174.2	83.4
174.3	82.8
174.4	84.6
174.4	89
174.4	90.9
174.4	95.3
174.5	97.2
174.5	97.8
174.6	99.7
174.7	102.8
174.7	105.3
174.7	106.6
174.8	106.6
174.9	105.3
174.9	105.3
174.9	109.1
175.1	111.6
175.2	112.2
175.3	113.5
175.3	114.1
175.3	115.3
175.5	116.6
175.5	117.9
175.7	118.5
175.7	117.9
175.9	116.6
176	115.3
176	114.7
176.1	112.8
176.1	109.1
176.3	104.7
176.4	104.7
176.4	102.8
176.4	102.2
176.4	99.1
176.5	96.5
176.7	95.3
176.8	97.8
176.8	97.8
177	99.1
177.1	97.8
177.3	96.5
177.3	95.3
177.5	97.8
177.6	99.7
177.6	100.3
177.7	101.6
178	106.6
178.1	107.8
178.2	109.7
178.5	107.2
178.5	105.3
178.5	107.8
178.6	108.5
178.7	109.7
178.7	110.3
178.8	107.2
178.8	107.2
178.8	107.2
179	110.3
179.1	111
179.3	109.7
179.3	107.8
179.5	106.6
179.6	104.7
179.7	104.7
179.9	107.2
179.9	108.5
180	110.3
180.1	111
180.1	110.3
180.2	109.1
180.3	110.3
180.4	111
180.4	111
180.5	109.1
180.5	107.8
180.5	107.2
180.5	107.2
180.7	107.2
180.8	107.8
180.9	105.3
180.9	104.7
181	103.4
181.1	102.2
181.3	101.6
181.4	101.6
181.5	100.3
181.6	99.1
181.7	102.8
181.7	104.7
181.7	104.7
181.8	104.7
181.9	101.6
182	100.3
182.1	100.3
182.2	97.8
182.2	97.2
182.3	97.2
182.4	100.3
182.4	103.4
182.4	103.4
182.5	105.3
182.7	105.9
182.8	107.8
183	109.1
183.1	110.3
183.2	111.6
183.3	112.8
183.4	112.8
183.4	112.8
183.5	111.6
183.6	109.1
183.8	107.2
183.9	104.1
183.9	101.6
183.9	100.3
184	102.2
184.3	105.9
184.2	108.5
184.3	108.5
184.4	105.3
184.5	104.7
184.5	104.7
184.7	105.3
184.9	107.8
184.9	111.6
185	112.8
185.1	112.2
185.1	111
185.3	113.5
185.5	114.1
185.7	116
185.8	117.2
185.9	117.2
186	112.8
186.1	110.3
186.2	108.5
186.2	105.9
186.3	105.3
186.4	107.8
186.6	109.1
186.7	109.1
186.7	107.2
186.7	106.6
186.8	104.7
187	104.7
187.1	108.5
187.1	111
187.2	113.5
187.6	114.1
187.8	115.3
187.8	115.3
187.9	114.1
188.1	110.3
188.1	107.8
188.1	107.2
188.4	108.5
188.4	104.7
188.5	103.4
188.5	100.9
188.6	100.3
188.6	97.8
188.7	94.7
188.8	92.8
188.8	92.8
188.8	90.9
188.8	87.8
188.8	85.9
188.9	85.3
189	84
189.1	81.5
189.1	80.3
189.3	84.6
189.5	88.4
189.7	91.5
189.8	93.4
189.9	90.9
190	91.5
190.2	90.9
190.2	90.3
190.4	91.5
190.6	92.8
190.8	92.8
190.8	95.3
190.8	99.7
190.9	100.9
191	100.9
191.3	100.9
191.5	101.6
191.6	101.6
191.7	102.8
191.7	104.1
191.7	106.6
191.8	109.1
191.9	111
191.9	111.6
192.1	112.8
192.3	111.6
192.4	109.7
192.5	107.8
192.5	105.3
192.6	102.2
192.6	99.7
192.7	97.8
192.9	100.9
192.9	100.9
193	99.1
193.1	96.5
193.4	90.9
193.4	89.7
193.4	87.2
193.3	83.4
193.3	79
193.3	77.8
193.4	77.1
193.5	74.6
193.6	73.4
193.7	72.1
193.8	72.1
194	72.1
194.3	74.6
194.5	78.4
194.5	79
194.5	82.1
194.6	85.9
194.7	89.7
194.8	92.8
194.8	96.5
194.8	97.2
194.8	98.4
194.9	103.4
194.9	104.7
194.9	106.6
194.9	107.2
195.1	111
195.2	112.8
195.3	111.6
195.5	106.6
195.6	102.2
195.6	98.4
195.7	94
195.8	90.3
195.8	88.4
195.9	86.5
195.9	84
195.9	83.4
195.9	83.4
196	82.1
196.1	81.5
196.1	81.5
196.3	82.1
196.3	83.4
196.5	81.5
196.5	80.9
196.7	80.3
196.8	78.4
196.8	78.4
197	78.4
197.1	80.9
197.2	83.4
197.2	84.6
197.4	89.7
197.7	92.2
197.7	94.7
197.7	95.3
197.7	97.8
197.8	100.3
197.8	102.8
197.8	105.9
197.8	112.8
197.9	113.5
197.9	112.8
198	110.3
198	105.3
198.2	99.7
198.2	99.1
198.2	94.7
198.2	91.5
198.2	88.4
198.4	85.9
198.4	80.9
198.5	78.4
198.6	76.5
198.6	75.2
198.7	72.7
198.7	70.9
198.8	69
198.9	70.2
199.2	75.2
199.2	80.3
199.3	84.6
199.3	85.9
199.3	87.8
199.5	91.5
199.5	94.7
199.6	98.4
199.6	100.3
199.6	103.4
199.6	104.7
199.6	104.7
199.6	105.3
199.6	105.9
199.8	104.1
199.8	103.4
199.8	98.4
199.9	94
199.9	90.3
199.9	89.7
199.9	87.2
199.9	85.3
199.9	82.1
199.9	80.3
200.1	78.4
200.1	77.8
200.1	77.1
200.2	74.6
200.2	73.4
200.2	70.9
200.3	67.7
200.3	65.2
200.3	65.2
200.3	64
200.3	62.7
200.3	62.1
200.4	60.8
200.4	59.6
200.5	59
200.5	61.5
200.5	62.1
200.6	64.6
200.7	60.8
200.8	66.5
200.8	67.7
200.8	70.9
200.9	73.4
201	76.5
201.1	77.8
201.3	78.4
201.4	79
201.4	79
201.4	75.2
201.5	73.4
201.6	75.2
201.7	79
201.7	84
201.8	87.8
201.8	92.2
201.8	92.8
202	96.5
202	99.1
202	101.6
202	102.8
202.3	104.1
202.4	106.6
202.5	107.8
202.6	108.5
202.7	107.8
202.7	104.7
202.7	97.8
202.7	92.2
202.8	87.8
202.8	86.5
202.9	83.4
202.9	79.6
203.1	76.5
203.1	75.9
203.2	74
203.4	72.1
203.7	72.7
203.8	75.2
203.8	75.9
204	76.5
204.2	76.5
204.3	79
204.3	79.6
204.3	84.6
204.3	84.6
204.3	89
204.4	92.8
204.5	95.9
204.5	96.5
204.5	97.2
204.6	97.8
204.7	101.6
204.8	104.7
204.8	107.2
204.9	105.9
204.9	100.3
205	95.3
205	93.4
205.1	91.5
205.1	90.3
205.1	90.3
205.3	87.2
205.3	84.6
205.4	81.5
205.4	80.9
205.5	77.8
205.6	74
205.6	70.2
205.7	68.4
205.8	72.1
205.9	75.9
206.1	81.5
206.1	84
206.1	84.6
206.2	87.2
206.2	89.7
206.3	93.4
206.4	96.5
206.4	100.3
206.4	102.2
206.5	102.2
206.6	100.9
206.7	100.9
206.7	100.9
206.8	102.2
206.9	103.4
207.1	102.8
207.1	99.1
207.1	97.8
207.2	94
207.4	89.7
207.5	86.5
207.5	85.9
207.6	84
207.6	81.5
207.7	80.3
207.8	80.9
208	85.9
208	87.2
208.1	90.9
208.1	93.4
208.3	94.7
208.4	95.3
208.5	94
208.6	94
208.7	95.3
208.8	95.3
208.9	93.4
208.9	91.5
209.2	93.4
209.2	94
209.3	95.9
209.3	99.7
209.3	102.2
209.3	103.4
209.3	104.7
209.4	107.8
209.4	109.7
209.5	111
209.7	107.8
209.9	104.7
209.9	106.6
209.9	107.2
210.1	112.2
210.1	115.3
210.2	117.9
210.2	118.5
210.2	121
210.3	125.4
210.4	126
210.5	124.7
210.6	116.6
210.6	111.6
210.6	102.8
210.6	102.2
210.6	97.2
210.6	94
210.9	87.2
210.8	83.4
210.8	78.4
210.8	74
210.9	69.6
211	67.7
211	66.5
211.1	63.3
211.1	60.8
211.1	57.1
211.2	54.6
211.2	53.3
211.3	52.1
211.4	53.3
211.5	56.5
211.8	62.1
211.9	65.9
211.9	71.5
211.9	72.1
211.9	72.1
212	73.4
212	75.2
212.1	70.9
212.2	69.6
212.3	67.1
212.3	65.2
212.4	63.3
212.4	63.3
212.4	63.3
212.6	65.9
212.8	67.1
212.8	67.1
212.8	67.1
212.9	63.3
212.8	61.5
213	62.1
213.1	62.1
213.2	62.1
213.3	60.8
213.5	59.6
213.6	59
213.6	57.1
213.6	55.8
213.7	55.2
213.8	59
213.9	62.7
213.9	64
214	67.1
214	68.4
214.1	70.2
214.3	72.1
214.3	72.1
214.4	72.7
214.5	70.2
214.5	67.7
214.6	67.7
214.6	68.4
214.8	69
215	66.5
215.1	64.6
215.1	62.1
215.2	60.2
215.3	64
215.3	64.6
215.3	67.7
215.4	70.2
215.5	73.4
215.5	74.6
215.7	76.5
215.8	77.1
215.9	77.1
216	73.4
216	72.1
216.1	69.6
216.1	66.5
216.4	65.2
216.6	65.2
216.8	66.5
216.9	68.4
216.9	68.4
216.9	71.5
216.9	71.5
217.2	73.4
217.4	73.4
217.5	74.6
217.5	76.5
217.5	79
217.7	79
217.9	77.1
218	77.1
217.9	77.8
218.2	83.4
218.3	87.8
218.3	89
218.3	94
218.5	96.5
218.5	95.9
218.6	92.8
218.6	87.2
218.7	83.4
218.7	82.8
218.7	80.3
218.7	76.5
218.7	72.7
218.8	72.1
218.8	69
218.8	66.5
218.9	64
218.9	63.3
218.9	62.1
218.9	58.3
219.1	57.1
219.3	59.6
219.4	63.3
219.6	63.3
219.7	61.5
219.8	59.6
219.9	59
220.1	57.1
220.2	56.5
220.4	58.3
220.5	61.5
220.5	62.1
220.5	63.3
220.8	63.3
220.9	64.6
221	67.7
221	71.5
221.1	74.6
221.1	74.6
221.2	77.1
221.2	77.1
221.3	79.6
221.4	81.5
221.4	84
221.4	85.3
221.4	85.3
221.5	83.4
221.5	78.4
221.7	75.2
221.9	72.1
222.1	68.4
222.2	65.9
222.2	62.1
222.2	61.5
222.2	57.7
222.2	54.6
222.3	51.4
222.4	50.8
222.4	49.6
222.4	48.3
222.4	46.4
222.5	43.3
222.5	42
222.5	38.3
222.5	37.7
222.5	37
222.5	35.2
222.6	33.3
222.7	32
222.7	30.8
222.9	30.1
223	31.4
223	34.5
223	36.4
223.2	38.9
223.3	42
223.4	43.9
223.5	45.2
223.6	46.4
223.6	47.1
223.6	47.1
223.8	47.7
223.9	47.7
223.9	47.7
224	47.7
224.1	47.7
224.2	46.4
224.3	45.2
224.3	43.9
224.4	43.9
224.4	43.3
224.4	43.3
224.5	45.2
224.5	46.4
224.6	47.7
224.7	47.7
224.8	47.7
224.8	47.1
224.9	46.4
225	45.2
225.2	44.5
225.3	44.5
225.5	44.5
225.5	44.5
225.5	45.2
225.6	45.8
225.6	45.8
225.6	47.7
225.9	43.9
226	47.1
226.1	49.6
226.2	48.9
226.3	48.3
226.3	47.7
226.5	49.6
226.5	50.2
226.6	48.3
226.6	45.8
226.7	43.9
226.8	42.7
226.8	42
227	41.4
227.1	42
227.2	41.4
227.3	39.5
227.4	38.3
227.5	37.7
227.7	37
227.7	36.4
227.7	36.4
227.8	35.8
227.9	36.4
227.9	37
228	38.3
228.1	40.2
228.2	42.7
228.2	42.7
228.3	40.2
228.5	38.9
228.5	38.3
228.7	37.7
228.9	39.5
229.1	43.9
229.3	46.4
229.3	47.7
229.3	48.3
229.3	49.6
229.6	51.4
229.7	49.6
229.8	46.4
229.8	43.9
229.8	43.9
229.8	42
229.9	40.2
230	39.5
230.1	38.3
230.2	40.2
230.4	40.2
230.5	38.9
230.5	37.7
230.7	36.4
230.8	37.7
230.9	38.3
231	37
231	35.8
231.2	33.9
231.2	33.9
231.3	33.3
231.5	35.2
231.6	38.3
231.6	38.9
231.7	41.4
231.7	43.3
231.8	45.2
232	45.8
232.1	45.2
232.1	43.3
232.1	41.4
232.2	40.2
232.3	38.9
232.5	38.9
232.6	38.9
232.7	40.2
232.9	41.4
232.9	42
233.1	42.7
233.1	43.3
233.3	44.5
233.4	43.3
233.5	38.9
233.5	38.3
233.6	35.8
233.6	33.9
233.6	32
233.6	29.5
233.6	25.8
233.7	23.9
233.8	22.6
233.9	20.1
233.9	18.9
234	17
234.1	15.1
234.2	13.8
234.3	17.6
234.4	18.9
234.5	22
234.5	22.6
234.5	22.6
234.7	26.4
234.9	30.8
235	32.6
235	33.3
235	33.3
235.1	30.8
235.2	28.3
235.4	30.1
235.5	30.1
235.6	30.1
235.7	26.4
235.8	24.5
235.8	23.9
235.9	21.4
235.9	21.4
236	20.1
236	19.5
236.2	18.9
236.5	20.7
236.7	23.2
236.7	23.9
236.8	25.1
236.8	25.1
236.9	25.1
236.9	24.5
236.9	23.2
237	23.2
237.1	23.9
237.1	24.5
237.1	25.1
237.3	27
237.3	28.3
237.5	30.1
237.6	28.3
237.7	26.4
237.8	25.8
238	23.9
238	22.6
238.1	20.1
238.1	18.9
238.2	18.2
238.4	17.6
238.6	17
238.8	19.5
238.8	19.5
238.8	21.4
239.1	22
239.1	22.6
239.3	24.5
239.4	22.6
239.5	21.4
239.8	19.5
240	18.2
240	17
240.1	16.4
240.1	15.7
240.2	14.5
240.4	14.5
240.5	14.5
240.7	15.7
240.9	19.5
240.9	20.1
241.1	18.9
241.2	18.9
241.3	22.6
241.5	25.8
241.5	26.4
241.7	29.5
241.7	30.1
241.8	30.1
241.8	29.5
241.8	27.6
241.9	25.1
242	23.9
242.2	22
242.3	20.7
242.4	18.9
242.5	17.6
242.5	16.4
242.6	15.7
242.7	14.5
242.8	13.2
243	12.6
243	12.6
243.2	13.8
243.2	14.5
243.3	16.4
243.5	16.4
243.6	15.1
243.6	13.8
243.7	13.2
243.8	13.8
244.1	15.7
244.4	18.2
244.4	19.5
244.5	19.5
244.6	18.2
244.6	17.6
244.7	16.4
245	15.1
245	13.8
245.1	12
245.2	11.3
245.2	10.7
245.5	10.1
245.6	9.5
245.9	10.1
246	12.6
246.1	14.5
246.3	20.1
246.3	20.1
246.5	20.7
246.5	22
246.5	23.2
246.5	24.5
246.6	25.1
246.6	26.4
246.8	27
246.9	27
246.9	26.4
247	25.1
247.1	23.2
247.1	21.4
247.2	20.1
247.6	20.1
247.7	20.7
247.7	21.4
247.8	23.9
247.9	24.5
248.1	24.5
248.4	27
248.6	25.1
248.7	22.6
248.7	22
248.8	20.7
249	20.7
249.2	22
249.2	22.6
249.3	21.4
249.3	19.5
249.4	19.5
249.6	21.4
249.7	22.6
249.7	22.6
249.8	21.4
249.9	20.1
250.1	18.9
250.2	18.2
250.3	18.2
250.5	18.9
250.6	20.7
250.6	20.7
250.7	23.2
250.7	23.2
250.6	24.5
250.6	24.5
250.7	25.8
251	27.6
251.3	29.5
251.4	30.8
251.4	30.8
251.6	30.8
251.8	30.8
252.1	32
252.1	32
252.1	32
252.3	29.5
252.5	29.5
252.5	30.1
252.7	30.8
252.9	31.4
253	31.4
253.1	28.9
253.2	27
253.4	27
253.5	27.6
253.7	27.6
253.9	28.9
254	28.9
254.1	28.9
254.3	28.9
254.4	28.9
254.5	28.9
254.6	28.3
254.8	27
254.9	25.1
255	23.2
255	22.6
255.2	22.6
255.3	24.5
255.4	26.4
255.5	26.4
255.8	28.3
256	27
256	27
256.1	28.9
256.3	31.4
256.4	31.4
256.6	29.5
256.7	28.3
256.9	28.9
256.9	29.5
257	30.8
257.1	29.5
257.2	26.4
257.2	26.4
257.3	25.1
257.5	25.8
257.6	28.9
257.7	28.9
257.7	30.1
257.9	32.6
258.1	33.9
258.1	34.5
258.2	34.5
258.3	32.6
258.5	32.6
258.5	33.3
258.5	35.2
258.6	37
258.8	37
258.8	37
258.9	37
259	38.9
259	39.5
259	39.5
259	38.9
259.1	37.7
259.3	33.9
259.5	32.6
259.7	32
259.8	33.9
260	35.2
260.1	35.2
260.1	34.5
260.3	32
260.4	29.5
260.6	25.8
260.6	23.9
260.9	25.1
261.1	25.1
261.2	23.2
261.2	22
261.3	21.4
261.4	20.7
261.5	18.9
261.7	18.9
261.8	18.9
261.9	19.5
262	19.5
262.2	20.7
262.3	20.7
262.5	18.9
262.5	18.2
262.5	17
262.7	16.4
262.7	18.2
262.8	18.2
262.9	17.6
263.1	17
263.2	15.1
263.3	16.4
263.3	17.6
263.4	19.5
263.4	19.5
263.5	18.2
263.6	17
263.7	17
263.8	17
263.8	17
264	16.4
264.1	15.1
264.2	13.2
264.2	12.6
264.4	12
264.4	12
264.5	13.2
264.8	13.2
264.8	13.2
265	13.2
265.2	15.1
265.5	16.4
265.5	17
265.8	20.1
265.8	20.7
265.8	23.2
265.8	24.5
266	24.5
266	23.9
266	23.9
266.1	23.9
266.2	25.1
266.3	26.4
266.3	26.4
266.3	27
266.4	27.6
266.5	27.6
266.5	27.6
266.6	26.4
266.7	25.8
266.7	25.8
266.8	26.4
266.9	28.3
266.9	28.3
267	27.6
267	27.6
267	26.4
267.2	24.5
267.4	24.5
267.5	26.4
267.6	27.6
267.7	28.3
267.7	28.3
267.8	26.4
267.9	24.5
267.9	23.2
268	21.4
268	20.1
268.2	18.2
268.3	18.2
268.3	18.2
268.4	18.2
268.6	19.5
268.8	19.5
268.8	18.9
268.9	18.2
269	17
269.1	16.4
269.2	15.1
269.3	14.5
268.9	17
269.2	16.4
269.4	15.1
269.5	13.8
269.5	13.8
269.6	15.7
269.7	16.4
269.9	16.4
270.1	16.4
270.4	20.1
270.4	20.1
270.5	17.6
270.8	13.8
271	12.6
271	12
271	12
271.1	18.2
271.4	22.6
271.4	24.5
271.5	28.3
271.5	33.3
271.5	37
271.6	39.5
271.6	41.4
271.6	43.9
271.6	47.1
271.8	50.8
271.9	51.4
271.9	52.1
272.1	53.9
272.1	55.8
272.5	62.7
272.5	64
272.5	64.6
272.6	66.5
272.6	66.5
272.7	68.4
272.7	68.4
272.9	72.1
272.9	73.4
272.9	74
272.9	74.6
273.1	76.5
273.2	79
273.4	84
273.4	85.3
273.5	85.9
273.5	88.4
273.6	90.9
273.7	91.5
273.7	92.2
273.8	94
273.9	94
274	92.8
274	90.3
274.2	87.8
274.3	85.3
274.3	82.1
274.4	79
274.4	76.5
274.5	74.6
274.6	71.5
274.6	70.9
274.7	72.1
274.7	74
274.9	74.6
274.9	73.4
275.1	72.7
275.2	72.7
275.4	72.7
275.4	72.1
275.5	72.1
275.7	70.2
275.9	72.1
276	77.1
276	80.3
276.1	80.3
276.2	77.8
276.2	76.5
276.3	75.9
276.3	75.9
276.3	75.2
276.4	74.6
276.7	80.9
276.7	83.4
276.7	83.4
276.7	81.5
276.8	80.9
276.9	78.4
276.9	78.4
277.1	80.3
277.1	82.8
277.2	81.5
277.2	80.9
277.3	77.1
277.4	73.4
277.5	69.6
277.5	66.5
277.5	64
277.5	60.8
277.6	55.8
277.7	51.4
277.7	47.7
277.8	47.7
277.9	44.5
277.9	44.5
277.9	41.4
278	38.3
278.1	37
278.3	37
278.4	38.3
278.5	38.3
278.6	38.3
278.8	40.2
278.9	44.5
278.9	46.4
278.9	49.6
278.9	53.3
279	57.1
279.1	59.6
279.2	60.2
279.3	59
279.3	53.9
279.4	50.2
279.5	47.7
279.8	46.4
279.9	48.9
279.9	50.2
280	52.7
280	53.3
280	55.8
280	58.3
280	60.8
280.1	61.5
280.1	61.5
280.4	59
280.4	61.5
280.5	63.3
280.6	64.6
280.8	64.6
280.8	60.8
280.9	57.7
280.9	57.1
280.9	57.1
281	53.9
281.5	42.7
281.5	36.4
281.5	28.3
281.6	23.2
281.7	20.1
281.8	18.9
281.8	16.4
281.9	15.1
281.9	14.5
282	14.5
282.1	13.8
282.3	13.8
282.4	15.1
282.4	17
282.5	17
282.6	17
282.7	15.7
283	13.8
283.1	12
283.3	11.3
283.4	10.7
283.5	10.7
283.5	10.7
283.6	11.3
283.8	12
283.9	12
284	12
284	10.1
284	8.8
284.1	8.8
284.3	8.8
284.5	8.2
284.8	8.2
285	8.8
285	12.6
285	13.2
285.1	19.5
285.3	23.2
285.3	25.8
285.5	28.9
285.6	30.8
285.6	31.4
285.6	34.5
285.5	38.3
285.4	40.8
285.4	41.4
285.5	47.1
285.6	50.2
285.7	52.7
285.8	57.7
286	55.8
286.1	55.8
286.1	56.5
286.3	51.4
286.5	46.4
286.5	42.7
286.6	39.5
286.7	40.8
286.7	41.4
286.7	45.8
286.7	49.6
286.8	52.7
286.8	53.3
286.9	55.2
286.9	58.3
287	61.5
287	62.1
287.1	62.7
287.1	64.6
287.2	65.2
287.4	70.9
287.5	73.4
287.5	74
287.5	75.2
287.5	75.9
287.5	80.9
287.5	83.4
287.7	82.1
287.7	80.3
287.8	77.1
287.9	75.2
288	72.7
288	67.1
288	61.5
288	59.6
288	59
288	57.1
288	56.5
288	54.6
288.1	50.8
288.1	50.8
288.2	52.1
288.2	53.9
288.3	55.8
288.3	59.6
288.3	61.5
288.4	63.3
288.5	62.7
288.5	62.1
288.5	59.6
288.6	59.6
288.6	57.7
288.7	56.5
288.8	57.1
289	58.3
289	57.1
289	57.1
289.1	55.2
289.2	52.1
289.3	49.6
289.4	43.3
289.4	41.4
289.5	38.9
289.5	36.4
289.6	35.2
289.6	34.5
289.7	33.9
289.8	32.6
290	32
290	33.9
290.1	35.2
290.1	35.2
290.2	34.5
290.4	33.3
290.7	32.6
290.7	33.3
290.7	33.9
290.9	35.2
290.9	36.4
291.1	39.5
291.2	42.7
291.3	42.7
291.3	41.4
291.4	40.2
291.5	40.2
291.8	39.5
291.9	39.5
291.9	40.2
292.1	42
292.1	42
292.3	43.3
292.4	43.3
292.5	43.3
292.7	40.2
292.8	40.2
293	41.4
293.2	43.3
293.3	45.8
293.5	47.7
293.6	47.7
293.7	42.7
293.8	39.5
294.1	38.9
294.4	38.9
294.5	37.7
294.5	37
295.1	38.9
295.3	38.9
295.2	38.9
295.3	38.9
295.4	35.8
295.4	35.2
295.5	33.3
295.6	32
295.6	31.4
295.7	30.1
295.9	31.4
296.1	31.4
296.2	30.1
296.4	29.5
296.5	30.1
296.5	30.1
296.7	31.4
296.8	32
296.8	33.9
296.9	33.9
297	33.3
297.1	33.3
297.1	32.6
297.1	30.8
297.1	30.1
297.3	31.4
297.5	32.6
297.5	33.9
297.5	34.5
297.6	34.5
297.6	32.6
297.8	30.8
297.9	28.9
297.9	27.6
298	28.3
298.1	29.5
298.2	29.5
298.2	29.5
298.3	29.5
298.4	27
298.5	27
298.5	29.5
298.6	32
298.7	32
298.7	32
298.8	32.6
298.8	33.3
299.1	32
299.1	30.8
299.2	28.3
299.3	26.4
299.3	25.8
299.4	25.1
299.4	25.1
299.5	26.4
299.5	28.9
299.6	30.1
299.7	32.6
299.7	34.5
299.9	35.2
299.9	35.8
299.9	37
300	37.7
300.1	37.7
300.2	37.7
300.3	37
300.4	35.8
300.5	34.5
300.5	34.5
300.6	34.5
300.8	34.5
300.9	34.5
301	35.8
301.2	36.4
301.3	37
301.4	37
301.4	37
301.6	37
301.6	37
301.7	37
301.9	36.4
302.1	34.5
302.1	33.9
302.2	35.8
302.3	36.4
302.3	38.3
302.5	38.9
302.6	38.9
302.8	40.2
302.9	40.2
303	40.8
303.1	42.7
303.2	44.5
303.2	45.2
303.3	47.1
303.3	48.9
303.4	48.9
303.5	45.8
303.5	44.5
303.7	45.8
303.7	45.8
303.7	45.8
303.8	45.8
303.9	43.3
304.1	43.3
304.2	43.9
304.2	45.2
304.2	45.2
304.4	45.8
304.7	45.2
304.7	45.2
304.7	45.2
304.8	45.8
304.9	48.3
304.9	50.8
305	53.3
305	54.6
305.2	55.2
305.3	53.3
305.5	55.8
305.5	56.5
305.6	56.5
305.6	54.6
305.7	53.3
305.7	53.3
305.9	53.3
306	51.4
306.1	50.8
306.3	50.8
306.3	51.4
306.4	52.1
306.6	52.1
306.6	52.1
306.8	52.1
307.1	52.1
307.2	53.3
307.2	53.9
307.2	56.5
307.4	59
307.5	59.6
307.6	57.1
308	55.8
308	55.8
308.1	52.7
308.2	49.6
308.2	49.6
308.4	48.9
308.5	48.9
308.7	50.8
308.8	52.1
309	54.6
309.1	57.7
309.1	58.3
309.1	59.6
309.4	59.6
309.4	57.1
309.6	55.8
309.7	53.9
309.7	53.3
309.8	51.4
309.9	50.2
310	48.9
310.1	52.1
310.2	54.6
310.2	55.2
310.2	57.1
310.2	59
310.3	59.6
310.5	59.6
310.6	58.3
310.6	55.8
310.7	55.2
310.7	54.6
310.7	53.3
310.8	53.3
310.8	53.3
310.8	53.9
310.9	53.9
311	53.9
311	55.2
311.1	54.6
311.2	53.9
311.2	53.9
311.4	53.3
311.4	53.3
311.5	52.7
311.5	52.1
311.5	52.7
311.6	53.3
311.6	54.6
311.8	56.5
311.8	56.5
312	58.3
312.1	58.3
312.1	58.3
312.3	58.3
312.3	58.3
312.4	57.1
312.4	56.5
312.5	54.6
312.6	53.3
312.7	51.4
312.8	50.2
312.9	51.4
312.9	52.1
312.9	54.6
312.9	56.5
313.1	59
313.1	59
313.2	59.6
313.3	60.2
313.4	59
313.4	58.3
313.4	56.5
313.5	55.8
313.7	56.5
313.9	53.3
314	50.8
314	50.2
314.2	52.1
314.2	52.1
314.3	49.6
314.5	48.9
314.5	50.2
314.6	50.8
314.8	50.8
314.9	53.3
314.9	53.3
315	52.1
315	50.2
315.1	48.9
315.3	45.8
315.3	43.3
315.5	42
315.7	45.2
315.7	46.4
315.9	47.1
316	46.4
316.1	46.4
316.3	45.2
316.3	45.8
316.5	48.3
316.8	50.8
316.9	52.7
317	52.7
317.2	51.4
317.2	51.4
317.4	48.9
317.7	48.9
317.7	52.7
317.7	53.3
317.7	55.8
317.8	59
317.9	60.8
317.9	62.1
318	64
318	63.3
318.2	63.3
318.2	63.3
318.3	64
318.4	66.5
318.4	70.9
318.4	74.6
318.6	77.1
318.6	77.8
318.6	81.5
318.6	83.4
318.7	86.5
318.7	88.4
318.7	89.7
318.8	90.3
319	86.5
319.1	84
319.1	82.8
319.1	80.9
319.2	79
319.3	76.5
319.3	75.2
319.4	74
319.5	74
319.5	71.5
319.6	70.9
319.6	70.9
319.7	72.1
319.7	75.2
320	75.9
320.2	78.4
320.2	82.8
320.2	83.4
320.4	86.5
320.5	89
320.6	93.4
320.5	95.9
320.5	99.1
320.5	99.7
320.5	100.9
320.5	102.2
320.6	101.6
320.8	99.1
320.9	94.7
321	91.5
321	90.3
321	88.4
321	85.3
321	82.8
321	82.1
321	80.3
321	79
321	79
321.1	79
321.2	79
321.3	81.5
321.3	85.3
321.3	89
321.3	89.7
321.3	92.8
321.3	94
321.3	94.7
321.3	97.8
321.3	98.4
321.4	100.3
321.5	102.2
321.7	103.4
321.8	99.1
321.9	95.3
321.9	94
321.9	91.5
321.9	88.4
321.9	85.9
322	85.3
322.1	87.8
322.1	85.9
322.1	82.8
322.1	80.9
322.1	77.8
322.1	74.6
322.1	74.6
322.1	70.9
322.1	69
322.1	68.4
322.1	67.7
322.1	65.2
322.1	64
322.2	62.1
322.3	60.8
322.4	60.2
322.5	60.8
322.6	65.9
322.6	67.1
322.6	70.2
322.6	73.4
322.8	77.1
322.8	78.4
322.8	81.5
322.8	85.9
322.8	88.4
322.8	90.3
322.8	91.5
322.9	92.8
323	94
323.1	95.3
323.2	92.8
323.2	89.7
323.2	85.9
323.2	85.3
323.3	86.5
323.3	89.7
323.5	91.5
323.5	91.5
323.6	92.8
323.7	90.3
323.7	85.3
323.7	80.3
323.8	77.1
323.8	77.1
323.9	76.5
323.9	75.2
323.9	72.7
323.9	70.2
323.9	69
324	68.4
324	67.1
324	66.5
324.2	64.6
324.2	64
324.2	64
324.3	68.4
324.3	69
324.5	72.7
324.5	76.5
324.5	80.3
324.5	84
324.6	85.3
324.6	85.3
324.6	87.2
324.6	90.9
324.6	94
324.6	94.7
324.6	96.5
324.7	99.1
324.7	99.7
324.7	100.9
324.8	102.8
324.8	105.3
324.9	105.9
324.9	107.2
325	109.1
325.2	110.3
325.3	106.6
325.4	103.4
325.4	100.3
325.4	95.9
325.4	91.5
325.4	90.3
325.5	89
325.5	86.5
325.6	84.6
325.7	82.8
325.7	87.2
325.8	92.8
325.8	95.9
325.9	97.2
325.9	99.7
325.9	100.9
326	101.6
326.1	102.8
326.2	103.4
326.3	101.6
326.3	100.9
326.4	100.3
326.5	100.9
326.5	104.1
326.5	104.1
326.7	104.1
326.8	99.7
326.8	97.2
327	95.9
327	95.9
327.1	97.8
327.1	100.3
327.3	103.4
327.4	104.1
327.5	100.9
327.7	96.5
327.7	95.9
327.8	95.3
328	92.2
328	90.9
328.1	91.5
328.1	95.9
328.3	98.4
328.3	100.9
328.3	102.2
328.5	104.1
328.5	105.9
328.6	108.5
328.6	109.1
328.8	112.2
328.8	113.5
328.8	114.1
328.9	114.7
329.1	116
329.2	116
329.2	112.2
329.3	108.5
329.3	107.8
329.4	105.3
329.9	103.4
330.1	102.8
330.1	99.1
330.4	95.9
330.5	92.8
330.6	90.9
330.6	90.3
330.7	89
330.7	87.8
330.8	85.9
330.9	84.6
330.9	85.9
331	89.7
331.1	90.9
331.3	90.3
331.4	92.2
331.5	93.4
331.5	94
331.6	95.3
331.6	98.4
331.6	98.4
331.7	97.8
331.8	94.7
331.8	93.4
331.8	92.8
331.9	90.9
332.1	89
332.2	88.4
332.2	88.4
332.2	91.5
332.3	92.2
332.6	94.7
332.7	95.9
332.8	95.9
332.8	95.9
332.8	95.3
333	92.8
333.1	92.2
333.3	91.5
333.4	90.9
333.4	89
333.6	89
333.6	89
333.7	89.7
333.8	92.8
333.9	95.9
333.9	96.5
334	97.8
334.2	95.9
334.2	92.8
334.3	92.2
334.4	89.7
334.4	89
334.5	88.4
334.5	87.8
334.5	87.2
334.7	85.9
334.9	85.9
335.1	86.5
335.1	87.2
335.2	88.4
335.2	90.9
335.2	90.9
335.2	88.4
335.2	89
335.3	90.3
335.5	90.9
335.7	90.3
335.7	87.8
335.8	85.9
336	85.3
336.1	88.4
336.1	89
336.2	90.3
336.4	89.7
336.5	88.4
336.7	84
336.7	82.1
336.8	79.6
336.8	78.4
337	79.6
337.1	82.1
337.1	82.8
337.3	84
337.4	86.5
337.5	89
337.5	90.3
337.5	91.5
337.5	92.2
337.5	93.4
337.5	94
337.6	92.8
337.7	90.9
337.8	91.5
337.8	93.4
337.9	94
338	94
338.1	92.8
338.1	91.5
338.2	91.5
338.2	91.5
338.3	91.5
338.4	90.9
338.6	90.9
338.7	88.4
338.8	86.5
338.9	85.9
338.9	86.5
339	89.7
339	91.5
339	92.8
339.2	94.7
339.2	95.3
339.3	96.5
339.3	97.2
339.3	99.1
339.4	99.7
339.4	101.6
339.4	103.4
339.5	104.7
339.5	104.7
339.6	104.1
339.7	101.6
339.8	100.9
339.9	99.1
339.9	97.2
340	93.4
340	93.4
340.1	93.4
340.2	94.7
340.2	94.7
340.3	95.3
340.5	94
340.5	93.4
340.6	92.8
340.7	91.5
340.7	90.9
340.7	89.7
340.7	88.4
340.7	89
340.8	89.7
340.8	90.3
340.8	90.3
341	90.3
341	89
341	87.8
341.1	86.5
341.1	85.9
341.2	87.2
341.3	89.7
341.5	90.3
341.8	89.7
341.8	89
341.9	89
342	92.8
342	95.3
342.1	95.9
342.1	98.4
342.2	99.7
342.2	100.3
342.3	100.9
342.4	99.1
342.6	97.2
342.7	94
342.8	92.2
342.9	89
342.9	88.4
343	86.5
343.1	88.4
343.2	92.8
343.2	93.4
343.5	92.8
343.5	90.9
343.6	89
343.6	88.4
343.6	89.7
343.7	92.2
343.8	92.2
343.9	92.2
344.2	93.4
344.2	94.7
344.2	95.3
344.2	96.5
344.3	97.2
344.4	98.4
344.5	98.4
344.7	97.8
344.9	95.9
344.9	95.9
344.9	97.2
345	98.4
345.1	96.5
345.2	100.3
345.3	104.7
345.3	102.2
345.3	100.3
345.4	99.7
345.7	102.2
345.7	103.4
345.9	104.1
346	103.4
346	101.6
346	100.9
346	99.1
346.2	101.6
346.3	101.6
346.3	101.6
346.4	100.9
346.4	98.4
346.5	97.2
346.7	99.7
346.8	101.6
346.9	100.3
346.9	99.7
347	102.2
347.3	103.4
347.4	102.2
347.5	99.7
347.5	97.2
347.6	96.5
347.7	94.7
347.7	94.7
347.7	92.8
347.8	90.9
347.8	89.7
347.8	88.4
347.9	87.2
347.9	87.2
348.1	86.5
348.1	86.5
348.2	87.8
348.2	90.9
348.3	93.4
348.5	96.5
348.5	97.8
348.5	98.4
348.6	97.2
348.6	96.5
348.6	95.3
348.7	95.9
348.8	95.9
348.9	97.8
348.9	99.7
348.9	99.1
349	96.5
349.1	95.9
349.2	97.8
349.2	99.1
349.2	100.3
349.3	100.9
349.4	99.7
349.4	99.1
349.5	97.8
349.6	96.5
349.7	95.3
349.7	94
349.8	92.8
349.9	92.2
349.9	92.2
349.9	92.2
350	91.5
350.1	91.5
350.2	90.9
350.2	90.3
350.3	89.7
350.4	88.4
350.4	87.2
350.5	86.5
350.5	84.6
350.7	85.3
350.7	85.3
350.7	84.6
350.7	83.4
350.8	82.8
350.9	80.9
351	80.3
351	78.4
351.1	76.5
351.2	74.6
351.2	72.7
351.2	72.1
351.4	71.5
351.4	74
351.5	72.7
351.5	70.9
351.8	69.6
351.8	70.9
351.8	72.7
351.8	73.4
352	72.7
352	72.1
352.2	72.7
352.4	75.2
352.4	75.9
352.4	77.1
352.6	79
352.6	79
352.6	80.9
352.6	82.8
352.8	82.8
352.9	79
353.1	79
353.3	79
353.4	80.3
353.4	82.8
353.6	85.9
353.7	89
353.8	92.2
353.8	94
353.8	95.9
353.9	97.8
354	99.1
354.2	102.2
354.2	102.2
354.3	99.7
354.3	97.2
354.4	96.5
354.5	96.5
354.7	96.5
354.8	99.7
354.9	100.9
354.9	102.8
354.9	104.1
355	102.8
355.1	102.2
355.2	101.6
355.2	101.6
355.2	103.4
355.2	103.4
355.4	103.4
355.4	101.6
355.5	100.3
355.6	99.1
355.9	97.2
355.9	99.1
356	100.3
356.1	104.1
356.1	105.3
356.2	107.2
356.3	107.8
356.4	107.2
356.4	106.6
356.5	106.6
356.6	107.2
356.6	107.8
356.6	109.7
356.7	110.3
356.7	111.6
356.8	111.6
356.9	112.2
356.9	112.2
357	109.7
357.1	109.1
357.3	106.6
357.4	104.7
357.4	104.1
357.4	102.8
357.5	100.9
357.6	99.7
357.6	100.3
357.7	102.2
357.8	103.4
357.8	103.4
357.9	103.4
358.1	102.2
358.1	100.3
358.3	99.7
358.5	99.1
358.6	97.2
358.6	97.2
358.9	99.7
359	101.6
359	101.6
359.1	99.7
359.1	99.1
359.1	99.1
359.1	99.1
359.2	101.6
359.3	103.4
359.4	103.4
359.5	102.2
359.7	101.6
359.9	99.7
360	98.4
360.1	97.8
360.2	97.8
360.4	97.8
360.7	100.3
360.9	102.8
361	106.6
361.2	107.8
361.2	104.1
361.2	99.1
361.2	98.4
361.4	97.2
361.4	99.1
361.6	101.6
362	105.9
362.3	108.5
362.4	109.7
362.5	112.2
362.6	117.2
362.7	117.2
362.8	122.2
362.8	122.9
362.9	124.7
363	125.4
363.2	124.7
363.2	124.7
363.3	124.7
363.3	124.7
363.3	121.6
363.3	116.6
363.3	111
363.3	108.5
363.4	104.7
363.4	101.6
363.4	101.6
363.4	100.9
363.4	99.1
363.3	98.4
363.3	96.5
363.5	91.5
363.5	86.5
363.6	80.3
363.6	79.6
363.6	77.8
363.6	77.1
363.6	72.1
363.6	64
363.6	59
363.7	58.3
363.7	56.5
363.7	55.2
363.7	52.1
363.7	51.4
363.8	50.2
363.8	47.1
364	43.3
364	42
364	40.8
364	40.2
364.1	38.9
364.1	40.2
364.1	41.4
364.2	44.5
364.2	45.8
364.3	48.3
364.4	53.9
364.4	57.1
364.4	58.3
364.5	58.3
364.5	57.1
364.5	52.1
364.6	48.9
364.6	45.2
364.6	44.5
364.6	40.2
364.7	38.9
364.8	36.4
365	33.9
365	33.3
365.1	31.4
365.2	33.9
365.4	38.9
365.5	40.8
365.5	43.9
365.7	48.9
365.7	50.2
365.7	54.6
365.7	55.2
365.9	56.5
365.9	57.1
365.9	57.1
365.9	59
365.9	59
366	62.1
366	62.7
366.1	63.3
366.2	64
366.3	64
366.4	62.1
366.5	57.7
366.5	57.1
366.5	52.7
366.5	48.9
366.6	43.3
366.6	42
366.6	40.8
366.7	38.3
366.8	37
366.8	37.7
366.9	40.8
367.2	42.7
367.3	42
367.4	38.3
367.5	32
367.5	29.5
367.5	28.9
367.6	27
367.6	27
367.8	28.9
367.8	32
367.9	35.8
368	40.2
368.2	43.9
368.3	45.2
368.4	43.3
368.5	42
368.5	42
368.6	40.8
368.6	41.4
368.6	45.2
368.7	47.1
368.9	50.8
368.9	52.1
368.9	53.3
368.9	53.9
368.9	53.9
368.9	49.6
368.9	46.4
369	42.7
369.1	40.8
369.1	39.5
369.2	36.4
369.3	35.2
369.3	35.8
369.4	39.5
369.5	42
369.6	43.3
369.9	45.2
369.9	45.8
369.9	45.2
369.9	42
369.8	38.3
369.8	35.8
369.9	32.6
370	32
370.3	29.5
370.4	30.8
370.5	33.9
370.5	37.7
370.5	37.7
370.7	41.4
370.8	42.7
370.8	43.9
370.9	44.5
370.9	42.7
371	40.2
371.1	38.3
371.1	35.8
371.2	35.2
371.3	34.5
371.3	37
371.5	41.4
371.5	45.2
371.5	47.1
371.5	47.1
371.6	48.9
371.8	52.7
371.8	54.6
371.8	55.2
371.8	55.8
371.9	56.5
371.9	57.1
371.9	57.1
372	56.5
372	55.2
372	52.7
372.1	51.4
372.2	48.9
372.5	46.4
372.5	47.1
372.5	50.8
372.5	50.8
372.6	53.3
372.7	55.8
372.7	57.1
372.7	58.3
372.7	60.2
372.7	61.5
372.8	61.5
372.9	62.1
372.9	62.7
373.1	62.7
373.1	61.5
373.2	57.7
373.4	55.2
373.5	53.9
373.6	53.3
373.7	52.1
373.7	53.3
373.7	53.9
373.8	55.2
373.8	58.3
373.8	59
373.8	60.8
373.9	61.5
374	65.2
374	67.1
374.1	70.2
374.1	70.9
374.2	72.7
374.3	75.2
374.3	76.5
374.3	77.8
374.3	79
374.3	79
374.3	79.6
374.3	79.6
374.3	80.3
374.4	79.6
374.4	79
374.4	77.1
374.5	74.6
374.6	72.1
374.6	71.5
374.7	69.6
374.8	67.7
374.8	66.5
374.8	64.6
374.9	64.6
374.9	65.2
375	67.1
375	67.7
375.1	71.5
375.1	71.5
375.2	72.1
375.3	72.7
375.4	72.7
375.4	72.7
375.5	71.5
375.6	70.9
375.6	69
375.7	67.1
375.8	64.6
375.9	63.3
376.1	65.9
376.1	69
376.1	70.9
376.2	72.1
376.3	72.7
376.4	71.5
376.5	70.2
376.5	69.6
376.6	67.7
376.7	66.5
376.8	66.5
376.9	68.4
377.1	70.9
377.1	71.5
377.4	71.5
377.5	69.6
377.6	67.1
377.7	66.5
377.7	64.6
377.8	63.3
377.8	62.1
378	63.3
378	65.9
378.1	68.4
378.3	70.9
378.5	72.7
378.5	75.2
378.7	79.6
378.8	81.5
378.8	84
378.9	82.8
378.9	82.1
379	79.6
379.1	78.4
379.1	79.6
379.3	82.8
379.3	85.3
379.3	86.5
379.3	87.2
379.3	87.2
379.3	88.4
379.4	89.7
379.5	89
379.5	84.6
379.7	84.6
379.7	84.6
379.8	84.6
379.8	83.4
380	80.9
380.3	80.9
380.3	78.4
380.4	76.5
380.7	70.9
380.7	66.5
380.7	65.9
380.7	60.2
380.6	58.3
380.6	55.8
380.7	50.8
380.8	48.3
380.8	45.8
380.8	30.1
380.8	24.5
380.9	21.4
381	18.9
381.1	17.6
381.1	16.4
381.2	15.7
381.4	14.5
381.6	20.7
381.6	23.9
381.7	26.4
381.8	30.1
382	32.6
382	33.3
382.1	32
382.3	30.8
382.5	30.8
382.9	36.4
382.9	38.9
382.9	40.2
382.9	40.8
383	41.4
383.1	41.4
383.3	37.7
383.5	36.4
383.6	39.5
383.7	43.3
383.8	45.2
383.9	48.9
383.9	49.6
383.9	50.2
384	50.8
384.2	50.2
384.4	47.1
384.5	45.8
384.7	46.4
385.1	50.2
385.2	52.1
385.2	52.7
385.3	55.2
385.3	57.1
385.4	58.3
385.6	63.3
385.6	68.4
385.7	70.9
385.8	71.5
385.9	69.6
385.9	69
386	67.7
386.8	74
386.6	71.5
386.7	73.4
386.8	73.4
386.9	69.6
386.9	68.4
387.1	65.2
387.2	64
387.3	63.3
387.3	64
387.3	65.9
387.4	69
387.4	70.2
387.4	75.2
387.4	84.6
387.4	85.3
387.4	89
387.5	92.2
387.6	95.3
387.7	99.7
387.7	101.6
388	104.1
388.1	104.1
388.2	104.7
388.3	104.7
388.5	103.4
388.8	94.7
388.8	90.9
388.8	84.6
388.9	82.8
388.9	74
388.9	67.1
389	63.3
389	58.3
389	50.8
389.1	48.3
389.1	46.4
389.2	44.5
389.5	47.1
389.5	47.7
389.5	47.7
389.6	44.5
389.7	42.7
389.7	41.4
389.9	40.8
390	45.2
390.2	48.9
390.3	52.7
390.4	55.2
390.6	58.3
390.8	60.2
390.9	60.8
390.9	60.8
391.1	57.1
391.1	56.5
391.1	53.9
391.1	52.1
391	49.6
391	47.7
391	46.4
391.2	45.8
391.3	43.9
391.4	43.3
391.5	43.3
391.6	42.7
391.6	42
391.7	40.2
391.8	40.2
391.9	41.4
392	40.2
392	38.3
392.2	37
392.3	35.8
392.4	35.2
392.7	33.3
392.9	33.9
393	36.4
393.3	41.4
393.3	42.7
393.5	45.2
393.5	45.2
393.6	47.1
393.7	48.3
393.8	48.3
393.8	48.3
393.8	47.1
393.9	44.5
394	42.7
394.1	40.8
394.2	39.5
394.3	38.9
394.4	38.3
394.5	38.3
394.6	38.3
394.9	39.5
395.1	40.8
395.1	44.5
395.2	48.9
395.3	51.4
395.4	53.9
395.4	57.1
395.4	57.7
395.4	59
395.5	60.2
395.7	63.3
395.8	65.2
395.9	66.5
395.9	69.6
395.8	72.1
396.1	74.6
396.2	74.6
396.2	73.4
396.3	69.6
396.4	69
396.5	65.9
396.5	62.7
396.5	61.5
396.6	59
396.6	56.5
396.9	50.2
397.1	50.2
397.2	54.6
397.4	58.3
397.5	60.8
397.6	64.6
397.6	70.2
397.6	70.2
397.6	75.9
397.7	79
397.8	75.9
397.9	74
398	78.4
398.3	79
398.3	72.7
398.3	71.5
398.4	67.1
398.4	63.3
398.5	60.8
398.6	57.1
398.7	53.9
398.9	50.8
398.9	49.6
399.2	43.3
399.4	40.2
399.5	39.5
399.5	38.9
399.5	38.9
399.6	37
399.6	36.4
399.8	37.7
399.9	38.3
399.9	36.4
400.1	33.3
400.1	33.3
400.3	32
400.4	33.3
400.4	33.3
400.5	33.3
400.7	33.3
400.9	32.6
400.9	32.6
401	32
401.2	32.6
401.3	32.6
401.4	32.6
401.5	32.6
401.5	32
401.7	30.8
401.8	31.4
401.8	33.3
401.9	35.2
401.9	35.2
401.9	35.2
402.1	34.5
402.2	34.5
402.4	32.6
402.5	34.5
402.5	37.7
402.5	40.2
402.6	38.9
402.7	37.7
402.7	38.3
402.9	38.9
402.9	38.9
403.3	33.9
403.3	33.9
403.4	32
403.5	30.1
403.7	28.3
403.7	27.6
403.7	27.6
403.9	27.6
404.1	28.9
404.3	31.4
404.4	33.3
404.5	36.4
404.7	35.8
404.8	32.6
404.8	31.4
404.8	29.5
405	28.3
405	27.6
405.4	26.4
405.4	25.8
405.5	24.5
405.5	23.2
405.5	23.2
405.6	23.9
405.8	24.5
405.8	25.1
405.9	23.9
406.1	21.4
406.2	20.7
406.3	20.7
406.4	20.7
406.4	20.7
406.5	20.7
406.6	20.1
406.6	20.1
406.7	18.9
406.8	18.9
406.8	18.2
407	18.9
407.1	20.1
407.2	20.1
407.3	20.1
407.5	20.7
407.6	21.4
407.7	23.9
407.7	25.1
407.8	25.8
408	27
408.3	30.8
408.4	32.6
408.5	36.4
408.5	39.5
408.6	40.2
408.6	42.7
408.7	47.1
408.9	50.8
409	52.7
409	53.9
409.2	55.8
409.3	53.3
409.3	52.1
409.3	52.1
409.4	53.3
409.4	53.9
409.5	55.2
409.5	55.2
409.6	54.6
409.7	52.7
409.7	51.4
409.9	55.2
410	57.1
410.1	59
410.1	60.8
410.2	63.3
410.2	63.3
410.2	64
410.2	64
410.2	64.6
410.4	64
410.4	64
410.6	62.1
410.9	57.1
411	55.2
411	54.6
411.1	53.9
411.2	55.2
411.2	56.5
411.2	59.6
411.2	62.1
411.3	62.1
411.4	63.3
411.4	65.2
411.6	66.5
411.6	66.5
411.7	66.5
411.7	68.4
411.8	72.1
411.9	74.6
412.2	73.4
412.4	69.6
412.5	67.1
412.6	64
412.7	62.7
412.8	62.7
412.8	66.5
412.8	67.1
412.9	69.6
413	71.5
413	74
413	77.8
413	80.3
413	83.4
413	84
413	86.5
413.2	88.4
413.2	88.4
413.2	89.7
413.3	90.3
413.4	90.9
413.5	90.3
413.6	89.7
413.7	89.7
413.8	89.7
414	89.7
414.1	89.7
414.2	87.2
414.2	84.6
414.3	78.4
414.4	76.5
414.4	79
414.6	82.8
414.9	84.6
414.9	87.8
415	89.7
415	90.9
415.2	92.8
415.3	92.8
415.5	87.8
415.6	83.4
415.7	81.5
415.7	80.9
415.7	77.8
415.7	75.2
415.8	74.6
415.8	72.7
415.8	70.2
415.8	70.2
415.8	66.5
415.9	62.7
416	59.6
416.1	57.1
416.3	52.1
416.4	48.9
416.4	47.7
416.5	52.1
416.5	57.1
416.6	61.5
416.6	65.2
416.7	67.1
416.9	70.9
417	75.2
417	76.5
417	79.6
416.9	82.8
416.8	86.5
416.9	89
417	90.9
417	94
417.2	97.2
417.3	100.9
417.4	104.1
417.6	107.2
417.8	109.7
417.8	110.3
417.8	112.8
418	114.7
418	115.3
418	115.3
418.1	116
418.1	117.9
418.1	121
418.1	122.9
418.1	123.5
418.3	119.1
418.4	115.3
418.4	115.3
418.5	109.7
418.5	109.1
418.5	105.9
418.4	100.3
418.4	99.7
418.5	94
418.6	90.3
418.6	89
418.7	87.8
418.8	87.2
418.9	92.2
418.9	96.5
418.9	102.2
418.9	104.7
418.9	107.2
418.9	107.8
419	109.1
419.1	110.3
419.2	112.2
419.2	115.3
419.2	115.3
419.2	116.6
419.2	117.9
419.3	118.5
419.4	115.3
419.4	111.6
419.5	108.5
419.6	106.6
419.8	105.9
419.9	107.2
420	103.4
420	97.8
420.1	94.7
420.2	92.2
420.3	89
420.3	87.2
420.3	85.3
420.4	82.8
420.5	82.1
420.6	78.4
420.7	75.9
420.7	70.9
420.7	67.7
420.8	64.6
420.8	57.7
420.9	54.6
420.9	51.4
420.9	48.3
420.9	47.1
420.9	47.1
421	45.8
421	43.9
421.1	41.4
421.1	39.5
421.1	39.5
421.5	43.3
421.5	44.5
421.5	47.1
421.7	52.1
421.8	57.1
421.9	60.8
421.9	65.2
421.9	68.4
421.9	69
421.9	74
421.9	74.6
421.9	75.9
421.9	77.8
421.9	78.4
421.9	82.8
422	85.3
422	86.5
422.1	89
422.2	90.9
422.3	92.2
422.3	92.2
422.4	92.2
422.4	85.3
422.5	76.5
422.5	71.5
422.5	64.6
422.6	62.7
422.6	60.8
422.7	58.3
422.8	56.5
422.8	55.8
423.1	56.5
423.1	61.5
423.2	66.5
423.1	74
423.1	77.1
423.1	77.8
423.1	80.9
423.2	84
423.3	87.2
423.4	89
423.4	89.7
423.4	91.5
423.5	92.8
423.5	92.8
423.5	93.4
423.7	97.8
423.7	99.1
423.6	101.6
423.6	102.2
423.7	102.8
423.8	101.6
423.9	97.2
423.9	95.9
424	94.7
424.1	95.9
424.2	99.1
424.4	99.1
424.6	97.8
424.8	101.6
424.8	103.4
424.9	105.3
424.9	107.2
425.1	108.5
425.2	107.8
425.3	101.6
425.3	97.2
425.4	92.8
425.4	89.7
425.4	86.5
425.5	84
425.7	80.3
425.7	78.4
425.8	77.1
425.9	75.2
426.1	74
426.2	72.1
426.3	70.2
426.3	67.1
426.3	64.6
426.4	59.6
426.4	57.7
426.4	53.9
426.4	50.8
426.4	50.2
426.4	48.9
426.5	47.1
426.6	45.2
426.6	40.8
426.6	38.3
426.8	40.8
426.9	41.4
426.9	39.5
427.1	37
427.3	33.9
427.3	30.1
427.4	27.6
427.5	25.8
427.5	23.2
427.6	22.6
427.8	26.4
427.8	30.8
427.8	34.5
427.9	35.2
427.9	38.3
428	41.4
428.1	45.2
428.3	51.4
428.3	52.1
428.4	55.2
428.4	55.8
428.5	53.9
428.6	47.7
428.7	41.4
428.7	37
428.7	32
428.8	31.4
428.8	28.3
428.8	25.8
428.9	20.7
428.9	20.1
429	17
429.1	14.5
429.3	13.2
429.4	13.2
429.5	13.8
429.6	14.5
429.6	14.5
429.7	14.5
429.9	14.5
430.1	13.2
430.3	12.6
430.4	13.2
430.5	13.8
430.6	17
430.6	18.2
430.6	19.5
430.6	20.1
430.7	20.1
430.9	20.1
430.9	19.5
431.1	18.2
431.2	15.7
431.3	15.1
431.4	14.5
431.6	15.1
431.7	15.7
431.8	16.4
431.9	17.6
432	18.9
432.2	20.7
432.3	22.6
432.3	24.5
432.5	26.4
432.6	27
432.6	28.9
432.7	29.5
432.9	28.9
433	26.4
433	25.1
433.3	22
433.4	22
433.5	21.4
433.6	20.7
433.7	22
433.9	24.5
433.9	25.8
434	27.6
434	28.9
434.1	28.9
434.2	28.9
434.3	28.3
434.5	25.8
434.5	23.9
434.6	22.6
434.7	21.4
434.8	22.6
434.9	23.9
435	25.1
435	27.6
435	28.3
435.1	29.5
435.2	28.9
435.4	27.6
435.5	27
435.6	26.4
435.7	28.3
435.7	28.3
435.8	33.9
435.9	35.8
435.9	39.5
435.9	42
436	45.2
436	47.7
436	50.2
436.1	53.3
436.2	54.6
436.2	54.6
436.3	58.3
436.3	59.6
436.4	60.8
436.5	62.1
436.5	62.7
436.5	62.1
436.5	61.5
436.6	57.1
436.7	53.9
436.7	52.7
436.7	50.8
436.8	47.7
436.8	46.4
436.9	45.2
436.9	43.3
436.9	42.7
436.9	41.4
437	38.9
437.2	39.5
437.2	43.9
437.2	43.9
437.3	47.1
437.3	50.2
437.4	54.6
437.4	59
437.5	61.5
437.5	63.3
437.6	66.5
437.7	66.5
437.8	64.6
437.9	61.5
437.9	59
437.9	57.1
438.1	56.5
438.4	53.9
438.5	52.1
438.5	49.6
438.6	46.4
438.6	43.9
438.7	42.7
438.7	42.7
438.7	42
438.7	40.8
438.8	40.8
438.8	38.9
438.9	39.5
438.9	42.7
439	42.7
439.2	40.2
439.3	40.2
439.4	38.9
439.5	38.9
439.6	39.5
439.7	38.3
439.7	36.4
439.8	34.5
439.8	32.6
439.9	30.1
440	28.9
440.1	28.9
440.2	32.6
440.2	38.9
440.2	39.5
440.2	42.7
440.2	45.2
440.2	50.2
440.2	52.1
440.3	53.3
440.3	55.2
440.3	57.1
440.3	58.3
440.3	60.8
440.4	63.3
440.5	64
440.6	67.1
440.7	69
440.8	67.7
441	64
441	60.2
441	55.8
441.1	54.6
441.2	57.7
441.4	59.6
441.4	60.2
441.6	57.7
441.6	52.7
441.6	51.4
441.6	47.1
441.7	42.7
441.7	41.4
441.8	39.5
441.8	36.4
441.9	34.5
442	31.4
442.2	30.8
442.3	30.8
442.4	38.9
442.5	42.7
442.5	48.3
442.6	52.7
442.6	52.7
442.6	55.2
442.7	60.2
442.7	60.2
442.8	62.7
442.8	65.2
442.9	65.9
442.9	68.4
443	69.6
443	70.9
443.1	71.5
443.2	69
443.3	62.7
443.4	57.1
443.5	50.8
443.7	47.7
443.8	45.8
443.9	43.3
443.9	42.7
443.9	40.2
443.9	37
443.9	35.8
443.9	35.2
444.1	33.9
444.2	32.6
444.3	31.4
444.3	30.8
444.4	33.3
444.5	33.3
444.6	32.6
444.6	32.6
444.7	33.9
444.7	40.2
444.9	42
444.9	48.3
445	50.8
445.1	53.9
445.1	56.5
445.1	59
445.1	61.5
445.2	63.3
445.2	66.5
445.3	67.1
445.3	69
445.4	70.2
445.4	72.7
445.5	74
445.6	72.1
445.7	67.7
445.8	63.3
445.8	53.3
445.8	51.4
445.9	48.9
445.9	45.2
445.9	42.7
446.1	41.4
446.2	38.9
446.2	36.4
446.4	34.5
446.4	37.7
446.4	40.2
446.4	46.4
446.4	46.4
446.5	48.9
446.5	51.4
446.6	53.3
446.6	55.8
446.7	57.1
446.8	57.1
446.8	57.1
446.8	57.1
446.9	57.1
446.9	57.1
447	57.1
447	59.6
447	60.8
447.1	62.7
447.1	64.6
447.1	66.5
447.1	66.5
447.2	68.4
447.4	70.9
447.4	70.9
447.5	70.9
447.6	69
447.6	65.9
447.7	62.1
447.8	60.2
447.9	60.2
448.1	61.5
448.2	64.6
448.3	67.1
448.4	69.6
448.4	70.9
448.5	72.7
448.5	75.9
448.7	79
448.7	81.5
448.8	83.4
448.9	84.6
449	84
449	81.5
449	77.8
449	77.1
449	74
449.1	73.4
449.2	72.7
449.3	71.5
449.4	70.9
449.5	69.6
449.5	69.6
449.6	69
449.7	67.1
449.7	67.1
449.8	65.9
449.8	65.2
449.9	65.2
449.9	64.6
449.9	64.6
449.9	64.6
449.9	64.6
449.8	65.2
449.8	65.9
449.9	64
449.9	63.3
450.1	61.5
450.2	61.5
450.2	60.2
450.3	59.6
450.3	62.1
450.4	62.7
450.5	62.7
450.5	63.3
450.6	64
450.6	64.6
450.9	62.7
451	61.5
451	59.6
451.1	58.3
451.3	59
451.4	60.2
451.4	60.8
451.6	60.8
451.7	60.8
451.8	60.2
452	63.3
452.3	70.9
452.4	75.9
452.5	81.5
452.5	85.3
452.5	95.9
452.5	96.5
452.6	99.1
452.6	100.9
452.7	106.6
452.7	113.5
452.7	115.3
452.7	118.5
452.7	122.2
452.7	127.9
452.8	129.8
452.9	129.1
453.1	123.5
453.1	122.2
453.1	119.7
453.3	117.2
453.3	116.6
453.4	113.5
453.4	111
453.5	110.3
453.5	107.2
453.6	106.6
453.6	104.1
453.8	104.1
453.8	104.1
453.8	109.7
453.8	110.3
453.9	114.1
453.9	117.9
453.9	120.4
454.2	121.6
454.5	118.5
454.7	118.5
454.7	123.5
454.7	127.2
454.8	132.3
454.8	132.9
454.9	133.5
455	133.5
455.1	128.5
455.3	126
455.3	125.4
455.5	126
455.6	129.1
455.6	129.8
455.6	130.4
455.8	127.9
456	129.8
456.2	132.3
456.3	127.2
456.4	121.6
456.4	114.7
456.6	108.5
456.7	105.3
456.9	99.1
456.9	94.7
457	92.8
457.1	88.4
457.1	87.8
457.1	84.6
457.1	80.9
457.2	76.5
457.2	71.5
457.3	68.4
457.4	64.6
457.5	73.4
457.6	79
457.6	82.1
457.7	80.3
457.8	75.9
457.9	72.1
458.1	69.6
458.4	64.6
458.5	61.5
458.5	57.7
458.6	55.2
458.6	55.2
458.7	55.8
458.8	62.7
458.8	63.3
458.8	69.6
458.8	74
458.8	77.1
458.8	79
458.9	83.4
459	85.3
459	87.2
459.1	88.4
459.2	90.3
459.3	91.5
459.5	89
459.6	87.8
459.7	83.4
459.7	76.5
459.7	76.5
459.7	71.5
459.8	66.5
459.8	63.3
459.9	61.5
460	59
460	57.1
460.1	55.2
460.1	54.6
460.1	54.6
460.2	53.9
460.2	50.8
460.2	50.2
460.2	39.5
460.2	38.3
460.2	36.4
460.2	35.2
460.3	31.4
460.4	30.1
460.5	29.5
460.6	29.5
460.8	33.9
460.9	37
460.9	37.7
460.9	40.2
461	41.4
461	42
461	44.5
461.2	48.9
461.4	53.3
461.5	48.9
461.5	45.8
461.7	43.9
461.8	41.4
462	37.7
462	37
462	35.2
462	32
462.1	28.9
462.2	28.3
462.2	26.4
462.2	24.5
462.2	20.7
462.3	22.6
462.3	20.7
462.3	20.1
462.3	19.5
462.4	19.5
462.6	23.2
462.7	27
462.8	27
462.9	26.4
463	23.2
463.2	21.4
463.4	18.2
463.4	17.6
463.5	16.4
463.7	17.6
463.9	20.1
463.9	23.9
464.2	25.8
464.3	23.2
464.5	20.1
464.5	18.2
464.6	17
464.6	15.1
464.7	13.2
464.9	12.6
465	12.6
465	12.6
465.2	13.8
465.2	14.5
465.4	15.7
465.5	15.7
465.6	15.7
465.6	15.7
465.7	14.5
465.8	13.2
466	13.2
466.2	14.5
466.3	14.5
466.4	13.8
466.6	13.2
466.6	12.6
466.7	12
466.8	12.6
467.2	13.2
467.3	13.8
467.4	13.8
467.6	13.2
467.8	11.3
467.8	10.7
467.9	11.3
467.9	13.2
468.2	15.7
468.3	16.4
468.4	16.4
468.5	13.8
468.6	13.2
468.6	13.2
468.7	13.2
468.8	13.2
468.8	13.8
469.1	13.8
469.2	14.5
469.4	13.2
469.6	13.2
469.7	13.2
469.9	13.2
470.2	12
470.3	11.3
470.3	11.3
470.4	13.2
470.4	13.8
470.6	15.1
470.8	15.7
470.9	15.1
470.9	13.8
471.1	13.8
471.2	14.5
471.3	13.8
471.4	13.2
471.5	13.2
471.7	13.8
472	14.5
472.2	14.5
472.5	14.5
472.7	13.8
472.7	13.2
472.9	13.2
473.1	12.6
473.1	12.6
473.2	12.6
473.4	13.2
473.5	13.2
473.6	13.2
473.8	11.3
473.9	11.3
474.1	11.3
474.2	12.6
474.2	13.8
474.3	13.8
474.4	13.2
474.4	13.2
474.6	12.6
474.6	12
474.7	12
474.8	12
474.9	12
475.1	12
475.4	12.6
475.4	12
475.5	11.3