DEPT	GR
90	35.6361829
90.1	35.48707753
90.2	34.29423459
90.3	33.10139165
90.4	31.90854871
90.5	30.71570577
90.6	29.82107356
90.7	32.35586481
90.8	36.23260437
90.9	37.1121373
91	37.56511564
91.1	38.01809397
91.2	38.02186879
91.3	36.53081511
91.4	35.93439364
91.5	37.0526839
91.6	37.72365805
91.7	36.47117296
91.8	35.03976143
91.9	35.33797217
92	36.38170974
92.1	37.12723658
92.2	38.32007952
92.3	38.61829026
92.4	38.91650099
92.5	39.06560636
92.6	39.51292247
92.7	40.40755467
92.8	39.75521869
92.9	37.57455268
93	35.6361829
93.1	35.1888668
93.2	34.14512922
93.3	31.87127237
93.4	31.0139165
93.5	31.99801193
93.6	32.65407555
93.7	33.39960239
93.8	33.54870775
93.9	32.65407555
94	33.25049702
94.1	35.33797217
94.2	36.53081511
94.3	37.12723658
94.4	37.42544732
94.5	39.21471173
94.6	39.8111332
94.7	39.51292247
94.8	40.10934394
94.9	41.30218688
95	39.66202783
95.1	37.72365805
95.2	37.12723658
95.3	36.35188867
95.4	37.12723658
95.5	40.10934394
95.6	41.89860835
95.7	43.38966203
95.8	43.09145129
95.9	38.91650099
96	38.32007952
96.1	38.91650099
96.2	37.42544732
96.3	35.6361829
96.4	36.38170974
96.5	38.17097416
96.6	38.61829026
96.7	38.61829026
96.8	38.61829026
96.9	38.46918489
97	37.64910537
97.1	36.57554672
97.2	35.6361829
97.3	33.99602386
97.4	35.93439364
97.5	38.02186879
97.6	38.61829026
97.7	38.76739563
97.8	36.82902584
97.9	35.78528827
98	36.81770139
98.1	37.72365805
98.2	36.16699801
98.3	35.03976143
98.4	35.03976143
98.5	35.93439364
98.6	37.96222664
98.7	40.10934394
98.8	41.00397614
98.9	40.70576541
99	37.72365805
99.1	37.72365805
99.2	42.86779324
99.3	44.58250497
99.4	44.58250497
99.5	43.8667992
99.6	42.19681909
99.7	43.5387674
99.8	46.28230616
99.9	47.86282306
100	49.07353983
100.1	50.14973252
100.2	51.14314115
100.3	51.7693837
100.4	52.3359841
100.5	52.3359841
100.6	51.73956262
100.7	51.14314115
100.8	50.24850895
100.9	50.24850895
101	50.54671968
101.1	50.54671968
101.2	50.24850895
101.3	50.84493042
101.4	53.82703777
101.5	53.52882704
101.6	49.35387674
101.7	49.65208748
101.8	51.3667992
101.9	53.82703777
102	55.91451292
102.1	58.02328884
102.2	59.19483101
102.3	58.00198807
102.4	56.9582505
102.5	55.91451292
102.6	54.72166998
102.7	54.72166998
102.8	54.72166998
102.9	55.55666004
103	56.21272366
103.1	56.51093439
103.2	56.21272366
103.3	55.61630219
103.4	54.12524851
103.5	53.72763419
103.6	53.33996024
103.7	52.93240557
103.8	51.73956262
103.9	47.26640159
104	47.26640159
104.1	48.75745527
104.2	49.20477137
104.3	49.95029821
104.4	51.44135189
104.5	54.42345924
104.6	56.9582505
104.7	58.30019881
104.8	58.44930417
104.9	56.66003976
105	54.63220676
105.1	52.18687873
105.2	51.44135189
105.3	51.14314115
105.4	51.44135189
105.5	54.42345924
105.6	57.25646123
105.7	60.23856859
105.8	62.32604374
105.9	65.15904573
106	63.1833996
106.1	59.94035785
106.2	58.85934394
106.3	56.66003976
106.4	55.61630219
106.5	54.42345924
106.6	54.12524851
106.7	53.82703777
106.8	54.87077535
106.9	56.80914513
107	57.25646123
107.1	57.10735586
107.2	56.51093439
107.3	56.21272366
107.4	56.62276342
107.5	56.9582505
107.6	56.12752059
107.7	55.10508378
107.8	53.97614314
107.9	52.93240557
108	52.84451978
108.1	52.63419483
108.2	54.99857995
108.3	57.49076967
108.4	59.19483101
108.5	60.38767396
108.6	60.98409543
108.7	61.5805169
108.8	63.66799205
108.9	63.96620278
109	62.17693837
109.1	61.87872763
109.2	63.36978131
109.3	63.07157058
109.4	58.82206759
109.5	55.91451292
109.6	53.2306163
109.7	52.63419483
109.8	52.3359841
109.9	53.2306163
110	55.95178926
110.1	58.00198807
110.2	58.00198807
110.3	57.70377734
110.4	57.70377734
110.5	58.00198807
110.6	60.08946322
110.7	61.21840386
110.8	62.17693837
110.9	62.62425447
111	63.27037773
111.1	63.80053015
111.2	64.26441352
111.3	64.86083499
111.4	65.15904573
111.5	64.86083499
111.6	63.66799205
111.7	60.98409543
111.8	58.00198807
111.9	58.30019881
112	59.24147061
112.1	59.97639754
112.2	60.38767396
112.3	59.85089463
112.4	59.19483101
112.5	57.4055666
112.6	56.21272366
112.7	56.80914513
112.8	58.04671968
112.9	59.79125249
113	61.87872763
113.1	62.47514911
113.2	62.32604374
113.3	61.1332008
113.4	60.83499006
113.5	62.23658052
113.6	63.07157058
113.7	63.36978131
113.8	62.77335984
113.9	60.76043738
114	60.00157744
114.1	59.79125249
114.2	59.49304175
114.3	60.68588469
114.4	61.28230616
114.5	61.28230616
114.6	60.10844027
114.7	58.31104283
114.8	56.5136454
114.9	53.82703777
115	53.15463904
115.1	52.93240557
115.2	53.67793241
115.3	56.74950298
115.4	58.30019881
115.5	61.5805169
115.6	61.1332008
115.7	58.00198807
115.8	56.9582505
115.9	54.27435388
116	53.82703777
116.1	54.42345924
116.2	55.61630219
116.3	59.49304175
116.4	58.44930417
116.5	57.10735586
116.6	58.71023857
116.7	60.83499006
116.8	61.43141153
116.9	62.77335984
117	64.17921045
117.1	65.15904573
117.2	63.91650099
117.3	61.72962227
117.4	60.08946322
117.5	58.30019881
117.6	58.15606362
117.7	58.00198807
117.8	56.80914513
117.9	56.21272366
118	56.85174666
118.1	57.70377734
118.2	60.08946322
118.3	61.28230616
118.4	60.38767396
118.5	59.79125249
118.6	60.23856859
118.7	60.98409543
118.8	62.92246521
118.9	64.26441352
119	64.26441352
119.1	63.96620278
119.2	63.07157058
119.3	63.07157058
119.4	63.96620278
119.5	64.26441352
119.6	63.96620278
119.7	64.56262425
119.8	66.35188867
119.9	67.39562624
120	68.88667992
120.1	67.32604374
120.2	64.26441352
120.3	62.47514911
120.4	62.17693837
120.5	61.5805169
120.6	61.24822494
120.7	60.68588469
120.8	59.79125249
120.9	59.79125249
121	59.6776484
121.1	59.04572565
121.2	57.10735586
121.3	56.80914513
121.4	56.51093439
121.5	57.10735586
121.6	58.15109344
121.7	58.59840954
121.8	58.59840954
121.9	58.59840954
122	58.59840954
122.1	58.59840954
122.2	58.30019881
122.3	57.10735586
122.4	55.91451292
122.5	55.91451292
122.6	56.21272366
122.7	56.80914513
122.8	58.00198807
122.9	61.5805169
123	63.59287026
123.1	65.45725646
123.2	65.15904573
123.3	62.027833
123.4	60.38767396
123.5	63.51888668
123.6	64.41351889
123.7	62.027833
123.8	60.68588469
123.9	60.23856859
124	60.00157744
124.1	59.79125249
124.2	58.00198807
124.3	53.52882704
124.4	51.44135189
124.5	53.30516899
124.6	54.42345924
124.7	55.31809145
124.8	56.51093439
124.9	58.89662028
125	64.78571894
125.1	67.84294235
125.2	66.09095427
125.3	62.92246521
125.4	62.47514911
125.5	62.92246521
125.6	63.36978131
125.7	66.94831014
125.8	64.86083499
125.9	62.17693837
126	60.13916501
126.1	57.8528827
126.2	57.70377734
126.3	57.70377734
126.4	57.55467197
126.5	57.4055666
126.6	57.90258449
126.7	58.43273691
126.8	58.89662028
126.9	58.89662028
127	59.49304175
127.1	59.49304175
127.2	60.08946322
127.3	61.28230616
127.4	63.27286282
127.5	64.56262425
127.6	64.56262425
127.7	62.89264414
127.8	58.63419483
127.9	54.12524851
128	54.12524851
128.1	54.72166998
128.2	56.80914513
128.3	58.30019881
128.4	57.4055666
128.5	56.66003976
128.6	55.87723658
128.7	55.16898608
128.8	54.57256461
128.9	55.46719682
129	58.86642172
129.1	61.95029821
129.2	63.66799205
129.3	63.66799205
129.4	60.68588469
129.5	59.49304175
129.6	58.59840954
129.7	58.95626243
129.8	59.79125249
129.9	58.03470317
130	54.37061177
130.1	50.24850895
130.2	45.47713718
130.3	44.88071571
130.4	48.45924453
130.5	51.29224652
130.6	55.91451292
130.7	58.00198807
130.8	59.94035785
130.9	60.53677932
131	60.98409543
131.1	62.69383698
131.2	63.96620278
131.3	61.5805169
131.4	59.79125249
131.5	59.79125249
131.6	59.79125249
131.7	58.30019881
131.8	57.12439648
131.9	55.79522863
132	55.13597802
132.1	54.72166998
132.2	55.16898608
132.3	57.4055666
132.4	61.43141153
132.5	62.62425447
132.6	63.07157058
132.7	62.47514911
132.8	61.1332008
132.9	59.34393638
133	56.53358331
133.1	53.52882704
133.2	50.24850895
133.3	49.65208748
133.4	49.65208748
133.5	52.93240557
133.6	55.31809145
133.7	55.61630219
133.8	55.31809145
133.9	54.42345924
134	54.42345924
134.1	57.94234592
134.2	59.64214712
134.3	57.55467197
134.4	57.10735586
134.5	57.45526839
134.6	57.8528827
134.7	58.30019881
134.8	57.55467197
134.9	56.06361829
135	54.32405567
135.1	53.2306163
135.2	53.52882704
135.3	55.61630219
135.4	56.21272366
135.5	56.51093439
135.6	55.61630219
135.7	53.52882704
135.8	54.12524851
135.9	55.31809145
136	55.61630219
136.1	55.01988072
136.2	55.76540755
136.3	57.4055666
136.4	59.04572565
136.5	60.83499006
136.6	60.98409543
136.7	60.77534791
136.8	60.68588469
136.9	60.26838966
137	59.34393638
137.1	58.30019881
137.2	58.59840954
137.3	59.2693837
137.4	59.86580517
137.5	60.23856859
137.6	59.34393638
137.7	58.30019881
137.8	58.82206759
137.9	59.49304175
138	60.48707753
138.1	59.95692512
138.2	59.34393638
138.3	58.44930417
138.4	57.55467197
138.5	57.4055666
138.6	58.30019881
138.7	59.79125249
138.8	62.62425447
138.9	63.66799205
139	62.10238569
139.1	60.83499006
139.2	59.94035785
139.3	59.79125249
139.4	60.6361829
139.5	60.98409543
139.6	61.43141153
139.7	62.92246521
139.8	64.71172962
139.9	66.35188867
140	67.99204771
140.1	67.24652087
140.2	61.43141153
140.3	60.53677932
140.4	59.79125249
140.5	59.94035785
140.6	60.08946322
140.7	59.19483101
140.8	57.10735586
140.9	56.21272366
141	54.75622337
141.1	54.12524851
141.2	53.52882704
141.3	54.72166998
141.4	57.4055666
141.5	58.30019881
141.6	57.70377734
141.7	55.61630219
141.8	53.52882704
141.9	54.12524851
142	55.31809145
142.1	58.30019881
142.2	62.47514911
142.3	62.77335984
142.4	62.52882704
142.5	60.38767396
142.6	58.00198807
142.7	58.00198807
142.8	58.00198807
142.9	57.4055666
143	57.4055666
143.1	57.10735586
143.2	57.10735586
143.3	57.4055666
143.4	57.25646123
143.5	55.91451292
143.6	55.01988072
143.7	55.01988072
143.8	54.57256461
143.9	53.28031809
144	51.82239894
144.1	49.65208748
144.2	48.45924453
144.3	47.71371769
144.4	47.44532803
144.5	47.86282306
144.6	49.50298211
144.7	51.88866799
144.8	52.7833002
144.9	50.69582505
145	49.95029821
145.1	50.69582505
145.2	51.88866799
145.3	53.52882704
145.4	53.37972167
145.5	52.18687873
145.6	52.18687873
145.7	52.7833002
145.8	53.67793241
145.9	55.16898608
146	58.47912525
146.1	63.07157058
146.2	62.77335984
146.3	60.38767396
146.4	60.83499006
146.5	61.5805169
146.6	60.38767396
146.7	58.00198807
146.8	58.30019881
146.9	60.98409543
147	61.5805169
147.1	61.87872763
147.2	59.79125249
147.3	56.21272366
147.4	52.3359841
147.5	48.45924453
147.6	46.1332008
147.7	43.68787276
147.8	43.68787276
147.9	44.2693837
148	46.07355865
148.1	48.75745527
148.2	49.10139165
148.3	49.17892644
148.4	49.25646123
148.5	49.33399602
148.6	49.055666
148.7	49.95029821
148.8	52.32604374
148.9	54.72166998
149	54.12524851
149.1	53.52882704
149.2	54.72166998
149.3	55.46719682
149.4	55.01988072
149.5	55.91451292
149.6	59.41848907
149.7	61.28230616
149.8	60.98409543
149.9	59.94809689
150	58.7676364
150.1	57.58717591
150.2	57.4055666
150.3	57.70377734
150.4	59.75397614
150.5	59.79125249
150.6	58.89662028
150.7	59.01590457
150.8	59.79125249
150.9	61.05864811
151	62.03493326
151.1	62.77335984
151.2	62.77335984
151.3	63.66799205
151.4	64.56262425
151.5	64.56262425
151.6	62.92246521
151.7	60.68588469
151.8	58.30019881
151.9	57.70377734
152	57.8138425
152.1	58.59840954
152.2	59.79125249
152.3	59.19483101
152.4	57.70377734
152.5	57.70377734
152.6	58.12553252
152.7	59.95313831
152.8	61.28230616
152.9	60.4473161
153	58.59840954
153.1	57.8528827
153.2	56.80914513
153.3	54.57256461
153.4	52.18687873
153.5	51.44135189
153.6	51.44135189
153.7	54.12524851
153.8	56.06361829
153.9	56.21272366
154	56.38849523
154.1	56.80914513
154.2	57.70377734
154.3	59.79125249
154.4	60.98409543
154.5	62.17693837
154.6	61.52087475
154.7	59.97017893
154.8	59.19483101
154.9	58.89662028
155	58.89662028
155.1	59.19483101
155.2	59.49304175
155.3	59.49304175
155.4	57.70377734
155.5	55.01988072
155.6	52.93240557
155.7	49.35387674
155.8	48.45924453
155.9	47.56461233
156	47.49360977
156.1	48.1610338
156.2	48.90656064
156.3	49.98757455
156.4	50.88220676
156.5	51.88866799
156.6	52.93240557
156.7	54.57256461
156.8	53.67793241
156.9	51.29224652
157	51.73956262
157.1	54.57256461
157.2	56.06361829
157.3	57.70377734
157.4	59.49304175
157.5	60.53677932
157.6	61.28230616
157.7	62.77335984
157.8	64.11530815
157.9	64.26441352
158	57.70377734
158.1	56.51093439
158.2	57.10735586
158.3	58.30019881
158.4	61.43141153
158.5	62.92246521
158.6	62.47514911
158.7	61.05864811
158.8	58.74751491
158.9	56.06361829
159	52.3359841
159.1	52.3359841
159.2	54.70377734
159.3	56.21272366
159.4	58.00198807
159.5	59.79125249
159.6	61.5805169
159.7	63.07157058
159.8	64.26441352
159.9	66.35188867
160	70.22862823
160.1	68.73757455
160.2	66.2027833
160.3	66.05367793
160.4	66.6500994
160.5	65.30815109
160.6	63.51888668
160.7	63.66799205
160.8	68.43936382
160.9	68.43936382
161	66.50099404
161.1	66.2027833
161.2	65.00994036
161.3	63.51888668
161.4	61.1332008
161.5	60.53677932
161.6	60.08946322
161.7	61.87872763
161.8	64.56262425
161.9	62.027833
162	59.20615547
162.1	57.70377734
162.2	55.91451292
162.3	53.82703777
162.4	51.14314115
162.5	50.84493042
162.6	51.44135189
162.7	51.44135189
162.8	52.03777336
162.9	52.93240557
163	53.82703777
163.1	55.76540755
163.2	57.10735586
163.3	56.21272366
163.4	55.76540755
163.5	56.80914513
163.6	59.49304175
163.7	63.66799205
163.8	65.90457256
163.9	65.27833002
164	64.86083499
164.1	63.66799205
164.2	62.47514911
164.3	60.38767396
164.4	60.68588469
164.5	62.32604374
164.6	62.32604374
164.7	60.98409543
164.8	60.38767396
164.9	59.94035785
165	58.61350882
165.1	57.4055666
165.2	55.91451292
165.3	54.42345924
165.4	55.14342516
165.5	56.63873899
165.6	58.00198807
165.7	59.49304175
165.8	58.89662028
165.9	57.70377734
166	58.00198807
166.1	64.71172962
166.2	63.07157058
166.3	62.027833
166.4	64.04075547
166.5	66.6500994
166.6	63.96620278
166.7	59.34393638
166.8	57.77833002
166.9	56.21272366
167	54.62571574
167.1	52.93240557
167.2	54.44333996
167.3	56.21272366
167.4	58.85188867
167.5	61.87872763
167.6	61.5805169
167.7	61.5805169
167.8	60.84493042
167.9	60.0695825
168	58.89662028
168.1	55.91451292
168.2	56.80914513
168.3	57.4055666
168.4	56.18290258
168.5	55.01988072
168.6	55.91451292
168.7	57.58449304
168.8	59.91053678
168.9	61.60039761
169	62.17693837
169.1	62.17693837
169.2	61.46719682
169.3	59.79125249
169.4	57.4055666
169.5	54.42345924
169.6	51.73956262
169.7	49.055666
169.8	48.45924453
169.9	46.96819085
170	44.73713276
170.1	45.17892644
170.2	47.71371769
170.3	48.01192843
170.4	47.26640159
170.5	46.09219682
170.6	45.17892644
170.7	46.81908549
170.8	50.09940358
170.9	51.14314115
171	50.84493042
171.1	51.73956262
171.2	53.82703777
171.3	54.27435388
171.4	54.42345924
171.5	54.42345924
171.6	54.12524851
171.7	53.52882704
171.8	52.93240557
171.9	52.93240557
172	52.71227524
172.1	52.3359841
172.2	51.14314115
172.3	51.85884692
172.4	52.3359841
172.5	53.52882704
172.6	54.42345924
172.7	54.72166998
172.8	54.63220676
172.9	55.88469185
173	57.4055666
173.1	56.51093439
173.2	56.66003976
173.3	59.34393638
173.4	61.5805169
173.5	62.62425447
173.6	63.51888668
173.7	64.86083499
173.8	64.71172962
173.9	58.59840954
174	54.99005964
174.1	53.37972167
174.2	51.14314115
174.3	46.66998012
174.4	44.58250497
174.5	42.49502982
174.6	41.89860835
174.7	40.85487078
174.8	41.15308151
174.9	42.79324056
175	44.37857392
175.1	46.19038347
175.2	47.86282306
175.3	50.54671968
175.4	51.73956262
175.5	51.44135189
175.6	51.73956262
175.7	52.63419483
175.8	51.73956262
175.9	49.65208748
176	49.65208748
176.1	50.24850895
176.2	51.44135189
176.3	53.82703777
176.4	54.42345924
176.5	54.12524851
176.6	54.12524851
176.7	54.42345924
176.8	55.31809145
176.9	56.36182903
177	57.77833002
177.1	59.04572565
177.2	60.38767396
177.3	61.87872763
177.4	60.38767396
177.5	59.64214712
177.6	60.53677932
177.7	61.87872763
177.8	59.79125249
177.9	58.59840954
178	56.65533117
178.1	54.72166998
178.2	51.44135189
178.3	48.1610338
178.4	47.26640159
178.5	45.90315251
178.6	44.28429423
178.7	42.79324056
178.8	42.79324056
178.9	42.49502982
179	42.79324056
179.1	42.79324056
179.2	43.68787276
179.3	44.13518887
179.4	42.19681909
179.5	40.85487078
179.6	39.51292247
179.7	38.91650099
179.8	39.96023857
179.9	40.85487078
180	42.26129708
180.1	44.27301059
180.2	49.055666
180.3	52.03777336
180.4	53.52882704
180.5	54.42345924
180.6	54.42345924
180.7	52.93240557
180.8	50.54671968
180.9	49.95029821
181	49.49731988
181.1	48.90656064
181.2	48.1610338
181.3	47.34095427
181.4	45.77534791
181.5	45.02982107
181.6	44.58250497
181.7	44.88071571
181.8	45.77534791
181.9	47.01789264
182	48.75745527
182.1	48.45924453
182.2	46.48508946
182.3	45.77534791
182.4	45.17892644
182.5	46.44632207
182.6	47.86282306
182.7	47.32604374
182.8	46.07355865
182.9	44.58250497
183	43.09145129
183.1	45.11928429
183.2	45.77534791
183.3	43.8667992
183.4	43.09145129
183.5	44.70178926
183.6	45.77534791
183.7	46.7415507
183.8	47.56461233
183.9	47.26640159
184	47.17534488
184.1	46.96819085
184.2	46.66998012
184.3	46.30399422
184.4	45.97867341
184.5	45.77534791
184.6	46.22266402
184.7	48.1610338
184.8	49.65208748
184.9	46.66998012
185	46.22266402
185.1	46.66998012
185.2	46.07355865
185.3	44.4333996
185.4	42.64413519
185.5	40.55666004
185.6	39.8111332
185.7	39.06560636
185.8	39.3638171
185.9	40.85487078
186	42.18104471
186.1	44.28429423
186.2	44.88071571
186.3	44.88071571
186.4	46.30019881
186.5	48.1610338
186.6	48.1610338
186.7	47.26640159
186.8	46.96819085
186.9	45.47713718
187	44.64214712
187.1	43.38966203
187.2	43.9860835
187.3	44.40357853
187.4	44.58250497
187.5	44.28429423
187.6	41.89860835
187.7	39.21471173
187.8	38.36481113
187.9	38.02186879
188	39.51292247
188.1	42.79324056
188.2	46.81908549
188.3	50.69582505
188.4	50.84493042
188.5	51.59045726
188.6	54.05069583
188.7	56.9582505
188.8	60.38767396
188.9	63.07157058
189	61.49105368
189.1	58.74751491
189.2	54.87077535
189.3	51.44135189
189.4	50.24850895
189.5	49.055666
189.6	49.95029821
189.7	49.65208748
189.8	47.56461233
189.9	46.22266402
190	46.07355865
190.1	46.07355865
190.2	46.96819085
190.3	47.26640159
190.4	47.71371769
190.5	46.96819085
190.6	45.32803181
190.7	46.52087475
190.8	49.95029821
190.9	50.84493042
191	52.03777336
191.1	52.63419483
191.2	53.46918489
191.3	54.10661034
191.4	54.55392644
191.5	55.16898608
191.6	56.06361829
191.7	55.46719682
191.8	54.83349901
191.9	55.01988072
192	55.2861067
192.1	54.42345924
192.2	53.52882704
192.3	54.96023857
192.4	56.21272366
192.5	56.51093439
192.6	56.21272366
192.7	54.84095427
192.8	53.2306163
192.9	54.30417495
193	55.64612326
193.1	57.10735586
193.2	58.30019881
193.3	55.61630219
193.4	53.2306163
193.5	52.03777336
193.6	51.14314115
193.7	50.51689861
193.8	49.95029821
193.9	50.84493042
194	51.73956262
194.1	54.42345924
194.2	57.10735586
194.3	59.64214712
194.4	60.53677932
194.5	59.49304175
194.6	59.49304175
194.7	59.81255325
194.8	60.38767396
194.9	60.53677932
195	58.15109344
195.1	54.12524851
195.2	52.7833002
195.3	51.59045726
195.4	51.73956262
195.5	53.52882704
195.6	53.08151093
195.7	51.59045726
195.8	52.3359841
195.9	54.72166998
196	55.31809145
196.1	55.31809145
196.2	54.27435388
196.3	53.2306163
196.4	54.48310139
196.5	56.21272366
196.6	55.76540755
196.7	54.27435388
196.8	53.08151093
196.9	52.03777336
197	53.98703497
197.1	56.51093439
197.2	57.92246521
197.3	58.30019881
197.4	56.66749503
197.5	54.72166998
197.6	55.91451292
197.7	57.4055666
197.8	56.60039761
197.9	55.91451292
198	56.21272366
198.1	56.66003976
198.2	55.91451292
198.3	54.72166998
198.4	52.3359841
198.5	49.35387674
198.6	49.50298211
198.7	49.95029821
198.8	51.59045726
198.9	53.08151093
199	54.42345924
199.1	56.80914513
199.2	59.19483101
199.3	61.10337972
199.4	63.36978131
199.5	64.86083499
199.6	66.05367793
199.7	64.7415507
199.8	63.07157058
199.9	62.17693837
200	60.65995332
200.1	59.27781139
200.2	58.00198807
200.3	56.21272366
200.4	54.72166998
200.5	53.52882704
200.6	52.03777336
200.7	51.44135189
200.8	50.84493042
200.9	51.14314115
201	52.63419483
201.1	53.37972167
201.2	54.57256461
201.3	54.12524851
201.4	52.3359841
201.5	52.3359841
201.6	54.72166998
201.7	53.2306163
201.8	50.84493042
201.9	50.69582505
202	50.81037703
202.1	51.44135189
202.2	53.52882704
202.3	54.48310139
202.4	55.64612326
202.5	57.10735586
202.6	58.59840954
202.7	58.00198807
202.8	57.70377734
202.9	59.46322068
203	60.68588469
203.1	59.49304175
203.2	57.8528827
203.3	56.21272366
203.4	54.87077535
203.5	55.01988072
203.6	55.01988072
203.7	54.72166998
203.8	54.27435388
203.9	52.93240557
204	51.73956262
204.1	50.69582505
204.2	50.24850895
204.3	50.39761431
204.4	51.29224652
204.5	52.93240557
204.6	54.27435388
204.7	55.76540755
204.8	55.46719682
204.9	53.37972167
205	50.2787075
205.1	47.26640159
205.2	46.96819085
205.3	46.96819085
205.4	47.56461233
205.5	48.1610338
205.6	50.24850895
205.7	55.61630219
205.8	55.61630219
205.9	50.54671968
206	50.24850895
206.1	49.055666
206.2	49.65208748
206.3	53.82703777
206.4	55.61630219
206.5	57.25646123
206.6	57.70377734
206.7	57.70377734
206.8	57.4055666
206.9	57.70377734
207	58.17775964
207.1	58.59840954
207.2	59.06809145
207.3	59.49304175
207.4	57.70377734
207.5	56.21272366
207.6	56.80914513
207.7	57.10735586
207.8	55.31809145
207.9	53.82703777
208	53.52882704
208.1	53.2306163
208.2	53.97614314
208.3	54.72166998
208.4	54.12524851
208.5	53.37972167
208.6	52.93240557
208.7	52.03777336
208.8	50.54671968
208.9	48.31013917
209	45.23856859
209.1	43.83697813
209.2	45.02982107
209.3	46.22266402
209.4	47.86282306
209.5	49.35387674
209.6	52.03777336
209.7	54.75894632
209.8	55.61630219
209.9	55.50447316
210	55.31809145
210.1	55.61630219
210.2	57.4055666
210.3	58.30019881
210.4	57.70377734
210.5	58.74751491
210.6	60.38767396
210.7	60.38767396
210.8	59.49304175
210.9	59.49304175
211	59.49304175
211.1	59.49304175
211.2	58.59840954
211.3	59.1749503
211.4	60.07952286
211.5	60.98409543
211.6	62.47514911
211.7	62.77335984
211.8	62.77335984
211.9	63.07157058
212	63.66799205
212.1	61.72962227
212.2	59.49304175
212.3	58.15109344
212.4	56.51093439
212.5	53.52882704
212.6	49.50298211
212.7	49.65208748
212.8	50.09940358
212.9	50.39761431
213	51.14314115
213.1	53.2306163
213.2	56.73459245
213.3	58.30019881
213.4	58.74751491
213.5	57.70377734
213.6	56.51093439
213.7	54.42345924
213.8	53.2306163
213.9	53.2306163
214	53.2306163
214.1	52.03777336
214.2	51.44135189
214.3	53.2306163
214.4	54.42345924
214.5	55.01988072
214.6	55.50695825
214.7	56.21272366
214.8	57.10735586
214.9	58.89662028
215	59.46800115
215.1	60.23856859
215.2	59.94035785
215.3	57.70377734
215.4	55.76540755
215.5	53.37972167
215.6	53.08151093
215.7	55.91451292
215.8	55.31809145
215.9	52.63419483
216	52.3359841
216.1	52.93240557
216.2	53.82703777
216.3	55.61630219
216.4	57.70377734
216.5	60.08946322
216.6	59.79125249
216.7	59.07554672
216.8	58.17097416
216.9	57.10735586
217	56.21272366
217.1	56.21272366
217.2	57.52485089
217.3	59.49304175
217.4	57.60437376
217.5	54.95361166
217.6	52.03777336
217.7	49.35387674
217.8	50.84493042
217.9	52.63419483
218	53.82703777
218.1	54.12524851
218.2	52.63419483
218.3	51.44135189
218.4	50.24850895
218.5	50.24850895
218.6	54.12524851
218.7	58.30019881
218.8	59.86580517
218.9	60.98409543
219	61.04622266
219.1	61.14562624
219.2	61.24502982
219.3	60.98409543
219.4	60.23856859
219.5	59.04572565
219.6	58.15109344
219.7	57.8528827
219.8	58.59840954
219.9	60.23856859
220	63.03429423
220.1	64.56262425
220.2	66.94831014
220.3	66.2027833
220.4	65.15904573
220.5	64.71172962
220.6	64.26441352
220.7	65.30815109
220.8	66.79920477
220.9	65.60636183
221	63.66799205
221.1	63.96620278
221.2	65.15904573
221.3	63.96620278
221.4	62.17693837
221.5	61.5805169
221.6	60.98409543
221.7	61.81908549
221.8	63.07157058
221.9	62.47514911
222	59.36100952
222.1	57.25646123
222.2	55.31809145
222.3	55.31809145
222.4	55.31809145
222.5	55.54926475
222.6	55.81346281
222.7	56.07766087
222.8	56.34185893
222.9	56.60605699
223	56.87025504
223.1	57.10735586
223.2	57.10735586
223.3	54.72166998
223.4	52.93240557
223.5	54.42345924
223.6	56.21272366
223.7	58.18091451
223.8	60.98409543
223.9	63.66799205
224	66.05367793
224.1	61.87872763
224.2	60.68588469
224.3	60.83499006
224.4	60.53677932
224.5	58.74751491
224.6	56.06361829
224.7	52.48508946
224.8	50.39761431
224.9	49.35387674
225	49.35387674
225.1	50.54671968
225.2	51.44135189
225.3	51.44135189
225.4	52.93240557
225.5	57.4055666
225.6	59.79125249
225.7	62.47514911
225.8	62.77335984
225.9	61.87872763
226	60.4473161
226.1	59.19483101
226.2	56.63767396
226.3	53.2306163
226.4	52.3359841
226.5	52.46154651
226.6	52.58396987
226.7	52.70639322
226.8	52.82881657
226.9	52.93240557
227	51.33436025
227.1	48.75745527
227.2	46.07355865
227.3	43.09145129
227.4	45.17892644
227.5	48.19831014
227.6	46.07355865
227.7	44.58250497
227.8	44.76888668
227.9	45.02982107
228	46.22266402
228.1	47.11729622
228.2	46.55069583
228.3	47.56461233
228.4	51.14314115
228.5	55.01988072
228.6	59.79125249
228.7	63.22067594
228.8	64.56262425
228.9	65.7554672
229	66.05367793
229.1	65.15904573
229.2	64.26441352
229.3	62.92246521
229.4	61.43141153
229.5	60.23856859
229.6	58.30019881
229.7	58.89662028
229.8	62.62425447
229.9	64.86083499
230	65.7554672
230.1	65.30815109
230.2	63.66799205
230.3	60.68588469
230.4	53.82703777
230.5	51.51590457
230.6	49.80119284
230.7	49.1749503
230.8	48.75745527
230.9	49.80119284
231	51.14314115
231.1	54.72166998
231.2	60.08946322
231.3	59.79125249
231.4	59.49304175
231.5	59.19483101
231.6	57.9833499
231.7	56.80914513
231.8	56.21272366
231.9	56.39910537
232	57.53632777
232.1	58.68025287
232.2	59.49304175
232.3	57.8528827
232.4	56.21272366
232.5	56.51093439
232.6	58.30019881
232.7	57.10735586
232.8	56.21272366
232.9	58.59840954
233	59.88396049
233.1	59.94035785
233.2	59.34393638
233.3	59.79125249
233.4	60.38767396
233.5	59.99005964
233.6	59.72498343
233.7	59.49304175
233.8	58.59840954
233.9	57.25646123
234	56.80914513
234.1	55.76540755
234.2	55.76540755
234.3	57.10735586
234.4	58.59840954
234.5	59.49304175
234.6	59.34393638
234.7	58.30019881
234.8	56.28727634
234.9	54.49801193
235	53.60337972
235.1	53.82703777
235.2	53.52882704
235.3	52.39562624
235.4	52.18687873
235.5	53.21197813
235.6	53.95750497
235.7	54.12524851
235.8	53.97614314
235.9	53.08151093
236	52.3359841
236.1	51.29224652
236.2	50.99403579
236.3	50.84493042
236.4	51.44135189
236.5	52.93240557
236.6	53.52882704
236.7	53.67793241
236.8	52.63419483
236.9	50.99403579
237	51.14314115
237.1	51.73956262
237.2	49.055666
237.3	47.26640159
237.4	49.055666
237.5	50.24850895
237.6	50.84493042
237.7	51.14314115
237.8	53.52882704
237.9	56.63021869
238	57.46520875
238.1	58.30019881
238.2	56.51093439
238.3	54.12524851
238.4	53.52882704
238.5	52.63419483
238.6	51.06858847
238.7	49.055666
238.8	49.055666
238.9	49.95029821
239	52.03777336
239.1	56.21272366
239.2	55.75185252
239.3	55.31809145
239.4	54.88433038
239.5	53.97614314
239.6	52.93240557
239.7	53.37972167
239.8	55.16898608
239.9	57.10735586
240	59.64214712
240.1	60.08946322
240.2	59.79125249
240.3	58.74751491
240.4	58.15109344
240.5	58.15109344
240.6	58.64811133
240.7	58.89662028
240.8	58.59840954
240.9	59.49304175
241	60.12144797
241.1	60.68588469
241.2	62.47514911
241.3	63.14314115
241.4	63.37574553
241.5	63.6083499
241.6	63.07157058
241.7	60.08946322
241.8	55.01988072
241.9	52.03777336
242	48.75745527
242.1	47.56461233
242.2	46.07355865
242.3	48.45924453
242.4	50.84493042
242.5	52.03777336
242.6	52.93240557
242.7	54.18489066
242.8	55.92942346
242.9	56.89860835
243	57.10735586
243.1	55.31809145
243.2	52.63419483
243.3	53.52882704
243.4	55.31809145
243.5	55.91451292
243.6	55.91451292
243.7	52.93240557
243.8	51.14314115
243.9	49.77137177
244	48.82845782
244.1	48.45924453
244.2	48.6083499
244.3	49.65208748
244.4	50.24850895
244.5	50.24850895
244.6	50.24850895
244.7	51.44135189
244.8	52.63419483
244.9	53.33001988
245	53.82703777
245.1	53.82703777
245.2	54.72166998
245.3	58.22862823
245.4	60.97664016
245.5	64.26441352
245.6	66.99602386
245.7	69.9304175
245.8	70.01868787
245.9	68.84902016
246	67.67935246
246.1	66.79920477
246.2	65.45725646
246.3	63.54373757
246.4	60.94681909
246.5	57.8528827
246.6	57.4055666
246.7	59.49304175
246.8	58.18836978
246.9	56.36182903
247	55.46719682
247.1	54.57256461
247.2	54.42345924
247.3	55.01988072
247.4	60.23856859
247.5	66.50099404
247.6	67.24652087
247.7	67.09741551
247.8	64.26441352
247.9	62.32604374
248	61.69980119
248.1	61.43141153
248.2	64.41351889
248.3	65.7554672
248.4	61.87872763
248.5	59.49304175
248.6	57.4055666
248.7	56.36182903
248.8	54.72166998
248.9	53.52882704
249	53.23439112
249.1	52.93240557
249.2	53.82703777
249.3	54.42345924
249.4	54.12524851
249.5	53.82703777
249.6	53.82703777
249.7	53.82703777
249.8	53.2306163
249.9	53.2306163
250	53.2306163
250.1	56.15308151
250.2	58.89662028
250.3	59.04572565
250.4	58.00198807
250.5	59.19483101
250.6	61.87872763
250.7	62.17693837
250.8	61.02669696
250.9	59.94035785
251	59.97585913
251.1	60.98409543
251.2	64.26441352
251.3	66.02385686
251.4	66.94831014
251.5	66.53081511
251.6	64.86083499
251.7	64.86083499
251.8	63.96620278
251.9	62.17693837
252	58.99602386
252.1	56.80914513
252.2	53.97614314
252.3	49.35387674
252.4	43.5387674
252.5	41.89860835
252.6	41.89860835
252.7	45.92445328
252.8	52.03777336
252.9	54.87077535
253	56.80914513
253.1	54.60238569
253.2	52.63419483
253.3	50.24850895
253.4	47.86282306
253.5	45.77534791
253.6	44.88071571
253.7	46.37176938
253.8	49.055666
253.9	51.73956262
254	53.52882704
254.1	54.72166998
254.2	55.31809145
254.3	55.46719682
254.4	55.61630219
254.5	55.61630219
254.6	54.72166998
254.7	52.3359841
254.8	50.54671968
254.9	48.6083499
255	47.91618709
255.1	47.56461233
255.2	46.37176938
255.3	44.88071571
255.4	44.88071571
255.5	47.86282306
255.6	49.95029821
255.7	50.54671968
255.8	51.73956262
255.9	53.2306163
256	52.63419483
256.1	49.20477137
256.2	49.20477137
256.3	50.84493042
256.4	54.27435388
256.5	59.04572565
256.6	60.38767396
256.7	60.98409543
256.8	60.68588469
256.9	60.08946322
257	59.05516269
257.1	57.4055666
257.2	56.21272366
257.3	54.03578529
257.4	51.56063618
257.5	48.45924453
257.6	46.66998012
257.7	45.77534791
257.8	46.78180915
257.9	49.055666
258	50.84493042
258.1	55.61630219
258.2	56.80914513
258.3	59.49304175
258.4	59.79125249
258.5	60.68588469
258.6	60.98409543
258.7	60.62624254
258.8	58.89662028
258.9	56.80914513
259	56.80914513
259.1	56.21272366
259.2	57.8528827
259.3	58.89662028
259.4	53.74183471
259.5	51.14314115
259.6	50.54671968
259.7	50.39761431
259.8	51.44135189
259.9	50.69582505
260	46.81908549
260.1	46.66998012
260.2	50.24850895
260.3	52.7833002
260.4	55.76540755
260.5	56.51093439
260.6	55.76540755
260.7	54.57256461
260.8	53.37972167
260.9	52.18687873
261	51.44135189
261.1	53.7554672
261.2	55.61630219
261.3	55.79522863
261.4	55.01988072
261.5	53.82703777
261.6	52.03777336
261.7	50.42743539
261.8	48.75745527
261.9	49.45328032
262	50.54671968
262.1	48.75745527
262.2	49.055666
262.3	51.78429423
262.4	56.51093439
262.5	56.51093439
262.6	56.51093439
262.7	56.21272366
262.8	55.18176654
262.9	54.18489066
263	53.52882704
263.1	53.82703777
263.2	55.61630219
263.3	58.00198807
263.4	59.91053678
263.5	61.72962227
263.6	61.72962227
263.7	58.59840954
263.8	55.91451292
263.9	55.91451292
264	55.475084
264.1	54.42345924
264.2	53.82703777
264.3	54.96023857
264.4	56.21272366
264.5	56.43638171
264.6	55.91451292
264.7	52.93240557
264.8	51.68737575
264.9	51.44135189
265	52.82837857
265.1	54.87077535
265.2	55.91451292
265.3	55.10934394
265.4	54.39363817
265.5	53.67793241
265.6	50.84493042
265.7	47.56461233
265.8	46.22266402
265.9	45.17892644
266	45.61918709
266.1	46.66998012
266.2	47.7554672
266.3	48.1610338
266.4	46.92345924
266.5	45.47713718
266.6	44.58250497
266.7	43.68787276
266.8	43.8444334
266.9	44.88071571
267	45.77534791
267.1	47.71371769
267.2	47.89264414
267.3	47.26640159
267.4	48.1610338
267.5	48.75745527
267.6	47.56461233
267.7	46.37176938
267.8	47.82554672
267.9	48.90656064
268	48.53379722
268.1	48.01192843
268.2	46.07355865
268.3	45.32803181
268.4	47.11729622
268.5	49.20477137
268.6	50.54671968
268.7	51.29224652
268.8	51.73956262
268.9	52.18687873
269	52.42386988
269.1	52.63419483
269.2	49.18687873
269.3	46.07355865
269.4	44.60636183
269.5	43.9860835
269.6	45.47713718
269.7	47.04771372
269.8	47.43538767
269.9	47.86282306
270	47.3793602
270.1	46.96819085
270.2	46.32405567
270.3	45.47713718
270.4	44.28429423
270.5	44.02868503
270.6	43.50468617
270.7	43.09145129
270.8	42.00298211
270.9	41.60039761
271	41.49204154
271.1	41.30218688
271.2	40.70576541
271.3	41.00397614
271.4	41.89860835
271.5	43.9860835
271.6	47.86282306
271.7	48.1610338
271.8	47.86282306
271.9	50.54671968
272	53.82703777
272.1	53.52882704
272.2	51.14314115
272.3	51.14314115
272.4	51.14314115
272.5	51.73956262
272.6	52.63419483
272.7	53.2306163
272.8	53.52882704
272.9	53.52882704
273	54.16785004
273.1	55.31809145
273.2	56.80914513
273.3	56.06361829
273.4	54.27435388
273.5	50.54671968
273.6	45.92445328
273.7	41.30218688
273.8	36.53081511
273.9	33.54870775
274	31.70611094
274.1	30.86481113
274.2	30.86481113
274.3	32.95228628
274.4	35.0695825
274.5	35.93439364
274.6	37.42544732
274.7	40.10934394
274.8	41.00397614
274.9	39.51292247
275	40.90457256
275.1	42.45526839
275.2	43.38966203
275.3	42.79324056
275.4	43.68787276
275.5	45.47713718
275.6	47.56461233
275.7	49.65208748
275.8	50.24850895
275.9	49.35387674
276	49.65208748
276.1	51.14314115
276.2	51.59045726
276.3	50.99403579
276.4	50.84493042
276.5	50.84493042
276.6	50.09940358
276.7	49.055666
276.8	49.055666
276.9	49.65208748
277	49.02368126
277.1	48.45924453
277.2	46.07355865
277.3	42.79324056
277.4	41.30218688
277.5	40.10934394
277.6	38.91650099
277.7	38.02186879
277.8	39.8111332
277.9	42.79324056
278	45.47713718
278.1	47.26640159
278.2	47.26640159
278.3	46.96819085
278.4	46.96819085
278.5	47.86282306
278.6	49.055666
278.7	49.055666
278.8	43.38966203
278.9	38.61829026
279	38.32007952
279.1	38.61829026
279.2	40.85487078
279.3	43.9860835
279.4	47.26640159
279.5	49.80119284
279.6	49.65208748
279.7	48.90656064
279.8	47.26640159
279.9	46.75518319
280	46.37176938
280.1	45.77534791
280.2	43.68787276
280.3	43.09145129
280.4	44.88071571
280.5	46.07355865
280.6	48.75745527
280.7	48.1610338
280.8	43.09145129
280.9	41.74950298
281	42.19681909
281.1	42.19681909
281.2	43.09145129
281.3	43.38966203
281.4	43.38966203
281.5	44.50795229
281.6	46.07355865
281.7	46.40159046
281.8	45.77534791
281.9	45.77534791
282	45.77534791
282.1	46.30019881
282.2	47.56461233
282.3	46.96819085
282.4	45.77534791
282.5	45.77534791
282.6	45.77534791
282.7	46.55069583
282.8	47.26640159
282.9	47.56461233
283	47.56461233
283.1	47.56461233
283.2	47.41550696
283.3	46.96819085
283.4	46.66998012
283.5	45.77534791
283.6	44.73161034
283.7	42.94234592
283.8	41.30218688
283.9	39.8111332
284	39.51292247
284.1	40.63121272
284.2	41.45129225
284.3	42.79324056
284.4	44.13518887
284.5	45.17892644
284.6	46.81908549
284.7	49.35387674
284.8	50.69582505
284.9	50.99403579
285	48.88615674
285.1	46.07355865
285.2	43.9860835
285.3	43.68787276
285.4	43.38966203
285.5	44.28429423
285.6	44.14015905
285.7	43.9860835
285.8	45.17892644
285.9	47.86282306
286	48.50184607
286.1	49.50298211
286.2	51.10586481
286.3	52.3359841
286.4	50.09940358
286.5	46.96819085
286.6	45.47713718
286.7	43.5387674
286.8	43.9860835
286.9	45.32803181
287	46.38746469
287.1	47.26640159
287.2	48.93638171
287.3	50.24850895
287.4	47.47514911
287.5	44.28429423
287.6	42.79324056
287.7	42.19681909
287.8	42.49502982
287.9	43.9860835
288	46.69262904
288.1	49.055666
288.2	48.75745527
288.3	49.20477137
288.4	51.14314115
288.5	52.3359841
288.6	52.3359841
288.7	52.3359841
288.8	52.7833002
288.9	52.7833002
289	51.7693837
289.1	51.29224652
289.2	52.93240557
289.3	54.12524851
289.4	54.12524851
289.5	53.73757455
289.6	53.37972167
289.7	53.2306163
289.8	54.12524851
289.9	53.52882704
290	51.38170974
290.1	48.31013917
290.2	45.17892644
290.3	44.88071571
290.4	44.88071571
290.5	44.88071571
290.6	44.88071571
290.7	45.62624254
290.8	46.37176938
290.9	45.92445328
291	44.84873096
291.1	43.68787276
291.2	42.49502982
291.3	41.89860835
291.4	41.52882704
291.5	40.70576541
291.6	39.8111332
291.7	40.70576541
291.8	42.09617296
291.9	44.8583499
292	47.56461233
292.1	47.56461233
292.2	45.47713718
292.3	44.4333996
292.4	43.09145129
292.5	42.94234592
292.6	42.49502982
292.7	41.45129225
292.8	40.2584493
292.9	38.35735586
293	37.64557764
293.1	38.32007952
293.2	40.10934394
293.3	41.60039761
293.4	43.09145129
293.5	42.49502982
293.6	42.19681909
293.7	42.79324056
293.8	43.09145129
293.9	42.19681909
294	41.33946322
294.1	39.51292247
294.2	36.82902584
294.3	32.35586481
294.4	30.5666004
294.5	31.75944334
294.6	32.65407555
294.7	32.95228628
294.8	33.84691849
294.9	35.33797217
295	36.86885049
295.1	38.79181193
295.2	40.70576541
295.3	43.5387674
295.4	45.47713718
295.5	44.88071571
295.6	44.28429423
295.7	43.09145129
295.8	43.24055666
295.9	45.02982107
296	45.77534791
296.1	45.77534791
296.2	47.10238569
296.3	51.5805169
296.4	53.2306163
296.5	52.93240557
296.6	50.84493042
296.7	47.86282306
296.8	45.77534791
296.9	43.9860835
297	42.84844472
297.1	41.89860835
297.2	41.15308151
297.3	39.8111332
297.4	39.8111332
297.5	41.60039761
297.6	42.19681909
297.7	42.94234592
297.8	44.4333996
297.9	45.77534791
298	45.77534791
298.1	45.77534791
298.2	45.17892644
298.3	44.17246521
298.4	43.38966203
298.5	42.79324056
298.6	44.32157058
298.7	45.77534791
298.8	45.92445328
298.9	45.92445328
299	45.25769909
299.1	44.67253085
299.2	44.88071571
299.3	46.37176938
299.4	46.96819085
299.5	48.45924453
299.6	48.75745527
299.7	49.35387674
299.8	49.35387674
299.9	49.65208748
300	51.73956262
300.1	51.14314115
300.2	49.56262425
300.3	48.75745527
300.4	48.1610338
300.5	47.26640159
300.6	44.88071571
300.7	44.28429423
300.8	43.9860835
300.9	44.28429423
301	45.17892644
301.1	46.32916785
301.2	47.86282306
301.3	49.055666
301.4	50.39761431
301.5	51.14314115
301.6	51.14314115
301.7	51.14314115
301.8	51.14314115
301.9	50.84493042
302	51.14314115
302.1	49.96893638
302.2	48.90656064
302.3	48.75745527
302.4	48.90656064
302.5	47.08747515
302.6	45.77534791
302.7	47.41550696
302.8	50.79522863
302.9	53.2306163
303	56.80914513
303.1	55.42992048
303.2	53.37972167
303.3	50.54671968
303.4	47.26640159
303.5	44.88071571
303.6	43.38966203
303.7	43.09145129
303.8	42.64413519
303.9	41.45129225
304	41.00397614
304.1	41.00397614
304.2	41.00397614
304.3	41.00397614
304.4	41.00397614
304.5	41.60039761
304.6	42.19681909
304.7	41.89860835
304.8	41.60039761
304.9	41.00397614
305	40.92942346
305.1	41.51093439
305.2	41.89860835
305.3	43.09145129
305.4	43.9860835
305.5	43.9860835
305.6	43.38966203
305.7	42.37574553
305.8	41.47117296
305.9	40.40755467
306	40.70576541
306.1	42.79324056
306.2	43.9860835
306.3	44.73161034
306.4	45.77534791
306.5	46.66998012
306.6	46.96819085
306.7	46.66998012
306.8	45.90315251
306.9	45.17892644
307	46.2972167
307.1	47.86282306
307.2	47.26640159
307.3	43.9860835
307.4	43.38966203
307.5	44.08548708
307.6	44.58250497
307.7	45.17892644
307.8	44.58250497
307.9	44.28429423
308	43.5387674
308.1	42.79324056
308.2	41.74950298
308.3	40.40755467
308.4	39.8111332
308.5	39.21471173
308.6	39.21471173
308.7	39.21471173
308.8	39.21471173
308.9	39.96023857
309	42.45775348
309.1	44.58250497
309.2	42.79324056
309.3	42.19681909
309.4	41.45129225
309.5	41.00397614
309.6	41.00397614
309.7	41.30218688
309.8	41.60039761
309.9	41.45129225
310	40.2584493
310.1	38.91650099
310.2	37.42544732
310.3	36.53081511
310.4	35.68588469
310.5	35.02319417
310.6	34.29423459
310.7	34.59244533
310.8	36.23260437
310.9	38.17097416
311	37.72365805
311.1	35.93439364
311.2	33.10139165
311.3	31.90854871
311.4	30.11928429
311.5	30.41749503
311.6	31.16302187
311.7	32.80318091
311.8	34.89065606
311.9	36.97813121
312	38.35735586
312.1	38.91650099
312.2	38.91650099
312.3	38.91650099
312.4	38.61829026
312.5	37.87276342
312.6	36.67992048
312.7	35.1888668
312.8	34.14512922
312.9	35.48707753
313	36.82902584
313.1	35.33797217
313.2	33.69781312
313.3	32.69135189
313.4	31.90854871
313.5	33.54870775
313.6	35.93439364
313.7	38.02186879
313.8	39.51292247
313.9	37.72365805
314	36.23260437
314.1	34.7415507
314.2	33.54870775
314.3	31.4612326
314.4	30.26838966
314.5	28.89662028
314.6	28.18091451
314.7	28.18091451
314.8	29.37375746
314.9	31.24219286
315	32.88894949
315.1	34.7415507
315.2	35.1888668
315.3	36.08349901
315.4	36.97813121
315.5	38.02186879
315.6	39.21471173
315.7	42.04771372
315.8	44.58250497
315.9	48.1610338
316	48.1610338
316.1	45.77534791
316.2	45.77534791
316.3	46.81908549
316.4	45.77534791
316.5	43.68787276
316.6	42.49502982
316.7	41.89860835
316.8	39.8111332
316.9	36.82902584
317	36.23260437
317.1	34.89065606
317.2	35.33797217
317.3	36.23260437
317.4	36.23260437
317.5	35.6361829
317.6	36.23260437
317.7	37.12723658
317.8	38.46918489
317.9	39.51292247
318	36.82902584
318.1	34.14512922
318.2	35.00248509
318.3	36.53081511
318.4	36.08349901
318.5	35.6361829
318.6	35.03976143
318.7	35.03976143
318.8	36.38170974
318.9	37.57455268
319	38.02186879
319.1	38.02186879
319.2	37.42544732
319.3	36.82902584
319.4	35.1888668
319.5	33.78727634
319.6	32.80318091
319.7	32.05765408
319.8	31.75944334
319.9	32.50497018
320	34.77882704
320.1	37.27634195
320.2	38.61829026
320.3	39.96023857
320.4	40.2584493
320.5	40.55666004
320.6	39.73658052
320.7	39.28926441
320.8	39.51292247
320.9	39.66202783
321	40.70576541
321.1	41.60039761
321.2	41.45129225
321.3	40.10934394
321.4	37.72365805
321.5	35.6361829
321.6	33.25049702
321.7	33.39960239
321.8	33.84691849
321.9	33.39960239
322	32.3370858
322.1	30.86481113
322.2	29.37375746
322.3	29.97017893
322.4	30.5666004
322.5	30.5666004
322.6	30.86481113
322.7	32.05765408
322.8	34.14512922
322.9	35.00397614
323	35.93439364
323.1	36.97813121
323.2	37.27634195
323.3	35.93439364
323.4	34.44333996
323.5	35.03976143
323.6	35.93439364
323.7	36.53081511
323.8	36.08349901
323.9	33.99602386
324	32.35586481
324.1	34.59244533
324.2	35.03976143
324.3	33.25049702
324.4	32.20675944
324.5	30.17892644
324.6	28.52172678
324.7	26.98807157
324.8	26.24254473
324.9	25.79522863
325	26.09343936
325.1	26.74950298
325.2	27.70377734
325.3	28.77733598
325.4	29.37375746
325.5	28.77733598
325.6	28.77733598
325.7	29.52286282
325.8	30.26838966
325.9	31.0139165
326	30.86481113
326.1	28.47912525
326.2	28.18091451
326.3	29.46322068
326.4	31.20775348
326.5	32.95228628
326.6	34.44333996
326.7	37.44248793
326.8	40.43311559
326.9	43.38966203
327	43.71291336
327.1	42.94234592
327.2	41.30218688
327.3	38.32007952
327.4	37.42544732
327.5	36.67992048
327.6	34.89065606
327.7	30.41749503
327.8	30.26838966
327.9	32.65407555
328	31.4612326
328.1	29.97017893
328.2	29.97017893
328.3	29.67196819
328.4	28.21073559
328.5	27.28628231
328.6	27.28628231
328.7	28.03180915
328.8	29.37375746
328.9	29.97017893
329	29.11282306
329.1	28.77733598
329.2	29.67196819
329.3	31.53578529
329.4	33.54870775
329.5	35.1888668
329.6	36.97813121
329.7	37.72365805
329.8	36.23260437
329.9	35.93439364
330	36.14740131
330.1	36.53081511
330.2	35.78528827
330.3	34.14512922
330.4	28.55367793
330.5	26.24254473
330.6	26.09343936
330.7	26.8389662
330.8	28.72763419
330.9	30.26838966
331	30.5666004
331.1	30.86481113
331.2	30.86481113
331.3	32.05765408
331.4	35.03976143
331.5	35.33797217
331.6	35.33797217
331.7	37.20178926
331.8	39.8111332
331.9	40.78031809
332	41.56584423
332.1	42.19681909
332.2	42.19681909
332.3	39.21471173
332.4	35.33797217
332.5	33.54870775
332.6	31.94582505
332.7	30.49204771
332.8	29.03827038
332.9	27.88270378
333	27.58449304
333.1	27.58449304
333.2	28.18091451
333.3	29.22465209
333.4	30.86481113
333.5	31.52087475
333.6	32.35586481
333.7	32.65407555
333.8	33.54870775
333.9	34.06560636
334	35.1888668
334.1	35.75495598
334.2	35.89119568
334.3	35.93439364
334.4	35.93439364
334.5	36.82902584
334.6	37.72365805
334.7	37.72365805
334.8	37.72365805
334.9	37.12723658
335	35.43290616
335.1	34.14512922
335.2	33.25049702
335.3	32.95228628
335.4	31.81163022
335.5	30.86481113
335.6	30.5666004
335.7	30.99900596
335.8	30.86481113
335.9	29.37375746
336	29.37375746
336.1	30.73778535
336.2	31.16302187
336.3	32.09206301
336.4	32.91787735
336.5	33.84691849
336.6	33.84691849
336.7	33.65521159
336.8	33.54870775
336.9	33.25049702
337	33.63817097
337.1	33.99602386
337.2	34.4806163
337.3	35.6361829
337.4	35.93439364
337.5	35.93439364
337.6	34.44333996
337.7	32.95228628
337.8	32.73927861
337.9	32.35586481
338	32.35586481
338.1	32.65407555
338.2	33.99602386
338.3	35.33797217
338.4	32.98956262
338.5	29.97017893
338.6	27.28628231
338.7	25.19880716
338.8	26.54075547
338.9	28.42942346
339	30.41749503
339.1	31.75944334
339.2	32.05765408
339.3	32.72862823
339.4	33.3250497
339.5	33.84691849
339.6	33.69781312
339.7	33.45924453
339.8	33.25049702
339.9	32.52790947
340	31.88560942
340.1	31.16302187
340.2	32.05765408
340.3	31.31212724
340.4	30.11928429
340.5	29.22465209
340.6	28.62823062
340.7	28.47912525
340.8	28.47912525
340.9	29.07554672
341	30.94062742
341.1	32.65407555
341.2	33.54870775
341.3	33.54870775
341.4	32.85089463
341.5	32.54224652
341.6	32.08374751
341.7	31.75944334
341.8	31.75944334
341.9	31.54075547
342	31.33697813
342.1	31.16302187
342.2	30.86481113
342.3	31.52087475
342.4	32.95228628
342.5	32.95228628
342.6	32.95228628
342.7	34.44333996
342.8	36.53081511
342.9	33.25049702
343	30.94280471
343.1	30.86481113
343.2	31.21272366
343.3	31.75944334
343.4	33.69781312
343.5	36.67992048
343.6	39.51292247
343.7	36.53081511
343.8	34.29423459
343.9	32.80318091
344	32.81095067
344.1	34.26441352
344.2	35.07952286
344.3	33.54870775
344.4	32.65407555
344.5	32.95228628
344.6	33.25049702
344.7	33.25049702
344.8	33.84691849
344.9	36.38170974
345	36.62469627
345.1	35.25108608
345.2	34.04373757
345.3	32.05765408
345.4	30.93529731
345.5	30.51238026
345.6	30.08946322
345.7	29.67196819
345.8	29.51860267
345.9	29.85089463
346	30.2223656
346.1	30.5666004
346.2	30.86481113
346.3	30.26838966
346.4	30.71570577
346.5	32.11729622
346.6	32.65407555
346.7	32.35586481
346.8	32.20675944
346.9	31.16302187
347	31.61033797
347.1	32.80318091
347.2	32.95228628
347.3	33.17594433
347.4	33.10139165
347.5	32.95228628
347.6	33.54870775
347.7	34.44333996
347.8	34.29423459
347.9	33.10139165
348	32.20675944
348.1	31.16302187
348.2	31.75944334
348.3	32.65407555
348.4	32.65407555
348.5	33.10139165
348.6	32.50497018
348.7	31.75944334
348.8	32.35586481
348.9	32.65407555
349	31.90162431
349.1	30.86481113
349.2	30.54274354
349.3	30.26838966
349.4	31.48508946
349.5	32.95228628
349.6	34.4194831
349.7	35.03976143
349.8	35.38270378
349.9	35.6361829
350	36.07797658
350.1	36.53081511
350.2	37.57455268
350.3	37.27634195
350.4	34.59244533
350.5	33.10139165
350.6	31.75944334
350.7	32.05765408
350.8	35.78528827
350.9	36.67992048
351	37.27634195
351.1	35.71073559
351.2	31.4612326
351.3	29.82107356
351.4	27.43538767
351.5	26.68986083
351.6	26.68986083
351.7	26.68986083
351.8	26.98807157
351.9	27.91998012
352	29.4110338
352.1	30.26838966
352.2	30.26838966
352.3	29.52286282
352.4	28.33001988
352.5	29.01590457
352.6	29.82107356
352.7	30.77960807
352.8	32.14285714
352.9	33.01192843
353	33.84691849
353.1	33.84691849
353.2	34.44333996
353.3	33.25049702
353.4	31.12574553
353.5	28.77733598
353.6	27.13717694
353.7	25.944334
353.8	25.19880716
353.9	24.30417495
354	24.00596421
354.1	24.00596421
354.2	24.60238569
354.3	25.49701789
354.4	26.3916501
354.5	25.79522863
354.6	25.49701789
354.7	28.26441352
354.8	30.86481113
354.9	33.01192843
355	33.54870775
355.1	30.5666004
355.2	30.26838966
355.3	31.75944334
355.4	33.39960239
355.5	34.7415507
355.6	35.6361829
355.7	35.6361829
355.8	35.93439364
355.9	37.72365805
356	38.91650099
356.1	38.46918489
356.2	36.67992048
356.3	30.5666004
356.4	29.67196819
356.5	28.62823062
356.6	28.18091451
356.7	28.47912525
356.8	28.33001988
356.9	27.88270378
357	28.85188867
357.1	30.86481113
357.2	31.4612326
357.3	32.50497018
357.4	31.90854871
357.5	30.86481113
357.6	30.86481113
357.7	30.86481113
357.8	29.52286282
357.9	27.58449304
358	30.72652414
358.1	33.84691849
358.2	34.14512922
358.3	34.14512922
358.4	32.90316922
358.5	31.6717343
358.6	30.44029938
358.7	29.20886446
358.8	27.88270378
358.9	27.28628231
359	29.07554672
359.1	31.75944334
359.2	32.05765408
359.3	32.05765408
359.4	31.0139165
359.5	30.5666004
359.6	30.26838966
359.7	29.82107356
359.8	28.03180915
359.9	25.64612326
360	26.68986083
360.1	27.28628231
360.2	26.09343936
360.3	26.09343936
360.4	26.8389662
360.5	27.13717694
360.6	26.32387493
360.7	25.56479306
360.8	24.75149105
360.9	24.30417495
361	24.90059642
361.1	25.97415507
361.2	26.92842942
361.3	28.03180915
361.4	29.07554672
361.5	30.11928429
361.6	31.13817097
361.7	32.20675944
361.8	33.84691849
361.9	34.7415507
362	34.59244533
362.1	32.95228628
362.2	28.77733598
362.3	25.19880716
362.4	22.2166998
362.5	22.81312127
362.6	25.49701789
362.7	27.88270378
362.8	31.75944334
362.9	30.86481113
363	27.11587617
363.1	25.19880716
363.2	22.51491054
363.3	23.48409543
363.4	25.27335984
363.5	27.28628231
363.6	29.37375746
363.7	29.97017893
363.8	30.11928429
363.9	28.74751491
364	27.13717694
364.1	25.944334
364.2	25.19880716
364.3	24.97514911
364.4	25.17395626
364.5	25.37276342
364.6	25.49701789
364.7	25.49701789
364.8	25.04970179
364.9	21.62027833
365	20.72942094
365.1	20.42743539
365.2	21.02385686
365.3	23.09642147
365.4	24.90059642
365.5	25.79522863
365.6	25.79522863
365.7	24.00596421
365.8	24.00596421
365.9	28.18091451
366	29.07554672
366.1	26.98807157
366.2	25.944334
366.3	25.19880716
366.4	25.19880716
366.5	25.8250497
366.6	26.09343936
366.7	26.09343936
366.8	26.24254473
366.9	26.3916501
367	26.68986083
367.1	28.18091451
367.2	28.47912525
367.3	27.88270378
367.4	27.88270378
367.5	27.64413519
367.6	26.68986083
367.7	26.3916501
367.8	26.60039761
367.9	27.58449304
368	27.88270378
368.1	27.88270378
368.2	27.88270378
368.3	27.73359841
368.4	25.84493042
368.5	24.30417495
368.6	24.75149105
368.7	25.944334
368.8	26.98807157
368.9	28.18091451
369	30.34294235
369.1	32.84791252
369.2	35.33797217
369.3	38.02186879
369.4	41.89860835
369.5	45.92445328
369.6	50.39761431
369.7	54.12524851
369.8	59.64214712
369.9	62.77335984
370	65.53180915
370.1	66.94831014
370.2	66.94831014
370.3	67.09741551
370.4	67.99204771
370.5	69.52037773
370.6	72.16699801
370.7	72.31610338
370.8	70.22862823
370.9	70.8250497
371	74.10536779
371.1	74.5526839
371.2	73.50894632
371.3	73.21073559
371.4	72.61431412
371.5	72.91252485
371.6	74.25447316
371.7	74.85089463
371.8	75.4473161
371.9	76.19284294
372	78.28031809
372.1	79.77137177
372.2	79.6222664
372.3	77.08747515
372.4	74.70178926
372.5	73.35984095
372.6	73.06163022
372.7	75
372.8	78.13121272
372.9	79.02584493
373	79.02584493
373.1	74.91053678
373.2	72.91252485
373.3	72.91252485
373.4	72.46520875
373.5	71.19781312
373.6	69.18489066
373.7	66.35188867
373.8	65.45725646
373.9	67.39562624
374	68.58280696
374.1	69.21471173
374.2	69.71314967
374.3	70.52683897
374.4	70.52683897
374.5	68.73757455
374.6	68.14115308
374.7	69.03578529
374.8	69.33399602
374.9	69.33399602
375	70.52683897
375.1	76.04373757
375.2	76.64015905
375.3	75.89463221
375.4	76.93836978
375.5	81.85884692
375.6	80.96421471
375.7	78.57852883
375.8	79.02584493
375.9	79.77137177
376	79.32405567
376.1	77.23658052
376.2	75.83499006
376.3	75
376.4	73.27463789
376.5	71.86878728
376.6	70.78777336
376.7	69.9304175
376.8	71.12326044
376.9	74.70178926
377	74.10536779
377.1	74.40357853
377.2	76.07355865
377.3	77.38568588
377.4	75.43240557
377.5	72.91252485
377.6	72.95427435
377.7	73.80715706
377.8	72.31610338
377.9	70.8250497
378	69.9304175
378.1	69.78131213
378.2	72.09244533
378.3	75.29821074
378.4	72.61431412
378.5	69.9304175
378.6	70.8250497
378.7	72.61431412
378.8	73.80715706
378.9	73.21073559
379	67.24652087
379.1	66.94831014
379.2	68.05168986
379.3	68.73757455
379.4	67.14214712
379.5	66.05367793
379.6	65.45725646
379.7	65.45725646
379.8	66.94831014
379.9	69.03578529
380	69.33399602
380.1	69.9304175
380.2	72
380.3	72.31610338
380.4	67.84294235
380.5	65.45725646
380.6	63.36978131
380.7	62.77335984
380.8	63.36978131
380.9	63.36978131
381	63.66799205
381.1	63.66799205
381.2	63.66799205
381.3	63.07157058
381.4	61.43141153
381.5	60.53677932
381.6	58.44930417
381.7	59.47174098
381.8	61.5805169
381.9	62.62425447
382	63.36978131
382.1	62.77335984
382.2	62.32604374
382.3	64.04075547
382.4	66.94831014
382.5	68.14115308
382.6	71.42147117
382.7	73.50894632
382.8	74.85089463
382.9	75.29821074
383	75
383.1	72.73856859
383.2	70.07952286
383.3	67.69383698
383.4	64.11530815
383.5	62.17693837
383.6	60.23856859
383.7	58.67296223
383.8	56.9582505
383.9	55.20914973
384	53.38058355
384.1	51.73956262
384.2	50.24850895
384.3	50.54671968
384.4	51.09012591
384.5	51.60702452
384.6	51.73956262
384.7	50.27236581
384.8	49.35387674
384.9	49.65208748
385	50.93800256
385.1	53.82703777
385.2	56.30218688
385.3	58.59840954
385.4	60.38767396
385.5	58.30019881
385.6	58.30019881
385.7	59.79125249
385.8	59.49304175
385.9	58.15109344
386	58.51401028
386.1	59.87940283
386.2	60.92113983
386.3	61.82571239
386.4	62.77335984
386.5	63.36978131
386.6	63.36978131
386.7	62.47514911
386.8	62.17693837
386.9	61.69980119
387	60.68588469
387.1	60.53677932
387.2	59.97349238
387.3	59.31080186
387.4	58.59840954
387.5	58.30019881
387.6	58.44930417
387.7	59.28003408
387.8	60.30247089
387.9	60.98409543
388	60.80832386
388.1	60.38767396
388.2	58.89662028
388.3	56.21272366
388.4	55.16472593
388.5	54.12524851
388.6	54.72166998
388.7	56.12752059
388.8	58.61971031
388.9	60.98409543
389	62.1649595
389.1	63.51888668
389.2	64.11530815
389.3	64.56262425
389.4	64.86083499
389.5	64.86083499
389.6	64.26441352
389.7	64.56262425
389.8	68.14115308
389.9	70.8250497
390	70.8250497
390.1	69.9304175
390.2	67.15208748
390.3	64.86083499
390.4	61.87872763
390.5	60.98409543
390.6	62.8389662
390.7	66.05367793
390.8	72.76341948
390.9	75.29821074
391	75.29821074
391.1	73.42374325
391.2	70.01562056
391.3	68.21570577
391.4	67.39562624
391.5	67.24652087
391.6	67.24652087
391.7	68.29025845
391.8	70.52683897
391.9	68.84940358
392	66.91848907
392.1	65.30815109
392.2	63.66799205
392.3	63.36978131
392.4	63.07157058
392.5	62.92246521
392.6	62.027833
392.7	60.98409543
392.8	59.73161034
392.9	58.18836978
393	55.91451292
393.1	56.75944334
393.2	57.70377734
393.3	57.70377734
393.4	58.00198807
393.5	60.98409543
393.6	64.26441352
393.7	61.75944334
393.8	59.19483101
393.9	57.26242545
394	55.31809145
394.1	55.82194831
394.2	56.36182903
394.3	57.10735586
394.4	59.19483101
394.5	59.64214712
394.6	60.68588469
394.7	62.84791252
394.8	64.56262425
394.9	65.60636183
395	65.52979421
395.1	64.69158025
395.2	63.96620278
395.3	63.47415507
395.4	62.47514911
395.5	58.99602386
395.6	57.10735586
395.7	57.10735586
395.8	57.10735586
395.9	57.10735586
396	56.80914513
396.1	53.97614314
396.2	52.93240557
396.3	52.93240557
396.4	52.18687873
396.5	50.69582505
396.6	50.24850895
396.7	50.95337068
396.8	52.03777336
396.9	53.12217603
397	53.7972167
397.1	54.42345924
397.2	55.61630219
397.3	57.25646123
397.4	57.4055666
397.5	57.4055666
397.6	58.15109344
397.7	59.49304175
397.8	58.30019881
397.9	56.80914513
398	56.80914513
398.1	56.80914513
398.2	57.87077535
398.3	59.19483101
398.4	59.42594433
398.5	59.79125249
398.6	59.79125249
398.7	59.79125249
398.8	59.49304175
398.9	59.49304175
399	60.68588469
399.1	62.77335984
399.2	63.96620278
399.3	65.7554672
399.4	67.54473161
399.5	68.73757455
399.6	67.84294235
399.7	67.11530815
399.8	66.05367793
399.9	66.35188867
400	67.62756793
400.1	69.0490391
400.2	69.9304175
400.3	70.52683897
400.4	70.52683897
400.5	70.8250497
400.6	72.31610338
400.7	70.52683897
400.8	66.05367793
400.9	65.45725646
401	67.24652087
401.1	69.18489066
401.2	75.59642147
401.3	75.59642147
401.4	73.74088801
401.5	71.62027833
401.6	68.88667992
401.7	66.6500994
401.8	64.86083499
401.9	65.45725646
402	69.03578529
402.1	69.03578529
402.2	68.14115308
402.3	67.12723658
402.4	65.21868787
402.5	63.07157058
402.6	61.5805169
402.7	61.5805169
402.8	62.17693837
402.9	61.24769665
403	60.36017599
403.1	59.79125249
403.2	58.59840954
403.3	57.10735586
403.4	56.21272366
403.5	59.41848907
403.6	62.77335984
403.7	65.7554672
403.8	68.43936382
403.9	68.83300199
404	69.03578529
404.1	68.14115308
404.2	66.35188867
404.3	63.25049702
404.4	60.98409543
404.5	61.87872763
404.6	61.5805169
404.7	61.5805169
404.8	61.87872763
404.9	62.972167
405	62.93364811
405.1	62.17693837
405.2	62.17693837
405.3	63.36978131
405.4	63.07157058
405.5	60.98409543
405.6	61.1332008
405.7	63.07157058
405.8	63.36978131
405.9	61.87872763
406	61.00913602
406.1	60.23856859
406.2	60.08946322
406.3	60.08946322
406.4	60.38767396
406.5	62.17693837
406.6	61.1332008
406.7	60.08946322
406.8	58.89662028
406.9	57.10735586
407	53.85723633
407.1	50.84493042
407.2	52.53976143
407.3	55.83499006
407.4	60.08946322
407.5	65.15904573
407.6	64.86083499
407.7	64.26441352
407.8	64.26441352
407.9	64.26441352
408	64.78628231
408.1	65.15904573
408.2	64.56262425
408.3	63.36978131
408.4	63.66799205
408.5	64.26441352
408.6	64.56262425
408.7	64.26441352
408.8	63.36978131
408.9	62.17693837
409	61.28230616
409.1	60.98409543
409.2	62.17693837
409.3	63.67651235
409.4	65.24850895
409.5	66.6500994
409.6	69.03578529
409.7	71.12326044
409.8	71.42147117
409.9	72.31610338
410	74.10536779
410.1	73.13121272
410.2	69.63220676
410.3	69.63220676
410.4	71.57057654
410.5	72.01789264
410.6	72.01789264
410.7	72.31610338
410.8	73.21073559
410.9	72.61431412
411	71.16053678
411.1	69.33399602
411.2	66.6500994
411.3	65.7554672
411.4	65.2112326
411.5	64.56262425
411.6	63.07157058
411.7	62.47514911
411.8	62.17693837
411.9	62.47514911
412	63.51888668
412.1	63.07157058
412.2	61.87872763
412.3	60.38767396
412.4	55.01988072
412.5	54.72166998
412.6	57.70377734
412.7	59.49304175
412.8	60.68588469
412.9	60.68588469
413	60.38767396
413.1	60.08946322
413.2	60.08946322
413.3	60.08946322
413.4	60.53677932
413.5	61.1332008
413.6	62.75205907
413.7	64.86083499
413.8	66.50099404
413.9	67.24652087
414	67.24652087
414.1	67.24652087
414.2	66.50099404
414.3	64.86083499
414.4	63.66799205
414.5	65.15904573
414.6	66.35188867
414.7	65.30815109
414.8	63.81709742
414.9	61.5805169
415	60.12673956
415.1	59.16998012
415.2	58.30019881
415.3	57.55467197
415.4	57.4055666
415.5	57.4055666
415.6	56.51093439
415.7	53.37972167
415.8	53.37972167
415.9	55.46719682
416	55.74194427
416.1	55.31809145
416.2	55.61630219
416.3	56.80914513
416.4	57.4055666
416.5	57.82803181
416.6	58.77236581
416.7	59.79125249
416.8	60.38767396
416.9	60.38767396
417	60.38767396
417.1	60.76043738
417.2	61.34194831
417.3	62.32604374
417.4	62.47514911
417.5	61.28230616
417.6	60.4473161
417.7	58.89662028
417.8	59.19483101
417.9	59.79125249
418	57.89796107
418.1	56.51093439
418.2	58.00198807
418.3	60.38767396
418.4	60.38767396
418.5	60.08946322
418.6	59.49304175
418.7	57.70377734
418.8	56.80914513
418.9	55.61630219
419	55.01988072
419.1	55.01988072
419.2	55.91451292
419.3	57.55467197
419.4	59.04572565
419.5	59.79125249
419.6	60.08946322
419.7	60.53677932
419.8	61.72962227
419.9	62.62425447
420	61.5321584
420.1	60.02337327
420.2	58.12127237
420.3	57.70377734
420.4	60.25646123
420.5	61.5805169
420.6	62.74353877
420.7	63.07157058
420.8	62.17693837
420.9	62.17693837
421	63.11417211
421.1	63.66799205
421.2	63.96620278
421.3	63.07157058
421.4	61.61033797
421.5	61.28230616
421.6	64.56262425
421.7	66.6500994
421.8	68.29025845
421.9	69.07306163
422	69.5221416
422.1	69.03578529
422.2	68.43936382
422.3	69.9304175
422.4	72.31610338
422.5	69.69184891
422.6	66.6500994
422.7	65.11431412
422.8	64.26441352
422.9	66.05367793
423	68.14115308
423.1	70.22862823
423.2	72.91252485
423.3	72.91252485
423.4	72.61431412
423.5	72.91252485
423.6	73.21073559
423.7	71.42147117
423.8	69.9304175
423.9	67.24652087
424	65.68091451
424.1	63.96620278
424.2	62.77335984
424.3	63.36978131
424.4	64.56262425
424.5	67.24652087
424.6	69.33399602
424.7	71.12326044
424.8	72.6640159
424.9	73.98979823
425	73.23859611
425.1	72.48739398
425.2	71.27236581
425.3	68.58846918
425.4	67.24652087
425.5	67.24652087
425.6	67.24652087
425.7	66.94831014
425.8	66.27733598
425.9	65.60636183
426	66.11764743
426.1	67.54473161
426.2	69.63966203
426.3	71.71968191
426.4	72.61431412
426.5	72.01789264
426.6	72.01789264
426.7	72.61431412
426.8	75
426.9	78.87673956
427	79.47316103
427.1	74.10536779
427.2	71.71968191
427.3	69.33399602
427.4	69.78131213
427.5	70.97415507
427.6	72.91252485
427.7	75.59642147
427.8	73.65805169
427.9	70.67594433
428	69.96023857
428.1	69.33399602
428.2	69.78131213
428.3	70.22862823
428.4	70.07952286
428.5	69.63220676
428.6	69.9304175
428.7	70.22862823
428.8	69.03578529
428.9	69.18489066
429	71.4063719
429.1	72.61431412
429.2	71.11829026
429.3	69.33399602
429.4	65.7554672
429.5	63.96620278
429.6	70.26838966
429.7	71.89860835
429.8	71.12326044
429.9	71.3916501
430	73.06163022
430.1	72.61431412
430.2	69.53528827
430.3	67.24652087
430.4	64.56262425
430.5	63.36978131
430.6	64.26441352
430.7	65.01988072
430.8	65.7554672
430.9	63.96620278
431	59.75938264
431.1	55.16898608
431.2	50.09940358
431.3	47.56461233
431.4	47.56461233
431.5	45.92445328
431.6	42.01789264
431.7	39.66202783
431.8	38.61829026
431.9	37.12723658
432	34.14512922
432.1	34.59244533
432.2	36.82902584
432.3	39.51292247
432.4	47.56461233
432.5	48.90656064
432.6	53.37972167
432.7	56.21272366
432.8	59.04572565
432.9	59.49304175
433	59.49304175
433.1	59.79125249
433.2	60.38767396
433.3	62.47514911
433.4	65.45725646
433.5	67.84294235
433.6	70.16898608
433.7	72.91252485
433.8	74.70178926
433.9	73.80715706
434	73.50894632
434.1	73.82845782
434.2	74.6804885
434.3	75.74552684
434.4	77.48508946
434.5	79.02584493
434.6	80.51689861
434.7	80.66600398
434.8	80.85771088
434.9	81.36892928
435	80.86481113
435.1	79.00927767
435.2	77.38568588
435.3	75.59642147
435.4	75.14910537
435.5	77.98210736
435.6	78.13121272
435.7	74.4333996
435.8	70.22862823
435.9	63.51888668
436	60.98409543
436.1	62.17693837
436.2	63.07157058
436.3	61.22266402
436.4	59.79125249
436.5	57.4055666
436.6	53.82703777
436.7	46.66998012
436.8	42.29224652
436.9	39.21471173
437	38.02186879
437.1	38.91650099
437.2	39.96023857
437.3	41.15308151
437.4	40.85487078
437.5	39.21471173
437.6	39.66202783
437.7	41.15308151
437.8	43.24055666
437.9	46.81908549
438	46.66998012
438.1	44.58250497
438.2	42.31610338
438.3	38.32007952
438.4	38.91650099
438.5	39.8111332
438.6	41.00397614
438.7	42.86779324
438.8	44.28429423
438.9	45.77534791
439	45.77534791
439.1	45.47713718
439.2	44.28429423
439.3	42.94234592
439.4	42.79324056
439.5	42.34592445
439.6	41.45129225
439.7	40.2584493
439.8	38.61829026
439.9	34.44333996
440	28.75912464
440.1	25.49701789
440.2	24.90059642
440.3	25.49701789
440.4	29.67196819
440.5	33.54870775
440.6	38.35735586
440.7	41.00397614
440.8	41.00397614
440.9	40.10934394
441	39.26479292
441.1	37.87276342
441.2	37.12723658
441.3	37.87276342
441.4	41.60039761
441.5	44.4333996
441.6	45.47713718
441.7	47.01079239
441.8	48.1610338
441.9	46.66998012
442	44.12429704
442.1	41.60039761
442.2	37.42544732
442.3	36.53081511
442.4	35.93439364
442.5	37.12723658
442.6	39.27104042
442.7	40.9509609
442.8	42.79324056
442.9	43.8667992
443	44.51150241
443.1	44.88071571
443.2	44.58250497
443.3	42.49502982
443.4	39.3638171
443.5	36.82902584
443.6	33.99602386
443.7	32.50497018
443.8	31.16302187
443.9	29.63469185
444	28.14892977
444.1	27.28628231
444.2	27.28628231
444.3	30.54274354
444.4	34.14512922
444.5	37.7833002
444.6	42.19681909
444.7	46.50298211
444.8	47.56461233
444.9	45.17892644
445	44.88071571
445.1	46.96819085
445.2	47.41550696
445.3	43.9860835
445.4	43.09145129
445.5	47.71371769
445.6	51.14314115
445.7	52.93240557
445.8	55.76540755
445.9	63.36978131
446	64.26441352
446.1	67.24652087
446.2	68.05168986
446.3	67.24652087
446.4	67.24652087
446.5	68.14115308
446.6	68.14115308
446.7	67.24652087
446.8	64.26441352
446.9	60.98409543
447	60.68588469
447.1	65.7554672
447.2	65.45725646
447.3	64.96520875
447.4	64.09294235
447.5	63.36978131
447.6	64.86083499
447.7	66.94831014
447.8	65.55168986
447.9	62.77335984
448	59.76640159
448.1	56.80914513
448.2	55.91451292
448.3	54.72166998
448.4	53.46918489
448.5	51.73956262
448.6	51.73956262
448.7	51.73956262
448.8	51.42431128
448.9	51.44135189
449	52.03777336
449.1	53.52882704
449.2	56.51093439
449.3	59.49304175
449.4	60.08946322
449.5	60.08946322
449.6	59.19483101
449.7	57.6083499
449.8	57.10735586
449.9	57.10735586
450	58.61497681
450.1	60.29489728
450.2	62.17693837
450.3	63.96620278
450.4	62.17693837
450.5	61.5805169
450.6	63.07157058
450.7	63.96620278
450.8	63.96620278
450.9	61.87872763
451	59.19483101
451.1	58.59840954
451.2	58.59840954
451.3	59.49304175
451.4	59.79125249
451.5	59.19483101
451.6	56.36182903
451.7	54.57256461
451.8	52.7833002
451.9	52.11565005
452	51.52302744
452.1	51.44135189
452.2	51.73956262
452.3	52.3359841
452.4	52.63419483
452.5	52.03777336
452.6	50.84493042
452.7	49.35387674
452.8	48.75745527
452.9	52.3359841
453	56.77186879
453.1	62.47514911
453.2	74.40357853
453.3	82.75347913
453.4	98.90159046
453.5	116.15308151
453.6	133.15109344
453.7	145.3777336
453.8	145.97415507
453.9	139.19880716
454	131.66003976
454.1	119.99005964
454.2	113.46918489
454.3	117.94234592
454.4	122.47514911
454.5	125.09940358
454.6	131.06361829
454.7	142.45526839
454.8	145.97415507
454.9	144.18489066
455	130.7605366
455.1	109.29423459
455.2	88.4194831
455.3	59.61232604
455.4	45.47713718
455.5	30.49204771
455.6	24.30417495
455.7	21.7693837
455.8	19.83101392
455.9	20.57654076
456	20.42743539
456.1	19.83101392
456.2	19.83101392
456.3	21.29555997
456.4	23.36315441
456.5	25.19880716
456.6	26.36182903
456.7	26.96819085
456.8	27.35586481
456.9	27.88270378
457	29.07554672
457.1	34.7415507
457.2	42.79324056
457.3	57.10735586
457.4	67.84294235
457.5	83.94632207
457.6	85.10934394
457.7	86.63021869
457.8	86.63021869
457.9	86.92842942
458	89.01590457
458.1	94.78841238
458.2	96.66287986
458.3	97.6640159
458.4	93.06305027
458.5	90.35785288
458.6	92.89264414
458.7	98.70775348
458.8	107.95228628
458.9	116.30218688
459	114.66202783
459.1	109.89065606
459.2	101.8389662
459.3	85.43737575
459.4	71.42147117
459.5	55.31809145
459.6	51.44135189
459.7	48.75745527
459.8	49.65208748
459.9	52.3359841
460	58.8667992
460.1	67.84294235
460.2	76.96819085
460.3	83.64811133
460.4	85.30815109
460.5	86.33200795
460.6	81.52087475
460.7	80.0695825
460.8	86.33200795
460.9	90.20874751
461	91.69980119
461.1	94.98011928
461.2	100.64612326
461.3	103.33001988
461.4	102.88270378
461.5	99.63966203
461.6	94.23459245
461.7	92.5944334
461.8	92.44532803
461.9	90.80516899
462	88.09145129
462.1	86.33200795
462.2	84.84095427
462.3	85.73558648
462.4	88.4194831
462.5	94.83101392
462.6	104.52286282
462.7	110.48707753
462.8	121.22266402
462.9	126.29224652
463	131.36182903
463.1	130.16898608
463.2	126.59045726
463.3	117.94234592
463.4	106.98310139
463.5	102.53479125
463.6	99.45328032
463.7	98.18588469
463.8	96.73210736
463.9	94.68190855
464	92.66898608
464.1	89.61232604
464.2	86.33200795
464.3	87.82306163
464.4	90.20874751
464.5	92.5944334
464.6	95.87475149
464.7	100.8250497
464.8	104.82107356
464.9	103.27037773
465	102.43538767
465.1	104.74652087
465.2	105.86481113
465.3	106.0139165
465.4	105.71570577
465.5	104.94887816
465.6	104.07554672
465.7	101.24254473
465.8	99.90059642
465.9	98.26043738
466	99.29096308
466.1	101.98807157
466.2	103.33001988
466.3	104.82107356
466.4	106.61033797
466.5	110.48707753
466.6	111.84393638
466.7	113.46918489
466.8	110.78528827
466.9	106.0139165
467	103.92644135
467.1	102.43538767
467.2	100.71002556
467.3	98.21783584
467.4	96.47117296
467.5	91.99801193
467.6	89.01590457
467.7	83.94632207
467.8	90.80516899
467.9	100.34791252
468	103.33001988
468.1	111.41153082
468.2	112.27634195
468.3	112.27634195
468.4	110.50944334
468.5	108.69781312
468.6	110.08151093
468.7	111.38170974
468.8	110.78528827
468.9	109.59244533
469	107.33469843
469.1	105.41749503
469.2	108.39960239
469.3	111.67992048
469.4	111.23260437
469.5	110.78528827
469.6	110.05467197
469.7	109.21968191
469.8	108.39960239
469.9	107.80318091
470	106.94310209
470.1	106.31212724
470.2	105.11928429
470.3	104.40357853
470.4	103.92644135
470.5	104.72166998
470.6	106.31212724
470.7	104.95228628
470.8	100.944334
470.9	99.45328032
471	98.85685885
471.1	98.11133201
471.2	97.36580517
471.3	97.06759443
471.4	97.2166998
471.5	99.60238569
471.6	106.61033797
471.7	109.62972167
471.8	114.3638171
471.9	113.46918489
472	106.66966786
472.1	104.82107356
472.2	100.27975007
472.3	95.81510934
472.4	89.31411531
472.5	87.07753479
472.6	86.63021869
472.7	89.01590457
472.8	93.78727634
472.9	98.14115308
473	103.43071441
473.1	105.86481113
473.2	107.6167992
473.3	109.44333996
473.4	111.23260437
473.5	111.23260437
473.6	110.33797217
473.7	109.59244533
473.8	108.45924453
473.9	107.05765408
474	105.71570577
474.1	103.62823062
474.2	101.68986083
474.3	101.3916501
474.4	100.60884692
474.5	99.15506958
474.6	98.55864811
474.7	102.88270378
474.8	107.05765408
474.9	112.5
475	114.96023857
475.1	111.46371769
475.2	107.78081511
475.3	103.33001988
475.4	99.75149105
475.5	96.7693837
475.6	94.38369781
475.7	91.40159046
475.8	88.12127237
475.9	83.64811133
476	79.35426656
476.1	70.8250497
476.2	63.07157058
476.3	58.89662028
476.4	55.01988072
476.5	59.91053678
476.6	65.15904573
476.7	72.16699801
476.8	75.48991764
476.9	77.98210736
477	78.57852883
477.1	80.0695825
477.2	81.85884692
477.3	84.54274354
477.4	87.52485089
477.5	91.40159046
477.6	93.08783662
477.7	93.9336707
477.8	94.77950479
477.9	95.57654076
478	94.68190855
478.1	92.89264414
478.2	95.57654076
478.3	100.944334
478.4	102.35188867
478.5	103.62823062
478.6	103.03180915
478.7	101.60039761
478.8	97.6640159
478.9	95.57654076
479	97.96222664
479.1	100.64612326
479.2	102.13717694
479.3	104.52286282
479.4	105.04686169
479.5	105.54529963
479.6	106.04373757
479.7	106.31212724
479.8	106.0139165
479.9	105.41749503
480	104.19483101
480.1	102.73359841
480.2	101.02385686
480.3	100.04970179
480.4	102.43538767
480.5	104.97017893
480.6	107.20675944
480.7	109.59244533
480.8	111.41153082
480.9	112.27634195
481	111.23260437
481.1	108.63817097
481.2	103.18091451
481.3	98.26043738
481.4	90.80516899
481.5	82.45526839
481.6	70.01988072
481.7	64.86083499
481.8	62.77335984
481.9	62.47514911
482	65.45725646
482.1	66.94831014
482.2	68.14115308
482.3	72.61431412
482.4	81.7693837
482.5	85.33797217
482.6	87.82306163
482.7	84.76143141
482.8	80.36779324
482.9	77.62425447
483	71.42147117
483.1	63.51888668
483.2	52.93240557
483.3	50.24850895
483.4	46.03095711
483.5	41.89860835
483.6	37.12723658
483.7	33.25049702
483.8	27.28628231
483.9	22.36580517
484	15.05964215
484.1	13.8667992
484.2	12.37574553
484.3	14.05168986
484.4	16.49403579
484.5	18.93638171
484.6	20.72564612
484.7	20.72564612
484.8	21.02385686
484.9	22.51491054
485	24.15506958
485.1	24.90059642
485.2	25.19880716
485.3	25.19880716
485.4	24.64413519
485.5	24.30417495
485.6	24.90059642
485.7	27.8111332
485.8	31.16302187
485.9	33.28031809
486	37.12723658
486.1	43.68787276
486.2	51.29224652
486.3	63.81709742
486.4	70.8250497
486.5	75.4473161
486.6	77.38568588
486.7	76.04373757
486.8	74.85089463
486.9	73.80715706
487	72.61431412
487.1	75
487.2	75.29821074
487.3	73.21073559
487.4	75.29821074
487.5	79.92047714
487.6	83.94632207
487.7	89.91053678
487.8	95.87475149
487.9	105.41749503
488	106.90854871
488.1	111.97813121
488.2	107.80318091
488.3	102.73359841
488.4	97.81312127
488.5	89.91053678
488.6	79.6222664
488.7	67.84294235
488.8	60.73558648
488.9	51.88866799
489	48.93487178
489.1	46.37176938
489.2	45.77534791
489.3	45.47713718
489.4	46.37176938
489.5	46.96819085
489.6	46.07355865
489.7	46.66998012
489.8	50.24850895
489.9	50.84493042
490	49.95029821
490.1	45.79522863
490.2	41.60039761
490.3	38.32007952
490.4	38.32007952
490.5	38.91650099
490.6	41.60039761
490.7	46.07355865
490.8	53.74751491
490.9	59.49304175
491	65.15904573
491.1	71.12326044
491.2	78.87673956
491.3	86.03379722
491.4	90.26093439
491.5	93.48906561
491.6	95.27833002
491.7	98.26043738
491.8	105.41749503
491.9	107.20675944
492	107.80318091
492.1	104.52286282
492.2	98.55864811
492.3	97.36580517
492.4	94.68190855
492.5	94.28429423
492.6	94.68190855
492.7	92.83300199
492.8	90.20874751
492.9	90.50695825
493	90.70001954
493.1	90.91514497
493.2	91.10337972
493.3	91.96073559
493.4	93.33996024
493.5	94.23459245
493.6	95.27833002
493.7	94.23459245
493.8	92.74353877
493.9	91.40159046
494	90.80516899
494.1	91.10337972
494.2	90.05964215
494.3	86.03379722
494.4	83.94632207
494.5	83.3499006
494.6	82.45526839
494.7	79.77137177
494.8	78.28031809
494.9	78.72763419
495	79.61382648
495.1	80.78416295
495.2	80.66600398
495.3	78.28031809
495.4	77.98210736
495.5	83.3499006
495.6	89.31411531
495.7	94.38369781
495.8	99.15506958
495.9	107.50497018
496	107.50497018
496.1	94.98011928
496.2	89.61232604
496.3	80.96421471
496.4	74.10536779
496.5	60.38767396
496.6	56.21272366
496.7	54.57852883
496.8	52.3359841
496.9	49.055666
497	46.66998012
497.1	42.34592445
497.2	39.06560636
497.3	36.97813121
497.4	35.6361829
497.5	34.59244533
497.6	35.33797217
497.7	38.02186879
497.8	43.24055666
497.9	53.08151093
498	63.22067594
498.1	73.95626243
498.2	81.70974155
498.3	87.07753479
498.4	88.8667992
498.5	90.53677932
498.6	92.44532803
498.7	93.48906561
498.8	85.73558648
498.9	83.94632207
499	83.94632207
499.1	85.73558648
499.2	93.19085487
499.3	98.85685885
499.4	103.62823062
499.5	106.31212724
499.6	108.05666004
499.7	109.89065606
499.8	110.83300199
499.9	111.67992048
500	113.71769384
500.1	116.43141153
500.2	119.4333996
500.3	125.99403579
500.4	125.09940358
500.5	125.74552684
500.6	128.26540755
500.7	128.67793241
500.8	121.22266402
500.9	119.37375746
501	117.34592445
501.1	116.45129225
501.2	116.66003976
501.3	117.04771372
501.4	118.38966203
501.5	118.83697813
501.6	118.5387674
501.7	118.83697813
501.8	118.5387674
501.9	116.74950298
502	114.66202783
502.1	114.3638171
502.2	114.3638171
502.3	112.61928429
502.4	110.58399602
502.5	108.10139165
502.6	104.99005964
502.7	101.24254473
502.8	97.06759443
502.9	91.10337972
503	84.84095427
503.1	82.30616302
503.2	78.87673956
503.3	75.36978131
503.4	72.61431412
503.5	74.70178926
503.6	77.32604374
503.7	80.66600398
503.8	83.64811133
503.9	82.71769384
504	81.85884692
504.1	80.96421471
504.2	80.66600398
504.3	81.42147117
504.4	81.26242545
504.5	79.07554672
504.6	77.68389662
504.7	79.1749503
504.8	81.26242545
504.9	82.45526839
505	82.75347913
505.1	81.85884692
505.2	80.66600398
505.3	79.49304175
505.4	79.47316103
505.5	80.96421471
505.6	83.05168986
505.7	87.52485089
505.8	93.78727634
505.9	102.13717694
506	105.71570577
506.1	112.20639913
506.2	114.66202783
506.3	110.93439364
506.4	110.1888668
506.5	109.59244533
506.6	106.31212724
506.7	99.45328032
506.8	97.36580517
506.9	93.19085487
507	100.02130077
507.1	105.41749503
507.2	108.69781312
507.3	112.27634195
507.4	113.17097416
507.5	112.87276342
507.6	111.08349901
507.7	108.39960239
507.8	108.39960239
507.9	108.69781312
508	107.84045726
508.1	106.31212724
508.2	106.0139165
508.3	105.71570577
508.4	105.8722664
508.5	106.0139165
508.6	106.31212724
508.7	107.80318091
508.8	109.2445328
508.9	111.87872763
509	114.06560636
509.1	117.34592445
509.2	114.55019881
509.3	110.93439364
509.4	108.69781312
509.5	106.31212724
509.6	107.50497018
509.7	108.69781312
509.8	106.05119284
509.9	102.28628231
510	99.2801257
510.1	97.36580517
510.2	99.0805169
510.3	100.04970179
510.4	96.0387674
510.5	93.9860835
510.6	95.7554672
510.7	97.81312127
510.8	99.90059642
510.9	102.13717694
511	104.52286282
511.1	107.50497018
511.2	110.1888668
511.3	114.3638171
511.4	119.4333996
511.5	123.75745527
511.6	125.09940358
511.7	127.18687873
511.8	131.06361829
511.9	133.15109344
512	133.15109344
512.1	130.76540755
512.2	125.99403579
512.3	125.09940358
512.4	123.01192843
512.5	121.7693837
512.6	119.73161034
512.7	118.5387674
512.8	117.04771372
512.9	113.17097416
513	108.39960239
513.1	108.84691849
513.2	109.59244533
513.3	106.28230616
513.4	100.64612326
513.5	93.93638171
513.6	80.0695825
513.7	75.74552684
513.8	71.12326044
513.9	70.22862823
514	69.33399602
514.1	71.60785288
514.2	75.59642147
514.3	82.07185459
514.4	90.50695825
514.5	100.34791252
514.6	113.17097416
514.7	122.86282306
514.8	134.19483101
514.9	136.72962227
515	139.41351889
515.1	141.50099404
515.2	140.72564612
515.3	137.92246521
515.4	134.64214712
515.5	127.41053678
515.6	124.20477137
515.7	121.87872763
515.8	119.13518887
515.9	114.66202783
516	113.76739563
516.1	113.17097416
516.2	111.23260437
516.3	106.61033797
516.4	102.43538767
516.5	98.55864811
516.6	96.47117296
516.7	96.17296223
516.8	97.36580517
516.9	102.73359841
517	103.62823062
517.1	105.71570577
517.2	106.0139165
517.3	105.41749503
517.4	106.0139165
517.5	106.72962227
517.6	107.42743539
517.7	108.12524851
517.8	108.82306163
517.9	109.59244533
518	110.10714299
518.1	110.48707753
518.2	109.7415507
518.3	109.29423459
518.4	110.48707753
518.5	113.46918489
518.6	113.61829026
518.7	113.76739563
518.8	117.04771372
518.9	121.66998012
519	122.41550696
519.1	121.96819085
519.2	121.52087475
519.3	122.26640159
519.4	127.7833002
519.5	133.44930417
519.6	139.11530815
519.7	144.63220676
519.8	146.86878728
519.9	143.58846918
520	135.22917612
520.1	124.23999311
520.2	112.90258449
520.3	101.8389662
520.4	99.75149105
520.5	99.45328032
520.6	119.12027833
520.7	140.1888668
520.8	150.80516899
520.9	160.70576541
521	157.00795229
521.1	155.21868787
521.2	154.92047714
521.3	152.83300199
521.4	147.13717694
521.5	145.3777336
521.6	143.58846918
521.7	145.07952286
521.8	149.37375746
521.9	151.64015905
522	155.51689861
522.1	156.41153082
522.2	155.0695825
522.3	155.21868787
522.4	159.99005964
522.5	159.69184891
522.6	155.51689861
522.7	155.0695825
522.8	157.95228628
522.9	159.84095427
523	161.33200795
523.1	162.37574553
523.2	161.92842942
523.3	160.73558648
523.4	158.3499006
523.5	160.88469185
523.6	164.61232604
523.7	161.9582505
523.8	158.3499006
523.9	151.04373757
524	NA
524.1	NA
524.2	NA
524.3	NA
524.4	NA
524.5	NA
524.6	NA
524.7	NA
524.8	NA
524.9	NA
525	NA
525.1	NA
525.2	NA
525.3	NA
525.4	NA
525.5	NA
525.6	NA
525.7	NA
525.8	NA
525.9	NA
526	NA
526.1	NA
526.2	NA
526.3	NA
526.4	NA
526.5	NA
526.6	NA
526.7	NA
526.8	NA
526.9	NA
527	NA
