DEPT	GR
400	83.08383234
400.1	85.71856287
400.2	88.88793841
400.3	89.97005988
400.4	84.28143713
400.5	80.98802395
400.6	79.79041916
400.7	79.79041916
400.8	80.98802395
400.9	82.48502994
401	83.98203593
401.1	86.9760479
401.2	91.16766467
401.3	96.25748503
401.4	102.24550898
401.5	106.73652695
401.6	106.58682635
401.7	104.64071856
401.8	101.49700599
401.9	99.8502994
402	98.05389222
402.1	92.06586826
402.2	86.52694611
402.3	86.07784431
402.4	87.4251497
402.5	88.17365269
402.6	86.22754491
402.7	82.93413174
402.8	80.08982036
402.9	78.44311377
403	77.99401198
403.1	77.69461078
403.2	78.59281437
403.3	81.58682635
403.4	84.28143713
403.5	85.62874251
403.6	87.5748503
403.7	89.52095808
403.8	89.67065868
403.9	88.92215569
404	87.8742515
404.1	91.61676647
404.2	95.20958084
404.3	98.05389222
404.4	100.1497006
404.5	98.65269461
404.6	94.91017964
404.7	90.71856287
404.8	87.1257485
404.9	86.22754491
405	86.52694611
405.1	89.37125749
405.2	92.06586826
405.3	94.16167665
405.4	96.70658683
405.5	98.50299401
405.6	98.50299401
405.7	96.55688623
405.8	90.56886228
405.9	84.43113772
406	80.68862275
406.1	78.29341317
406.2	78.89221557
406.3	81.58682635
406.4	85.17964072
406.5	87.2754491
406.6	87.5748503
406.7	86.37724551
406.8	85.47904192
406.9	86.07784431
407	89.07185629
407.1	91.76646707
407.2	93.71257485
407.3	94.16167665
407.4	94.61077844
407.5	97.00598802
407.6	98.35329341
407.7	97.60479042
407.8	95.95808383
407.9	93.11377246
408	90.86826347
408.1	90.26946108
408.2	89.67065868
408.3	92.96407186
408.4	97.75449102
408.5	100.1497006
408.6	103.14371257
408.7	105.83832335
408.8	106.73652695
408.9	105.53892216
409	104.94011976
409.1	101.64670659
409.2	100.74850299
409.3	101.49700599
409.4	102.24550898
409.5	101.04790419
409.6	98.20359281
409.7	95.80838323
409.8	95.35928144
409.9	95.80838323
410	98.50299401
410.1	100.2994012
410.2	100.4491018
410.3	99.8502994
410.4	98.80239521
410.5	97.45508982
410.6	97.75449102
410.7	98.20359281
410.8	100.89820359
410.9	103.14371257
411	100.1497006
411.1	101.34730539
411.2	97.75449102
411.3	95.35928144
411.4	94.76047904
411.5	95.95808383
411.6	97.75449102
411.7	99.8502994
411.8	99.25149701
411.9	96.25748503
412	94.61077844
412.1	95.20958084
412.2	96.40718563
412.3	97.15568862
412.4	96.70658683
412.5	96.85628743
412.6	97.60479042
412.7	100.4491018
412.8	103.44311377
412.9	104.64071856
413	105.08982036
413.1	104.19161677
413.2	100.74850299
413.3	98.95209581
413.4	98.95209581
413.5	99.25149701
413.6	99.5508982
413.7	98.50299401
413.8	96.70658683
413.9	95.95808383
414	95.95808383
414.1	97.15568862
414.2	98.50299401
414.3	99.10179641
414.4	99.8502994
414.5	100.5988024
414.6	101.49700599
414.7	100.2994012
414.8	98.65269461
414.9	97.30538922
415	97.15568862
415.1	97.15568862
415.2	97.15568862
415.3	95.50898204
415.4	91.91616766
415.5	90.71856287
415.6	91.31736527
415.7	93.11377246
415.8	96.85628743
415.9	98.80239521
416	101.04790419
416.1	103.14371257
416.2	105.23952096
416.3	106.43712575
416.4	108.53293413
416.5	108.53293413
416.6	106.73652695
416.7	107.63473054
416.8	110.02994012
416.9	112.1257485
417	113.62275449
417.1	113.32335329
417.2	111.22754491
417.3	110.32934132
417.4	110.02994012
417.5	110.17964072
417.6	111.07784431
417.7	112.8742515
417.8	114.37125749
417.9	115.11976048
418	115.11976048
418.1	112.4251497
418.2	111.52694611
418.3	111.22754491
418.4	111.52694611
418.5	112.7245509
418.6	113.62275449
418.7	111.82634731
418.8	110.92814371
418.9	113.0239521
419	115.11976048
419.1	116.61676647
419.2	115.41916168
419.3	113.62275449
419.4	112.1257485
419.5	112.1257485
419.6	111.82634731
419.7	111.82634731
419.8	112.1257485
419.9	112.4251497
420	112.27355416
420.1	111.82634731
420.2	111.52694611
420.3	111.82634731
420.4	112.1257485
420.5	111.82634731
420.6	111.22754491
420.7	111.07784431
420.8	111.37724551
420.9	109.88023952
421	109.73053892
421.1	109.73053892
421.2	109.58083832
421.3	110.02994012
421.4	109.43113772
421.5	108.98203593
421.6	106.58682635
421.7	103.44311377
421.8	102.99401198
421.9	104.49101796
422	105.53892216
422.1	106.73652695
422.2	107.93413174
422.3	108.23353293
422.4	107.63473054
422.5	108.08383234
422.6	109.13173653
422.7	109.43113772
422.8	108.38323353
422.9	106.73652695
423	105.38922156
423.1	102.84431138
423.2	103.44311377
423.3	105.68862275
423.4	108.53293413
423.5	109.73053892
423.6	108.98203593
423.7	107.33532934
423.8	106.73652695
423.9	107.33532934
424	107.70601654
424.1	109.13173653
424.2	111.82634731
424.3	112.1257485
424.4	110.02994012
424.5	108.23353293
424.6	107.03592814
424.7	106.43712575
424.8	106.13772455
424.9	105.16785327
425	104.7020133
425.1	100.1497006
425.2	99.5508982
425.3	101.09780439
425.4	102.99401198
425.5	104.79041916
425.6	105.83832335
425.7	107.03592814
425.8	107.33532934
425.9	108.83233533
426	109.89175495
426.1	109.43113772
426.2	105.83832335
426.3	104.04191617
426.4	101.94610778
426.5	98.95209581
426.6	96.55688623
426.7	96.40718563
426.8	100.4491018
426.9	103.74251497
427	105.08982036
427.1	106.28742515
427.2	106.58682635
427.3	107.48502994
427.4	107.33532934
427.5	107.63473054
427.6	107.33532934
427.7	107.63473054
427.8	110.32934132
427.9	111.22754491
428	111.22754491
428.1	111.22754491
428.2	112.2754491
428.3	111.52694611
428.4	109.58083832
428.5	108.38323353
428.6	107.18562874
428.7	105.83832335
428.8	105.23952096
428.9	105.53892216
429	107.63473054
429.1	110.02994012
429.2	111.82634731
429.3	111.52694611
429.4	111.22754491
429.5	111.52694611
429.6	111.22754491
429.7	110.62874251
429.8	110.02994012
429.9	111.82634731
430	115.62643943
430.1	119.16167665
430.2	119.76047904
430.3	117.36526946
430.4	114.52095808
430.5	112.8742515
430.6	109.73053892
430.7	105.23952096
430.8	103.44311377
430.9	105.83832335
431	110.02994012
431.1	113.92215569
431.2	115.41916168
431.3	115.26946108
431.4	114.82035928
431.5	115.11976048
431.6	113.62275449
431.7	110.77844311
431.8	108.68263473
431.9	107.93413174
432	108.23353293
432.1	107.18562874
432.2	105.53892216
432.3	104.94011976
432.4	105.08982036
432.5	107.78443114
432.6	108.38323353
432.7	107.63473054
432.8	107.78443114
432.9	108.53293413
433	109.88023952
433.1	112.7245509
433.2	112.7245509
433.3	112.4251497
433.4	112.8742515
433.5	112.7245509
433.6	112.4251497
433.7	112.5748503
433.8	112.2754491
433.9	111.82634731
434	112.4251497
434.1	113.0239521
434.2	113.62275449
434.3	116.61676647
434.4	121.10778443
434.5	127.09580838
434.6	129.79041916
434.7	131.28742515
434.8	130.68862275
434.9	127.99401198
435	124.21170318
435.1	120.65868263
435.2	118.26347305
435.3	115.11976048
435.4	113.32335329
435.5	111.9760479
435.6	111.07784431
435.7	110.62874251
435.8	111.07784431
435.9	112.2754491
436	114.07185629
436.1	117.21556886
436.2	122.00598802
436.3	125.89820359
436.4	122.15568862
436.5	118.56287425
436.6	114.07185629
436.7	112.4251497
436.8	112.1257485
436.9	112.4251497
437	114.82035928
437.1	117.96407186
437.2	120.05988024
437.3	119.61077844
437.4	119.01197605
437.5	120.20958084
437.6	123.20359281
437.7	124.10179641
437.8	122.75449102
437.9	118.41317365
438	113.32335329
438.1	112.7245509
438.2	113.13622754
438.3	112.83682635
438.4	112.2754491
438.5	110.77844311
438.6	109.73053892
438.7	110.62874251
438.8	112.5748503
438.9	112.8742515
439	111.08352914
439.1	108.23353293
439.2	104.34131737
439.3	103.44311377
439.4	105.53892216
439.5	107.33532934
439.6	109.13173653
439.7	110.92814371
439.8	111.82634731
439.9	112.7245509
440	112.9098945
440.1	113.0239521
440.2	114.07185629
440.3	115.56886228
440.4	119.01197605
440.5	120.65868263
440.6	120.80838323
440.7	121.40718563
440.8	120.20958084
440.9	119.46107784
441	119.01197605
441.1	119.01197605
441.2	118.56287425
441.3	116.91616766
441.4	116.61676647
441.5	117.36526946
441.6	117.36526946
441.7	116.91616766
441.8	114.97005988
441.9	112.1257485
442	110.62874251
442.1	110.17964072
442.2	109.43113772
442.3	111.22754491
442.4	114.07185629
442.5	116.61676647
442.6	118.56287425
442.7	118.71257485
442.8	120.80838323
442.9	126.04790419
443	128.14371257
443.1	126.04790419
443.2	123.50299401
443.3	120.95808383
443.4	117.96407186
443.5	113.77245509
443.6	111.37724551
443.7	110.47904192
443.8	109.43113772
443.9	111.22754491
444	114.22155689
444.1	116.61676647
444.2	117.81437126
444.3	117.21556886
444.4	116.91616766
444.5	115.86826347
444.6	113.92215569
444.7	113.62275449
444.8	114.22155689
444.9	115.71856287
445	118.86275373
445.1	122.30538922
445.2	122.30538922
445.3	120.50898204
445.4	119.31137725
445.5	117.21556886
445.6	114.22155689
445.7	113.62275449
445.8	113.32335329
445.9	112.7245509
446	114.65402528
446.1	118.26347305
446.2	118.71257485
446.3	118.11377246
446.4	116.46706587
446.5	113.62275449
446.6	112.4251497
446.7	112.4251497
446.8	112.4251497
446.9	112.7245509
447	114.14670659
447.1	115.86826347
447.2	117.36526946
447.3	118.71257485
447.4	118.56287425
447.5	116.91616766
447.6	115.41916168
447.7	115.26946108
447.8	114.07185629
447.9	113.47305389
448	112.7245509
448.1	112.7245509
448.2	111.52694611
448.3	109.73053892
448.4	110.62874251
448.5	113.92215569
448.6	118.41317365
448.7	120.50898204
448.8	121.70658683
448.9	122.30538922
449	120.80838323
449.1	118.86227545
449.2	118.71257485
449.3	118.56287425
449.4	118.11377246
449.5	117.66467066
449.6	116.16766467
449.7	115.26946108
449.8	117.36526946
449.9	120.50898204
450	120.40995289
450.1	119.91017964
450.2	118.11377246
450.3	117.51497006
450.4	117.51497006
450.5	117.21556886
450.6	116.91616766
450.7	116.91616766
450.8	116.01796407
450.9	114.82035928
451	113.0239521
451.1	112.4251497
451.2	111.52694611
451.3	110.32934132
451.4	109.73053892
451.5	109.43113772
451.6	109.73053892
451.7	110.92814371
451.8	116.01796407
451.9	123.20359281
452	127.39520958
452.1	130.83832335
452.2	132.63473054
452.3	132.63473054
452.4	130.38922156
452.5	128.74251497
452.6	127.84431138
452.7	127.69461078
452.8	127.54491018
452.9	126.64670659
453	125.5988024
453.1	124.25149701
453.2	120.80838323
453.3	120.05988024
453.4	120.05988024
453.5	120.50898204
453.6	118.41317365
453.7	117.51497006
453.8	117.36526946
453.9	117.21556886
454	118.26347305
454.1	119.31137725
454.2	120.20958084
454.3	120.50898204
454.4	120.50898204
454.5	120.50898204
454.6	119.46107784
454.7	118.56287425
454.8	119.91017964
454.9	121.55688623
455	121.55688623
455.1	120.95808383
455.2	118.71257485
455.3	119.46107784
455.4	121.70658683
455.5	127.24550898
455.6	130.08982036
455.7	131.28742515
455.8	131.73652695
455.9	131.88622754
456	129.04191617
456.1	124.25149701
456.2	123.80239521
456.3	125.4491018
456.4	127.39520958
456.5	129.64071856
456.6	132.33532934
456.7	131.88622754
456.8	127.39520958
456.9	122.30538922
457	119.91017964
457.1	121.10778443
457.2	124.10179641
457.3	125.2994012
457.4	127.99401198
457.5	133.98203593
457.6	140.86826347
457.7	148.65269461
457.8	154.34131737
457.9	149.49338307
458	142.78507617
458.1	135.77844311
458.2	118.26347305
458.3	102.69461078
458.4	87.1257485
458.5	63.88473054
458.6	44.08682635
458.7	30.98802395
458.8	23.35329341
458.9	22.15568862
459	21.40718563
459.1	20.80838323
459.2	20.80838323
459.3	19.41117764
459.4	17.81437126
459.5	16.17554365
459.6	15.62243933
459.7	15.06933501
459.8	14.5162307
459.9	13.96312638
460	13.50869689
460.1	13.62275449
460.2	14.37125749
460.3	14.82035928
460.4	14.82035928
460.5	14.52095808
460.6	13.17365269
460.7	10.92814371
460.8	9.58083832
460.9	8.83233533
461	8.68263473
461.1	8.83233533
461.2	8.38323353
461.3	7.78443114
461.4	7.33532934
461.5	7.03592814
461.6	7.33532934
461.7	7.03592814
461.8	7.03592814
461.9	6.73652695
462	7.03592814
462.1	7.63473054
462.2	8.23353293
462.3	8.53293413
462.4	8.83233533
462.5	9.13173653
462.6	9.13173653
462.7	8.53293413
462.8	7.93413174
462.9	7.63473054
463	7.63473054
463.1	7.33532934
463.2	7.63473054
463.3	7.63473054
463.4	7.93413174
463.5	8.38323353
463.6	8.83233533
463.7	8.83233533
463.8	8.53293413
463.9	8.08383234
464	7.63473054
464.1	7.33532934
464.2	7.93413174
464.3	7.93413174
464.4	7.33532934
464.5	6.73652695
464.6	6.73652695
464.7	7.03592814
464.8	6.73652695
464.9	6.73652695
465	6.88812249
465.1	7.03592814
465.2	6.73652695
465.3	6.28742515
465.4	5.68862275
465.5	5.23952096
465.6	5.23952096
465.7	5.23952096
465.8	5.23952096
465.9	5.53892216
466	6.58682635
466.1	7.03592814
466.2	7.03592814
466.3	7.03592814
466.4	6.73652695
466.5	6.73652695
466.6	6.73652695
466.7	6.43712575
466.8	5.83832335
466.9	6.13772455
467	6.73652695
467.1	7.33532934
467.2	7.93413174
467.3	7.33532934
467.4	6.73652695
467.5	6.43712575
467.6	6.13772455
467.7	6.73652695
467.8	6.73652695
467.9	6.73652695
468	7.48502994
468.1	8.98203593
468.2	9.43113772
468.3	9.88023952
468.4	9.88023952
468.5	9.73053892
468.6	9.43113772
468.7	8.68263473
468.8	8.08383234
468.9	8.08383234
469	7.33532934
469.1	7.03592814
469.2	7.33532934
469.3	7.63473054
469.4	7.33532934
469.5	7.03592814
469.6	6.73652695
469.7	6.43712575
469.8	6.43712575
469.9	6.43712575
470	5.98233912
470.1	5.53892216
470.2	5.53892216
470.3	5.23952096
470.4	5.23952096
470.5	5.23952096
470.6	5.23952096
470.7	5.34315983
470.8	5.43528328
470.9	5.52740673
471	5.61953017
471.1	5.71165362
471.2	5.80377706
471.3	6.13772455
471.4	6.13772455
471.5	6.43712575
471.6	6.73652695
471.7	7.03592814
471.8	6.88622754
471.9	6.43712575
472	6.73652695
472.1	7.03592814
472.2	7.33532934
472.3	7.03592814
472.4	6.73652695
472.5	6.73652695
472.6	7.03592814
472.7	7.03592814
472.8	7.03592814
472.9	7.03592814
473	6.13772455
473.1	5.83832335
473.2	5.83832335
473.3	5.83832335
473.4	5.83832335
473.5	5.53892216
473.6	5.53892216
473.7	5.83832335
473.8	6.13772455
473.9	6.43712575
474	7.03592814
474.1	7.33532934
474.2	7.33532934
474.3	7.03592814
474.4	6.73652695
474.5	6.43712575
474.6	5.83832335
474.7	5.23952096
474.8	5.23952096
474.9	5.23952096
475	5.23952096
475.1	5.23952096
475.2	4.94011976
475.3	4.64071856
475.4	4.34131737
475.5	4.94011976
475.6	5.68862275
475.7	6.58682635
475.8	6.73652695
475.9	6.73652695
476	7.03592814
476.1	7.03592814
476.2	7.33532934
476.3	7.63473054
476.4	7.93413174
476.5	8.23353293
476.6	8.83233533
476.7	9.13173653
476.8	9.43113772
476.9	9.13173653
477	9.13173653
477.1	9.13173653
477.2	9.13173653
477.3	8.98203593
477.4	8.83233533
477.5	8.83233533
477.6	8.83233533
477.7	8.98203593
477.8	9.58083832
477.9	10.17964072
478	10.02994012
478.1	10.02994012
478.2	10.02994012
478.3	10.17964072
478.4	10.62874251
478.5	11.22754491
478.6	11.52694611
478.7	11.22754491
478.8	10.77844311
478.9	10.62874251
479	10.17964072
479.1	9.43113772
479.2	9.13173653
479.3	9.43113772
479.4	10.02994012
479.5	10.02994012
479.6	9.73053892
479.7	9.73053892
479.8	10.32934132
479.9	10.92814371
480	10.43984586
480.1	10.02994012
480.2	10.32934132
480.3	10.62874251
480.4	10.92814371
480.5	11.22754491
480.6	11.52694611
480.7	11.37724551
480.8	11.52694611
480.9	11.82634731
481	11.52694611
481.1	10.92814371
481.2	10.62874251
481.3	10.92814371
481.4	10.92814371
481.5	10.92814371
481.6	11.22754491
481.7	11.52694611
481.8	11.82634731
481.9	12.1257485
482	12.1257485
482.1	11.9760479
482.2	11.37724551
482.3	9.73053892
482.4	8.08383234
482.5	6.88622754
482.6	6.43712575
482.7	7.18562874
482.8	8.08383234
482.9	8.53293413
483	8.53293413
483.1	8.23353293
483.2	8.23353293
483.3	8.23353293
483.4	8.23353293
483.5	8.23353293
483.6	8.23353293
483.7	7.93413174
483.8	7.78443114
483.9	7.11077844
484	6.43712575
484.1	6.43712575
484.2	6.73652695
484.3	7.33532934
484.4	7.33532934
484.5	7.63473054
484.6	7.63473054
484.7	7.03592814
484.8	7.63473054
484.9	7.93413174
485	7.93413174
485.1	7.93413174
485.2	7.93413174
485.3	7.93413174
485.4	7.63473054
485.5	7.33532934
485.6	7.33532934
485.7	7.63473054
485.8	7.63473054
485.9	7.63473054
486	7.33532934
486.1	7.63473054
486.2	8.08383234
486.3	8.53293413
486.4	8.53293413
486.5	8.53293413
486.6	9.13173653
486.7	9.88023952
486.8	11.07784431
486.9	11.52694611
487	11.52694611
487.1	11.07784431
487.2	10.47904192
487.3	10.32934132
487.4	10.62874251
487.5	10.32934132
487.6	9.88023952
487.7	9.48103792
487.8	9.13173653
487.9	9.73053892
488	10.17964072
488.1	10.32934132
488.2	10.82335329
488.3	11.52694611
488.4	11.82634731
488.5	12.1257485
488.6	12.1257485
488.7	11.82634731
488.8	11.82634731
488.9	11.82634731
489	10.92814371
489.1	11.22754491
489.2	11.82634731
489.3	12.5748503
489.4	13.32335329
489.5	14.28571429
489.6	14.82035928
489.7	14.13601369
489.8	13.1094953
489.9	12.7245509
490	12.5748503
490.1	12.4251497
490.2	11.9760479
490.3	10.92814371
490.4	10.92814371
490.5	11.67664671
490.6	12.5748503
490.7	13.92215569
490.8	14.67065868
490.9	14.67065868
491	13.92215569
491.1	13.62275449
491.2	13.62275449
491.3	14.07185629
491.4	14.82035928
491.5	15.11976048
491.6	14.97005988
491.7	15.11976048
491.8	14.82035928
491.9	13.92215569
492	12.8742515
492.1	11.9760479
492.2	10.77844311
492.3	9.58083832
492.4	8.83233533
492.5	9.28143713
492.6	10.17964072
492.7	11.07784431
492.8	12.2754491
492.9	13.0239521
493	13.62275449
493.1	13.32335329
493.2	13.62275449
493.3	14.52095808
493.4	15.11976048
493.5	15.71856287
493.6	16.01796407
493.7	14.82035928
493.8	13.0239521
493.9	11.52694611
494	10.62874251
494.1	11.37724551
494.2	13.47305389
494.3	15.71856287
494.4	19.55320129
494.5	22.96176877
494.6	26.79640719
494.7	29.49101796
494.8	30.53892216
494.9	29.34131737
495	28.54598859
495.1	27.80812782
495.2	27.69461078
495.3	27.99401198
495.4	27.39520958
495.5	27.09580838
495.6	27.99401198
495.7	29.49101796
495.8	30.68862275
495.9	31.28742515
496	30.98802395
496.1	30.08982036
496.2	29.19161677
496.3	28.29341317
496.4	27.99401198
496.5	29.19161677
496.6	33.98203593
496.7	41.16766467
496.8	49.25149701
496.9	54.04191617
497	55.24710074
497.1	55.83832335
497.2	55.23952096
497.3	56.28742515
497.4	56.73652695
497.5	57.33532934
497.6	58.08383234
497.7	60.17964072
497.8	62.8742515
497.9	63.32335329
498	62.56930583
498.1	60.02994012
498.2	53.74251497
498.3	48.05389222
498.4	45.35928144
498.5	45.05988024
498.6	44.16167665
498.7	42.36526946
498.8	38.17365269
498.9	33.98203593
499	31.28742515
499.1	32.93413174
499.2	35.62874251
499.3	37.8742515
499.4	40.56886228
499.5	42.81437126
499.6	45.65868263
499.7	50.74850299
499.8	56.13772455
499.9	59.05688623
500	60.92814371
500.1	61.22754491
500.2	60.35429142
500.3	59.58083832
500.4	57.93413174
500.5	58.38323353
500.6	58.83233533
500.7	58.68263473
500.8	57.48502994
500.9	57.78443114
501	58.98203593
501.1	60.32934132
501.2	63.0239521
501.3	65.71856287
501.4	67.21556886
501.5	66.91616766
501.6	64.82035928
501.7	61.10778443
501.8	57.93413174
501.9	57.93413174
502	62.15227772
502.1	68.86227545
502.2	75.89820359
502.3	80.53892216
502.4	79.19161677
502.5	75.4491018
502.6	72.90419162
502.7	72.00598802
502.8	72.00598802
502.9	72.75449102
503	74.4011976
503.1	75.5988024
503.2	75.5988024
503.3	75
503.4	75.5988024
503.5	75.5988024
503.6	75.5988024
503.7	77.09580838
503.8	79.19161677
503.9	78.89221557
504	74.95831123
504.1	71.40718563
504.2	69.46107784
504.3	69.31137725
504.4	69.76047904
504.5	70.50898204
504.6	72.00598802
504.7	74.10179641
504.8	75.5988024
504.9	77.39520958
505	81.25748503
505.1	83.38323353
505.2	82.93413174
505.3	78.89221557
505.4	74.25149701
505.5	66.16766467
505.6	59.73053892
505.7	58.23353293
505.8	58.98203593
505.9	61.22754491
506	62.2754491
506.1	60.47904192
506.2	57.93413174
506.3	54.94011976
506.4	54.34131737
506.5	55.83832335
506.6	56.58682635
506.7	57.63473054
506.8	57.48502994
506.9	55.68862275
507	52.39520958
507.1	49.4011976
507.2	45.35928144
507.3	40.56886228
507.4	35.47904192
507.5	32.33532934
507.6	27.69461078
507.7	23.20359281
507.8	21.55688623
507.9	21.40718563
508	21.89883391
508.1	22.60479042
508.2	23.20359281
508.3	23.50299401
508.4	22.60479042
508.5	22.00598802
508.6	24.10179641
508.7	28.89221557
508.8	33.68263473
508.9	41.40718563
509	52.94132988
509.1	69.54088339
509.2	86.1404369
509.3	102.47005988
509.4	116.61676647
509.5	129.04191617
509.6	129.19161677
509.7	123.20359281
509.8	115.71856287
509.9	106.43712575
510	92.93080506
510.1	75.63206919
510.2	60.45765612
510.3	48.82378101
510.4	39.67065868
510.5	33.53293413
510.6	28.89221557
510.7	25.2994012
510.8	23.80239521
510.9	23.80239521
511	24.8502994
511.1	27.69461078
511.2	30.68862275
511.3	34.88023952
511.4	38.0239521
511.5	41.16766467
511.6	45.05988024
511.7	50.5988024
511.8	58.98203593
511.9	68.41317365
512	79.49101796
512.1	90.79341317
512.2	99.25149701
512.3	101.64670659
512.4	91.76646707
512.5	84.88023952
512.6	82.63473054
512.7	85.47904192
512.8	87.8742515
512.9	86.9760479
513	78.29341317
513.1	68.83233533
513.2	64.47740882
513.3	66.88350572
513.4	70.49265106
513.5	74.10179641
513.6	75.5988024
513.7	79.49101796
513.8	80.68862275
513.9	74.10179641
514	63.51047904
514.1	52.24550898
514.2	42.66467066
514.3	35.77844311
514.4	31.88622754
514.5	30.38922156
514.6	28.89221557
514.7	27.99401198
514.8	27.69461078
514.9	27.99401198
515	28.386409
515.1	27.99401198
515.2	25.2994012
515.3	21.70658683
515.4	20.77245509
515.5	20.80838323
515.6	21.70658683
515.7	23.80239521
515.8	25.89820359
515.9	27.69461078
516	28.29341317
516.1	26.49700599
516.2	23.20359281
516.3	17.51497006
516.4	17.96407186
516.5	18.86227545
516.6	18.56287425
516.7	18.11377246
516.8	18.26347305
516.9	19.16167665
517	20.20958084
517.1	21.80638723
517.2	23.35329341
517.3	22.90419162
517.4	21.55688623
517.5	17.88922156
517.6	16.01796407
517.7	16.31736527
517.8	16.31736527
517.9	16.31736527
518	16.91616766
518.1	19.76047904
518.2	22.08083832
518.3	24.4011976
518.4	29.01197605
518.5	32.48502994
518.6	35.77844311
518.7	37.5748503
518.8	38.47305389
518.9	39.37125749
519	39.67065868
519.1	40.26946108
519.2	42.96407186
519.3	45.95808383
519.4	48.95209581
519.5	49.5508982
519.6	48.95209581
519.7	48.05389222
519.8	48.05389222
519.9	48.05389222
520	46.25748503
520.1	45.95808383
520.2	45.35928144
520.3	44.31137725
520.4	42.81437126
520.5	41.61676647
520.6	41.46706587
520.7	41.01796407
520.8	39.82035928
520.9	38.77245509
521	36.67664671
521.1	35.17964072
521.2	33.38323353
521.3	32.78443114
521.4	31.88622754
521.5	29.19161677
521.6	27.39520958
521.7	26.79640719
521.8	27.69461078
521.9	28.89221557
522	29.79041916
522.1	30.08982036
522.2	30.98802395
522.3	33.68263473
522.4	34.88023952
522.5	31.28742515
522.6	28.29341317
522.7	27.39520958
522.8	27.39520958
522.9	27.69461078
523	27.99401198
523.1	29.64071856
523.2	32.78443114
523.3	35.32934132
523.4	35.77844311
523.5	35.32934132
523.6	33.68263473
523.7	32.33532934
523.8	33.38323353
523.9	35.62874251
524	41.01313502
524.1	45.05988024
524.2	50.1497006
524.3	51.34730539
524.4	47.75449102
524.5	41.61676647
524.6	36.37724551
524.7	33.08383234
524.8	35.47904192
524.9	38.77245509
525	40.33899942
525.1	42.26505698
525.2	44.16167665
525.3	45.05988024
525.4	44.46107784
525.5	41.76646707
525.6	40.56886228
525.7	39.67065868
525.8	38.77245509
525.9	37.5748503
526	36.67664671
526.1	36.67664671
526.2	37.2754491
526.3	38.47305389
526.4	39.37125749
526.5	39.97005988
526.6	40.26946108
526.7	41.16766467
526.8	42.06586826
526.9	43.86227545
527	44.76047904
527.1	43.56287425
527.2	42.66467066
527.3	42.66467066
527.4	43.86227545
527.5	44.46107784
527.6	44.16167665
527.7	42.36526946
527.8	42.66467066
527.9	42.66467066
528	41.76646707
528.1	41.46706587
528.2	42.36526946
528.3	42.06586826
528.4	41.16766467
528.5	41.16766467
528.6	41.46706587
528.7	41.46706587
528.8	41.76646707
528.9	41.76646707
529	42.06586826
529.1	41.16766467
529.2	41.01796407
529.3	41.91616766
529.4	42.36526946
529.5	42.06586826
529.6	42.51497006
529.7	43.41317365
529.8	43.86227545
529.9	42.36526946
530	40.64371257
530.1	39.07185629
530.2	39.67065868
530.3	41.31736527
530.4	42.96407186
530.5	43.86227545
530.6	43.41317365
530.7	42.51497006
530.8	40.86826347
530.9	39.07185629
531	39.07185629
531.1	39.67065868
531.2	39.67065868
531.3	39.67065868
531.4	38.92215569
531.5	38.47305389
531.6	39.37125749
531.7	41.61676647
531.8	43.11377246
531.9	43.56287425
532	43.56287425
532.1	44.16167665
532.2	44.91017964
532.3	45.95808383
532.4	48.50299401
532.5	49.25149701
532.6	49.25149701
532.7	49.5508982
532.8	49.5508982
532.9	49.10179641
533	48.46556886
533.1	48.05389222
533.2	47.75449102
533.3	47.15568862
533.4	47.30538922
533.5	48.20359281
533.6	49.4011976
533.7	50.2994012
533.8	50.74850299
533.9	50.5988024
534	49.22298261
534.1	48.05389222
534.2	48.05389222
534.3	48.95209581
534.4	50.1497006
534.5	50.74850299
534.6	51.34730539
534.7	51.64670659
534.8	51.94610778
534.9	53.14371257
535	53.74251497
535.1	53.44311377
535.2	52.84431138
535.3	51.94610778
535.4	50.4491018
535.5	48.65269461
535.6	48.35329341
535.7	50.1497006
535.8	53.14371257
535.9	56.13772455
536	58.00192069
536.1	58.23353293
536.2	58.23353293
536.3	57.33532934
536.4	56.73652695
536.5	56.13772455
536.6	55.83832335
536.7	56.43712575
536.8	56.73652695
536.9	56.43712575
537	56.43712575
537.1	55.38922156
537.2	53.14371257
537.3	50.74850299
537.4	49.5508982
537.5	49.7005988
537.6	50.89820359
537.7	51.04790419
537.8	50
537.9	49.5508982
538	49.4011976
538.1	49.5508982
538.2	50.4491018
538.3	51.19760479
538.4	51.64670659
538.5	50.89820359
538.6	49.25149701
538.7	47.75449102
538.8	45.80838323
538.9	45.65868263
539	47.34281437
539.1	50.74850299
539.2	53.44311377
539.3	55.38922156
539.4	55.08982036
539.5	52.84431138
539.6	50.2994012
539.7	49.5508982
539.8	50
539.9	51.64670659
540	53.89221557
540.1	55.23952096
540.2	54.79041916
540.3	53.89221557
540.4	52.84431138
540.5	52.69461078
540.6	53.14371257
540.7	53.14371257
540.8	52.99401198
540.9	50.74850299
541	47.45508982
541.1	46.85628743
541.2	47.75449102
541.3	49.10179641
541.4	50
541.5	50.89820359
541.6	51.64670659
541.7	52.09580838
541.8	54.94011976
541.9	60.62874251
542	67.14243269
542.1	72.30538922
542.2	75.5988024
542.3	78.29341317
542.4	80.38922156
542.5	79.49101796
542.6	75.89820359
542.7	74.10179641
542.8	70.50898204
542.9	66.61676647
543	62.84961722
543.1	59.28143713
543.2	58.98203593
543.3	60.17964072
543.4	63.0239521
543.5	67.96407186
543.6	72.90419162
543.7	75.5988024
543.8	75
543.9	71.10778443
544	68.71257485
544.1	67.06586826
544.2	65.56886228
544.3	64.67065868
544.4	61.37724551
544.5	56.58682635
544.6	51.94610778
544.7	47.75449102
544.8	44.16167665
544.9	38.17365269
545	31.99315654
545.1	26.79640719
545.2	25.89820359
545.3	26.04790419
545.4	25.4491018
545.5	24.25149701
545.6	22.75449102
545.7	21.40718563
545.8	21.40718563
545.9	22.30538922
546	25.2245509
546.1	28.14371257
546.2	29.94011976
546.3	31.88622754
546.4	33.08383234
546.5	31.73652695
546.6	29.94011976
546.7	27.24550898
546.8	24.10179641
546.9	21.85628743
547	20.42343884
547.1	19.39692044
547.2	18.86227545
547.3	19.01197605
547.4	19.31137725
547.5	19.16167665
547.6	18.26347305
547.7	16.91616766
547.8	17.75449102
547.9	19.01197605
548	18.6002994
548.1	18.41317365
548.2	16.61676647
548.3	15.71856287
548.4	15.26946108
548.5	16.29241517
548.6	17.66467066
548.7	18.71257485
548.8	18.71257485
548.9	18.32023952
549	17.81437126
549.1	18.41317365
549.2	18.99059025
549.3	19.82463644
549.4	20.50898204
549.5	20.80838323
549.6	21.10778443
549.7	23.08383234
549.8	25.5988024
549.9	26.19760479
550	25.55438994
550.1	23.88203133
550.2	22.20967273
550.3	20.53731412
550.4	19.91017964
550.5	19.91017964
550.6	19.7468699
550.7	19.31137725
550.8	18.87588459
550.9	18.41317365
551	19.01197605
551.1	20.86826347
551.2	22.26623676
551.3	22.17181023
551.4	22.07738369
551.5	22.00598802
551.6	21.33532934
551.7	20.84431138
551.8	20.50898204
551.9	20.15795132
552	19.55827385
552.1	18.95859638
552.2	18.71257485
552.3	18.41317365
552.4	18.11377246
552.5	18.71257485
552.6	19.01197605
552.7	19.01197605
552.8	18.71257485
552.9	18.71257485
553	20.15910707
553.1	23.14164774
553.2	26.49700599
553.3	28.74251497
553.4	31.73652695
553.5	36.07784431
553.6	39.52095808
553.7	41.91616766
553.8	42.36526946
553.9	42.21556886
554	41.46706587
554.1	40.86826347
554.2	40.56886228
554.3	38.47305389
554.4	36.37724551
554.5	35.77844311
554.6	36.9760479
554.7	40.56886228
554.8	45.05988024
554.9	53.74251497
555	62.23186538
555.1	71.25748503
555.2	76.04790419
555.3	77.09580838
555.4	75.2994012
555.5	69.46107784
555.6	60.17964072
555.7	51.49700599
555.8	48.20359281
555.9	48.05389222
556	54.79041916
556.1	58.83233533
556.2	59.88023952
556.3	60.02994012
556.4	60.47904192
556.5	62.5748503
556.6	65.41916168
556.7	66.46706587
556.8	65.41916168
556.9	66.01796407
557	68.41317365
557.1	73.05389222
557.2	76.34730539
557.3	80.68862275
557.4	82.18562874
557.5	81.88622754
557.6	83.08383234
557.7	86.67664671
557.8	91.01796407
557.9	98.35329341
558	105.0272872
558.1	111.22754491
558.2	120.20958084
558.3	133.98203593
558.4	149.07934132
558.5	162.7994012
558.6	171.10778443
558.7	165.50626021
558.8	155.31573217
558.9	145.12520414
559	136.37724551
559.1	133.38323353
559.2	125.2994012
559.3	112.2255489
559.4	98.60279441
559.5	84.98003992
559.6	71.35728543
559.7	66.61676647
559.8	68.70924817
559.9	70.91483699
560	71.40718563
560.1	67.36526946
560.2	56.7941041
560.3	44.91017964
560.4	33.02625518
560.5	24.52095808
560.6	21.55688623
560.7	19.76047904
560.8	19.01197605
560.9	19.31137725
561	20.45908184
561.1	21.92282102
561.2	23.05389222
561.3	22.45508982
561.4	22.00598802
561.5	22.45508982
561.6	23.05389222
561.7	24.25149701
561.8	25.5988024
561.9	26.49700599
562	26.64670659
562.1	26.79640719
562.2	27.54491018
562.3	29.34131737
562.4	30.38922156
562.5	31.28742515
562.6	31.73652695
562.7	33.23353293
562.8	34.73053892
562.9	36.67664671
563	40.28371828
563.1	43.86227545
563.2	51.34730539
563.3	58.83233533
563.4	68.41317365
563.5	75
563.6	75.5988024
563.7	64.52095808
563.8	49.7005988
563.9	32.18562874
564	20.59235958
564.1	15.11976048
564.2	13.0239521
564.3	13.30032243
564.4	14.03731
564.5	14.77429756
564.6	15.41916168
564.7	14.79041916
564.8	14.07185629
564.9	13.35329341
565	12.63473054
565.1	11.82634731
565.2	11.52694611
565.3	11.52694611
565.4	11.22754491
565.5	10.92814371
565.6	10.62874251
565.7	11.07784431
565.8	11.52694611
565.9	12.47005988
566	13.30838323
566.1	13.92215569
566.2	13.32335329
566.3	13.32335329
566.4	13.32335329
566.5	13.84730539
566.6	14.52095808
566.7	13.17365269
566.8	12.7245509
566.9	12.5748503
567	11.67664671
567.1	11.52694611
567.2	11.67664671
567.3	12.2754491
567.4	12.1257485
567.5	11.82634731
567.6	11.37724551
567.7	10.92814371
567.8	11.22754491
567.9	11.67664671
568	12.1257485
568.1	12.1257485
568.2	12.1257485
568.3	12.5748503
568.4	13.17365269
568.5	14.07185629
568.6	14.40868263
568.7	13.77245509
568.8	13.32335329
568.9	12.8742515
569	12.7245509
569.1	13.0239521
569.2	13.32335329
569.3	13.32335329
569.4	13.32335329
569.5	13.32335329
569.6	13.32335329
569.7	13.62275449
569.8	13.92215569
569.9	13.92215569
570	13.62275449
570.1	13.0239521
570.2	12.7245509
570.3	11.9760479
570.4	11.82634731
570.5	12.2754491
570.6	12.7245509
570.7	12.2754491
570.8	11.82634731
570.9	11.82634731
571	11.82634731
571.1	12.7887083
571.2	13.32335329
571.3	12.8742515
571.4	12.7245509
571.5	12.5748503
571.6	12.08832335
571.7	11.19011976
571.8	10.62874251
571.9	11.07784431
572	11.62881705
572.1	11.90047291
572.2	12.1257485
572.3	12.1257485
572.4	11.52694611
572.5	10.02994012
572.6	10.02994012
572.7	11.26176219
572.8	12.7245509
572.9	13.92215569
573	14.41630845
573.1	14.82035928
573.2	14.82035928
573.3	14.22155689
573.4	14.22155689
573.5	15.20141535
573.6	16.15677735
573.7	16.91616766
573.8	15.18775498
573.9	13.89848909
574	12.60922321
574.1	12.250499
574.2	12.4251497
574.3	11.82634731
574.4	11.82634731
574.5	11.07784431
574.6	10.62874251
574.7	10.32934132
574.8	10.92814371
574.9	11.67664671
575	12.3502994
575.1	12.9491018
575.2	13.62275449
575.3	14.37125749
575.4	14.82035928
575.5	14.67065868
575.6	14.12799401
575.7	13.62275449
575.8	13.92215569
575.9	13.92215569
576	14.07185629
576.1	15.74578116
576.2	17.48775177
576.3	19.01197605
576.4	18.11377246
576.5	18.56287425
576.6	20.05988024
576.7	21.85628743
576.8	22.30538922
576.9	22.30538922
577	20.80838323
577.1	16.09281437
577.2	13.47305389
577.3	11.07784431
577.4	10.32934132
577.5	10.77844311
577.6	11.52694611
577.7	12.8742515
577.8	14.22155689
577.9	13.92215569
578	13.47305389
578.1	11.82634731
578.2	11.07784431
578.3	10.62874251
578.4	10.77844311
578.5	11.52694611
578.6	11.82634731
578.7	11.82634731
578.8	11.52694611
578.9	10.92814371
579	10.47904192
579.1	10.62874251
579.2	10.92814371
579.3	10.62874251
579.4	10.92814371
579.5	10.92814371
579.6	10.62874251
579.7	10.32934132
579.8	10.62874251
579.9	10.92814371
580	10.81586826
580.1	10.77844311
580.2	11.37724551
580.3	12.7887083
580.4	14.52095808
580.5	15.86826347
580.6	19.31137725
580.7	23.65269461
580.8	29.04191617
580.9	34.43113772
581	37.1257485
581.1	37.5748503
581.2	35.32934132
581.3	34.43113772
581.4	33.53293413
581.5	30.53892216
581.6	24.5508982
581.7	18.56287425
581.8	14.07185629
581.9	13.32335329
582	11.82634731
582.1	11.52694611
582.2	11.82634731
582.3	13.92215569
582.4	18.11377246
582.5	21.70658683
582.6	25
582.7	28.59281437
582.8	29.79041916
582.9	27.39520958
583	22.00598802
583.1	19.01197605
583.2	15.86826347
583.3	13.77245509
583.4	13.62275449
583.5	13.62275449
583.6	13.17365269
583.7	12.7245509
583.8	12.7245509
583.9	13.17365269
584	13.92215569
584.1	14.52095808
584.2	14.67398536
584.3	14.16833001
584.4	13.62275449
584.5	14.07185629
584.6	15.03992016
584.7	17.21556886
584.8	18.3008982
584.9	18.71257485
585	17.45964593
585.1	15.41916168
585.2	15.41916168
585.3	15.11976048
585.4	15.41916168
585.5	17.96407186
585.6	19.61077844
585.7	22.00598802
585.8	25.2994012
585.9	29.19161677
586	35.85717838
586.1	45.05988024
586.2	59.17165669
586.3	75.2994012
586.4	91.42714571
586.5	105.53892216
586.6	110.62874251
586.7	113.62275449
586.8	116.31736527
586.9	119.61077844
587	122.90419162
587.1	120.35928144
587.2	117.36526946
587.3	115.56886228
587.4	114.52095808
587.5	114.37125749
587.6	116.31736527
587.7	118.11377246
587.8	117.36526946
587.9	117.21556886
588	117.21556886
588.1	117.51497006
588.2	117.36526946
588.3	115.56886228
588.4	114.22155689
588.5	115.11976048
588.6	116.91616766
588.7	118.86227545
588.8	120.35928144
588.9	122.15568862
589	123.80239521
589.1	126.19760479
589.2	125.5988024
589.3	122.90419162
589.4	119.01197605
589.5	115.11976048
589.6	115.11976048
589.7	118.71257485
589.8	120.50898204
589.9	120.50898204
590	119.57335329
590.1	117.21556886
590.2	114.22155689
590.3	113.32335329
590.4	114.22155689
590.5	115.11976048
590.6	114.52095808
590.7	114.52095808
590.8	117.81437126
590.9	120.20958084
591	122.00598802
591.1	122.60479042
591.2	122.15568862
591.3	120.65868263
591.4	119.61077844
591.5	116.91616766
591.6	115.41916168
591.7	116.46706587
591.8	119.01197605
591.9	121.10778443
592	121.42381903
592.1	119.16167665
592.2	118.11377246
592.3	116.61676647
592.4	114.67065868
592.5	113.47305389
592.6	112.5748503
592.7	113.47305389
592.8	115.56886228
592.9	116.91616766
593	115.71856287
593.1	113.17365269
593.2	110.77844311
593.3	109.13173653
593.4	108.08383234
593.5	106.43712575
593.6	106.43712575
593.7	107.93413174
593.8	109.43113772
593.9	111.52694611
594	112.4251497
594.1	113.0239521
594.2	111.82634731
594.3	110.32934132
594.4	109.13173653
594.5	106.43712575
594.6	102.54491018
594.7	98.05389222
594.8	97.75449102
594.9	99.8502994
595	102.15794825
595.1	104.94011976
595.2	107.33532934
595.3	107.63473054
595.4	108.23353293
595.5	109.43113772
595.6	111.22754491
595.7	111.82634731
595.8	111.52694611
595.9	109.73053892
596	105.25800251
596.1	97.75449102
596.2	94.16167665
596.3	93.71257485
596.4	97.45508982
596.5	101.79640719
596.6	107.18562874
596.7	110.92814371
596.8	111.82634731
596.9	111.82634731
597	110.49230653
597.1	108.23353293
597.2	106.43712575
597.3	106.43712575
597.4	106.73652695
597.5	104.94011976
597.6	101.04790419
597.7	98.05389222
597.8	97.45508982
597.9	101.94610778
598	103.86718676
598.1	105.53892216
598.2	107.63473054
598.3	109.28143713
598.4	110.47904192
598.5	110.62874251
598.6	110.32934132
598.7	111.07784431
598.8	111.82634731
598.9	112.4251497
599	114.22155689
599.1	118.11377246
599.2	119.16167665
599.3	118.11377246
599.4	119.01197605
599.5	119.76047904
599.6	119.76047904
599.7	120.50898204
599.8	120.20958084
599.9	117.21556886
600	111.82634731
600.1	111.9760479
600.2	113.32335329
600.3	113.0239521
600.4	108.98203593
600.5	102.09580838
600.6	93.41317365
600.7	83.08383234
600.8	75.2994012
600.9	62.4251497
601	49.5508982
601.1	48.95209581
601.2	60.10479042
601.3	73.80239521
601.4	82.63473054
601.5	92.21556886
601.6	93.86227545
601.7	90.71856287
601.8	91.76646707
601.9	99.10179641
602	107.66467066
602.1	111.82634731
602.2	110.17964072
602.3	106.73652695
602.4	104.64071856
602.5	103.74251497
602.6	104.34131737
602.7	105.23952096
602.8	107.48502994
602.9	110.47904192
603	112.7245509
603.1	110.17964072
603.2	109.73053892
603.3	109.43113772
603.4	109.43113772
603.5	109.88023952
603.6	108.23353293
603.7	105.53892216
603.8	103.14371257
603.9	101.49700599
604	100.74850299
604.1	102.09580838
604.2	103.89221557
604.3	105.08982036
604.4	106.88622754
604.5	109.28143713
604.6	112.5748503
604.7	113.47305389
604.8	111.22754491
604.9	105.98802395
605	100.1497006
605.1	94.31137725
605.2	92.81437126
605.3	93.11377246
605.4	95.80838323
605.5	101.64670659
605.6	108.68263473
605.7	115.41916168
605.8	116.76646707
605.9	115.56886228
606	115.41916168
606.1	115.26946108
606.2	111.9760479
606.3	108.98203593
606.4	107.78443114
606.5	105.23952096
606.6	101.04790419
606.7	95.35928144
606.8	90.56886228
606.9	88.77245509
607	90.11976048
607.1	94.16167665
607.2	98.65269461
607.3	102.24550898
607.4	103.74251497
607.5	104.34131737
607.6	105.08982036
607.7	106.28742515
607.8	108.68263473
607.9	110.62874251
608	112.7245509
608.1	113.0239521
608.2	110.32934132
608.3	107.33532934
608.4	104.64071856
608.5	104.34131737
608.6	106.13772455
608.7	107.93413174
608.8	108.23353293
608.9	109.43113772
609	110.02994012
609.1	108.83233533
609.2	105.98802395
609.3	102.09580838
609.4	97.90419162
609.5	97.90419162
609.6	100.4491018
609.7	103.14371257
609.8	104.64071856
609.9	104.79041916
610	105.38922156
610.1	106.58682635
610.2	107.33532934
610.3	106.88622754
610.4	106.43712575
610.5	106.13772455
610.6	105.23952096
610.7	105.83832335
610.8	109.58083832
610.9	111.37724551
611	114.63323353
611.1	117.21556886
611.2	117.06586826
611.3	116.16766467
611.4	116.76646707
611.5	119.16167665
611.6	122.00598802
611.7	122.90419162
611.8	122.00598802
611.9	122.30538922
612	122.26796407
612.1	121.10778443
612.2	119.31137725
612.3	114.67065868
612.4	112.8742515
612.5	111.82634731
612.6	112.5748503
612.7	114.82035928
612.8	116.76646707
612.9	119.31137725
613	120.50898204
613.1	119.77408819
613.2	119.12084921
613.3	119.01197605
613.4	119.61077844
613.5	120.50898204
613.6	121.38223553
613.7	121.85628743
613.8	120.20958084
613.9	119.05474765
614	117.21556886
614.1	114.52095808
614.2	112.4251497
614.3	111.82634731
614.4	113.0239521
614.5	113.92215569
614.6	113.0239521
614.7	111.22754491
614.8	106.73652695
614.9	104.64071856
615	108.04085835
615.1	113.32335329
615.2	118.56287425
615.3	120.65868263
615.4	122.30538922
615.5	123.50299401
615.6	123.29341317
615.7	121.10778443
615.8	119.61077844
615.9	117.96407186
616	116.31736527
616.1	115.71856287
616.2	114.52095808
616.3	112.4251497
616.4	109.58083832
616.5	108.23353293
616.6	108.38323353
616.7	110.62874251
616.8	112.2754491
616.9	112.7245509
617	113.0239521
617.1	112.2754491
617.2	110.77844311
617.3	111.37724551
617.4	112.8742515
617.5	115.11976048
617.6	117.06586826
617.7	119.46107784
617.8	119.31137725
617.9	117.06586826
618	116.01796407
618.1	117.66467066
618.2	117.06586826
618.3	116.46706587
618.4	115.86826347
618.5	115.26946108
618.6	113.17365269
618.7	108.38323353
618.8	107.33532934
618.9	107.93413174
619	111.9118905
619.1	115.56886228
619.2	120.20958084
619.3	123.95209581
619.4	120.50898204
619.5	112.4251497
619.6	101.64670659
619.7	92.96407186
619.8	89.37125749
619.9	89.37125749
620	90.0047512
620.1	89.67065868
620.2	85.92814371
620.3	83.53293413
620.4	84.13173653
620.5	86.37724551
620.6	87.8742515
620.7	90.11976048
620.8	91.46706587
620.9	93.86227545
621	94.57513544
621.1	94.76047904
621.2	93.86227545
621.3	91.76646707
621.4	91.46706587
621.5	91.46706587
621.6	91.16766467
621.7	93.26347305
621.8	96.55688623
621.9	99.5508982
622	100.74850299
622.1	101.79640719
622.2	103.59281437
622.3	104.64071856
622.4	104.64071856
622.5	104.79041916
622.6	105.23952096
622.7	105.53892216
622.8	105.53892216
622.9	104.04191617
623	101.19760479
623.1	101.04790419
623.2	105.53892216
623.3	108.08383234
623.4	108.68263473
623.5	110.17964072
623.6	110.77844311
623.7	108.83233533
623.8	105.08982036
623.9	102.99401198
624	102.69461078
624.1	104.49101796
624.2	105.68862275
624.3	107.03592814
624.4	109.13173653
624.5	108.68263473
624.6	108.53293413
624.7	109.13173653
624.8	108.68263473
624.9	107.33532934
625	105.98802395
625.1	106.66167665
625.2	106.73652695
625.3	104.04191617
625.4	103.59281437
625.5	104.34131737
625.6	102.54491018
625.7	100
625.8	99.25149701
625.9	99.25149701
626	97.75449102
626.1	94.61077844
626.2	91.16766467
626.3	89.52095808
626.4	88.32335329
626.5	88.62275449
626.6	88.62275449
626.7	87.8742515
626.8	87.5748503
626.9	88.47305389
627	91.16766467
627.1	95.35928144
627.2	98.05389222
627.3	99.25149701
627.4	98.65269461
627.5	96.55688623
627.6	95.05988024
627.7	96.25748503
627.8	98.65269461
627.9	101.64670659
628	103.83507433
628.1	106.43712575
628.2	108.98203593
628.3	109.58083832
628.4	108.83233533
628.5	108.08383234
628.6	107.18562874
628.7	106.58682635
628.8	105.38922156
628.9	103.89221557
629	103.44311377
629.1	103.74251497
629.2	104.94011976
629.3	104.94011976
629.4	103.44311377
629.5	101.34730539
629.6	99.8502994
629.7	100.4491018
629.8	99.8502994
629.9	101.04790419
630	100.87628091
630.1	99.8502994
630.2	101.64670659
630.3	103.14371257
630.4	105.53892216
630.5	108.53293413
630.6	111.52694611
630.7	112.7245509
630.8	111.22754491
630.9	107.93413174
631	105.23952096
631.1	104.94011976
631.2	105.53892216
631.3	105.83832335
631.4	107.03592814
631.5	108.23353293
631.6	109.43113772
631.7	110.92814371
631.8	110.32934132
631.9	109.13173653
632	107.63473054
632.1	107.03592814
632.2	107.93413174
632.3	110.17964072
632.4	111.67664671
632.5	111.07784431
632.6	110.47904192
632.7	111.52694611
632.8	111.52694611
632.9	111.22754491
633	110.92814371
633.1	109.58083832
633.2	107.78443114
633.3	106.88622754
633.4	106.73652695
633.5	106.43712575
633.6	104.94011976
633.7	104.64071856
633.8	105.23952096
633.9	105.53892216
634	106.13772455
634.1	106.58682635
634.2	109.13173653
634.3	110.77844311
634.4	109.88023952
634.5	108.23353293
634.6	107.93413174
634.7	109.28143713
634.8	111.52694611
634.9	112.4251497
635	113.77245509
635.1	114.97005988
635.2	115.71856287
635.3	114.67065868
635.4	113.32335329
635.5	112.7245509
635.6	111.82634731
635.7	111.07784431
635.8	110.17964072
635.9	112.1257485
636	115.08233533
636.1	116.61676647
636.2	109.88023952
636.3	106.28742515
636.4	105.08982036
636.5	103.59281437
636.6	104.49101796
636.7	104.94011976
636.8	105.23952096
636.9	105.98802395
637	107.18562874
637.1	108.23353293
637.2	108.38323353
637.3	107.78443114
637.4	106.43712575
637.5	105.08982036
637.6	105.08982036
637.7	105.38922156
637.8	104.49101796
637.9	103.14371257
638	105.23952096
638.1	107.93413174
638.2	109.73053892
638.3	110.62874251
638.4	111.22754491
638.5	112.1257485
638.6	113.62275449
638.7	113.0239521
638.8	110.62874251
638.9	110.32934132
639	109.43113772
639.1	107.03592814
639.2	105.08982036
639.3	103.89221557
639.4	103.89221557
639.5	102.39520958
639.6	101.04790419
639.7	103.14371257
639.8	107.18562874
639.9	110.17964072
640	111.37724551
640.1	112.2754491
640.2	110.17964072
640.3	106.58682635
640.4	103.74251497
640.5	96.70658683
640.6	90.71856287
640.7	84.43113772
640.8	77.84431138
640.9	74.5508982
641	74.4011976
641.1	76.49700599
641.2	78.89221557
641.3	80.08982036
641.4	81.58682635
641.5	83.98203593
641.6	86.67664671
641.7	86.9760479
641.8	84.58083832
641.9	82.18562874
642	81.28742515
642.1	80.83832335
642.2	80.38922156
642.3	80.68862275
642.4	81.13772455
642.5	82.48502994
642.6	83.83233533
642.7	84.58083832
642.8	84.88023952
642.9	85.77844311
643	86.93862275
643.1	87.4251497
643.2	87.1257485
643.3	85.62874251
643.4	84.73053892
643.5	83.83233533
643.6	83.68263473
643.7	83.83233533
643.8	85.02994012
643.9	86.9760479
644	88.80096949
644.1	89.67065868
644.2	90.26946108
644.3	91.16766467
644.4	92.36526946
644.5	91.76646707
644.6	90.26946108
644.7	85.77844311
644.8	83.38323353
644.9	83.38323353
645	84.59220799
645.1	85.77844311
645.2	86.07784431
645.3	86.67664671
645.4	88.47305389
645.5	89.07185629
645.6	89.67065868
645.7	90.26946108
645.8	91.16766467
645.9	92.06586826
646	91.16766467
646.1	90.86826347
646.2	90.56886228
646.3	89.97005988
646.4	88.77245509
646.5	88.77245509
646.6	89.97005988
646.7	91.46706587
646.8	93.26347305
646.9	93.86227545
647	94.76047904
647.1	95.95808383
647.2	97.75449102
647.3	99.7005988
647.4	100.1497006
647.5	98.50299401
647.6	95.50898204
647.7	93.26347305
647.8	92.36526946
647.9	92.96407186
648	91.76646707
648.1	87.8742515
648.2	84.88023952
648.3	84.58083832
648.4	87.06586826
648.5	88.17365269
648.6	86.67664671
648.7	83.38323353
648.8	82.18562874
648.9	82.78443114
649	83.08383234
649.1	83.98203593
649.2	86.9760479
649.3	86.67664671
649.4	86.07784431
649.5	85.77844311
649.6	85.47904192
649.7	86.07784431
649.8	86.07784431
649.9	85.80522661
650	85.95062272
650.1	86.22754491
650.2	86.37724551
650.3	86.52694611
650.4	87.1257485
650.5	88.92215569
650.6	89.67065868
650.7	88.47305389
650.8	85.92814371
650.9	81.73652695
651	77.99401198
651.1	77.39520958
651.2	77.24550898
651.3	77.99401198
651.4	80.83832335
651.5	83.23353293
651.6	83.53293413
651.7	83.08383234
651.8	84.28143713
651.9	85.92814371
652	84.88023952
652.1	83.98203593
652.2	83.98203593
652.3	86.07784431
652.4	89.97005988
652.5	93.56287425
652.6	94.46107784
652.7	94.46107784
652.8	94.46107784
652.9	95.35928144
653	96.85628743
653.1	97.15568862
653.2	96.40718563
653.3	94.31137725
653.4	92.96407186
653.5	91.31736527
653.6	89.67065868
653.7	88.77245509
653.8	89.37125749
653.9	91.16766467
654	92.09100882
654.1	90.86826347
654.2	90.56886228
654.3	91.46706587
654.4	91.92115768
654.5	92.36526946
654.6	93.56287425
654.7	95.65868263
654.8	94.24401198
654.9	92.06586826
655	92.06586826
655.1	94.46107784
655.2	95.50898204
655.3	96.10778443
655.4	95.95808383
655.5	96.70658683
655.6	99.10179641
655.7	103.74251497
655.8	104.79041916
655.9	104.64071856
656	103.74251497
656.1	102.24550898
656.2	102.24550898
656.3	104.04191617
656.4	104.64071856
656.5	104.04191617
656.6	104.34131737
656.7	106.43712575
656.8	109.43113772
656.9	112.1257485
657	113.92973547
657.1	116.01796407
657.2	117.21556886
657.3	116.01796407
657.4	114.67065868
657.5	114.52095808
657.6	114.07185629
657.7	113.77245509
657.8	113.62275449
657.9	110.47904192
658	108.08383234
658.1	106.13772455
658.2	103.29341317
658.3	99.5508982
658.4	95.50898204
658.5	90.26946108
658.6	87.8742515
658.7	88.47305389
658.8	89.22155689
658.9	90.11976048
659	89.97005988
659.1	89.97005988
659.2	90.86826347
659.3	93.56287425
659.4	96.25748503
659.5	97.15568862
659.6	98.05389222
659.7	98.95209581
659.8	98.35329341
659.9	95.95808383
660	94.43862275
660.1	93.26347305
660.2	95.95808383
660.3	98.95209581
660.4	99.25149701
660.5	98.95209581
660.6	98.05389222
660.7	96.85628743
660.8	97.45508982
660.9	100.4491018
661	102.71206966
661.1	104.64071856
661.2	106.58682635
661.3	109.58083832
661.4	111.9760479
661.5	111.82634731
661.6	109.58083832
661.7	108.83233533
661.8	109.58083832
661.9	113.0239521
662	113.99344169
662.1	113.92215569
662.2	113.62275449
662.3	113.62275449
662.4	115.71856287
662.5	116.61676647
662.6	117.51497006
662.7	118.71257485
662.8	119.01197605
662.9	118.11377246
663	117.21556886
663.1	116.91616766
663.2	117.81437126
663.3	117.81437126
663.4	117.21556886
663.5	117.96407186
663.6	117.66467066
663.7	116.01796407
663.8	114.67065868
663.9	114.22155689
664	116.01796407
664.1	115.41916168
664.2	115.11976048
664.3	115.71856287
664.4	115.71856287
664.5	115.11976048
664.6	117.21556886
664.7	120.20958084
664.8	121.10778443
664.9	124.4011976
665	126.89895051
665.1	129.64071856
665.2	129.79041916
665.3	130.08982036
665.4	130.98802395
665.5	131.28742515
665.6	130.68862275
665.7	130.23952096
665.8	128.59281437
665.9	127.54491018
666	129.58314141
666.1	130.38922156
666.2	129.19161677
666.3	128.89221557
666.4	131.28742515
666.5	133.23353293
666.6	133.68263473
666.7	133.08383234
666.8	132.78443114
666.9	132.78443114
667	132.78443114
667.1	131.28742515
667.2	128.59281437
667.3	127.84431138
667.4	127.39520958
667.5	128.89221557
667.6	130.08982036
667.7	129.34131737
667.8	130.38922156
667.9	135.47904192
668	144.76047904
668.1	148.35329341
668.2	151.94610778
668.3	153.44311377
668.4	154.64071856
668.5	137.52806886
668.6	119.33944611
668.7	101.15082335
668.8	80.68862275
668.9	69.01197605
669	63.65708074
669.1	60.62874251
669.2	60.62874251
669.3	63.32335329
669.4	66.61676647
669.5	67.51497006
669.6	64.52095808
669.7	60.02994012
669.8	57.93413174
669.9	58.53293413
670	61.27382459
670.1	62.7245509
670.2	64.82035928
670.3	66.91616766
670.4	67.51497006
670.5	65.11976048
670.6	64.22155689
670.7	64.97005988
670.8	65.56886228
670.9	63.47305389
671	60.62874251
671.1	57.63473054
671.2	56.13772455
671.3	55.83832335
671.4	56.43712575
671.5	56.43712575
671.6	54.94011976
671.7	52.24550898
671.8	51.04790419
671.9	50.74850299
672	50.4063302
672.1	48.80239521
672.2	47.15568862
672.3	47.75449102
672.4	48.65269461
672.5	49.10179641
672.6	50.5988024
672.7	52.54491018
672.8	53.89221557
672.9	54.94011976
673	54.64071856
673.1	54.64071856
673.2	54.94011976
673.3	56.13772455
673.4	57.63473054
673.5	60.32934132
673.6	62.7245509
673.7	64.22155689
673.8	66.31736527
673.9	67.81437126
674	68.11377246
674.1	68.11377246
674.2	68.41317365
674.3	69.16167665
674.4	69.61077844
674.5	71.70658683
674.6	73.80239521
674.7	75.4491018
674.8	76.79640719
674.9	75
675	75.90971902
675.1	77.2915707
675.2	78.67342239
675.3	79.49101796
675.4	80.23952096
675.5	82.78443114
675.6	86.82634731
675.7	91.61676647
675.8	94.46107784
675.9	93.71257485
676	93.26347305
676.1	92.81437126
676.2	91.46706587
676.3	93.41317365
676.4	96.55688623
676.5	97.75449102
676.6	97.30538922
676.7	96.10778443
676.8	96.10778443
676.9	96.85628743
677	98.09995394
677.1	98.82689167
677.2	99.27327164
677.3	99.71965161
677.4	99.8502994
677.5	99.8502994
677.6	100.1497006
677.7	98.65269461
677.8	98.05389222
677.9	99.5508982
678	100.74850299
678.1	100.89820359
678.2	103.44311377
678.3	105.83832335
678.4	105.68862275
678.5	103.29341317
678.6	98.65269461
678.7	94.76047904
678.8	92.15141146
678.9	89.07185629
679	86.07784431
679.1	80.38922156
679.2	75
679.3	74.4011976
679.4	75.16467066
679.5	76.79640719
679.6	76.49700599
679.7	76.68662675
679.8	76.79640719
679.9	80.2994012
680	86.9760479
680.1	87.2754491
680.2	88.17365269
680.3	90.56886228
680.4	91.16766467
680.5	89.97005988
680.6	88.17365269
680.7	85.77844311
680.8	85.47904192
680.9	87.2754491
681	87.46434576
681.1	87.4251497
681.2	89.67065868
681.3	91.31736527
681.4	93.41317365
681.5	94.31137725
681.6	95.20958084
681.7	96.85628743
681.8	97.90419162
681.9	98.80239521
682	98.65269461
682.1	98.05389222
682.2	98.65269461
682.3	101.04790419
682.4	102.24550898
682.5	102.24550898
682.6	100.4491018
682.7	97.15568862
682.8	95.05988024
682.9	94.46107784
683	95.95808383
683.1	97.90419162
683.2	100.5988024
683.3	101.34730539
683.4	98.65269461
683.5	97.30538922
683.6	96.40718563
683.7	95.65868263
683.8	96.55688623
683.9	99.8502994
684	102.23125178
684.1	102.84431138
684.2	102.54491018
684.3	102.54491018
684.4	101.64670659
684.5	100.4491018
684.6	100.74850299
684.7	103.44311377
684.8	107.03592814
684.9	111.22754491
685	112.57674524
685.1	111.9760479
685.2	111.37724551
685.3	110.32934132
685.4	110.47904192
685.5	111.22754491
685.6	111.07784431
685.7	110.17964072
685.8	109.28143713
685.9	108.23353293
686	108.53293413
686.1	111.22754491
686.2	112.7245509
686.3	113.32335329
686.4	114.22155689
686.5	116.31736527
686.6	118.41317365
686.7	118.11377246
686.8	116.01796407
686.9	108.23353293
687	98.8796092
687.1	87.8742515
687.2	69.01197605
687.3	55.35928144
687.4	44.46107784
687.5	40.11976048
687.6	41.46706587
687.7	43.26347305
687.8	43.26347305
687.9	42.96407186
688	42.96407186
688.1	43.11377246
688.2	43.11377246
688.3	44.61077844
688.4	46.85628743
688.5	49.5508982
688.6	52.24550898
688.7	55.23952096
688.8	57.48502994
688.9	58.23353293
689	59.16916168
689.1	60.77844311
689.2	61.52694611
689.3	58.53293413
689.4	55.08982036
689.5	54.49101796
689.6	56.13772455
689.7	58.08383234
689.8	60.62874251
689.9	64.22155689
690	69.53592814
690.1	73.80239521
690.2	71.10778443
690.3	66.46706587
690.4	61.22754491
690.5	60.92814371
690.6	64.82035928
690.7	71.70658683
690.8	77.09580838
690.9	83.98203593
691	85.92814371
691.1	80.23952096
691.2	63.62275449
691.3	51.79640719
691.4	48.95209581
691.5	49.7005988
691.6	50.1497006
691.7	50.4491018
691.8	51.19760479
691.9	56.13772455
692	61.9760479
692.1	67.81437126
692.2	72.90419162
692.3	73.65269461
692.4	74.4011976
692.5	75
692.6	74.25149701
692.7	72.30538922
692.8	72.00598802
692.9	72.15568862
693	72.90419162
693.1	73.20359281
693.2	72.90419162
693.3	73.20359281
693.4	72.60479042
693.5	70.50898204
693.6	70.80838323
693.7	72.30538922
693.8	72.90419162
693.9	72.90419162
694	71.10778443
694.1	69.01197605
694.2	67.21556886
694.3	67.51497006
694.4	69.01197605
694.5	70.20958084
694.6	70.80838323
694.7	70.80838323
694.8	70.50898204
694.9	69.61077844
695	69.15793413
695.1	69.31137725
695.2	69.61077844
695.3	69.61077844
695.4	69.61077844
695.5	70.50898204
695.6	71.70658683
695.7	72.60479042
695.8	73.80239521
695.9	72.90419162
696	71.22359055
696.1	71.70658683
696.2	71.40718563
696.3	71.40718563
696.4	72.00598802
696.5	72.90419162
696.6	72.90419162
696.7	71.40718563
696.8	70.50898204
696.9	70.50898204
697	69.91017964
697.1	69.01197605
697.2	69.31137725
697.3	70.20958084
697.4	70.80838323
697.5	70.80838323
697.6	72.30538922
697.7	74.10179641
697.8	73.20359281
697.9	72.30538922
698	70.1319353
698.1	67.81437126
698.2	67.81437126
698.3	68.11377246
698.4	69.61077844
698.5	70.80838323
698.6	70.20958084
698.7	68.41317365
698.8	70.50898204
698.9	73.50299401
699	74.25858063
699.1	74.8502994
699.2	75.2994012
699.3	74.7005988
699.4	73.65269461
699.5	73.50299401
699.6	73.35329341
699.7	71.70658683
699.8	70.50898204
699.9	70.50898204
700	70.67739521
700.1	70.95808383
700.2	71.85628743
700.3	71.85628743
700.4	70.95808383
700.5	70.50898204
700.6	71.40718563
700.7	71.25748503
700.8	69.31137725
700.9	68.41317365
701	67.36526946
701.1	68.86227545
701.2	71.10778443
701.3	71.70658683
701.4	72.00598802
701.5	71.40718563
701.6	71.70658683
701.7	72.00598802
701.8	72.30538922
701.9	72.45508982
702	72.60479042
702.1	72.30538922
702.2	72.00598802
702.3	70.95808383
702.4	70.35928144
702.5	70.20958084
702.6	70.65868263
702.7	71.85628743
702.8	72.75449102
702.9	73.20359281
703	73.20359281
703.1	NA
