DEPT	GR
24	55.72847682
24.1	55.72847682
24.2	55.72847682
24.3	55.72847682
24.4	55.72847682
24.5	55.72865282
24.6	55.73109897
24.7	55.72805863
24.8	56.15613114
24.9	57.37325972
25	59.51647908
25.1	61.98998705
25.2	64.45040142
25.3	67.29807835
25.4	68.91585653
25.5	70.27235561
25.6	72.39588394
25.7	73.72230837
25.8	74.69041985
25.9	75.62700561
26	77.05245799
26.1	78.92692005
26.2	80.56057542
26.3	81.28590029
26.4	82.06260106
26.5	81.71546592
26.6	81.33133915
26.7	80.70720348
26.8	79.62212214
26.9	78.98879656
27	80.11108204
27.1	81.85569611
27.2	83.98405506
27.3	86.15583079
27.4	86.51244586
27.5	86.56043901
27.6	86.75830055
27.7	87.12765925
27.8	87.66941577
27.9	88.51621961
28	88.71056206
28.1	88.70983495
28.2	88.54121328
28.3	88.26802355
28.4	87.32361958
28.5	87.50708296
28.6	90.43934218
28.7	92.56267493
28.8	93.29646045
28.9	93.26808766
29	92.8090257
29.1	90.69009869
29.2	89.93171745
29.3	90.06215475
29.4	90.08234927
29.5	89.45829142
29.6	88.82342553
29.7	88.49807658
29.8	88.84050196
29.9	89.39169884
30	90.46285606
30.1	91.29969988
30.2	90.58050292
30.3	89.36465659
30.4	88.09375788
30.5	86.72208506
30.6	84.79872346
30.7	84.1653065
30.8	85.54154085
30.9	88.04772736
31	89.47535393
31.1	89.6804665
31.2	90.32784862
31.3	90.00271028
31.4	89.48662338
31.5	89.52187616
31.6	88.88807712
31.7	87.92027196
31.8	87.33810234
31.9	86.6757864
32	86.12070347
32.1	85.05249516
32.2	85.83470223
32.3	87.8598679
32.4	90.01572668
32.5	90.50216363
32.6	90.4333628
32.7	88.91404564
32.8	86.35673973
32.9	84.4533528
33	83.89447753
33.1	83.15792944
33.2	82.34913877
33.3	81.73558554
33.4	80.74027516
33.5	80.06452496
33.6	79.7712224
33.7	80.11315068
33.8	80.891654
33.9	81.02928896
34	81.88576517
34.1	83.02829929
34.2	83.21393007
34.3	81.62310303
34.4	79.25708551
34.5	77.48612618
34.6	75.62605934
34.7	75.18447939
34.8	75.77589839
34.9	76.58711619
35	77.75773472
35.1	79.01881943
35.2	80.22407914
35.3	81.00346525
35.4	80.70145228
35.5	80.39180181
35.6	80.79731159
35.7	81.97289831
35.8	83.38803501
35.9	83.00386046
36	82.67445315
36.1	83.48777071
36.2	85.19856674
36.3	86.39158144
36.4	87.69718723
36.5	88.23691851
36.6	87.49074277
36.7	87.87108302
36.8	88.73822698
36.9	89.50006146
37	88.75356689
37.1	88.16194506
37.2	88.31572757
37.3	89.72236295
37.4	90.66676269
37.5	91.70018005
37.6	93.30146887
37.7	95.33403778
37.8	95.24868704
37.9	94.28146979
38	93.34726975
38.1	91.20418023
38.2	89.71689161
38.3	88.50116121
38.4	87.52409238
38.5	87.35522685
38.6	88.27882478
38.7	89.10553218
38.8	89.49041015
38.9	88.55512828
39	86.85348213
39.1	84.10322993
39.2	81.82588523
39.3	79.76657526
39.4	78.52737974
39.5	77.79737967
39.6	77.34639362
39.7	78.51692929
39.8	79.96704463
39.9	79.27311768
40	79.08511685
40.1	79.46457283
40.2	80.37102316
40.3	81.70079645
40.4	83.36138783
40.5	83.74542368
40.6	83.93487574
40.7	84.44617489
40.8	85.05868452
40.9	85.66845092
41	85.27518179
41.1	83.84509188
41.2	82.02645933
41.3	81.93631687
41.4	82.79711206
41.5	83.16700729
41.6	82.43177438
41.7	81.63924617
41.8	82.75310982
41.9	83.73066172
42	84.3486134
42.1	84.2533183
42.2	82.91434648
42.3	83.40382648
42.4	84.53003342
42.5	85.344765
42.6	85.5084949
42.7	86.50857452
42.8	86.14461797
42.9	86.30206286
43	85.91397952
43.1	84.92467961
43.2	84.48663586
43.3	85.2278403
43.4	86.27682692
43.5	86.66995842
43.6	87.72489589
43.7	89.2266531
43.8	89.35797218
43.9	87.90832154
44	86.70848652
44.1	86.05401336
44.2	84.32936044
44.3	82.14456831
44.4	79.90626991
44.5	78.16416956
44.6	79.04129267
44.7	79.63216809
44.8	79.83806434
44.9	79.72435862
45	78.87474458
45.1	78.1293652
45.2	78.2480026
45.3	78.82681729
45.4	79.74752837
45.5	81.41012147
45.6	82.70923856
45.7	82.88016633
45.8	81.92693549
45.9	80.19091255
46	79.52666738
46.1	79.81979598
46.2	81.22328605
46.3	82.75821412
46.4	84.30454612
46.5	83.11482746
46.6	83.70575252
46.7	84.57701552
46.8	84.33808225
46.9	84.84197943
47	84.87274084
47.1	84.21568689
47.2	82.65546127
47.3	81.48148224
47.4	81.15868832
47.5	81.28512012
47.6	80.82751973
47.7	78.30566643
47.8	74.49043869
47.9	74.11190014
48	74.35279239
48.1	75.44649777
48.2	77.03496716
48.3	78.0022017
48.4	77.63368381
48.5	76.46796415
48.6	75.42493154
48.7	75.96635115
48.8	76.63594262
48.9	76.51790376
49	76.29221426
49.1	75.84708926
49.2	75.30028247
49.3	74.16801955
49.4	73.84987982
49.5	75.19068969
49.6	77.38594087
49.7	79.53340401
49.8	82.15968321
49.9	84.85746141
50	85.94014162
50.1	86.70828516
50.2	87.34405779
50.3	88.88318507
50.4	91.14221481
50.5	92.60420983
50.6	92.62266829
50.7	90.18926375
50.8	87.46206965
50.9	85.99042046
51	83.45772588
51.1	80.54173429
51.2	79.70529743
51.3	79.64897257
51.4	80.78405402
51.5	82.88032596
51.6	82.54349587
51.7	81.80383244
51.8	81.35081486
51.9	81.47568066
52	82.36423771
52.1	83.35874586
52.2	83.90723803
52.3	84.30572001
52.4	84.71047533
52.5	84.94069175
52.6	84.64167585
52.7	82.49828835
52.8	79.99744535
52.9	79.23324521
53	80.44819654
53.1	82.92453087
53.2	85.39850301
53.3	86.67993802
53.4	86.01282206
53.5	82.92432071
53.6	78.9178548
53.7	77.15398132
53.8	77.16594854
53.9	75.41124496
54	73.05219072
54.1	70.51482001
54.2	69.45448513
54.3	70.11443228
54.4	70.60536482
54.5	71.41526348
54.6	72.59273015
54.7	73.79914095
54.8	74.85571975
54.9	75.05530614
55	75.29528872
55.1	75.5208578
55.2	73.35633221
55.3	72.46581913
55.4	73.5361641
55.5	75.20089581
55.6	74.2118497
55.7	75.00133721
55.8	76.16953229
55.9	76.91256607
56	76.1899007
56.1	75.44545092
56.2	77.34134425
56.3	79.35568159
56.4	81.56946731
56.5	84.32909948
56.6	85.71548
56.7	85.53935224
56.8	85.36770938
56.9	85.18356269
57	84.44544739
57.1	83.52335526
57.2	84.30099703
57.3	85.71161183
57.4	87.93361204
57.5	90.03294641
57.6	91.44485526
57.7	90.03857282
57.8	87.7060135
57.9	85.57330791
58	84.31922832
58.1	83.74272157
58.2	84.00998326
58.3	84.95517456
58.4	85.68288138
58.5	85.8338387
58.6	86.80185012
58.7	85.6661787
58.8	84.26918185
58.9	83.90781502
59	85.46485603
59.1	86.68760437
59.2	87.35430682
59.3	88.07811343
59.4	88.29870653
59.5	88.29402168
59.6	86.76296432
59.7	85.38111317
59.8	84.33084909
59.9	83.92518367
60	84.34190789
60.1	84.24826217
60.2	83.57119607
60.3	83.15339556
60.4	82.73851787
60.5	82.08346731
60.6	81.30585856
60.7	80.40271884
60.8	78.4320363
60.9	75.66988908
61	76.01557154
61.1	77.03155935
61.2	78.14713728
61.3	79.01625548
61.4	79.14672621
61.5	79.94181842
61.6	80.96479928
61.7	81.48990945
61.8	80.28105273
61.9	79.40650482
62	79.66116726
62.1	81.06735742
62.2	81.18030448
62.3	78.48735868
62.4	77.56427314
62.5	78.47212966
62.6	80.27729035
62.7	80.66645789
62.8	81.62608374
62.9	83.19537368
63	84.23943217
63.1	84.65962502
63.2	83.56001409
63.3	82.38292929
63.4	82.52458361
63.5	83.1363166
63.6	83.13933996
63.7	82.8804314
63.8	82.18131579
63.9	81.74706936
64	81.80249531
64.1	81.90430162
64.2	81.88231308
64.3	80.70262924
64.4	79.70430841
64.5	79.90922238
64.6	81.31018751
64.7	82.96722047
64.8	84.84808384
64.9	87.85386333
65	90.60553008
65.1	92.65955191
65.2	92.35585898
65.3	92.39106891
65.4	92.51214859
65.5	93.28515752
65.6	92.76988789
65.7	92.17260695
65.8	90.34030723
65.9	86.76011458
66	81.16526569
66.1	79.32784081
66.2	79.21704715
66.3	79.54517885
66.4	79.02316622
66.5	80.20936259
66.6	83.5443682
66.7	86.99492182
66.8	89.53070334
66.9	89.74563421
67	88.30657656
67.1	86.87342124
67.2	85.92182399
67.3	84.88004066
67.4	84.14242273
67.5	82.68287836
67.6	81.58152029
67.7	82.57180754
67.8	83.83693184
67.9	85.38700163
68	86.22767071
68.1	85.86423216
68.2	84.20596725
68.3	82.73377062
68.4	81.50799146
68.5	82.35428558
68.6	83.960539
68.7	85.00593497
68.8	85.13068705
68.9	85.25408902
69	86.15276906
69.1	88.03166684
69.2	89.6606139
69.3	89.69990181
69.4	89.87915156
69.5	90.21854838
69.6	89.89261158
69.7	90.6623761
69.8	91.58851602
69.9	91.54147382
70	90.18593317
70.1	88.80049074
70.2	88.7958997
70.3	89.57038197
70.4	90.4262498
70.5	92.58466181
70.6	95.4825353
70.7	96.42149892
70.8	95.74846831
70.9	94.56518461
71	93.39031314
71.1	92.2990615
71.2	91.71966429
71.3	88.77642528
71.4	86.18542091
71.5	86.12213509
71.6	86.71891501
71.7	86.14931881
71.8	85.52980664
71.9	85.60859027
72	86.11456973
72.1	85.85442813
72.2	84.51531288
72.3	83.78103498
72.4	84.36726235
72.5	84.1829806
72.6	82.79255924
72.7	82.06872441
72.8	81.42966987
72.9	80.80030955
73	80.75798232
73.1	80.97173319
73.2	82.31804147
73.3	84.9336775
73.4	88.85705197
73.5	91.27003946
73.6	93.68824875
73.7	96.15184875
73.8	95.77952111
73.9	91.61959411
74	87.57934922
74.1	83.33315971
74.2	81.9829127
74.3	82.92372691
74.4	82.86063322
74.5	82.76981672
74.6	81.70785771
74.7	80.13764417
74.8	79.40221716
74.9	78.54516508
75	79.42127086
75.1	82.26182738
75.2	85.36683971
75.3	87.84865565
75.4	88.59205575
75.5	88.87590256
75.6	88.63111842
75.7	87.97449915
75.8	87.90960003
75.9	88.20619061
76	88.52113719
76.1	88.62416693
76.2	87.80129511
76.3	87.7965832
76.4	88.75577411
76.5	90.21151618
76.6	90.29755122
76.7	90.50986789
76.8	90.13002863
76.9	89.55274835
77	89.21982774
77.1	89.86198564
77.2	88.50850259
77.3	87.10354604
77.4	86.72240583
77.5	86.72568498
77.6	86.91343208
77.7	87.57413968
77.8	87.67565319
77.9	87.46779034
78	87.82746925
78.1	88.07065626
78.2	88.89886304
78.3	89.45800952
78.4	87.46601031
78.5	85.8351029
78.6	86.06397776
78.7	86.33698807
78.8	86.03754041
78.9	84.51050966
79	83.46111535
79.1	83.53614129
79.2	84.85945431
79.3	86.5071495
79.4	87.0623416
79.5	87.33417717
79.6	86.90944697
79.7	86.33111407
79.8	86.10705593
79.9	86.1266643
80	85.85832074
80.1	85.43278012
80.2	84.25201695
80.3	83.60673742
80.4	86.24083281
80.5	89.22035296
80.6	89.97111602
80.7	87.7761785
80.8	84.72272849
80.9	81.65009205
81	79.86381653
81.1	78.9502608
81.2	78.8215675
81.3	80.1059388
81.4	81.37727049
81.5	80.71417008
81.6	80.3605458
81.7	81.78883326
81.8	83.15557192
81.9	84.09391604
82	84.43337516
82.1	84.88649872
82.2	85.1526764
82.3	84.77843064
82.4	84.55523876
82.5	84.94829487
82.6	86.30982777
82.7	87.27354517
82.8	86.82914473
82.9	85.60136494
83	84.53575254
83.1	84.69135611
83.2	85.04528304
83.3	85.50551683
83.4	85.6769615
83.5	85.68660042
83.6	86.20567441
83.7	87.12159363
83.8	88.16785305
83.9	89.91584458
84	92.60146587
84.1	94.17272665
84.2	92.96382863
84.3	89.94339118
84.4	88.33121921
84.5	88.61696735
84.6	89.12025856
84.7	89.78321026
84.8	91.40663632
84.9	94.33433654
85	95.58792274
85.1	94.49981313
85.2	93.41506965
85.3	92.24970953
85.4	90.87574471
85.5	89.63520101
85.6	88.75489081
85.7	88.1779994
85.8	87.70472399
85.9	87.86341045
86	88.80492471
86.1	89.75019029
86.2	89.61202685
86.3	88.57339888
86.4	88.72195111
86.5	89.52293692
86.6	90.50510505
86.7	90.58386714
86.8	89.68769678
86.9	89.55530588
87	89.13512253
87.1	87.27729128
87.2	85.35053927
87.3	85.05241959
87.4	86.16347041
87.5	87.51012613
87.6	88.78859173
87.7	89.79538417
87.8	90.20044577
87.9	90.60112396
88	91.99157307
88.1	93.8045798
88.2	95.81772681
88.3	96.25672341
88.4	95.55509459
88.5	94.09716297
88.6	92.04270774
88.7	90.2025798
88.8	87.38459955
88.9	84.98799751
89	83.33142209
89.1	82.35941613
89.2	81.60360674
89.3	81.53130986
89.4	80.56246633
89.5	80.74789867
89.6	82.41208888
89.7	84.61097272
89.8	87.36382733
89.9	89.32572096
90	88.79577026
90.1	86.47733184
90.2	84.88145801
90.3	84.14406975
90.4	84.34194012
90.5	85.35225127
90.6	84.9727978
90.7	83.08977366
90.8	81.31067495
90.9	80.79011096
91	81.35053729
91.1	82.21175675
91.2	83.58430914
91.3	85.69164025
91.4	88.56728549
91.5	91.21359528
91.6	92.64339028
91.7	92.27759315
91.8	91.14986208
91.9	90.22052803
92	89.51022075
92.1	89.51325881
92.2	89.73837883
92.3	89.81297561
92.4	88.91730458
92.5	87.82098498
92.6	86.67215431
92.7	85.94539051
92.8	84.36086898
92.9	82.32095489
93	82.02766112
93.1	82.19926106
93.2	83.35408671
93.3	85.57798645
93.4	87.96181187
93.5	90.08858577
93.6	92.16853433
93.7	94.44388087
93.8	97.13102389
93.9	99.53699562
94	102.77889197
94.1	105.56041245
94.2	106.27513193
94.3	103.30986432
94.4	100.88897569
94.5	98.39180759
94.6	96.51779595
94.7	95.65711802
94.8	94.57705042
94.9	93.19153585
95	92.4942441
95.1	91.82554883
95.2	90.5018904
95.3	89.31149981
95.4	88.94953378
95.5	89.91604206
95.6	89.9045073
95.7	89.52378341
95.8	90.47588147
95.9	89.48663874
96	88.60729875
96.1	87.86586889
96.2	87.71049603
96.3	88.4344889
96.4	89.44258742
96.5	90.61456838
96.6	92.90053353
96.7	95.52970234
96.8	96.24382671
96.9	96.40801187
97	96.66503849
97.1	96.44221601
97.2	94.70523821
97.3	94.16753762
97.4	95.2637096
97.5	96.45000304
97.6	95.71089317
97.7	95.98696313
97.8	96.65139102
97.9	96.21746397
98	94.39097453
98.1	93.0034124
98.2	93.05271497
98.3	91.65840346
98.4	89.72186461
98.5	88.11756453
98.6	86.62770206
98.7	85.55488236
98.8	86.35994696
98.9	89.0755106
99	91.68226027
99.1	94.93278855
99.2	98.5434615
99.3	101.95370032
99.4	104.78813385
99.5	103.62407525
99.6	102.90624856
99.7	102.91090969
99.8	102.32753917
99.9	100.70190551
100	100.42516258
100.1	100.86037298
100.2	101.31860984
100.3	101.23467398
100.4	100.38370437
100.5	98.93457756
100.6	97.8868032
100.7	97.42974975
100.8	96.37813991
100.9	94.01995324
101	92.39642955
101.1	91.16350617
101.2	90.18493492
101.3	90.09389513
101.4	90.11883711
101.5	90.67461032
101.6	91.93294266
101.7	93.694907
101.8	93.99839451
101.9	94.42671412
102	94.58275554
102.1	93.01708078
102.2	90.96702249
102.3	90.30772133
102.4	90.31113081
102.5	91.39162614
102.6	93.10164628
102.7	94.7576698
102.8	96.30406313
102.9	97.69358635
103	99.0219585
103.1	100.03691837
103.2	99.25191053
103.3	97.60960516
103.4	96.28173901
103.5	95.27538214
103.6	94.49539878
103.7	94.09063057
103.8	94.24148259
103.9	94.62789498
104	94.68500558
104.1	93.96735334
104.2	92.28016931
104.3	90.81740389
104.4	90.05130328
104.5	89.59467469
104.6	88.70845003
104.7	88.11421404
104.8	87.40621831
104.9	86.94100622
105	87.73613219
105.1	89.65733996
105.2	91.47630665
105.3	91.2972495
105.4	89.9185847
105.5	87.53907785
105.6	86.37563525
105.7	85.93731253
105.8	86.08635187
105.9	85.92211335
106	85.30002564
106.1	84.00852527
106.2	83.01376777
106.3	83.07682973
106.4	84.39383945
106.5	84.91043213
106.6	86.53114805
106.7	88.39427634
106.8	90.10456978
106.9	91.74272657
107	92.37892853
107.1	92.65517791
107.2	91.88946268
107.3	90.11085113
107.4	89.49381651
107.5	87.72039282
107.6	86.51248275
107.7	85.75770882
107.8	85.13045867
107.9	83.82688682
108	82.95688589
108.1	82.93467841
108.2	84.00586137
108.3	85.23284944
108.4	85.71880384
108.5	87.32720032
108.6	89.61299467
108.7	91.05217764
108.8	91.51922926
108.9	92.43787746
109	93.79857615
109.1	95.06040028
109.2	94.2628461
109.3	93.68041508
109.4	93.31134422
109.5	93.22593834
109.6	94.31238306
109.7	95.47399757
109.8	96.33736831
109.9	96.52894139
110	95.55003529
110.1	94.68751144
110.2	96.27117849
110.3	98.22956934
110.4	99.41980329
110.5	100.08171436
110.6	100.53310489
110.7	100.26484071
110.8	101.77221657
110.9	103.71422884
111	104.59936128
111.1	103.8788409
111.2	102.46182324
111.3	100.51037843
111.4	99.53040397
111.5	99.94515341
111.6	100.91343366
111.7	102.17732041
111.8	102.84277152
111.9	102.25598748
112	99.80842759
112.1	96.01856513
112.2	91.54555827
112.3	89.48260387
112.4	89.51071532
112.5	89.55009007
112.6	90.42896849
112.7	90.40740637
112.8	89.5671061
112.9	88.05024489
113	87.78785276
113.1	88.12721302
113.2	88.2963049
113.3	87.72740512
113.4	88.35195759
113.5	90.16041791
113.6	91.46246239
113.7	92.51421643
113.8	92.68610696
113.9	92.76029192
114	93.61018799
114.1	95.07993619
114.2	95.66171634
114.3	95.66564113
114.4	96.10634833
114.5	96.70128581
114.6	97.24596644
114.7	97.32645563
114.8	96.34472497
114.9	95.50176409
115	95.59972966
115.1	96.48091473
115.2	97.8352273
115.3	98.43021158
115.4	98.22806354
115.5	98.23043046
115.6	98.39518606
115.7	98.65893361
115.8	98.19302057
115.9	96.93000262
116	95.30845428
116.1	93.62516759
116.2	90.20333136
116.3	87.08875273
116.4	84.95022553
116.5	84.21153387
116.6	85.34157261
116.7	86.1716377
116.8	87.78684168
116.9	89.66700977
117	91.73384797
117.1	94.06983558
117.2	95.33919053
117.3	95.6600244
117.4	95.66600234
117.5	96.05520967
117.6	97.14938672
117.7	98.22663084
117.8	97.04698737
117.9	95.23727097
118	93.54211268
118.1	92.0372484
118.2	91.26633537
118.3	91.33640834
118.4	92.07712877
118.5	92.77813978
118.6	91.05562379
118.7	90.12061445
118.8	90.67820505
118.9	91.64221089
119	92.04213364
119.1	93.37883324
119.2	95.69899185
119.3	98.39581334
119.4	101.04691766
119.5	103.70815113
119.6	106.4765974
119.7	107.89745807
119.8	108.17081633
119.9	107.97356992
120	107.5455699
120.1	106.68671092
120.2	105.63156688
120.3	104.09028295
120.4	100.30574464
120.5	95.72374875
120.6	91.04696503
120.7	86.27474808
120.8	83.38209855
120.9	82.75013712
121	83.61284194
121.1	84.58298932
121.2	85.44605973
121.3	85.81317291
121.4	85.87890029
121.5	85.206832
121.6	84.58582786
121.7	83.7151969
121.8	82.65431943
121.9	80.63596183
122	80.63615125
122.1	80.98203334
122.2	81.55720246
122.3	82.95667409
122.4	84.67080348
122.5	85.29409343
122.6	85.32142855
122.7	86.61836917
122.8	87.71807617
122.9	86.15062259
123	85.08443122
123.1	86.01294587
123.2	87.45365827
123.3	85.68581205
123.4	83.76683807
123.5	82.38736203
123.6	82.14626575
123.7	83.01609068
123.8	83.87681657
123.9	84.73181859
124	85.50606191
124.1	86.17119871
124.2	87.06786925
124.3	87.30953527
124.4	87.14231179
124.5	86.030975
124.6	84.8601014
124.7	85.70585064
124.8	87.11642776
124.9	87.54548656
125	87.69432003
125.1	87.90972635
125.2	88.43610073
125.3	88.90911935
125.4	88.70083798
125.5	87.07709638
125.6	85.27878992
125.7	84.43313901
125.8	85.70938672
125.9	89.15486289
126	91.81424085
126.1	93.78227546
126.2	94.61506962
126.3	95.6567309
126.4	97.60009675
126.5	99.6634213
126.6	101.1719196
126.7	101.66266213
126.8	101.46174846
126.9	100.24995616
127	99.14125737
127.1	98.03525708
127.2	98.04317375
127.3	100.18743248
127.4	102.60524628
127.5	103.43995332
127.6	104.39064935
127.7	106.31820808
127.8	108.31739261
127.9	109.14753432
128	107.77448449
128.1	105.55710185
128.2	104.59920523
128.3	104.60614489
128.4	104.27918915
128.5	103.26575611
128.6	101.62361401
128.7	99.31464988
128.8	98.46822801
128.9	98.45609091
129	98.70250937
129.1	98.82134381
129.2	99.24884446
129.3	99.63794536
129.4	100.28146023
129.5	100.83918548
129.6	100.39616227
129.7	99.25870714
129.8	99.28171479
129.9	99.28587804
130	99.4574204
130.1	99.80874185
130.2	99.32604678
130.3	99.62584125
130.4	100.51803383
130.5	102.01906645
130.6	103.65429581
130.7	103.72155821
130.8	102.95664426
130.9	101.91749692
131	100.84170151
131.1	100.16072855
131.2	100.58448681
131.3	101.20037867
131.4	100.6308718
131.5	101.06149956
131.6	104.145443
131.7	106.03478765
131.8	109.57976553
131.9	112.66398433
132	112.92539232
132.1	110.47730737
132.2	107.36860321
132.3	104.46537606
132.4	102.48085253
132.5	101.90354663
132.6	102.70486205
132.7	102.97790639
132.8	102.20871855
132.9	101.05820313
133	101.44770353
133.1	102.5167819
133.2	104.58456612
133.3	105.806507
133.4	106.18740495
133.5	106.13028771
133.6	106.51682654
133.7	107.23799778
133.8	107.25107262
133.9	106.71571513
134	106.59155099
134.1	107.12883263
134.2	107.36890154
134.3	106.47995561
134.4	105.33495309
134.5	104.98334519
134.6	104.76265565
134.7	104.12915963
134.8	102.24774253
134.9	100.98261654
135	99.43509882
135.1	98.06688566
135.2	96.67100565
135.3	94.630207
135.4	94.87173278
135.5	96.61089996
135.6	99.02957546
135.7	99.98886744
135.8	100.7864939
135.9	100.05927475
136	99.92955073
136.1	100.32650547
136.2	100.66360818
136.3	100.91629332
136.4	101.16421582
136.5	102.03628664
136.6	102.23652092
136.7	100.79287342
136.8	101.03784089
136.9	102.59955586
137	104.48263961
137.1	105.81339515
137.2	108.01776325
137.3	110.53786509
137.4	110.29421448
137.5	107.70736523
137.6	105.44730096
137.7	104.70900416
137.8	103.48774972
137.9	102.07795559
138	100.12541162
138.1	97.46251781
138.2	97.3638375
138.3	96.79512496
138.4	96.69181245
138.5	97.65928202
138.6	98.51417745
138.7	99.79464254
138.8	100.28656052
138.9	99.93131906
139	99.62992773
139.1	99.63406912
139.2	99.64719803
139.3	98.57553713
139.4	97.21439116
139.5	97.64684924
139.6	97.60380409
139.7	96.67787684
139.8	94.81930668
139.9	93.33082026
140	94.70823671
140.1	96.39040847
140.2	98.41911132
140.3	100.98728714
140.4	101.85073189
140.5	101.08919078
140.6	99.98921368
140.7	99.81387936
140.8	100.65582066
140.9	101.61415807
141	103.23035818
141.1	104.53640153
141.2	103.4234151
141.3	100.5167827
141.4	96.04458961
141.5	94.45300298
141.6	94.0988279
141.7	95.25273707
141.8	96.51704873
141.9	98.29647173
142	99.20265362
142.1	99.72098286
142.2	100.07153361
142.3	98.97213599
142.4	98.31402085
142.5	99.10255407
142.6	100.60469852
142.7	101.18034869
142.8	101.28662698
142.9	101.38073453
143	101.48239311
143.1	101.58470033
143.2	101.62232766
143.3	102.38158958
143.4	105.16416605
143.5	108.61572067
143.6	111.67915896
143.7	111.32547808
143.8	109.24412754
143.9	107.41284522
144	106.17738626
144.1	104.63311843
144.2	102.95116645
144.3	102.24226556
144.4	101.38000011
144.5	100.35895614
144.6	99.75196017
144.7	99.12155951
144.8	98.60931448
144.9	98.25203536
145	98.74034949
145.1	99.64558776
145.2	100.65535683
145.3	101.04962095
145.4	100.48228015
145.5	99.565304
145.6	98.46949266
145.7	96.94584864
145.8	95.25336301
145.9	94.70824597
146	95.49390227
146.1	96.5191319
146.2	97.44619703
146.3	98.81196875
146.4	99.85603821
146.5	99.08372879
146.6	98.84975946
146.7	98.97810921
146.8	99.24006726
146.9	99.02254795
147	99.77007859
147.1	100.48993108
147.2	101.44528936
147.3	103.73479479
147.4	105.94099449
147.5	108.05384777
147.6	108.74420913
147.7	106.80252298
147.8	104.42898187
147.9	103.00227546
148	102.5783462
148.1	102.70813303
148.2	103.5737502
148.3	104.0054101
148.4	103.74125803
148.5	104.6264302
148.6	105.26975596
148.7	105.68223491
148.8	105.13540675
148.9	104.9972288
149	105.06326377
149.1	104.83884254
149.2	103.02015804
149.3	100.99574241
149.4	100.73928312
149.5	100.36198498
149.6	99.81629684
149.7	100.02866261
149.8	100.83500043
149.9	101.96593257
150	103.58821626
150.1	103.63320408
150.2	103.09998725
150.3	102.47980496
150.4	101.52988557
150.5	100.20777221
150.6	98.85372601
150.7	99.75278303
150.8	99.68428858
150.9	99.64845107
151	100.30389602
151.1	101.6763514
151.2	103.17010362
151.3	104.25158252
151.4	104.40171619
151.5	104.50907231
151.6	105.06788532
151.7	107.66746117
151.8	107.96703562
151.9	106.40356263
152	104.24299452
152.1	102.60644261
152.2	102.27320472
152.3	102.47698783
152.4	102.61140243
152.5	102.01732978
152.6	101.14029163
152.7	100.82906366
152.8	101.88329665
152.9	103.20143332
153	104.76273914
153.1	105.0956415
153.2	104.8350723
153.3	105.59273777
153.4	107.77349335
153.5	108.63848557
153.6	109.18011683
153.7	108.44659899
153.8	106.74437844
153.9	105.72619874
154	103.79830449
154.1	102.21855798
154.2	102.79239226
154.3	104.15204911
154.4	104.8028012
154.5	104.79920481
154.6	104.87928145
154.7	104.99622779
154.8	105.11217087
154.9	105.20560137
155	105.57938323
155.1	105.4928759
155.2	104.21628847
155.3	102.59924445
155.4	102.06673444
155.5	102.01608493
155.6	102.14842249
155.7	102.96330861
155.8	101.97175704
155.9	100.86021082
156	100.6712375
156.1	101.57981093
156.2	101.65291332
156.3	102.65033707
156.4	103.82955392
156.5	104.99457052
156.6	105.68270362
156.7	105.90273925
156.8	106.57999002
156.9	106.9283151
157	105.78650719
157.1	103.942614
157.2	102.64456829
157.3	101.9204805
157.4	101.87104812
157.5	102.19252072
157.6	101.75600546
157.7	100.80424971
157.8	99.82162192
157.9	98.4924514
158	96.65234859
158.1	95.24812661
158.2	96.12913887
158.3	99.52344513
158.4	103.3879385
158.5	105.63557475
158.6	105.28246723
158.7	104.84379872
158.8	104.65463522
158.9	105.02551828
159	104.77310486
159.1	104.61185314
159.2	104.85583458
159.3	105.44564555
159.4	106.04511795
159.5	106.58051373
159.6	106.78810136
159.7	106.78802457
159.8	106.53146267
159.9	105.60115326
160	105.53755451
160.1	105.35859152
160.2	105.23463882
160.3	105.40054046
160.4	105.36849673
160.5	103.94373067
160.6	102.81441662
160.7	102.30148703
160.8	102.17343423
160.9	101.44714
161	102.15683288
161.1	103.21333343
161.2	104.04720939
161.3	104.56500158
161.4	105.38102902
161.5	106.50809306
161.6	108.61982183
161.7	110.12124373
161.8	110.37670473
161.9	109.74177123
162	108.25751601
162.1	105.32814578
162.2	103.20883914
162.3	102.25749283
162.4	102.21734466
162.5	104.00009857
162.6	106.63999727
162.7	108.81583067
162.8	109.53894256
162.9	109.50795216
163	109.65620472
163.1	109.99499678
163.2	109.78336855
163.3	112.38000446
163.4	114.15053095
163.5	114.47733037
163.6	114.54077614
163.7	114.6901388
163.8	115.90238199
163.9	116.0928131
164	114.49767465
164.1	111.66412008
164.2	109.19763472
164.3	108.17132236
164.4	107.98819795
164.5	107.571151
164.6	107.65707933
164.7	105.49033521
164.8	102.1023012
164.9	99.07009531
165	97.82141174
165.1	97.31623318
165.2	98.3809007
165.3	99.07379647
165.4	98.89527944
165.5	98.83866709
165.6	98.50011789
165.7	100.89266105
165.8	103.05837208
165.9	104.02277131
166	104.6591481
166.1	105.10601243
166.2	105.9493206
166.3	109.10715804
166.4	112.82015448
166.5	114.91246466
166.6	116.84057182
166.7	117.6718108
166.8	116.69671057
166.9	111.78427127
167	106.18680266
167.1	105.85387107
167.2	107.25054217
167.3	109.22887184
167.4	111.18513954
167.5	113.17130443
167.6	115.11550706
167.7	115.9258939
167.8	114.97380563
167.9	112.86486878
168	111.00548002
168.1	108.6435923
168.2	106.77244262
168.3	106.21764637
168.4	106.9625825
168.5	108.50367738
168.6	109.7777113
168.7	110.3771077
168.8	110.14899444
168.9	109.62606639
169	109.41929393
169.1	109.8187805
169.2	110.72060006
169.3	111.6952708
169.4	111.7972605
169.5	111.50573014
169.6	111.55131574
169.7	112.76871009
169.8	114.39326579
169.9	115.27669219
170	114.79140318
170.1	113.84292819
170.2	112.51543522
170.3	110.74745295
170.4	109.20020722
170.5	109.11701156
170.6	111.33939595
170.7	112.37563838
170.8	112.65835992
170.9	111.40853631
171	109.20114246
171.1	108.53618029
171.2	107.92586576
171.3	108.3741546
171.4	110.35140434
171.5	111.73871394
171.6	112.82081216
171.7	114.7260319
171.8	115.81698542
171.9	116.86357623
172	117.90289912
172.1	118.76544417
172.2	117.49147112
172.3	113.80070658
172.4	109.51774001
172.5	108.28427227
172.6	108.21188355
172.7	108.34545513
172.8	108.73674776
172.9	109.21213917
173	109.74799518
173.1	110.74070284
173.2	112.26077341
173.3	113.42757086
173.4	115.40425015
173.5	118.50543574
173.6	119.74595522
173.7	120.0843649
173.8	120.10794689
173.9	119.56635345
174	118.22524268
174.1	115.60327575
174.2	114.13887732
174.3	114.56949471
174.4	112.44724254
174.5	109.58054726
174.6	107.8145338
174.7	106.78283043
174.8	105.34412386
174.9	102.93294262
175	99.72210543
175.1	99.57109346
175.2	101.83808274
175.3	104.53279574
175.4	106.14215202
175.5	106.6799181
175.6	107.56980433
175.7	109.50780413
175.8	112.29881068
175.9	114.88147197
176	115.62477339
176.1	115.29081735
176.2	114.56982713
176.3	113.9317434
176.4	111.79122705
176.5	109.48233253
176.6	107.99312076
176.7	108.57784231
176.8	108.39763857
176.9	107.97517486
177	107.96025815
177.1	107.22526098
177.2	107.09221048
177.3	108.30350289
177.4	110.1944016
177.5	111.92586619
177.6	113.35745591
177.7	114.11040243
177.8	113.59337087
177.9	112.56646532
178	112.10497105
178.1	111.95614757
178.2	111.952823
178.3	112.14533881
178.4	113.49509118
178.5	115.52765387
178.6	117.64187996
178.7	119.9292136
178.8	122.30823992
178.9	124.3161984
179	125.23628883
179.1	126.03379282
179.2	125.35613859
179.3	123.31799081
179.4	121.51561573
179.5	119.86123271
179.6	118.71045116
179.7	116.39859757
179.8	114.06468665
179.9	112.81017847
180	109.25152113
180.1	106.09729197
180.2	105.15349826
180.3	105.00905702
180.4	105.32370337
180.5	106.90991175
180.6	109.44788843
180.7	111.79797367
180.8	112.50333479
180.9	111.36699456
181	110.74504984
181.1	110.96614833
181.2	111.37100417
181.3	111.07516571
181.4	110.72889094
181.5	109.21756677
181.6	106.93341032
181.7	104.7451645
181.8	102.83380536
181.9	103.54684382
182	104.67259705
182.1	105.5858443
182.2	106.4721785
182.3	107.47545254
182.4	109.04930542
182.5	110.3596007
182.6	111.77489634
182.7	112.74424247
182.8	111.21563491
182.9	110.18104988
183	110.87544391
183.1	112.3507289
183.2	113.56814847
183.3	113.92055329
183.4	112.47731235
183.5	110.92120865
183.6	110.7773729
183.7	110.50388952
183.8	109.70857027
183.9	109.28068867
184	109.77152035
184.1	110.4391862
184.2	112.27367215
184.3	113.4937629
184.4	114.96099441
184.5	115.50426906
184.6	114.19733541
184.7	113.56264964
184.8	114.71728557
184.9	116.08997204
185	117.21827051
185.1	118.42515036
185.2	119.65704897
185.3	119.85565281
185.4	118.595431
185.5	116.74263834
185.6	115.22671618
185.7	113.46608902
185.8	111.96237221
185.9	111.74123464
186	112.43836871
186.1	112.35869361
186.2	111.8735207
186.3	111.9889287
186.4	110.45153247
186.5	108.65655998
186.6	108.39525832
186.7	109.46728592
186.8	111.73572456
186.9	113.64421225
187	113.39724658
187.1	110.53012981
187.2	109.71797995
187.3	111.13204725
187.4	112.34665051
187.5	112.71185944
187.6	111.56483826
187.7	110.13210424
187.8	109.9241474
187.9	112.90798695
188	113.73453102
188.1	113.40079084
188.2	112.69474063
188.3	112.87228619
188.4	113.10378994
188.5	112.76106515
188.6	112.29961742
188.7	112.07530522
188.8	109.8550605
188.9	108.98058114
189	108.63592111
189.1	108.66455975
189.2	110.00756667
189.3	111.52963252
189.4	113.599904
189.5	115.89582669
189.6	117.3250233
189.7	116.53361327
189.8	116.70298739
189.9	116.91711696
190	116.68298956
190.1	116.31044673
190.2	115.55617684
190.3	114.12258301
190.4	112.54036123
190.5	111.53407969
190.6	112.55223232
190.7	113.98239371
190.8	114.14422289
190.9	113.13480554
191	111.80514939
191.1	113.40118805
191.2	114.43628173
191.3	113.97439945
191.4	112.9464078
191.5	113.58424473
191.6	115.39264942
191.7	117.18232586
191.8	117.93950503
191.9	119.55747744
192	121.58141507
192.1	122.66627574
192.2	122.92106797
192.3	122.13338115
192.4	120.57436965
192.5	119.71274472
192.6	116.94262066
192.7	114.74865868
192.8	114.5822302
192.9	116.22605714
193	117.57982242
193.1	117.49383744
193.2	115.87405299
193.3	113.39834222
193.4	110.55570225
193.5	109.10961125
193.6	109.62141168
193.7	111.26161368
193.8	112.23535703
193.9	110.90625126
194	108.91315285
194.1	107.77143716
194.2	108.92568411
194.3	110.97327778
194.4	113.32575803
194.5	114.82311166
194.6	115.47352712
194.7	116.3111054
194.8	117.38894758
194.9	117.92105613
195	116.72308853
195.1	114.45284486
195.2	111.8201519
195.3	111.69371459
195.4	113.55744557
195.5	114.02965204
195.6	115.93784364
195.7	118.95079801
195.8	119.85037096
195.9	120.08849735
196	120.23323858
196.1	120.20987495
196.2	119.22474285
196.3	116.64259123
196.4	115.28924891
196.5	115.87488725
196.6	116.92158457
196.7	117.14461889
196.8	119.07303421
196.9	121.76118358
197	124.4529694
197.1	127.33591649
197.2	123.03905891
197.3	120.16267543
197.4	115.94563372
197.5	111.57478231
197.6	109.46386137
197.7	110.59998088
197.8	111.91325347
197.9	113.30867295
198	114.64608059
198.1	116.54504791
198.2	116.97007749
198.3	115.87204032
198.4	114.16616861
198.5	112.22160134
198.6	110.10979941
198.7	110.19395247
198.8	112.65686737
198.9	116.56173456
199	119.80364581
199.1	122.97169201
199.2	124.92386864
199.3	123.3237501
199.4	117.74479994
199.5	111.99970275
199.6	107.44505724
199.7	106.44139659
199.8	110.53558577
199.9	114.60276587
200	118.1442517
200.1	121.80002532
200.2	123.19042117
200.3	123.80232015
200.4	124.71463384
200.5	125.30333736
200.6	124.84320869
200.7	122.1621962
200.8	118.27230744
200.9	113.06411054
201	107.78301007
201.1	107.87809373
201.2	108.94027876
201.3	109.47642851
201.4	110.3917916
201.5	111.72570387
201.6	113.28165621
201.7	114.8700007
201.8	115.96224717
201.9	117.38773942
202	117.31424359
202.1	116.723928
202.2	117.09431759
202.3	118.77338184
202.4	121.30715806
202.5	124.84755588
202.6	129.01499583
202.7	133.32113242
202.8	136.26424637
202.9	136.32344933
203	133.99033395
203.1	129.41057924
203.2	120.84333529
203.3	116.89339374
203.4	116.68731052
203.5	118.45807714
203.6	119.87302925
203.7	119.674582
203.8	117.80599536
203.9	114.28007264
204	110.09775256
204.1	108.94972683
204.2	110.22367182
204.3	112.5054799
204.4	113.90567934
204.5	113.45830428
204.6	111.10747109
204.7	107.95761976
204.8	106.78374052
204.9	106.84080713
205	108.58808763
205.1	111.6308244
205.2	114.96091421
205.3	115.80706812
205.4	113.11799568
205.5	107.2998608
205.6	103.6298178
205.7	101.87990668
205.8	101.13579739
205.9	100.97062392
206	102.32735675
206.1	103.98240051
206.2	105.52804784
206.3	105.40838647
206.4	103.21617198
206.5	101.03710372
206.6	99.84624352
206.7	98.85295255
206.8	97.79991928
206.9	96.61232786
207	95.30848305
207.1	95.25976527
207.2	95.87811667
207.3	96.75987105
207.4	98.53377361
207.5	101.39217451
207.6	103.31567968
207.7	104.61563331
207.8	105.68345699
207.9	107.5687645
208	107.87589206
208.1	107.66864566
208.2	107.98939822
208.3	107.96314188
208.4	107.6192699
208.5	109.45492007
208.6	111.8890331
208.7	112.75640019
208.8	112.0918187
208.9	112.16235888
209	111.86713674
209.1	111.36515743
209.2	110.15693006
209.3	108.76369119
209.4	108.51350528
209.5	109.37055731
209.6	110.70677958
209.7	111.96116876
209.8	112.50431284
209.9	113.22804801
210	115.40530419
210.1	117.83360936
210.2	118.55054513
210.3	118.67018247
210.4	118.2677648
210.5	117.56711321
210.6	116.70193088
210.7	115.90395224
210.8	114.0742235
210.9	110.60223637
211	107.61888062
211.1	106.16779146
211.2	106.10652454
211.3	107.58179204
211.4	109.5976095
211.5	110.30543668
211.6	111.05687348
211.7	110.86359677
211.8	111.29971954
211.9	111.90117844
212	112.35332106
212.1	114.296458
212.2	115.13346464
212.3	114.38971153
212.4	113.10045025
212.5	112.38697011
212.6	112.69533993
212.7	112.89256124
212.8	112.49343505
212.9	111.9850763
213	111.79580525
213.1	111.17630325
213.2	109.20821819
213.3	108.29817734
213.4	109.51969692
213.5	110.22111836
213.6	110.40473241
213.7	110.55549869
213.8	110.34810122
213.9	110.37402838
214	111.20651331
214.1	113.852309
214.2	117.73049384
214.3	118.89882325
214.4	118.53680101
214.5	119.37274513
214.6	119.46675817
214.7	118.5322233
214.8	118.30523486
214.9	119.06666895
215	120.53012445
215.1	120.42285061
215.2	119.37456851
215.3	117.83642943
215.4	115.6891093
215.5	114.11371876
215.6	112.93504092
215.7	111.7500546
215.8	113.37605167
215.9	116.97134118
216	119.69726072
216.1	121.47967412
216.2	121.86754894
216.3	120.09827937
216.4	118.6902178
216.5	117.51286968
216.6	116.50203031
216.7	116.7019834
216.8	117.5227343
216.9	116.78673117
217	115.71993502
217.1	115.25037786
217.2	116.38620792
217.3	117.46344853
217.4	117.66199102
217.5	116.79083339
217.6	115.92007694
217.7	115.12575383
217.8	115.46018065
217.9	116.54788282
218	117.69121949
218.1	119.5616579
218.2	121.28334307
218.3	120.19222265
218.4	117.36184628
218.5	116.10443751
218.6	115.14085952
218.7	114.20532841
218.8	115.34624255
218.9	118.77924524
219	121.62650112
219.1	124.65945924
219.2	125.51437105
219.3	124.95559205
219.4	123.66581393
219.5	122.34836223
219.6	122.49550097
219.7	122.87320423
219.8	123.25744832
219.9	123.61610337
220	123.75714217
220.1	123.3650511
220.2	122.80303057
220.3	121.44784435
220.4	119.97341446
220.5	119.50170713
220.6	119.99655589
220.7	120.77395299
220.8	120.13709737
220.9	119.91514401
221	120.11243143
221.1	120.55087994
221.2	121.6806007
221.3	121.45689086
221.4	118.73658345
221.5	117.70046097
221.6	117.58190396
221.7	118.27901103
221.8	119.72228638
221.9	120.95958904
222	121.27400191
222.1	120.49944655
222.2	119.32429652
222.3	118.30162581
222.4	117.53096245
222.5	116.82672393
222.6	116.72183921
222.7	118.21762452
222.8	119.55095311
222.9	120.26464095
223	121.10305004
223.1	123.06692738
223.2	124.9126584
223.3	127.50136688
223.4	130.48761396
223.5	133.84457285
223.6	137.05767758
223.7	136.90944007
223.8	135.68665488
223.9	134.2529374
224	131.53040823
224.1	129.60922859
224.2	128.14845298
224.3	126.64509439
224.4	126.09968074
224.5	127.16193774
224.6	127.83137149
224.7	127.57115646
224.8	126.00838268
224.9	124.3256352
225	123.79372254
225.1	123.58382138
225.2	123.62341465
225.3	123.69715172
225.4	121.19916942
225.5	117.95814462
225.6	115.51437645
225.7	114.56485008
225.8	114.79933871
225.9	115.15475433
226	115.48179109
226.1	115.87228025
226.2	116.81590149
226.3	117.65390068
226.4	118.08957067
226.5	118.29444272
226.6	118.05415951
226.7	117.90855062
226.8	117.78331475
226.9	117.64018148
227	116.96844297
227.1	116.36208644
227.2	116.44135032
227.3	116.68521785
227.4	115.70664151
227.5	114.90637971
227.6	114.10643708
227.7	113.59141534
227.8	112.93167407
227.9	112.72296295
228	112.45408746
228.1	112.03161614
228.2	111.91389007
228.3	111.6290109
228.4	111.14626525
228.5	112.05196058
228.6	113.24611086
228.7	115.00642473
228.8	118.00984244
228.9	120.52207893
229	122.04241946
229.1	122.70060714
229.2	123.54845216
229.3	127.46738306
229.4	131.80443273
229.5	138.32815595
229.6	144.01233019
229.7	149.14433236
229.8	149.10294215
229.9	140.45373344
230	124.07215475
230.1	106.92752835
230.2	96.78645274
230.3	92.92001154
230.4	92.28390012
230.5	92.01816747
230.6	90.21195087
230.7	87.81755654
230.8	82.77654204
230.9	77.51898276
231	72.23649325
231.1	68.30390301
231.2	65.30906378
231.3	64.12261958
231.4	65.44659045
231.5	68.2635363
231.6	72.22351062
231.7	76.56323449
231.8	82.92253472
231.9	88.62487388
232	94.43190889
232.1	100.75530712
232.2	106.04477383
232.3	109.50882182
232.4	111.72164501
232.5	113.0476265
232.6	113.09899538
232.7	113.28252224
232.8	113.98977209
232.9	114.34490071
233	114.03161225
233.1	113.74358906
233.2	113.74408222
233.3	113.75186991
233.4	114.57658808
233.5	115.09117636
233.6	115.38189543
233.7	115.98853118
233.8	117.13004803
233.9	118.47515551
234	120.47391701
234.1	122.85124088
234.2	124.56424732
234.3	125.69211222
234.4	127.13360707
234.5	128.40035243
234.6	129.48400696
234.7	130.61042089
234.8	130.78149802
234.9	129.43197812
235	128.61532547
235.1	127.8780724
235.2	128.03741621
235.3	128.86695253
235.4	129.67531597
235.5	130.45226887
235.6	130.30829214
235.7	128.95166108
235.8	127.93346956
235.9	126.89186811
236	126.227453
236.1	125.66845538
236.2	125.28493402
236.3	126.40930739
236.4	128.02758629
236.5	130.08400712
236.6	130.99277822
236.7	130.80998522
236.8	131.62924933
236.9	132.4395899
237	133.78588047
237.1	134.6023682
237.2	133.88951783
237.3	129.97829704
237.4	127.42053172
237.5	125.97195556
237.6	124.64812905
237.7	125.03957122
237.8	126.7220164
237.9	129.55255424
238	132.38373157
238.1	134.54066817
238.2	136.37203791
238.3	137.89163323
238.4	138.50794023
238.5	137.82885153
238.6	134.98264082
238.7	132.45765705
238.8	130.75713828
238.9	129.92656919
239	128.74311803
239.1	127.70151933
239.2	127.04319817
239.3	126.05773091
239.4	124.59093915
239.5	124.53580631
239.6	127.04142119
239.7	128.87832685
239.8	129.31857817
239.9	129.72522473
240	131.39963341
240.1	130.33835245
240.2	128.85559845
240.3	126.91302295
240.4	126.04744758
240.5	124.60053803
240.6	123.45652934
240.7	123.46754282
240.8	124.57709763
240.9	125.91157967
241	128.43092696
241.1	129.33480275
241.2	128.87679402
241.3	128.02848187
241.4	128.81582757
241.5	128.65930576
241.6	127.90060884
241.7	126.17260232
241.8	122.8067129
241.9	120.2034729
242	118.40978568
242.1	118.33862074
242.2	119.41986184
242.3	121.92555015
242.4	123.70432807
242.5	124.42818868
242.6	124.06224711
242.7	124.08692845
242.8	123.62347621
242.9	122.86681355
243	122.9123494
243.1	123.71347564
243.2	124.01059454
243.3	122.03214615
243.4	118.64920214
243.5	115.33393887
243.6	113.3793498
243.7	111.45743783
243.8	111.35114701
243.9	112.58035386
244	115.93772844
244.1	119.74903165
244.2	122.46342428
244.3	123.47056247
244.4	123.46847966
244.5	123.34846706
244.6	122.88514185
244.7	122.04053727
244.8	121.25101902
244.9	120.69414501
245	120.05058625
245.1	116.99523873
245.2	113.00869354
245.3	107.87141745
245.4	103.35974974
245.5	97.98273579
245.6	94.91611275
245.7	95.17287229
245.8	96.24974789
245.9	96.39136357
246	96.36185833
246.1	98.17148494
246.2	100.40660812
246.3	102.6855492
246.4	104.99423368
246.5	106.61422443
246.6	109.50563712
246.7	113.40234493
246.8	117.91581838
246.9	121.37735649
247	123.95238659
247.1	126.93318867
247.2	127.84680988
247.3	127.10189721
247.4	126.41419539
247.5	126.31154882
247.6	126.06046493
247.7	125.01649931
247.8	124.04688453
247.9	124.31455625
248	125.71624695
248.1	127.50499653
248.2	128.16841505
248.3	128.27648781
248.4	126.49702011
248.5	125.44746297
248.6	125.09770332
248.7	124.05956821
248.8	123.10260526
248.9	123.45511679
249	125.26149568
249.1	128.31976173
249.2	131.86358826
249.3	132.3806033
249.4	131.048219
249.5	129.64727373
249.6	129.81316619
249.7	129.01022569
249.8	127.57827305
249.9	126.51362119
250	125.61659713
250.1	125.02165891
250.2	124.67248367
250.3	125.02213048
250.4	125.12009662
250.5	124.21024699
250.6	122.78146369
250.7	121.63214791
250.8	122.08826273
250.9	122.76023659
251	123.01525434
251.1	122.62473666
251.2	122.00566024
251.3	121.38408444
251.4	120.15887012
251.5	118.44179881
251.6	116.00619297
251.7	114.23567122
251.8	112.38512807
251.9	110.14989771
252	107.05223744
252.1	103.8864659
252.2	100.43362857
252.3	97.97494354
252.4	97.24615915
252.5	96.81438129
252.6	96.36353016
252.7	95.15375321
252.8	94.66050886
252.9	95.57387568
253	96.6405681
253.1	98.27695791
253.2	100.39471531
253.3	101.97504259
253.4	103.74613342
253.5	106.40009768
253.6	109.26043732
253.7	112.25142774
253.8	114.97994685
253.9	118.83222845
254	121.11831132
254.1	121.67628078
254.2	121.32928449
254.3	121.00916846
254.4	122.24417988
254.5	124.29934412
254.6	127.64806143
254.7	130.85811352
254.8	132.45536217
254.9	134.33470393
255	136.14524819
255.1	136.76022679
255.2	135.72862794
255.3	133.20448112
255.4	130.14399141
255.5	126.58532778
255.6	123.2610719
255.7	120.887898
255.8	120.62901285
255.9	120.67718557
256	122.82272297
256.1	125.19954634
256.2	124.85453417
256.3	125.62994338
256.4	127.41781757
256.5	129.64240627
256.6	130.6829342
256.7	130.80963228
256.8	130.12379693
256.9	128.59513281
257	126.81710545
257.1	125.21091683
257.2	124.85982908
257.3	124.8853818
257.4	124.09216931
257.5	122.45251131
257.6	120.62471587
257.7	120.84065012
257.8	124.21373879
257.9	129.05897821
258	134.67884413
258.1	135.5614887
258.2	134.5777777
258.3	133.78261971
258.4	133.65039349
258.5	133.79657015
258.6	134.43608799
258.7	136.83725692
258.8	137.45350348
258.9	135.99708063
259	134.31284527
259.1	133.42021372
259.2	133.80871958
259.3	135.86903128
259.4	139.1625243
259.5	142.36811955
259.6	145.5798789
259.7	146.60719457
259.8	144.65120178
259.9	141.28185926
260	137.52173808
260.1	133.56874848
260.2	130.64656396
260.3	130.81066408
260.4	131.12268513
260.5	130.58634258
260.6	129.89510908
260.7	131.08824221
260.8	133.70287328
260.9	135.42043639
261	134.32625845
261.1	132.77274726
261.2	131.21837734
261.3	129.70496424
261.4	129.60824659
261.5	128.94962849
261.6	128.83263955
261.7	130.0758322
261.8	131.65838216
261.9	133.37015885
262	134.50507849
262.1	134.77955278
262.2	135.68342455
262.3	137.60656602
262.4	137.74834356
262.5	135.69488805
262.6	133.98432772
262.7	133.26294563
262.8	134.37542171
262.9	134.61105853
263	134.33597068
263.1	132.99657848
263.2	130.39421624
263.3	127.85413272
263.4	128.2542087
263.5	130.2024606
263.6	131.19041137
263.7	131.50786403
263.8	131.25032752
263.9	130.81779748
264	130.82656959
264.1	130.84744595
264.2	130.64660636
264.3	130.98177268
264.4	131.86367376
264.5	132.02334326
264.6	131.86288294
264.7	131.6319149
264.8	132.1713196
264.9	131.08793964
265	128.14915333
265.1	124.95354203
265.2	123.31298711
265.3	122.74988335
265.4	123.28659724
265.5	123.46555918
265.6	125.14226393
265.7	126.66446784
265.8	128.23100398
265.9	129.96169332
266	131.31301034
266.1	132.04244092
266.2	131.06058475
266.3	129.79980345
266.4	129.84582035
266.5	130.05086963
266.6	130.49178274
266.7	131.07519618
266.8	131.8223899
266.9	130.55187527
267	128.49391648
267.1	126.53865037
267.2	127.14850775
267.3	129.28399942
267.4	129.43287727
267.5	129.19430406
267.6	129.58743741
267.7	130.77633189
267.8	132.22479894
267.9	132.57970885
268	131.30300892
268.1	129.06525931
268.2	127.25489695
268.3	126.87810736
268.4	128.4480095
268.5	130.03124014
268.6	130.7797107
268.7	129.86757638
268.8	127.06236321
268.9	124.95358302
269	123.57591236
269.1	122.69622845
269.2	122.33354027
269.3	123.22930752
269.4	122.5422218
269.5	122.08138062
269.6	122.47320483
269.7	122.00923665
269.8	121.12217063
269.9	120.35698601
270	120.54010107
270.1	121.61164967
270.2	124.44581253
270.3	129.20331467
270.4	131.42594384
270.5	131.56942009
270.6	129.88787657
270.7	128.24656516
270.8	128.87971687
270.9	131.79950482
271	135.27261729
271.1	136.21618147
271.2	134.31726094
271.3	131.27317836
271.4	128.43762854
271.5	127.97190922
271.6	130.39111835
271.7	132.54344807
271.8	134.07848097
271.9	135.40438475
272	136.28811072
272.1	135.77645955
272.2	135.7376036
272.3	135.690307
272.4	135.64350595
272.5	135.58596795
272.6	134.05969968
272.7	133.59835831
272.8	134.38036344
272.9	135.36388898
273	136.35961751
273.1	136.79481607
273.2	136.51703935
273.3	136.59608087
273.4	138.19245554
273.5	140.92479511
273.6	141.95754248
273.7	141.04101382
273.8	138.09419073
273.9	135.40026392
274	134.19992331
274.1	133.57851679
274.2	132.99920618
274.3	129.56007428
274.4	125.07744028
274.5	121.34923427
274.6	120.05504084
274.7	119.92060241
274.8	120.11834207
274.9	120.23709487
275	121.51007657
275.1	123.00401967
275.2	125.90290562
275.3	128.82766516
275.4	130.04629206
275.5	130.96700935
275.6	131.21004062
275.7	130.81718749
275.8	129.5333163
275.9	129.18861903
276	128.06088043
276.1	127.17401984
276.2	128.0319672
276.3	128.94091391
276.4	129.91583905
276.5	130.65495368
276.6	130.05691169
276.7	128.83607223
276.8	128.61984052
276.9	129.43047391
277	128.73945684
277.1	126.10104158
277.2	122.98635835
277.3	121.92882325
277.4	122.16458509
277.5	122.64473347
277.6	122.28894226
277.7	121.55182326
277.8	122.10579571
277.9	124.35284602
278	127.19163598
278.1	129.47765249
278.2	129.61967811
278.3	128.38828372
278.4	126.85827102
278.5	125.66706677
278.6	124.45688217
278.7	124.88583869
278.8	125.44960289
278.9	126.02113625
279	127.27743102
279.1	129.39381063
279.2	130.40220425
279.3	129.78722783
279.4	128.80979777
279.5	128.45073241
279.6	128.31696578
279.7	130.29611491
279.8	132.59245876
279.9	133.17417195
280	132.51552676
280.1	131.64218009
280.2	129.35588293
280.3	127.62245249
280.4	128.45231682
280.5	130.81923384
280.6	133.50240144
280.7	134.58140574
280.8	133.52112013
280.9	133.03031252
281	134.57374631
281.1	136.34028635
281.2	136.76903137
281.3	135.47735963
281.4	134.05131812
281.5	132.7509056
281.6	133.10930632
281.7	134.86122491
281.8	136.36367351
281.9	135.91337026
282	133.79699712
282.1	131.56369547
282.2	129.52328081
282.3	127.46197349
282.4	125.37658356
282.5	124.28019689
282.6	124.27840273
282.7	124.3465497
282.8	123.43808305
282.9	123.51986751
283	124.49563274
283.1	125.55015635
283.2	126.79787673
283.3	126.6690339
283.4	125.90173113
283.5	125.83317567
283.6	128.38473059
283.7	131.90719599
283.8	133.01466439
283.9	131.56759765
284	130.6180722
284.1	131.32259961
284.2	133.05697752
284.3	135.75141704
284.4	138.60637906
284.5	138.84654375
284.6	135.85274598
284.7	132.53641231
284.8	130.57954979
284.9	128.5118982
285	124.8445746
285.1	120.73158854
285.2	117.89656126
285.3	115.89692049
285.4	115.88156384
285.5	118.71238004
285.6	122.61800325
285.7	126.75307076
285.8	128.92599809
285.9	129.31449878
286	128.27818975
286.1	129.1252324
286.2	131.35574705
286.3	131.5877465
286.4	129.31851249
286.5	128.13173681
286.6	126.81192914
286.7	125.27905278
286.8	123.37299706
286.9	121.55199287
287	121.59399569
287.1	122.15054685
287.2	122.6563108
287.3	123.08122894
287.4	122.88825901
287.5	123.21004262
287.6	124.81008692
287.7	126.37993506
287.8	127.22107993
287.9	128.10997937
288	128.51160813
288.1	128.68727075
288.2	128.69581053
288.3	127.75558911
288.4	125.75604254
288.5	124.20635992
288.6	123.81528828
288.7	124.68026765
288.8	125.37241158
288.9	125.96589591
289	126.26197324
289.1	126.52763617
289.2	128.24570997
289.3	130.99922817
289.4	132.25407798
289.5	132.63890422
289.6	131.88219413
289.7	129.77205737
289.8	127.81455315
289.9	125.37720918
290	121.94123651
290.1	117.82179329
290.2	115.58367954
290.3	117.00548073
290.4	120.26960024
290.5	123.48095968
290.6	127.30384646
290.7	130.59314276
290.8	133.32416242
290.9	135.47977649
291	136.02120652
291.1	136.09492457
291.2	136.17008369
291.3	136.19792344
291.4	135.53686343
291.5	133.39953499
291.6	131.85152449
291.7	129.76186292
291.8	128.88732716
291.9	129.65148966
292	130.62748185
292.1	131.58668467
292.2	131.0434679
292.3	130.41579119
292.4	129.79694079
292.5	128.71151297
292.6	128.64283657
292.7	129.21129665
292.8	128.99593847
292.9	127.91546781
293	126.83264979
293.1	126.21831631
293.2	125.30044399
293.3	124.31261204
293.4	125.73109131
293.5	128.8423457
293.6	130.21639046
293.7	130.49363552
293.8	130.03394479
293.9	128.67083801
294	128.23534125
294.1	128.35879823
294.2	128.40194318
294.3	127.78731166
294.4	126.00424997
294.5	125.49729549
294.6	125.86632077
294.7	126.05684271
294.8	124.75575014
294.9	121.84295299
295	119.810711
295.1	118.05029797
295.2	116.28101708
295.3	115.15017697
295.4	115.21799461
295.5	117.06327821
295.6	118.7243094
295.7	119.38899558
295.8	118.69601703
295.9	119.90059393
296	121.80542591
296.1	123.47353357
296.2	123.72641731
296.3	122.04008421
296.4	119.02292713
296.5	115.39593992
296.6	113.06572825
296.7	112.11820528
296.8	111.55313972
296.9	110.3492509
297	108.2281927
297.1	106.29962303
297.2	106.47568367
297.3	108.05306745
297.4	109.26815633
297.5	109.75919909
297.6	109.60889521
297.7	109.54168474
297.8	108.34339515
297.9	107.58736699
298	107.40711688
298.1	106.77332473
298.2	104.74145379
298.3	100.84194126
298.4	97.51520864
298.5	97.93485007
298.6	99.62535158
298.7	100.71091382
298.8	101.22841131
298.9	100.80938397
299	99.08153839
299.1	96.74245971
299.2	94.8767626
299.3	93.74003431
299.4	91.74542658
299.5	90.2907188
299.6	90.57206767
299.7	92.75241216
299.8	96.02134297
299.9	100.4555725
300	105.65648705
300.1	111.43947766
300.2	116.41661329
300.3	118.96534406
300.4	120.12229112
300.5	118.9802185
300.6	116.6742441
300.7	114.43539829
300.8	112.62974507
300.9	111.95106764
301	111.68849653
301.1	111.57252461
301.2	111.69566892
301.3	111.13324256
301.4	110.56904441
301.5	109.51962432
301.6	107.7949665
301.7	105.67295471
301.8	104.61074875
301.9	104.90337098
302	105.88617875
302.1	106.49621247
302.2	105.06934938
302.3	102.2360426
302.4	99.89928588
302.5	98.14580453
302.6	96.72546816
302.7	95.47202143
302.8	95.53400869
302.9	95.77770242
303	96.65141736
303.1	98.65515236
303.2	100.24292183
303.3	101.08959483
303.4	101.27410858
303.5	100.84095041
303.6	99.67989473
303.7	98.32710526
303.8	97.8654186
303.9	97.36332002
304	96.28658221
304.1	95.83943134
304.2	97.02897906
304.3	98.86556473
304.4	99.40389158
304.5	98.05356281
304.6	96.80327127
304.7	95.46263564
304.8	95.15077469
304.9	96.05001761
305	95.92032602
305.1	95.46729704
305.2	94.64651833
305.3	94.473557
305.4	95.43106804
305.5	95.43390082
305.6	94.77155722
305.7	94.05433105
305.8	93.92618837
305.9	93.86165568
306	92.25667211
306.1	90.29895068
306.2	89.02614743
306.3	87.50958957
306.4	86.13536398
306.5	88.99709288
306.6	93.28909915
306.7	96.96319889
306.8	98.2667541
306.9	97.23718263
307	96.46804735
307.1	95.41736403
307.2	94.42388379
307.3	93.76683403
307.4	93.45219749
307.5	92.4887019
307.6	92.91364019
307.7	94.28759817
307.8	95.56497003
307.9	96.76229955
308	98.03762325
308.1	99.6819362
308.2	101.2826061
308.3	102.20930871
308.4	101.30383537
308.5	98.93933295
308.6	97.09690814
308.7	95.59094133
308.8	93.99887824
308.9	93.45863324
309	94.00482779
309.1	95.58509807
309.2	98.17837248
309.3	103.1330425
309.4	107.29191286
309.5	111.32311521
309.6	113.57396727
309.7	114.14574124
309.8	110.55712546
309.9	105.90865863
310	102.68534512
310.1	100.17043918
310.2	99.11975845
310.3	96.91285837
310.4	94.63088561
310.5	93.10713471
310.6	91.91374946
310.7	90.70466717
310.8	89.09878186
310.9	87.01168598
311	85.35628909
311.1	85.24049365
311.2	87.13585605
311.3	89.95365418
311.4	92.01872359
311.5	91.78345725
311.6	91.3330588
311.7	91.1699854
311.8	92.44900457
311.9	95.45365739
312	98.539379
312.1	100.31906697
312.2	100.89601968
312.3	101.72801964
312.4	103.79760305
312.5	105.13517754
312.6	104.6024786
312.7	103.20309052
312.8	101.32325959
312.9	99.2429323
313	98.29256718
313.1	98.39708556
313.2	98.82233564
313.3	100.12605669
313.4	103.85403604
313.5	105.2610496
313.6	105.52476121
313.7	104.08866064
313.8	99.15239802
313.9	90.60749523
314	83.13606817
314.1	76.57582535
314.2	72.48397001
314.3	73.13664942
314.4	75.36321519
314.5	77.57108449
314.6	78.78613667
314.7	78.89908128
314.8	78.9723591
314.9	78.37550192
315	79.2536913
315.1	81.55771446
315.2	86.13765441
315.3	89.99507882
315.4	93.41478423
315.5	96.47981305
315.6	99.17124407
315.7	103.17109395
315.8	108.00618812
315.9	110.58522981
316	110.8227094
316.1	111.03408868
316.2	111.10968518
316.3	110.42100617
316.4	109.03311376
316.5	107.54108607
316.6	105.9366294
316.7	105.52247867
316.8	107.23752379
316.9	108.41289502
317	108.17000659
317.1	107.49972949
317.2	107.56829476
317.3	108.0761322
317.4	108.1963403
317.5	108.19957866
317.6	109.46089363
317.7	110.45822907
317.8	110.66290716
317.9	110.53788767
318	110.76469271
318.1	110.90118613
318.2	111.23703196
318.3	111.11589884
318.4	110.56217331
318.5	110.790653
318.6	112.86585154
318.7	118.82565675
318.8	124.39880878
318.9	130.17803121
319	133.84024665
319.1	135.17133119
319.2	136.27981916
319.3	137.47835324
319.4	138.54965313
319.5	137.97769165
319.6	135.85469775
319.7	134.29726496
319.8	133.83277585
319.9	134.32815752
320	134.40237093
320.1	135.06696835
320.2	135.41050001
320.3	134.61824657
320.4	132.42270892
320.5	129.16316277
320.6	127.60935792
320.7	127.8554554
320.8	128.45453799
320.9	128.84728752
321	129.33999654
321.1	129.69463816
321.2	129.17116393
321.3	127.38070883
321.4	126.25171266
321.5	125.17186344
321.6	124.07310304
321.7	123.46196341
321.8	123.76412519
321.9	124.4852246
322	124.49579441
322.1	123.86563579
322.2	124.09315593
322.3	125.55449956
322.4	127.4232527
322.5	129.35951936
322.6	129.96352557
322.7	128.73593454
322.8	127.02222178
322.9	125.77995575
323	124.53928869
323.1	123.2027997
323.2	123.21112183
323.3	123.68178121
323.4	123.68761575
323.5	122.76645586
323.6	121.37400441
323.7	119.91279007
323.8	118.33560005
323.9	118.11096469
324	118.35931168
324.1	118.74899281
324.2	119.33762185
324.3	119.49524932
324.4	119.37971494
324.5	117.9821452
324.6	115.89808259
324.7	116.14051918
324.8	117.4358982
324.9	119.26328228
325	122.00354854
325.1	122.78077129
325.2	122.84761718
325.3	121.27831914
325.4	119.18493945
325.5	118.48122529
325.6	119.22041702
325.7	120.20610437
325.8	121.87357321
325.9	122.45015087
326	121.61032632
326.1	120.32399116
326.2	119.89281178
326.3	119.8231962
326.4	119.75937487
326.5	119.71227415
326.6	119.95279288
326.7	120.51463794
326.8	121.80447737
326.9	122.68624163
327	122.82521376
327.1	122.97286614
327.2	123.49507934
327.3	123.24362821
327.4	122.84352711
327.5	123.87890786
327.6	126.44840208
327.7	129.48476057
327.8	131.9493767
327.9	130.8376161
328	128.77475918
328.1	126.18662607
328.2	123.86052844
328.3	121.43540692
328.4	119.98399328
328.5	120.46778317
328.6	122.11952935
328.7	124.68032465
328.8	127.24258022
328.9	128.12409314
329	129.06597376
329.1	129.98320013
329.2	128.93866672
329.3	127.22416992
329.4	125.94230907
329.5	124.98147465
329.6	124.4474822
329.7	124.90351145
329.8	125.98014741
329.9	127.76339218
330	130.09221031
330.1	132.30925462
330.2	133.62817746
330.3	133.79994626
330.4	135.06947866
330.5	136.87133311
330.6	138.25094806
330.7	137.97700323
330.8	138.22134503
330.9	139.76877522
331	141.79093145
331.1	142.51576486
331.2	143.14917546
331.3	143.78457721
331.4	143.4201157
331.5	141.01223722
331.6	138.44601321
331.7	136.38258605
331.8	134.70462535
331.9	133.23587934
332	131.51077314
332.1	129.40062677
332.2	128.0947916
332.3	128.80175703
332.4	131.82445005
332.5	135.29937532
332.6	137.75612555
332.7	137.96815356
332.8	137.0272004
332.9	136.20502307
333	135.32320516
333.1	134.80733938
333.2	134.82570983
333.3	135.96260276
333.4	137.38998688
333.5	137.64029057
333.6	136.17109468
333.7	134.99447184
333.8	135.25483523
333.9	135.98177476
334	136.81630807
334.1	136.0375907
334.2	134.06475901
334.3	131.77646308
334.4	130.01027358
334.5	127.58349679
334.6	127.67951247
334.7	128.98788431
334.8	129.24412422
334.9	128.62326072
335	128.79140214
335.1	129.70736526
335.2	131.36991603
335.3	132.91018014
335.4	133.56324339
335.5	132.68245194
335.6	132.05232679
335.7	131.80966034
335.8	129.50172201
335.9	128.30596418
336	127.85131133
336.1	127.86002018
336.2	128.55048848
336.3	129.83807318
336.4	132.68860755
336.5	135.18483112
336.6	136.7610351
336.7	135.79744365
336.8	134.46365875
336.9	132.95679896
337	132.58844832
337.1	134.33777308
337.2	134.41720751
337.3	133.15649975
337.4	131.28347347
337.5	129.94426242
337.6	129.61196141
337.7	129.65197068
337.8	128.91738369
337.9	127.21958573
338	124.97087581
338.1	124.34733499
338.2	126.15462252
338.3	129.19206809
338.4	131.95514663
338.5	133.62572991
338.6	134.8196728
338.7	135.19911827
338.8	135.32779417
338.9	135.95238183
339	137.52659029
339.1	139.02117078
339.2	140.33658425
339.3	139.41825824
339.4	135.68411927
339.5	131.15816993
339.6	127.38118639
339.7	125.6278164
339.8	125.79694482
339.9	126.98746939
340	129.24217682
340.1	131.28342582
340.2	131.08425435
340.3	129.14502958
340.4	128.05546086
340.5	129.42396445
340.6	131.71023991
340.7	134.1078675
340.8	136.39094695
340.9	137.08755232
341	137.60512843
341.1	135.46097644
341.2	132.67509578
341.3	130.19521784
341.4	129.04469028
341.5	129.30025648
341.6	129.30204615
341.7	129.82177234
341.8	132.43712159
341.9	135.67879824
342	137.41214931
342.1	137.90205079
342.2	136.8698145
342.3	134.92936631
342.4	133.43278018
342.5	132.22304235
342.6	132.05192254
342.7	132.8198353
342.8	133.37951844
342.9	133.2519451
343	133.24676702
343.1	133.28629931
343.2	131.81028714
343.3	131.27995697
343.4	132.79964494
343.5	133.96926335
343.6	133.2060098
343.7	132.44618068
343.8	131.24534749
343.9	130.84149888
344	131.30765074
344.1	131.08289274
344.2	128.76075687
344.3	126.3449973
344.4	123.67985256
344.5	120.52310881
344.6	120.54373206
344.7	121.85315292
344.8	124.80455643
344.9	127.98345473
345	131.46953247
345.1	135.67729454
345.2	138.50339453
345.3	139.32350379
345.4	138.34439254
345.5	136.63037571
345.6	134.89318053
345.7	132.74762659
345.8	131.16429417
345.9	130.47768956
346	129.69942043
346.1	127.95932578
346.2	126.07801497
346.3	124.89272613
346.4	125.47049067
346.5	124.85191218
346.6	124.48746289
346.7	124.89118476
346.8	126.31062957
346.9	129.57582707
347	131.91480135
347.1	132.60066136
347.2	133.79895273
347.3	136.48372295
347.4	136.98974816
347.5	135.71260046
347.6	133.89493594
347.7	132.54065842
347.8	132.79154575
347.9	133.52300229
348	132.7141255
348.1	130.31007264
348.2	127.24331947
348.3	126.85934622
348.4	126.87023591
348.5	128.93772916
348.6	132.40724286
348.7	135.54317379
348.8	136.78039801
348.9	136.5615436
349	135.59646289
349.1	135.00456848
349.2	135.13370954
349.3	134.67099051
349.4	134.18360848
349.5	135.03459989
349.6	135.40298473
349.7	135.00655777
349.8	134.80338775
349.9	134.96712895
350	135.54876324
350.1	136.1571029
350.2	136.68110908
350.3	138.43010768
350.4	136.63999933
350.5	133.86727131
350.6	132.63566934
350.7	133.61304886
350.8	134.75460851
350.9	137.93283748
351	143.48401533
351.1	149.0137174
351.2	153.77098129
351.3	156.27015013
351.4	156.30776016
351.5	154.90190671
351.6	152.26617994
351.7	148.35258716
351.8	143.71283407
351.9	138.84531329
352	133.73718628
352.1	128.9852488
352.2	121.68302736
352.3	110.38340846
352.4	96.17477983
352.5	79.26018335
352.6	62.6647351
352.7	46.10761589
352.8	28.70860927
352.9	17.89674203
353	15.79312275
353.1	14.94550631
353.2	14.81318033
353.3	14.41927586
353.4	14.69864876
353.5	15.03262046
353.6	15.19323999
353.7	14.88064537
353.8	14.06632779
353.9	13.80777905
354	13.71084047
354.1	13.26705541
354.2	13.49805017
354.3	14.16285485
354.4	14.60620788
354.5	14.7490628
354.6	15.21088678
354.7	15.19950209
354.8	15.07805132
354.9	14.78178844
355	14.8049218
355.1	14.79567524
355.2	13.85666092
355.3	13.83032606
355.4	13.41977251
355.5	12.65793965
355.6	11.80727364
355.7	11.86401934
355.8	12.58686776
355.9	12.83049532
356	12.9180462
356.1	13.55801244
356.2	13.82818158
356.3	13.99970596
356.4	14.07821005
356.5	13.82495362
356.6	12.46353376
356.7	11.60647418
356.8	10.82100862
356.9	10.27548441
357	9.9125459
357.1	10.34240963
357.2	10.85033079
357.3	11.3871842
357.4	12.19841451
357.5	13.37069902
357.6	13.82518878
357.7	14.04046916
357.8	14.27255261
357.9	14.3608777
358	13.84008909
358.1	13.45110896
358.2	13.27737191
358.3	13.16144035
358.4	13.74323615
358.5	14.32509497
358.6	14.32368596
358.7	14.12774326
358.8	13.69349627
358.9	13.95266316
359	14.35930768
359.1	14.9642716
359.2	15.00198789
359.3	14.99873242
359.4	14.99992038
359.5	15.00323886
359.6	14.98403813
359.7	15.31550213
359.8	15.68238792
359.9	16.40770284
360	16.92661076
360.1	16.78947362
360.2	16.24171097
360.3	15.42235697
360.4	15.33234958
360.5	15.21580476
360.6	14.4657248
360.7	13.47636152
360.8	13.05500639
360.9	13.2781412
361	13.91300086
361.1	14.66221142
361.2	14.99507308
361.3	14.81202275
361.4	13.80671862
361.5	13.25428323
361.6	13.79415101
361.7	14.96692215
361.8	16.24682895
361.9	16.78076448
362	16.91310739
362.1	17.58196251
362.2	18.58085635
362.3	19.53016983
362.4	20.27211551
362.5	21.35277065
362.6	21.7597165
362.7	21.74753699
362.8	21.51822954
362.9	20.95838241
363	20.41850618
363.1	19.5691749
363.2	19.36517817
363.3	19.38721953
363.4	19.57552857
363.5	20.35880985
363.6	22.14069963
363.7	22.92734534
363.8	23.50114102
363.9	23.25852941
364	22.20422179
364.1	21.95576563
364.2	22.62967491
364.3	23.53429866
364.4	24.12700566
364.5	23.38188472
364.6	22.53359974
364.7	20.95388062
364.8	19.26214328
364.9	18.20732221
365	18.35172593
365.1	18.97057091
365.2	19.56696249
365.3	19.56511037
365.4	19.9796805
365.5	20.30370879
365.6	20.5413853
365.7	20.06047942
365.8	19.06471546
365.9	18.38417001
366	18.17614643
366.1	18.01527078
366.2	16.83036785
366.3	15.378582
366.4	14.57971549
366.5	13.78896142
366.6	13.18776722
366.7	13.10040589
366.8	13.01418547
366.9	13.05892249
367	13.27619352
367.1	13.42976489
367.2	13.18943857
367.3	12.27119009
367.4	11.62847659
367.5	11.41923953
367.6	11.61270678
367.7	11.36252702
367.8	10.46093327
367.9	10.39366338
368	10.10112112
368.1	9.61902855
368.2	9.63880028
368.3	9.63764616
368.4	9.55179572
368.5	9.37523515
368.6	10.35683708
368.7	10.34850333
368.8	10.65004996
368.9	10.6858435
369	10.75453967
369.1	10.82928881
369.2	10.71420155
369.3	10.04939867
369.4	9.13172819
369.5	8.07525703
369.6	7.6812198
369.7	7.19601718
369.8	6.69778774
369.9	6.3260665
370	6.41234757
370.1	6.81724691
370.2	7.06801087
370.3	7.40292169
370.4	8.00646206
370.5	8.79636776
370.6	9.02373229
370.7	9.40365208
370.8	9.40327915
370.9	9.21630145
371	9.62991704
371.1	10.53985794
371.2	11.51376099
371.3	13.02532711
371.4	15.21935211
371.5	16.4025749
371.6	16.05964987
371.7	15.61967441
371.8	15.20054782
371.9	13.89781932
372	12.95096931
372.1	12.02461032
372.2	11.29494783
372.3	10.30822526
372.4	8.80098177
372.5	7.79429582
372.6	7.30381741
372.7	7.45509195
372.8	7.40504957
372.9	6.63594918
373	5.6436903
373.1	4.95067949
373.2	5.18877305
373.3	5.66719422
373.4	5.85926412
373.5	6.0488504
373.6	5.8253641
373.7	5.57227779
373.8	5.31630482
373.9	4.86966185
374	5.03463759
374.1	5.58952132
374.2	6.0652034
374.3	6.58902172
374.4	7.6348991
374.5	8.70597962
374.6	9.42338712
374.7	9.8465323
374.8	9.56552159
374.9	9.08184848
375	8.78281943
375.1	8.50599541
375.2	8.43983101
375.3	8.04594006
375.4	7.69478849
375.5	7.86623988
375.6	7.38655541
375.7	7.38725448
375.8	7.77039024
375.9	7.77794445
376	7.65764487
376.1	7.54093252
376.2	7.35924995
376.3	6.95973961
376.4	6.68583504
376.5	7.05345912
376.6	6.61799256
376.7	7.05668389
376.8	7.54965625
376.9	8.04629923
377	8.50942129
377.1	8.64131734
377.2	8.63356581
377.3	8.42210652
377.4	8.62089736
377.5	9.18799143
377.6	9.71614993
377.7	10.2483785
377.8	10.62863837
377.9	10.6309176
378	10.16194283
378.1	8.6904548
378.2	6.28553532
378.3	4.85116597
378.4	4.65045935
378.5	5.12426593
378.6	6.41760121
378.7	7.84749923
378.8	9.55410071
378.9	11.35289972
379	12.61664506
379.1	13.17033482
379.2	12.63270625
379.3	12.12892803
379.4	11.55744414
379.5	10.02760607
379.6	8.42089713
379.7	7.28076788
379.8	6.76065279
379.9	6.54642864
380	6.53046096
380.1	6.65279899
380.2	6.89667483
380.3	7.04974596
380.4	6.9606667
380.5	6.74429263
380.6	6.34986022
380.7	5.83136385
380.8	5.28484677
380.9	5.36265139
381	5.54437842
381.1	5.64185083
381.2	5.74443236
381.3	5.84711795
381.4	5.85912808
381.5	5.86879231
381.6	5.6290828
381.7	5.44123136
381.8	5.37958449
381.9	5.3136732
382	5.3175237
382.1	5.46977594
382.2	6.15593007
382.3	6.68986241
382.4	7.21286977
382.5	7.4540108
382.6	7.45675025
382.7	7.82800344
382.8	8.09974526
382.9	8.64823209
383	9.50293951
383.1	9.63886221
383.2	9.76352364
383.3	10.23700101
383.4	11.23390326
383.5	12.14402337
383.6	12.42210827
383.7	12.38656041
383.8	11.94196887
383.9	10.19708447
384	8.7615689
384.1	7.73375642
384.2	7.65226974
384.3	7.64936956
384.4	7.68653699
384.5	8.23260347
384.6	9.42693443
384.7	11.03930546
384.8	12.00170913
384.9	13.1129347
385	14.20148121
385.1	15.19536446
385.2	15.53314558
385.3	14.95894564
385.4	12.64783237
385.5	10.3689133
385.6	8.83764611
385.7	7.94540542
385.8	7.16049009
385.9	6.60441241
386	6.18819303
386.1	5.77564085
386.2	5.42081007
386.3	5.28016405
386.4	5.58834695
386.5	5.88905529
386.6	6.1686468
386.7	6.64753969
386.8	6.66767763
386.9	6.08603788
387	5.94860399
387.1	5.86215008
387.2	5.53919326
387.3	5.46977152
387.4	5.83684059
387.5	5.78274931
387.6	5.69907765
387.7	5.86728893
387.8	6.34202276
387.9	7.05987963
388	7.40891739
388.1	7.05731226
388.2	6.47926479
388.3	6.23447858
388.4	6.28205318
388.5	6.06217925
388.6	5.88362042
388.7	5.7343424
388.8	5.36826042
388.9	5.05221805
389	4.94784477
389.1	5.46762981
389.2	6.06729371
389.3	6.46874203
389.4	6.45952043
389.5	6.09551934
389.6	6.07415039
389.7	6.19025652
389.8	6.45871571
389.9	6.64000895
390	6.9297918
390.1	7.26763585
390.2	8.09636654
390.3	8.36008143
390.4	7.85692823
390.5	7.45837495
390.6	7.12338428
390.7	6.71955868
390.8	6.32245711
390.9	5.94852743
391	6.05697174
391.1	6.21370668
391.2	6.47354746
391.3	6.6750135
391.4	6.64112487
391.5	7.09737857
391.6	7.49480967
391.7	7.69685188
391.8	7.62890783
391.9	8.25969227
392	9.08010246
392.1	10.03741599
392.2	10.64354886
392.3	10.61728001
392.4	11.37139886
392.5	11.99728298
392.6	12.90138653
392.7	13.79013032
392.8	13.60259015
392.9	12.39282192
393	11.34009919
393.1	10.55068751
393.2	9.8069927
393.3	9.18558668
393.4	8.62358847
393.5	8.44397688
393.6	8.26559023
393.7	8.02362484
393.8	8.25697795
393.9	9.14166509
394	9.89649106
394.1	10.09761432
394.2	9.29493197
394.3	8.32999645
394.4	7.34088772
394.5	6.21798121
394.6	5.00064615
394.7	4.46531803
394.8	4.26852996
394.9	4.27771601
395	4.38917969
395.1	4.46972461
395.2	4.64101935
395.3	4.87560968
395.4	5.11257981
395.5	5.33609341
395.6	5.76513881
395.7	6.38700016
395.8	7.03961632
395.9	7.98490131
396	8.89638728
396.1	9.48205414
396.2	10.06460927
396.3	10.8060149
396.4	11.48748503
396.5	12.05051782
396.6	12.4596222
396.7	12.70476617
396.8	12.54969831
396.9	12.0791577
397	11.82548958
397.1	11.98160348
397.2	11.8621177
397.3	11.81995812
397.4	12.34532047
397.5	12.56813297
397.6	12.39105117
397.7	13.07276621
397.8	14.4335847
397.9	16.08565481
398	18.11877261
398.1	20.27575632
398.2	22.1002391
398.3	24.4087512
398.4	26.95093458
398.5	29.61195607
398.6	34.18963512
398.7	39.99601735
398.8	43.51518361
398.9	45.32322859
399	45.92125342
399.1	46.08046751
399.2	45.3512725
399.3	44.63559835
399.4	44.55481962
399.5	42.87112345
399.6	42.20122818
399.7	42.49994621
399.8	43.98192212
399.9	46.06470994
400	47.6832142
400.1	48.85701681
400.2	49.72697554
400.3	49.39279126
400.4	48.60749526
400.5	47.78164931
400.6	47.76856354
400.7	50.01194065
400.8	53.18316826
400.9	55.95404933
401	57.79621568
401.1	58.99506665
401.2	60.3422152
401.3	60.79938885
401.4	63.25281137
401.5	67.35038685
401.6	71.3037559
401.7	73.60888719
401.8	72.98089841
401.9	70.9262735
402	69.0336711
402.1	68.65760895
402.2	70.70616292
402.3	71.37844183
402.4	72.57016805
402.5	74.92935875
402.6	74.95224435
402.7	73.66536748
402.8	73.9308298
402.9	74.95978604
403	75.81314837
403.1	76.55323364
403.2	77.77270182
403.3	79.2219877
403.4	79.71654095
403.5	78.139647
403.6	77.21318209
403.7	77.01662246
403.8	76.9449227
403.9	77.58187072
404	78.44150154
404.1	78.05909833
404.2	76.992628
404.3	74.85790009
404.4	69.67465074
404.5	61.85377748
404.6	54.55935943
404.7	47.16107784
404.8	43.1167324
404.9	41.93148357
405	41.91001425
405.1	42.47283269
405.2	43.33297268
405.3	43.69773992
405.4	42.45753759
405.5	42.23963086
405.6	43.50951914
405.7	46.65848422
405.8	51.00252296
405.9	55.79020471
406	59.69432322
406.1	61.96339622
406.2	63.02729937
406.3	63.84004492
406.4	64.66438583
406.5	63.56198918
406.6	61.28473428
406.7	58.51335885
406.8	55.93365308
406.9	54.62702777
407	54.22412029
407.1	54.60254243
407.2	55.28769337
407.3	56.63783447
407.4	57.82324484
407.5	59.53266204
407.6	61.51880661
407.7	64.66676554
407.8	69.36066143
407.9	75.29392475
408	79.35660131
408.1	81.64920446
408.2	84.27934739
408.3	85.92444415
408.4	85.6060792
408.5	84.11499521
408.6	83.14974573
408.7	82.15607142
408.8	81.93467178
408.9	82.16077073
409	84.04947154
409.1	87.10470683
409.2	89.80549105
409.3	91.68624592
409.4	90.95897943
409.5	86.97476149
409.6	81.46420044
409.7	75.62597659
409.8	70.1056063
409.9	66.52208128
410	64.8010946
410.1	63.41731529
410.2	63.3148049
410.3	63.50723644
410.4	63.2494325
410.5	63.65913975
410.6	65.13833344
410.7	66.79646939
410.8	66.86464029
410.9	65.70618402
411	65.05219159
411.1	64.09892278
411.2	64.49160268
411.3	65.21344407
411.4	65.65524936
411.5	66.70008257
411.6	67.40203089
411.7	66.38459961
411.8	62.49301863
411.9	57.87710959
412	51.31443943
412.1	45.12732496
412.2	38.19060487
412.3	34.48206469
412.4	33.50310393
412.5	32.51502778
412.6	29.97851333
412.7	26.02819638
412.8	23.10459312
412.9	20.58561674
413	20.0273929
413.1	20.0550122
413.2	20.56232611
413.3	20.51256086
413.4	20.25623656
413.5	20.46729334
413.6	20.97649731
413.7	21.73365219
413.8	21.75229886
413.9	21.75628008
414	21.48547593
414.1	20.48813275
414.2	19.17233446
414.3	17.70375461
414.4	16.98239722
414.5	16.86835065
414.6	18.2043128
414.7	20.47775627
414.8	25.05736757
414.9	31.63706715
415	40.53628808
415.1	49.16102785
415.2	58.67549682
415.3	63.10538781
415.4	66.48697104
415.5	68.64989202
415.6	69.81862422
415.7	73.36541874
415.8	77.63323114
415.9	84.61715991
416	90.37780692
416.1	94.4681046
416.2	101.1189905
416.3	106.40416648
416.4	110.906321
416.5	113.52665106
416.6	114.60493343
416.7	111.58025767
416.8	106.17056154
416.9	102.0670713
417	103.08267344
417.1	102.89169498
417.2	101.99127405
417.3	101.10557635
417.4	93.54089938
417.5	84.45448535
417.6	74.06531143
417.7	63.66442444
417.8	55.57674031
417.9	49.87997464
418	45.84217964
418.1	43.09151184
418.2	41.02491739
418.3	39.97692529
418.4	38.67084346
418.5	38.83527475
418.6	40.07463219
418.7	41.14156503
418.8	41.19412987
418.9	40.81582536
419	41.53061255
419.1	42.08486807
419.2	42.38742214
419.3	41.24455062
419.4	40.80489165
419.5	42.42784761
419.6	43.57146233
419.7	42.52110794
419.8	39.21532268
419.9	37.16014669
420	37.26532331
420.1	37.9982037
420.2	39.58807258
420.3	42.0770032
420.4	44.63593949
420.5	46.5179647
420.6	47.9514573
420.7	49.78347987
420.8	51.96405851
420.9	52.77427373
421	50.75677174
421.1	45.42614925
421.2	40.83336671
421.3	38.42745174
421.4	37.8945938
421.5	38.37916403
421.6	39.52350039
421.7	41.56368819
421.8	43.05344445
421.9	43.2679156
422	42.80451464
422.1	42.82787135
422.2	43.08417604
422.3	44.17357109
422.4	45.15767636
422.5	45.38647789
422.6	45.39979576
422.7	45.39583595
422.8	45.43879851
422.9	46.53722294
423	48.25543948
423.1	49.14570957
423.2	49.9673592
423.3	50.8046294
423.4	51.34840885
423.5	51.00780741
423.6	50.02804383
423.7	48.920744
423.8	47.87819907
423.9	47.33569014
424	46.66709816
424.1	45.48424193
424.2	43.72606324
424.3	42.26648629
424.4	41.8075697
424.5	40.00140474
424.6	37.57960842
424.7	34.9022473
424.8	32.15664281
424.9	31.28904783
425	32.12650564
425.1	33.28320922
425.2	33.80338703
425.3	34.74575885
425.4	36.60733923
425.5	39.45117484
425.6	41.41730117
425.7	41.63796535
425.8	40.21384566
425.9	39.33710184
426	39.52461519
426.1	40.01712232
426.2	40.94186908
426.3	41.30594236
426.4	41.67232765
426.5	42.0653612
426.6	42.44066751
426.7	42.36362755
426.8	41.69574731
426.9	40.27748201
427	39.68461227
427.1	39.99258577
427.2	39.61183376
427.3	39.4022085
427.4	40.9823783
427.5	43.93533998
427.6	46.79733573
427.7	48.20480627
427.8	48.09087987
427.9	48.17376722
428	48.17646758
428.1	47.27401379
428.2	45.09103526
428.3	43.34106722
428.4	42.4090239
428.5	42.08429942
428.6	41.92939889
428.7	40.83655198
428.8	39.47321727
428.9	39.18703641
429	39.71635738
429.1	39.93483329
429.2	40.74102301
429.3	42.55272834
429.4	44.93274168
429.5	47.52880211
429.6	48.45778629
429.7	47.03144073
429.8	45.41258922
429.9	44.79219248
430	45.37199274
430.1	46.33342281
430.2	46.16172373
430.3	45.24060939
430.4	44.53652288
430.5	43.64651178
430.6	42.97718164
430.7	42.02464838
430.8	41.67222756
430.9	42.28641882
431	42.2204471
431.1	42.48307242
431.2	43.1425841
431.3	44.01814466
431.4	44.59969924
431.5	44.31682953
431.6	42.87058646
431.7	41.98670408
431.8	41.11234375
431.9	38.83694913
432	37.38146647
432.1	36.8560835
432.2	37.43350684
432.3	38.06436764
432.4	39.24611719
432.5	39.84073772
432.6	39.20899974
432.7	37.18424401
432.8	35.85908753
432.9	35.70639349
433	35.2961206
433.1	35.25876573
433.2	36.23100489
433.3	37.88982954
433.4	39.04721221
433.5	40.80680609
433.6	42.62587412
433.7	42.36102365
433.8	41.99275044
433.9	42.38123358
434	42.43206396
434.1	41.82281254
434.2	41.46263154
434.3	40.59362492
434.4	40.44147316
434.5	40.84984784
434.6	41.61040627
434.7	42.62875618
434.8	43.27490188
434.9	43.99530839
435	45.12504435
435.1	46.59209212
435.2	47.18361036
435.3	47.16977898
435.4	47.88184503
435.5	49.63440739
435.6	51.76372162
435.7	53.1120082
435.8	53.30313583
435.9	52.86265926
436	52.35863927
436.1	52.34895995
436.2	52.57987925
436.3	53.62926803
436.4	54.91486457
436.5	56.16232603
436.6	55.3130892
436.7	54.33741865
436.8	53.06852425
436.9	52.78189681
437	53.18187504
437.1	53.20338817
437.2	53.04156766
437.3	53.62537426
437.4	53.9346563
437.5	54.24719911
437.6	54.53851597
437.7	54.47902337
437.8	54.06803997
437.9	52.91480647
438	52.02817613
438.1	51.98170932
438.2	53.04821079
438.3	53.91349969
438.4	53.56397666
438.5	53.13864705
438.6	53.75729333
438.7	54.91150345
438.8	56.55898136
438.9	59.34170586
439	60.78736819
439.1	60.8791802
439.2	59.70097233
439.3	58.43169208
439.4	58.50613925
439.5	58.53739577
439.6	58.11160026
439.7	57.54386881
439.8	56.97975118
439.9	56.18642064
440	55.89696682
440.1	56.58358048
440.2	59.47811574
440.3	63.18459415
440.4	64.58312186
440.5	64.84746535
440.6	63.23069522
440.7	61.30902404
440.8	61.05798848
440.9	62.07857673
441	62.88977754
441.1	62.48968374
441.2	61.70876144
441.3	60.79155606
441.4	60.31435767
441.5	59.79438602
441.6	58.24641322
441.7	56.93431606
441.8	55.93268547
441.9	55.66057177
442	56.23723741
442.1	57.31413072
442.2	57.69443377
442.3	59.43481157
442.4	60.20985708
442.5	59.36059612
442.6	58.50009428
442.7	56.17625416
442.8	54.26045395
442.9	53.95532393
443	54.64585583
443.1	56.34277792
443.2	56.90780976
443.3	57.70437525
443.4	59.59238498
443.5	61.22079565
443.6	63.98973911
443.7	64.87859959
443.8	64.40556101
443.9	62.52794528
444	60.62206008
444.1	58.44557488
444.2	57.30123878
444.3	56.0995473
444.4	54.90640393
444.5	55.0735064
444.6	54.58593229
444.7	53.95619356
444.8	53.78799344
444.9	54.24286041
445	54.33908441
445.1	54.49736614
445.2	54.57132832
445.3	55.86880124
445.4	59.5805892
445.5	64.03078745
445.6	70.24495543
445.7	75.28867817
445.8	78.29505919
445.9	80.49263789
446	81.56478721
446.1	82.13827926
446.2	81.5996192
446.3	80.15419549
446.4	80.01375115
446.5	79.55545402
446.6	77.27673654
446.7	75.03842746
446.8	73.45194502
446.9	71.81251484
447	69.90259536
447.1	69.70194256
447.2	71.29433677
447.3	72.80469905
447.4	74.4415943
447.5	74.94286709
447.6	73.03178109
447.7	72.5580639
447.8	70.22014549
447.9	67.37925916
448	64.93662658
448.1	62.18725584
448.2	59.04416342
448.3	56.24467988
448.4	54.04281456
448.5	50.99708747
448.6	48.49892401
448.7	45.40271008
448.8	40.54255849
448.9	35.13436269
449	31.32156413
449.1	29.86536179
449.2	29.70112842
449.3	29.88069457
449.4	30.1539076
449.5	29.4139495
449.6	28.482994
449.7	27.44975939
449.8	27.95481006
449.9	30.03196913
450	32.40944407
450.1	33.4848743
450.2	34.26290734
450.3	35.47056145
450.4	37.22692343
450.5	38.62210262
450.6	37.76764736
450.7	35.51767897
450.8	32.31992715
450.9	29.36934723
451	26.71942405
451.1	24.27194777
451.2	23.38631245
451.3	23.61304844
451.4	23.7181528
451.5	23.58697471
451.6	23.26004712
451.7	22.94962974
451.8	23.33446178
451.9	24.23478171
452	24.71904675
452.1	24.34282249
452.2	23.58960062
452.3	23.5406962
452.4	23.89330873
452.5	25.53560445
452.6	27.74506894
452.7	29.55576526
452.8	30.63834753
452.9	31.67899181
453	32.07350587
453.1	31.45576018
453.2	29.1205589
453.3	26.37038587
453.4	24.66252775
453.5	23.75760423
453.6	24.0729512
453.7	24.61058843
453.8	25.78526774
453.9	27.08806992
454	29.11396721
454.1	31.73618585
454.2	33.98592166
454.3	35.66227596
454.4	37.72732487
454.5	39.24466707
454.6	39.01953182
454.7	37.86690689
454.8	36.14024653
454.9	34.51629853
455	33.24495372
455.1	32.42805893
455.2	31.32182684
455.3	31.73220201
455.4	33.03644625
455.5	35.78652891
455.6	39.66143089
455.7	44.02823122
455.8	47.29872759
455.9	49.90855854
456	50.16457118
456.1	50.64731995
456.2	51.70911804
456.3	52.15066564
456.4	51.72009234
456.5	49.92492948
456.6	48.34185974
456.7	47.96976877
456.8	48.24966739
456.9	48.92052415
457	50.40581048
457.1	52.03794078
457.2	53.79499988
457.3	56.44202126
457.4	58.71590359
457.5	60.93558262
457.6	61.56870184
457.7	61.0180136
457.8	61.20298626
457.9	61.93294362
458	63.06117436
458.1	65.15885556
458.2	68.8204705
458.3	73.79847308
458.4	77.65081298
458.5	79.79987082
458.6	80.11684517
458.7	79.52918465
458.8	79.35768513
458.9	78.87439882
459	77.66660931
459.1	75.69056642
459.2	73.73179148
459.3	73.7034286
459.4	74.31562444
459.5	75.68357265
459.6	77.50161379
459.7	80.18827369
459.8	83.52528737
459.9	87.1161456
460	92.88570238
460.1	97.9323976
460.2	100.89316851
460.3	104.93158564
460.4	107.98351048
460.5	109.57934881
460.6	108.9321345
460.7	107.19694595
460.8	104.87397803
460.9	104.33407335
461	104.55101161
461.1	104.52250064
461.2	105.85919867
461.3	107.54113217
461.4	108.75664928
461.5	110.6607605
461.6	116.42130416
461.7	126.45695364
461.8	142.94701987
461.9	158.86132692
462	174.92196773
462.1	190.98284755
462.2	200.16460407
462.3	204.29656015
462.4	201.49493788
462.5	192.94836692
462.6	186.03045636
462.7	179.76791371
462.8	170.55486873
462.9	163.88078518
463	159.05665955
463.1	157.4697925
463.2	153.77765401
463.3	148.5765732
463.4	144.14796925
463.5	141.72454232
463.6	139.20004118
463.7	135.15798155
463.8	125.14381497
463.9	111.31748053
464	97.31596028
464.1	80.24701807
464.2	64.37086093
464.3	47.8807947
464.4	39.0397351
464.5	34.94367821
464.6	32.19092448
464.7	29.93289549
464.8	26.84977312
464.9	25.21672361
465	24.28328418
465.1	23.51575202
465.2	23.13932123
465.3	23.15749202
465.4	22.71312771
465.5	21.60413357
465.6	21.16642532
465.7	21.81673407
465.8	22.9587225
465.9	24.35911221
466	25.72496802
466.1	27.11782213
466.2	28.43424403
466.3	28.57436693
466.4	29.55342687
466.5	30.55503552
466.6	32.90784332
466.7	35.37166739
466.8	36.90464215
466.9	38.67035893
467	41.50768275
467.1	46.3142715
467.2	52.02281273
467.3	60.09933775
467.4	72.01986755
467.5	86.42384106
467.6	106.22199042
467.7	128.26074728
467.8	159.38386962
467.9	183.9864026
468	208.46764978
468.1	230.57781457
468.2	250.94453642
468.3	271.35047636
468.4	288.24761032
468.5	287.96284789
468.6	264.19619205
468.7	229.73982971
468.8	191.22516556
468.9	150.09933775
469	123.82992897
469.1	95.65001774
469.2	67.51969806
469.3	49.81979133
469.4	44.34802405
469.5	46.30968012
469.6	51.26576743
469.7	66.61565504
469.8	82.26479842
469.9	98.97695033
470	113.81280015
470.1	124.49222553
470.2	129.27174819
470.3	131.86136996
470.4	133.08451915
470.5	135.5893375
470.6	135.1448707
470.7	131.17736561
470.8	128.62595687
470.9	125.85062726
471	123.15284831
471.1	119.38213316
471.2	114.0132425
471.3	108.32463764
471.4	102.97211331
471.5	100.43446338
471.6	99.01902874
471.7	99.66157432
471.8	100.78736189
471.9	101.89787066
472	103.01226313
472.1	104.12503496
472.2	105.23476933
472.3	108.68322679
472.4	110.90592422
472.5	111.73498673
472.6	112.49403741
472.7	114.44164405
472.8	115.97094843
472.9	117.7247334
473	118.25646282
473.1	118.06580648
473.2	117.87736258
473.3	117.05922494
473.4	116.95541635
473.5	118.04649133
473.6	119.05874659
473.7	118.68344329
473.8	116.36873781
473.9	114.38387666
474	112.8058911
474.1	109.39308446
474.2	102.58121554
474.3	97.74011868
474.4	94.68045754
474.5	94.84020976
474.6	96.84215813
474.7	98.87675355
474.8	101.05860992
474.9	101.84909906
475	100.63663577
475.1	99.38055403
475.2	98.68642885
475.3	97.5394264
475.4	96.82217613
475.5	97.94706672
475.6	99.10008677
475.7	99.34175389
475.8	98.82303837
475.9	98.94710807
476	100.83993996
476.1	100.96760061
476.2	101.22347855
476.3	102.01996685
476.4	103.00550933
476.5	104.21897747
476.6	103.45412082
476.7	101.73661987
476.8	98.78127864
476.9	92.10332989
477	89.85
477.1	NA
477.2	NA
477.3	NA
477.4	NA
477.5	NA
477.6	NA
477.7	NA
477.8	NA
477.9	NA
478	NA
478.1	NA
478.2	NA
478.3	NA
478.4	NA
478.5	NA
478.6	NA
478.7	NA
478.8	NA
478.9	NA
479	NA
479.1	NA
479.2	NA
479.3	NA
479.4	NA
479.5	NA
479.6	NA
479.7	NA
479.8	NA
