DEPT	GR
24.8	43.87978742
24.9	44.65455222
25	45.42931702
25.1	45.83763387
25.2	45.70893512
25.3	46.13343643
25.4	47.44222754
25.5	48.78168396
25.6	48.36622602
25.7	46.64596703
25.8	45.61837435
25.9	45.86089416
26	45.44982326
26.1	45.45964583
26.2	45.45037331
26.3	45.07552836
26.4	44.85853556
26.5	44.86293503
26.6	44.95754135
26.7	45.05432398
26.8	45.60749381
26.9	46.26673927
27	47.19963246
27.1	48.43472795
27.2	48.85639708
27.3	48.76257595
27.4	48.68818171
27.5	48.79394451
27.6	49.43488203
27.7	50.46249992
27.8	52.33369228
27.9	53.51284948
28	54.54561554
28.1	55.31633138
28.2	56.03278588
28.3	56.97115064
28.4	57.86617372
28.5	58.59943518
28.6	58.75432778
28.7	58.21395162
28.8	57.42149098
28.9	57.17850959
29	56.88875084
29.1	56.67067386
29.2	58.06711232
29.3	59.75243497
29.4	61.33821667
29.5	63.1620942
29.6	64.48016228
29.7	66.11208066
29.8	67.34922211
29.9	67.90413788
30	68.56181141
30.1	69.29214746
30.2	68.5494567
30.3	66.94100535
30.4	65.73816206
30.5	65.59052466
30.6	66.38074788
30.7	67.08533378
30.8	67.58430317
30.9	68.48219961
31	69.88830866
31.1	72.03207299
31.2	72.76568072
31.3	72.43352634
31.4	70.65587165
31.5	68.02595051
31.6	66.74999535
31.7	67.63098089
31.8	68.88818079
31.9	69.65466769
32	69.93607819
32.1	71.1171848
32.2	72.11656373
32.3	72.16897912
32.4	71.92406389
32.5	71.91346651
32.6	71.81721846
32.7	73.22393361
32.8	75.23023036
32.9	77.47910636
33	77.97336812
33.1	76.99578468
33.2	76.03902334
33.3	75.91520315
33.4	76.50195253
33.5	76.69327806
33.6	75.90554496
33.7	75.26294613
33.8	74.85123433
33.9	74.15546705
34	72.88121241
34.1	72.48639381
34.2	72.71980724
34.3	73.07657176
34.4	74.01344705
34.5	75.18021534
34.6	76.3865953
34.7	77.10426066
34.8	76.40381787
34.9	75.75605389
35	74.48937222
35.1	72.64418422
35.2	69.71680341
35.3	67.10627423
35.4	66.2408811
35.5	65.94481272
35.6	65.48854343
35.7	64.65567498
35.8	63.52452648
35.9	62.41293797
36	61.8245529
36.1	61.39723357
36.2	60.95564839
36.3	61.33491681
36.4	62.6247506
36.5	63.79957417
36.6	64.60084145
36.7	65.59981324
36.8	67.73535758
36.9	69.85771782
37	70.88979618
37.1	70.722255
37.2	70.72230469
37.3	70.72865624
37.4	71.21673095
37.5	72.53815498
37.6	72.50312177
37.7	72.61989338
37.8	72.13578217
37.9	70.43767819
38	68.53719142
38.1	66.90504325
38.2	66.37400507
38.3	66.78258598
38.4	68.16608095
38.5	69.23632374
38.6	69.54344741
38.7	68.94164216
38.8	67.55702852
38.9	65.92215885
39	63.96826476
39.1	61.5820439
39.2	60.59487895
39.3	60.57103267
39.4	61.04707286
39.5	63.10019977
39.6	65.0330448
39.7	65.47069634
39.8	66.08578205
39.9	68.67597423
40	69.79064622
40.1	70.62364946
40.2	70.22532117
40.3	69.06933279
40.4	68.03284268
40.5	67.68985675
40.6	66.98901448
40.7	66.25721949
40.8	65.95512987
40.9	66.28955579
41	66.39446436
41.1	66.43970397
41.2	66.34658804
41.3	66.3043697
41.4	65.38722278
41.5	64.95452666
41.6	64.97189155
41.7	64.58829134
41.8	64.28668612
41.9	64.05783652
42	64.13293515
42.1	64.76699001
42.2	64.36101424
42.3	63.28736907
42.4	63.00625997
42.5	62.60682298
42.6	62.13983118
42.7	61.75197821
42.8	62.55629613
42.9	63.53866439
43	64.34139221
43.1	64.9373539
43.2	64.35743577
43.3	62.76085014
43.4	61.50144461
43.5	60.57363499
43.6	60.53997531
43.7	60.25426823
43.8	59.97516382
43.9	59.70046017
44	59.53728499
44.1	59.42949958
44.2	60.74717028
44.3	61.3218959
44.4	60.25029526
44.5	58.7016322
44.6	57.11013786
44.7	57.61682626
44.8	59.43222015
44.9	60.83017495
45	60.38667939
45.1	59.79499324
45.2	59.90321709
45.3	59.90748236
45.4	59.71305805
45.5	59.58658208
45.6	59.84853628
45.7	60.38014836
45.8	61.17961159
45.9	61.97821984
46	62.88129325
46.1	64.18177741
46.2	64.10071552
46.3	63.22174503
46.4	62.53667994
46.5	62.80346333
46.6	62.96988079
46.7	63.01727101
46.8	63.08073862
46.9	63.12802221
47	62.99181007
47.1	63.17947705
47.2	63.86056422
47.3	65.72386162
47.4	67.03661044
47.5	68.34851708
47.6	69.06791848
47.7	69.52150582
47.8	69.93497329
47.9	69.61804125
48	70.45670505
48.1	70.53202126
48.2	69.25214051
48.3	68.74640583
48.4	68.36466931
48.5	67.48257647
48.6	66.28649875
48.7	65.37833784
48.8	63.8935179
48.9	61.87647168
49	60.08236291
49.1	59.62604396
49.2	61.12123711
49.3	63.35069076
49.4	64.22624918
49.5	65.01559015
49.6	65.74880475
49.7	65.7426847
49.8	65.77066896
49.9	65.55260167
50	66.13534321
50.1	66.95070217
50.2	67.25891846
50.3	66.80942275
50.4	66.38028776
50.5	65.97033658
50.6	66.19253445
50.7	67.30012462
50.8	68.2994126
50.9	68.89388425
51	68.52848221
51.1	66.66848006
51.2	65.59673834
51.3	65.08073493
51.4	64.72804965
51.5	64.36809002
51.6	64.19836705
51.7	65.2904605
51.8	65.90528607
51.9	65.46309054
52	64.25361377
52.1	63.1489037
52.2	62.61203498
52.3	62.21693416
52.4	62.16910938
52.5	61.87006497
52.6	61.48680565
52.7	61.48852681
52.8	61.76510293
52.9	60.97374674
53	60.1864334
53.1	60.17155743
53.2	59.93310149
53.3	59.11639598
53.4	58.40581252
53.5	58.64637374
53.6	59.16924447
53.7	59.57785842
53.8	59.58199312
53.9	59.58371144
54	59.57918244
54.1	59.63309471
54.2	60.58860926
54.3	62.03054503
54.4	63.35572305
54.5	64.63141335
54.6	65.1587581
54.7	64.72636713
54.8	64.0183366
54.9	63.35254585
55	62.96291436
55.1	62.5945788
55.2	62.36990996
55.3	62.33311321
55.4	61.53114876
55.5	60.66111011
55.6	59.39394295
55.7	57.57386516
55.8	56.94918014
55.9	56.82013705
56	56.18121683
56.1	55.1964803
56.2	54.83585221
56.3	56.31339939
56.4	58.48937429
56.5	60.55101871
56.6	62.58844263
56.7	63.24260155
56.8	63.21638605
56.9	62.73368104
57	62.03244525
57.1	59.83123547
57.2	59.75846243
57.3	60.50575365
57.4	61.25739474
57.5	61.65555946
57.6	61.78070166
57.7	61.21326397
57.8	61.92163126
57.9	63.11421671
58	63.25457513
58.1	63.56525872
58.2	63.68970289
58.3	63.60346027
58.4	62.94487772
58.5	61.75133873
58.6	60.89685807
58.7	60.70074091
58.8	61.4255512
58.9	62.01204708
59	62.75609412
59.1	63.45596765
59.2	62.8394149
59.3	62.03869251
59.4	61.58949264
59.5	61.89684584
59.6	62.17115569
59.7	62.26924272
59.8	62.37247518
59.9	63.23872739
60	64.19311547
60.1	65.23826106
60.2	66.36951156
60.3	67.52773369
60.4	68.54618633
60.5	69.08150426
60.6	69.98184234
60.7	70.87466666
60.8	71.67664937
60.9	71.50645702
61	70.92244854
61.1	70.29379549
61.2	69.17921108
61.3	68.35921198
61.4	67.286343
61.5	66.51218218
61.6	65.20323333
61.7	63.46427614
61.8	61.74816949
61.9	60.22453744
62	59.08076983
62.1	58.0844249
62.2	57.62816048
62.3	57.9937189
62.4	57.4376831
62.5	57.0221681
62.6	58.21825582
62.7	60.3190744
62.8	62.49826997
62.9	64.79175518
63	66.71939273
63.1	67.70242266
63.2	66.99310293
63.3	65.51722967
63.4	64.74995602
63.5	65.0010168
63.6	66.13470094
63.7	68.05102599
63.8	69.97425647
63.9	71.36014899
64	71.41238212
64.1	70.30267229
64.2	69.61287426
64.3	69.12485651
64.4	69.13491838
64.5	69.16375546
64.6	68.57831739
64.7	67.90708066
64.8	66.3386706
64.9	65.16629146
65	64.23832651
65.1	63.39669715
65.2	62.8296661
65.3	63.03309541
65.4	63.35936683
65.5	63.27190971
65.6	62.36740533
65.7	61.33804305
65.8	60.55564962
65.9	60.38830717
66	60.85700577
66.1	61.17647576
66.2	61.34500996
66.3	61.80180336
66.4	62.96112584
66.5	62.35936372
66.6	60.87424215
66.7	59.06433217
66.8	57.83929962
66.9	58.38036085
67	58.93638633
67.1	59.75709945
67.2	61.52703538
67.3	63.28494099
67.4	63.56380425
67.5	63.55851109
67.6	63.56176579
67.7	63.56601677
67.8	64.04571465
67.9	64.48893318
68	64.80491794
68.1	65.12686571
68.2	65.83250966
68.3	66.82436751
68.4	68.3763127
68.5	69.46142924
68.6	70.24308791
68.7	70.51083979
68.8	70.14823867
68.9	69.70568667
69	69.31166019
69.1	68.97970398
69.2	68.81537725
69.3	69.67768188
69.4	70.06293767
69.5	70.30483803
69.6	70.54341588
69.7	70.77781084
69.8	70.92690503
69.9	70.52489564
70	69.80007653
70.1	69.42315957
70.2	67.8517943
70.3	66.32791595
70.4	65.25653238
70.5	65.23728142
70.6	65.71686263
70.7	65.69377861
70.8	65.40795404
70.9	65.40400905
71	65.47493547
71.1	65.55331359
71.2	65.96293652
71.3	66.84888203
71.4	67.33179986
71.5	67.10409689
71.6	66.549996
71.7	65.96387178
71.8	65.17805904
71.9	64.26188006
72	63.2997015
72.1	62.41915849
72.2	61.63080952
72.3	61.36498402
72.4	61.53438135
72.5	61.96384557
72.6	60.58213124
72.7	59.20454183
72.8	58.583206
72.9	59.07404875
73	60.22228152
73.1	61.26672121
73.2	60.9694531
73.3	60.91334046
73.4	62.32260955
73.5	64.14073241
73.6	65.52156191
73.7	66.9193446
73.8	67.50728352
73.9	67.5409186
74	67.39569992
74.1	68.62854751
74.2	69.82839621
74.3	70.87993719
74.4	71.03135138
74.5	70.69415536
74.6	70.29632102
74.7	69.33087091
74.8	67.3152955
74.9	65.45069746
75	64.11647713
75.1	64.66995774
75.2	66.35244079
75.3	65.84197986
75.4	64.80192015
75.5	64.5464907
75.6	64.58650183
75.7	65.39494481
75.8	66.57943218
75.9	67.85831423
76	68.12120239
76.1	67.78558537
76.2	68.52249305
76.3	69.72404277
76.4	70.33622643
76.5	70.52043683
76.6	70.66531426
76.7	70.34279138
76.8	71.33902327
76.9	72.30726131
77	73.11853656
77.1	73.55482469
77.2	73.67448428
77.3	73.08638342
77.4	72.15910001
77.5	71.88672476
77.6	71.74470341
77.7	71.64902453
77.8	71.53658669
77.9	71.25737763
78	71.37821505
78.1	72.72790177
78.2	72.90495704
78.3	71.37879485
78.4	69.74546009
78.5	69.32470327
78.6	69.80661391
78.7	70.76871415
78.8	72.28505282
78.9	73.62857014
79	74.32921146
79.1	73.48328645
79.2	71.95849498
79.3	70.21915894
79.4	69.23323663
79.5	69.33041118
79.6	68.9207582
79.7	68.37027749
79.8	68.15078583
79.9	67.8566706
80	67.21055887
80.1	66.72551311
80.2	65.80533957
80.3	64.93116385
80.4	64.20796424
80.5	63.79756386
80.6	63.7547942
80.7	64.11898181
80.8	64.97129764
80.9	65.94166694
81	66.82071985
81.1	67.50971223
81.2	67.82988541
81.3	68.47807934
81.4	68.70289197
81.5	69.38319597
81.6	71.1002044
81.7	72.81366783
81.8	74.44717668
81.9	75.10211922
82	74.87610308
82.1	73.71620628
82.2	74.39752804
82.3	73.59740255
82.4	73.51334307
82.5	73.84587556
82.6	74.62611903
82.7	75.15124282
82.8	75.15709532
82.9	73.39688536
83	71.07735619
83.1	69.11752698
83.2	68.4264978
83.3	68.34897567
83.4	68.6357213
83.5	69.62425708
83.6	70.64036372
83.7	70.6947387
83.8	69.95185752
83.9	68.22752019
84	66.48043405
84.1	65.33519694
84.2	66.00338654
84.3	66.91302665
84.4	68.89585328
84.5	71.51618334
84.6	74.04811067
84.7	74.68557705
84.8	72.99161643
84.9	70.20110322
85	68.36593852
85.1	68.15023907
85.2	69.04329674
85.3	70.31147766
85.4	71.96187108
85.5	73.20771847
85.6	74.57217249
85.7	75.24028427
85.8	74.23267947
85.9	72.61970583
86	71.27376247
86.1	70.11398527
86.2	70.13020745
86.3	70.10224803
86.4	69.31266005
86.5	68.13334449
86.6	66.5709037
86.7	65.32347047
86.8	65.49003266
86.9	67.10216434
87	68.70875878
87.1	70.17580643
87.2	71.13232089
87.3	71.86180759
87.4	71.5148459
87.5	70.56325076
87.6	69.7368139
87.7	69.33776097
87.8	69.6731948
87.9	70.86845598
88	71.94685543
88.1	73.11265024
88.2	74.29065995
88.3	75.85796087
88.4	77.54494555
88.5	77.50102795
88.6	76.1870819
88.7	75.22124616
88.8	74.43983311
88.9	74.30353462
89	74.53045985
89.1	74.81810691
89.2	75.04645808
89.3	74.39240351
89.4	73.61074988
89.5	73.21578573
89.6	73.1498999
89.7	73.17891327
89.8	72.63920246
89.9	72.46614708
90	72.39004127
90.1	72.31436913
90.2	72.43453723
90.3	73.16996578
90.4	74.2058007
90.5	75.10945243
90.6	74.47932455
90.7	72.66693809
90.8	71.29882289
90.9	70.35817745
91	70.20152284
91.1	71.56660439
91.2	73.46102702
91.3	74.64537773
91.4	74.55735297
91.5	73.7798488
91.6	72.91972242
91.7	72.92664853
91.8	73.2549283
91.9	73.57329643
92	73.6567251
92.1	72.41144881
92.2	71.33865063
92.3	70.5222635
92.4	70.10875401
92.5	70.55042346
92.6	71.0980598
92.7	70.25935285
92.8	69.33109138
92.9	69.74895537
93	70.09915122
93.1	71.00418625
93.2	72.29876172
93.3	73.85291815
93.4	74.71392768
93.5	73.52875778
93.6	71.5226363
93.7	70.51758115
93.8	71.47677851
93.9	72.16256475
94	72.90180236
94.1	73.11082657
94.2	73.07070203
94.3	72.74906528
94.4	72.70809484
94.5	72.68509518
94.6	71.60087134
94.7	70.42701387
94.8	69.18566121
94.9	67.32132571
95	66.33371944
95.1	66.21258032
95.2	68.01160495
95.3	70.86857311
95.4	72.31964329
95.5	73.3324044
95.6	73.91527402
95.7	73.59360198
95.8	72.08610293
95.9	71.30494773
96	70.34262026
96.1	68.50917576
96.2	67.81291224
96.3	68.08672954
96.4	68.73212539
96.5	69.5703327
96.6	70.08849707
96.7	69.21086638
96.8	68.14465319
96.9	68.47523796
97	69.77217086
97.1	71.10425258
97.2	70.62719095
97.3	69.67296291
97.4	69.17126249
97.5	68.90955239
97.6	69.05218598
97.7	70.080212
97.8	71.56077701
97.9	72.98674287
98	73.84062035
98.1	74.51726643
98.2	74.4988753
98.3	74.73595624
98.4	75.53452055
98.5	75.46191063
98.6	74.70207022
98.7	73.96929809
98.8	73.49204244
98.9	73.78074924
99	75.0028008
99.1	75.46255377
99.2	74.48814769
99.3	72.53201936
99.4	71.13541955
99.5	71.63253937
99.6	71.59360923
99.7	69.93106252
99.8	68.02654735
99.9	66.64286048
100	65.48898142
100.1	64.34306613
100.2	63.17738214
100.3	62.14075408
100.4	62.16549836
100.5	62.80575657
100.6	64.25047858
100.7	65.50337927
100.8	66.49992306
100.9	68.20914054
101	71.59550644
101.1	73.1687806
101.2	74.15388358
101.3	75.76980235
101.4	76.69907118
101.5	76.04623547
101.6	75.27663274
101.7	74.52112822
101.8	73.74570479
101.9	72.90510346
102	72.6406135
102.1	72.55220707
102.2	72.53947572
102.3	73.39896354
102.4	74.17293192
102.5	75.16670976
102.6	77.34447568
102.7	79.39223959
102.8	79.67667302
102.9	78.92351042
103	79.21984133
103.1	79.88155169
103.2	79.41704536
103.3	78.4914415
103.4	77.4204627
103.5	76.85462184
103.6	76.63826641
103.7	75.87445641
103.8	74.22650088
103.9	72.09295718
104	71.5670652
104.1	72.10147698
104.2	73.27534196
104.3	75.14502263
104.4	77.09618776
104.5	79.69054618
104.6	82.00420129
104.7	83.09868401
104.8	84.3068124
104.9	85.54463418
105	86.81391032
105.1	88.03820365
105.2	88.24876346
105.3	87.7869954
105.4	86.76918102
105.5	85.66619797
105.6	84.54082428
105.7	83.95597642
105.8	83.85431244
105.9	83.37215667
106	81.7650422
106.1	79.28264054
106.2	76.99444655
106.3	75.20283561
106.4	74.13599902
106.5	74.3647066
106.6	75.13806432
106.7	76.17569708
106.8	77.18167068
106.9	77.79215123
107	77.94626235
107.1	78.01395316
107.2	78.08348744
107.3	78.87988415
107.4	81.08590346
107.5	83.37857517
107.6	84.04889692
107.7	83.93098319
107.8	83.74208116
107.9	83.64047431
108	84.50494269
108.1	85.59761502
108.2	86.72947569
108.3	87.85132197
108.4	88.24590435
108.5	87.68422448
108.6	86.53312956
108.7	85.82589653
108.8	85.81996029
108.9	84.76776664
109	83.51559471
109.1	82.42125947
109.2	81.5482019
109.3	80.15453948
109.4	78.24561221
109.5	76.70477955
109.6	75.1880805
109.7	73.11723421
109.8	70.39887202
109.9	70.36752936
110	71.48712613
110.1	72.74807653
110.2	74.58819502
110.3	76.96049861
110.4	79.15826451
110.5	81.09543489
110.6	82.77690518
110.7	85.04473213
110.8	87.47251132
110.9	88.92290499
111	90.34486445
111.1	90.5277344
111.2	91.42798809
111.3	90.65367585
111.4	89.11771723
111.5	87.60578816
111.6	85.54529352
111.7	83.28761924
111.8	80.54920371
111.9	78.78550205
112	78.4931874
112.1	78.48475042
112.2	78.91526552
112.3	79.90073304
112.4	79.83668275
112.5	78.60528047
112.6	78.89658924
112.7	80.14474268
112.8	81.81961487
112.9	82.48797433
113	81.75602129
113.1	80.43825594
113.2	79.3518757
113.3	77.63394546
113.4	75.64057433
113.5	75.21566651
113.6	75.89711736
113.7	77.39521112
113.8	79.9842441
113.9	83.41518871
114	86.18319258
114.1	88.71113942
114.2	89.82334185
114.3	89.81425091
114.4	89.9273801
114.5	90.62571113
114.6	90.61921506
114.7	90.41125029
114.8	89.50733752
114.9	88.32947846
115	87.13842757
115.1	86.01843928
115.2	84.76490947
115.3	83.40545454
115.4	81.10202945
115.5	79.77302061
115.6	79.12778637
115.7	78.92600861
115.8	78.52646083
115.9	77.79666957
116	77.47018613
116.1	77.76272678
116.2	79.24781775
116.3	79.5979464
116.4	79.66139479
116.5	78.82950384
116.6	77.49556687
116.7	76.33253272
116.8	75.0821876
116.9	75.10391443
117	75.65890717
117.1	76.40716439
117.2	77.10543819
117.3	77.93548491
117.4	78.67739709
117.5	78.87794699
117.6	79.0933689
117.7	79.32224172
117.8	80.57671408
117.9	81.93369636
118	82.64125627
118.1	83.54941734
118.2	85.08218179
118.3	85.28865385
118.4	84.56988587
118.5	83.88815435
118.6	83.78219251
118.7	83.70403141
118.8	84.08327441
118.9	85.06922127
119	86.33733307
119.1	87.53555985
119.2	88.64706242
119.3	89.79917748
119.4	90.48753492
119.5	89.72939688
119.6	88.40270815
119.7	87.45723955
119.8	86.63139994
119.9	86.56143241
120	88.09156658
120.1	89.39553875
120.2	89.07459949
120.3	88.43837353
120.4	87.74873355
120.5	87.21147614
120.6	87.88095284
120.7	88.56261408
120.8	88.46857047
120.9	88.03059916
121	88.95323264
121.1	88.710576
121.2	88.89310687
121.3	90.07907337
121.4	91.6026157
121.5	93.18025398
121.6	93.34727043
121.7	91.79884215
121.8	90.01998701
121.9	87.76855547
122	84.82162387
122.1	82.14902997
122.2	79.95235492
122.3	79.33778597
122.4	80.45760219
122.5	82.02944417
122.6	83.24517649
122.7	83.25111344
122.8	83.43464684
122.9	84.54700019
123	85.03972914
123.1	84.41033293
123.2	83.45443779
123.3	83.45578236
123.4	82.83310393
123.5	82.69576692
123.6	82.86577554
123.7	83.04385346
123.8	83.29279222
123.9	83.98488808
124	84.22489751
124.1	83.72566904
124.2	82.90182422
124.3	82.03894723
124.4	82.90283837
124.5	85.2891749
124.6	87.41794613
124.7	89.55985552
124.8	89.35696223
124.9	86.73466738
125	83.14119917
125.1	80.71333473
125.2	80.51516914
125.3	80.31867387
125.4	79.48841607
125.5	78.30039676
125.6	78.28369346
125.7	78.28210111
125.8	78.27300496
125.9	77.84905929
126	75.42737591
126.1	72.85934895
126.2	71.91214951
126.3	72.22466894
126.4	72.9755429
126.5	73.78922051
126.6	74.78980916
126.7	76.0955818
126.8	77.55012543
126.9	79.17073544
127	81.05806797
127.1	82.51431919
127.2	83.81053397
127.3	85.61578975
127.4	86.64198816
127.5	86.05349475
127.6	86.75740744
127.7	87.84662681
127.8	88.41087041
127.9	87.56020657
128	86.48559771
128.1	86.04787608
128.2	85.73136891
128.3	85.25202437
128.4	85.8005657
128.5	85.4711642
128.6	85.21098146
128.7	85.04350878
128.8	85.03863346
128.9	84.74498012
129	84.14883297
129.1	83.47721998
129.2	82.73658815
129.3	81.73841958
129.4	79.69250356
129.5	77.89246537
129.6	77.1901549
129.7	76.70902855
129.8	76.18094965
129.9	75.61951236
130	76.02827001
130.1	76.80267767
130.2	77.54172718
130.3	77.63397339
130.4	77.26560667
130.5	76.96718529
130.6	77.07813339
130.7	77.69868842
130.8	78.06088765
130.9	78.45045948
131	79.27129062
131.1	80.25713456
131.2	82.05167227
131.3	83.83048352
131.4	84.4048733
131.5	83.31224329
131.6	82.22880151
131.7	81.39408085
131.8	80.7051431
131.9	80.30677648
132	79.94896469
132.1	80.30550446
132.2	80.75546086
132.3	80.57344259
132.4	80.26921702
132.5	79.9649743
132.6	79.10821658
132.7	77.3362063
132.8	76.33609579
132.9	76.2984552
133	76.65612626
133.1	78.35828404
133.2	80.93928444
133.3	83.91550093
133.4	87.54249649
133.5	90.31786115
133.6	93.7102941
133.7	96.60969678
133.8	98.93443371
133.9	101.14371853
134	100.94048517
134.1	99.95892688
134.2	98.1646869
134.3	94.75478721
134.4	89.74053396
134.5	82.72860814
134.6	77.32181715
134.7	74.61629137
134.8	73.19462534
134.9	71.92330929
135	72.16345577
135.1	73.25884134
135.2	74.31603222
135.3	75.38005412
135.4	76.44043764
135.5	77.03356207
135.6	76.46584599
135.7	75.48868363
135.8	74.90358398
135.9	75.052825
136	75.74393852
136.1	76.41127562
136.2	77.08222518
136.3	77.75392116
136.4	78.45583205
136.5	78.84683589
136.6	79.24087108
136.7	79.66381943
136.8	80.01484555
136.9	78.95183287
137	76.71720131
137.1	74.3635015
137.2	72.7135065
137.3	72.51359527
137.4	72.35562439
137.5	72.47593439
137.6	72.81247155
137.7	73.07165495
137.8	72.77802406
137.9	73.09727715
138	73.58188367
138.1	73.76820624
138.2	73.90517879
138.3	73.72311222
138.4	72.93136677
138.5	71.73483016
138.6	70.35583405
138.7	70.47361532
138.8	71.18056674
138.9	72.203773
139	74.12232452
139.1	75.69584996
139.2	75.53016957
139.3	74.17151296
139.4	73.36594184
139.5	74.27317717
139.6	75.35309836
139.7	76.48543559
139.8	77.69344413
139.9	79.20030214
140	80.68268969
140.1	81.52735822
140.2	82.08601121
140.3	81.30041793
140.4	80.10020821
140.5	79.89499605
140.6	79.64547102
140.7	80.10452438
140.8	81.21900675
140.9	81.78077209
141	83.04060719
141.1	84.32367795
141.2	85.36806542
141.3	86.38366583
141.4	87.40443519
141.5	87.89840714
141.6	88.21491856
141.7	88.27731596
141.8	88.84378157
141.9	88.44869325
142	86.94341118
142.1	85.61484624
142.2	85.3363172
142.3	85.47979882
142.4	86.75810844
142.5	89.02129541
142.6	91.36769035
142.7	92.8021956
142.8	92.43394406
142.9	91.66497505
143	91.08621469
143.1	90.64225348
143.2	89.38538997
143.3	87.25696103
143.4	85.83755689
143.5	84.43227459
143.6	84.05205674
143.7	83.65825961
143.8	81.78119117
143.9	80.80979646
144	80.67748593
144.1	80.91972285
144.2	81.41162509
144.3	81.91480621
144.4	82.80757393
144.5	83.69221622
144.6	84.26260647
144.7	84.25330169
144.8	84.47381966
144.9	85.34297136
145	86.53862545
145.1	87.57797791
145.2	89.02247113
145.3	90.01074031
145.4	89.86802489
145.5	88.82783355
145.6	87.65136745
145.7	86.86578546
145.8	88.22737035
145.9	89.98221249
146	90.99723622
146.1	91.63441636
146.2	91.80105146
146.3	91.66473827
146.4	90.98554108
146.5	90.22397439
146.6	89.41345377
146.7	89.29003834
146.8	89.33097836
146.9	88.46910417
147	86.73013827
147.1	86.04764191
147.2	85.93438563
147.3	85.82327457
147.4	85.44505769
147.5	85.3993748
147.6	85.36468938
147.7	85.32810517
147.8	85.29156095
147.9	85.26356525
148	85.72227091
148.1	87.23238815
148.2	89.54767575
148.3	90.5257582
148.4	90.80642017
148.5	90.58992131
148.6	90.07739272
148.7	89.83955545
148.8	90.11506506
148.9	90.42300092
149	89.975572
149.1	89.53008327
149.2	88.65686839
149.3	87.95302485
149.4	87.60926855
149.5	87.44083921
149.6	87.04476552
149.7	86.23475642
149.8	85.20280255
149.9	85.81761024
150	86.76915368
150.1	87.77122594
150.2	88.85717257
150.3	88.39409807
150.4	89.23826712
150.5	90.1928479
150.6	91.14278042
150.7	92.23388532
150.8	92.8687202
150.9	92.95325746
151	92.47663756
151.1	92.03563186
151.2	92.80535137
151.3	93.24772382
151.4	91.64756158
151.5	89.14777474
151.6	87.6673834
151.7	87.6668445
151.8	87.10905713
151.9	86.17609584
152	84.81426804
152.1	83.42769633
152.2	84.25815784
152.3	84.85990861
152.4	84.71106882
152.5	84.26148621
152.6	85.03245056
152.7	87.06851097
152.8	89.37858805
152.9	90.337791
153	91.56301227
153.1	91.97363086
153.2	93.01845965
153.3	94.59648857
153.4	96.06802992
153.5	97.40916001
153.6	98.49517256
153.7	99.77817463
153.8	100.39561395
153.9	99.20481558
154	98.92694195
154.1	98.22496071
154.2	96.79413258
154.3	94.95304689
154.4	94.22712735
154.5	94.19424048
154.6	94.43619824
154.7	94.30397588
154.8	93.7761887
154.9	94.21081653
155	93.8524958
155.1	93.59688695
155.2	93.62146492
155.3	93.99599206
155.4	93.4569008
155.5	92.16553961
155.6	91.27942942
155.7	90.08830022
155.8	87.0734167
155.9	85.48407198
156	85.94369315
156.1	87.79725605
156.2	90.21802038
156.3	92.42795818
156.4	93.01386992
156.5	92.98423932
156.6	93.99074445
156.7	95.08507371
156.8	93.71612013
156.9	90.94372445
157	87.72015534
157.1	87.14455169
157.2	87.73664666
157.3	88.32560153
157.4	88.79427616
157.5	89.41369212
157.6	91.29803301
157.7	94.0440367
157.8	95.40551429
157.9	95.88053486
158	96.60811646
158.1	97.92393568
158.2	100.47936029
158.3	102.49389136
158.4	102.56325915
158.5	99.99095391
158.6	94.50357618
158.7	90.720968
158.8	89.10296192
158.9	88.23488394
159	88.4084672
159.1	89.63692958
159.2	89.81848915
159.3	89.1998782
159.4	88.09487403
159.5	87.41227378
159.6	86.98097629
159.7	86.02677163
159.8	85.15434859
159.9	85.00110179
160	86.16729644
160.1	87.8406677
160.2	89.50880299
160.3	91.54270545
160.4	93.3370976
160.5	93.23867986
160.6	91.56498407
160.7	89.78645048
160.8	88.47250166
160.9	89.5218749
161	90.69275575
161.1	91.40833468
161.2	91.41809409
161.3	91.80764403
161.4	92.49629906
161.5	92.52978241
161.6	91.41377226
161.7	90.11866992
161.8	89.62160523
161.9	89.81750012
162	89.94370171
162.1	89.33809545
162.2	87.39674323
162.3	85.65495375
162.4	85.46335929
162.5	86.25003283
162.6	87.25878308
162.7	88.85329413
162.8	90.18860213
162.9	91.1593335
163	91.07490241
163.1	90.92744323
163.2	90.55020748
163.3	89.3610727
163.4	88.51851007
163.5	88.45620062
163.6	89.69729251
163.7	91.96053788
163.8	92.78317268
163.9	93.31096206
164	93.84320996
164.1	94.2209912
164.2	95.04129485
164.3	93.35613387
164.4	91.82964808
164.5	90.43679863
164.6	89.82392019
164.7	90.95225056
164.8	91.22054256
164.9	90.50513483
165	89.66777878
165.1	88.94834802
165.2	88.21225847
165.3	88.85410327
165.4	90.22541348
165.5	92.60662333
165.6	93.39784437
165.7	92.46175903
165.8	91.01249775
165.9	91.6306476
166	93.91630971
166.1	95.71301614
166.2	96.62333447
166.3	98.26483868
166.4	99.66050079
166.5	100.58810633
166.6	101.4718317
166.7	102.37044942
166.8	101.92363504
166.9	100.29196745
167	98.97925707
167.1	97.96990076
167.2	98.03445437
167.3	98.17841511
167.4	97.75399051
167.5	97.41830961
167.6	98.16511819
167.7	98.07201721
167.8	97.56784894
167.9	97.74149379
168	98.4698688
168.1	98.62109841
168.2	98.57665286
168.3	98.39037725
168.4	97.39611441
168.5	96.95264472
168.6	96.8062457
168.7	96.33962601
168.8	95.31250393
168.9	94.40861454
169	92.94359445
169.1	90.52836669
169.2	88.43895229
169.3	87.07878021
169.4	86.83807283
169.5	87.95631075
169.6	89.79475613
169.7	92.08070756
169.8	94.64834786
169.9	96.26587583
170	97.93054224
170.1	99.38839772
170.2	99.57104486
170.3	99.4136153
170.4	99.94333834
170.5	100.94151986
170.6	101.08402673
170.7	98.84603034
170.8	96.3865537
170.9	95.22063534
171	95.22947636
171.1	95.87510334
171.2	97.41995864
171.3	98.12821281
171.4	99.06149003
171.5	100.12387529
171.6	100.87671437
171.7	101.40710136
171.8	103.02643781
171.9	103.52874641
172	102.85345102
172.1	101.23999664
172.2	100.17274798
172.3	98.79718239
172.4	97.4379409
172.5	96.2301999
172.6	96.00946213
172.7	96.26632961
172.8	95.98281791
172.9	94.83947682
173	93.4147908
173.1	93.82884432
173.2	95.15496407
173.3	94.74591128
173.4	93.40199847
173.5	93.64057267
173.6	93.44041217
173.7	92.13409271
173.8	90.42562579
173.9	89.22851255
174	88.2212784
174.1	87.39214194
174.2	87.46282572
174.3	88.52613724
174.4	89.48812125
174.5	90.30291892
174.6	92.1885861
174.7	93.48275202
174.8	94.60635253
174.9	95.34575093
175	95.73215847
175.1	96.1000516
175.2	95.83838497
175.3	95.18883822
175.4	95.44635334
175.5	96.20155798
175.6	97.0711231
175.7	96.81339452
175.8	95.91794016
175.9	95.10210171
176	94.99054067
176.1	95.03711731
176.2	95.83587949
176.3	97.2544636
176.4	97.78986437
176.5	97.32409622
176.6	95.72365262
176.7	93.94954143
176.8	93.90590771
176.9	96.37410609
177	98.75131639
177.1	100.9293726
177.2	100.95737166
177.3	100.92292608
177.4	99.86931193
177.5	98.59254696
177.6	97.30514029
177.7	95.99768317
177.8	95.57462448
177.9	96.51998203
178	97.86252597
178.1	99.96814607
178.2	100.95825065
178.3	100.49909279
178.4	98.89962173
178.5	97.78682243
178.6	97.85408698
178.7	97.96799129
178.8	97.62515079
178.9	97.07907437
179	96.45000088
179.1	95.63165403
179.2	94.44304827
179.3	94.0920467
179.4	95.37435436
179.5	96.27287244
179.6	97.64997739
179.7	98.72883844
179.8	98.53319301
179.9	97.42878486
180	96.65183364
180.1	96.1886391
180.2	95.76315404
180.3	95.39437117
180.4	95.78967484
180.5	96.62722518
180.6	97.37169244
180.7	94.85238932
180.8	91.79278852
180.9	90.71354632
181	89.53185031
181.1	89.07165326
181.2	90.84969542
181.3	93.16199594
181.4	95.4215058
181.5	96.80014107
181.6	97.17805105
181.7	96.78505749
181.8	96.36529113
181.9	97.3848447
182	98.22262682
182.1	98.61502037
182.2	98.82558917
182.3	99.35401787
182.4	100.75280114
182.5	101.7548208
182.6	102.10523932
182.7	100.54873818
182.8	98.28169263
182.9	96.85719201
183	95.11294356
183.1	93.00190256
183.2	91.94326342
183.3	93.23378724
183.4	94.10156168
183.5	93.6349844
183.6	92.48079087
183.7	90.65108217
183.8	88.1004744
183.9	87.34997957
184	87.28699794
184.1	88.03652027
184.2	89.03885934
184.3	89.22903708
184.4	89.02652013
184.5	89.50170964
184.6	91.35418737
184.7	92.50842433
184.8	94.56477846
184.9	97.2403045
185	99.87555111
185.1	102.72338771
185.2	105.80048485
185.3	108.19079552
185.4	109.54243054
185.5	109.34991057
185.6	106.50538914
185.7	103.31058549
185.8	100.49565618
185.9	98.55913977
186	97.79414755
186.1	98.01264631
186.2	99.3400879
186.3	100.32491278
186.4	100.56157264
186.5	100.85164596
186.6	102.13829672
186.7	103.1016106
186.8	103.55710641
186.9	103.0683979
187	102.64737461
187.1	102.35549368
187.2	102.41045072
187.3	102.53995333
187.4	102.20226356
187.5	101.34565017
187.6	99.28784467
187.7	97.09258572
187.8	96.19253742
187.9	96.71424359
188	98.17702645
188.1	99.45309899
188.2	100.1592345
188.3	100.3685081
188.4	99.91120806
188.5	98.12278501
188.6	97.85729509
188.7	98.87077755
188.8	100.71641689
188.9	102.37827472
189	102.75004443
189.1	102.45259429
189.2	101.92120182
189.3	101.60682685
189.4	102.23652878
189.5	101.45983733
189.6	100.60096253
189.7	100.68730721
189.8	101.53904878
189.9	101.35398421
190	100.28088661
190.1	98.98392245
190.2	98.36095837
190.3	98.77624816
190.4	99.127437
190.5	100.59171092
190.6	103.1426688
190.7	105.3379409
190.8	108.05552582
190.9	108.19007571
191	106.81641316
191.1	104.37358879
191.2	101.39424957
191.3	100.40767501
191.4	100.36278695
191.5	100.7014066
191.6	101.35497772
191.7	100.17344177
191.8	98.23028367
191.9	97.26022954
192	98.82516153
192.1	100.96634656
192.2	102.49772618
192.3	103.7333154
192.4	105.11072333
192.5	106.71389107
192.6	108.4718862
192.7	109.42720397
192.8	110.18520838
192.9	110.77257189
193	111.90413294
193.1	113.11432289
193.2	113.12902018
193.3	111.56034489
193.4	109.09483148
193.5	106.52361952
193.6	104.34524202
193.7	101.25512355
193.8	99.34397256
193.9	98.38992955
194	97.64378138
194.1	97.87253966
194.2	99.38053898
194.3	100.28663668
194.4	99.51878419
194.5	98.93883537
194.6	98.57094005
194.7	98.58237582
194.8	98.84025568
194.9	99.20053465
195	100.85675936
195.1	102.36737678
195.2	103.18600442
195.3	103.87766657
195.4	104.35196011
195.5	102.98236612
195.6	101.54478092
195.7	100.34666575
195.8	99.29829031
195.9	98.23036693
196	96.72724893
196.1	94.93717864
196.2	94.16941282
196.3	95.80823553
196.4	96.70328446
196.5	97.34416346
196.6	97.6124659
196.7	97.68850046
196.8	97.75093667
196.9	97.53710411
197	97.38532493
197.1	97.35275117
197.2	96.73281888
197.3	96.58711531
197.4	96.60710604
197.5	97.9475057
197.6	99.51447725
197.7	100.04043183
197.8	100.55900673
197.9	101.92286501
198	104.36223147
198.1	108.18876697
198.2	111.45976362
198.3	112.39961189
198.4	112.95111219
198.5	112.74920318
198.6	111.73222696
198.7	109.88770919
198.8	108.5321819
198.9	107.48051402
199	106.81040194
199.1	105.84870911
199.2	104.11289797
199.3	101.63817333
199.4	99.43767931
199.5	98.16689601
199.6	97.37243185
199.7	97.60332366
199.8	98.32687905
199.9	99.14989806
200	100.84813548
200.1	102.70627949
200.2	103.754217
200.3	104.52489296
200.4	104.52985849
200.5	103.97939412
200.6	104.52363626
200.7	104.36328698
200.8	103.33693013
200.9	102.3592631
201	101.77145504
201.1	100.67367108
201.2	99.23192481
201.3	97.58450577
201.4	95.91697697
201.5	95.35157994
201.6	95.18551451
201.7	95.26517806
201.8	96.21859089
201.9	97.93174755
202	99.55024535
202.1	101.04772098
202.2	101.96097283
202.3	101.94963532
202.4	102.13803114
202.5	102.71392711
202.6	102.47846968
202.7	102.40369222
202.8	103.49321211
202.9	104.14134771
203	103.9507041
203.1	103.06344183
203.2	101.91933802
203.3	100.11585502
203.4	98.95158694
203.5	98.33766764
203.6	97.95497932
203.7	97.92678094
203.8	98.68094718
203.9	100.16461686
204	101.8129626
204.1	103.40301112
204.2	103.14738001
204.3	103.33227969
204.4	104.49856201
204.5	104.74739267
204.6	103.98272613
204.7	102.73778922
204.8	103.16977461
204.9	101.60254418
205	99.95414138
205.1	99.14319233
205.2	98.76817398
205.3	99.59989644
205.4	100.12058574
205.5	100.3381889
205.6	99.3630063
205.7	98.60987469
205.8	101.37045981
205.9	103.9257368
206	104.46812405
206.1	104.73644907
206.2	105.01790049
206.3	105.14081869
206.4	104.1256165
206.5	102.3827244
206.6	100.6683418
206.7	99.14683256
206.8	98.18482252
206.9	98.81436575
207	100.30437951
207.1	102.02684676
207.2	102.27481711
207.3	101.45814361
207.4	101.09368437
207.5	101.97296439
207.6	102.36053425
207.7	101.80328122
207.8	101.9176702
207.9	103.88038473
208	103.62361447
208.1	102.94899459
208.2	102.7562598
208.3	102.95969005
208.4	102.71296361
208.5	101.36704773
208.6	100.59426815
208.7	101.14370202
208.8	101.60732538
208.9	103.04296943
209	104.4875199
209.1	106.1120044
209.2	107.67621043
209.3	107.76183038
209.4	106.76810489
209.5	107.33253813
209.6	107.7295557
209.7	106.52614887
209.8	103.82876992
209.9	103.10761238
210	103.8048426
210.1	104.15597808
210.2	102.617438
210.3	101.92880809
210.4	103.31092779
210.5	103.96626448
210.6	102.91345428
210.7	100.91218885
210.8	100.38437572
210.9	100.27657635
211	101.01733683
211.1	102.81885935
211.2	104.72342215
211.3	106.57215297
211.4	109.73845117
211.5	111.88910472
211.6	113.31310837
211.7	112.82771995
211.8	109.76746171
211.9	105.46202697
212	102.64412041
212.1	100.78337531
212.2	101.13879171
212.3	103.28705725
212.4	106.14475369
212.5	108.01642245
212.6	109.30216965
212.7	109.87597732
212.8	108.00543141
212.9	104.54255062
213	103.47492976
213.1	105.1851723
213.2	107.08212483
213.3	106.61490047
213.4	104.28944615
213.5	103.17980828
213.6	102.12091475
213.7	102.00148894
213.8	103.94182582
213.9	106.37971602
214	108.08282672
214.1	107.53531607
214.2	105.77004589
214.3	104.95543023
214.4	104.93680039
214.5	104.94887815
214.6	104.68237684
214.7	103.13002137
214.8	102.12968616
214.9	102.45719307
215	103.27258376
215.1	104.88840542
215.2	106.98666602
215.3	108.54962516
215.4	109.79755755
215.5	109.92138027
215.6	109.5055317
215.7	108.62075506
215.8	107.04887144
215.9	104.95293653
216	103.85131563
216.1	103.94431754
216.2	104.78404157
216.3	105.65201565
216.4	107.50168471
216.5	109.56732601
216.6	112.44935362
216.7	113.82587122
216.8	113.20076582
216.9	110.59575795
217	107.36868757
217.1	103.67783218
217.2	101.29111019
217.3	100.57424469
217.4	100.96421769
217.5	102.44488974
217.6	106.48481931
217.7	110.49601058
217.8	114.36678399
217.9	115.4839455
218	114.94407644
218.1	113.97119572
218.2	112.50089653
218.3	112.1583992
218.4	112.89766599
218.5	113.68071283
218.6	114.47637229
218.7	116.15549272
218.8	117.55570114
218.9	118.19766498
219	116.38693281
219.1	112.77914453
219.2	109.53375807
219.3	108.13727852
219.4	109.40889108
219.5	111.92023929
219.6	114.83874115
219.7	116.90297949
219.8	117.97616392
219.9	117.87834858
220	117.4300933
220.1	116.9945149
220.2	115.72544087
220.3	113.6904291
220.4	111.1561557
220.5	110.10586402
220.6	109.03655891
220.7	107.32650692
220.8	106.03569284
220.9	104.85131334
221	105.01673179
221.1	106.72968313
221.2	108.19101664
221.3	109.91461404
221.4	111.0769551
221.5	111.59426119
221.6	111.88848637
221.7	110.48235187
221.8	109.14327072
221.9	109.44635688
222	111.19105725
222.1	112.35796073
222.2	113.45125218
222.3	114.54185812
222.4	117.11936829
222.5	118.03365593
222.6	117.82049421
222.7	116.85580194
222.8	114.3068244
222.9	109.96797408
223	106.66678802
223.1	103.51383529
223.2	102.50193208
223.3	105.42334032
223.4	108.72552234
223.5	109.94671001
223.6	108.65471187
223.7	105.72470932
223.8	104.21401519
223.9	103.01752345
224	102.73864689
224.1	103.57759146
224.2	105.30862261
224.3	105.34147481
224.4	104.93993433
224.5	103.3794577
224.6	101.1918738
224.7	99.89943965
224.8	99.01797535
224.9	100.05510793
225	101.54237334
225.1	102.92748854
225.2	102.79371208
225.3	100.76304899
225.4	98.99765767
225.5	97.49939906
225.6	96.01216684
225.7	95.44769793
225.8	95.20784395
225.9	96.00186914
226	97.41962372
226.1	97.10446818
226.2	95.16082944
226.3	92.49239496
226.4	91.86990567
226.5	91.89172794
226.6	92.02240949
226.7	90.67017136
226.8	90.22274698
226.9	90.16987498
227	90.66722365
227.1	92.25132059
227.2	94.65923971
227.3	95.35350687
227.4	94.42452657
227.5	93.17208151
227.6	92.24344654
227.7	92.781063
227.8	93.57730628
227.9	94.07675973
228	94.59635949
228.1	94.99871426
228.2	94.86254232
228.3	94.78234338
228.4	95.43828308
228.5	97.95995356
228.6	100.03776172
228.7	102.36114242
228.8	103.13676048
228.9	101.80292839
229	99.88971958
229.1	97.92553992
229.2	96.17219454
229.3	94.87915752
229.4	94.93472851
229.5	95.54419854
229.6	96.51421794
229.7	99.00840607
229.8	101.55724891
229.9	102.20405959
230	103.11451
230.1	103.99690234
230.2	104.53264511
230.3	104.54198443
230.4	104.0261878
230.5	102.13645885
230.6	100.15307893
230.7	98.79398305
230.8	96.36905092
230.9	94.04281997
231	93.35255554
231.1	94.07819399
231.2	95.92664118
231.3	97.80635664
231.4	99.33975894
231.5	100.75735871
231.6	101.44623236
231.7	101.95531372
231.8	100.93087575
231.9	99.17955202
232	98.15325416
232.1	98.30620341
232.2	99.49984172
232.3	100.15123567
232.4	99.94631207
232.5	98.808586
232.6	97.67041878
232.7	97.57773189
232.8	97.04543532
232.9	96.71309767
233	96.3793895
233.1	95.72260139
233.2	94.57912514
233.3	94.37439824
233.4	96.22669837
233.5	98.93487797
233.6	100.53880437
233.7	101.80345813
233.8	102.30941847
233.9	102.95217213
234	103.96072186
234.1	105.24094714
234.2	106.17107654
234.3	106.73710664
234.4	106.14503859
234.5	105.3732013
234.6	105.73378085
234.7	105.21849533
234.8	105.80979298
234.9	108.28982395
235	110.08603742
235.1	110.44150011
235.2	110.33322847
235.3	110.05584833
235.4	109.08646888
235.5	109.43531022
235.6	109.41138185
235.7	109.81661949
235.8	111.5034656
235.9	113.28152633
236	113.42527963
236.1	112.2753648
236.2	110.3703736
236.3	107.76463509
236.4	106.45918268
236.5	106.98303274
236.6	107.15185104
236.7	106.30253576
236.8	107.17536616
236.9	108.23497906
237	109.27856121
237.1	110.39128864
237.2	111.56620095
237.3	111.83498697
237.4	112.03564591
237.5	112.67757087
237.6	113.61538531
237.7	114.47747597
237.8	113.41030583
237.9	111.52976382
238	110.01626469
238.1	108.93441082
238.2	107.9707708
238.3	107.10160065
238.4	106.32199702
238.5	106.47401516
238.6	107.38177631
238.7	109.90325479
238.8	110.78669088
238.9	111.45322727
239	111.96858815
239.1	112.36699654
239.2	114.29015038
239.3	116.98996459
239.4	117.38158858
239.5	115.8399128
239.6	113.66283194
239.7	111.68575328
239.8	110.50528086
239.9	110.51245817
240	110.69233528
240.1	110.31814987
240.2	109.96514316
240.3	110.02856336
240.4	111.08445727
240.5	112.09530194
240.6	111.27405284
240.7	110.75920957
240.8	110.71564229
240.9	110.84931623
241	110.99837021
241.1	110.12479677
241.2	108.73133287
241.3	107.72026286
241.4	107.93836151
241.5	109.54452509
241.6	110.91695801
241.7	111.849886
241.8	112.10620027
241.9	111.17770579
242	109.22910555
242.1	107.75003972
242.2	106.88574574
242.3	106.06972388
242.4	105.74760198
242.5	106.43929035
242.6	107.39010984
242.7	107.71742895
242.8	107.73059569
242.9	107.33520276
243	106.13734414
243.1	105.05387884
243.2	104.74050655
243.3	105.44381856
243.4	108.70393822
243.5	110.65728102
243.6	110.62210908
243.7	110.12193926
243.8	110.57163154
243.9	111.65531428
244	112.28688219
244.1	112.70249829
244.2	112.40336605
244.3	111.81422492
244.4	111.22400222
244.5	110.65092761
244.6	109.81927692
244.7	108.21382932
244.8	106.76245342
244.9	105.4125952
245	105.04631161
245.1	104.9797534
245.2	105.36456979
245.3	105.66526666
245.4	105.97029437
245.5	106.27523028
245.6	106.56884236
245.7	107.32027105
245.8	109.08650503
245.9	111.03316444
246	112.52105464
246.1	111.81719455
246.2	108.53448274
246.3	105.52676321
246.4	104.4520216
246.5	103.51794634
246.6	104.38535208
246.7	104.22664225
246.8	103.12953963
246.9	102.03378532
247	101.15121205
247.1	101.181107
247.2	101.76846809
247.3	102.90393114
247.4	103.64242533
247.5	104.12208044
247.6	103.59325806
247.7	105.01368304
247.8	107.4796881
247.9	109.51522757
248	111.06807083
248.1	111.70512749
248.2	113.06063146
248.3	114.84784866
248.4	117.70499626
248.5	121.37296103
248.6	121.58406349
248.7	116.43752906
248.8	108.65730293
248.9	97.77547784
249	87.87485434
249.1	85.20369034
249.2	83.28025791
249.3	81.92278485
249.4	79.5395197
249.5	77.33906909
249.6	75.01247174
249.7	72.100945
249.8	70.75349263
249.9	68.61754705
250	65.31795673
250.1	62.74547827
250.2	62.67497273
250.3	63.33585698
250.4	65.97359555
250.5	69.3845507
250.6	72.44423155
250.7	75.86845546
250.8	80.20550554
250.9	85.17084336
251	89.51059318
251.1	93.31432855
251.2	96.22439344
251.3	99.1215894
251.4	99.56045576
251.5	99.57757748
251.6	99.81408789
251.7	101.02758047
251.8	102.36486952
251.9	102.59185506
252	101.94822607
252.1	101.19435197
252.2	100.61335674
252.3	100.54316007
252.4	101.30249561
252.5	103.09334801
252.6	104.99912702
252.7	106.92600083
252.8	108.70535651
252.9	110.48901891
253	111.90059824
253.1	112.84607623
253.2	114.84285137
253.3	116.70672317
253.4	118.56493101
253.5	120.43324186
253.6	122.58116171
253.7	123.55251706
253.8	122.94678076
253.9	121.56547266
254	120.74906761
254.1	120.19686945
254.2	118.51014231
254.3	116.68720009
254.4	115.49412662
254.5	115.78954104
254.6	115.94333662
254.7	114.65246522
254.8	113.71866152
254.9	115.00355383
255	117.39053858
255.1	119.7102199
255.2	119.63738193
255.3	118.20806348
255.4	117.46414799
255.5	116.44218288
255.6	114.32559965
255.7	113.07535209
255.8	113.88855456
255.9	115.39236532
256	116.51232352
256.1	115.40838872
256.2	114.50631962
256.3	114.71143887
256.4	114.11063268
256.5	114.68886486
256.6	115.56189355
256.7	116.06317313
256.8	116.07940517
256.9	116.32457096
257	117.37835178
257.1	117.70219052
257.2	117.6849062
257.3	119.48997225
257.4	120.10604017
257.5	122.7054119
257.6	126.07976527
257.7	127.4168489
257.8	125.16232758
257.9	122.28297248
258	121.16000495
258.1	120.665508
258.2	120.62493797
258.3	119.4639126
258.4	119.20455138
258.5	118.28781727
258.6	115.8985879
258.7	114.42161472
258.8	115.09409545
258.9	114.94296688
259	114.70416313
259.1	114.91146622
259.2	115.4504516
259.3	115.69188988
259.4	115.43372129
259.5	114.86779804
259.6	115.09159677
259.7	114.88171379
259.8	114.73315697
259.9	114.72337866
260	114.49787382
260.1	114.30394027
260.2	114.46710506
260.3	115.87959909
260.4	118.76286795
260.5	121.67393373
260.6	123.20066125
260.7	123.23791403
260.8	122.62491919
260.9	122.23619483
261	122.08843825
261.1	121.62217321
261.2	119.76258166
261.3	117.64996678
261.4	115.50574676
261.5	113.68586242
261.6	113.11544233
261.7	113.42093676
261.8	113.87250617
261.9	114.53355822
262	115.39316854
262.1	115.84067309
262.2	116.6424541
262.3	116.44053299
262.4	115.05968326
262.5	114.47180455
262.6	114.52711022
262.7	115.38723035
262.8	115.85069998
262.9	115.25726968
263	116.0852797
263.1	116.7101934
263.2	117.23467916
263.3	117.63891243
263.4	118.53661077
263.5	120.54645292
263.6	122.89607566
263.7	125.2711901
263.8	126.58201267
263.9	125.13158325
264	122.45714411
264.1	120.53692974
264.2	119.68689068
264.3	118.9015012
264.4	118.95183976
264.5	120.61955944
264.6	122.42367238
264.7	122.14577099
264.8	118.74778059
264.9	115.29939353
265	112.11145119
265.1	108.84293905
265.2	105.88510482
265.3	105.01336232
265.4	106.64454054
265.5	110.52627384
265.6	114.68984523
265.7	118.15766461
265.8	119.10288486
265.9	120.21134847
266	122.94860709
266.1	125.73535001
266.2	127.84062889
266.3	128.36325842
266.4	127.90264004
266.5	126.82386451
266.6	126.07466703
266.7	126.05613987
266.8	126.23374078
266.9	126.21493689
267	126.85099644
267.1	127.81987825
267.2	129.36454672
267.3	129.04097368
267.4	127.64241471
267.5	124.86208574
267.6	123.02379542
267.7	121.44436181
267.8	120.57990317
267.9	120.26902114
268	118.96514242
268.1	116.91208823
268.2	116.15872901
268.3	117.72644285
268.4	118.83168227
268.5	117.65849865
268.6	116.06048514
268.7	116.00068313
268.8	116.97550516
268.9	117.37504994
269	117.57178267
269.1	118.06551952
269.2	119.11068365
269.3	120.64283389
269.4	122.03168778
269.5	122.02559824
269.6	120.32131725
269.7	118.70524023
269.8	118.2861256
269.9	119.48763799
270	118.86674564
270.1	117.08453221
270.2	115.36145001
270.3	113.61687837
270.4	111.75962213
270.5	112.05892168
270.6	112.66832602
270.7	112.56769016
270.8	111.17644766
270.9	110.29369698
271	107.84773105
271.1	104.47531358
271.2	102.01426205
271.3	101.04432547
271.4	100.8178548
271.5	100.24519682
271.6	98.61508648
271.7	96.07019156
271.8	93.16584154
271.9	91.2733516
272	91.40986488
272.1	92.66537963
272.2	94.56875202
272.3	96.60792862
272.4	98.45593151
272.5	100.52713931
272.6	104.97415553
272.7	110.44432286
272.8	114.1980594
272.9	116.76484632
273	117.26739654
273.1	116.85736473
273.2	115.88157924
273.3	115.43656968
273.4	116.26738227
273.5	117.87846343
273.6	119.52817276
273.7	120.4229656
273.8	122.8349584
273.9	125.5435324
274	126.56968391
274.1	124.74135997
274.2	121.35577144
274.3	118.12703622
274.4	115.6234103
274.5	113.50964815
274.6	112.86473137
274.7	112.71403965
274.8	113.14640583
274.9	114.19606721
275	115.95268751
275.1	117.78793291
275.2	117.37485983
275.3	116.24038209
275.4	115.49744746
275.5	116.189814
275.6	118.26092324
275.7	119.79225713
275.8	120.66790073
275.9	120.51010234
276	119.71582578
276.1	118.34345092
276.2	116.7892512
276.3	115.90302177
276.4	116.32184095
276.5	118.52784783
276.6	120.29991513
276.7	121.13385755
276.8	121.25234615
276.9	121.12543198
277	121.34875753
277.1	121.3007721
277.2	120.06976226
277.3	117.69683738
277.4	115.48157391
277.5	116.3688194
277.6	118.88397329
277.7	121.42844433
277.8	123.29621785
277.9	124.96569616
278	126.61882738
278.1	128.2240848
278.2	130.01349492
278.3	130.76649909
278.4	132.43150479
278.5	134.20182222
278.6	134.58831937
278.7	134.33547532
278.8	131.60500112
278.9	128.02497764
279	122.87515648
279.1	119.3159003
279.2	118.3196837
279.3	117.39482886
279.4	117.62671823
279.5	118.19330973
279.6	117.89387062
279.7	117.59674
279.8	117.48320664
279.9	117.32684645
280	116.8242718
280.1	116.22945528
280.2	115.36139435
280.3	115.98086785
280.4	118.03687346
280.5	119.54441204
280.6	120.95068333
280.7	124.12604634
280.8	126.00296361
280.9	126.03551064
281	125.38816534
281.1	124.05392636
281.2	122.01184848
281.3	119.74784894
281.4	119.0026519
281.5	120.93936061
281.6	122.9388013
281.7	124.46405131
281.8	125.23213863
281.9	125.08824878
282	124.02831353
282.1	121.31688727
282.2	119.91144239
282.3	119.28763917
282.4	118.65437737
282.5	119.44443204
282.6	119.05683121
282.7	119.88257308
282.8	121.60560237
282.9	121.97276786
283	122.26724918
283.1	121.17822586
283.2	119.46861221
283.3	118.66049973
283.4	117.8204245
283.5	117.37902143
283.6	117.64666415
283.7	117.82944441
283.8	117.42009417
283.9	117.08735244
284	116.18429631
284.1	115.32733343
284.2	115.1478392
284.3	115.73948067
284.4	118.64802146
284.5	119.97093156
284.6	119.79941317
284.7	119.07261178
284.8	120.4352739
284.9	120.4100318
285	119.46038171
285.1	118.05329207
285.2	117.47159728
285.3	119.13731985
285.4	121.08013416
285.5	122.16346695
285.6	121.71822819
285.7	121.26853109
285.8	121.4155031
285.9	122.0595905
286	122.36023409
286.1	121.82644874
286.2	120.43200012
286.3	119.62682221
286.4	118.84398029
286.5	118.0935261
286.6	115.84961477
286.7	112.0641404
286.8	110.30506474
286.9	110.56474379
287	112.7630572
287.1	114.71359069
287.2	116.57773005
287.3	117.3091634
287.4	117.16878215
287.5	116.19604492
287.6	114.57163788
287.7	113.64321383
287.8	113.23618973
287.9	112.91335611
288	113.07164903
288.1	113.69598945
288.2	115.14703773
288.3	116.84053158
288.4	118.46874406
288.5	119.8492456
288.6	122.38211204
288.7	125.64648605
288.8	127.24694866
288.9	127.17148022
289	126.72361015
289.1	126.88538006
289.2	127.01158172
289.3	126.43104628
289.4	124.08894145
289.5	123.64314117
289.6	123.49450376
289.7	123.64922595
289.8	123.23455248
289.9	122.2594637
290	121.56067009
290.1	121.2272459
290.2	120.5086691
290.3	120.06407055
290.4	120.54391742
290.5	121.44990021
290.6	122.65424987
290.7	123.81795113
290.8	124.03027155
290.9	124.02133654
291	124.30760448
291.1	124.47492927
291.2	124.86498131
291.3	125.01758953
291.4	124.77842
291.5	123.58834086
291.6	121.48532437
291.7	120.44674096
291.8	121.26207993
291.9	122.5412109
292	123.39520246
292.1	122.74902015
292.2	120.72357247
292.3	119.20478598
292.4	118.44052996
292.5	118.63942961
292.6	118.5573527
292.7	117.6440566
292.8	116.08559513
292.9	114.7524802
293	114.37738896
293.1	114.73317433
293.2	115.27722569
293.3	115.23760227
293.4	115.50935945
293.5	116.2344095
293.6	116.88543452
293.7	119.29841568
293.8	121.93818599
293.9	122.73814107
294	120.99962226
294.1	119.40859097
294.2	117.70101359
294.3	116.89642536
294.4	116.87322388
294.5	117.27723211
294.6	119.31830376
294.7	122.72902318
294.8	125.39753677
294.9	126.0946488
295	126.01599044
295.1	125.4485148
295.2	124.50481084
295.3	124.01119006
295.4	123.14299574
295.5	120.94456514
295.6	119.225155
295.7	118.02345426
295.8	117.90902659
295.9	118.55007564
296	120.2428767
296.1	121.9728437
296.2	122.42953076
296.3	121.25642168
296.4	119.87019955
296.5	119.2555793
296.6	118.18601295
296.7	116.71450643
296.8	115.30109948
296.9	116.59940232
297	119.26698988
297.1	121.37339162
297.2	122.46126232
297.3	121.71918054
297.4	121.76646046
297.5	122.29063319
297.6	122.70792203
297.7	123.04745474
297.8	124.22592492
297.9	122.75237124
298	120.29981141
298.1	118.25147283
298.2	116.90596966
298.3	117.63543358
298.4	119.88679613
298.5	121.63807436
298.6	122.61150225
298.7	122.09443917
298.8	121.00750579
298.9	119.8364334
299	119.1007209
299.1	119.43637889
299.2	120.02031166
299.3	119.87082967
299.4	120.38821678
299.5	121.14340578
299.6	121.4427131
299.7	121.45087936
299.8	121.44900257
299.9	121.15369021
300	119.57578363
300.1	116.40200799
300.2	115.49864429
300.3	114.73400586
300.4	114.23066266
300.5	114.19421589
300.6	116.28224004
300.7	118.33250802
300.8	118.64267234
300.9	118.18182328
301	119.35591409
301.1	119.78342186
301.2	120.92462781
301.3	122.94160672
301.4	124.78575737
301.5	126.99178012
301.6	129.3148101
301.7	129.67030673
301.8	128.39520688
301.9	127.23932576
302	126.81148136
302.1	125.45614742
302.2	123.21432426
302.3	121.1437597
302.4	119.42406507
302.5	121.65277246
302.6	121.26743267
302.7	118.56532805
302.8	115.29827372
302.9	112.9856059
303	112.20275287
303.1	112.46462005
303.2	112.72814934
303.3	113.05861056
303.4	115.55826836
303.5	115.46068242
303.6	114.65088015
303.7	114.29165269
303.8	114.96951267
303.9	116.02360667
304	116.89441452
304.1	117.78908114
304.2	118.02171434
304.3	117.59325495
304.4	115.91867786
304.5	113.58722563
304.6	112.32454524
304.7	112.42422241
304.8	112.52685423
304.9	114.3475032
305	116.13631302
305.1	117.27554863
305.2	116.82041125
305.3	116.06524272
305.4	115.5557657
305.5	118.05880837
305.6	121.30790583
305.7	123.05412348
305.8	121.77324651
305.9	119.60102061
306	116.91144815
306.1	114.49452499
306.2	112.06093018
306.3	110.5035165
306.4	110.44251041
306.5	111.86254311
306.6	114.2946988
306.7	116.62746936
306.8	118.30687269
306.9	119.63104447
307	120.04647332
307.1	119.79594191
307.2	118.78585185
307.3	117.8733943
307.4	117.89934571
307.5	118.47151506
307.6	118.0005961
307.7	116.22477891
307.8	115.03143639
307.9	114.80679512
308	115.84085919
308.1	117.06377832
308.2	118.6420134
308.3	119.58014001
308.4	121.01457145
308.5	123.46130866
308.6	126.4991538
308.7	128.96798764
308.8	129.50655814
308.9	126.84330493
309	124.12520761
309.1	121.18033073
309.2	117.5250011
309.3	114.3827305
309.4	114.32092704
309.5	115.65249471
309.6	116.84771331
309.7	116.49836123
309.8	114.74061316
309.9	113.98584614
310	113.15928431
310.1	112.18030174
310.2	110.92787433
310.3	109.49505815
310.4	109.53527619
310.5	109.5143388
310.6	109.32871443
310.7	109.0179356
310.8	108.32181425
310.9	109.1558318
311	111.48298336
311.1	114.2033194
311.2	115.42094232
311.3	116.07919428
311.4	118.20109339
311.5	120.49503244
311.6	120.64306334
311.7	117.4620466
311.8	116.34401484
311.9	114.03654936
312	110.71227942
312.1	108.08247864
312.2	107.31584093
312.3	109.75477495
312.4	112.10658122
312.5	113.13328193
312.6	112.42370051
312.7	109.48092723
312.8	107.83637791
312.9	108.43985932
313	109.69707295
313.1	110.12768057
313.2	110.30248307
313.3	109.72897037
313.4	108.91680444
313.5	109.19987312
313.6	110.36743532
313.7	110.58442588
313.8	109.09207101
313.9	106.50566509
314	104.3073108
314.1	102.37825728
314.2	101.73277303
314.3	101.76192653
314.4	101.57498242
314.5	100.20891039
314.6	96.84784185
314.7	95.08596646
314.8	95.32136512
314.9	96.88502442
315	98.54284619
315.1	98.73988805
315.2	97.56836393
315.3	96.62519683
315.4	96.58397308
315.5	96.99598618
315.6	96.89790266
315.7	95.04388167
315.8	92.87426097
315.9	92.5221917
316	94.58792903
316.1	96.61579934
316.2	97.60276571
316.3	96.84329336
316.4	94.82762844
316.5	92.42991246
316.6	88.72848454
316.7	85.17259641
316.8	85.13969306
316.9	86.12832015
317	87.68079286
317.1	90.47406443
317.2	94.67632634
317.3	99.62552431
317.4	104.6222285
317.5	109.08338977
317.6	112.13178187
317.7	113.50903387
317.8	112.38714507
317.9	108.81851809
318	106.5174273
318.1	104.95724506
318.2	105.26403342
318.3	106.22900378
318.4	107.6281393
318.5	107.3282126
318.6	104.72123945
318.7	102.16745491
318.8	99.40192567
318.9	97.01769248
319	94.80100232
319.1	91.34647282
319.2	89.51209295
319.3	90.81723629
319.4	94.15916429
319.5	97.11687056
319.6	97.01728593
319.7	95.903567
319.8	95.54396928
319.9	94.79365875
320	93.55095259
320.1	91.70001142
320.2	90.03847864
320.3	89.10637315
320.4	88.36673814
320.5	87.81188924
320.6	88.03041681
320.7	89.34356883
320.8	89.98026604
320.9	90.29777674
321	90.53855151
321.1	91.60862085
321.2	93.84077965
321.3	95.49372801
321.4	95.61544678
321.5	94.0411304
321.6	90.89331149
321.7	86.6455323
321.8	83.21191896
321.9	81.3848878
322	82.14909378
322.1	83.49512389
322.2	85.06452566
322.3	86.03186272
322.4	86.8486745
322.5	86.37156126
322.6	86.24294066
322.7	86.24354864
322.8	86.38531784
322.9	87.38169503
323	90.04490354
323.1	93.27475294
323.2	95.98629055
323.3	95.86928123
323.4	92.7840806
323.5	89.59007044
323.6	86.86387438
323.7	84.83784733
323.8	84.73084581
323.9	85.93908704
324	88.75887315
324.1	91.88491223
324.2	94.17829666
324.3	95.61997386
324.4	95.90809423
324.5	93.96987798
324.6	91.57004944
324.7	89.62955089
324.8	87.98303115
324.9	87.68370098
325	88.70005392
325.1	89.66113829
325.2	90.01238661
325.3	90.75945487
325.4	93.78485796
325.5	97.36522318
325.6	100.55869015
325.7	103.18826849
325.8	102.53253935
325.9	100.45406205
326	96.68633575
326.1	93.21150119
326.2	90.17771193
326.3	89.44635289
326.4	88.93005609
326.5	88.36734812
326.6	87.88459478
326.7	87.92185139
326.8	88.03986874
326.9	87.21618356
327	86.29068594
327.1	88.24898348
327.2	90.58220361
327.3	91.17859034
327.4	90.40202397
327.5	90.4766152
327.6	92.32245262
327.7	93.99748481
327.8	95.73771574
327.9	97.09371305
328	97.64051748
328.1	97.67334676
328.2	97.25728563
328.3	97.16184306
328.4	97.28192697
328.5	96.53136251
328.6	95.45449866
328.7	94.11560297
328.8	93.18166279
328.9	93.60962111
329	93.99297367
329.1	94.41263715
329.2	94.39231275
329.3	94.29450791
329.4	93.91791308
329.5	91.2704798
329.6	86.25733291
329.7	80.91008742
329.8	75.74716722
329.9	72.23233416
330	71.52728588
330.1	71.77173981
330.2	74.06049374
330.3	76.19681064
330.4	76.22690491
330.5	74.78624893
330.6	74.29624358
330.7	76.69927648
330.8	81.72923276
330.9	85.85992088
331	89.51257474
331.1	91.10046031
331.2	92.35952809
331.3	93.68937125
331.4	94.93337899
331.5	97.42428521
331.6	99.87636735
331.7	101.19037511
331.8	102.35397287
331.9	102.95300334
332	103.24573045
332.1	102.93295016
332.2	102.93573951
332.3	103.5804026
332.4	102.55679303
332.5	101.20371195
332.6	100.99030774
332.7	101.95846047
332.8	102.13199953
332.9	101.4599613
333	101.44661647
333.1	102.36849277
333.2	104.73903015
333.3	104.73976154
333.4	104.73381209
333.5	104.39625164
333.6	103.75161124
333.7	103.42517868
333.8	103.42407613
333.9	103.64971811
334	104.00091054
334.1	104.10688144
334.2	103.0928522
334.3	101.49291649
334.4	99.64903588
334.5	98.97610092
334.6	99.13672679
334.7	98.4534724
334.8	97.62887086
334.9	97.36262158
335	97.5862485
335.1	97.76170793
335.2	99.19987294
335.3	104.3078975
335.4	110.60733837
335.5	114.47820577
335.6	117.27868218
335.7	118.29133895
335.8	118.68084312
335.9	119.58568973
336	120.46900352
336.1	120.99470798
336.2	120.99704446
336.3	121.95358065
336.4	123.23841498
336.5	124.43635769
336.6	125.62612704
336.7	126.62907101
336.8	127.22563638
336.9	126.9533136
337	126.11229644
337.1	125.1481346
337.2	123.46533328
337.3	120.6481506
337.4	120.49027823
337.5	121.21594349
337.6	121.85951183
337.7	122.22724876
337.8	122.46320021
337.9	121.30328996
338	118.8695208
338.1	116.54302607
338.2	114.52157649
338.3	114.3205981
338.4	113.31265004
338.5	112.93745726
338.6	113.44265122
338.7	112.97446702
338.8	112.52393833
338.9	113.12395895
339	113.88836199
339.1	114.00003263
339.2	114.42327168
339.3	115.94437274
339.4	116.88046915
339.5	117.49504458
339.6	116.78760797
339.7	114.85149389
339.8	113.27414183
339.9	113.45171279
340	114.35117571
340.1	114.69440993
340.2	114.49208476
340.3	114.25154986
340.4	114.69283813
340.5	115.53753136
340.6	115.69521112
340.7	116.0430793
340.8	116.22496903
340.9	116.1153774
341	116.10178801
341.1	115.03392231
341.2	112.40764866
341.3	109.77965454
341.4	109.05569549
341.5	108.65666842
341.6	109.58754839
341.7	110.71787958
341.8	111.08986669
341.9	110.5711247
342	108.932672
342.1	109.84737585
342.2	110.72943616
342.3	110.14552427
342.4	109.14224112
342.5	109.14893193
342.6	110.37852851
342.7	112.33941295
342.8	113.65314829
342.9	113.85215969
343	112.87625262
343.1	111.88525065
343.2	111.83527476
343.3	112.87863136
343.4	114.76177194
343.5	117.28403379
343.6	119.56573553
343.7	120.0644655
343.8	118.95788025
343.9	116.58680795
344	113.51929665
344.1	111.09752359
344.2	110.28853504
344.3	111.65920702
344.4	112.65618419
344.5	112.89208564
344.6	112.64844436
344.7	112.48210796
344.8	114.26293449
344.9	116.86492707
345	119.12261259
345.1	119.8714741
345.2	119.93803318
345.3	120.06756131
345.4	121.5449841
345.5	123.98797899
345.6	127.14375474
345.7	132.18058546
345.8	136.62725761
345.9	139.82876655
346	139.13287102
346.1	135.2876801
346.2	132.80511406
346.3	130.7226082
346.4	130.01053135
346.5	129.81891482
346.6	129.64477026
346.7	128.8940219
346.8	126.77297943
346.9	123.66404103
347	120.70261235
347.1	119.10017305
347.2	120.75313627
347.3	122.46547896
347.4	122.31373506
347.5	120.83084325
347.6	119.52680498
347.7	120.13444567
347.8	120.02803929
347.9	118.07060375
348	116.12353148
348.1	115.87026396
348.2	117.08930658
348.3	118.69291191
348.4	117.40662301
348.5	117.48759686
348.6	118.17468308
348.7	119.73510935
348.8	121.26737435
348.9	122.97228513
349	124.80248516
349.1	126.45615442
349.2	127.01550961
349.3	127.09275845
349.4	127.48923965
349.5	127.81788602
349.6	125.95043634
349.7	123.71110834
349.8	122.61621092
349.9	122.97271986
350	123.38460119
350.1	123.73977568
350.2	122.61428452
350.3	119.96144974
350.4	118.27231508
350.5	118.27904066
350.6	118.61015624
350.7	118.62095234
350.8	118.2846071
350.9	117.05604447
351	116.07219125
351.1	117.00747981
351.2	120.17716293
351.3	122.57160515
351.4	123.95170529
351.5	124.29683625
351.6	122.66132655
351.7	119.60392781
351.8	118.80608882
351.9	118.18776156
352	116.87440669
352.1	114.84563445
352.2	113.11554843
352.3	111.9385517
352.4	110.63796955
352.5	109.70250934
352.6	111.12721262
352.7	114.89877403
352.8	117.81139791
352.9	118.67707337
353	119.45853155
353.1	118.2515358
353.2	115.99526765
353.3	113.02229283
353.4	111.98564585
353.5	113.30502468
353.6	115.75232849
353.7	118.58081976
353.8	121.54494655
353.9	123.56139195
354	124.80839315
354.1	125.21967263
354.2	124.44940098
354.3	123.88216747
354.4	123.63608195
354.5	123.46047424
354.6	122.24344613
354.7	121.20694212
354.8	120.29750149
354.9	120.24975133
355	120.72702652
355.1	122.52463103
355.2	124.19547111
355.3	125.78482863
355.4	128.39396605
355.5	129.87836786
355.6	129.51378655
355.7	128.8042958
355.8	126.74214299
355.9	123.78160362
356	120.46885669
356.1	117.505468
356.2	114.83819589
356.3	112.73413976
356.4	112.4695645
356.5	113.31989829
356.6	114.49739945
356.7	115.24452344
356.8	115.98825202
356.9	116.89035364
357	117.5781157
357.1	118.47850459
357.2	119.44724471
357.3	119.42519596
357.4	117.82359605
357.5	115.48229898
357.6	112.92240904
357.7	111.30998591
357.8	112.33728591
357.9	112.16158765
358	112.45522166
358.1	113.39283835
358.2	114.54231947
358.3	115.06516841
358.4	113.65509356
358.5	113.25559591
358.6	117.38817578
358.7	122.23593855
358.8	125.96127246
358.9	126.98179822
359	126.6110068
359.1	126.36345979
359.2	125.85891538
359.3	126.16942175
359.4	125.12008332
359.5	122.55573752
359.6	121.67143616
359.7	121.76317039
359.8	121.20144133
359.9	120.30131352
360	119.66930195
360.1	118.81413704
360.2	117.66096797
360.3	118.75538404
360.4	120.29715755
360.5	121.75987798
360.6	123.6133914
360.7	125.06813114
360.8	125.99387238
360.9	125.06951572
361	121.04318808
361.1	115.89413077
361.2	113.54397379
361.3	113.79093213
361.4	116.34894272
361.5	119.5940834
361.6	120.74237584
361.7	121.86716669
361.8	122.45711703
361.9	122.33798793
362	121.61174319
362.1	119.58307747
362.2	116.40918388
362.3	112.6537435
362.4	111.16637146
362.5	111.52918448
362.6	113.32077911
362.7	116.11698247
362.8	119.49184641
362.9	124.01003201
363	129.73898943
363.1	134.96492779
363.2	137.39623637
363.3	134.27229561
363.4	130.58248547
363.5	128.00258979
363.6	126.79478992
363.7	124.60010658
363.8	123.23562131
363.9	124.91627142
364	127.24713609
364.1	128.39435261
364.2	126.86926342
364.3	126.2091028
364.4	125.12479971
364.5	125.46940076
364.6	126.87433322
364.7	127.23060694
364.8	126.53058336
364.9	126.22019304
365	125.27975243
365.1	123.60853278
365.2	123.51880193
365.3	123.8705033
365.4	121.71674206
365.5	117.51112624
365.6	110.14586632
365.7	101.2315235
365.8	87.63262599
365.9	73.27320955
366	49.44628647
366.1	30.92685129
366.2	18.52848526
366.3	10.24932495
366.4	6.81101097
366.5	5.09769694
366.6	5.06338697
366.7	5.28077736
366.8	5.9250968
366.9	6.86100799
367	7.88412912
367.1	8.79535656
367.2	9.73793333
367.3	10.6490024
367.4	11.59200734
367.5	12.18121259
367.6	12.48010363
367.7	14.14893441
367.8	15.2620801
367.9	15.42965213
368	14.72481238
368.1	13.36051112
368.2	11.77671455
368.3	10.11312738
368.4	8.26879604
368.5	7.77559226
368.6	7.40821855
368.7	6.91988464
368.8	6.34079661
368.9	5.70499891
369	5.34905125
369.1	4.9247145
369.2	4.48482756
369.3	4.04743349
369.4	3.61400766
369.5	3.17696426
369.6	2.98269019
369.7	2.88735487
369.8	2.8868315
369.9	3.00082287
370	3.27343041
370.1	3.4881958
370.2	3.29635894
370.3	2.68471772
370.4	2.69705394
370.5	2.90587121
370.6	2.87847293
370.7	2.92903913
370.8	3.58851204
370.9	4.3103917
371	4.71465874
371.1	4.86469476
371.2	5.01976291
371.3	5.17008848
371.4	5.16107744
371.5	4.85349329
371.6	4.5416334
371.7	4.27713569
371.8	4.53716925
371.9	4.72618598
372	4.9471986
372.1	5.07192896
372.2	5.06912251
372.3	5.09113682
372.4	4.88034009
372.5	4.50638787
372.6	4.08124526
372.7	3.87721077
372.8	3.55936951
372.9	3.49245201
373	3.64802625
373.1	3.48094218
373.2	3.61957033
373.3	3.94260492
373.4	4.14343888
373.5	4.30674475
373.6	4.83894846
373.7	4.91898634
373.8	4.97177769
373.9	5.03215386
374	5.06372176
374.1	4.85459665
374.2	4.87723481
374.3	4.87348148
374.4	4.87358394
374.5	4.87201323
374.6	4.68490485
374.7	4.09636259
374.8	3.6131718
374.9	3.4884749
375	3.82972664
375.1	4.20431793
375.2	4.57433442
375.3	4.91919583
375.4	5.3697911
375.5	5.84887264
375.6	5.43186732
375.7	5.08411352
375.8	5.06011096
375.9	5.83716102
376	6.17560222
376.1	6.47349991
376.2	6.81799345
376.3	6.86874342
376.4	6.66992047
376.5	6.88314043
376.6	6.86135669
376.7	6.85470654
376.8	6.49192526
376.9	6.12836409
377	5.80698016
377.1	5.46120765
377.2	5.69471036
377.3	5.65863867
377.4	5.44618562
377.5	5.67599059
377.6	6.43512619
377.7	6.87538672
377.8	6.85702134
377.9	6.96299804
378	7.01415192
378.1	6.85885913
378.2	6.63337759
378.3	6.13060847
378.4	6.06846695
378.5	6.17666716
378.6	6.49669829
378.7	6.81582207
378.8	7.13260573
378.9	7.14167897
379	6.85007021
379.1	5.84722808
379.2	5.47208608
379.3	5.14692243
379.4	4.81605523
379.5	4.67515246
379.6	4.89446497
379.7	4.96334486
379.8	4.71104837
379.9	4.46002361
380	4.06311744
380.1	3.692067
380.2	3.49844626
380.3	3.27414052
380.4	3.04177
380.5	2.88667153
380.6	2.88073548
380.7	3.09732768
380.8	3.27891931
380.9	3.6077598
381	4.02817625
381.1	4.11717332
381.2	4.07462346
381.3	4.07887898
381.4	4.15383429
381.5	4.63395004
381.6	4.65892247
381.7	4.61526061
381.8	4.57739723
381.9	4.53819689
382	4.4996952
382.1	4.47693245
382.2	4.48073593
382.3	4.87784036
382.4	5.07681074
382.5	5.2359923
382.6	5.27457857
382.7	5.22151712
382.8	4.17452252
382.9	3.87739343
383	3.95188349
383.1	4.08141995
383.2	3.99987572
383.3	3.59794106
383.4	3.54579817
383.5	3.65671577
383.6	3.87798133
383.7	4.07405417
383.8	3.85735015
383.9	3.89189615
384	4.1079346
384.1	4.27914246
384.2	4.51753928
384.3	4.94701654
384.4	5.17226289
384.5	5.32124059
384.6	5.69216888
384.7	6.42978605
384.8	6.65640473
384.9	6.50851645
385	6.46172692
385.1	6.49150595
385.2	7.3868559
385.3	8.2283951
385.4	9.02967629
385.5	9.0613567
385.6	8.55108677
385.7	7.93239393
385.8	7.30809887
385.9	7.06557867
386	7.05626109
386.1	6.46780227
386.2	5.7778959
386.3	5.46271874
386.4	5.08974085
386.5	4.39122489
386.6	3.56223739
386.7	3.6522136
386.8	3.9594119
386.9	4.22877619
387	4.49742688
387.1	4.4670955
387.2	4.67205021
387.3	5.08054041
387.4	4.87869152
387.5	4.80118752
387.6	4.63256681
387.7	4.46511986
387.8	4.26502339
387.9	4.46418254
388	4.28053045
388.1	4.07862356
388.2	3.82025779
388.3	3.67591285
388.4	3.98715704
388.5	4.34700666
388.6	4.70314539
388.7	5.06065052
388.8	5.07128092
388.9	4.89194617
389	4.6506847
389.1	4.28024796
389.2	4.27712023
389.3	4.27682106
389.4	4.28051888
389.5	4.17714928
389.6	4.11943799
389.7	4.18542202
389.8	4.23233216
389.9	4.05913632
390	4.11996916
390.1	4.15861308
390.2	4.20188522
390.3	4.24013893
390.4	4.30659758
390.5	4.7132106
390.6	4.8207222
390.7	4.89566536
390.8	4.48274174
390.9	4.48807117
391	4.60831401
391.1	4.66459246
391.2	5.08170246
391.3	5.53486019
391.4	5.66814643
391.5	5.47451834
391.6	5.22949604
391.7	5.06927037
391.8	5.23108653
391.9	5.2764899
392	5.21721497
392.1	5.07491759
392.2	4.80856186
392.3	4.67616708
392.4	4.82874581
392.5	5.08193662
392.6	5.06175254
392.7	4.7577648
392.8	4.26022534
392.9	3.92199328
393	3.92764741
393.1	4.27197135
393.2	4.92933333
393.3	5.52027068
393.4	6.06378844
393.5	6.21896304
393.6	6.50541177
393.7	6.51263398
393.8	6.43738385
393.9	6.69584703
394	6.81870303
394.1	6.48467144
394.2	6.07225559
394.3	6.14997461
394.4	6.8863334
394.5	7.51666493
394.6	7.55956884
394.7	7.49402874
394.8	7.53984522
394.9	7.58111315
395	7.61953268
395.1	7.7543379
395.2	7.96870786
395.3	8.31518058
395.4	8.7406223
395.5	9.4574058
395.6	9.86971313
395.7	10.2248817
395.8	10.57818644
395.9	10.84764373
396	10.78040923
396.1	10.37766251
396.2	10.24329088
396.3	10.46137426
396.4	10.7097097
396.5	10.95567683
396.6	10.80884534
396.7	9.99219393
396.8	9.04985769
396.9	8.39815428
397	8.06195718
397.1	8.17508586
397.2	8.37224139
397.3	8.56729399
397.4	8.65561057
397.5	8.42140994
397.6	7.63992916
397.7	6.89057071
397.8	6.86712313
397.9	6.5601454
398	6.20995467
398.1	6.05181608
398.2	5.56083433
398.3	5.05461517
398.4	5.13852179
398.5	5.48932418
398.6	5.67651693
398.7	5.84230192
398.8	6.68055864
398.9	7.5208961
399	8.24106216
399.1	8.89606795
399.2	9.5856379
399.3	10.03981366
399.4	10.34907581
399.5	10.65105172
399.6	10.94276446
399.7	11.82804814
399.8	12.42438855
399.9	12.72088328
400	12.20574019
400.1	11.73662286
400.2	11.29120879
400.3	10.81963798
400.4	10.35596734
400.5	9.91065278
400.6	9.46524306
400.7	9.27189183
400.8	8.79983935
400.9	8.46102534
401	8.50615992
401.1	8.6526191
401.2	8.65581073
401.3	8.30707655
401.4	7.59471829
401.5	7.27158116
401.6	7.27099265
401.7	7.49036146
401.8	7.79854958
401.9	8.06086101
402	7.95204471
402.1	7.44578426
402.2	6.90045318
402.3	6.6642912
402.4	6.49359104
402.5	6.26761448
402.6	5.73910565
402.7	4.81437671
402.8	4.29898347
402.9	3.98636799
403	4.18069418
403.1	4.47618662
403.2	4.47899001
403.3	4.63129597
403.4	4.99670561
403.5	5.36363298
403.6	5.73098286
403.7	6.07090528
403.8	6.239323
403.9	6.39819637
404	6.36152859
404.1	6.30670456
404.2	6.47227143
404.3	6.11144415
404.4	5.86707625
404.5	6.11552015
404.6	6.26775292
404.7	6.64835467
404.8	7.14709043
404.9	7.25855624
405	7.26218879
405.1	7.26481586
405.2	7.42972077
405.3	8.14473945
405.4	8.98923018
405.5	9.44946888
405.6	9.29164816
405.7	8.56487116
405.8	7.64287583
405.9	6.9147004
406	6.5613532
406.1	6.98244563
406.2	7.05380604
406.3	6.81624464
406.4	6.60923547
406.5	6.24671957
406.6	6.4622784
406.7	6.24607682
406.8	6.2698794
406.9	6.26605226
407	6.26368598
407.1	6.27890312
407.2	5.7374334
407.3	5.09797683
407.4	4.87133781
407.5	4.76112713
407.6	5.38109089
407.7	5.65873424
407.8	5.72083084
407.9	5.84099233
408	5.87143136
408.1	5.71110976
408.2	5.71561813
408.3	5.85461205
408.4	5.55236739
408.5	5.11071536
408.6	4.66500723
408.7	4.45831467
408.8	4.47958552
408.9	4.47593213
409	4.47716385
409.1	4.47405576
409.2	4.57661024
409.3	5.09718526
409.4	5.61322146
409.5	5.86243711
409.6	5.86648012
409.7	6.04160846
409.8	6.49847718
409.9	7.03082212
410	7.34470791
410.1	7.3028794
410.2	6.81240444
410.3	6.43057818
410.4	6.11593899
410.5	5.92221536
410.6	5.75972603
410.7	5.67071727
410.8	5.66693283
410.9	5.47870849
411	5.46839466
411.1	5.47657535
411.2	5.05316861
411.3	4.49633973
411.4	4.02865473
411.5	3.87793397
411.6	3.89480338
411.7	4.2392101
411.8	4.56680506
411.9	4.97062411
412	4.97277757
412.1	4.57765557
412.2	4.12552033
412.3	3.63448725
412.4	3.46953879
412.5	3.87706756
412.6	3.88108925
412.7	4.00743492
412.8	4.2686189
412.9	4.72361805
413	5.28457862
413.1	5.67314728
413.2	5.5592296
413.3	5.28556759
413.4	5.01184345
413.5	4.87541887
413.6	4.88629931
413.7	5.24031298
413.8	5.54050918
413.9	5.67338331
414	5.79658005
414.1	5.96489512
414.2	5.92770719
414.3	5.3569604
414.4	4.86719436
414.5	4.46242168
414.6	4.4828568
414.7	4.94798289
414.8	5.48233593
414.9	5.4686539
415	5.4706466
415.1	5.47287156
415.2	5.59392694
415.3	5.93299926
415.4	6.27134687
415.5	6.4522836
415.6	6.10644082
415.7	5.40812998
415.8	4.86324811
415.9	5.0967776
416	5.15753046
416.1	5.50887493
416.2	6.07908027
416.3	6.06340469
416.4	6.10399397
416.5	6.47860693
416.6	7.05930571
416.7	6.90171538
416.8	6.45599375
416.9	5.98734543
417	5.68876902
417.1	5.79263736
417.2	5.30209844
417.3	4.87885303
417.4	5.07644628
417.5	5.59241068
417.6	6.26088183
417.7	7.3336464
417.8	7.85061626
417.9	8.45690865
418	9.88502586
418.1	11.78805841
418.2	13.78181517
418.3	15.57137777
418.4	18.08657302
418.5	20.31092795
418.6	21.57233582
418.7	21.78802474
418.8	21.78009053
418.9	21.83040454
419	22.67486528
419.1	25.18796125
419.2	28.26081157
419.3	30.68189647
419.4	32.93161965
419.5	34.6281905
419.6	36.74439771
419.7	38.1698013
419.8	38.34372669
419.9	37.72959577
420	38.01189526
420.1	43.42961192
420.2	48.41551753
420.3	51.458482
420.4	53.81727814
420.5	53.56058432
420.6	52.66458935
420.7	53.25271683
420.8	54.91413589
420.9	57.1400139
421	59.22398965
421.1	61.10262349
421.2	62.14206839
421.3	60.48829617
421.4	57.72116043
421.5	53.82566512
421.6	49.64615823
421.7	45.20123987
421.8	41.07127269
421.9	37.29378525
422	35.10721781
422.1	35.69500056
422.2	38.10008231
422.3	42.45249099
422.4	46.47596337
422.5	50.0526692
422.6	52.81582379
422.7	54.71441433
422.8	55.95928205
422.9	56.2016586
423	55.40222507
423.1	53.65494867
423.2	50.75661635
423.3	47.8275443
423.4	46.86430163
423.5	47.22930006
423.6	48.83613112
423.7	51.76197006
423.8	54.22085136
423.9	55.73905765
424	56.55236319
424.1	57.17190326
424.2	57.79954283
424.3	57.52895327
424.4	57.11313323
424.5	56.10750246
424.6	54.59502282
424.7	53.87117828
424.8	52.69280697
424.9	52.60960113
425	52.15137134
425.1	51.35909174
425.2	49.84833875
425.3	49.94485062
425.4	51.03474425
425.5	52.92555677
425.6	56.5115625
425.7	59.65945013
425.8	63.08947966
425.9	66.61814035
426	70.92830886
426.1	74.78638509
426.2	75.06808775
426.3	73.88870318
426.4	73.48650683
426.5	74.29870502
426.6	74.2385372
426.7	73.91001064
426.8	74.40209596
426.9	75.06789052
427	75.494939
427.1	75.50493751
427.2	75.47888557
427.3	76.54049619
427.4	79.82126834
427.5	81.79418225
427.6	82.86192269
427.7	83.25603811
427.8	83.24578429
427.9	82.69546222
428	81.36764076
428.1	78.73067615
428.2	75.7032406
428.3	71.72521394
428.4	67.55796803
428.5	64.35329042
428.6	60.7657997
428.7	57.27734237
428.8	55.06834533
428.9	54.07292639
429	53.91020612
429.1	54.42456693
429.2	56.12416365
429.3	57.79656935
429.4	59.27761697
429.5	60.58544998
429.6	62.35096362
429.7	64.30777721
429.8	64.32086649
429.9	61.87164424
430	59.35047962
430.1	57.77603168
430.2	56.67927809
430.3	55.24277675
430.4	53.44389258
430.5	52.09924891
430.6	51.76566985
430.7	52.8925687
430.8	54.29256801
430.9	54.43016567
431	54.84540772
431.1	55.24908855
431.2	52.67845559
431.3	47.99251972
431.4	43.31143294
431.5	38.88226076
431.6	34.38064949
431.7	31.02607473
431.8	28.09930561
431.9	23.51610478
432	20.45611418
432.1	18.08778583
432.2	16.84218035
432.3	17.31854116
432.4	17.60677768
432.5	17.90301304
432.6	19.3630185
432.7	19.36314123
432.8	19.40436896
432.9	19.76206675
433	20.0061297
433.1	18.8710893
433.2	16.39953954
433.3	15.07666031
433.4	14.06800019
433.5	13.62278463
433.6	13.66829762
433.7	15.31828872
433.8	17.82998438
433.9	21.80078242
434	26.8444932
434.1	32.71070711
434.2	41.28325629
434.3	49.26281773
434.4	56.4588948
434.5	62.12345464
434.6	69.06500009
434.7	75.90407701
434.8	84.12848996
434.9	89.91051878
435	92.00250074
435.1	89.22455481
435.2	86.26269744
435.3	85.69670098
435.4	87.67465651
435.5	87.52475823
435.6	86.11322737
435.7	82.44593671
435.8	76.00528529
435.9	68.59556727
436	60.98870098
436.1	54.97905362
436.2	49.72791481
436.3	46.90414506
436.4	44.48353514
436.5	42.89867762
436.6	41.48220913
436.7	40.10368196
436.8	39.06532155
436.9	40.11948233
437	40.48310161
437.1	40.11113342
437.2	38.30669041
437.3	38.12954578
437.4	39.55129124
437.5	41.49595778
437.6	43.41770083
437.7	44.83619915
437.8	47.37537365
437.9	47.42341786
438	44.75946097
438.1	41.02982605
438.2	38.79659539
438.3	40.620082
438.4	41.68728568
438.5	41.5205711
438.6	41.06672458
438.7	42.13523724
438.8	44.44777763
438.9	47.21357965
439	48.8286574
439.1	48.58922882
439.2	46.03178466
439.3	43.24319383
439.4	39.92371822
439.5	36.54983033
439.6	33.92618078
439.7	34.05420455
439.8	35.97845424
439.9	38.9013171
440	41.29220998
440.1	40.93262549
440.2	39.75165931
440.3	38.62358945
440.4	38.31218836
440.5	38.50029547
440.6	37.85219081
440.7	38.97386118
440.8	41.01326802
440.9	43.49714944
441	43.45923475
441.1	43.46842173
441.2	43.46583049
441.3	43.64909019
441.4	44.40563812
441.5	45.21560149
441.6	46.13818376
441.7	46.858209
441.8	46.53091652
441.9	45.62462975
442	44.54623238
442.1	42.43073508
442.2	41.65926493
442.3	41.87310612
442.4	41.64153712
442.5	40.48795188
442.6	38.64997878
442.7	37.03866874
442.8	35.07554325
442.9	32.32786827
443	31.22099685
443.1	30.28952583
443.2	30.16054312
443.3	30.15273305
443.4	31.80735086
443.5	33.12898348
443.6	34.30137606
443.7	35.54140478
443.8	36.55928278
443.9	37.06910762
444	37.41415743
444.1	38.20062486
444.2	39.27686189
444.3	39.81958914
444.4	41.09197069
444.5	41.78006192
444.6	41.09410968
444.7	39.51114899
444.8	39.80534407
444.9	39.3615241
445	39.21394806
445.1	39.40438188
445.2	39.64416237
445.3	41.61147041
445.4	42.83986586
445.5	44.51807374
445.6	46.4503013
445.7	46.46201478
445.8	45.85482385
445.9	45.20569595
446	44.29891205
446.1	43.09564907
446.2	42.38706804
446.3	41.64287502
446.4	41.29234009
446.5	41.09819756
446.6	39.88591759
446.7	39.56197922
446.8	39.7690651
446.9	39.73026241
447	39.60655321
447.1	40.16987954
447.2	40.71229621
447.3	40.89245893
447.4	40.44588369
447.5	39.49614595
447.6	38.38352814
447.7	37.2333442
447.8	36.70307157
447.9	36.85675478
448	37.44325085
448.1	39.29947579
448.2	41.35253918
448.3	42.17604295
448.4	41.1919184
448.5	39.52929482
448.6	38.5004879
448.7	37.94797169
448.8	37.91784887
448.9	38.81945543
449	39.11451783
449.1	39.56300958
449.2	39.65068208
449.3	39.06668002
449.4	40.06457411
449.5	41.14579375
449.6	41.27370209
449.7	40.46308134
449.8	39.88402032
449.9	40.2672934
450	40.1994442
450.1	40.10528809
450.2	39.35381524
450.3	38.2795593
450.4	37.91594914
450.5	36.90313487
450.6	36.60918471
450.7	37.49123977
450.8	37.49960406
450.9	37.37040744
451	37.10609007
451.1	36.90418817
451.2	36.91740899
451.3	37.51442308
451.4	37.7025027
451.5	37.67109583
451.6	36.84522044
451.7	36.19002699
451.8	34.76718721
451.9	34.73685014
452	34.36565232
452.1	33.68617749
452.2	34.05630962
452.3	34.68732613
452.4	35.47317414
452.5	36.15393874
452.6	37.57813767
452.7	37.71880496
452.8	37.94764062
452.9	38.62173175
453	39.79496605
453.1	40.97462938
453.2	42.50186331
453.3	43.76338059
453.4	44.36199142
453.5	44.58011432
453.6	44.7883965
453.7	44.70977777
453.8	45.00199631
453.9	46.02316084
454	46.55039412
454.1	47.02254489
454.2	48.39816367
454.3	49.86343846
454.4	51.48966901
454.5	51.94273678
454.6	52.35839228
454.7	52.80598074
454.8	52.93118708
454.9	51.89956666
455	50.91744108
455.1	50.19463475
455.2	50.04429873
455.3	49.58355293
455.4	48.36144019
455.5	46.89963758
455.6	46.25847392
455.7	46.32927288
455.8	47.73763795
455.9	48.86027589
456	49.33204303
456.1	49.19372184
456.2	48.25153332
456.3	48.58551385
456.4	49.81939407
456.5	50.46164326
456.6	51.68098367
456.7	53.64743704
456.8	55.06126127
456.9	55.7632038
457	55.0206127
457.1	53.47543078
457.2	51.54773768
457.3	49.83610577
457.4	50.11350429
457.5	51.71778595
457.6	53.80999532
457.7	55.16141695
457.8	56.28222056
457.9	56.95000147
458	55.87456691
458.1	54.6600917
458.2	54.37600201
458.3	54.31380556
458.4	54.98142024
458.5	56.20718153
458.6	57.4002868
458.7	58.16931297
458.8	58.18951148
458.9	58.17580654
459	57.68323247
459.1	56.46249454
459.2	55.21286191
459.3	56.24344438
459.4	56.99770518
459.5	56.6711726
459.6	54.97760964
459.7	52.81791055
459.8	50.95912429
459.9	50.0204929
460	50.70646304
460.1	50.6804224
460.2	51.08297373
460.3	51.62325516
460.4	51.80768541
460.5	51.80222816
460.6	53.88604467
460.7	55.58097571
460.8	56.20613903
460.9	56.12083835
461	55.1947962
461.1	52.93806374
461.2	51.24264997
461.3	51.19716786
461.4	51.24802644
461.5	50.58223621
461.6	51.03588594
461.7	52.44714118
461.8	53.90264955
461.9	55.32806802
462	56.18356452
462.1	56.79469704
462.2	57.53944482
462.3	58.51075288
462.4	58.46220789
462.5	57.00506621
462.6	55.80486374
462.7	55.26030026
462.8	54.28242742
462.9	53.01298793
463	50.8992768
463.1	48.84037307
463.2	48.88035096
463.3	49.59371979
463.4	49.6344868
463.5	50.68837246
463.6	52.96088766
463.7	56.16637458
463.8	60.25686739
463.9	65.18327315
464	68.64517695
464.1	70.09789026
464.2	70.11979599
464.3	70.53153967
464.4	71.49538611
464.5	71.72720475
464.6	70.82035325
464.7	69.737603
464.8	71.10159158
464.9	71.34526618
465	70.71876765
465.1	69.18514262
465.2	65.34845203
465.3	63.60580772
465.4	63.70132444
465.5	64.58467008
465.6	65.03371787
465.7	65.96078377
465.8	66.1756167
465.9	66.32554729
466	67.24839183
466.1	67.66304659
466.2	67.20264825
466.3	66.07404076
466.4	65.03330648
466.5	63.91828113
466.6	61.67697618
466.7	59.06627271
466.8	55.61308461
466.9	51.4536359
467	47.49530122
467.1	44.30037247
467.2	40.95312261
467.3	36.511402
467.4	31.91618278
467.5	29.88785565
467.6	28.58906391
467.7	27.58959525
467.8	27.20574413
467.9	27.00802242
468	27.21604375
468.1	27.58088637
468.2	26.77153037
468.3	24.8381808
468.4	24.37257474
468.5	24.56119478
468.6	23.58788449
468.7	22.42770913
468.8	22.17157767
468.9	23.49950731
469	24.07765044
469.1	24.5789222
469.2	24.416902
469.3	24.07043253
469.4	23.72257783
469.5	22.97484855
469.6	22.58017601
469.7	22.57882304
469.8	22.83362163
469.9	23.41701687
470	23.68735782
470.1	23.78941129
470.2	23.58447368
470.3	23.57210184
470.4	23.57588569
470.5	23.84448389
470.6	23.93943795
470.7	23.54622404
470.8	22.93125985
470.9	22.3838235
471	21.36665725
471.1	20.5731316
471.2	20.57756576
471.3	19.05436332
471.4	18.4090933
471.5	18.35507381
471.6	18.64856027
471.7	19.42911493
471.8	20.6359771
471.9	21.79847636
472	22.55111193
472.1	23.15844035
472.2	22.98182275
472.3	23.05420588
472.4	24.39020254
472.5	26.26330623
472.6	27.47001346
472.7	28.72212686
472.8	30.0512741
472.9	30.54459568
473	30.41774729
473.1	29.4414377
473.2	27.44439523
473.3	24.93198743
473.4	22.46375774
473.5	21.18736896
473.6	22.06383892
473.7	24.0269878
473.8	25.74083085
473.9	28.0466957
474	29.78065411
474.1	31.6275327
474.2	33.63854271
474.3	35.31553193
474.4	36.27506622
474.5	36.09715974
474.6	35.66936199
474.7	35.47419235
474.8	35.29089469
474.9	33.8989158
475	33.91403011
475.1	31.55858957
475.2	30.30849157
475.3	30.37704737
475.4	29.35169804
475.5	28.60292747
475.6	28.9538825
475.7	29.92698845
475.8	31.87964297
475.9	36.27665246
476	40.47345391
476.1	44.4592488
476.2	46.19078038
476.3	46.72166693
476.4	48.016388
476.5	49.55324751
476.6	50.04016813
476.7	50.22194401
476.8	51.2553251
476.9	54.53566575
477	61.15238167
477.1	66.10172696
477.2	69.70857095
477.3	70.52757208
477.4	69.15986677
477.5	67.60684458
477.6	65.69019711
477.7	64.14935864
477.8	64.44088568
477.9	64.80602538
478	65.39373289
478.1	66.50974393
478.2	67.02451932
478.3	70.09223785
478.4	73.78950319
478.5	75.80758682
478.6	77.30874156
478.7	79.50274461
478.8	81.09969077
478.9	83.23945022
479	85.50874349
479.1	87.94743568
479.2	90.53287763
479.3	92.0923496
479.4	93.3671297
479.5	94.1046442
479.6	93.23555692
479.7	90.32539774
479.8	88.54279998
479.9	87.81242454
480	87.83861213
480.1	88.43749722
480.2	88.44625122
480.3	87.59797329
480.4	86.31774813
480.5	85.8526671
480.6	87.04338963
480.7	91.65133608
480.8	99.56705871
480.9	110.94865357
481	128.3322561
481.1	146.49978438
481.2	166.82286307
481.3	187.21513881
481.4	201.88156573
481.5	196.09536493
481.6	166.55579968
481.7	140.15251989
481.8	127.79343501
481.9	126.82360743
482	130.87406603
482.1	124.90092097
482.2	113.18365859
482.3	98.07730071
482.4	77.68567639
482.5	65.50066313
482.6	51.22679045
482.7	39.98225822
482.8	33.45708517
482.9	28.60976434
483	26.5127686
483.1	25.37857286
483.2	25.3293574
483.3	24.99862625
483.4	24.70408343
483.5	23.92075507
483.6	22.99081516
483.7	22.51366353
483.8	23.45123362
483.9	24.7079734
484	25.49933015
484.1	26.20775084
484.2	26.8216733
484.3	27.77824117
484.4	30.16634203
484.5	33.00657489
484.6	36.42384725
484.7	40.40342686
484.8	44.92058862
484.9	48.54997789
485	52.92128752
485.1	57.29436256
485.2	61.72455656
485.3	69.44347236
485.4	82.34446611
485.5	99.17108753
485.6	130.69439182
485.7	172.49431603
485.8	216.64929898
485.9	260.80428192
486	298.98702144
486.1	311.30361801
486.2	307.04244498
486.3	291.83960132
486.4	264.51149425
486.5	234.53801945
486.6	204.56454465
486.7	173.50795756
486.8	152.3872679
486.9	142.5397878
487	141.10123607
487.1	138.36095873
487.2	119.62440352
487.3	89.37848532
487.4	58.87815022
487.5	28.22244838
487.6	19.56681212
487.7	15.38519665
487.8	13.83835468
487.9	13.63145234
488	13.65444503
488.1	14.56524923
488.2	14.8051929
488.3	13.85489104
488.4	13.91362574
488.5	14.43895845
488.6	14.94444612
488.7	15.21874943
488.8	15.0070341
488.9	14.93168924
489	14.85454573
489.1	14.65914862
489.2	13.61663522
489.3	13.00142751
489.4	13.70157162
489.5	14.49378806
489.6	14.70050907
489.7	14.30188443
489.8	14.02456719
489.9	14.03469356
490	14.74504078
490.1	15.01802835
490.2	14.9648163
490.3	14.90780253
490.4	14.85069717
490.5	14.82131888
490.6	14.82143687
490.7	14.82006123
490.8	14.82661422
490.9	15.07872551
491	15.07900982
491.1	14.8413542
491.2	14.62402145
491.3	14.62071379
491.4	14.62560442
491.5	14.55976532
491.6	13.83151797
491.7	13.77580691
491.8	12.33515414
491.9	12.71350204
492	15.24656982
492.1	13.95770274
492.2	11.54618295
492.3	5.25
492.4	NA
492.5	NA
492.6	NA
492.7	NA
492.8	NA
492.9	NA
493	NA
493.1	NA
493.2	NA
493.3	NA
493.4	NA
493.5	NA
493.6	NA
493.7	NA
493.8	NA
493.9	NA
494	NA
