DEPT	GR
350.1148	127.921
350.2672	124.79
350.4196	122.056
350.572	124.7901
350.7244	122.5257
350.8768	117.6475
351.0292	112.7694
351.1816	109.5738
351.334	106.3364
351.4864	100.4207
351.6388	100.4121
351.7912	102.6475
351.9436	101.5089
352.096	98.3236
352.2484	95.1382
352.4008	91.9528
352.5532	90.382
352.7056	92.4814
352.858	93.4355
353.0104	93.7667
353.1628	97.6802
353.3152	101.8432
353.4676	98.4348
353.62	94.7944
353.7724	94.4872
353.9248	97.4342
354.0772	99.8324
354.2296	99.9363
354.382	101.2399
354.5344	101.2399
354.6868	103.1925
354.8392	106.1906
354.9916	104.2296
355.144	98.2555
355.2964	92.2815
355.4488	87.2504
355.6012	88.4039
355.7536	93.9068
355.906	101.2201
356.0584	105.2614
356.2108	102.8574
356.3632	100.3799
356.5156	97.9945
356.668	100.212
356.8204	104.9456
356.9728	110.0235
357.1252	115.1014
357.2776	119.9397
357.43	120.5429
357.5824	114.2418
357.7348	110.211
357.8872	105.2159
358.0396	98.5385
358.192	95.9335
358.3444	99.8128
358.4968	103.2507
358.6492	97.3735
358.8016	93.865
358.954	93.699
359.1064	95.6745
359.2588	98.9178
359.4112	101.902
359.5636	102.5027
359.716	103.2253
359.8684	105.1909
360.0208	106.4476
360.1732	107.5907
360.3256	107.8753
360.478	104.9271
360.6304	101.8432
360.7828	105.221
360.9352	108.7271
361.0876	111.9516
361.24	112.5098
361.3924	109.2943
361.5448	98.4463
361.6972	91.7793
361.8496	89.3767
362.002	93.0675
362.1544	96.9324
362.3068	99.0666
362.4592	102.1852
362.6116	104.4161
362.764	104.6841
362.9164	106.2957
363.0688	106.7106
363.2212	108.3118
363.3736	111.5995
363.526	113.8671
363.6784	118.0159
363.8308	120.5324
363.9832	118.1561
364.1356	116.9467
364.288	114.541
364.4404	111.8631
364.5928	111.5494
364.7452	112.804
364.8976	111.0609
365.05	108.6757
365.2024	107.1863
365.3548	105.6969
365.5072	102.7359
365.6596	104.3411
365.812	106.1156
365.9644	106.4585
366.1168	108.6688
366.2692	111.8968
366.4216	112.6839
366.574	115.0889
366.7264	114.2694
366.8788	111.4253
367.0312	110.6615
367.1836	112.3517
367.336	110.4243
367.4884	109.2482
367.6408	110.3613
367.7932	112.1815
367.9456	116.9817
368.098	120.3683
368.2504	122.7194
368.4028	125.1676
368.5552	129.8575
368.7076	134.2005
368.86	135.8756
369.0124	135.6398
369.1648	134.5509
369.3172	129.7949
369.4696	127.7809
369.622	128.4314
369.7744	127.0966
369.9268	125.8579
370.0792	125.88
370.2316	123.8743
370.384	121.8685
370.5364	121.9548
370.6888	122.4387
370.8412	124.1113
370.9936	126.1542
371.146	125.2196
371.2984	124.2028
371.4508	124.6861
371.6032	125.3067
371.7556	127.1783
371.908	124.4133
372.0604	119.9088
372.2128	116.8635
372.3652	117.5754
372.5176	117.6007
372.67	118.3311
372.8224	117.9752
372.9748	118.4767
373.1272	119.6223
373.2796	119.9397
373.432	123.0594
373.5844	125.3451
373.7368	124.0318
373.8892	123.7943
374.0416	122.5101
374.194	121.5907
374.3464	123.5443
374.4988	124.47
374.6512	124.4423
374.8036	123.0062
374.956	122.2192
375.1084	124.3633
375.2608	124.8231
375.4132	124.5448
375.5656	123.9611
375.718	122.0349
375.8704	120.5429
376.0228	120.8401
376.1752	117.3185
376.3276	114.0409
376.48	115.315
376.6324	122.436
376.7848	127.5095
376.9372	126.6476
377.0896	123.3784
377.242	121.0114
377.3944	123.1568
377.5468	123.052
377.6992	122.5974
377.8516	120.7666
378.004	119.1092
378.1564	120.655
378.3088	122.7472
378.4612	124.8394
378.6136	125.7284
378.766	123.749
378.9184	120.5011
379.0708	118.8523
379.2232	121.3472
379.3756	125.3759
379.528	125.9538
379.6804	123.7206
379.8328	120.5449
379.9852	117.929
380.1376	118.4259
380.29	121.3905
380.4424	124.9665
380.5948	124.7716
380.7472	125.5224
380.8996	124.5505
381.052	125.7517
381.2044	125.3686
381.3568	122.01
381.5092	119.288
381.6616	119.3771
381.814	121.1789
381.9664	121.2299
382.1188	121.4699
382.2712	121.8794
382.4236	122.5295
382.576	123.4988
382.7284	126.8403
382.8808	131.8341
383.0332	135.8309
383.1856	137.4205
383.338	139.6982
383.4904	141.1972
383.6428	142.4598
383.7952	140.7189
383.9476	138.8065
384.1	135.4678
384.2524	135.2574
384.4048	134.6752
384.5572	128.4975
384.7096	126.9772
384.862	134.036
385.0144	133.5356
385.1668	130.1512
385.3192	127.8771
385.4716	126.5895
385.624	127.807
385.7764	129.7019
385.9288	133.9476
386.0812	135.1402
386.2336	133.1999
386.386	130.5753
386.5384	130.1532
386.6908	132.0168
386.8432	133.101
386.9956	133.6251
387.148	132.9227
387.3004	130.7234
387.4528	128.8928
387.6052	126.5129
387.7576	122.5536
387.91	124.2354
388.0624	124.9456
388.2148	125.8356
388.3672	127.9826
388.5196	127.9
388.672	127.8521
388.8244	134.9357
388.9768	138.6711
389.1292	138.8656
389.2816	135.01
389.434	129.3901
389.5864	128.1836
389.7388	128.7823
389.8912	128.0905
390.0436	126.7355
390.196	125.3805
390.3484	124.5758
390.5008	125.4281
390.6532	127.4694
390.8056	128.4749
390.958	128.7808
391.1104	129.5476
391.2628	131.7697
391.4152	136.0576
391.5676	140.3456
391.72	140.248
391.8724	133.9579
392.0248	128.7869
392.1772	127.1801
392.3296	128.7128
392.482	130.2956
392.6344	136.0555
392.7868	141.0042
392.9392	144.0684
393.0916	139.753
393.244	132.1666
393.3964	127.0612
393.5488	126.5751
393.7012	131.7267
393.8536	137.5074
394.006	138.4059
394.1584	136.938
394.3108	130.5474
394.4632	126.7761
394.6156	129.6659
394.768	129.7003
394.9204	128.3341
395.0728	128.1734
395.2252	128.6253
395.3776	126.9279
395.53	124.3633
395.6824	123.7951
395.8348	126.3483
395.9872	129.7066
396.1396	129.4535
396.292	130.9833
396.4444	130.415
396.5968	131.9172
396.7492	131.4773
396.9016	128.6958
397.054	127.0583
397.2064	125.7708
397.3588	127.1653
397.5112	130.4601
397.6636	132.9067
397.816	134.0147
397.9684	133.8381
398.1208	132.3397
398.2732	130.3057
398.4256	126.2952
398.578	124.5588
398.7304	127.3223
398.8828	130.3219
399.0352	131.3273
399.1876	134.5494
399.34	133.4646
399.4924	132.3798
399.6448	131.6019
399.7972	133.0728
399.9496	133.6015
400.102	132.5478
400.2544	131.8624
400.4068	131.452
400.5592	129.6257
400.7116	131.1819
400.864	136.5941
401.0164	141.2534
401.1688	137.8529
401.3212	134.618
401.4736	134.993
401.626	132.0006
401.7784	129.3913
401.9308	128.4665
402.0832	130.0431
402.2356	132.5164
402.388	135.7125
402.5404	138.9086
402.6928	141.0504
402.8452	142.8768
402.9976	141.1749
403.15	138.6687
403.3024	137.0083
403.4548	135.4223
403.6072	127.336
403.7596	119.5957
403.912	107.4161
404.0644	83.5897
404.2168	56.2739
404.3692	31.0996
404.5216	13.9745
404.674	11.716
404.8264	12.1649
404.9788	11.37
405.1312	9.6267
405.2836	8.7612
405.436	10.1579
405.5884	11.4774
405.7408	12.6013
405.8932	14.2261
406.0456	15.9121
406.198	17.0634
406.3504	15.7697
406.5028	14.4761
406.6552	13.7735
406.8076	14.5525
406.96	15.382
407.1124	15.0443
407.2648	12.5181
407.4172	10.7212
407.5696	9.7892
407.722	10.3111
407.8744	10.3143
408.0268	9.8577
408.1792	9.4921
408.3316	9.1539
408.484	8.8157
408.6364	8.1434
408.7888	8.4391
408.9412	8.7275
409.0936	9.1389
409.246	9.6154
409.3984	10.041
409.5508	11.2803
409.7032	12.5197
409.8556	13.7735
410.008	14.3025
410.1604	14.7788
410.3128	14.7788
410.4652	14.488
410.6176	14.1977
410.77	14.0211
410.9224	14.6344
411.0748	16.5996
411.2272	18.5649
411.3796	19.6435
411.532	20.0621
411.6844	20.4808
411.8368	21.8643
411.9892	22.5245
412.1416	22.3596
412.294	22.2185
412.4464	21.9
412.5988	21.0361
412.7512	20.2078
412.9036	21.1165
413.056	20.7661
413.2084	19.0309
413.3608	17.2957
413.5132	16.8539
413.6656	16.9125
413.818	17.1141
413.9704	17.8071
414.1228	18.808
414.2752	19.8089
414.4276	21.3032
414.58	23.626
414.7324	23.9162
414.8848	24.2292
415.0372	25.2499
415.1896	26.428
415.342	27.6752
415.4944	29.723
415.6468	30.166
415.7992	29.055
415.9516	26.5953
416.104	24.7381
416.2564	24.6744
416.4088	24.9945
416.5612	26.5648
416.7136	26.4068
416.866	25.8378
417.0184	27.6453
417.1708	29.0115
417.3232	30.0194
417.4756	32.2051
417.628	35.2882
417.7804	35.7809
417.9328	31.5559
418.0852	24.1786
418.2376	18.2533
418.39	14.5777
418.5424	15.1219
418.6948	16.2881
418.8472	16.5151
418.9996	16.4452
419.152	15.8029
419.3044	14.9656
419.4568	14.1283
419.6092	13.436
419.7616	13.1702
419.914	13.9151
420.0664	14.8221
420.2188	15.0439
420.3712	14.8171
420.5236	14.5904
420.676	15.2866
420.8284	16.0372
420.9808	16.7879
421.1332	17.2209
421.2856	17.5364
421.438	17.7949
421.5904	17.2498
421.7428	15.2708
421.8952	13.2918
422.0476	11.3128
422.2	9.9536
422.3524	9.4699
422.5048	9.2259
422.6572	9.4536
422.8096	9.9719
422.962	10.4903
423.1144	10.9484
423.2668	10.8448
423.4192	10.7411
423.5716	10.6374
423.724	10.5957
423.8764	10.9584
424.0288	12.1657
424.1812	13.7938
424.3336	16.2516
424.486	18.7094
424.6384	21.1672
424.7908	22.2185
424.9432	20.2845
425.0956	18.3749
425.248	18.1005
425.4004	18.3267
425.5528	18.8003
425.7052	20.3059
425.8576	22.9936
426.01	26.8954
426.1624	30.5967
426.3148	32.071
426.4672	31.5805
426.6196	28.6726
426.772	20.657
426.9244	13.6953
427.0768	10.1542
427.2292	8.1152
427.3816	7.7993
427.534	7.4848
427.6864	6.7328
427.8388	6.647
427.9912	6.4512
428.1436	5.7664
428.296	5.3802
428.4484	5.1519
428.6008	5.8881
428.7532	6.8285
428.9056	8.0461
429.058	9.2636
429.2104	9.7964
429.3628	10.2771
429.5152	10.865
429.6676	10.7555
429.82	9.9531
429.9724	9.5984
430.1248	9.1359
430.2772	8.4602
430.4296	8.1434
430.582	8.1434
430.7344	7.707
430.8868	7.4808
431.0392	8.253
431.1916	8.9526
431.344	9.6078
431.4964	10.3613
431.6488	11.6088
431.8012	11.5066
431.9536	10.3054
432.106	9.1042
432.2584	8.4107
432.4108	8.7246
432.5632	9.4358
432.7156	10.1471
432.868	10.8583
433.0204	11.5617
433.1728	10.9787
433.3252	10.4021
433.4776	9.993
433.63	10.2069
433.7824	10.7074
433.9348	11.0724
434.0872	10.1715
434.2396	9.2706
434.392	9.8166
434.5444	10.5888
434.6968	10.9584
434.8492	10.7335
435.0016	10.2984
435.154	9.8632
435.3064	9.752
435.4588	10.3327
435.6112	10.8366
435.7636	11.3404
435.916	11.2629
436.0684	10.7303
436.2208	10.1976
436.3732	9.5503
436.5256	8.8928
436.678	8.1928
436.8304	7.2796
436.9828	6.8575
437.1352	6.5254
437.2876	6.5714
437.44	7.1381
437.5924	8.2784
437.7448	9.4283
437.8972	10.5563
438.0496	12.5269
438.202	14.945
438.3544	19.5204
438.5068	23.2239
438.6592	24.334
438.8116	24.9767
438.964	24.8324
439.1164	26.6094
439.2688	28.1703
439.4212	28.741
439.5736	30.2679
439.726	32.964
439.8784	34.7547
440.0308	30.8859
440.1832	27.4427
440.3356	24.7216
440.488	21.417
440.6404	14.9076
440.7928	9.5142
440.9452	7.1419
441.0976	6.3259
441.25	6.1327
441.4024	6.5022
441.5548	7.4487
441.7072	8.3952
441.8596	8.4317
442.012	8.1452
442.1644	8.3204
442.3168	10.2139
442.4692	12.6683
442.6216	13.5198
442.774	13.2407
442.9264	14.2911
443.0788	17.0499
443.2312	20.5647
443.3836	26.3987
443.536	33.5155
443.6884	40.6324
443.8408	44.2774
443.9932	46.8385
444.1456	48.2131
444.298	46.6682
444.4504	42.8491
444.6028	40.315
444.7552	41.7225
444.9076	45.3421
445.06	48.9586
445.2124	50.2462
445.3648	47.5564
445.5172	40.6485
445.6696	31.7694
445.822	22.8904
445.9744	17.9971
446.1268	15.6811
446.2792	16.2276
446.4316	19.317
446.584	23.0015
446.7364	29.3813
446.8888	35.7575
447.0412	40.0525
447.1936	42.6252
447.346	42.7908
447.4984	40.3621
447.6508	39.4453
447.8032	40.1413
447.9556	40.3857
448.108	40.1031
448.2604	40.741
448.4128	43.3311
448.5652	43.4354
448.7176	39.1756
448.87	34.685
449.0224	37.1108
449.1748	42.055
449.3272	52.524
449.4796	62.9931
449.632	66.6555
449.7844	63.0222
449.9368	58.8507
450.0892	58.4831
450.2416	61.7403
450.394	63.6649
450.5464	63.5094
450.6988	65.4999
450.8512	69.0855
451.0036	71.7071
451.156	72.5723
451.3084	74.1048
451.4608	76.0079
451.6132	79.304
451.7656	79.206
451.918	81.377
452.0704	84.066
452.2228	85.6932
452.3752	87.3203
452.5276	88.9475
452.68	91.5123
452.8324	88.3754
452.9848	84.9623
453.1372	80.807
453.2896	75.877
453.442	71.1326
453.5944	66.1701
453.7468	61.9085
453.8992	61.944
454.0516	65.1793
454.204	67.5531
454.3564	66.0615
454.5088	57.1803
454.6612	49.7541
454.8136	40.3527
454.966	31.4678
455.1184	25.9227
455.2708	21.0658
455.4232	19.5475
455.5756	18.2979
455.728	17.0482
455.8804	15.7986
456.0328	15.1011
456.1852	15.1012
456.3376	16.471
456.49	16.9032
456.6424	14.9167
456.7948	12.6139
456.9472	10.8943
457.0996	10.8741
457.252	11.5222
457.4044	12.1702
457.5568	12.8183
457.7092	13.9033
457.8616	14.5037
458.014	14.7445
458.1664	16.31
458.3188	16.9479
458.4712	16.2483
458.6236	15.3351
458.776	15.319
458.9284	15.485
459.0808	14.721
459.2332	12.567
459.3856	12.567
459.538	10.9655
459.6904	9.1392
459.8428	10.1805
459.9952	10.8972
460.1476	10.7905
460.3	11.3114
460.4524	12.115
460.6048	11.6822
460.7572	10.6878
460.9096	10.3049
461.062	11.4672
461.2144	13.1875
461.3668	16.6831
461.5192	22.7097
461.6716	31.7386
461.824	42.1731
461.9764	52.6076
462.1288	63.0422
462.2812	71.9313
462.4336	80.3284
462.586	85.1542
462.7384	85.4135
462.8908	88.9299
463.0432	99.0117
463.1956	111.2235
463.348	113.7064
463.5004	108.8213
463.6528	101.5292
463.8052	94.2371
463.9576	87.6476
464.11	87.3878
464.2624	85.4066
464.4148	72.6019
464.5672	54.5912
464.7196	43.0689
464.872	37.1812
465.0244	33.7555
465.1768	30.8068
465.3292	30.0139
465.4816	30.5587
465.634	30.5725
465.7864	29.6685
465.9388	28.8539
466.0912	29.93
466.2436	31.9723
466.396	34.2107
466.5484	35.1016
466.7008	32.6743
466.8532	26.565
467.0056	21.3392
467.158	20.7144
467.3104	21.6879
467.4628	24.6782
467.6152	28.0496
467.7676	29.2645
467.92	30.0626
468.0724	28.5436
468.2248	24.9277
468.3772	22.0364
468.5296	22.9208
468.682	27.763
468.8344	34.3288
468.9868	34.0718
469.1392	39.5037
469.2916	43.4251
469.444	42.7874
469.5964	42.1497
469.7488	42.7914
469.9012	43.8675
470.0536	47.2852
470.206	50.5652
470.3584	51.1351
470.5108	53.7566
470.6632	52.3666
470.8156	50.1592
470.968	47.9518
471.1204	45.7779
471.2728	45.9728
471.4252	47.0489
471.5776	48.1715
471.73	46.5889
471.8824	44.2573
472.0348	41.9257
472.1872	39.5941
472.3396	37.7992
472.492	37.7992
472.6444	35.3887
472.7968	34.8072
472.9492	37.6093
473.1016	40.0007
473.254	42.314
473.4064	40.4488
473.5588	37.6508
473.7112	35.0066
473.8636	34.7976
474.016	34.5286
474.1684	34.4082
474.3208	34.4082
474.4732	34.4082
474.6256	35.3932
474.778	36.6686
474.9304	38.9079
475.0828	43.755
475.2352	48.6021
475.3876	54.9535
475.54	52.5504
475.6924	49.066
475.8448	45.379
475.9972	44.9801
476.1496	44.9801
476.302	44.1458
476.4544	43.0239
476.6068	41.902
476.7592	41.9817
476.9116	42.123
477.064	42.0193
477.2164	43.1471
477.3688	44.8064
477.5212	44.5811
477.6736	47.1742
477.826	45.7608
477.9784	43.3108
478.1308	41.7886
478.2832	44.2564
478.4356	43.2977
478.588	44.7806
478.7404	43.3651
478.8928	40.7066
479.0452	41.6745
479.1976	43.1263
479.35	43.7408
479.5024	43.151
479.6548	42.5612
479.8072	41.9714
479.9596	41.3896
480.112	44.7011
480.2644	46.7753
480.4168	44.7527
480.5692	42.8975
480.7216	42.4564
480.874	42.6092
481.0264	42.2573
481.1788	44.124
481.3312	45.5785
481.4836	44.9801
481.636	45.9301
481.7884	45.1935
481.9408	42.6931
482.0932	40.1928
482.2456	42.7859
482.398	41.1949
482.5504	38.5971
482.7028	39.6173
482.8552	41.0692
483.0076	42.5211
483.16	44.5811
483.3124	43.2102
483.4648	41.988
483.6172	43.4987
483.7696	46.3763
483.922	46.3763
484.0744	47.5124
484.2268	49.5582
484.3792	51.604
484.5316	52.6155
484.684	51.5625
484.8364	52.1223
484.9888	52.3604
485.1412	49.3392
485.2936	48.371
485.446	51.9072
485.5984	53.9561
485.7508	54.0514
485.9032	54.1556
486.0556	52.4701
486.208	50.131
486.3604	48.371
486.5128	50.8426
486.6652	53.3834
486.8176	55.9241
486.97	59.5412
487.1224	58.555
487.2748	56.8439
487.4272	55.1328
487.5796	53.4217
487.732	52.7593
487.8844	56.8073
488.0368	57.3471
488.1892	57.7424
488.3416	58.9868
488.494	60.2313
488.6464	61.4757
488.7988	62.3338
488.9512	59.8762
489.1036	58.0009
489.256	56.1503
489.4084	55.9508
489.5608	55.62
489.7132	55.0635
489.8656	55.4784
490.018	53.8896
490.1704	52.7593
490.3228	51.4804
490.4752	52.2971
490.6276	53.1582
490.78	51.8541
490.9324	50.4749
491.0848	49.3684
491.2372	52.9997
491.3896	56.0315
491.542	59.0633
491.6944	62.0951
491.8468	63.222
491.9992	61.3364
492.1516	61.3364
492.304	58.341
492.4564	55.4978
492.6088	52.6546
492.7612	50.5586
492.9136	48.7034
493.066	47.6307
493.2184	48.5381
493.3708	49.3684
493.5232	57.1056
493.6756	64.2368
493.828	71.368
493.9804	78.4991
494.1328	82.6795
494.2852	81.4827
494.4376	84.0758
494.59	81.7793
494.7424	78.3311
494.8948	74.883
495.0472	71.4348
495.1996	68.9162
495.352	75.1832
495.5044	80.1195
495.6568	82.6795
495.8092	74.8944
495.9616	68.6514
496.114	64.438
496.2664	62.2602
496.4188	58.23
496.5712	53.8745
496.7236	49.5189
496.876	42.0077
497.0284	31.9484
497.1808	27.6263
497.3332	27.0279
497.4856	27.0279
497.638	27.3598
497.7904	28.358
497.9428	29.3561
498.0952	30.3543
498.2476	31.4162
498.4	27.8148
498.5524	23.9674
498.7048	20.8444
498.8572	21.2139
499.0096	22.8391
499.162	21.8808
499.3144	21.4912
499.4668	22.2171
499.6192	22.0935
499.7716	20.8444
499.924	21.0352
500.0764	21.9034
500.2288	20.1348
500.3812	17.6529
500.5336	19.8471
500.686	19.227
500.8384	19.343
500.9908	21.4637
501.1432	23.5845
501.2956	25.7053
501.448	27.826
501.6004	29.0226
501.7528	27.7878
501.9052	26.9549
502.0576	26.4295
502.21	26.1346
502.3624	25.1045
502.5148	24.4348
502.6672	25.1222
502.8196	27.9464
502.972	30.7705
503.1244	33.8098
503.2768	33.5426
503.4292	32.8216
503.5816	32.1005
503.734	31.9333
503.8864	32.2938
504.0388	32.613
504.1912	32.613
504.3436	34.1014
504.496	37.3739
504.6484	40.6464
504.8008	43.9189
504.9532	52.1486
505.1056	61.1946
505.258	70.2407
505.4104	73.9079
505.5628	75.2992
505.7152	71.1104
505.8676	71.5093
506.02	70.1496
506.1724	68.7075
506.3248	68.5173
506.4772	72.1373
506.6296	76.1601
506.782	80.1829
506.9344	84.2057
507.0868	88.2284
507.2392	89.6609
507.3916	90.0598
507.544	92.8829
507.6964	96.5912
507.8488	99.1081
508.0012	102.7089
508.1536	109.0064
508.306	120.3374
508.4584	131.6684
508.6108	142.9993
508.7632	157.4588
508.9156	176.4468
509.068	196.9747
509.2204	188.6678
509.3728	176.9763
509.5252	165.2848
509.6776	153.5932
509.83	134.1697
509.9824	126.5349
510.1348	118.9002
510.2872	111.2654
510.4396	103.6306
510.592	97.0905
510.7444	91.6556
510.8968	58.3444
511.0492	44.0724
511.2016	32.634
511.354	25.8286
511.5064	26.529
511.6588	26.6204
511.8112	27.0279
511.9636	26.3516
512.116	25.8311
512.2684	27.5135
512.4208	30.8219
512.5732	34.1303
512.7256	37.4387
512.878	40.7471
513.0304	45.6123
513.1828	54.193
513.3352	62.7736
513.4876	81.1223
513.64	103.6064
513.7924	126.0904
513.9448	146.744
514.0972	168.0485
514.2496	180.0199
514.402	158.8022
514.5544	109.1676
514.7068	56.8906
514.8592	18.2513
515.0116	15.635
515.164	13.0712
515.3164	11.8684
515.4688	12.6613
515.6212	13.4725
515.7736	13.3928
515.926	12.1109
516.0784	10.829
516.2308	9.8737
516.3832	9.8737
516.5356	10.5208
516.688	11.7932
516.8404	13.0657
516.9928	14.3381
517.1452	15.6106
517.2976	15.1314
517.45	14.2301
517.6024	13.3288
517.7548	12.8657
517.9072	13.2764
518.0596	14.358
518.212	15.4396
518.3644	16.4561
518.5168	15.5527
518.6692	14.7005
518.8216	13.863
518.974	14.1075
519.1264	14.3479
519.2788	13.7007
519.4312	12.2585
519.5836	11.953
519.736	12.4668
519.8884	11.6689
520.0408	12.5185
520.1932	13.6636
520.3456	13.023
520.498	13.007
520.6504	13.625
520.8028	13.7991
520.9552	12.8978
521.1076	12.0678
521.26	13.7797
521.4124	15.3661
521.5648	16.4561
521.7172	15.8584
521.8696	16.0315
522.022	17.0229
522.1744	17.8524
522.3268	17.1216
522.4792	16.2976
522.6316	15.4735
522.784	14.6609
522.9364	15.0233
523.0888	15.8099
523.2412	16.5965
523.3936	17.0545
523.546	16.0572
523.6984	14.9035
523.8508	13.863
524.0032	13.863
524.1556	14.262
524.308	15.2136
524.4604	16.4497
524.6128	17.6858
524.7652	19.2487
524.9176	18.451
525.07	17.3667
525.2224	16.2823
525.3748	15.198
525.5272	14.1137
525.6796	13.863
525.832	13.863
525.9844	15.2609
526.1368	16.5149
526.2892	17.769
526.4416	19.0492
526.594	18.0188
526.7464	16.9664
526.8988	15.8577
527.0512	17.6636
527.2036	17.0849
527.356	16.5061
527.5084	15.9273
527.6608	15.6582
527.8132	16.1482
527.9656	16.82
528.118	17.4918
528.2704	18.1637
528.4228	18.538
528.5752	18.6903
528.7276	18.8426
528.88	18.995
529.0324	19.1473
529.1848	19.2487
529.3372	18.7049
529.4896	18.0104
529.642	17.3158
529.7944	16.6213
529.9468	15.9267
530.0992	15.2321
530.2516	14.4614
530.404	14.6413
530.5564	15.1718
530.7088	15.7024
530.8612	16.233
531.0136	16.5636
531.166	16.1114
531.3184	15.6592
531.4708	15.207
531.6232	14.7549
531.7756	15.0813
531.928	15.8953
532.0804	16.4561
532.2328	16.2025
532.3852	15.8686
532.5376	15.5347
532.69	15.2593
532.8424	15.6121
532.9948	16.625
533.1472	17.6379
533.2996	18.6508
533.452	19.6637
533.6044	20.6766
533.7568	20.6767
533.9092	20.4758
534.0616	20.2748
534.214	20.0738
534.3664	19.8471
534.5188	20.0465
534.6712	21.1984
534.8236	22.6396
534.976	27.6983
535.1284	32.2366
535.2808	36.4029
535.4332	55.9168
535.5856	73.9525
535.738	91.9882
535.8904	108.5487
536.0428	118.5838
536.1952	117.387
536.3476	121.3763
536.5	120.3762
536.6524	118.7832
536.8048	122.9993
536.9572	127.2846
537.1096	131.5699
537.262	134.1423
537.4144	125.8474
537.5668	118.4678
537.7192	111.9758
537.8716	107.0146
538.024	104.5724
538.1764	106.7429
538.3288	109.2595
538.4812	112.9252
538.6336	116.5909
538.786	120.2566
538.9384	123.5705
539.0908	123.1715
539.2432	124.1689
539.3956	124.1689
539.548	121.6364
539.7004	118.4209
539.8528	116.3896
540.0052	117.7876
540.1576	119.1442
540.31	118.4864
540.4624	117.4011
540.6148	116.3159
540.7672	115.1928
540.9196	114.9934
541.072	116.1606
541.2244	117.1875
541.3768	116.6253
541.5292	116.0224
541.6816	115.4195
541.834	114.177
541.9864	110.1922
542.1388	103.2247
542.2912	96.5337
542.4436	87.152
542.596	71.6141
542.7484	56.0762
542.9008	40.5383
543.0532	NA
543.2056	NA
543.358	NA
543.5104	NA
543.6628	NA
543.8152	NA
543.9676	NA
544.12	NA
544.2724	NA
544.4248	NA
544.5772	NA
544.7296	NA
544.882	NA
545.0344	NA
545.1868	NA
545.3392	NA
545.4916	NA
545.644	NA
545.7964	NA
545.9488	NA
546.1012	NA
546.2536	NA
546.406	NA
546.5584	NA
546.7108	NA
546.8632	NA
547.0156	NA
547.168	NA
547.3204	NA
547.4728	NA
547.6252	NA
547.7776	NA
547.93	NA
548.0824	NA
