DEPT	GR
348	110.10956175
348.1	110.69887118
348.2	112.09329349
348.3	113.09760956
348.4	113.39641434
348.5	113.14623955
348.6	110.78210182
348.7	106.39697376
348.8	101.91156734
348.9	99.05027626
349	99.13482317
349.1	100.60854141
349.2	103.31739932
349.3	105.67373853
349.4	105.5680003
349.5	104.51070445
349.6	104.92024762
349.7	107.58554027
349.8	111.49317812
349.9	113.65828108
350	113.21111623
350.1	111.73599431
350.2	110.27930932
350.3	108.82659101
350.4	107.36835799
350.5	104.56584236
350.6	102.33357968
350.7	105.97145402
350.8	109.94515971
350.9	113.80918319
351	117.50794199
351.1	117.69240479
351.2	116.37328593
351.3	114.79123082
351.4	110.08935703
351.5	103.54024761
351.6	102.95181414
351.7	107.20055062
351.8	112.10259198
351.9	115.71890575
352	119.17433321
352.1	122.07901117
352.2	123.50637849
352.3	120.16334779
352.4	114.15207253
352.5	107.45547659
352.6	101.76403437
352.7	101.43644459
352.8	102.07925164
352.9	103.31570438
353	105.72373945
353.1	108.93590362
353.2	109.9287052
353.3	109.60742952
353.4	110.80116151
353.5	111.31018868
353.6	111.66979053
353.7	111.1433278
353.8	110.09235523
353.9	109.58758568
354	109.83409059
354.1	110.32630926
354.2	110.38598475
354.3	110.33359822
354.4	110.08117442
354.5	111.4569042
354.6	112.82164254
354.7	114.30455041
354.8	114.27295694
354.9	112.91837474
355	112.21861212
355.1	112.54883051
355.2	113.42913558
355.3	114.88746639
355.4	115.64793551
355.5	117.01822018
355.6	117.49036385
355.7	115.40950919
355.8	115.31243191
355.9	119.58572825
356	123.86186773
356.1	128.81249544
356.2	131.40965086
356.3	132.74398097
356.4	131.98669126
356.5	128.99307389
356.6	126.78111905
356.7	124.85160184
356.8	122.26287338
356.9	118.15503246
357	116.24272425
357.1	114.70315372
357.2	112.87392949
357.3	110.07348509
357.4	111.10026365
357.5	114.57353699
357.6	118.00488564
357.7	120.15931232
357.8	122.10461904
357.9	122.42352106
358	120.49682902
358.1	117.03898411
358.2	116.23278705
358.3	117.13108601
358.4	118.1485531
358.5	117.49210984
358.6	117.0554295
358.7	118.13728112
358.8	119.2386927
358.9	119.11035183
359	120.33477074
359.1	120.50453027
359.2	119.70532177
359.3	117.86738257
359.4	117.8160287
359.5	118.14054121
359.6	119.34165709
359.7	121.37517545
359.8	121.60778861
359.9	119.8680436
360	117.5312912
360.1	115.76679595
360.2	114.67092629
360.3	112.26466238
360.4	110.77730585
360.5	110.65377761
360.6	108.94233139
360.7	106.47137798
360.8	105.05858347
360.9	105.6935684
361	106.54954952
361.1	108.06452246
361.2	111.58565077
361.3	116.73453931
361.4	114.31239077
361.5	112.46867972
361.6	111.17519157
361.7	109.76020431
361.8	108.90740697
361.9	110.03240677
362	111.89015381
362.1	113.6617225
362.2	115.50236532
362.3	116.52183712
362.4	116.85570968
362.5	119.03120972
362.6	119.98439906
362.7	118.45814786
362.8	116.68224603
362.9	115.12788091
363	114.44522907
363.1	114.6501455
363.2	115.52411455
363.3	116.83913831
363.4	119.24347284
363.5	118.17218104
363.6	116.93991478
363.7	116.40748941
363.8	115.74915499
363.9	114.08925199
364	112.83185617
364.1	112.37894973
364.2	114.03582648
364.3	116.85768916
364.4	119.16620257
364.5	117.12201847
364.6	114.84684459
364.7	112.2777118
364.8	110.55525787
364.9	109.93693184
365	112.01039123
365.1	114.46307291
365.2	116.73332546
365.3	118.29077965
365.4	119.50187471
365.5	119.5236577
365.6	118.76527429
365.7	117.94098311
365.8	115.23421318
365.9	112.13618611
366	110.65749862
366.1	109.83953607
366.2	112.17750193
366.3	115.74855038
366.4	118.93575675
366.5	118.99845515
366.6	112.85303717
366.7	108.80841077
366.8	109.12517702
366.9	111.21875106
367	113.69343934
367.1	118.52666628
367.2	122.15444747
367.3	123.83941287
367.4	122.66032511
367.5	118.33980099
367.6	112.70135071
367.7	108.93000766
367.8	106.87934268
367.9	107.01269892
368	109.83464364
368.1	113.39616653
368.2	117.83906045
368.3	120.7486021
368.4	123.94129111
368.5	127.02583438
368.6	125.28744697
368.7	124.06540804
368.8	124.30618602
368.9	124.71022005
369	121.55949978
369.1	115.95339619
369.2	109.64723851
369.3	106.73190324
369.4	109.10890618
369.5	112.0083478
369.6	113.78229235
369.7	115.06124747
369.8	116.28692724
369.9	117.81019634
370	119.63109792
370.1	120.1186174
370.2	120.28477245
370.3	119.56974593
370.4	117.26119405
370.5	114.86612782
370.6	113.12242061
370.7	110.97911879
370.8	109.12982559
370.9	108.02258695
371	107.29516579
371.1	106.05511502
371.2	105.83042297
371.3	108.22612206
371.4	111.61271968
371.5	115.19737664
371.6	117.06520945
371.7	116.68096886
371.8	116.68864024
371.9	116.67130827
372	117.10086704
372.1	118.2395078
372.2	116.49754305
372.3	113.79960498
372.4	111.06402421
372.5	109.95505454
372.6	110.62982452
372.7	113.10682771
372.8	115.7348076
372.9	117.19175037
373	116.60811072
373.1	115.69029209
373.2	115.12417337
373.3	114.56891413
373.4	113.21683648
373.5	114.35740582
373.6	118.46097742
373.7	122.688768
373.8	124.35629497
373.9	126.47317537
374	127.98654008
374.1	126.03033357
374.2	121.88429329
374.3	119.26401356
374.4	118.73585114
374.5	117.29518819
374.6	117.1490897
374.7	117.29875969
374.8	117.36207354
374.9	117.91965719
375	116.89369992
375.1	114.84263259
375.2	112.26157384
375.3	111.61342159
375.4	110.35726781
375.5	109.75599846
375.6	111.50314793
375.7	115.86021659
375.8	118.91873343
375.9	120.83711458
376	121.88420817
376.1	124.53658465
376.2	124.8322587
376.3	122.67129849
376.4	119.26416776
376.5	116.93811389
376.6	117.20727422
376.7	119.05229731
376.8	120.78631204
376.9	122.87517621
377	126.11967424
377.1	122.66640286
377.2	119.17633969
377.3	117.3563514
377.4	117.94643681
377.5	117.99551255
377.6	116.7246203
377.7	112.24232757
377.8	110.32865711
377.9	109.11631191
378	108.28041192
378.1	112.47200336
378.2	117.04192194
378.3	120.42077988
378.4	122.76070182
378.5	126.42081434
378.6	130.02878781
378.7	132.39713351
378.8	130.55811511
378.9	128.07525578
379	123.38388021
379.1	120.66350502
379.2	119.88157068
379.3	120.1168695
379.4	117.60441618
379.5	115.33540917
379.6	114.2835231
379.7	117.69747602
379.8	120.63450425
379.9	124.17346444
380	126.09568834
380.1	124.44126178
380.2	122.47049864
380.3	122.31271646
380.4	124.68251657
380.5	123.50901291
380.6	122.27385108
380.7	122.38672148
380.8	123.80891007
380.9	125.50154728
381	126.69175469
381.1	128.49129692
381.2	129.25064005
381.3	127.38851057
381.4	126.56942672
381.5	127.16618856
381.6	126.54983363
381.7	123.27172954
381.8	123.74609182
381.9	125.80350507
382	126.80711898
382.1	127.10988899
382.2	126.69583209
382.3	124.16119313
382.4	119.0250978
382.5	115.36118697
382.6	115.04422026
382.7	116.46948756
382.8	117.77187954
382.9	121.79053797
383	127.69545155
383.1	127.46054629
383.2	125.93949162
383.3	123.78018805
383.4	122.26762469
383.5	121.2245785
383.6	121.8456938
383.7	119.31318412
383.8	117.57992072
383.9	115.41477633
384	112.92622371
384.1	111.02675023
384.2	110.85087331
384.3	110.5506672
384.4	109.15201909
384.5	106.22504758
384.6	101.68560416
384.7	98.8724985
384.8	98.54062733
384.9	99.13481945
385	102.23431866
385.1	104.19394158
385.2	104.6611646
385.3	103.57338962
385.4	105.93740709
385.5	109.78024932
385.6	114.38866351
385.7	118.90500266
385.8	122.15590434
385.9	124.16553404
386	123.3269868
386.1	123.83184366
386.2	123.42171713
386.3	121.82368384
386.4	119.33643422
386.5	114.88201386
386.6	109.69315249
386.7	101.98323085
386.8	94.1724244
386.9	88.42968384
387	83.66632074
387.1	75.37273717
387.2	70.08569325
387.3	69.88932477
387.4	70.06630656
387.5	71.33019073
387.6	73.1762426
387.7	74.79175179
387.8	72.64526527
387.9	69.0228976
388	67.20820588
388.1	67.58162211
388.2	68.86938454
388.3	70.10613734
388.4	71.12691029
388.5	72.35883604
388.6	71.77601934
388.7	70.67079734
388.8	69.4820274
388.9	68.20507985
389	67.38982087
389.1	68.07395284
389.2	70.76672073
389.3	74.16056928
389.4	77.85649408
389.5	80.70865732
389.6	80.79772195
389.7	79.40461097
389.8	77.28398915
389.9	75.41645045
390	76.49538139
390.1	78.16197997
390.2	80.3793055
390.3	82.94499162
390.4	86.54995734
390.5	86.687859
390.6	84.88478819
390.7	82.02254584
390.8	79.7219449
390.9	77.57171984
391	75.99821421
391.1	74.81438302
391.2	74.2962067
391.3	71.35166708
391.4	70.45396782
391.5	69.61711083
391.6	68.16932243
391.7	66.25054398
391.8	64.43681337
391.9	62.29555977
392	62.33452674
392.1	63.08861277
392.2	63.48954569
392.3	62.93929357
392.4	62.0833143
392.5	62.6094818
392.6	62.68090803
392.7	63.60764109
392.8	65.90253588
392.9	69.49526031
393	73.17608456
393.1	73.95354091
393.2	73.95557691
393.3	73.95784358
393.4	73.9477251
393.5	73.65619933
393.6	73.36673202
393.7	73.35759352
393.8	73.43799906
393.9	73.58956661
394	73.06312361
394.1	71.68957607
394.2	69.40535199
394.3	66.76876987
394.4	65.07175472
394.5	66.55477227
394.6	68.99406695
394.7	72.57455044
394.8	75.23440896
394.9	77.19968182
395	78.66028377
395.1	79.34062873
395.2	80.4127849
395.3	81.26355876
395.4	80.57231808
395.5	78.72896969
395.6	77.51857425
395.7	80.96903184
395.8	84.84973002
395.9	89.2273217
396	93.62356352
396.1	93.6133915
396.2	94.38382037
396.3	94.45520281
396.4	90.25495448
396.5	87.53785083
396.6	87.41023679
396.7	90.3404859
396.8	90.08256479
396.9	89.08665044
397	87.66487558
397.1	86.63629403
397.2	87.85625859
397.3	88.26776289
397.4	89.53225425
397.5	90.55391705
397.6	90.67562239
397.7	89.82215403
397.8	88.58299724
397.9	87.52043193
398	89.38524576
398.1	90.6706026
398.2	91.82242154
398.3	92.32739323
398.4	94.93081557
398.5	96.12252608
398.6	94.6313433
398.7	89.90593714
398.8	81.46660322
398.9	73.67544954
399	63.45792533
399.1	54.5682349
399.2	51.47143932
399.3	50.84842583
399.4	50.41910813
399.5	49.67121282
399.6	48.73685044
399.7	49.25983107
399.8	51.8802201
399.9	55.99693845
400	60.01613979
400.1	64.29654618
400.2	67.4651105
400.3	67.91882125
400.4	64.510144
400.5	58.17521755
400.6	50.54009254
400.7	45.59551411
400.8	42.11612679
400.9	42.26371391
401	42.66529348
401.1	43.73129576
401.2	44.07508514
401.3	41.88031282
401.4	40.67051865
401.5	40.28238662
401.6	40.92283368
401.7	41.55003343
401.8	41.65680478
401.9	42.28944696
402	43.18299917
402.1	43.76540058
402.2	44.11179145
402.3	45.14985559
402.4	45.64239433
402.5	44.32217155
402.6	41.86921143
402.7	40.55384251
402.8	40.96894148
402.9	41.85399904
403	42.87988734
403.1	43.72786942
403.2	44.37438091
403.3	43.52029437
403.4	42.82748357
403.5	43.01456111
403.6	44.2139938
403.7	45.37835598
403.8	45.43675344
403.9	44.94439405
404	45.00848164
404.1	45.14344763
404.2	45.24523004
404.3	44.81431896
404.4	43.68741049
404.5	43.19462195
404.6	43.41951394
404.7	43.73214443
404.8	44.50621926
404.9	45.38361771
405	45.5614283
405.1	45.52171757
405.2	44.5176828
405.3	42.49851742
405.4	40.67344675
405.5	39.26802058
405.6	38.98410787
405.7	37.80929334
405.8	38.24541574
405.9	41.05560255
406	41.60646344
406.1	41.63622151
406.2	41.83250232
406.3	43.18297996
406.4	44.52807725
406.5	44.94075933
406.6	44.54181834
406.7	41.31587565
406.8	38.72244415
406.9	38.53859624
407	39.55857552
407.1	40.49425401
407.2	41.39698468
407.3	43.80311368
407.4	45.28738595
407.5	44.91363247
407.6	42.84057391
407.7	42.67185329
407.8	42.91489755
407.9	43.16383121
408	43.19002866
408.1	43.47788213
408.2	43.4847589
408.3	43.48869758
408.4	43.28209836
408.5	42.29793307
408.6	41.16636571
408.7	39.83261175
408.8	40.5333447
408.9	40.51982495
409	40.08813392
409.1	38.66957577
409.2	35.63703187
409.3	34.39817597
409.4	34.64954276
409.5	35.63349576
409.6	36.65387953
409.7	38.65603327
409.8	39.79233024
409.9	40.16730066
410	40.50334576
410.1	41.01629926
410.2	41.42014544
410.3	40.48535728
410.4	40.80708725
410.5	42.2481726
410.6	44.64755486
410.7	47.20730476
410.8	44.86101026
410.9	41.85605859
411	39.58014506
411.1	38.41240787
411.2	38.41444296
411.3	38.42984586
411.4	37.25533075
411.5	34.37560606
411.6	31.12405375
411.7	29.0046004
411.8	28.00095822
411.9	27.98788694
412	28.45164942
412.1	28.81260955
412.2	28.48240966
412.3	28.22097412
412.4	28.21599212
412.5	28.02770557
412.6	27.37645247
412.7	26.34163353
412.8	26.20254959
412.9	26.41608944
413	26.09659582
413.1	25.32056545
413.2	24.25504824
413.3	24.90112964
413.4	27.96015759
413.5	32.86483818
413.6	39.42265021
413.7	44.79785948
413.8	48.34744155
413.9	51.19555194
414	55.01149119
414.1	59.10274816
414.2	64.78189323
414.3	73.6373509
414.4	84.17008182
414.5	91.32373324
414.6	96.91618694
414.7	106.23277104
414.8	112.59847475
414.9	115.42304739
415	115.24195218
415.1	114.26200088
415.2	111.68258612
415.3	109.82584397
415.4	110.17650876
415.5	113.18690318
415.6	116.19303976
415.7	118.22811719
415.8	117.46391796
415.9	113.69576873
416	110.64210097
416.1	105.64425782
416.2	99.85461681
416.3	94.92328758
416.4	92.69849969
416.5	93.4204779
416.6	94.06233396
416.7	93.29142535
416.8	91.49940059
416.9	88.2186
417	88.16956269
417.1	89.45964426
417.2	89.45570596
417.3	88.10716232
417.4	86.15821046
417.5	84.36937537
417.6	86.4466378
417.7	90.41971891
417.8	92.61664733
417.9	92.17050499
418	91.64034264
418.1	91.02668479
418.2	89.73471459
418.3	84.66684121
418.4	75.76522552
418.5	67.65246022
418.6	61.40521816
418.7	55.8878656
418.8	52.04658373
418.9	50.99633522
419	50.90588178
419.1	49.88016429
419.2	47.95581348
419.3	46.23487342
419.4	45.89641664
419.5	48.73460063
419.6	53.48362819
419.7	55.49470662
419.8	54.59735314
419.9	52.73397636
420	51.07480413
420.1	49.86306622
420.2	49.52481849
420.3	51.01379025
420.4	55.19238811
420.5	60.26005656
420.6	63.16745128
420.7	65.96674071
420.8	68.37850014
420.9	69.44475693
421	69.30863016
421.1	65.69999583
421.2	62.06827742
421.3	60.64441714
421.4	62.2916171
421.5	63.88771121
421.6	62.09297631
421.7	58.90290518
421.8	53.96905795
421.9	48.36413342
422	44.18684877
422.1	38.24778425
422.2	33.14592384
422.3	27.48823649
422.4	22.220302
422.5	19.86881906
422.6	19.56555779
422.7	19.31607368
422.8	19.71476
422.9	20.26948968
423	21.71138537
423.1	23.40194758
423.2	24.33141518
423.3	24.38265084
423.4	23.75801664
423.5	21.99684917
423.6	19.99850408
423.7	17.81475032
423.8	17.47361782
423.9	18.63930503
424	22.28573953
424.1	26.44251977
424.2	32.12238407
424.3	38.9294787
424.4	47.83719113
424.5	55.15435
424.6	60.28513453
424.7	63.70648787
424.8	65.5992017
424.9	69.57464487
425	74.79831437
425.1	80.27439269
425.2	86.48666961
425.3	91.5021083
425.4	95.34198512
425.5	94.10202297
425.6	91.17706346
425.7	87.4761073
425.8	83.62394476
425.9	81.03499863
426	76.27940104
426.1	80.12582146
426.2	83.48376294
426.3	86.99082026
426.4	87.83629335
426.5	83.71499953
426.6	76.99037628
426.7	69.19421935
426.8	59.66197793
426.9	50.79613032
427	43.77237873
427.1	41.55113333
427.2	40.32536987
427.3	39.09295764
427.4	36.02881397
427.5	31.44031044
427.6	29.47423128
427.7	29.09540563
427.8	29.80133786
427.9	30.2952144
428	31.33405605
428.1	32.12830343
428.2	30.96985591
428.3	29.69292787
428.4	30.25679687
428.5	32.7839812
428.6	35.79430396
428.7	38.13451871
428.8	38.73469131
428.9	37.69855576
429	33.95388581
429.1	29.29792953
429.2	26.94403744
429.3	26.58354256
429.4	27.05411019
429.5	27.58930463
429.6	28.3560427
429.7	29.5939858
429.8	30.96317381
429.9	33.31078781
430	35.45632109
430.1	37.49646847
430.2	38.33491649
430.3	32.64953509
430.4	28.10381248
430.5	21.64809614
430.6	20.30464748
430.7	21.1170718
430.8	22.18434961
430.9	26.05821652
431	30.63295454
431.1	36.54507285
431.2	39.02476818
431.3	39.98580354
431.4	39.56979374
431.5	37.27841112
431.6	36.93533779
431.7	37.02756033
431.8	37.13469612
431.9	37.3218386
432	38.33151666
432.1	40.45212085
432.2	43.8368394
432.3	45.83148119
432.4	47.49128014
432.5	47.17042862
432.6	47.17927334
432.7	47.41604547
432.8	45.37866778
432.9	44.40142211
433	44.39290072
433.1	44.82156906
433.2	45.48315297
433.3	45.3983962
433.4	45.26145551
433.5	45.20919563
433.6	44.69116021
433.7	43.82523523
433.8	41.48782985
433.9	38.37484118
434	37.39441896
434.1	36.12495539
434.2	34.98588723
434.3	34.49275878
434.4	34.55721407
434.5	35.03570489
434.6	34.68640928
434.7	33.11958236
434.8	31.9324628
434.9	31.49746108
435	32.93995602
435.1	35.38466753
435.2	38.62717405
435.3	40.69787047
435.4	41.19934108
435.5	41.72112882
435.6	40.9061115
435.7	40.0851968
435.8	38.89091989
435.9	37.1118242
436	35.64015921
436.1	34.7183663
436.2	34.79546693
436.3	34.86133704
436.4	35.5202494
436.5	36.70641419
436.6	38.12202731
436.7	38.88236164
436.8	39.01385494
436.9	38.23278983
437	37.06142351
437.1	35.95856759
437.2	35.64588325
437.3	36.66527973
437.4	39.19866899
437.5	43.57822414
437.6	44.07807924
437.7	43.75831408
437.8	42.36538759
437.9	40.52555767
438	39.28679878
438.1	38.15169749
438.2	38.31761567
438.3	37.88611349
438.4	36.99774714
438.5	36.0733924
438.6	36.2356901
438.7	37.06008326
438.8	39.28385023
438.9	41.25939243
439	42.37768439
439.1	44.32599041
439.2	45.07469091
439.3	45.41733485
439.4	46.22195312
439.5	47.94430252
439.6	49.25111289
439.7	49.13719939
439.8	46.97101966
439.9	43.41674653
440	41.05501658
440.1	39.25301413
440.2	37.22018497
440.3	38.34126175
440.4	40.66196966
440.5	42.43875985
440.6	42.87636056
440.7	42.58702687
440.8	41.24748298
440.9	39.79280547
441	39.08758453
441.1	40.61087995
441.2	42.22231032
441.3	42.9081822
441.4	42.45347947
441.5	40.39602366
441.6	39.48811311
441.7	38.93970132
441.8	38.19462371
441.9	36.60618241
442	36.10300007
442.1	35.31391333
442.2	35.29871677
442.3	36.27651389
442.4	36.30438505
442.5	36.43132591
442.6	36.98012023
442.7	37.20221698
442.8	37.19970732
442.9	37.19483086
443	36.90296584
443.1	36.21807655
443.2	38.32644528
443.3	39.44448174
443.4	39.44334098
443.5	37.99097889
443.6	37.5357478
443.7	39.03386577
443.8	41.66003637
443.9	43.8766825
444	44.20066007
444.1	43.13305407
444.2	41.65800721
444.3	42.20017591
444.4	42.87533576
444.5	42.87526531
444.6	42.58732483
444.7	40.87711334
444.8	40.68632666
444.9	41.61026003
445	42.08850685
445.1	41.48737664
445.2	41.43193613
445.3	41.6212265
445.4	40.42879557
445.5	41.38021852
445.6	42.57768526
445.7	43.228145
445.8	44.18855399
445.9	43.98231416
446	43.21248713
446.1	42.36116113
446.2	41.10862037
446.3	41.62283552
446.4	43.2785899
446.5	44.77415452
446.6	45.67058586
446.7	46.81839809
446.8	47.28654153
446.9	47.69788822
447	47.97630997
447.1	48.94474923
447.2	48.92159927
447.3	47.20005514
447.4	45.34208802
447.5	45.14948891
447.6	46.11928421
447.7	48.31569248
447.8	49.45377808
447.9	49.20053026
448	48.95458476
448.1	48.21103562
448.2	46.71188774
448.3	46.74714752
448.4	48.52451311
448.5	50.13937636
448.6	50.34433014
448.7	51.79619639
448.8	51.6015289
448.9	51.60013599
449	52.79309984
449.1	54.40551377
449.2	55.35281084
449.3	56.06357641
449.4	56.37803659
449.5	54.29963844
449.6	51.46446046
449.7	48.25220778
449.8	47.36235737
449.9	50.2604295
450	51.83364985
450.1	53.22846303
450.2	54.45879445
450.3	53.06962806
450.4	52.19765109
450.5	51.59683078
450.6	49.99435045
450.7	50.9440831
450.8	53.10502132
450.9	56.77462829
451	60.31332357
451.1	61.43086968
451.2	58.17167094
451.3	53.69146199
451.4	52.12886381
451.5	53.66728353
451.6	54.96019278
451.7	55.58864803
451.8	54.06967162
451.9	52.12413056
452	49.34548444
452.1	49.22924906
452.2	50.35062729
452.3	49.77118655
452.4	49.88230635
452.5	49.87121047
452.6	49.44473147
452.7	49.00669864
452.8	49.40801101
452.9	51.08684275
453	53.18159854
453.1	53.99811972
453.2	52.58747339
453.3	49.42254487
453.4	45.41810669
453.5	44.36946598
453.6	43.50472496
453.7	44.5876524
453.8	48.02059663
453.9	53.09383651
454	54.74580172
454.1	54.86400664
454.2	54.88158544
454.3	55.80898057
454.4	57.00612665
454.5	57.52926956
454.6	57.1168745
454.7	56.60888127
454.8	55.33187196
454.9	52.63617451
455	48.38617644
455.1	48.28873682
455.2	49.07391927
455.3	49.38353401
455.4	48.24198658
455.5	47.42308769
455.6	46.47712763
455.7	45.5472178
455.8	45.54954341
455.9	45.77798134
456	45.95147165
456.1	48.97758166
456.2	55.65079598
456.3	61.27102861
456.4	68.65567389
456.5	74.54617216
456.6	75.71709606
456.7	75.74366031
456.8	76.18895606
456.9	76.90328516
457	76.34377382
457.1	74.46035606
457.2	71.19998099
457.3	66.63705387
457.4	63.80422068
457.5	62.91106064
457.6	60.64703791
457.7	58.36579529
457.8	57.98233558
457.9	60.58921654
458	62.45114235
458.1	64.9198229
458.2	69.99241604
458.3	73.99563628
458.4	77.27068856
458.5	76.1665009
458.6	73.58100385
458.7	69.50827563
458.8	64.85384271
458.9	60.05499369
459	57.44337878
459.1	54.81071435
459.2	52.53438674
459.3	50.155702
459.4	46.78325486
459.5	43.04085392
459.6	38.40807163
459.7	34.75850635
459.8	32.36181593
459.9	30.38771485
460	30.09535952
460.1	29.72906619
460.2	29.35479013
460.3	28.25980621
460.4	26.79699739
460.5	27.06654134
460.6	27.68930333
460.7	26.82116667
460.8	25.2907792
460.9	24.49937132
461	26.84324628
461.1	30.83468324
461.2	33.93123679
461.3	34.53388409
461.4	30.85834824
461.5	27.199185
461.6	25.10444334
461.7	23.54759248
461.8	21.96744737
461.9	21.64576146
462	21.21092415
462.1	21.07422439
462.2	21.51672487
462.3	21.96025346
462.4	21.9586481
462.5	21.71890962
462.6	21.10275754
462.7	20.02064024
462.8	19.06349844
462.9	19.00027099
463	19.25486181
463.1	20.2714833
463.2	21.45431292
463.3	22.6295647
463.4	23.84107671
463.5	24.76143502
463.6	22.89153924
463.7	21.31395589
463.8	20.48640194
463.9	20.5015115
464	21.01281446
464.1	21.42116508
464.2	21.89530908
464.3	22.85572738
464.4	24.34992722
464.5	25.78261284
464.6	27.00746708
464.7	27.83623662
464.8	28.65274603
464.9	29.07326047
465	28.71645803
465.1	28.53801688
465.2	28.51281096
465.3	27.90528878
465.4	27.91862066
465.5	28.12762041
465.6	28.96435124
465.7	30.03582122
465.8	30.89997337
465.9	30.89936591
466	30.16991336
466.1	30.90209739
466.2	32.38191993
466.3	33.7683883
466.4	34.20386454
466.5	34.62850908
466.6	35.78384492
466.7	36.33123921
466.8	35.73592574
466.9	34.34100981
467	33.89423549
467.1	33.7751026
467.2	33.66084285
467.3	33.44593123
467.4	33.285966
467.5	33.67218064
467.6	35.83276689
467.7	39.60373593
467.8	42.57228443
467.9	45.1546904
468	46.25692228
468.1	46.14088053
468.2	45.55124659
468.3	46.00662931
468.4	48.01816139
468.5	52.40038305
468.6	59.12211893
468.7	65.53694232
468.8	69.99976235
468.9	71.78771791
469	71.66989651
469.1	67.78835441
469.2	64.43455067
469.3	62.23094515
469.4	59.54667047
469.5	57.71421557
469.6	58.18942474
469.7	58.67149569
469.8	60.06774732
469.9	63.28643728
470	65.78208563
470.1	67.25987415
470.2	69.21205334
470.3	71.99507919
470.4	74.86877529
470.5	76.17915423
470.6	79.79234728
470.7	81.78342121
470.8	82.87090103
470.9	83.19732653
471	84.26939873
471.1	86.89495655
471.2	89.57198389
471.3	91.27262618
471.4	91.07999758
471.5	91.54213049
471.6	93.22186169
471.7	94.41852598
471.8	94.97724673
471.9	92.73825026
472	90.38585914
472.1	88.70995573
472.2	92.02362136
472.3	97.36217015
472.4	104.15520389
472.5	116.27423598
472.6	132.44533007
472.7	161.95981074
472.8	173.43197622
472.9	182.25071905
473	177.43151726
473.1	168.88666808
473.2	150.58066817
473.3	136.99109732
473.4	129.99931163
473.5	122.81607815
473.6	114.79511244
473.7	110.00514664
473.8	110.10982364
473.9	113.41857863
474	111.21529607
474.1	104.63815127
474.2	95.99031502
474.3	89.22683634
474.4	89.10157637
474.5	92.74281706
474.6	96.90810517
474.7	100.87430076
474.8	105.55010898
474.9	110.72468855
475	111.83442065
475.1	106.71843872
475.2	93.41548552
475.3	78.59689493
475.4	59.74673803
475.5	44.72585745
475.6	32.93679884
475.7	27.79464591
475.8	24.59855113
475.9	22.95414365
476	22.51847481
476.1	22.43339876
476.2	22.32651713
476.3	22.12424922
476.4	20.67431069
476.5	20.02035755
476.6	19.89280917
476.7	20.19240805
476.8	21.71390687
476.9	23.10757696
477	24.6412849
477.1	24.99175359
477.2	25.24504615
477.3	25.23675659
477.4	24.63815543
477.5	23.67510466
477.6	23.16785812
477.7	23.97729434
477.8	26.26291489
477.9	28.00620873
478	29.77379592
478.1	31.52738178
478.2	33.27115328
478.3	34.31469205
478.4	35.10618245
478.5	34.9433305
478.6	33.40419199
478.7	33.8415427
478.8	36.60824401
478.9	42.01775842
479	48.48682588
479.1	55.79167045
479.2	65.12184089
479.3	81.85366869
479.4	95.72794081
479.5	106.67106517
479.6	111.30134551
479.7	99.31705156
479.8	77.57894711
479.9	56.1214072
480	43.9309848
480.1	35.58747379
480.2	31.29499606
480.3	28.95586005
480.4	27.61278226
480.5	27.97062191
480.6	31.52419536
480.7	38.24535939
480.8	47.52784944
480.9	54.15300393
481	54.78868536
481.1	41.44985931
481.2	29.6191253
481.3	22.40204298
481.4	22.63304502
481.5	22.60889689
481.6	22.88412467
481.7	23.36788762
481.8	22.39663824
481.9	21.48663978
482	20.7021269
482.1	20.10246322
482.2	16.87037254
482.3	15.32210407
482.4	12.54975843
482.5	11.41742609
482.6	10.88755569
482.7	11.15169964
482.8	11.2187555
482.9	10.86173277
483	10.69283272
483.1	10.28540005
483.2	10.29545739
483.3	11.51342558
483.4	12.03420781
483.5	12.4198804
483.6	12.38666301
483.7	12.34758527
483.8	12.939198
483.9	15.7889348
484	17.49614107
484.1	20.73682231
484.2	27.30246477
484.3	33.83095487
484.4	42.97656178
484.5	52.54803675
484.6	60.24009844
484.7	63.88409293
484.8	63.64115415
484.9	61.15547227
485	57.78452767
485.1	52.2936276
485.2	46.45462657
485.3	42.03369147
485.4	39.14197215
485.5	33.2193395
485.6	23.06626634
485.7	17.00443479
485.8	13.6959878
485.9	12.16570034
486	11.12344429
486.1	9.88463762
486.2	9.91990387
486.3	10.54726085
486.4	11.03533955
486.5	11.12799127
486.6	10.868602
486.7	11.59405004
486.8	12.87009843
486.9	15.87709202
487	19.51284759
487.1	25.45330924
487.2	32.01128986
487.3	45.04305918
487.4	62.98272384
487.5	88.44621514
487.6	106.52390438
487.7	117.57968127
487.8	119.07370518
487.9	115.93625498
488	112.14005535
488.1	103.96269993
488.2	97.17034762
488.3	93.13608187
488.4	92.69408168
488.5	97.87309146
488.6	99.51003094
488.7	99.36718151
488.8	98.15408602
488.9	95.26366161
489	90.64500889
489.1	86.24724324
489.2	83.59482323
489.3	85.18546056
489.4	87.32852788
489.5	88.41242888
489.6	89.92596746
489.7	93.46060165
489.8	96.96834353
489.9	101.41174262
490	104.18166371
490.1	104.36557397
490.2	103.33842326
490.3	102.32219294
490.4	101.66916798
490.5	102.74277377
490.6	100.24510451
490.7	96.27615697
490.8	91.92829138
490.9	89.94652535
491	90.02167662
491.1	90.43227813
491.2	91.02974922
491.3	91.6190157
491.4	91.83503441
491.5	93.03634744
491.6	95.67287972
491.7	99.34392275
491.8	101.96695617
491.9	106.63584481
492	109.1133356
492.1	110.02070714
492.2	111.3131707
492.3	111.31518815
492.4	109.89411286
492.5	108.2976864
492.6	109.85162383
492.7	111.72246646
492.8	112.58355981
492.9	112.10607102
493	112.75467918
493.1	114.54604447
493.2	117.49310435
493.3	118.31010646
493.4	117.32205634
493.5	114.15016908
493.6	110.59697019
493.7	107.57615755
493.8	102.65042023
493.9	96.18454006
494	84.7379678
494.1	73.21128975
494.2	67.40535413
494.3	67.21269848
494.4	74.27947957
494.5	82.51203695
494.6	86.1020672
494.7	88.53070617
494.8	92.39820805
494.9	100.92501722
495	109.27180406
495.1	111.26191831
495.2	110.9193625
495.3	107.89709544
495.4	102.40187691
495.5	96.39577458
495.6	86.95005779
495.7	79.96125019
495.8	76.1680359
495.9	72.14258226
496	70.38394593
496.1	71.29539278
496.2	72.74109505
496.3	74.45163188
496.4	76.99733429
496.5	83.75462195
496.6	85.47557767
496.7	83.16145474
496.8	78.40827351
496.9	75.48870874
497	73.8854339
497.1	75.08728617
497.2	79.61743612
497.3	86.32620073
497.4	93.50697985
497.5	103.26534758
497.6	111.80648392
497.7	119.93578473
497.8	120.75323348
497.9	117.46131679
498	112.21569641
498.1	105.27063739
498.2	102.37110736
498.3	97.92977755
498.4	93.23309718
498.5	89.82499917
498.6	92.53656542
498.7	96.93303867
498.8	100.426088
498.9	100.00061001
499	100.46775562
499.1	104.60862994
499.2	109.28642038
499.3	113.43615258
499.4	114.72357782
499.5	108.87612506
499.6	100.56385386
499.7	94.41401883
499.8	93.44186044
499.9	95.31622148
500	99.64871263
500.1	104.102215
500.2	108.13658738
500.3	108.06511969
500.4	107.17779658
500.5	110.08841485
500.6	110.41123925
500.7	107.84889425
500.8	104.51411853
500.9	100.80102525
501	99.46981997
501.1	98.06116339
501.2	96.74367306
501.3	95.34015594
501.4	95.97072159
501.5	97.90902831
501.6	99.68926625
501.7	99.67003662
501.8	98.61029313
501.9	97.42494907
502	95.63226334
502.1	92.25699858
502.2	91.89035395
502.3	92.83083902
502.4	95.8884427
502.5	101.40683173
502.6	106.49864245
502.7	109.77919413
502.8	110.94763724
502.9	109.66205851
503	109.05229721
503.1	105.68716807
503.2	99.94549812
503.3	98.1368664
503.4	93.84002779
503.5	89.65097988
503.6	89.56726418
503.7	95.33081186
503.8	101.30978406
503.9	108.57278342
504	110.75211695
504.1	110.44081523
504.2	107.57336309
504.3	102.72409949
504.4	97.37925137
504.5	94.49433878
504.6	92.34312741
504.7	91.41054312
504.8	95.40786281
504.9	104.50348271
505	110.43656173
505.1	110.33605991
505.2	108.15706975
505.3	105.62347802
505.4	102.31042314
505.5	100.04602153
505.6	99.16496831
505.7	98.45828378
505.8	98.1173545
505.9	97.8668044
506	98.13076159
506.1	98.89522297
506.2	101.07461836
506.3	105.48651524
506.4	110.53955698
506.5	112.33599018
506.6	112.39996923
506.7	110.49295841
506.8	108.35698699
506.9	107.94007381
507	108.03157068
507.1	108.27576696
507.2	107.89496541
507.3	109.53494683
507.4	109.08981421
507.5	109.93448336
507.6	113.81743289
507.7	114.09075729
507.8	113.40643976
507.9	113.42281158
508	113.94391911
508.1	114.73954733
508.2	114.12593354
508.3	113.34853086
508.4	113.9595381
508.5	113.95738439
508.6	113.3566303
508.7	110.93814927
508.8	108.07449363
508.9	107.94605201
509	107.80402517
509.1	106.68790115
509.2	110.52166246
509.3	111.92456826
509.4	115.3615991
509.5	117.42422995
509.6	116.44725576
509.7	119.06354615
509.8	121.0445023
509.9	121.01305734
510	119.42031628
510.1	118.75180819
510.2	117.42409708
510.3	116.08620662
510.4	115.83603997
510.5	116.60740141
510.6	117.51954982
510.7	118.12343083
510.8	117.58393776
510.9	114.84296703
511	111.48693397
511.1	107.45989823
511.2	107.64503837
511.3	112.09316828
511.4	116.14517957
511.5	119.13965928
511.6	122.24555465
511.7	122.99345161
511.8	122.65068903
511.9	122.08249713
512	120.76347299
512.1	119.50314663
512.2	116.83750005
512.3	114.32143406
512.4	113.2469132
512.5	114.51317582
512.6	117.87506939
512.7	122.20513305
512.8	126.15891155
512.9	126.02822283
513	124.88783474
513.1	119.8431784
513.2	112.36879888
513.3	107.30319235
513.4	105.3300086
513.5	104.77271587
513.6	105.35243946
513.7	105.10879934
513.8	106.46278666
513.9	106.55205307
514	105.45154502
514.1	103.49239433
514.2	103.53273239
514.3	105.74507724
514.4	106.20294313
514.5	105.91388282
514.6	107.11105376
514.7	108.70409868
514.8	109.23724193
514.9	106.44701966
515	102.69967038
515.1	99.63780586
515.2	99.54912051
515.3	101.81816315
515.4	105.39950999
515.5	107.88200593
515.6	107.47114586
515.7	105.95221727
515.8	104.76453956
515.9	104.23033026
516	104.00025587
516.1	100.49547204
516.2	97.57114935
516.3	94.5036235
516.4	93.5392488
516.5	96.13220019
516.6	99.5303585
516.7	102.30564139
516.8	102.4436499
516.9	100.69714033
517	100.40924926
517.1	100.40387106
517.2	99.36487011
517.3	103.18331491
517.4	107.66454106
517.5	112.0830163
517.6	114.31267851
517.7	115.83100631
517.8	115.19111165
517.9	114.05752685
518	117.64672348
518.1	118.79757971
518.2	116.2978665
518.3	112.50726177
518.4	109.82193642
518.5	106.12975935
518.6	102.4197592
518.7	100.3113409
518.8	100.77316893
518.9	104.4015543
519	104.79447329
519.1	102.66359418
519.2	99.68605908
519.3	95.00355843
519.4	92.09534069
519.5	91.6920054
519.6	92.49253403
519.7	92.7706261
519.8	91.96985597
519.9	90.72917787
520	91.16507482
520.1	91.04293447
520.2	90.0085086
520.3	88.54195941
520.4	87.97313414
520.5	87.72696917
520.6	88.92285545
520.7	90.87166378
520.8	93.3204845
520.9	94.29462981
521	93.58521578
521.1	91.2528083
521.2	89.09058394
521.3	87.62533516
521.4	85.03205602
521.5	81.13635208
521.6	78.10839115
521.7	77.5734009
521.8	78.73314549
521.9	81.87978114
522	84.35072968
522.1	86.7971591
522.2	88.18180629
522.3	89.61326011
522.4	90.6296874
522.5	93.24361135
522.6	96.1294847
522.7	98.85808149
522.8	99.24150839
522.9	98.10344793
523	96.95485375
523.1	96.13464373
523.2	95.53281228
523.3	93.91324814
523.4	90.22089434
523.5	86.20392542
523.6	81.61213285
523.7	79.54418513
523.8	79.32985387
523.9	81.924902
524	84.77732352
524.1	88.19865979
524.2	90.29222561
524.3	91.87257449
524.4	90.91982681
524.5	90.73138188
524.6	90.02613972
524.7	89.71356415
524.8	90.35708947
524.9	93.01896446
525	94.51202256
525.1	95.91379411
525.2	97.66208272
525.3	98.57840919
525.4	97.112637
525.5	93.95069812
525.6	90.38392586
525.7	88.86485606
525.8	89.06651929
525.9	87.80773339
526	84.92599269
526.1	84.11495526
526.2	86.93194523
526.3	90.47814976
526.4	93.09929154
526.5	93.07971986
526.6	91.23380835
526.7	88.85806892
526.8	85.65636117
526.9	84.98447216
527	86.62984015
527.1	89.77289147
527.2	93.53954946
527.3	95.5255858
527.4	96.21100761
527.5	95.31862945
527.6	97.20261592
527.7	100.19393367
527.8	102.88083013
527.9	104.05971135
528	102.959421
528.1	103.94023959
528.2	103.39104739
528.3	101.7159339
528.4	101.73050599
528.5	101.71967041
528.6	101.40969751
528.7	101.31197388
528.8	102.95463486
528.9	102.56431084
529	101.03198908
529.1	98.89508302
529.2	99.93292878
529.3	99.6360947
529.4	100.89589489
529.5	104.48123812
529.6	107.67004033
529.7	107.89466407
529.8	105.11328871
529.9	101.70212549
530	100.95190634
530.1	100.60443142
530.2	100.77303209
530.3	100.10245947
530.4	97.48911229
530.5	95.25521157
530.6	92.8455798
530.7	90.5441994
530.8	90.4682617
530.9	91.602433
531	96.31898945
531.1	102.2224493
531.2	106.19242793
531.3	109.13183658
531.4	110.7650113
531.5	108.91922439
531.6	108.16076199
531.7	107.24731523
531.8	105.71766118
531.9	104.0818502
532	103.10960671
532.1	101.4143387
532.2	99.98466885
532.3	98.69887349
532.4	98.92453878
532.5	98.68534215
532.6	99.13458728
532.7	100.45312457
532.8	101.7052744
532.9	99.43743009
533	96.89551967
533.1	94.51681445
533.2	93.57615515
533.3	96.05626378
533.4	99.585161
533.5	102.40616657
533.6	102.94873786
533.7	103.58940719
533.8	103.66034174
533.9	103.3960872
534	104.58320727
534.1	107.29490682
534.2	109.47310248
534.3	108.50796205
534.4	104.48120422
534.5	100.81976705
534.6	100.13976101
534.7	102.16314023
534.8	106.86803526
534.9	112.0306061
535	115.05503523
535.1	113.03089318
535.2	111.08634669
535.3	109.42817791
535.4	107.83348268
535.5	106.36585334
535.6	104.92817788
535.7	104.21235008
535.8	104.49600458
535.9	106.41410159
536	109.67927262
536.1	114.66504365
536.2	119.50084897
536.3	121.30854625
536.4	120.85273706
536.5	120.60739041
536.6	119.79910509
536.7	116.02765785
536.8	107.75818355
536.9	99.75681388
537	91.71122813
537.1	83.12494027
537.2	73.73813848
537.3	69.01838866
537.4	67.18866926
537.5	66.36566655
537.6	64.79214774
537.7	64.5227893
537.8	65.18716677
537.9	66.15935646
538	66.22215799
538.1	67.08191289
538.2	68.3885782
538.3	70.977183
538.4	72.33880371
538.5	72.78589006
538.6	72.47961351
538.7	72.74502809
538.8	72.59131436
538.9	71.49881698
539	70.31308237
539.1	68.32745641
539.2	66.43841172
539.3	65.6442339
539.4	65.86408854
539.5	66.4261201
539.6	67.03920893
539.7	69.18748943
539.8	71.81368121
539.9	72.96073924
540	72.35772002
540.1	70.1495942
540.2	68.8623206
540.3	69.6088046
540.4	70.21586535
540.5	70.81367437
540.6	69.93848423
540.7	66.34618426
540.8	64.16118737
540.9	61.78054479
541	60.1275454
541.1	59.0172362
541.2	58.08454893
541.3	59.38841986
541.4	61.73277644
541.5	63.85549654
541.6	63.40235596
541.7	63.58717023
541.8	64.48586928
541.9	65.12032628
542	64.29679833
542.1	61.949246
542.2	59.44904985
542.3	57.57093525
542.4	57.70049682
542.5	58.52928851
542.6	59.73093732
542.7	61.11963997
542.8	62.15174175
542.9	62.50594116
543	62.7871398
543.1	63.10471439
543.2	64.62926371
543.3	66.74085934
543.4	67.94780305
543.5	67.5858337
543.6	67.38217295
543.7	67.87674571
543.8	69.33460921
543.9	70.33928986
544	69.66049153
544.1	67.32872042
544.2	66.33564516
544.3	68.25403321
544.4	71.2005038
544.5	72.62181304
544.6	72.04692797
544.7	70.86316268
544.8	70.66753755
544.9	70.01274235
545	69.50417115
545.1	70.58680789
545.2	71.6375772
545.3	73.49792018
545.4	74.50586997
545.5	74.41160309
545.6	76.88031444
545.7	79.30574442
545.8	80.81003516
545.9	80.65588692
546	79.60824236
546.1	78.7946573
546.2	80.66582547
546.3	84.53909867
546.4	87.2157858
546.5	86.5908367
546.6	83.24619428
546.7	80.62369526
546.8	81.06707308
546.9	80.89715989
547	80.2893785
547.1	81.593735
547.2	82.12409753
547.3	82.63709698
547.4	82.46522149
547.5	81.53182004
547.6	82.15747528
547.7	83.13906045
547.8	83.91228373
547.9	85.48506357
548	85.30658125
548.1	85.93065414
548.2	87.49270965
548.3	89.14943069
548.4	88.84262335
548.5	88.31880737
548.6	88.30436035
548.7	88.17400408
548.8	87.41843488
548.9	88.20947308
549	89.38475978
549.1	89.98008353
549.2	91.09373812
549.3	91.89083601
549.4	92.23617986
549.5	92.88431055
549.6	94.25377742
549.7	93.43169253
549.8	91.4686645
549.9	90.46799208
550	91.13996514
550.1	91.97779363
550.2	93.46995053
550.3	97.35813143
550.4	98.75016377
550.5	98.16955594
550.6	98.29916289
550.7	100.135342
550.8	100.12362024
550.9	98.48201303
551	97.11716681
551.1	93.30300701
551.2	90.87897344
551.3	92.06340917
551.4	95.70812633
551.5	97.90960154
551.6	100.2047279
551.7	101.40747773
551.8	99.06889351
551.9	94.20889952
552	91.71063108
552.1	91.06449325
552.2	93.86510393
552.3	97.36846647
552.4	99.89273216
552.5	100.58942293
552.6	98.83411159
552.7	100.06023205
552.8	100.17487789
552.9	99.52899198
553	98.50444363
553.1	97.75869992
553.2	97.29140202
553.3	98.77859522
553.4	102.00079371
553.5	105.52136189
553.6	109.49081841
553.7	111.38524316
553.8	110.20795039
553.9	108.42569734
554	106.79054449
554.1	105.61064136
554.2	104.78576959
554.3	101.59346022
554.4	93.96823977
554.5	83.07668564
554.6	74.06243413
554.7	68.34516037
554.8	65.38408827
554.9	65.25191558
555	66.49150516
555.1	67.09477895
555.2	67.65898639
555.3	69.50702427
555.4	71.79244607
555.5	73.85226453
555.6	75.15511831
555.7	80.75831894
555.8	86.6894522
555.9	93.5180141
556	100.7995684
556.1	104.64821295
556.2	105.1165045
556.3	103.03359173
556.4	103.56751875
556.5	105.61330864
556.6	103.43135313
556.7	105.34815727
556.8	103.85667652
556.9	105.14523739
557	107.04939201
557.1	109.11249348
557.2	110.31461602
557.3	110.71196466
557.4	108.99011683
557.5	105.70262009
557.6	102.63345704
557.7	100.79533636
557.8	100.17346086
557.9	98.43426936
558	96.23488977
558.1	95.98345695
558.2	98.35288428
558.3	102.73249703
558.4	107.73521129
558.5	109.74638583
558.6	109.96423362
558.7	110.65685936
558.8	113.66446927
558.9	115.57382307
559	116.29627104
559.1	117.45454523
559.2	116.74622874
559.3	114.63900372
559.4	112.55267295
559.5	113.08096147
559.6	111.8658967
559.7	109.27758128
559.8	107.38461912
559.9	111.67304968
560	113.22127832
560.1	114.49766941
560.2	115.75753759
560.3	115.21052971
560.4	113.56315823
560.5	111.35985934
560.6	110.57914601
560.7	111.69892753
560.8	112.27854029
560.9	113.70077592
561	115.05101788
561.1	115.33315643
561.2	112.7478291
561.3	109.52496116
561.4	109.58865643
561.5	110.23295961
561.6	112.61351099
561.7	115.60722113
561.8	116.94819292
561.9	119.09080253
562	119.19738622
562.1	116.23927339
562.2	113.562507
562.3	110.38642743
562.4	106.93062049
562.5	104.06328688
562.6	102.83796769
562.7	106.34292985
562.8	112.74085318
562.9	116.38725446
563	113.88804496
563.1	104.89590538
563.2	94.21929326
563.3	85.26100282
563.4	76.37989039
563.5	74.78008832
563.6	74.71114968
563.7	75.19007859
563.8	75.5680435
563.9	72.75430247
564	66.57500824
564.1	63.07874143
564.2	62.68359117
564.3	64.40163424
564.4	67.5117878
564.5	70.23200253
564.6	70.9774623
564.7	70.69740757
564.8	71.13798193
564.9	70.66495343
565	69.80800971
565.1	70.88691879
565.2	71.64830242
565.3	71.03461564
565.4	69.23980485
565.5	69.15572192
565.6	69.86146637
565.7	71.20160941
565.8	72.81879525
565.9	73.05659566
566	74.74241045
566.1	79.36641534
566.2	83.84989879
566.3	83.9672513
566.4	77.00107887
566.5	71.21500876
566.6	69.11945479
566.7	67.01039276
566.8	63.43934562
566.9	60.83717111
567	61.63973531
567.1	67.80649847
567.2	72.68009807
567.3	75.57881792
567.4	75.72211762
567.5	74.63656981
567.6	73.31130528
567.7	71.00560655
567.8	68.09973278
567.9	65.60615458
568	65.01294013
568.1	64.99484197
568.2	65.34586031
568.3	66.68860574
568.4	67.23245094
568.5	67.76481957
568.6	67.92975559
568.7	66.95938781
568.8	67.0346657
568.9	66.93926453
569	66.03255046
569.1	64.76542338
569.2	63.34463017
569.3	63.09562751
569.4	64.0874234
569.5	62.77762075
569.6	61.08457993
569.7	60.2858965
569.8	59.66474881
569.9	60.17485672
570	62.34353724
570.1	65.79331999
570.2	64.63360697
570.3	60.96709515
570.4	58.51945089
570.5	56.38970527
570.6	55.61590336
570.7	57.11659817
570.8	60.33841129
570.9	64.57504669
571	66.81181144
571.1	69.06872611
571.2	69.79068434
571.3	67.63503811
571.4	67.29825614
571.5	69.4308864
571.6	72.98582357
571.7	75.59155697
571.8	77.4613644
571.9	79.78693791
572	81.62662527
572.1	82.48487517
572.2	82.52769531
572.3	84.24796325
572.4	83.86737255
572.5	82.0479188
572.6	81.37328057
572.7	83.31069002
572.8	84.94436403
572.9	86.37396782
573	86.15909314
573.1	84.83030313
573.2	80.89223582
573.3	76.26729142
573.4	74.15581712
573.5	76.68458703
573.6	79.07113615
573.7	80.75660087
573.8	81.11813484
573.9	81.91066006
574	83.33671111
574.1	84.91661863
574.2	83.48543905
574.3	80.47036382
574.4	77.04234894
574.5	75.77433349
574.6	75.89738534
574.7	77.26698584
574.8	77.53455374
574.9	76.74042379
575	73.74359077
575.1	70.78129163
575.2	66.28834851
575.3	60.89457237
575.4	57.96654751
575.5	57.46793238
575.6	57.97494016
575.7	59.97769579
575.8	62.20056069
575.9	63.71116902
576	64.28532533
576.1	65.12220896
576.2	66.31655321
576.3	67.3249062
576.4	66.7111907
576.5	64.92671325
576.6	62.46802985
576.7	61.74935095
576.8	61.90450303
576.9	63.32535953
577	65.10290635
577.1	67.5333998
577.2	70.74185743
577.3	74.64832563
577.4	77.74373543
577.5	82.54224544
577.6	87.57520807
577.7	89.52825958
577.8	89.32331792
577.9	88.04880011
578	87.43914587
578.1	88.3656457
578.2	90.30814391
578.3	92.3911601
578.4	94.88271895
578.5	97.46877036
578.6	99.05170158
578.7	98.29077451
578.8	97.67470956
578.9	97.40525083
579	97.51519272
579.1	93.79802937
579.2	91.02011676
579.3	90.94866507
579.4	90.96793425
579.5	91.13047865
579.6	94.59506574
579.7	99.3617479
579.8	103.70888708
579.9	107.2931745
580	107.7283149
580.1	102.34841221
580.2	98.37823744
580.3	94.75590926
580.4	87.79830954
580.5	74.70229681
580.6	59.96624305
580.7	48.06482641
580.8	39.72029762
580.9	33.36567577
581	32.17960614
581.1	32.89708493
581.2	34.22015983
581.3	34.72811759
581.4	34.89190772
581.5	37.5990626
581.6	40.86389261
581.7	44.84903754
581.8	47.49738022
581.9	47.89523264
582	48.17210044
582.1	47.53099268
582.2	45.17875202
582.3	42.28502569
582.4	40.43439886
582.5	39.48893352
582.6	38.65151792
582.7	35.88380644
582.8	33.85042981
582.9	32.62065141
583	32.27645204
583.1	31.70395336
583.2	31.9629669
583.3	33.02611175
583.4	33.27368972
583.5	31.36270975
583.6	30.65176592
583.7	30.63273922
583.8	30.61447475
583.9	31.14734049
584	32.00009355
584.1	34.5316497
584.2	35.16875334
584.3	32.74079282
584.4	30.44262965
584.5	29.75690647
584.6	30.53498394
584.7	31.46405622
584.8	31.91722365
584.9	30.46109039
585	28.98831267
585.1	28.17531016
585.2	28.60310808
585.3	29.80933064
585.4	30.67244356
585.5	31.59108417
585.6	35.43202225
585.7	40.80537264
585.8	45.16658465
585.9	45.42720616
586	43.31375229
586.1	39.04187977
586.2	36.58413849
586.3	36.46740532
586.4	35.20290825
586.5	32.2187461
586.6	28.72837249
586.7	25.4178505
586.8	23.64171873
586.9	23.43295797
587	24.13743183
587.1	24.5524282
587.2	24.13604784
587.3	23.51309182
587.4	23.10018941
587.5	22.2719885
587.6	22.47575476
587.7	22.79642791
587.8	23.16312387
587.9	23.78345474
588	25.04103692
588.1	26.81218257
588.2	27.32451273
588.3	27.10712665
588.4	27.91437401
588.5	31.0438281
588.6	32.20464668
588.7	31.54588126
588.8	30.43066833
588.9	30.84593566
589	32.48222018
589.1	32.55478498
589.2	30.60881985
589.3	29.55176542
589.4	28.83805983
589.5	26.88195761
589.6	25.85999532
589.7	25.23635265
589.8	24.92913927
589.9	24.36336834
590	24.07281776
590.1	24.04541074
590.2	23.44718474
590.3	23.73488734
590.4	24.37092033
590.5	23.85187522
590.6	20.17047829
590.7	19.52375123
590.8	19.33465883
590.9	20.1839428
591	22.97159176
591.1	27.03934385
591.2	30.94338336
591.3	35.6211386
591.4	43.1780936
591.5	50.20322963
591.6	56.24956663
591.7	60.49249231
591.8	60.43444759
591.9	56.22056634
592	53.57089655
592.1	51.86350599
592.2	50.12549272
592.3	46.38253265
592.4	44.26735318
592.5	42.53304288
592.6	41.92892166
592.7	41.36071741
592.8	40.46654041
592.9	38.74695533
593	37.67055749
593.1	36.80769336
593.2	34.59168934
593.3	32.75444726
593.4	34.43818392
593.5	35.62990355
593.6	35.64244797
593.7	34.16440376
593.8	31.34448244
593.9	30.25838893
594	30.05915422
594.1	30.08573516
594.2	30.45097046
594.3	31.23101813
594.4	32.2775552
594.5	33.57416892
594.6	35.1758485
594.7	36.74661613
594.8	37.83062294
594.9	37.32293136
595	35.85439383
595.1	35.35742686
595.2	37.37143136
595.3	40.01037492
595.4	39.89049026
595.5	39.65871903
595.6	39.07944461
595.7	38.41043898
595.8	38.05869737
595.9	38.32369981
596	38.07729075
596.1	37.48951057
596.2	37.74742146
596.3	37.92688625
596.4	37.92585632
596.5	37.64278712
596.6	37.22787726
596.7	36.06204241
596.8	36.1672204
596.9	36.5378995
597	36.21846966
597.1	36.24363062
597.2	35.47128271
597.3	33.90555099
597.4	33.56938074
597.5	33.52738367
597.6	33.44891203
597.7	33.37970012
597.8	32.98470289
597.9	31.54486713
598	30.0368499
598.1	29.7404681
598.2	30.75779456
598.3	31.78171176
598.4	32.06683838
598.5	31.97571004
598.6	32.21989475
598.7	31.09261287
598.8	30.52309335
598.9	29.76265148
599	29.73334129
599.1	29.72352956
599.2	30.41615503
599.3	31.24701947
599.4	33.52717312
599.5	35.97621093
599.6	37.81185671
599.7	39.23265951
599.8	40.39759775
599.9	41.27811489
600	44.95721463
600.1	50.06207102
600.2	55.66820997
600.3	58.49709695
600.4	59.78010821
600.5	57.0269495
600.6	55.00544729
600.7	54.39817836
600.8	55.21023473
600.9	57.47704336
601	59.36891018
601.1	62.36516274
601.2	63.91281396
601.3	63.03974581
601.4	60.87537862
601.5	60.46078024
601.6	59.85289918
601.7	58.0739414
601.8	57.61652881
601.9	59.93614074
602	60.89622927
602.1	60.08454643
602.2	56.21242421
602.3	54.43624686
602.4	52.31263652
602.5	49.89943477
602.6	47.9864687
602.7	53.42862823
602.8	61.85777983
602.9	73.80124747
603	84.18676141
603.1	93.85033043
603.2	97.39505289
603.3	96.8415389
603.4	93.21187336
603.5	91.00973553
603.6	90.71219051
603.7	90.91074387
603.8	89.91466212
603.9	88.48232246
604	86.43593676
604.1	84.43641204
604.2	84.38980243
604.3	85.331438
604.4	86.98624333
604.5	90.48976613
604.6	93.43897653
604.7	96.38849726
604.8	98.97990098
604.9	102.56582832
605	104.09205446
605.1	101.89249118
605.2	101.49606472
605.3	103.23420288
605.4	106.83783834
605.5	109.71344461
605.6	109.57772889
605.7	106.61882849
605.8	103.59997413
605.9	99.91355847
606	95.62440823
606.1	89.97859015
606.2	88.07420353
606.3	88.16255382
606.4	89.87159241
606.5	92.62759078
606.6	97.6591695
606.7	102.28189666
606.8	103.519154
606.9	94.96464926
607	81.11423008
607.1	63.83898383
607.2	48.36926926
607.3	44.4493638
607.4	53.59383205
607.5	66.35305721
607.6	81.096926
607.7	95.47257912
607.8	105.11581903
607.9	103.08180701
608	99.78598234
608.1	97.08657291
608.2	95.5678907
608.3	94.69106273
608.4	93.63076204
608.5	91.95295769
608.6	90.06814101
608.7	91.70821749
608.8	94.74371623
608.9	99.4526412
609	105.35436162
609.1	105.87939764
609.2	102.07608714
609.3	97.54729875
609.4	86.35899472
609.5	72.7351919
609.6	60.83084559
609.7	51.91639766
609.8	51.17327337
609.9	60.84699388
610	70.39815547
610.1	80.04007658
610.2	83.739128
610.3	83.96182534
610.4	78.21576465
610.5	69.76172388
610.6	54.69991538
610.7	37.28537237
610.8	26.45874349
610.9	20.81786801
611	19.70902419
611.1	19.27207889
611.2	21.1937718
611.3	23.13764039
611.4	24.26347237
611.5	26.49795618
611.6	30.70354949
611.7	38.6987837
611.8	48.970163
611.9	59.64443529
612	69.72897193
612.1	77.46042092
612.2	85.69608194
612.3	91.56643543
612.4	94.46764474
612.5	95.67140226
612.6	101.62797491
612.7	105.86718583
612.8	108.53674199
612.9	108.63151632
613	105.04758994
613.1	99.52900991
613.2	94.45741544
613.3	93.8531011
613.4	91.46185928
613.5	89.12262249
613.6	86.97828409
613.7	87.15078483
613.8	90.1380745
613.9	93.93670774
614	96.25498584
614.1	96.25616991
614.2	93.85782291
614.3	89.7177052
614.4	85.32192691
614.5	84.48476999
614.6	85.94196944
614.7	86.80635643
614.8	86.38267074
614.9	85.2366373
615	86.96066572
615.1	91.01006869
615.2	92.0804657
615.3	92.76712408
615.4	95.27481026
615.5	97.8158036
615.6	98.36046077
615.7	96.75522841
615.8	96.40966837
615.9	97.55933918
616	98.67226204
616.1	97.86291086
616.2	97.86440739
616.3	97.21326946
616.4	96.25268337
616.5	98.27121989
616.6	100.98078294
616.7	104.98439449
616.8	108.22508192
616.9	110.9068348
617	116.30495663
617.1	120.04442702
617.2	120.80301156
617.3	120.4468075
617.4	123.86193229
617.5	127.65750264
617.6	129.40347538
617.7	126.75270009
617.8	127.57005864
617.9	127.704311
618	125.54192754
618.1	116.7012441
618.2	105.42283167
618.3	93.13191126
618.4	78.12119953
618.5	66.12194236
618.6	58.94138956
618.7	54.80556951
618.8	56.00663963
618.9	60.87347511
619	66.23483713
619.1	71.84915192
619.2	85.46975486
619.3	98.7244077
619.4	110.64669869
619.5	115.63959077
619.6	115.55458326
619.7	114.05156197
619.8	112.68720183
619.9	112.66043275
620	117.13305618
620.1	120.71324532
620.2	120.41879851
620.3	119.93977742
620.4	120.89196165
620.5	122.83021547
620.6	124.19696738
620.7	123.3818528
620.8	120.76525162
620.9	118.63127685
621	115.06624983
621.1	110.97127495
621.2	110.2787496
621.3	111.07841388
621.4	96.92343206
621.5	99.54502295
621.6	104.89622706
621.7	108.99487723
621.8	118.60899921
621.9	117.90460609
622	118.38592634
622.1	118.75906042
622.2	119.18469186
622.3	121.21113904
622.4	122.029576
622.5	118.20047687
622.6	115.53890903
622.7	114.01235782
622.8	112.88512474
622.9	110.34213249
623	107.41731332
623.1	105.00586773
623.2	104.84226952
623.3	106.95944818
623.4	107.05327309
623.5	105.06291641
623.6	104.75268346
623.7	103.45269365
623.8	102.26983764
623.9	102.81639164
624	105.12070034
624.1	109.06175024
624.2	112.37247412
624.3	113.05730913
624.4	112.6452078
624.5	112.18628439
624.6	113.13549056
624.7	113.96352215
624.8	114.45964762
624.9	113.92093075
625	113.46834701
625.1	116.88739079
625.2	120.59412414
625.3	122.71577538
625.4	122.72804446
625.5	122.79968692
625.6	122.13901914
625.7	118.09943505
625.8	108.47191102
625.9	97.42491426
626	85.44409069
626.1	71.51861072
626.2	53.83575972
626.3	47.62636261
626.4	44.74269972
626.5	46.44847454
626.6	51.81402158
626.7	55.20662446
626.8	55.21380063
626.9	52.33418477
627	48.17009908
627.1	44.69692359
627.2	43.44766232
627.3	43.39376891
627.4	42.77568002
627.5	42.93982978
627.6	43.15562052
627.7	41.69074841
627.8	39.37520729
627.9	36.43263874
628	32.82608526
628.1	29.19551086
628.2	24.69482714
628.3	22.44169551
628.4	21.27472543
628.5	21.66772838
628.6	21.78854606
628.7	21.91470289
628.8	21.49158546
628.9	19.68129631
629	19.93157292
629.1	20.10027443
629.2	20.01064716
629.3	19.63191997
629.4	19.73396142
629.5	20.44477929
629.6	21.51540572
629.7	22.72776694
629.8	23.77162651
629.9	25.33076775
630	27.80190053
630.1	30.68915353
630.2	32.90026772
630.3	35.83393672
630.4	39.98626702
630.5	42.79486845
630.6	44.54832576
630.7	43.06191962
630.8	39.2847533
630.9	32.1760499
631	27.99556665
631.1	27.06232224
631.2	30.63695777
631.3	33.99225037
631.4	36.68752974
631.5	38.36612371
631.6	39.10919172
631.7	37.33014316
631.8	38.77274994
631.9	42.87475571
632	47.77889732
632.1	56.54635166
632.2	60.02829891
632.3	59.45204912
632.4	55.86808492
632.5	52.30474334
632.6	47.59484002
632.7	45.0003349
632.8	44.07715919
632.9	43.06924876
633	43.30605697
633.1	44.57806652
633.2	48.47203617
633.3	51.426418
633.4	52.01746623
633.5	50.58224652
633.6	47.93947005
633.7	48.57548855
633.8	53.64550869
633.9	59.02660723
634	60.15248733
634.1	60.86992942
634.2	60.61721768
634.3	59.28919401
634.4	55.97933651
634.5	53.82861833
634.6	52.85346109
634.7	53.89890735
634.8	56.32050412
634.9	58.98421158
635	61.21935497
635.1	64.29763904
635.2	66.65575451
635.3	69.47637611
635.4	70.5408979
635.5	67.53899491
635.6	61.13209044
635.7	60.43945789
635.8	63.24426618
635.9	69.49501907
636	71.94523903
636.1	72.75260313
636.2	72.55243362
636.3	70.6467607
636.4	67.60240582
636.5	66.77593329
636.6	64.72746967
636.7	62.8893338
636.8	63.80102638
636.9	65.23379141
637	65.19039166
637.1	64.52658803
637.2	65.64149197
637.3	64.56714775
637.4	61.32955373
637.5	58.66470201
637.6	57.96562916
637.7	59.41009074
637.8	59.88894106
637.9	59.56354384
638	58.42311551
638.1	58.43398969
638.2	58.03094066
638.3	57.84971274
638.4	58.194347
638.5	59.8075814
638.6	62.92878727
638.7	67.38138685
638.8	70.41277172
638.9	72.12405083
639	72.25467022
639.1	73.39731521
639.2	76.26181257
639.3	78.67442775
639.4	80.26741498
639.5	81.46931264
639.6	84.2294352
639.7	86.70064629
639.8	86.57071729
639.9	83.84462418
640	79.80742884
640.1	75.11436032
640.2	70.44827782
640.3	67.80749079
640.4	67.86315846
640.5	68.82275041
640.6	70.3936541
640.7	70.6503483
640.8	70.3999436
640.9	70.98196649
641	71.58012227
641.1	70.91002374
641.2	67.67163311
641.3	63.76620449
641.4	59.35113094
641.5	56.83776938
641.6	58.73764959
641.7	63.87404197
641.8	67.71185711
641.9	70.32507454
642	70.37740893
642.1	71.35621144
642.2	70.38143131
642.3	67.23772014
642.4	64.63887235
642.5	64.83854813
642.6	68.63123463
642.7	74.46172545
642.8	77.15102095
642.9	77.31996671
643	76.17303103
643.1	77.31919381
643.2	77.50880283
643.3	79.40178926
643.4	81.26648482
643.5	82.85719271
643.6	84.22464848
643.7	82.77643311
643.8	81.81582906
643.9	80.6682431
644	79.67994841
644.1	78.93553053
644.2	79.82949458
644.3	81.26911207
644.4	83.66219887
644.5	86.56163672
644.6	88.43917298
644.7	90.24241457
644.8	92.47251702
644.9	94.87972624
645	95.10687724
645.1	94.07452805
645.2	93.79604098
645.3	93.99536902
645.4	93.46591508
645.5	92.92947571
645.6	89.12899364
645.7	85.22933871
645.8	81.93245162
645.9	75.45728423
646	72.28394543
646.1	69.63766834
646.2	69.77707309
646.3	72.23887079
646.4	74.69954059
646.5	76.11537712
646.6	80.67839646
646.7	85.65478867
646.8	89.14996753
646.9	93.21168672
647	95.07667812
647.1	96.53564663
647.2	99.05033183
647.3	102.11473469
647.4	102.71332964
647.5	101.47533244
647.6	101.10997732
647.7	102.64632877
647.8	105.13048863
647.9	108.43891949
648	111.63107914
648.1	116.82940784
648.2	124.48167449
648.3	132.87600915
648.4	139.66688161
648.5	142.05874313
648.6	141.01717776
648.7	138.97924355
648.8	138.49979245
648.9	135.86850418
649	133.80236365
649.1	130.03842082
649.2	122.30131413
649.3	115.38285766
649.4	110.42988443
649.5	109.32276545
649.6	109.94783715
649.7	113.85219647
649.8	118.371613
649.9	123.74271585
650	127.6673798
650.1	131.93190079
650.2	135.99006391
650.3	139.13841625
650.4	139.8734231
650.5	138.55239121
650.6	135.54216328
650.7	131.43329952
650.8	125.15764794
650.9	121.03641212
651	119.71527027
651.1	120.68348756
651.2	120.81757219
651.3	121.28884331
651.4	125.61951764
651.5	131.66517523
651.6	138.12022424
651.7	139.4782108
651.8	141.69541373
651.9	144.39050039
652	144.68228032
652.1	138.16101368
652.2	132.85493343
652.3	127.40061319
652.4	117.60719015
652.5	108.79639139
652.6	94.4154058
652.7	83.78132881
652.8	82.69503186
652.9	83.15008884
653	84.18363834
653.1	86.1362075
653.2	88.89444161
653.3	91.53717145
653.4	94.96935491
653.5	95.96731597
653.6	93.69630789
653.7	90.93992963
653.8	90.61995765
653.9	91.96752815
654	91.97625979
654.1	93.08432309
654.2	93.79661101
654.3	92.0903308
654.4	88.0381683
654.5	83.66655466
654.6	80.25419187
654.7	78.69396618
654.8	79.30873747
654.9	81.02800658
655	83.18695165
655.1	85.85654253
655.2	88.0017755
655.3	89.73947812
655.4	93.13004846
655.5	99.24881239
655.6	100.77191732
655.7	99.10524349
655.8	96.49035419
655.9	95.19329981
656	92.7786467
656.1	92.61405624
656.2	92.66550173
656.3	90.44833697
656.4	84.79028667
656.5	77.99749187
656.6	72.6215233
656.7	68.8651103
656.8	66.555788
656.9	64.48099709
657	63.77904513
657.1	63.6553246
657.2	68.27868556
657.3	74.22487964
657.4	81.30419838
657.5	86.14490138
657.6	86.25083855
657.7	80.96299937
657.8	74.58378126
657.9	64.96935832
658	54.89880618
658.1	44.65662712
658.2	37.05215448
658.3	31.49350094
658.4	27.93092248
658.5	26.47931519
658.6	25.88190405
658.7	24.49216493
658.8	19.25448273
658.9	5.92470714
659	0.33999182
659.1	0.21439455
659.2	0.17451502
659.3	0.16666098
659.4	0.17931652
659.5	0.19463301
659.6	0.20265117
659.7	0.21066932
659.8	0.21868748
659.9	0.22670563
660	0.23472379
660.1	0.24274194
660.2	0.2507601
660.3	0.25877825
660.4	0.26679641
660.5	0.27481456
660.6	0.28283272
660.7	0.29085087
660.8	0.29886903
660.9	0.30688718
661	0.31490534
661.1	0.32292349
661.2	0.33094165
661.3	0.33895981
661.4	0.34697796
661.5	0.35499612
661.6	0.36301427
661.7	0.37103243
661.8	0.37905058
661.9	0.38706874
662	0.39508689
662.1	0.40310505
662.2	0.41112703
662.3	0.41897266
662.4	0.4264292
662.5	0.43070499
662.6	0.42404962
662.7	0.43305829
662.8	0.66202468
662.9	2.71635882
663	11.0743093
663.1	31.22686687
663.2	35.21512151
663.3	38.35600508
663.4	40.58527289
663.5	41.27092954
663.6	42.47305101
663.7	44.3835217
663.8	44.69232734
663.9	44.96007534
664	45.17078879
664.1	45.61559402
664.2	46.24477128
664.3	46.44653965
664.4	45.63263004
664.5	44.81634299
664.6	43.9965647
664.7	44.05816123
664.8	45.52282786
664.9	45.25288663
665	44.42192483
665.1	43.90530716
665.2	41.07685738
665.3	40.86647973
665.4	43.19596222
665.5	43.22611089
665.6	43.17844139
665.7	42.90339474
665.8	41.99338799
665.9	42.11276944
666	41.94682039
666.1	42.32979758
666.2	44.0161895
666.3	45.47104281
666.4	44.51805679
666.5	42.60259178
666.6	41.44484358
666.7	42.23011438
666.8	42.45963054
666.9	40.94686768
667	40.81809184
667.1	41.12471096
667.2	41.70815786
667.3	44.40824004
667.4	45.38674713
667.5	44.6570034
667.6	45.05347502
667.7	45.19514318
667.8	44.82340721
667.9	43.54420659
668	43.08913116
668.1	42.81950702
668.2	42.55925563
668.3	42.72223806
668.4	44.60786719
668.5	46.22563449
668.6	45.8142167
668.7	45.039747
668.8	45.22076216
668.9	45.22861145
669	44.50688798
669.1	42.41849758
669.2	43.11272191
669.3	44.41463958
669.4	46.04825866
669.5	49.06109585
669.6	53.31161816
669.7	58.4490507
669.8	63.16424238
669.9	59.9886261
670	47.64022583
670.1	42.27703637
670.2	40.20311237
670.3	37.38994635
670.4	37.732957
670.5	39.95865305
670.6	40.54401818
670.7	41.42002839
670.8	41.1823105
670.9	40.7523508
671	41.1954691
671.1	42.64290847
671.2	43.5063952
671.3	43.49189165
671.4	43.48950591
671.5	43.52043897
671.6	43.46039929
671.7	42.00968832
671.8	41.10954118
671.9	40.76197991
672	41.07018688
672.1	41.36819532
672.2	42.77282214
672.3	43.81034486
672.4	42.8707655
672.5	43.93331023
672.6	45.37800952
672.7	44.8903629
672.8	43.92009206
672.9	41.48408399
673	39.96004453
673.1	40.05
