DEPT	GR
37.9	78.06728232
38	76.68205805
38.1	76.0883905
38.2	76.28250896
38.3	76.46927196
38.4	76.66212934
38.5	75.37016982
38.6	73.89184774
38.7	74.12617738
38.8	76.89245149
38.9	78.79967704
39	78.87798959
39.1	77.35484851
39.2	75.45231868
39.3	73.85106458
39.4	73.05857417
39.5	72.19259162
39.6	70.92559549
39.7	69.55835156
39.8	67.88578679
39.9	67.96764959
40	68.78812001
40.1	69.56597509
40.2	69.73672341
40.3	69.22105594
40.4	68.42513879
40.5	67.61063175
40.6	66.98114268
40.7	68.94445366
40.8	69.32231257
40.9	69.75903992
41	72.66776228
41.1	75.79461866
41.2	78.9066945
41.3	82.08999334
41.4	84.76431187
41.5	88.30693081
41.6	92.58302237
41.7	95.00848235
41.8	94.64805106
41.9	94.99048831
42	97.59939088
42.1	98.78748891
42.2	97.06549828
42.3	96.08614691
42.4	96.68888709
42.5	97.55024889
42.6	97.47814559
42.7	95.06834264
42.8	93.22531356
42.9	91.68976066
43	89.93031365
43.1	88.33074052
43.2	87.59797617
43.3	88.10398853
43.4	89.41518053
43.5	89.87102856
43.6	88.11221979
43.7	87.83115713
43.8	89.05906083
43.9	89.8288164
44	90.37053951
44.1	89.98144077
44.2	87.2775464
44.3	82.65054776
44.4	78.14166362
44.5	75.45938512
44.6	76.07537458
44.7	78.0431192
44.8	78.9363833
44.9	79.63532069
45	81.1134538
45.1	82.98906706
45.2	83.02825238
45.3	83.5198786
45.4	86.04807528
45.5	89.18398663
45.6	90.57952449
45.7	91.78264225
45.8	92.04159415
45.9	91.51214697
46	92.16919761
46.1	94.89283363
46.2	101.84938712
46.3	109.16057858
46.4	113.52300325
46.5	114.73098683
46.6	113.90352152
46.7	114.7399224
46.8	117.89847188
46.9	119.14116302
47	118.70685776
47.1	117.39345538
47.2	115.64990658
47.3	113.50548404
47.4	112.76300908
47.5	112.68810323
47.6	109.46309842
47.7	106.38443917
47.8	103.81618536
47.9	101.64118453
48	101.75133147
48.1	104.20694677
48.2	106.58606877
48.3	109.10596191
48.4	110.40549474
48.5	111.45249078
48.6	113.27756877
48.7	114.52865966
48.8	115.76097954
48.9	116.27602389
49	113.53332781
49.1	110.56230538
49.2	109.66308781
49.3	110.91969509
49.4	110.10120711
49.5	108.3762859
49.6	108.61691482
49.7	109.55462338
49.8	110.53256587
49.9	110.57063852
50	110.18429017
50.1	109.78790174
50.2	109.98248466
50.3	109.240114
50.4	107.55671976
50.5	105.60966636
50.6	104.38103225
50.7	101.74928252
50.8	100.1267413
50.9	99.73014273
51	99.57291534
51.1	99.65756492
51.2	101.37332114
51.3	103.90369662
51.4	106.78913905
51.5	109.25051648
51.6	109.75209981
51.7	109.733162
51.8	108.18167319
51.9	107.16554277
52	107.84745158
52.1	108.96370253
52.2	110.94035004
52.3	113.80351513
52.4	115.05887945
52.5	118.1906209
52.6	120.54745841
52.7	122.53919991
52.8	123.80542283
52.9	124.37145253
53	123.67512499
53.1	122.1845009
53.2	119.69918729
53.3	117.27521607
53.4	116.35057687
53.5	115.84431107
53.6	115.38832752
53.7	116.30000816
53.8	118.6557715
53.9	120.62216865
54	124.02027893
54.1	126.64063084
54.2	127.48089093
54.3	127.20973701
54.4	126.64870727
54.5	126.33542626
54.6	123.69162078
54.7	120.02824387
54.8	117.33998227
54.9	115.9985471
55	114.16344146
55.1	112.17412899
55.2	108.65612305
55.3	105.48940222
55.4	104.61884495
55.5	104.96462819
55.6	106.52636717
55.7	109.87264298
55.8	115.54280019
55.9	119.22504053
56	120.32274874
56.1	119.93250543
56.2	119.80974138
56.3	119.38021142
56.4	119.12811628
56.5	119.38537539
56.6	121.78274354
56.7	124.56641956
56.8	124.67288809
56.9	124.26545292
57	123.84658222
57.1	122.89060286
57.2	120.67725911
57.3	117.63805495
57.4	114.2434306
57.5	109.76712582
57.6	105.57497837
57.7	103.32916162
57.8	105.58668538
57.9	107.86445035
58	108.53980098
58.1	108.05645597
58.2	107.08890423
58.3	109.16692094
58.4	111.2651778
58.5	113.08117394
58.6	113.33748149
58.7	113.65500288
58.8	115.00631646
58.9	117.6263264
59	119.48027951
59.1	120.51964247
59.2	121.89257921
59.3	122.16116846
59.4	120.31428486
59.5	117.43206755
59.6	113.82919009
59.7	110.03296627
59.8	104.96218903
59.9	99.31084415
60	95.78167369
60.1	91.54199626
60.2	85.0045463
60.3	77.80795546
60.4	74.29471811
60.5	71.91897036
60.6	69.51619472
60.7	67.81154718
60.8	65.71442841
60.9	61.754965
61	58.65174554
61.1	58.53989342
61.2	59.12598062
61.3	59.67975954
61.4	61.39919985
61.5	63.60445003
61.6	64.56718611
61.7	64.59935434
61.8	65.01290581
61.9	64.82528491
62	63.91824619
62.1	63.00289872
62.2	62.38676969
62.3	63.62766904
62.4	65.63301449
62.5	68.11305917
62.6	69.86327939
62.7	70.1262007
62.8	69.08926987
62.9	68.75209727
63	68.61946047
63.1	68.94711711
63.2	70.10635547
63.3	70.54875335
63.4	69.50006928
63.5	67.49196921
63.6	65.60352172
63.7	64.15186172
63.8	62.13512983
63.9	60.6129883
64	60.93500312
64.1	61.63713276
64.2	61.6591897
64.3	61.30963752
64.4	60.54906636
64.5	59.45722195
64.6	58.24866691
64.7	55.73207692
64.8	54.44966239
64.9	54.71322758
65	55.79705986
65.1	56.89033028
65.2	56.71386213
65.3	57.09971162
65.4	58.81242083
65.5	57.9234067
65.6	56.05052885
65.7	53.90892836
65.8	51.91177729
65.9	49.46176132
66	47.57551812
66.1	47.88705151
66.2	49.75717228
66.3	50.91421345
66.4	53.11666782
66.5	55.75116195
66.6	57.45408377
66.7	58.80481117
66.8	60.84900471
66.9	63.48870661
67	64.32530504
67.1	64.41608113
67.2	63.45373691
67.3	62.07781528
67.4	61.02182873
67.5	60.4518578
67.6	60.18174294
67.7	59.06611501
67.8	56.91411509
67.9	55.49019868
68	54.34246615
68.1	54.05609906
68.2	55.16822137
68.3	55.76186419
68.4	55.6959803
68.5	56.1059209
68.6	55.84327611
68.7	55.36878696
68.8	56.16117515
68.9	58.46010794
69	59.7408443
69.1	61.26034512
69.2	62.08562989
69.3	61.47435193
69.4	61.82314403
69.5	61.05646166
69.6	59.90583604
69.7	59.12995996
69.8	58.66841908
69.9	58.5005702
70	59.32532582
70.1	60.28231431
70.2	61.5018178
70.3	60.0791883
70.4	57.06790832
70.5	55.89235518
70.6	57.13464419
70.7	58.83878335
70.8	59.43179112
70.9	61.91313359
71	64.14972993
71.1	67.06549869
71.2	69.30602834
71.3	70.42255661
71.4	69.31206005
71.5	68.76140611
71.6	66.95712014
71.7	64.78190143
71.8	64.00623785
71.9	62.79770667
72	61.8600367
72.1	61.06852944
72.2	59.87187557
72.3	59.20672572
72.4	61.71415104
72.5	64.69983882
72.6	68.93855066
72.7	73.67743108
72.8	75.84654522
72.9	77.49126915
73	77.47489288
73.1	76.5301134
73.2	75.73478463
73.3	76.15328153
73.4	77.68246447
73.5	80.5662296
73.6	84.51577176
73.7	88.15296851
73.8	91.54529431
73.9	93.33352305
74	94.15853244
74.1	93.98092188
74.2	94.02945682
74.3	94.39057146
74.4	93.4618094
74.5	92.94523413
74.6	93.22172577
74.7	92.74717965
74.8	93.13268809
74.9	93.52472041
75	93.57741911
75.1	93.69919307
75.2	93.66187822
75.3	92.88685824
75.4	92.81793774
75.5	94.78631234
75.6	96.72581975
75.7	98.42282657
75.8	99.06328403
75.9	98.31237061
76	97.81116067
76.1	97.84029981
76.2	95.90870258
76.3	93.54837429
76.4	91.92742344
76.5	91.36452737
76.6	93.15040376
76.7	97.11277236
76.8	100.13727058
76.9	100.83750097
77	100.2186914
77.1	99.27630949
77.2	99.49269005
77.3	99.87903084
77.4	100.64571069
77.5	100.85864277
77.6	99.20850332
77.7	98.08530611
77.8	97.53028165
77.9	97.27739966
78	97.6329051
78.1	98.35849092
78.2	99.29057379
78.3	99.8270808
78.4	99.08046283
78.5	100.0944515
78.6	104.40433829
78.7	108.90684027
78.8	110.66437763
78.9	109.42158588
79	107.67301741
79.1	105.65635691
79.2	105.08572279
79.3	104.28804768
79.4	104.38529794
79.5	103.44668754
79.6	104.60876692
79.7	106.71680703
79.8	106.86061054
79.9	106.23991896
80	104.91154217
80.1	103.58229233
80.2	101.8913393
80.3	101.8606954
80.4	103.6508021
80.5	105.41014745
80.6	107.27460226
80.7	107.47811815
80.8	105.53021959
80.9	104.98264513
81	106.43428674
81.1	108.37500049
81.2	109.27057699
81.3	109.85971254
81.4	110.46465871
81.5	110.92361428
81.6	111.07195588
81.7	109.35881432
81.8	106.26750312
81.9	102.75169005
82	100.91124251
82.1	102.72582766
82.2	104.98680548
82.3	106.96836941
82.4	105.98939752
82.5	104.97967233
82.6	104.38010489
82.7	105.82287633
82.8	108.52714041
82.9	108.9105031
83	106.96013583
83.1	104.44433237
83.2	102.73286501
83.3	101.27792665
83.4	100.40949322
83.5	100.57135486
83.6	100.82378375
83.7	100.64395009
83.8	99.94985069
83.9	101.48392387
84	102.76817685
84.1	101.98436008
84.2	100.91544002
84.3	100.29952508
84.4	99.61544471
84.5	98.75405791
84.6	97.9282004
84.7	98.34115104
84.8	96.81452262
84.9	95.61668734
85	95.31346372
85.1	94.87058699
85.2	94.45052796
85.3	96.43313971
85.4	97.65082221
85.5	98.45297901
85.6	99.04903599
85.7	100.56113114
85.8	103.69575218
85.9	105.16271599
86	104.76548624
86.1	101.71469489
86.2	98.42787372
86.3	95.56790597
86.4	94.52130917
86.5	95.27625929
86.6	96.75595239
86.7	98.13952343
86.8	98.62063005
86.9	96.83395743
87	94.25312013
87.1	93.146749
87.2	94.38298734
87.3	96.04084596
87.4	97.0908664
87.5	98.82311667
87.6	102.31859537
87.7	105.26506978
87.8	107.40250138
87.9	107.18602252
88	105.45872037
88.1	102.57127122
88.2	100.45258304
88.3	99.80606331
88.4	100.96234957
88.5	102.56548121
88.6	102.02257776
88.7	102.56218299
88.8	102.96518643
88.9	103.1019551
89	104.07569004
89.1	105.77109996
89.2	109.04044979
89.3	110.52171505
89.4	110.86888804
89.5	109.33182215
89.6	105.9740834
89.7	101.21599261
89.8	95.24699388
89.9	92.24508628
90	91.45825514
90.1	93.25340141
90.2	95.46700731
90.3	97.46913271
90.4	98.96947026
90.5	99.97101128
90.6	99.64437347
90.7	98.27492814
90.8	98.68534622
90.9	99.59724027
91	99.5377747
91.1	100.435685
91.2	99.93690379
91.3	97.27610661
91.4	95.16210379
91.5	95.22389581
91.6	97.57682621
91.7	100.75978884
91.8	102.73901677
91.9	102.94748982
92	102.78845145
92.1	102.81985194
92.2	103.22375161
92.3	101.91698488
92.4	100.42084174
92.5	99.83822405
92.6	99.82598418
92.7	100.23645993
92.8	99.62579735
92.9	98.51999018
93	97.73314045
93.1	95.28896584
93.2	95.8498129
93.3	96.60713584
93.4	97.06361859
93.5	96.86975003
93.6	95.68986188
93.7	94.52181069
93.8	94.11289706
93.9	94.67439993
94	96.40973395
94.1	99.50716485
94.2	100.41228901
94.3	99.03708157
94.4	98.78701982
94.5	99.86152033
94.6	99.68580667
94.7	97.80731582
94.8	97.13425549
94.9	98.72195565
95	99.60638034
95.1	99.65894556
95.2	98.27341788
95.3	97.51217295
95.4	97.60521536
95.5	100.40821502
95.6	104.09011496
95.7	104.8167622
95.8	103.59123106
95.9	101.8068313
96	100.61445327
96.1	98.73730397
96.2	96.40526494
96.3	94.37518554
96.4	90.70464044
96.5	87.73788796
96.6	87.98386653
96.7	89.17704885
96.8	89.12774292
96.9	90.09046989
97	92.32614741
97.1	96.11608793
97.2	98.15231009
97.3	100.11970957
97.4	101.28505127
97.5	101.79053425
97.6	101.56981579
97.7	100.96474784
97.8	100.25620048
97.9	99.65862017
98	97.80074533
98.1	96.27170073
98.2	95.34341692
98.3	95.48976974
98.4	97.30831867
98.5	98.28362807
98.6	99.0990528
98.7	101.88885778
98.8	104.7157578
98.9	106.83491106
99	107.76946656
99.1	105.82013088
99.2	105.33299006
99.3	106.67356062
99.4	106.80179596
99.5	106.1535926
99.6	106.85882655
99.7	108.07106474
99.8	107.49831901
99.9	105.22348266
100	103.28406726
100.1	101.14582599
100.2	98.54901504
100.3	96.60980774
100.4	97.07130032
100.5	98.46651507
100.6	98.93597296
100.7	99.66196586
100.8	101.82755069
100.9	103.95817411
101	104.5341051
101.1	104.39056283
101.2	104.20822429
101.3	102.60082655
101.4	100.37141383
101.5	98.05919995
101.6	97.09615195
101.7	97.23970299
101.8	97.68899189
101.9	97.44521021
102	96.75801109
102.1	95.83512575
102.2	95.28835712
102.3	95.70142519
102.4	96.82302913
102.5	97.84880155
102.6	98.80212031
102.7	99.0394026
102.8	99.49859048
102.9	100.16132423
103	101.38370312
103.1	103.0871175
103.2	104.106279
103.3	103.90887137
103.4	103.84785089
103.5	104.34087714
103.6	104.00994759
103.7	103.40052406
103.8	103.26661526
103.9	103.85401264
104	104.566259
104.1	104.37801258
104.2	103.48594362
104.3	103.53577166
104.4	104.15003481
104.5	103.87392359
104.6	103.004596
104.7	102.97348045
104.8	102.19973527
104.9	102.73219501
105	102.88464111
105.1	103.04456299
105.2	104.09626061
105.3	103.50704523
105.4	102.63140331
105.5	103.28526195
105.6	103.99734991
105.7	103.49388781
105.8	103.48303079
105.9	104.09341351
106	103.66248533
106.1	102.25938661
106.2	101.60362394
106.3	102.74616922
106.4	103.9524058
106.5	104.40171725
106.6	104.52470848
106.7	105.20642511
106.8	105.23503276
106.9	105.30873595
107	105.56760956
107.1	105.43806854
107.2	105.09053708
107.3	104.61945872
107.4	104.57938149
107.5	105.35729525
107.6	105.48857251
107.7	104.27637582
107.8	101.99127016
107.9	100.69478325
108	101.70051773
108.1	102.58255535
108.2	102.99113118
108.3	102.74313179
108.4	102.60413642
108.5	102.47165785
108.6	102.00175112
108.7	102.57675891
108.8	101.6448787
108.9	101.01060517
109	100.94321419
109.1	101.41436129
109.2	102.17928474
109.3	104.287427
109.4	105.94336059
109.5	108.09613483
109.6	108.08413327
109.7	109.09846606
109.8	110.28514716
109.9	109.15585156
110	106.68265579
110.1	103.47276111
110.2	101.2720843
110.3	101.04027469
110.4	100.04254744
110.5	99.80904977
110.6	100.25265049
110.7	101.08254998
110.8	103.18322587
110.9	105.37967047
111	107.15690768
111.1	107.70785094
111.2	107.51331314
111.3	106.61236753
111.4	104.76570717
111.5	103.75618568
111.6	103.7800102
111.7	102.38745767
111.8	101.17052903
111.9	101.20413917
112	100.74090154
112.1	99.54926811
112.2	98.60287245
112.3	98.30728527
112.4	98.64827983
112.5	97.58056396
112.6	97.56046348
112.7	98.35633602
112.8	99.31190918
112.9	101.50878823
113	104.34983807
113.1	105.33628503
113.2	104.56595791
113.3	104.92553125
113.4	105.3674966
113.5	107.53371193
113.6	108.16114816
113.7	108.15480916
113.8	106.46307689
113.9	104.65297317
114	103.71615854
114.1	102.52773925
114.2	100.74203069
114.3	100.94017214
114.4	102.32199195
114.5	103.19878353
114.6	102.51700346
114.7	101.78466197
114.8	101.26237546
114.9	101.17624808
115	100.69816863
115.1	100.40416735
115.2	100.03807925
115.3	101.17223182
115.4	103.05715224
115.5	103.98701066
115.6	102.67001551
115.7	99.97339738
115.8	95.65912802
115.9	92.83852393
116	92.78956684
116.1	95.52107735
116.2	96.94218052
116.3	98.32794118
116.4	100.35420745
116.5	101.56238421
116.6	103.08778236
116.7	103.46564199
116.8	103.85363813
116.9	104.05533196
117	103.34141444
117.1	102.12032285
117.2	100.86780958
117.3	100.26396432
117.4	101.68098208
117.5	102.44269551
117.6	101.62043922
117.7	101.04108315
117.8	101.43355926
117.9	101.10304629
118	100.55783569
118.1	101.08311512
118.2	100.47061143
118.3	98.92521206
118.4	98.31041783
118.5	98.61472295
118.6	100.44231234
118.7	103.04781956
118.8	104.75474389
118.9	105.33783725
119	105.54913016
119.1	104.43325813
119.2	102.30073294
119.3	101.32774204
119.4	100.04124434
119.5	98.76263924
119.6	98.8615516
119.7	98.06582176
119.8	97.68530566
119.9	99.59686205
120	100.88355167
120.1	101.37813359
120.2	101.63158457
120.3	102.55040138
120.4	102.25877837
120.5	101.45182758
120.6	100.42799126
120.7	99.60982947
120.8	100.0516571
120.9	101.51093386
121	101.80868308
121.1	101.03363389
121.2	101.41674842
121.3	100.28162872
121.4	100.379169
121.5	100.97353527
121.6	101.26250553
121.7	101.48389978
121.8	102.04838876
121.9	104.2688684
122	106.22522027
122.1	107.2858384
122.2	106.75262481
122.3	103.70911732
122.4	100.22699648
122.5	99.59041555
122.6	99.26659415
122.7	100.12283879
122.8	101.37641405
122.9	104.07626425
123	106.41117889
123.1	107.62833068
123.2	105.87171062
123.3	102.49846024
123.4	100.4961218
123.5	99.23001875
123.6	98.64879857
123.7	99.07802507
123.8	100.45010537
123.9	101.96913007
124	103.8603882
124.1	105.1898042
124.2	105.61324726
124.3	105.21405912
124.4	104.9489346
124.5	103.88750875
124.6	102.05739234
124.7	101.24516143
124.8	101.74892163
124.9	103.08807919
125	103.69665744
125.1	104.24014133
125.2	104.83346718
125.3	105.96613339
125.4	105.36282499
125.5	103.98001026
125.6	102.82230086
125.7	102.72291604
125.8	102.37817182
125.9	100.75572817
126	100.94307399
126.1	101.91647556
126.2	103.6939117
126.3	104.12226469
126.4	104.52667345
126.5	103.83944304
126.6	101.92766412
126.7	101.67224309
126.8	103.26831376
126.9	104.8652194
127	106.01376588
127.1	107.71738815
127.2	109.49410138
127.3	110.72633286
127.4	108.7126507
127.5	104.96490388
127.6	99.03839625
127.7	96.23985737
127.8	97.28685177
127.9	98.46052012
128	98.62277114
128.1	99.42025156
128.2	100.31548642
128.3	101.23785207
128.4	102.03909811
128.5	102.16662503
128.6	100.79887329
128.7	100.37938915
128.8	101.90139297
128.9	103.35708715
129	104.41012336
129.1	105.37962187
129.2	106.69823138
129.3	107.04611225
129.4	106.25967928
129.5	104.32816678
129.6	104.65110917
129.7	105.23825766
129.8	106.13067961
129.9	108.61877199
130	110.26125868
130.1	109.38505809
130.2	106.97209428
130.3	107.03399427
130.4	108.68578184
130.5	110.6075908
130.6	109.99398136
130.7	107.50211461
130.8	105.17171609
130.9	102.22338751
131	100.20233204
131.1	99.64665942
131.2	99.24191054
131.3	99.0623908
131.4	99.79731645
131.5	102.36882053
131.6	105.26762992
131.7	107.35530176
131.8	108.72263318
131.9	110.2453717
132	111.83545607
132.1	113.86559754
132.2	112.42021366
132.3	110.65150566
132.4	109.02099535
132.5	106.21968039
132.6	105.39500234
132.7	108.07739395
132.8	110.21626528
132.9	110.36874199
133	108.38454505
133.1	104.73400838
133.2	102.46908897
133.3	101.45490576
133.4	101.02066638
133.5	101.35098934
133.6	101.36137599
133.7	99.84897438
133.8	96.41344138
133.9	93.90736521
134	95.1663756
134.1	98.46853483
134.2	102.86897074
134.3	105.28701481
134.4	105.19363443
134.5	102.5158694
134.6	102.09317415
134.7	103.36090139
134.8	104.49715364
134.9	104.72170104
135	104.87811133
135.1	105.18204443
135.2	106.96626262
135.3	109.75624796
135.4	111.37021123
135.5	109.97935123
135.6	108.15892852
135.7	106.53103158
135.8	105.04399828
135.9	105.91244534
136	107.41129443
136.1	110.27965295
136.2	113.49373493
136.3	112.2585727
136.4	109.09565672
136.5	105.46884879
136.6	103.51523165
136.7	102.65039613
136.8	104.38592364
136.9	106.19125767
137	106.51759236
137.1	104.24756355
137.2	104.14648851
137.3	105.9777959
137.4	108.24042458
137.5	109.28971372
137.6	109.55307667
137.7	108.55512465
137.8	107.76514911
137.9	109.67950214
138	112.39529208
138.1	113.55909332
138.2	112.15240539
138.3	110.41503165
138.4	109.12595669
138.5	109.53041856
138.6	110.08741993
138.7	108.30760895
138.8	106.49631406
138.9	107.53646097
139	107.75480587
139.1	107.78389906
139.2	107.97859683
139.3	107.69676258
139.4	105.18297903
139.5	103.18733953
139.6	104.28296906
139.7	105.3549415
139.8	104.2796005
139.9	101.04446468
140	99.96725445
140.1	103.87054508
140.2	107.97082282
140.3	112.85443013
140.4	117.98365823
140.5	119.6674203
140.6	118.6295479
140.7	116.91720693
140.8	118.47907476
140.9	119.38859799
141	117.39117228
141.1	113.46300784
141.2	110.90816487
141.3	111.03970008
141.4	111.71711457
141.5	112.20177301
141.6	112.61590764
141.7	112.23366551
141.8	111.67779426
141.9	112.08265208
142	112.42381847
142.1	115.43588992
142.2	119.49545241
142.3	123.15882524
142.4	124.72662152
142.5	124.82321236
142.6	122.5250994
142.7	117.43914721
142.8	112.99863931
142.9	110.83704769
143	110.3956303
143.1	111.14043034
143.2	112.93554432
143.3	114.64718858
143.4	115.99488628
143.5	116.34108276
143.6	118.2658889
143.7	120.94262148
143.8	123.72784435
143.9	124.97756282
144	125.32817888
144.1	125.8074702
144.2	125.79229224
144.3	123.53485091
144.4	118.72236477
144.5	114.29677811
144.6	111.3293826
144.7	110.71275357
144.8	112.2894584
144.9	114.56288634
145	115.11846944
145.1	114.18783138
145.2	112.94000477
145.3	112.14388554
145.4	110.88108296
145.5	110.55721161
145.6	110.86711692
145.7	109.74851572
145.8	108.19832163
145.9	107.01384887
146	106.80315698
146.1	106.94593068
146.2	106.14238774
146.3	104.56735814
146.4	104.78430773
146.5	104.56851169
146.6	105.48011223
146.7	107.43526988
146.8	110.90480564
146.9	114.72353252
147	118.04082585
147.1	120.10560405
147.2	120.21443427
147.3	120.07517519
147.4	119.05842738
147.5	118.99416329
147.6	119.67792915
147.7	121.36726187
147.8	123.88419306
147.9	126.44109027
148	126.44965395
148.1	125.26240607
148.2	123.7875884
148.3	121.94306541
148.4	117.87787702
148.5	115.47462127
148.6	114.59942383
148.7	115.74851846
148.8	117.4735587
148.9	118.43789913
149	119.59520371
149.1	120.99049263
149.2	122.36913404
149.3	121.84416903
149.4	122.52067218
149.5	124.62581364
149.6	126.36260172
149.7	127.92321948
149.8	128.81286711
149.9	128.2070527
150	127.4892247
150.1	127.34896887
150.2	128.34715687
150.3	129.25676335
150.4	130.06389613
150.5	129.93166233
150.6	128.90172003
150.7	125.73046442
150.8	122.80809462
150.9	122.48325965
151	124.77338214
151.1	129.67713163
151.2	133.31781763
151.3	133.89158197
151.4	131.1178521
151.5	126.7673181
151.6	124.07192538
151.7	124.42209336
151.8	126.81352211
151.9	128.36101574
152	128.02883134
152.1	125.03558984
152.2	121.12993296
152.3	119.67596536
152.4	120.39108723
152.5	122.60696553
152.6	124.84046601
152.7	125.65468605
152.8	126.31107529
152.9	126.91285878
153	125.16465432
153.1	123.32476702
153.2	119.48327834
153.3	114.94266768
153.4	110.94599444
153.5	107.80262238
153.6	105.87421886
153.7	108.62544508
153.8	112.37547152
153.9	116.29345784
154	119.23795803
154.1	120.48147306
154.2	118.34119969
154.3	114.61973145
154.4	111.76248563
154.5	110.19551425
154.6	111.05342409
154.7	112.8933608
154.8	112.36999375
154.9	107.82778308
155	102.51531504
155.1	97.55210625
155.2	94.46851368
155.3	93.74697614
155.4	93.34670588
155.5	93.91747542
155.6	95.05476865
155.7	96.2973887
155.8	97.51319639
155.9	100.6929181
156	104.35894054
156.1	108.13465588
156.2	110.30594469
156.3	109.19853218
156.4	104.73704139
156.5	100.39438321
156.6	96.800451
156.7	92.35584927
156.8	86.80502578
156.9	82.44448682
157	81.30801797
157.1	81.64688434
157.2	81.59822644
157.3	82.21178587
157.4	83.83276791
157.5	85.49606323
157.6	88.21706822
157.7	90.99819736
157.8	93.31102848
157.9	94.74474533
158	95.2620318
158.1	95.71143426
158.2	94.50731277
158.3	94.8675144
158.4	95.36243218
158.5	97.15888481
158.6	100.34217542
158.7	104.28834125
158.8	106.75730829
158.9	105.18100852
159	102.42838431
159.1	99.31547846
159.2	94.9236874
159.3	92.47567168
159.4	91.29089417
159.5	89.8401195
159.6	89.03148665
159.7	88.02114056
159.8	89.25748027
159.9	90.58352178
160	91.52474228
160.1	92.73643653
160.2	95.31360284
160.3	98.52591485
160.4	102.84419995
160.5	106.88621672
160.6	111.73949635
160.7	115.9166096
160.8	119.62799073
160.9	119.94675234
161	115.65164335
161.1	110.97021329
161.2	107.39233143
161.3	104.25716101
161.4	101.57735365
161.5	99.92028869
161.6	98.94666417
161.7	99.02505105
161.8	99.22495519
161.9	97.55443758
162	94.70924637
162.1	89.3233065
162.2	87.81069617
162.3	88.1704528
162.4	89.77591321
162.5	91.27489138
162.6	92.7213836
162.7	93.92817187
162.8	94.22924426
162.9	95.761602
163	98.09544086
163.1	99.23986873
163.2	98.85348899
163.3	97.89797008
163.4	97.8549549
163.5	99.65257605
163.6	102.07812793
163.7	103.99738827
163.8	105.52630885
163.9	107.85864209
164	110.66766225
164.1	114.1034804
164.2	118.62783112
164.3	119.96678235
164.4	120.83436981
164.5	123.5069879
164.6	124.95004355
164.7	125.88506425
164.8	125.93216739
164.9	125.61733105
165	125.07953586
165.1	124.59700011
165.2	125.62875103
165.3	126.1376432
165.4	125.17194924
165.5	125.14404285
165.6	127.18525887
165.7	129.19234953
165.8	129.77411939
165.9	127.68711658
166	124.84169697
166.1	122.68944697
166.2	120.34913448
166.3	118.66936735
166.4	117.57566293
166.5	116.94451659
166.6	116.56636015
166.7	117.49990126
166.8	116.16127666
166.9	113.69939709
167	111.67224267
167.1	111.03327091
167.2	110.71788797
167.3	111.69401954
167.4	112.83121855
167.5	112.50941679
167.6	110.44101007
167.7	108.90873954
167.8	108.72730986
167.9	109.47870613
168	109.84431109
168.1	109.22754978
168.2	105.97201628
168.3	102.04051436
168.4	100.21700577
168.5	99.95641629
168.6	100.27122181
168.7	101.95994428
168.8	105.05577049
168.9	106.89232815
169	108.12574517
169.1	112.70674059
169.2	116.93250068
169.3	119.04212301
169.4	119.84242991
169.5	120.63157505
169.6	121.85004126
169.7	121.44236302
169.8	120.25630916
169.9	117.69065636
170	117.7909395
170.1	119.18564934
170.2	122.08914918
170.3	124.26006217
170.4	125.3233904
170.5	126.48508934
170.6	126.15874715
170.7	125.1576068
170.8	123.17726319
170.9	123.00301129
171	123.20086739
171.1	124.56901467
171.2	125.05054288
171.3	123.39314155
171.4	123.16668184
171.5	122.35306377
171.6	121.80640384
171.7	122.3300271
171.8	121.94346182
171.9	119.53155973
172	116.18833938
172.1	113.69556148
172.2	113.62398131
172.3	114.39929894
172.4	115.250956
172.5	116.6733786
172.6	117.87287534
172.7	118.67331292
172.8	118.65728446
172.9	119.19621591
173	118.77170171
173.1	117.41223307
173.2	115.47156904
173.3	113.71480638
173.4	111.31194187
173.5	108.45556951
173.6	108.12849475
173.7	110.99963331
173.8	113.37190674
173.9	115.36465396
174	115.91419623
174.1	114.79830928
174.2	113.47149299
174.3	112.96920926
174.4	109.22950101
174.5	106.21962629
174.6	105.55580443
174.7	106.94219991
174.8	108.71342504
174.9	108.77459926
175	107.1816232
175.1	105.51239542
175.2	103.93521231
175.3	102.25223615
175.4	101.90349632
175.5	102.8573783
175.6	104.99888618
175.7	105.99267917
175.8	105.46541743
175.9	104.65995503
176	102.54924504
176.1	102.59261839
176.2	102.97699305
176.3	103.68868125
176.4	104.58476765
176.5	104.80748928
176.6	103.44879487
176.7	103.33892151
176.8	104.1531959
176.9	104.0586763
177	105.355347
177.1	107.73952637
177.2	108.96456206
177.3	109.15680212
177.4	110.34187908
177.5	112.09404454
177.6	113.96990169
177.7	114.19324866
177.8	112.73759712
177.9	110.8034974
178	109.31496188
178.1	108.47380612
178.2	107.93929029
178.3	108.14730109
178.4	110.19945477
178.5	113.10788761
178.6	116.03068738
178.7	120.56367357
178.8	125.32307612
178.9	127.69792834
179	126.80989774
179.1	124.68628188
179.2	122.84703512
179.3	122.41387276
179.4	123.5012733
179.5	122.9525499
179.6	121.33608678
179.7	119.29490901
179.8	117.48542139
179.9	117.07962908
180	118.34577202
180.1	119.101762
180.2	119.39939386
180.3	119.05914144
180.4	117.87415881
180.5	117.07731376
180.6	117.04922828
180.7	117.86735134
180.8	117.81854207
180.9	118.38064372
181	120.47199001
181.1	123.05787185
181.2	122.78560169
181.3	122.29680579
181.4	123.97924596
181.5	126.35393087
181.6	125.70646958
181.7	123.93053532
181.8	122.75679242
181.9	122.79584197
182	122.9517444
182.1	123.27289727
182.2	122.54059573
182.3	120.63438289
182.4	119.70120557
182.5	119.42374852
182.6	118.87213298
182.7	117.12700156
182.8	115.67060411
182.9	116.80228178
183	119.39047968
183.1	121.23896933
183.2	121.08908711
183.3	117.88730128
183.4	113.36429633
183.5	110.53812847
183.6	110.33274043
183.7	112.39797489
183.8	114.19272478
183.9	115.09136416
184	114.43703531
184.1	112.71151157
184.2	111.90945323
184.3	112.66634147
184.4	114.47933091
184.5	114.92321287
184.6	115.87679622
184.7	117.09858026
184.8	118.8437814
184.9	119.05454391
185	119.08866546
185.1	119.21898498
185.2	119.42083792
185.3	119.11151094
185.4	119.2178047
185.5	119.45183876
185.6	120.45893181
185.7	121.45352646
185.8	119.29350684
185.9	116.53921918
186	116.24394213
186.1	114.95838378
186.2	113.63926538
186.3	113.52515038
186.4	113.63295813
186.5	112.34410561
186.6	111.61146428
186.7	113.13430705
186.8	115.94718292
186.9	118.27492547
187	119.63186831
187.1	120.19526974
187.2	119.20606593
187.3	117.29655477
187.4	114.55492784
187.5	114.99978343
187.6	115.71085893
187.7	116.51096579
187.8	116.04413558
187.9	115.69796362
188	115.25230824
188.1	113.47699343
188.2	112.56418746
188.3	112.3942399
188.4	113.45619933
188.5	115.84761666
188.6	115.88653868
188.7	114.60731961
188.8	115.32455948
188.9	118.83941436
189	122.84155992
189.1	126.16092514
189.2	125.90153857
189.3	121.32317681
189.4	115.90429054
189.5	113.53095797
189.6	112.96650398
189.7	113.89788836
189.8	115.48007101
189.9	116.36366698
190	115.76463371
190.1	114.4065276
190.2	113.04099297
190.3	114.06170085
190.4	115.4956397
190.5	115.83544927
190.6	115.54642828
190.7	115.23728408
190.8	116.99469754
190.9	118.67693515
191	118.05599263
191.1	117.65490227
191.2	117.80998568
191.3	117.46284963
191.4	115.5410204
191.5	113.30793085
191.6	111.25356563
191.7	111.47637718
191.8	114.35793012
191.9	118.81774694
192	120.62707843
192.1	120.53939762
192.2	119.64276674
192.3	118.60896835
192.4	116.29084044
192.5	113.63618911
192.6	111.32712568
192.7	110.98900906
192.8	114.55784598
192.9	118.5115974
193	122.60875797
193.1	125.60152708
193.2	125.3752576
193.3	125.94163364
193.4	125.69866154
193.5	122.23661398
193.6	117.21592298
193.7	116.36516078
193.8	115.92543361
193.9	112.90075583
194	112.03558244
194.1	112.71794826
194.2	115.39171217
194.3	118.84869584
194.4	120.45447324
194.5	120.05159398
194.6	120.02953507
194.7	119.3842101
194.8	117.57835424
194.9	115.63830059
195	115.03245684
195.1	116.02472313
195.2	116.85793555
195.3	117.82163884
195.4	117.79451535
195.5	114.23262223
195.6	111.33749374
195.7	110.32462656
195.8	110.42769814
195.9	111.49319292
196	112.84079251
196.1	113.29893464
196.2	112.72722649
196.3	111.32290276
196.4	112.00353595
196.5	114.28774274
196.6	115.68975281
196.7	115.00446104
196.8	113.69540732
196.9	112.74371667
197	111.21528577
197.1	111.83510187
197.2	114.04819646
197.3	115.44986417
197.4	114.25866622
197.5	110.49784052
197.6	105.05795214
197.7	101.21322887
197.8	99.33224098
197.9	98.30065437
198	99.59342286
198.1	102.24177475
198.2	104.86836904
198.3	106.60693069
198.4	107.2283931
198.5	106.75343484
198.6	107.51577676
198.7	108.6537957
198.8	109.78424247
198.9	110.83572112
199	111.60139662
199.1	111.74247119
199.2	112.27149238
199.3	114.07192935
199.4	116.38434273
199.5	119.78262254
199.6	121.78666045
199.7	121.48458186
199.8	117.64796688
199.9	113.0550237
200	109.63034507
200.1	108.06495223
200.2	107.91798686
200.3	108.41091175
200.4	108.13829321
200.5	107.14908296
200.6	105.57005363
200.7	104.2430237
200.8	102.67609957
200.9	104.02740266
201	104.43411309
201.1	103.12296177
201.2	102.38994292
201.3	102.32562083
201.4	101.43694357
201.5	100.94256584
201.6	103.23290231
201.7	106.28533551
201.8	110.317747
201.9	115.55158641
202	121.24907501
202.1	127.95012557
202.2	133.97252146
202.3	138.16790664
202.4	143.36320787
202.5	148.10690968
202.6	155.92525871
202.7	159.7756038
202.8	159.59168818
202.9	146.63036958
203	136.81034253
203.1	129.68133597
203.2	126.46662626
203.3	125.76311325
203.4	127.83411603
203.5	130.12077052
203.6	131.00261123
203.7	128.91802567
203.8	126.15488378
203.9	124.65395535
204	123.16727449
204.1	121.46342532
204.2	119.89316667
204.3	118.64773941
204.4	116.688901
204.5	116.11829948
204.6	117.99158885
204.7	119.96045981
204.8	120.21154835
204.9	120.0120406
205	119.15313015
205.1	117.59357737
205.2	116.85055991
205.3	117.76565666
205.4	119.065632
205.5	120.97205671
205.6	122.63354739
205.7	123.02901344
205.8	123.3441729
205.9	124.14690046
206	125.02651716
206.1	125.36120761
206.2	125.23753612
206.3	123.3372686
206.4	120.68678727
206.5	119.57539167
206.6	116.77520031
206.7	112.50892033
206.8	108.77998874
206.9	107.09440426
207	106.56665308
207.1	106.90535414
207.2	106.16771783
207.3	107.7091359
207.4	111.05760109
207.5	114.24652782
207.6	116.641715
207.7	118.87326706
207.8	122.44040912
207.9	125.03491308
208	126.62871917
208.1	127.72032696
208.2	127.25178321
208.3	124.44119189
208.4	120.46479276
208.5	118.96533077
208.6	121.39654209
208.7	124.40385211
208.8	126.12212448
208.9	126.98251591
209	128.03474715
209.1	128.23816166
209.2	124.86558307
209.3	120.82670922
209.4	117.88984987
209.5	118.2207225
209.6	119.39982745
209.7	120.29516397
209.8	121.64709099
209.9	122.79070831
210	122.83270534
210.1	122.18255298
210.2	122.53831818
210.3	123.26827643
210.4	123.04412798
210.5	124.40856826
210.6	127.83819883
210.7	129.24843647
210.8	129.63939158
210.9	131.09086114
211	130.31970831
211.1	129.83750013
211.2	132.17530409
211.3	136.38623055
211.4	139.21767624
211.5	138.63307432
211.6	137.03762962
211.7	136.65894269
211.8	135.58039547
211.9	134.46160236
212	132.68097652
212.1	127.97944487
212.2	124.01104989
212.3	123.78998154
212.4	123.76291749
212.5	124.15211818
212.6	124.32061577
212.7	122.33503735
212.8	120.24435646
212.9	119.27089086
213	118.05385941
213.1	115.89999238
213.2	116.23055751
213.3	118.30472819
213.4	120.52096343
213.5	121.37942512
213.6	121.85369868
213.7	122.28489441
213.8	122.38331144
213.9	122.01365928
214	121.46750917
214.1	120.58670145
214.2	118.42461857
214.3	118.00878824
214.4	119.18249802
214.5	120.3821172
214.6	121.9914497
214.7	121.610922
214.8	120.31669908
214.9	119.25206624
215	119.22822783
215.1	119.22895662
215.2	119.19493146
215.3	118.59945803
215.4	117.06400557
215.5	116.25572741
215.6	116.32475862
215.7	117.06129513
215.8	118.59125687
215.9	121.12796626
216	122.26031498
216.1	121.98762804
216.2	120.38279936
216.3	119.29923385
216.4	116.26452133
216.5	113.49134385
216.6	112.03877223
216.7	112.60343447
216.8	114.27805822
216.9	116.06800779
217	117.21720321
217.1	114.97620014
217.2	111.89274923
217.3	110.47643786
217.4	109.02790656
217.5	109.05098057
217.6	110.4282175
217.7	111.27006666
217.8	111.47735845
217.9	110.70069168
218	110.98291061
218.1	113.98913944
218.2	116.1523905
218.3	116.37408813
218.4	115.08837886
218.5	114.02009617
218.6	114.04800698
218.7	114.54846476
218.8	115.2508563
218.9	114.18291747
219	113.45262238
219.1	115.20946996
219.2	118.35584716
219.3	119.20394295
219.4	120.11125565
219.5	119.26390255
219.6	118.61764792
219.7	119.27121078
219.8	119.88842131
219.9	121.02824054
220	122.44094043
220.1	122.92330581
220.2	121.83131467
220.3	121.31732668
220.4	120.21147255
220.5	118.51058026
220.6	115.63482847
220.7	114.2472292
220.8	114.14289631
220.9	113.87451434
221	114.554564
221.1	117.10224911
221.2	120.46557979
221.3	122.02025688
221.4	121.79002981
221.5	121.42273719
221.6	122.61780474
221.7	125.0058125
221.8	126.60543507
221.9	126.78169365
222	127.31608613
222.1	129.97057029
222.2	133.57350321
222.3	134.63720905
222.4	133.3873444
222.5	130.7802082
222.6	129.32349512
222.7	126.62382781
222.8	122.9414638
222.9	119.81654326
223	119.35289734
223.1	123.41660181
223.2	123.06356623
223.3	120.7079066
223.4	120.74697254
223.5	122.1546646
223.6	124.18182376
223.7	125.57049114
223.8	125.98633938
223.9	125.42443547
224	124.42719287
224.1	125.23334195
224.2	125.87861456
224.3	127.55167557
224.4	129.65501495
224.5	129.29755338
224.6	127.15950122
224.7	126.52608072
224.8	126.37691167
224.9	125.22770139
225	125.16212998
225.1	125.16218836
225.2	125.34524149
225.3	125.21948396
225.4	123.79970555
225.5	122.7320634
225.6	121.43183172
225.7	121.43726899
225.8	122.63771997
225.9	122.46647487
226	122.58071858
226.1	124.91145975
226.2	128.36151301
226.3	132.27627463
226.4	135.74709661
226.5	136.25493236
226.6	135.22701769
226.7	135.88259126
226.8	137.04843402
226.9	135.75104484
227	132.11166579
227.1	127.9663714
227.2	123.98209586
227.3	122.28736218
227.4	122.57907569
227.5	123.39188687
227.6	123.21715204
227.7	124.5450608
227.8	125.74267574
227.9	126.94587525
228	126.68844024
228.1	124.16156794
228.2	122.34058249
228.3	119.46541823
228.4	115.74227866
228.5	114.93071743
228.6	115.87257892
228.7	117.92721233
228.8	120.94421463
228.9	124.06959784
229	125.46862506
229.1	125.08425759
229.2	123.80125509
229.3	124.384037
229.4	125.91670582
229.5	125.71899047
229.6	123.91759024
229.7	121.81465322
229.8	120.69619627
229.9	122.40661168
230	125.89679927
230.1	130.68416074
230.2	134.77769706
230.3	134.08356428
230.4	132.49185282
230.5	132.79117859
230.6	132.51870661
230.7	129.66575694
230.8	125.067262
230.9	121.25153353
231	119.40642981
231.1	120.53428733
231.2	122.95955718
231.3	125.11139373
231.4	126.92703228
231.5	125.75185076
231.6	122.03706344
231.7	120.14318926
231.8	118.83724366
231.9	115.90214199
232	113.11531917
232.1	110.15664945
232.2	109.12807344
232.3	108.80878746
232.4	106.84072206
232.5	106.15360324
232.6	107.24920964
232.7	109.64858456
232.8	111.24337172
232.9	112.61732055
233	113.66650819
233.1	116.28981767
233.2	119.03825532
233.3	121.87692111
233.4	126.46815116
233.5	130.6757506
233.6	132.66978874
233.7	131.2990422
233.8	128.68042228
233.9	126.07803799
234	125.05548874
234.1	123.76187848
234.2	120.90627174
234.3	117.79111962
234.4	114.08985884
234.5	113.3072588
234.6	114.27008129
234.7	115.66138768
234.8	116.19362907
234.9	115.48941794
235	116.20245898
235.1	117.657063
235.2	120.78356433
235.3	124.40847303
235.4	127.89417548
235.5	129.71328203
235.6	133.15778538
235.7	133.6373452
235.8	130.96337579
235.9	128.027668
236	125.45736809
236.1	122.91039316
236.2	120.69765068
236.3	119.4352684
236.4	119.04391058
236.5	119.66927064
236.6	120.21050222
236.7	120.03186084
236.8	121.47254112
236.9	122.76974222
237	121.66849798
237.1	119.37788041
237.2	117.58560102
237.3	115.7996941
237.4	111.8931599
237.5	108.36856189
237.6	106.03806819
237.7	104.29966276
237.8	101.88399057
237.9	99.59170923
238	100.03682488
238.1	104.09679569
238.2	110.86798543
238.3	116.67981417
238.4	120.63188885
238.5	122.18409639
238.6	121.5644203
238.7	119.06987382
238.8	115.78996817
238.9	115.40335305
239	120.14910576
239.1	127.37089239
239.2	129.34731694
239.3	126.5959717
239.4	122.93185515
239.5	121.14993099
239.6	120.0417997
239.7	118.94671179
239.8	117.43589605
239.9	117.72697544
240	119.48148685
240.1	121.00296255
240.2	124.84269973
240.3	128.7777647
240.4	132.21610398
240.5	135.4642278
240.6	139.40884708
240.7	141.93220665
240.8	141.60761029
240.9	139.19556743
241	135.51636605
241.1	131.30878362
241.2	128.27275661
241.3	126.55584025
241.4	124.34701156
241.5	121.7354894
241.6	118.75482543
241.7	118.52684421
241.8	121.66021803
241.9	126.00251649
242	128.59469982
242.1	130.3715061
242.2	130.54533356
242.3	131.86240503
242.4	135.16693403
242.5	135.75862743
242.6	135.04457451
242.7	133.5472163
242.8	131.22406767
242.9	129.49681963
243	129.51395488
243.1	127.86411396
243.2	123.52095672
243.3	119.69693474
243.4	119.18990491
243.5	121.5790935
243.6	125.60837656
243.7	128.81893379
243.8	129.21079371
243.9	126.59118573
244	122.5670443
244.1	115.41506655
244.2	110.60799823
244.3	109.53799312
244.4	112.1968515
244.5	115.33022111
244.6	115.44685937
244.7	111.00158446
244.8	110.05832176
244.9	113.21792136
245	118.71659715
245.1	124.23051236
245.2	127.14400451
245.3	124.6188574
245.4	117.15462564
245.5	111.1213928
245.6	109.60101888
245.7	110.51251441
245.8	112.80207147
245.9	113.64618248
246	113.87248898
246.1	115.33989497
246.2	119.30214542
246.3	122.17473793
246.4	121.43257001
246.5	121.23151382
246.6	121.99979772
246.7	122.00208309
246.8	123.41530902
246.9	125.37047398
247	126.45090052
247.1	126.59870747
247.2	125.92249541
247.3	124.76566988
247.4	124.16487687
247.5	122.66970091
247.6	120.02900862
247.7	119.00629677
247.8	120.2978148
247.9	124.02998067
248	126.86953927
248.1	128.69418611
248.2	128.36134226
248.3	129.04281801
248.4	128.3446185
248.5	126.21592094
248.6	123.82911722
248.7	119.85667821
248.8	115.4959998
248.9	111.19695425
249	106.91114777
249.1	103.51459043
249.2	102.15221862
249.3	103.64958653
249.4	104.796795
249.5	104.68591
249.6	106.09917213
249.7	108.3900463
249.8	109.13716287
249.9	110.72211873
250	112.52753534
250.1	114.10734611
250.2	115.6591362
250.3	119.13221289
250.4	122.59277453
250.5	123.94258383
250.6	125.82603123
250.7	126.62127487
250.8	127.02007899
250.9	129.96636969
251	133.38565016
251.1	137.62034384
251.2	140.4682618
251.3	140.19699809
251.4	133.15186989
251.5	128.04778219
251.6	126.64333554
251.7	126.90285631
251.8	123.54956955
251.9	117.90470161
252	111.66877846
252.1	110.96257655
252.2	113.16548802
252.3	115.40020728
252.4	118.96477743
252.5	121.51919106
252.6	122.09394254
252.7	118.77408681
252.8	115.90097776
252.9	113.34263995
253	111.92925521
253.1	113.44740235
253.2	114.48576297
253.3	115.17434595
253.4	115.59295549
253.5	115.84385973
253.6	114.70613348
253.7	114.82499893
253.8	117.76790848
253.9	122.10948956
254	124.77908119
254.1	124.92086302
254.2	123.84790462
254.3	123.80267728
254.4	124.30240196
254.5	125.3316447
254.6	127.87786113
254.7	131.26237292
254.8	132.67723477
254.9	130.57867812
255	126.16585452
255.1	121.30357462
255.2	119.3040842
255.3	117.6758867
255.4	116.52352359
255.5	117.03074101
255.6	118.82059762
255.7	119.73730622
255.8	119.04243808
255.9	117.73507579
256	117.97587305
256.1	119.81875694
256.2	122.38569882
256.3	123.75109956
256.4	123.02134095
256.5	121.25103776
256.6	122.37319005
256.7	125.56017931
256.8	128.63777077
256.9	130.23380773
257	129.63512744
257.1	128.94082478
257.2	129.7315569
257.3	130.90496585
257.4	130.17953511
257.5	128.17919897
257.6	124.77852059
257.7	121.06454777
257.8	119.14406877
257.9	117.78072009
258	115.25876642
258.1	112.59767496
258.2	111.54147383
258.3	111.10157892
258.4	110.11410618
258.5	109.56063749
258.6	109.95098898
258.7	110.47641922
258.8	114.09571401
258.9	116.7460036
259	116.13617731
259.1	114.03004392
259.2	112.37981431
259.3	111.43846185
259.4	111.92431646
259.5	114.9783477
259.6	120.13830289
259.7	124.37224069
259.8	125.19905068
259.9	125.14105861
260	123.94290598
260.1	121.62234631
260.2	119.40254107
260.3	119.39321845
260.4	122.74919828
260.5	127.1049219
260.6	132.65828782
260.7	136.8403758
260.8	138.29623404
260.9	135.22196154
261	129.53434733
261.1	123.14580065
261.2	117.3097206
261.3	116.07810005
261.4	116.03660714
261.5	114.50804109
261.6	114.87601642
261.7	117.47902944
261.8	120.6463681
261.9	124.25092076
262	124.44544727
262.1	121.54398845
262.2	118.50448033
262.3	115.56903089
262.4	113.92780573
262.5	114.48433839
262.6	117.04056229
262.7	118.9531278
262.8	119.45111573
262.9	118.38516785
263	114.96709612
263.1	111.09356071
263.2	109.46536708
263.3	109.90136475
263.4	108.98338525
263.5	108.19677389
263.6	109.85770192
263.7	112.21545635
263.8	113.38098576
263.9	114.1358863
264	116.0576431
264.1	118.81314923
264.2	119.20523111
264.3	117.71416215
264.4	114.81576004
264.5	111.75186357
264.6	109.73963414
264.7	109.75441662
264.8	110.93073398
264.9	111.31428514
265	109.78666447
265.1	107.84733008
265.2	107.31889736
265.3	110.38008298
265.4	113.55607838
265.5	114.85841081
265.6	114.56334936
265.7	113.75075289
265.8	111.91751832
265.9	110.2367691
266	111.98926153
266.1	115.44645165
266.2	118.28914835
266.3	119.56241336
266.4	119.04734368
266.5	115.88909045
266.6	112.08924293
266.7	106.49486584
266.8	103.97683019
266.9	103.97074471
267	108.04916518
267.1	111.25803647
267.2	111.6739193
267.3	108.27917281
267.4	105.56629458
267.5	105.37878185
267.6	106.14555067
267.7	106.12169302
267.8	105.136589
267.9	103.79258348
268	103.24532201
268.1	104.99164761
268.2	107.97875092
268.3	110.27861841
268.4	109.49300464
268.5	109.37190223
268.6	110.11838917
268.7	110.50657514
268.8	110.17475871
268.9	110.32497224
269	112.76150962
269.1	114.52040266
269.2	114.09647228
269.3	111.79894801
269.4	108.859676
269.5	108.80733263
269.6	111.55734487
269.7	114.2116979
269.8	115.38321415
269.9	116.21577867
270	115.30549062
270.1	113.26998294
270.2	110.1080758
270.3	107.5665209
270.4	105.71098535
270.5	105.45407029
270.6	105.76388797
270.7	105.67809731
270.8	105.90631242
270.9	106.26925989
271	104.79516898
271.1	103.44679175
271.2	102.80346823
271.3	106.30308554
271.4	110.19465628
271.5	112.92864113
271.6	116.560047
271.7	118.00621408
271.8	114.37909073
271.9	109.38690854
272	104.30203124
272.1	99.48308052
272.2	99.05753165
272.3	100.14973014
272.4	98.57604501
272.5	98.51572062
272.6	102.42879387
272.7	105.36851554
272.8	110.18198165
272.9	114.52492521
273	116.93375728
273.1	118.633944
273.2	117.44932239
273.3	114.37315164
273.4	111.87968235
273.5	112.64471472
273.6	114.416814
273.7	115.0847491
273.8	114.86261986
273.9	115.49631749
274	114.89917508
274.1	112.04003931
274.2	109.90251087
274.3	109.31847065
274.4	109.9214371
274.5	109.95624549
274.6	109.53130273
274.7	110.37480838
274.8	111.3672318
274.9	111.53871151
275	110.40614804
275.1	109.21196717
275.2	108.76904793
275.3	110.52151829
275.4	112.81686307
275.5	113.32499878
275.6	112.17652211
275.7	111.71775371
275.8	114.00491355
275.9	115.0788466
276	117.3347729
276.1	119.32564392
276.2	121.33870683
276.3	121.96791097
276.4	118.65419786
276.5	115.75819908
276.6	111.55433149
276.7	108.94292428
276.8	108.10847266
276.9	108.95203588
277	110.76652623
277.1	111.76770494
277.2	108.97468823
277.3	107.96662786
277.4	108.50569462
277.5	110.17543801
277.6	111.89885722
277.7	111.18349786
277.8	109.91766536
277.9	111.57460486
278	113.33403159
278.1	113.65615052
278.2	112.56573942
278.3	110.03523175
278.4	106.52435841
278.5	104.97123402
278.6	105.20737459
278.7	105.18023527
278.8	105.17795186
278.9	106.05668791
279	108.89023306
279.1	111.67388062
279.2	114.82283353
279.3	116.58423505
279.4	116.61473052
279.5	116.02814449
279.6	115.67963561
279.7	116.07982642
279.8	116.0294111
279.9	114.46646763
280	111.39373438
280.1	107.32212033
280.2	105.3980807
280.3	107.19933624
280.4	110.03412318
280.5	112.35130817
280.6	114.32794807
280.7	115.64729055
280.8	115.37707592
280.9	113.2820471
281	111.57041393
281.1	110.70677315
281.2	108.79487559
281.3	108.13124258
281.4	109.19290902
281.5	111.91238227
281.6	114.13744913
281.7	114.2080155
281.8	111.11244307
281.9	108.24136162
282	105.81903908
282.1	104.95893796
282.2	105.50055585
282.3	106.95996027
282.4	106.76201754
282.5	106.77834188
282.6	108.57344631
282.7	110.01336198
282.8	110.56304905
282.9	111.48262962
283	112.38804082
283.1	113.62819517
283.2	116.08478676
283.3	120.66743602
283.4	127.08485479
283.5	133.15812842
283.6	135.65422005
283.7	130.96642818
283.8	119.29584926
283.9	105.04951649
284	97.06511119
284.1	89.74871544
284.2	84.05548231
284.3	81.70093228
284.4	80.17514656
284.5	79.84841399
284.6	79.51673432
284.7	78.83414449
284.8	75.22347128
284.9	69.52197553
285	63.63850089
285.1	57.07631383
285.2	50.99312216
285.3	48.58326828
285.4	48.79118632
285.5	50.91497625
285.6	54.55176341
285.7	58.83065694
285.8	63.01272587
285.9	69.01446861
286	76.64909914
286.1	84.1914941
286.2	93.1383256
286.3	101.69364579
286.4	107.0560495
286.5	109.62259175
286.6	112.84926566
286.7	114.25202539
286.8	113.21080919
286.9	111.21101007
287	108.64791
287.1	105.64173214
287.2	103.29813215
287.3	103.02385969
287.4	106.87837597
287.5	110.11369626
287.6	110.3647118
287.7	110.50575857
287.8	110.5068511
287.9	110.75246232
288	112.56210065
288.1	115.83571943
288.2	118.81269863
288.3	121.82565538
288.4	126.30530755
288.5	128.70233673
288.6	127.31653247
288.7	124.06228675
288.8	121.11072683
288.9	120.04010342
289	119.60560211
289.1	118.22919685
289.2	115.48172056
289.3	113.05632236
289.4	113.52738723
289.5	115.42118328
289.6	117.07178212
289.7	119.2072908
289.8	120.79232406
289.9	121.41788225
290	119.4261735
290.1	116.18695279
290.2	111.70286659
290.3	110.7987295
290.4	111.41039056
290.5	112.60168322
290.6	113.7915601
290.7	114.99730071
290.8	116.21179039
290.9	116.22308269
291	115.64308926
291.1	115.79523869
291.2	116.87757384
291.3	118.06590017
291.4	117.14274821
291.5	114.73984964
291.6	112.03426926
291.7	111.80666114
291.8	114.25460827
291.9	117.44373095
292	119.62679393
292.1	121.58495529
292.2	123.73046582
292.3	124.67986401
292.4	125.76896227
292.5	127.3610644
292.6	129.3250766
292.7	129.44689649
292.8	127.82481165
292.9	126.77600276
293	127.05588461
293.1	127.03634201
293.2	124.76803191
293.3	122.60902989
293.4	121.61460441
293.5	120.15054577
293.6	120.08499575
293.7	121.4665902
293.8	123.60281484
293.9	126.33373693
294	127.90428933
294.1	126.627992
294.2	123.08398186
294.3	120.31167761
294.4	118.8233702
294.5	118.67502298
294.6	119.79338917
294.7	119.46103383
294.8	118.06260681
294.9	116.59094515
295	116.4050426
295.1	116.40471424
295.2	115.05057054
295.3	115.06287136
295.4	116.0571919
295.5	115.66385742
295.6	114.27762413
295.7	114.53051397
295.8	116.23536487
295.9	118.28303183
296	121.19714696
296.1	124.48907656
296.2	125.57486983
296.3	124.51974771
296.4	123.48754676
296.5	122.27638785
296.6	121.20100357
296.7	120.6525223
296.8	119.95041513
296.9	119.85328743
297	121.98401777
297.1	124.09429167
297.2	123.58621375
297.3	124.34307033
297.4	127.15144375
297.5	128.27939771
297.6	127.8917832
297.7	126.48369784
297.8	123.94155864
297.9	120.67547033
298	117.96566258
298.1	116.09118696
298.2	117.59985288
298.3	123.00348919
298.4	127.6224439
298.5	128.25649482
298.6	127.75780678
298.7	124.90961771
298.8	119.07174772
298.9	113.5330343
299	111.56169552
299.1	110.60115471
299.2	112.52586264
299.3	115.6604812
299.4	118.7915362
299.5	118.92035567
299.6	117.4685131
299.7	118.74514132
299.8	121.42682022
299.9	122.33191891
300	121.4885331
300.1	120.53566073
300.2	120.22944625
300.3	120.19869893
300.4	120.39511452
300.5	120.02041826
300.6	119.20854803
300.7	118.82324201
300.8	119.03514021
300.9	119.83697322
301	120.11906358
301.1	120.00966513
301.2	121.94283571
301.3	124.65441154
301.4	123.870189
301.5	122.27073621
301.6	120.02693649
301.7	118.24375916
301.8	116.68046013
301.9	114.21070313
302	111.42054646
302.1	111.58803589
302.2	114.68755266
302.3	118.11515433
302.4	119.49759023
302.5	118.32256336
302.6	117.04062275
302.7	117.64833129
302.8	117.39444108
302.9	114.98056768
303	113.04532384
303.1	114.82203347
303.2	119.44258638
303.3	122.01212941
303.4	122.93952978
303.5	122.95403318
303.6	121.22724353
303.7	117.7610068
303.8	116.68053201
303.9	117.4891288
304	116.94514206
304.1	115.77928087
304.2	116.2224823
304.3	119.2289465
304.4	122.20500978
304.5	123.17555122
304.6	123.63085996
304.7	122.82203345
304.8	122.08530819
304.9	122.49295068
305	122.92361794
305.1	122.79869797
305.2	122.74960572
305.3	124.11924036
305.4	123.81743628
305.5	122.60423322
305.6	123.08055423
305.7	126.17471712
305.8	129.16293741
305.9	129.54356982
306	127.10044811
306.1	123.9288353
306.2	121.0354447
306.3	119.37504887
306.4	119.24644512
306.5	121.26108132
306.6	125.47702367
306.7	128.51972268
306.8	127.67800333
306.9	124.88941985
307	121.8504394
307.1	118.14580337
307.2	115.05692873
307.3	114.60498865
307.4	116.3102212
307.5	118.93837018
307.6	119.72915365
307.7	119.63380259
307.8	118.27496994
307.9	118.3411533
308	122.67581737
308.1	125.59990956
308.2	126.8050459
308.3	126.94181857
308.4	126.76119957
308.5	125.09538446
308.6	124.76113132
308.7	124.04461094
308.8	122.1593148
308.9	120.59282995
309	121.82613753
309.1	124.13550191
309.2	123.43999798
309.3	121.96517084
309.4	120.55485913
309.5	120.20126827
309.6	119.61621679
309.7	119.29786964
309.8	118.93737112
309.9	115.48891629
310	110.96437724
310.1	107.56513489
310.2	107.77897094
310.3	111.24225357
310.4	116.15719364
310.5	119.26776241
310.6	120.41665877
310.7	120.40474739
310.8	120.62994786
310.9	120.01583765
311	119.82212383
311.1	120.51282635
311.2	120.65993378
311.3	120.71034879
311.4	123.00921605
311.5	126.00663331
311.6	130.87789953
311.7	134.90501343
311.8	135.85521636
311.9	132.44670373
312	127.66292031
312.1	125.05051696
312.2	123.18576205
312.3	121.1749819
312.4	120.1714222
312.5	119.19454116
312.6	117.3807612
312.7	116.28965765
312.8	115.31379283
312.9	113.23933428
313	111.50283955
313.1	112.99339173
313.2	114.84208417
313.3	116.50769056
313.4	118.47430982
313.5	119.33419842
313.6	119.91414533
313.7	120.2756469
313.8	121.90775986
313.9	122.35294916
314	121.61936332
314.1	120.32315254
314.2	119.80592398
314.3	120.01700949
314.4	119.61462562
314.5	116.9268849
314.6	113.73797701
314.7	111.02635784
314.8	110.10536243
314.9	111.27298885
315	113.98760986
315.1	117.63954644
315.2	121.43448046
315.3	122.75554307
315.4	124.32798139
315.5	125.56599651
315.6	125.61209967
315.7	125.14835014
315.8	123.94054695
315.9	122.22506545
316	121.36086794
316.1	121.21195488
316.2	121.26705377
316.3	124.19590132
316.4	126.58284267
316.5	126.99088714
316.6	129.07091041
316.7	134.1873992
316.8	137.22558191
316.9	139.60891292
317	140.30631325
317.1	141.69494085
317.2	142.80271181
317.3	142.20474377
317.4	138.77148803
317.5	133.86318673
317.6	131.26625163
317.7	129.81957972
317.8	129.28145368
317.9	128.26093379
318	127.46231956
318.1	127.34930235
318.2	127.06845277
318.3	125.40796631
318.4	123.64506792
318.5	122.94322431
318.6	120.63291939
318.7	120.29648402
318.8	121.74984975
318.9	124.09772238
319	124.94232073
319.1	123.46418159
319.2	120.46045215
319.3	119.07828982
319.4	117.74308414
319.5	117.90856126
319.6	118.80584141
319.7	120.55530747
319.8	123.41854479
319.9	124.36580993
320	124.83584815
320.1	124.36026476
320.2	122.71660224
320.3	121.83304844
320.4	122.22226697
320.5	122.90199261
320.6	124.30634268
320.7	125.8467843
320.8	124.54144814
320.9	122.65435261
321	120.93501486
321.1	121.8288091
321.2	124.62805936
321.3	127.65844159
321.4	129.5381212
321.5	130.56588781
321.6	129.81191284
321.7	128.05685543
321.8	125.35939815
321.9	124.30740807
322	124.65668067
322.1	123.94513852
322.2	122.827838
322.3	122.77366366
322.4	122.03120174
322.5	121.43032963
322.6	123.37014058
322.7	125.16888923
322.8	126.95093026
322.9	129.16735971
323	130.54753109
323.1	130.07276824
323.2	127.05286535
323.3	124.71444484
323.4	126.26967872
323.5	128.4802776
323.6	128.63087657
323.7	127.01181092
323.8	126.14126221
323.9	125.89364955
324	124.0212618
324.1	121.87929478
324.2	122.45559723
324.3	125.65062384
324.4	126.50546574
324.5	127.31222182
324.6	127.89690179
324.7	128.0487313
324.8	127.4002639
324.9	125.40557351
325	122.61349908
325.1	121.89481997
325.2	122.43650927
325.3	122.98405968
325.4	123.20179487
325.5	121.70687112
325.6	120.2038542
325.7	120.47743897
325.8	122.58358171
325.9	123.60964581
326	122.10712388
326.1	121.78944242
326.2	127.57816583
326.3	131.67487793
326.4	131.70000156
326.5	130.61735667
326.6	129.68759624
326.7	129.73942026
326.8	128.41376594
326.9	125.07195025
327	121.61333956
327.1	119.07383761
327.2	117.09546071
327.3	117.24643828
327.4	117.30149244
327.5	115.89011973
327.6	113.14555494
327.7	111.01629025
327.8	112.02284541
327.9	115.92068676
328	118.38486716
328.1	117.23161467
328.2	113.96038577
328.3	111.61693984
328.4	112.3935817
328.5	114.34822917
328.6	117.81195561
328.7	120.84073716
328.8	123.8276613
328.9	126.13168639
329	127.05764109
329.1	126.23103393
329.2	125.39389326
329.3	125.28673365
329.4	128.45023734
329.5	131.48579416
329.6	131.84930503
329.7	130.60064062
329.8	130.78610715
329.9	131.66204889
330	130.05185737
330.1	127.51603508
330.2	126.9146188
330.3	128.2943738
330.4	130.47775523
330.5	132.1396269
330.6	132.09906415
330.7	130.54828001
330.8	128.9849017
330.9	126.99197783
331	125.83399758
331.1	125.791772
331.2	126.52795986
331.3	125.35827614
331.4	123.45983424
331.5	122.64897518
331.6	121.6383837
331.7	122.47222438
331.8	125.82107587
331.9	128.05632106
332	127.48626926
332.1	125.57390726
332.2	123.19435319
332.3	120.74689988
332.4	122.70255224
332.5	124.74963688
332.6	126.13715038
332.7	127.54699687
332.8	129.04893026
332.9	130.46284195
333	131.82111507
333.1	132.24962855
333.2	129.34953814
333.3	124.97403053
333.4	121.09909558
333.5	119.79857749
333.6	119.35708436
333.7	117.5260794
333.8	115.02258254
333.9	114.12345942
334	115.43166109
334.1	118.0656033
334.2	120.33370443
334.3	122.98936575
334.4	124.50602107
334.5	125.30005045
334.6	124.52712563
334.7	121.93270641
334.8	119.09521365
334.9	119.25391179
335	120.82590258
335.1	122.69229299
335.2	123.92605194
335.3	123.79032511
335.4	123.60769221
335.5	123.42397114
335.6	124.12187591
335.7	123.74104876
335.8	120.91854034
335.9	119.2599498
336	119.71005576
336.1	121.11686897
336.2	121.82966234
336.3	121.91313244
336.4	119.84764455
336.5	118.65594007
336.6	117.55638833
336.7	116.0340823
336.8	115.81832822
336.9	115.86406477
337	116.64270651
337.1	115.97634955
337.2	113.77927077
337.3	110.7095471
337.4	110.12863595
337.5	114.84284231
337.6	120.36281129
337.7	122.77941716
337.8	123.35352848
337.9	122.58248397
338	123.36276874
338.1	126.30079391
338.2	130.16970061
338.3	133.48594051
338.4	134.76949713
338.5	134.80516057
338.6	135.29077828
338.7	134.99479173
338.8	133.68040897
338.9	129.41948926
339	124.66805147
339.1	120.21428442
339.2	117.84452719
339.3	119.20790378
339.4	120.92131753
339.5	123.41302546
339.6	123.37451251
339.7	123.16663051
339.8	122.17662935
339.9	120.02527375
340	118.65904767
340.1	118.81363479
340.2	120.34765003
340.3	122.85363225
340.4	127.32342148
340.5	130.49303577
340.6	130.4710633
340.7	128.3924166
340.8	125.05716568
340.9	122.65739753
341	122.38352319
341.1	122.24968653
341.2	123.74772647
341.3	124.04562598
341.4	122.08464174
341.5	119.19612951
341.6	116.20285671
341.7	115.69379646
341.8	120.55400607
341.9	126.20964766
342	131.07198885
342.1	134.95208505
342.2	135.80999706
342.3	133.48023216
342.4	129.36510143
342.5	128.15722175
342.6	129.20735388
342.7	130.83927948
342.8	131.4898559
342.9	131.84404973
343	130.95325637
343.1	127.37286996
343.2	122.63898924
343.3	120.16509757
343.4	118.83709051
343.5	116.84914148
343.6	114.83123127
343.7	114.72052974
343.8	117.25168578
343.9	118.82793241
344	119.03809095
344.1	119.02601666
344.2	119.91445312
344.3	121.98027857
344.4	125.3547222
344.5	130.02230329
344.6	133.50345882
344.7	134.10234904
344.8	133.01550025
344.9	131.5147073
345	130.64703278
345.1	130.20920961
345.2	129.96916515
345.3	128.38007316
345.4	125.60957294
345.5	121.77589823
345.6	116.94992411
345.7	114.03600865
345.8	113.07306339
345.9	114.25737291
346	116.32080921
346.1	118.63334541
346.2	120.77711729
346.3	121.31615966
346.4	121.04040175
346.5	119.22959131
346.6	117.67419666
346.7	119.99905222
346.8	121.86628083
346.9	124.45167759
347	126.77748456
347.1	128.33599234
347.2	127.35568976
347.3	125.63222324
347.4	123.15469975
347.5	122.4457268
347.6	122.0378776
347.7	119.02347121
347.8	116.22552076
347.9	115.6237475
348	115.81585138
348.1	116.60619592
348.2	119.35843721
348.3	121.39958822
348.4	121.6132583
348.5	120.67228377
348.6	118.98483452
348.7	119.65246009
348.8	120.17699459
348.9	120.38698528
349	120.477901
349.1	119.86640161
349.2	118.68896076
349.3	115.84835193
349.4	113.49180832
349.5	110.44898343
349.6	107.00574031
349.7	106.39028549
349.8	107.92888297
349.9	110.5163353
350	112.21518763
350.1	114.07677303
350.2	115.19356356
350.3	116.82382738
350.4	120.05920069
350.5	124.03984008
350.6	127.83299344
350.7	130.77270696
350.8	131.36970943
350.9	130.06578051
351	129.22571741
351.1	127.18799462
351.2	124.21477233
351.3	122.24308074
351.4	120.45166385
351.5	119.85127088
351.6	120.17305121
351.7	120.99519506
351.8	121.9489663
351.9	120.16588891
352	117.49383818
352.1	113.98099628
352.2	110.7594934
352.3	108.75273752
352.4	108.5539069
352.5	110.17101073
352.6	112.69116177
352.7	114.12697719
352.8	111.89392922
352.9	109.5037457
353	109.62723258
353.1	111.41334489
353.2	114.10749387
353.3	118.22466145
353.4	121.7093033
353.5	124.47299181
353.6	126.71628913
353.7	127.54518735
353.8	127.54697501
353.9	126.2761615
354	122.74016312
354.1	119.23885415
354.2	117.89511877
354.3	116.97698
354.4	115.65922842
354.5	114.51539445
354.6	115.09985957
354.7	116.31496938
354.8	116.05320501
354.9	115.56665971
355	115.09556409
355.1	115.02044902
355.2	115.1039599
355.3	113.96670205
355.4	111.34953597
355.5	109.52404926
355.6	109.27952758
355.7	111.29939825
355.8	116.16537612
355.9	122.12759546
356	127.8202282
356.1	130.54452094
356.2	127.42838356
356.3	123.12199411
356.4	120.38135557
356.5	117.18239329
356.6	110.28201288
356.7	104.30362374
356.8	101.35221263
356.9	98.67198426
357	97.46123645
357.1	100.12344689
357.2	103.6059811
357.3	103.83819701
357.4	102.28412394
357.5	100.55069564
357.6	97.9870321
357.7	95.02485027
357.8	92.55495702
357.9	92.92321413
358	93.55544755
358.1	93.5770466
358.2	91.19566547
358.3	87.27199408
358.4	84.12401582
358.5	84.31038726
358.6	84.63613044
358.7	84.53476038
358.8	85.86985379
358.9	90.68756713
359	97.61826165
359.1	105.16986789
359.2	111.93698401
359.3	117.02671257
359.4	121.58315942
359.5	123.58670656
359.6	124.2994936
359.7	125.58201419
359.8	123.34184194
359.9	120.25125825
360	119.41033199
360.1	118.42115948
360.2	117.36795252
360.3	116.19568144
360.4	115.18415288
360.5	113.86695912
360.6	111.30433057
360.7	107.29150526
360.8	103.01684766
360.9	99.85962869
361	97.05445427
361.1	94.53030476
361.2	93.52175663
361.3	96.16332635
361.4	100.47229405
361.5	103.4998691
361.6	103.621692
361.7	100.49704527
361.8	97.94312092
361.9	94.35217843
362	90.68955136
362.1	89.61854471
362.2	89.65863896
362.3	90.47484807
362.4	91.05781972
362.5	91.11865013
362.6	90.95170538
362.7	91.12494178
362.8	90.93206315
362.9	91.15768838
363	92.05699479
363.1	94.5699819
363.2	96.65368352
363.3	94.99840288
363.4	91.21364629
363.5	87.74343784
363.6	86.55076608
363.7	88.27358692
363.8	90.40737691
363.9	91.51884583
364	91.85755318
364.1	93.19353197
364.2	97.09488135
364.3	99.90406995
364.4	100.35285245
364.5	100.23415143
364.6	98.72426338
364.7	95.19765151
364.8	91.52222482
364.9	88.92365796
365	88.20799176
365.1	88.53360956
365.2	89.167941
365.3	89.23370176
365.4	87.77734138
365.5	87.12295317
365.6	88.44472182
365.7	90.1167483
365.8	91.88010122
365.9	95.31482953
366	98.13043413
366.1	98.51076258
366.2	96.11817441
366.3	93.99016409
366.4	92.30716955
366.5	91.03489691
366.6	90.14035863
366.7	87.91795082
366.8	87.07788343
366.9	89.29054761
367	92.66952087
367.1	98.56009001
367.2	104.4918243
367.3	108.91393828
367.4	111.46146819
367.5	113.43803608
367.6	113.66031398
367.7	111.60545446
367.8	110.14908043
367.9	109.0096035
368	108.08063212
368.1	104.6685876
368.2	99.26047644
368.3	96.01911793
368.4	95.26548784
368.5	96.51494551
368.6	98.36161619
368.7	97.20587128
368.8	94.11136117
368.9	90.29174007
369	86.88971747
369.1	85.47443735
369.2	85.84449093
369.3	86.20690778
369.4	86.98413983
369.5	88.29305835
369.6	89.05170939
369.7	90.6564475
369.8	91.88679047
369.9	91.90173388
370	93.29056983
370.1	95.54716802
370.2	97.31228951
370.3	96.49489339
370.4	97.39308907
370.5	98.2974791
370.6	97.48335871
370.7	94.96064762
370.8	92.54882376
370.9	90.63337947
371	91.47189739
371.1	93.94663726
371.2	97.29528278
371.3	100.86569868
371.4	104.96511472
371.5	109.25307321
371.6	112.40514407
371.7	113.22742506
371.8	108.60832055
371.9	102.28061906
372	96.38352249
372.1	90.45670735
372.2	85.37741155
372.3	82.58174908
372.4	82.93413078
372.5	84.75588942
372.6	86.95267833
372.7	89.49990209
372.8	92.73510773
372.9	95.16799903
373	96.06243363
373.1	96.94119602
373.2	98.8430396
373.3	100.99240743
373.4	102.56192547
373.5	103.51385382
373.6	105.34557608
373.7	107.45279937
373.8	108.04862234
373.9	108.28349822
374	107.32836534
374.1	107.56901451
374.2	108.02778567
374.3	109.2128713
374.4	108.00425252
374.5	105.11982665
374.6	102.74974648
374.7	101.99155577
374.8	102.70926096
374.9	104.46648158
375	106.58536985
375.1	108.81501508
375.2	109.53692069
375.3	109.51551948
375.4	110.48053901
375.5	111.24386395
375.6	110.36064567
375.7	109.11138547
375.8	108.37165138
375.9	106.33933034
376	106.18195675
376.1	108.55947382
376.2	108.77795214
376.3	107.62605779
376.4	108.32476925
376.5	109.26867752
376.6	107.90232411
376.7	105.32933365
376.8	103.75041565
376.9	102.32522944
377	101.55564636
377.1	100.38333568
377.2	99.49133644
377.3	100.42970846
377.4	101.07636426
377.5	101.08392543
377.6	100.67716969
377.7	100.89005804
377.8	101.84701742
377.9	102.42295756
378	101.15981065
378.1	100.16435283
378.2	98.72856446
378.3	98.94431815
378.4	99.95393559
378.5	101.02460013
378.6	102.81443706
378.7	104.54022594
378.8	103.84259851
378.9	101.19393114
379	99.59883716
379.1	98.63090094
379.2	97.65808061
379.3	98.4333099
379.4	100.89998958
379.5	104.56565911
379.6	108.71228655
379.7	112.75467636
379.8	118.12458084
379.9	122.51705334
380	124.49720818
380.1	126.74671013
380.2	126.70505669
380.3	124.89659064
380.4	122.93807368
380.5	121.30451066
380.6	120.34330532
380.7	121.59204488
380.8	122.35505668
380.9	121.2051908
381	122.03996576
381.1	125.04407078
381.2	127.3333969
381.3	128.28907869
381.4	127.96502263
381.5	127.30036484
381.6	125.85308095
381.7	124.36643282
381.8	123.90529598
381.9	124.53043522
382	126.09814911
382.1	127.61637843
382.2	129.7924691
382.3	131.56408009
382.4	131.66623924
382.5	129.6376814
382.6	125.5531943
382.7	121.71924996
382.8	121.0257402
382.9	120.26641101
383	120.67831352
383.1	122.16317833
383.2	124.40903582
383.3	125.79842057
383.4	127.79221809
383.5	127.5045489
383.6	125.40816533
383.7	123.06696143
383.8	122.19820456
383.9	122.47783446
384	121.51096291
384.1	119.46092769
384.2	119.77561618
384.3	120.96132108
384.4	123.7545769
384.5	124.94020141
384.6	125.36222177
384.7	125.70085146
384.8	124.67309213
384.9	123.60104174
385	123.50012631
385.1	122.84235411
385.2	121.34320234
385.3	118.90188076
385.4	115.91075548
385.5	115.01152784
385.6	114.90880784
385.7	114.907414
385.8	115.63173449
385.9	116.77068314
386	117.88383715
386.1	119.68531107
386.2	121.0405889
386.3	120.11640206
386.4	119.10024376
386.5	119.03463786
386.6	120.87688822
386.7	122.90697311
386.8	123.40615673
386.9	122.64431911
387	120.1783339
387.1	117.56199802
387.2	114.8525221
387.3	114.95851038
387.4	115.58289842
387.5	115.82995113
387.6	115.94547901
387.7	117.39731529
387.8	120.28034277
387.9	123.20151862
388	123.81885184
388.1	123.98195888
388.2	123.24350686
388.3	121.91827651
388.4	119.64866891
388.5	118.81483926
388.6	119.59222132
388.7	120.02195798
388.8	119.80467049
388.9	119.81458343
389	120.54637924
389.1	122.27403937
389.2	125.59984906
389.3	127.31415698
389.4	127.35970256
389.5	126.16051428
389.6	124.3434391
389.7	123.98338495
389.8	121.24069533
389.9	116.82020447
390	113.20382034
390.1	109.6574131
390.2	107.01106433
390.3	106.90603295
390.4	111.65795388
390.5	117.83620529
390.6	121.88043993
390.7	123.0426259
390.8	121.79869029
390.9	118.65454375
391	115.11119227
391.1	112.91097439
391.2	113.41817788
391.3	114.29465671
391.4	115.35274734
391.5	116.57995966
391.6	116.44370884
391.7	114.72387403
391.8	113.11042056
391.9	112.42189458
392	111.7939262
392.1	112.71529131
392.2	114.03790705
392.3	115.10208346
392.4	117.16313602
392.5	118.9225786
392.6	120.22772575
392.7	123.07650335
392.8	123.6907608
392.9	122.68639093
393	121.26240521
393.1	118.74590657
393.2	114.12625755
393.3	109.85443729
393.4	111.14390327
393.5	114.90174132
393.6	118.41080496
393.7	121.31307959
393.8	123.63239746
393.9	125.86752286
394	127.93389944
394.1	130.12949198
394.2	129.54058957
394.3	125.05806088
394.4	119.72990925
394.5	117.30194841
394.6	116.65219906
394.7	116.31178155
394.8	116.13547278
394.9	116.64524167
395	117.23687464
395.1	118.51081076
395.2	120.56780303
395.3	122.51035936
395.4	122.83121052
395.5	122.8794825
395.6	122.43913847
395.7	120.11335243
395.8	118.13529853
395.9	117.6980213
396	114.75462987
396.1	111.18931898
396.2	108.57107606
396.3	107.55414398
396.4	109.06960129
396.5	110.39564351
396.6	111.50861339
396.7	113.0622376
396.8	114.81121158
396.9	115.02292219
397	115.00472579
397.1	117.1353319
397.2	120.49686173
397.3	122.74607068
397.4	123.59332725
397.5	122.94487209
397.6	121.95820302
397.7	120.67576455
397.8	120.31028718
397.9	122.60939102
398	125.76561171
398.1	130.25183737
398.2	133.52476991
398.3	135.06357194
398.4	136.26757308
398.5	137.22037154
398.6	138.97890603
398.7	140.83088901
398.8	142.60595751
398.9	143.91757305
399	142.69345915
399.1	139.65753245
399.2	134.87773152
399.3	131.47277416
399.4	131.28081141
399.5	133.97750376
399.6	134.07412133
399.7	130.33154345
399.8	127.21502832
399.9	124.86751275
400	123.20430258
400.1	123.35476653
400.2	123.84594001
400.3	124.71239643
400.4	126.34962498
400.5	129.15928149
400.6	132.53487314
400.7	134.91269682
400.8	134.44301295
400.9	130.92250611
401	126.47343665
401.1	122.38200398
401.2	120.51539863
401.3	119.37550314
401.4	118.93699104
401.5	119.03917668
401.6	120.06809986
401.7	122.68209017
401.8	124.17691744
401.9	122.53351376
402	119.94502124
402.1	119.82015098
402.2	122.28723087
402.3	124.11761531
402.4	125.68199874
402.5	126.12937962
402.6	125.02144485
402.7	123.54588635
402.8	121.9635336
402.9	118.52820705
403	117.20615279
403.1	118.82437673
403.2	122.40528907
403.3	126.28248152
403.4	126.72212683
403.5	125.6882438
403.6	124.99047021
403.7	124.32573651
403.8	121.94804039
403.9	121.76107392
404	123.18919887
404.1	125.06450199
404.2	127.27090739
404.3	129.84634042
404.4	131.45602161
404.5	130.09320863
404.6	127.1035822
404.7	123.79366869
404.8	121.84978922
404.9	122.72521402
405	123.46248091
405.1	123.56124532
405.2	122.7516526
405.3	124.00447366
405.4	126.07446636
405.5	128.099754
405.6	129.48357594
405.7	129.3263405
405.8	128.70360227
405.9	127.0296008
406	123.79907913
406.1	122.75105327
406.2	123.41700276
406.3	122.95817127
406.4	122.58785162
406.5	123.22141982
406.6	124.18614978
406.7	123.7095177
406.8	122.80180255
406.9	120.53964588
407	119.34122745
407.1	119.38444123
407.2	120.07480691
407.3	121.15747071
407.4	123.30271932
407.5	123.75404708
407.6	124.43695563
407.7	125.41144492
407.8	124.19964832
407.9	121.64272986
408	120.64078919
408.1	122.8931559
408.2	125.61233184
408.3	127.65131513
408.4	131.12137627
408.5	134.12307181
408.6	134.60924029
408.7	130.98633986
408.8	128.302012
408.9	126.70306238
409	125.16359614
409.1	121.09573612
409.2	118.65890563
409.3	119.10095572
409.4	119.35884501
409.5	118.79955625
409.6	120.49625536
409.7	124.78614226
409.8	129.2184878
409.9	135.3898754
410	135.81801021
410.1	133.60237675
410.2	130.34226651
410.3	126.85747481
410.4	123.32871172
410.5	122.60039066
410.6	123.60554439
410.7	124.78754414
410.8	125.5449828
410.9	124.97290962
411	125.71532754
411.1	128.01735533
411.2	128.78585545
411.3	129.31136577
411.4	129.30195458
411.5	129.57072934
411.6	130.50407582
411.7	132.27211284
411.8	134.33685125
411.9	136.60702452
412	138.33947354
412.1	139.4560508
412.2	138.11234093
412.3	136.0718125
412.4	135.44211212
412.5	135.68240426
412.6	133.44805868
412.7	128.5987816
412.8	124.66865708
412.9	121.67519784
413	120.31423623
413.1	120.07682839
413.2	120.92033305
413.3	122.14717278
413.4	123.2837363
413.5	126.02657878
413.6	129.86745463
413.7	134.54428456
413.8	138.3309021
413.9	140.07653731
414	138.85363008
414.1	134.69160868
414.2	129.73809573
414.3	127.2439294
414.4	125.27771711
414.5	125.04306294
414.6	123.20155329
414.7	121.0824235
414.8	121.08543472
414.9	122.47490038
415	123.88808277
415.1	125.666313
415.2	129.27896755
415.3	133.22244502
415.4	136.92749756
415.5	138.83140782
415.6	137.98321803
415.7	135.63365092
415.8	133.23779256
415.9	129.43582011
416	126.90856843
416.1	125.22042453
416.2	123.95474095
416.3	123.92689777
416.4	124.53895108
416.5	124.87535526
416.6	124.88498342
416.7	124.42447649
416.8	125.8872362
416.9	128.35592914
417	130.68257188
417.1	132.11714602
417.2	130.15138538
417.3	126.23939437
417.4	125.0808642
417.5	126.65085086
417.6	128.59760577
417.7	131.10421745
417.8	133.71449568
417.9	135.0768229
418	133.88517671
418.1	129.96901264
418.2	125.88176991
418.3	123.33213703
418.4	120.52432745
418.5	118.53613862
418.6	117.45684409
418.7	117.69579128
418.8	119.77274381
418.9	124.05422194
419	128.16026071
419.1	132.77536938
419.2	137.05896806
419.3	141.58955438
419.4	146.1781904
419.5	148.56026726
419.6	146.5789769
419.7	143.23630113
419.8	141.66343662
419.9	141.44400112
420	138.73229318
420.1	135.22490169
420.2	132.54473435
420.3	130.83880106
420.4	129.53384002
420.5	128.34189153
420.6	126.59314167
420.7	123.78368781
420.8	123.65381988
420.9	128.15950713
421	129.42940611
421.1	129.09556654
421.2	129.5051756
421.3	128.50569663
421.4	127.98811233
421.5	127.92067942
421.6	128.35082308
421.7	129.949871
421.8	130.44607681
421.9	129.07933212
422	128.82845614
422.1	129.77888002
422.2	130.91825989
422.3	130.79045445
422.4	130.67407648
422.5	130.4700347
422.6	131.80722769
422.7	134.1620138
422.8	135.21591199
422.9	137.15038135
423	139.10914847
423.1	141.37478031
423.2	141.7361908
423.3	139.21259172
423.4	134.76229928
423.5	131.52111859
423.6	128.18721556
423.7	122.10297432
423.8	115.20411785
423.9	105.25030341
424	93.45212195
424.1	78.62154709
424.2	61.04881266
424.3	48.77968338
424.4	41.65567282
424.5	39.28265175
424.6	37.44182486
424.7	35.28530594
424.8	32.64398082
424.9	29.37853012
425	26.74387335
425.1	24.07124468
425.2	22.2964878
425.3	21.25760742
425.4	20.44690945
425.5	19.92809137
425.6	19.67683528
425.7	20.09700388
425.8	20.12975224
425.9	20.07722099
426	20.26985503
426.1	21.08216826
426.2	21.49382965
426.3	20.50558785
426.4	18.94499635
426.5	17.86553216
426.6	17.52170553
426.7	17.50820983
426.8	17.71445854
426.9	18.37651578
427	18.63769267
427.1	18.96648088
427.2	19.29470663
427.3	19.62262171
427.4	19.91983658
427.5	20.84671265
427.6	21.79702137
427.7	22.73357345
427.8	23.63221396
427.9	24.57532669
428	24.78377618
428.1	24.14010691
428.2	23.08006633
428.3	23.93353806
428.4	27.1073635
428.5	30.09727194
428.6	32.08841358
428.7	32.92132009
428.8	31.67908802
428.9	28.620244
429	26.12879498
429.1	23.42903557
429.2	22.44983911
429.3	22.54887928
429.4	23.50052864
429.5	25.11029432
429.6	26.09269351
429.7	25.81935959
429.8	25.204947
429.9	24.40886444
430	24.466344
430.1	24.96128962
430.2	25.44110528
430.3	25.86614655
430.4	26.26124857
430.5	26.45671322
430.6	26.8085925
430.7	26.7367384
430.8	26.16062919
430.9	25.05122819
431	22.86246383
431.1	19.71890551
431.2	18.27049261
431.3	17.66498663
431.4	17.22105756
431.5	16.73330748
431.6	15.91221112
431.7	15.73016905
431.8	15.73264844
431.9	15.73228513
432	15.63877954
432.1	14.90304777
432.2	13.75895498
432.3	12.44901575
432.4	12.46989716
432.5	13.24920946
432.6	13.88932395
432.7	14.49463257
432.8	15.08469025
432.9	15.55049858
433	15.37094464
433.1	15.2946016
433.2	14.17875015
433.3	12.83053116
433.4	11.78356733
433.5	10.25426536
433.6	8.9290595
433.7	8.20863775
433.8	7.91259151
433.9	8.00479112
434	8.4603669
434.1	9.2380997
434.2	9.7240956
434.3	9.97237991
434.4	9.24753955
434.5	9.19762849
434.6	9.20632289
434.7	9.66349289
434.8	9.78382186
434.9	10.05516324
435	10.71490762
435.1	11.13523154
435.2	11.38320065
435.3	11.23056403
435.4	10.43990962
435.5	9.38889682
435.6	8.07993343
435.7	7.40857937
435.8	7.52323031
435.9	7.62345023
436	7.61495023
436.1	7.66392563
436.2	7.95435921
436.3	9.18282052
436.4	10.82072554
436.5	12.59355118
436.6	14.68988271
436.7	16.26391023
436.8	17.50010362
436.9	16.56871979
437	15.4980359
437.1	14.43420639
437.2	13.36726938
437.3	12.46706134
437.4	11.77195793
437.5	11.22842393
437.6	10.66943734
437.7	10.16072577
437.8	9.97710891
437.9	10.276595
438	10.63115524
438.1	10.7863767
438.2	10.93367744
438.3	11.24157552
438.4	11.76878987
438.5	12.30229532
438.6	13.17405431
438.7	14.14337007
438.8	14.51579808
438.9	14.14408918
439	13.44254003
439.1	12.63751253
439.2	11.79758917
439.3	10.80633366
439.4	10.78871422
439.5	10.62132656
439.6	10.17278729
439.7	9.80895894
439.8	9.76345726
439.9	10.5767144
440	11.24599987
440.1	11.37561501
440.2	11.33790538
440.3	11.16999815
440.4	10.77925643
440.5	9.89722517
440.6	8.93117028
440.7	8.9869318
440.8	9.34956393
440.9	9.34660356
441	9.44530876
441.1	9.61663982
441.2	9.26315633
441.3	8.76096647
441.4	8.05366313
441.5	7.61915773
441.6	7.82192272
441.7	7.80208932
441.8	7.66492247
441.9	7.41378217
442	7.32951413
442.1	6.96333812
442.2	6.82592274
442.3	6.53297302
442.4	6.33077452
442.5	6.23609279
442.6	6.64934401
442.7	7.45158235
442.8	8.08265238
442.9	8.62136018
443	8.59755195
443.1	8.37741646
443.2	8.21435858
443.3	7.85044078
443.4	7.74761663
443.5	7.62013028
443.6	7.63573883
443.7	8.07156141
443.8	8.42164653
443.9	9.3599906
444	10.07825685
444.1	11.05276884
444.2	11.39203215
444.3	10.99059572
444.4	10.41427231
444.5	9.25492
444.6	8.50215714
444.7	8.24996514
444.8	8.24711571
444.9	8.51117782
445	8.61514466
445.1	8.41541551
445.2	7.9066258
445.3	7.81277999
445.4	7.83662936
445.5	7.62788941
445.6	7.47258265
445.7	7.43064552
445.8	7.43481705
445.9	7.25225759
446	7.01397994
446.1	6.46838265
446.2	6.45190412
446.3	6.13396457
446.4	5.74589471
446.5	5.6646616
446.6	5.87287527
446.7	6.22947908
446.8	6.67498822
446.9	6.92605605
447	7.02424741
447.1	6.60730192
447.2	6.28078565
447.3	6.48631709
447.4	6.64360251
447.5	6.46587178
447.6	6.06711322
447.7	6.3486543
447.8	6.68996425
447.9	6.60015251
448	6.55007381
448.1	6.19835199
448.2	6.43460652
448.3	6.44066083
448.4	6.4588764
448.5	6.6439284
448.6	6.97252149
448.7	7.29912591
448.8	7.44676747
448.9	7.51581278
449	7.61657101
449.1	7.66595806
449.2	8.04407665
449.3	7.42808059
449.4	7.0710128
449.5	6.79358524
449.6	7.08534195
449.7	7.42564915
449.8	7.56401959
449.9	7.25982043
450	7.51588761
450.1	7.57004826
450.2	7.3816189
450.3	7.18023777
450.4	7.02366542
450.5	7.02329546
450.6	7.03667572
450.7	6.92632999
450.8	7.01074437
450.9	7.58656254
451	7.67584044
451.1	7.78892027
451.2	7.42686779
451.3	7.61851663
451.4	7.62495019
451.5	7.85170592
451.6	7.64202964
451.7	7.43312862
451.8	7.18709336
451.9	6.62637967
452	6.42730982
452.1	6.45111528
452.2	6.85924992
452.3	7.18741376
452.4	7.40473168
452.5	7.95347031
452.6	7.99508968
452.7	7.78730033
452.8	7.60542552
452.9	7.58309316
453	7.30689853
453.1	6.76699117
453.2	6.45153344
453.3	6.08907959
453.4	6.03147289
453.5	6.3669606
453.6	7.10739121
453.7	7.84306124
453.8	8.02193743
453.9	7.79636186
454	7.57127306
454.1	7.38057977
454.2	7.36905198
454.3	7.20509224
454.4	7.32219245
454.5	7.43079722
454.6	7.05228563
454.7	6.80745897
454.8	6.82462365
454.9	7.06952775
455	7.22145688
455.1	7.25940872
455.2	7.52876575
455.3	8.03919673
455.4	8.00879095
455.5	8.01660253
455.6	8.00347176
455.7	7.80301526
455.8	7.76456641
455.9	7.75523701
456	7.29362837
456.1	6.62651967
456.2	5.98850733
456.3	5.8140762
456.4	6.40767674
456.5	7.00460161
456.6	7.41054196
456.7	7.62147815
456.8	7.76812666
456.9	8.02375047
457	8.74194748
457.1	8.98041854
457.2	9.18654918
457.3	9.58587215
457.4	9.94642489
457.5	10.24308001
457.6	10.09688687
457.7	10.18691571
457.8	10.01160801
457.9	8.84859726
458	8.35554752
458.1	7.95876172
458.2	7.61681947
458.3	7.76223468
458.4	7.96231594
458.5	7.2484427
458.6	6.82168095
458.7	6.6267334
458.8	6.78612537
458.9	6.84260495
459	7.03592889
459.1	7.22973874
459.2	7.82614664
459.3	7.99505861
459.4	8.03614373
459.5	7.67973043
459.6	7.19680805
459.7	7.01744253
459.8	6.62603383
459.9	6.4341961
460	6.64820057
460.1	7.13140839
460.2	7.40099996
460.3	7.90361498
460.4	8.1186729
460.5	8.20872076
460.6	8.25978532
460.7	8.57855612
460.8	8.36431681
460.9	7.82422218
461	6.95230655
461.1	5.81190414
461.2	5.42280764
461.3	5.58551525
461.4	5.98190821
461.5	6.59619659
461.6	6.83140371
461.7	6.82127573
461.8	6.86930391
461.9	7.17098482
462	7.31429702
462.1	7.75686996
462.2	8.00702485
462.3	7.83683863
462.4	7.25773048
462.5	7.03982519
462.6	7.57797693
462.7	8.00766172
462.8	8.20474781
462.9	8.19141952
463	8.65317911
463.1	8.80683306
463.2	8.80543627
463.3	8.80593677
463.4	8.8060686
463.5	8.80498763
463.6	8.8080395
463.7	8.77187872
463.8	8.30422537
463.9	8.22015274
464	8.43241909
464.1	8.39290212
464.2	8.21559423
464.3	7.82844834
464.4	7.66686537
464.5	7.86515696
464.6	8.53584785
464.7	9.18782265
464.8	9.53957763
464.9	9.92446894
465	10.26611298
465.1	10.58091708
465.2	10.82430821
465.3	11.17076943
465.4	12.06643566
465.5	12.6952239
465.6	12.9241873
465.7	11.65316
465.8	10.23250341
465.9	9.61301356
466	9.23934999
466.1	8.80623943
466.2	8.83908021
466.3	9.48868351
466.4	9.88671096
466.5	9.99645566
466.6	10.08710116
466.7	10.42979643
466.8	10.97852465
466.9	11.65986508
467	12.41877303
467.1	12.41299164
467.2	12.03298346
467.3	11.27540769
467.4	10.26103805
467.5	9.34951935
467.6	8.85944593
467.7	8.80597738
467.8	8.75698695
467.9	8.20140355
468	8.18567565
468.1	7.99878029
468.2	8.46722656
468.3	8.90858244
468.4	9.0324702
468.5	9.34231681
468.6	9.94354929
468.7	10.16462392
468.8	10.1865187
468.9	9.95361947
469	9.84055182
469.1	10.19956413
469.2	10.82871453
469.3	11.52641015
469.4	11.38891838
469.5	11.59661251
469.6	11.47569864
469.7	11.10058437
469.8	10.50432564
469.9	10.49780483
470	11.2742675
470.1	11.82164431
470.2	11.96084045
470.3	11.76439814
470.4	11.36369032
470.5	10.97366876
470.6	10.42621087
470.7	10.38358021
470.8	10.42734857
470.9	10.75388612
471	11.16720608
471.1	11.15826226
471.2	11.54658949
471.3	12.1120517
471.4	12.32061612
471.5	12.02130461
471.6	11.55888638
471.7	11.08092764
471.8	10.75544222
471.9	10.40481904
472	10.19241535
472.1	10.43362858
472.2	11.04874939
472.3	11.31436368
472.4	10.96354244
472.5	10.3758538
472.6	9.76778387
472.7	10.60590997
472.8	11.57515854
472.9	12.2307245
473	12.58811226
473.1	12.51525183
473.2	12.10736698
473.3	11.20720929
473.4	10.73299201
473.5	10.12760981
473.6	9.83643402
473.7	9.9960843
473.8	10.03868973
473.9	9.83161016
474	9.74288182
474.1	9.59575665
474.2	9.63454032
474.3	9.83704611
474.4	9.99897434
474.5	9.80035765
474.6	9.21234939
474.7	8.66422869
474.8	8.53541503
474.9	8.46935665
475	8.81852524
475.1	9.10292761
475.2	9.43422682
475.3	9.71058606
475.4	9.50921213
475.5	9.48325693
475.6	8.74110658
475.7	8.62984028
475.8	8.26863883
475.9	7.84780471
476	7.81800814
476.1	7.78396942
476.2	7.39335506
476.3	7.77574556
476.4	8.23776026
476.5	8.40590082
476.6	8.41824449
476.7	8.64128936
476.8	8.98294836
476.9	9.68856802
477	9.90153742
477.1	11.29462583
477.2	11.37851848
477.3	10.85670308
477.4	10.77773843
477.5	10.4795243
477.6	9.79520384
477.7	9.82355431
477.8	10.09981741
477.9	10.68021101
478	11.2200546
478.1	11.52818193
478.2	11.07415298
478.3	10.80381742
478.4	10.61471641
478.5	10.39984045
478.6	10.03712135
478.7	9.73951285
478.8	9.19412082
478.9	8.57658411
479	8.44929088
479.1	8.74591518
479.2	9.26623204
479.3	9.53246784
479.4	8.79447722
479.5	8.50227288
479.6	8.75968452
479.7	8.95305438
479.8	9.47697729
479.9	9.79297148
480	9.98233798
480.1	9.98375674
480.2	9.78646249
480.3	10.01468981
480.4	10.17589689
480.5	10.26624388
480.6	9.84591695
480.7	8.89392609
480.8	7.7500234
480.9	6.86086968
481	6.94047611
481.1	7.47559289
481.2	8.00476297
481.3	8.79706886
481.4	9.23714487
481.5	9.39829502
481.6	9.59811694
481.7	9.57700409
481.8	9.09117254
481.9	8.0441625
482	7.65029503
482.1	7.9119427
482.2	8.42031247
482.3	9.20538199
482.4	9.7465571
482.5	9.76884598
482.6	9.13075781
482.7	8.58400213
482.8	9.22490165
482.9	9.78171322
483	10.48926458
483.1	10.99810174
483.2	10.98684886
483.3	10.58476999
483.4	10.1883125
483.5	9.95597364
483.6	9.44236131
483.7	9.01716649
483.8	9.08197449
483.9	9.76388592
484	10.2528717
484.1	10.23563331
484.2	10.13723164
484.3	9.77309813
484.4	9.95557819
484.5	10.14910727
484.6	10.24384364
484.7	10.61372211
484.8	10.83983878
484.9	11.1356532
485	11.39023537
485.1	11.34676187
485.2	11.35143309
485.3	11.28832498
485.4	10.96856068
485.5	10.57002755
485.6	10.49236535
485.7	10.38525815
485.8	10.3919735
485.9	10.2326232
486	10.13603016
486.1	9.99782497
486.2	9.97865812
486.3	10.13462874
486.4	10.19611698
486.5	10.19284689
486.6	9.98923201
486.7	9.99638003
486.8	9.64994722
486.9	9.45422254
487	9.38397236
487.1	9.20422628
487.2	9.20307454
487.3	9.19607326
487.4	9.25869299
487.5	9.41427782
487.6	9.39799567
487.7	9.39014341
487.8	9.18533933
487.9	9.0413968
488	9.20417925
488.1	9.20265032
488.2	9.20161861
488.3	9.20184697
488.4	9.20150058
488.5	9.20528015
488.6	9.18690975
488.7	9.34151046
488.8	9.40812598
488.9	9.19518222
489	8.94147306
489.1	8.43774284
489.2	8.24900653
489.3	8.21760118
489.4	8.21069708
489.5	8.21683282
489.6	8.16698654
489.7	7.97626728
489.8	7.72805958
489.9	7.61475038
490	7.96483151
490.1	8.23365564
490.2	8.7814418
490.3	9.33373415
490.4	9.8856923
490.5	10.29408769
490.6	10.54207272
490.7	10.63610035
490.8	10.5926891
490.9	10.35
