DEPT	GR
300	89.34262948
300.1	88.34661355
300.2	87.13545817
300.3	86.45935426
300.4	85.62343331
300.5	85.26102044
300.6	86.59465304
300.7	89.60023041
300.8	90.65858092
300.9	90.73096363
301	90.18039184
301.1	88.37568659
301.2	88.34931771
301.3	88.55132409
301.4	89.39757307
301.5	90.80857911
301.6	91.83994441
301.7	89.89837553
301.8	87.53157776
301.9	85.51888125
302	84.08853949
302.1	83.23828557
302.2	84.05785217
302.3	86.57335317
302.4	89.51375177
302.5	90.75868072
302.6	91.72287105
302.7	90.24998047
302.8	88.46031567
302.9	86.08485341
303	82.46342077
303.1	78.78664849
303.2	76.37506428
303.3	75.40173674
303.4	76.21052113
303.5	80.23223874
303.6	84.42365881
303.7	86.76404754
303.8	87.46238629
303.9	86.9909341
304	86.22433811
304.1	84.66061188
304.2	83.57037239
304.3	82.94371636
304.4	81.80256304
304.5	80.60976529
304.6	80.70326279
304.7	81.56359925
304.8	83.03004763
304.9	84.25033637
305	85.44284306
305.1	87.74168875
305.2	89.51082041
305.3	88.42078377
305.4	88.17437845
305.5	87.85272669
305.6	87.01696528
305.7	85.79617371
305.8	84.54032442
305.9	84.28789863
306	83.62578479
306.1	83.64706395
306.2	85.22138334
306.3	88.18596741
306.4	91.08516327
306.5	96.02541826
306.6	101.75523763
306.7	106.2551138
306.8	108.93926301
306.9	108.80904491
307	105.35894025
307.1	101.43520667
307.2	98.15251855
307.3	95.42376866
307.4	92.16602031
307.5	88.61091762
307.6	86.86322771
307.7	87.45527222
307.8	87.77108908
307.9	86.29640308
308	82.52846087
308.1	76.70122369
308.2	71.24089197
308.3	67.38002807
308.4	65.83402002
308.5	67.01463693
308.6	70.24403903
308.7	74.3007834
308.8	78.05251006
308.9	80.98394493
309	81.86705155
309.1	81.34827801
309.2	80.75010661
309.3	79.97961778
309.4	79.48978241
309.5	80.40887353
309.6	82.92794042
309.7	85.41883422
309.8	87.05850529
309.9	87.99540314
310	90.06225461
310.1	92.11098732
310.2	93.66937154
310.3	93.90051133
310.4	93.7446703
310.5	93.93343541
310.6	93.71749923
310.7	93.32407853
310.8	91.58383466
310.9	86.1219235
311	82.88000147
311.1	81.49972644
311.2	82.45966152
311.3	84.68411905
311.4	87.64427205
311.5	90.09897899
311.6	90.93289711
311.7	90.10625528
311.8	86.6123773
311.9	81.47770465
312	75.64782667
312.1	69.86523363
312.2	65.21348288
312.3	61.53093185
312.4	59.67170153
312.5	61.6572913
312.6	65.68741788
312.7	69.47795567
312.8	72.52594178
312.9	74.8212581
313	75.90464539
313.1	77.25430403
313.2	78.36135564
313.3	78.54711641
313.4	79.32507745
313.5	80.7218602
313.6	83.03279602
313.7	86.23376792
313.8	89.62996767
313.9	91.98513888
314	94.51964157
314.1	96.66580442
314.2	97.65634601
314.3	98.80526338
314.4	100.56796097
314.5	101.66696237
314.6	100.51247554
314.7	99.10073409
314.8	100.14131044
314.9	100.52367752
315	99.07702638
315.1	96.41585237
315.2	94.62667495
315.3	95.46996379
315.4	97.42408341
315.5	98.92179825
315.6	99.81412082
315.7	100.72103765
315.8	101.06340272
315.9	100.7094354
316	100.4630263
316.1	101.4404051
316.2	102.12750942
316.3	100.02922366
316.4	97.93045117
316.5	98.94010454
316.6	100.12110344
316.7	101.43040707
316.8	102.80032661
316.9	103.66827642
317	103.40013263
317.1	102.88939987
317.2	103.07494781
317.3	104.70351383
317.4	108.52861185
317.5	114.52190545
317.6	120.03714774
317.7	124.45365089
317.8	127.53825894
317.9	128.92404435
318	129.7058144
318.1	129.94261328
318.2	129.21227687
318.3	127.75059519
318.4	126.07363514
318.5	124.04664901
318.6	122.99912313
318.7	122.44930158
318.8	123.16531283
318.9	124.91090038
319	125.62174782
319.1	125.45262156
319.2	124.25404708
319.3	122.44750235
319.4	120.51482208
319.5	119.98799928
319.6	118.91760186
319.7	118.24485847
319.8	119.02194197
319.9	117.40474498
320	115.60210644
320.1	113.87148997
320.2	112.8855402
320.3	113.06898653
320.4	113.23036501
320.5	113.43340767
320.6	113.72422098
320.7	114.27046337
320.8	112.62156673
320.9	110.87204528
321	109.76468725
321.1	109.50434689
321.2	110.33294298
321.3	111.02355928
321.4	110.71901286
321.5	110.52802616
321.6	112.6815223
321.7	115.62037594
321.8	117.26566287
321.9	118.77682069
322	119.42169793
322.1	118.43259592
322.2	117.402115
322.3	117.04428746
322.4	116.36445985
322.5	115.27149355
322.6	114.89600148
322.7	114.02304901
322.8	113.07560823
322.9	112.39985785
323	111.22980707
323.1	110.47702525
323.2	109.17179559
323.3	108.33630049
323.4	110.07041094
323.5	112.22201787
323.6	113.55323335
323.7	113.96305415
323.8	113.24555342
323.9	111.72273717
324	110.78308171
324.1	109.71310973
324.2	109.33798807
324.3	109.51276469
324.4	109.25645765
324.5	106.54879384
324.6	106.04909267
324.7	106.59199275
324.8	106.80415681
324.9	107.7516317
325	109.87797525
325.1	112.20804559
325.2	113.82793188
325.3	114.74603293
325.4	114.03529773
325.5	113.44635614
325.6	113.68762982
325.7	114.87692203
325.8	117.39750809
325.9	120.14199305
326	121.43200859
326.1	121.13210673
326.2	119.6883483
326.3	116.7823807
326.4	114.9948861
326.5	114.26353882
326.6	113.85709378
326.7	113.78490086
326.8	114.56552267
326.9	113.7557218
327	112.61788025
327.1	111.82927899
327.2	111.99700671
327.3	112.84442307
327.4	112.12289014
327.5	110.05283636
327.6	107.9814143
327.7	108.21625144
327.8	109.72335608
327.9	111.12855089
328	112.29844382
328.1	113.22292908
328.2	112.9561399
328.3	113.08569333
328.4	113.98128827
328.5	115.20055201
328.6	116.33879719
328.7	117.30583704
328.8	118.38704401
328.9	120.03288267
329	121.63745007
329.1	122.20950215
329.2	122.20506124
329.3	122.75055332
329.4	124.07101095
329.5	125.95935537
329.6	127.29392543
329.7	126.90181948
329.8	125.58816913
329.9	124.61265519
330	125.22176026
330.1	126.14787004
330.2	125.02220058
330.3	123.23899643
330.4	122.69816025
330.5	124.50113513
330.6	125.95110084
330.7	126.93053943
330.8	127.03258814
330.9	125.60219704
331	122.18815776
331.1	119.1285755
331.2	117.0264309
331.3	116.43710188
331.4	116.84926747
331.5	117.0459494
331.6	118.6784634
331.7	120.74341033
331.8	122.49387882
331.9	122.56333138
332	121.87027979
332.1	121.4353833
332.2	120.88914023
332.3	120.26927944
332.4	119.96540179
332.5	117.97548048
332.6	116.5996076
332.7	116.15926429
332.8	115.4338171
332.9	114.33441683
333	113.89935127
333.1	114.30545222
333.2	115.67758072
333.3	116.74247718
333.4	116.61864584
333.5	117.37405982
333.6	118.64444548
333.7	119.68212894
333.8	120.10487486
333.9	121.25831144
334	124.71133784
334.1	128.29731125
334.2	131.15055235
334.3	130.21686557
334.4	129.04779825
334.5	128.92398264
334.6	128.76531289
334.7	126.01812379
334.8	125.04518639
334.9	125.76031892
335	126.01860733
335.1	125.70060375
335.2	125.65058325
335.3	127.08176706
335.4	128.45247536
335.5	128.73115557
335.6	127.70458458
335.7	125.19872124
335.8	122.69727012
335.9	120.74184426
336	120.83735404
336.1	121.45140926
336.2	123.16858219
336.3	123.73015341
336.4	122.57848215
336.5	120.78679124
336.6	120.64191086
336.7	121.0616185
336.8	122.28114957
336.9	123.48102127
337	125.08773718
337.1	127.24990489
337.2	128.89906369
337.3	129.33016817
337.4	127.77682281
337.5	123.75684503
337.6	119.93530515
337.7	117.53707127
337.8	116.71182716
337.9	116.50368006
338	116.79753258
338.1	117.30356757
338.2	117.62582643
338.3	117.72632664
338.4	117.04226757
338.5	115.31764804
338.6	114.0279755
338.7	114.17928344
338.8	116.41854724
338.9	118.79130858
339	120.82868644
339.1	122.91398188
339.2	124.77912511
339.3	125.09201603
339.4	122.89523769
339.5	119.16665092
339.6	115.10979691
339.7	111.7432018
339.8	110.25190314
339.9	109.63940793
340	110.46469466
340.1	111.36543575
340.2	111.86002527
340.3	114.76369248
340.4	118.41212926
340.5	120.64843076
340.6	122.03391954
340.7	122.9170051
340.8	124.57861061
340.9	126.02289333
341	127.02983297
341.1	125.95276067
341.2	124.01196264
341.3	122.23724237
341.4	120.66097149
341.5	120.46255001
341.6	120.98288787
341.7	120.8714351
341.8	121.83358366
341.9	123.17118502
342	125.41478726
342.1	127.28890158
342.2	127.59286226
342.3	127.37953366
342.4	126.44738594
342.5	125.14290253
342.6	124.92810675
342.7	124.32576397
342.8	123.02658873
342.9	121.53134078
343	120.30539061
343.1	118.46678131
343.2	116.9613152
343.3	116.73766008
343.4	117.24112814
343.5	117.36098296
343.6	118.77579961
343.7	119.90715194
343.8	120.93818205
343.9	122.3102151
344	123.27411567
344.1	123.83672646
344.2	122.99556391
344.3	121.96529817
344.4	121.59632285
344.5	120.93878999
344.6	120.66174792
344.7	120.83341867
344.8	120.81481527
344.9	120.80858397
345	120.50570043
345.1	119.74857433
345.2	117.82384925
345.3	117.06472069
345.4	116.68848899
345.5	116.01710648
345.6	116.03745396
345.7	116.06140726
345.8	115.40751858
345.9	116.56768032
346	120.57959918
346.1	124.68479673
346.2	126.03868826
346.3	125.63377353
346.4	126.525461
346.5	127.34762761
346.6	127.5981455
346.7	127.52667627
346.8	126.58338984
346.9	124.53531426
347	122.40412698
347.1	120.96336372
347.2	120.44182632
347.3	120.05072634
347.4	119.77969551
347.5	119.37956751
347.6	118.41084441
347.7	117.60546428
347.8	117.28566662
347.9	116.74593863
348	117.43583808
348.1	120.27244549
348.2	123.72388111
348.3	124.24067026
348.4	124.82928878
348.5	124.71177419
348.6	123.09959525
348.7	122.37488669
348.8	121.77360171
348.9	120.94011933
349	119.71165458
349.1	118.36240231
349.2	117.78804569
349.3	118.37737168
349.4	119.28203504
349.5	120.22944547
349.6	124.61481411
349.7	126.87202246
349.8	128.37544587
349.9	127.84101976
350	124.85804864
350.1	121.73622998
350.2	119.67473356
350.3	118.20622261
350.4	117.50503488
350.5	117.92685147
350.6	119.48934439
350.7	121.51609502
350.8	124.50459356
350.9	127.07339955
351	128.75934363
351.1	129.72662341
351.2	129.41231832
351.3	127.19954712
351.4	123.68976356
351.5	120.97751512
351.6	117.68638962
351.7	111.75695123
351.8	105.34331698
351.9	98.96452092
352	92.77830783
352.1	84.76095618
352.2	71.31474104
352.3	56.1752988
352.4	41.47239836
352.5	28.53022369
352.6	21.54142668
352.7	18.65553741
352.8	17.64604818
352.9	17.86206308
353	18.17872724
353.1	18.23233084
353.2	18.00938227
353.3	17.23133895
353.4	16.22943506
353.5	15.01151706
353.6	13.86066595
353.7	12.64172615
353.8	11.86022119
353.9	11.41417277
354	10.87166817
354.1	10.79013946
354.2	10.49513656
354.3	10.78889979
354.4	11.3031673
354.5	11.85419052
354.6	12.21553995
354.7	11.48679868
354.8	10.53378374
354.9	9.62872481
355	8.9716755
355.1	8.26719409
355.2	7.67700569
355.3	7.44541972
355.4	7.52676483
355.5	7.85150623
355.6	7.37511425
355.7	6.7300415
355.8	5.92422223
355.9	5.5131607
356	5.39053429
356.1	4.80951429
356.2	4.84563145
356.3	4.71290375
356.4	4.73663588
356.5	4.84915638
356.6	5.08379977
356.7	4.9270692
356.8	4.48026755
356.9	3.91934466
357	3.83947691
357.1	3.68224008
357.2	3.83594327
357.3	4.29317219
357.4	4.48195085
357.5	4.48292809
357.6	4.32251754
357.7	4.14185536
357.8	3.88195166
357.9	3.66569833
358	3.7370061
358.1	3.92521768
358.2	4.08593076
358.3	4.08326271
358.4	4.08440466
358.5	4.22224568
358.6	4.47826679
358.7	4.4733888
358.8	4.25699599
358.9	4.49121339
359	4.53412211
359.1	4.68109909
359.2	4.68209995
359.3	4.67698418
359.4	4.72549304
359.5	4.86576269
359.6	5.06525808
359.7	5.37418254
359.8	5.96455436
359.9	6.28617471
360	6.15260818
360.1	6.25636393
360.2	6.44070366
360.3	6.70860984
360.4	6.92109237
360.5	6.86411208
360.6	6.57416929
360.7	6.11216127
360.8	6.07185602
360.9	6.08494147
361	6.29833159
361.1	6.07915103
361.2	5.50291242
361.3	5.22662966
361.4	5.45728091
361.5	5.82334823
361.6	6.53614655
361.7	7.24996931
361.8	8.12292173
361.9	9.40391233
362	10.52829535
362.1	11.64134182
362.2	12.44186506
362.3	13.15316829
362.4	13.63782879
362.5	14.01959982
362.6	14.53546582
362.7	15.09876603
362.8	15.29872308
362.9	15.23386739
363	15.55419243
363.1	16.62818243
363.2	16.40339917
363.3	16.0393642
363.4	15.80981907
363.5	15.78684064
363.6	16.07978396
363.7	16.86254287
363.8	17.7444808
363.9	18.63026645
364	19.8133002
364.1	21.26683179
364.2	22.47126667
364.3	22.80778397
364.4	23.07595019
364.5	23.8949418
364.6	23.7111376
364.7	22.70552172
364.8	21.72978056
364.9	21.1815656
365	20.37992676
365.1	20.22366491
365.2	19.84999408
365.3	19.59986651
365.4	19.60786216
365.5	19.50718788
365.6	19.37973169
365.7	19.03057822
365.8	19.0567726
365.9	17.91811476
366	17.07068176
366.1	16.98627669
366.2	16.13552308
366.3	14.69259526
366.4	13.64718511
366.5	12.1392095
366.6	11.1566678
366.7	10.34238578
366.8	10.27348166
366.9	10.46256168
367	11.20389412
367.1	11.66375252
367.2	11.81903347
367.3	11.29354468
367.4	10.86546196
367.5	10.2905655
367.6	9.03592383
367.7	7.51792382
367.8	7.28683008
367.9	7.22472991
368	6.53468195
368.1	5.14816663
368.2	5.06784518
368.3	5.33498578
368.4	5.6946849
368.5	5.68427459
368.6	5.14673271
368.7	4.63541298
368.8	4.4820985
368.9	4.28180932
369	4.09481606
369.1	4.28555766
369.2	4.5252868
369.3	4.58099147
369.4	4.78525722
369.5	4.87362184
369.6	4.66241264
369.7	4.83269398
369.8	5.23122986
369.9	5.90052681
370	6.49342004
370.1	6.90123785
370.2	7.24659577
370.3	7.59032993
370.4	8.45484276
370.5	9.66595127
370.6	10.84413349
370.7	12.35145934
370.8	12.58914957
370.9	12.84108497
371	12.5222676
371.1	11.56017589
371.2	10.35903566
371.3	9.60619692
371.4	9.24939038
371.5	9.21503489
371.6	9.47895643
371.7	9.67841345
371.8	9.6597129
371.9	9.45993021
372	9.35377314
372.1	8.56093456
372.2	7.40917094
372.3	6.56049093
372.4	6.47098281
372.5	6.73138329
372.6	7.25749231
372.7	7.34871875
372.8	7.57466071
372.9	7.66822888
373	7.59228714
373.1	7.41998025
373.2	7.04747325
373.3	7.08604991
373.4	6.63225607
373.5	5.73143288
373.6	5.11237866
373.7	4.8793681
373.8	4.35520925
373.9	4.08692527
374	4.18792226
374.1	4.47707753
374.2	4.21788089
374.3	4.10726252
374.4	3.85287499
374.5	3.68309797
374.6	3.53026371
374.7	3.32522045
374.8	3.28124486
374.9	3.32617043
375	3.70867804
375.1	4.02550852
375.2	4.2835963
375.3	4.46861446
375.4	4.48464863
375.5	4.47766882
375.6	4.64519352
375.7	4.4720887
375.8	4.26666311
375.9	4.08396968
376	4.08440478
376.1	4.08500802
376.2	3.91977038
376.3	4.31365973
376.4	5.13761147
376.5	5.86039335
376.6	6.01619429
376.7	5.58828434
376.8	5.26668849
376.9	5.05730447
377	4.67110672
377.1	4.0375459
377.2	3.30813026
377.3	2.76624925
377.4	2.69529627
377.5	2.67341878
377.6	3.01309895
377.7	3.57516276
377.8	4.09591482
377.9	4.0806347
378	4.13857298
378.1	4.41752691
378.2	4.91157317
378.3	5.38681735
378.4	5.80934421
378.5	5.89166248
378.6	5.72699297
378.7	5.230866
378.8	4.77834161
378.9	4.67817923
379	4.73727727
379.1	4.84071782
379.2	4.58469383
379.3	4.17975035
379.4	3.92444305
379.5	3.88523908
379.6	3.96820289
379.7	4.0761098
379.8	4.34577038
379.9	4.56241827
380	4.94225078
380.1	5.09005788
380.2	4.83336768
380.3	4.69303479
380.4	4.88194666
380.5	5.06269683
380.6	5.12531229
380.7	5.26269383
380.8	5.27580886
380.9	5.50055053
381	5.51888699
381.1	5.71406033
381.2	6.27838474
381.3	6.75635342
381.4	7.25201852
381.5	7.88344045
381.6	7.86638101
381.7	7.59108383
381.8	7.07938024
381.9	6.84585292
382	6.42239464
382.1	6.05429029
382.2	6.08315351
382.3	6.03571135
382.4	5.83029938
382.5	6.03744129
382.6	6.6152745
382.7	7.10844882
382.8	7.26616973
382.9	7.47628046
383	8.03059456
383.1	8.51834798
383.2	8.85590435
383.3	8.64831177
383.4	8.46814746
383.5	8.64971435
383.6	9.18344088
383.7	9.8731527
383.8	10.08373631
383.9	10.00496613
384	9.64419971
384.1	9.6431658
384.2	9.94611601
384.3	10.23205376
384.4	10.19076754
384.5	10.02932769
384.6	9.87927592
384.7	9.90684703
384.8	10.5449667
384.9	11.66174081
385	12.65244185
385.1	13.27641682
385.2	13.82998933
385.3	14.06432426
385.4	13.08803487
385.5	12.85365203
385.6	12.41094513
385.7	11.92970872
385.8	11.84087261
385.9	12.59248639
386	13.58865098
386.1	15.1061465
386.2	15.64261298
386.3	15.78539709
386.4	16.43531072
386.5	17.70290762
386.6	19.10290984
386.7	20.17863766
386.8	20.69190799
386.9	21.21063947
387	21.71994562
387.1	22.42809079
387.2	22.81148506
387.3	22.44409086
387.4	20.83525159
387.5	19.06224825
387.6	17.32745683
387.7	15.59579165
387.8	14.577746
387.9	14.24765137
388	14.467887
388.1	15.69675084
388.2	16.84324123
388.3	17.42614588
388.4	17.22971123
388.5	16.86005064
388.6	15.84733938
388.7	15.66594748
388.8	16.43823935
388.9	17.18353022
389	17.09621287
389.1	16.69469405
389.2	16.83053103
389.3	17.80121157
389.4	19.82002618
389.5	21.82459888
389.6	23.69202082
389.7	25.21059906
389.8	25.99875299
389.9	25.76613676
390	25.20155862
390.1	24.63411183
390.2	24.97586378
390.3	26.45856077
390.4	28.42672083
390.5	30.30934859
390.6	30.78388277
390.7	29.72547786
390.8	27.6308328
390.9	26.75049882
391	25.89674139
391.1	25.68659296
391.2	26.47083272
391.3	27.88394399
391.4	29.1191295
391.5	29.77474576
391.6	29.37419856
391.7	28.52777094
391.8	27.65880113
391.9	28.34160089
392	29.90039786
392.1	30.77577383
392.2	31.78789647
392.3	32.41227967
392.4	31.56290224
392.5	30.95540139
392.6	32.82853596
392.7	35.93927781
392.8	37.58403106
392.9	37.93569444
393	37.66783278
393.1	37.74035935
393.2	38.13096345
393.3	36.88604379
393.4	36.05546006
393.5	34.32177491
393.6	31.32710391
393.7	27.91257517
393.8	25.27652903
393.9	23.39304506
394	22.29219578
394.1	22.08295031
394.2	24.0684292
394.3	26.71049284
394.4	29.41029002
394.5	31.23323074
394.6	34.0301193
394.7	37.02606697
394.8	39.57020649
394.9	40.74713537
395	40.25704217
395.1	39.43926358
395.2	38.27555294
395.3	37.14291793
395.4	35.72128946
395.5	33.56091603
395.6	31.89194554
395.7	31.27590715
395.8	31.44230132
395.9	32.26116756
396	33.55378991
396.1	35.40281962
396.2	37.5864248
396.3	39.74018102
396.4	42.64546524
396.5	45.84938406
396.6	49.14537294
396.7	52.42636199
396.8	55.45955256
396.9	57.77476567
397	57.44340942
397.1	54.79313226
397.2	51.33413892
397.3	48.61299348
397.4	47.72249617
397.5	47.34485236
397.6	47.08329858
397.7	46.88685297
397.8	46.81822452
397.9	45.97345617
398	46.0510333
398.1	45.36075283
398.2	45.31318219
398.3	45.79692278
398.4	47.63241864
398.5	48.50391193
398.6	46.48038528
398.7	42.31357189
398.8	39.9918232
398.9	39.77667669
399	39.56603084
399.1	38.4351263
399.2	36.11767366
399.3	34.36374973
399.4	33.34513156
399.5	33.12938485
399.6	33.60279323
399.7	34.60919683
399.8	36.3575503
399.9	39.16179148
400	41.91286599
400.1	44.61432797
400.2	46.59047995
400.3	46.78938226
400.4	45.13647539
400.5	41.71520949
400.6	39.37261198
400.7	39.9590925
400.8	41.04796561
400.9	41.71531945
401	42.17905844
401.1	42.36437162
401.2	43.37817829
401.3	45.04500586
401.4	47.33810173
401.5	51.25200797
401.6	55.17511412
401.7	59.77322096
401.8	63.04005144
401.9	64.66490989
402	65.19108585
402.1	65.31701299
402.2	65.63445622
402.3	65.89451858
402.4	65.94965056
402.5	64.9238283
402.6	62.27529791
402.7	60.30894739
402.8	59.71556788
402.9	60.62344821
403	62.76062142
403.1	65.91714854
403.2	69.21278933
403.3	72.38399599
403.4	74.86707458
403.5	76.82080996
403.6	77.62738894
403.7	76.25214929
403.8	74.32531479
403.9	70.51330473
404	66.60148902
404.1	61.15322492
404.2	55.16007228
404.3	50.89207493
404.4	49.63000781
404.5	51.11381824
404.6	53.57323617
404.7	57.01691077
404.8	59.95456006
404.9	60.30643241
405	57.87241117
405.1	54.38130237
405.2	49.33867825
405.3	47.8819135
405.4	48.93751787
405.5	50.91548402
405.6	51.94887202
405.7	51.71321507
405.8	50.59177849
405.9	51.5165362
406	52.98357714
406.1	54.56292953
406.2	55.67857102
406.3	56.30851154
406.4	56.66452483
406.5	56.67418625
406.6	57.29756955
406.7	58.67132945
406.8	58.85797238
406.9	57.93871088
407	55.96393681
407.1	52.76594186
407.2	47.98431225
407.3	43.35387447
407.4	39.64074146
407.5	37.60444313
407.6	36.89131349
407.7	34.61227586
407.8	32.25003674
407.9	30.04285055
408	27.92734962
408.1	25.96786046
408.2	25.31477819
408.3	23.8011724
408.4	21.4597637
408.5	17.94232764
408.6	16.22142156
408.7	15.19420778
408.8	14.6367084
408.9	14.39228833
409	13.52550717
409.1	12.55072794
409.2	11.3173814
409.3	10.36781305
409.4	8.99657211
409.5	8.21181074
409.6	7.22163674
409.7	7.13946172
409.8	7.33695485
409.9	7.5319133
410	8.27542953
410.1	8.91215093
410.2	9.36941214
410.3	8.93728972
410.4	7.70087255
410.5	6.90638284
410.6	6.49387439
410.7	6.47160044
410.8	6.49291477
410.9	6.14655809
411	5.8240567
411.1	5.69621139
411.2	5.48757983
411.3	5.4818758
411.4	5.26479623
411.5	5.72392222
411.6	6.23648451
411.7	6.43705407
411.8	6.65697499
411.9	7.04232935
412	7.72203907
412.1	8.31494894
412.2	8.89557593
412.3	10.09121157
412.4	11.24728561
412.5	12.90876393
412.6	15.2449951
412.7	17.81437828
412.8	21.15458276
412.9	24.58093589
413	30.17036715
413.1	36.19090637
413.2	43.52517875
413.3	49.76190178
413.4	54.03332018
413.5	57.62931558
413.6	60.61549161
413.7	63.29118536
413.8	64.64422767
413.9	67.14867559
414	70.78478994
414.1	75.5179613
414.2	81.67015423
414.3	86.75561173
414.4	89.65498173
414.5	91.71974804
414.6	94.65704412
414.7	96.49761102
414.8	96.18788853
414.9	93.60931974
415	89.38285138
415.1	86.05734717
415.2	86.09198287
415.3	87.69103958
415.4	88.73360288
415.5	87.89053087
415.6	84.20398247
415.7	78.34775449
415.8	73.30485501
415.9	67.00603443
416	59.95921118
416.1	52.21471487
416.2	47.15627099
416.3	44.19204714
416.4	41.81337546
416.5	40.64332546
416.6	39.37220968
416.7	37.74947786
416.8	37.73085659
416.9	39.41121658
417	40.7207871
417.1	41.08057425
417.2	40.5262248
417.3	39.92328845
417.4	39.52379643
417.5	39.44160502
417.6	39.02669616
417.7	39.45852188
417.8	40.84037382
417.9	43.05798073
418	44.6536625
418.1	44.81009976
418.2	41.97166352
418.3	38.92699721
418.4	38.17735503
418.5	38.36859176
418.6	38.758917
418.7	38.56112824
418.8	39.162635
418.9	40.9635609
419	42.82956822
419.1	44.76207582
419.2	45.31538756
419.3	46.34243989
419.4	47.38935932
419.5	45.77748588
419.6	42.54379046
419.7	38.37937638
419.8	36.58761895
419.9	36.98898937
420	38.23625578
420.1	39.45688697
420.2	41.68928048
420.3	43.87095028
420.4	45.06959967
420.5	45.1406117
420.6	44.92928896
420.7	45.38293911
420.8	45.1376887
420.9	44.23546934
421	43.52541537
421.1	43.78951947
421.2	44.3822822
421.3	45.51997439
421.4	46.62497474
421.5	47.07980924
421.6	47.10391593
421.7	46.6740048
421.8	45.93881248
421.9	45.57160478
422	45.26838875
422.1	45.09587943
422.2	44.96658995
422.3	43.59906204
422.4	42.10102339
422.5	41.12542676
422.6	39.93707606
422.7	38.34172555
422.8	37.29163373
422.9	36.99273036
423	36.58771141
423.1	36.11643178
423.2	34.58799378
423.3	31.98346805
423.4	29.18884115
423.5	28.35933519
423.6	28.66781997
423.7	29.79014221
423.8	30.85674137
423.9	32.14818607
424	33.5218679
424.1	35.63199715
424.2	37.70750148
424.3	38.81031991
424.4	38.77244395
424.5	37.64906288
424.6	37.3286624
424.7	36.90736619
424.8	36.74372186
424.9	36.97182255
425	37.10128573
425.1	37.28328671
425.2	37.19381527
425.3	36.54827978
425.4	36.18837725
425.5	36.33576917
425.6	36.54664375
425.7	36.54803386
425.8	36.34200488
425.9	37.10887645
426	39.00413212
426.1	41.61810804
426.2	43.90598217
426.3	45.11473212
426.4	43.49775154
426.5	41.48238539
426.6	39.93060352
426.7	38.70182456
426.8	37.9860985
426.9	36.59808315
427	35.26374651
427.1	35.78007615
427.2	35.19662295
427.3	34.30253221
427.4	35.18696808
427.5	37.19017453
427.6	38.56339922
427.7	37.96301564
427.8	38.72609212
427.9	40.01587769
428	40.58555209
428.1	40.13990795
428.2	39.77670852
428.3	39.8743678
428.4	40.29316144
428.5	40.31882198
428.6	39.48707093
428.7	39.19455224
428.8	39.53804175
428.9	40.7304721
429	42.31385327
429.1	42.88340469
429.2	42.88104245
429.3	42.15060736
429.4	40.6854891
429.5	40.5352099
429.6	40.73507897
429.7	42.38610178
429.8	43.89011533
429.9	44.85664231
430	44.05954651
430.1	43.03380046
430.2	41.73245287
430.3	41.34498487
430.4	41.29364977
430.5	40.3189928
430.6	39.57436357
430.7	39.35904904
430.8	38.97614737
430.9	37.74773744
431	36.35070711
431.1	35.76674409
431.2	36.17082041
431.3	35.61265239
431.4	33.80829887
431.5	33.36343031
431.6	33.61202928
431.7	34.40034387
431.8	34.93817974
431.9	35.75550006
432	37.46636812
432.1	39.32401831
432.2	40.33154433
432.3	40.74822651
432.4	41.18040134
432.5	41.157357
432.6	40.36702005
432.7	39.17112319
432.8	37.12564769
432.9	36.08788211
433	36.74276808
433.1	38.00046235
433.2	38.57471374
433.3	38.93710859
433.4	39.13020356
433.5	39.33818909
433.6	40.71288959
433.7	43.17162571
433.8	44.67749333
433.9	44.10733023
434	43.64986047
434.1	43.68617844
434.2	43.92745529
434.3	43.97177377
434.4	44.49626385
434.5	44.91199827
434.6	45.10400682
434.7	45.0124282
434.8	45.5767488
434.9	45.98613042
435	46.72206389
435.1	47.96341229
435.2	49.7474814
435.3	50.56171727
435.4	50.61463275
435.5	50.10410293
435.6	50.08962283
435.7	50.33417283
435.8	49.60413175
435.9	49.00641213
436	49.0648227
436.1	49.56220792
436.2	49.47982444
436.3	48.52843972
436.4	46.53303028
436.5	45.55811754
436.6	45.13398157
436.7	44.91197783
436.8	45.90075222
436.9	47.43857096
437	47.53502165
437.1	47.70821654
437.2	48.09202211
437.3	49.11706902
437.4	50.58841365
437.5	52.57329393
437.6	53.89871836
437.7	54.4913427
437.8	54.56443134
437.9	55.54661229
438	56.40332482
438.1	57.11401921
438.2	56.56961339
438.3	54.52134904
438.4	53.28328871
438.5	53.06831918
438.6	53.89572483
438.7	54.91536177
438.8	55.87573787
438.9	57.20418747
439	57.16641741
439.1	55.86903263
439.2	54.89585743
439.3	54.81877919
439.4	55.05107888
439.5	55.07728384
439.6	55.55099424
439.7	56.92678489
439.8	58.46663503
439.9	57.45873294
440	56.20098886
440.1	55.45769171
440.2	54.59969978
440.3	53.66755336
440.4	53.98252934
440.5	55.22262488
440.6	56.10571084
440.7	56.56192233
440.8	56.16938806
440.9	55.51522264
441	54.36644821
441.1	51.49497855
441.2	49.62155235
441.3	49.65101079
441.4	50.33865292
441.5	51.42153164
441.6	53.27688338
441.7	55.45736769
441.8	56.33755688
441.9	56.88213272
442	57.33263902
442.1	57.27067733
442.2	56.34774937
442.3	56.05379248
442.4	56.22759048
442.5	55.64124075
442.6	54.09217401
442.7	52.52396714
442.8	51.45667016
442.9	50.88932131
443	51.34034595
443.1	52.81269042
443.2	55.66354871
443.3	57.57097764
443.4	58.68034669
443.5	59.45446161
443.6	59.49561642
443.7	58.52761653
443.8	57.50922725
443.9	57.5232877
444	59.09285451
444.1	59.53946128
444.2	59.77187282
444.3	59.32600811
444.4	56.37100642
444.5	54.06704738
444.6	53.30499895
444.7	53.1050731
444.8	53.16508035
444.9	54.2154425
445	55.51712682
445.1	57.55859966
445.2	61.2062974
445.3	65.78297474
445.4	69.26353652
445.5	71.76438918
445.6	74.00176438
445.7	75.4692421
445.8	76.22715249
445.9	77.47567115
446	77.78743534
446.1	77.80726973
446.2	77.44695156
446.3	74.93116041
446.4	71.04451153
446.5	67.84482755
446.6	65.42055218
446.7	63.44866622
446.8	61.50712082
446.9	60.08026362
447	59.94240256
447.1	60.28076595
447.2	61.29895357
447.3	61.67349972
447.4	61.2097477
447.5	60.84006803
447.6	61.24522126
447.7	60.63548238
447.8	58.97887436
447.9	57.07567331
448	55.68786565
448.1	54.02553796
448.2	52.7948411
448.3	51.2809895
448.4	48.89413598
448.5	46.45013487
448.6	45.11048213
448.7	42.6253487
448.8	39.98476762
448.9	36.96102603
449	34.66130484
449.1	33.36089701
449.2	31.96806631
449.3	31.75176447
449.4	31.95341776
449.5	31.75105157
449.6	30.70461402
449.7	29.57199723
449.8	27.78351868
449.9	26.5944197
450	26.17714675
450.1	25.68781968
450.2	25.39617385
450.3	25.21699784
450.4	25.15561862
450.5	24.99946441
450.6	24.99111348
450.7	24.62756699
450.8	24.30427473
450.9	23.90116535
451	23.73101347
451.1	23.20317108
451.2	22.31908005
451.3	21.38897646
451.4	20.41519461
451.5	20.4101322
451.6	21.03893952
451.7	22.9722733
451.8	24.57365625
451.9	25.49146825
452	25.78772684
452.1	25.75536446
452.2	25.22606738
452.3	24.30113271
452.4	24.35903879
452.5	24.95687357
452.6	25.89239593
452.7	27.13552053
452.8	28.89384414
452.9	30.03857146
453	29.90225634
453.1	28.61963064
453.2	26.52523609
453.3	25.30270019
453.4	24.08609774
453.5	23.81333656
453.6	24.01820379
453.7	23.86685605
453.8	24.89516283
453.9	26.22677126
454	27.42938368
454.1	28.92615039
454.2	30.18794633
454.3	30.81645129
454.4	31.70540334
454.5	32.35857077
454.6	34.00935551
454.7	36.36501493
454.8	37.60642609
454.9	37.798009
455	37.39079878
455.1	36.49585924
455.2	35.78447867
455.3	36.12092986
455.4	36.95187049
455.5	37.9534364
455.6	39.08413986
455.7	39.96660406
455.8	41.20726086
455.9	43.63525537
456	46.71836703
456.1	52.0507887
456.2	57.13515722
456.3	61.93451818
456.4	66.97565052
456.5	72.38883985
456.6	77.24819803
456.7	83.10325151
456.8	90.12659025
456.9	96.65546535
457	98.12635027
457.1	95.14711782
457.2	86.30878578
457.3	72.09880401
457.4	59.44648088
457.5	53.24154589
457.6	48.29804561
457.7	46.15654871
457.8	46.10128352
457.9	48.0640364
458	50.42557299
458.1	53.86748458
458.2	56.64535127
458.3	56.8956246
458.4	56.52214129
458.5	56.55604689
458.6	57.24115977
458.7	58.76624562
458.8	60.72226376
458.9	64.34107494
459	67.51702324
459.1	70.92493585
459.2	72.4152648
459.3	72.65269508
459.4	70.87943661
459.5	69.89386797
459.6	69.43660014
459.7	68.96665169
459.8	68.44963609
459.9	67.81537497
460	68.59172255
460.1	70.07693367
460.2	71.28988136
460.3	72.00479965
460.4	74.59036446
460.5	77.67026971
460.6	81.57564999
460.7	83.9700309
460.8	85.34191817
460.9	87.6285815
461	90.8996845
461.1	94.99142791
461.2	96.61761497
461.3	96.41386536
461.4	95.48667749
461.5	95.87669876
461.6	96.17534236
461.7	94.73043421
461.8	92.13412302
461.9	89.76225678
462	88.34327243
462.1	86.55145874
462.2	86.11832527
462.3	87.3674888
462.4	88.69060908
462.5	87.22824266
462.6	86.18600429
462.7	87.08830132
462.8	89.73764986
462.9	93.10589604
463	96.49152259
463.1	103.08231739
463.2	110.16518088
463.3	117.81830947
463.4	127.27133869
463.5	138.49235351
463.6	151.17243185
463.7	160.52474704
463.8	169.1356461
463.9	175.41570391
464	175.06522973
464.1	170.57944096
464.2	163.22132155
464.3	156.39067582
464.4	149.63911336
464.5	144.17780881
464.6	134.27061598
464.7	125.68290971
464.8	119.26875277
464.9	115.97688735
465	113.6436121
465.1	110.80177534
465.2	105.76080662
465.3	97.35334681
465.4	85.95285117
465.5	75.23431582
465.6	65.03984064
465.7	51.89243028
465.8	39.94023904
465.9	31.37595059
466	27.79519241
466.1	26.57706329
466.2	26.26051832
466.3	26.05380001
466.4	25.98987103
466.5	26.21322059
466.6	27.02981941
466.7	27.39228047
466.8	28.08099948
466.9	29.45740916
467	30.96040496
467.1	33.93264817
467.2	35.85004338
467.3	37.85627779
467.4	40.18255862
467.5	44.06562268
467.6	48.97057044
467.7	53.73744858
467.8	60.07559656
467.9	67.36131613
468	77.65055481
468.1	89.34262948
468.2	101.5936255
468.3	116.13545817
468.4	134.76366477
468.5	162.36680811
468.6	185.22989846
468.7	214.54393282
468.8	227.35812487
468.9	233.24438422
469	227.63866115
469.1	226.87406485
469.2	240.22393967
469.3	254.75260724
469.4	266.66049491
469.5	272.71701663
469.6	278.78603525
469.7	282.75292276
469.8	283.81060118
469.9	279.37708382
470	271.8054789
470.1	263.02799341
470.2	252.70581153
470.3	237.89381408
470.4	219.88345507
470.5	193.32669323
470.6	161.05577689
470.7	135.57768924
470.8	106.16813084
470.9	95.93643719
471	99.2970441
471.1	106.83586837
471.2	111.34851162
471.3	114.14465981
471.4	114.21209814
471.5	111.93483129
471.6	111.26447836
471.7	112.88321914
471.8	113.57847971
471.9	110.69904287
472	107.26249535
472.1	106.00677804
472.2	109.45947505
472.3	112.25132335
472.4	114.13696133
472.5	114.28909104
472.6	112.79792913
472.7	111.21397627
472.8	112.46402633
472.9	113.24665313
473	113.45064267
473.1	113.62194628
473.2	114.82714353
473.3	116.06729844
473.4	116.37415475
473.5	115.2649615
473.6	112.70067317
473.7	111.47203392
473.8	112.26267235
473.9	112.73157588
474	112.75254106
474.1	112.82041644
474.2	111.91297994
474.3	112.27341751
474.4	112.78978777
474.5	112.42873985
474.6	111.06380543
474.7	110.20341875
474.8	108.87628484
474.9	107.75383125
475	106.55477924
475.1	105.30565625
475.2	104.25891897
475.3	102.28951758
475.4	100.58907722
475.5	98.66266342
475.6	96.66183715
475.7	95.41318584
475.8	94.239416
475.9	92.92108806
476	91.76099679
476.1	90.25963829
476.2	88.88464331
476.3	87.83939024
476.4	87.055106
476.5	86.11642466
476.6	84.81956316
476.7	83.0121969
476.8	80.53765705
476.9	78.56935449
477	77.14431283
477.1	75.31040902
477.2	73.55588962
477.3	71.06290065
477.4	67.88031779
477.5	65.01562282
477.6	61.98769924
477.7	59.62847708
477.8	56.88415676
477.9	54.37082453
478	51.69353565
478.1	48.25151621
478.2	45.24017106
478.3	41.5198033
478.4	37.93935323
478.5	33.93788473
478.6	29.61040816
478.7	24.51970984
478.8	18.69919956
478.9	12.84609594
479	6.91844334
479.1	1.65
479.2	NA
479.3	NA
479.4	NA
479.5	NA
479.6	NA
479.7	NA
479.8	NA
479.9	NA
480	NA
480.1	NA
480.2	NA
480.3	NA
480.4	NA
480.5	NA
480.6	NA
480.7	NA
480.8	NA
480.9	NA
481	NA
481.1	NA
481.2	NA
481.3	NA
481.4	NA
481.5	NA
481.6	NA
481.7	NA
481.8	NA
481.9	NA
482	NA
482.1	NA
482.2	NA
482.3	NA
482.4	NA
482.5	NA
482.6	NA
482.7	NA
482.8	NA
482.9	NA
483	NA
483.1	NA
483.2	NA
483.3	NA
483.4	NA
483.5	NA
483.6	NA
483.7	NA
483.8	NA
483.9	NA
484	NA
