DEPT	GR
300	127.6193634
300.1	127.45225464
300.2	126.64456233
300.3	125.0331565
300.4	124.43633952
300.5	125.43103448
300.6	126.82360743
300.7	128.61405836
300.8	130.80238727
300.9	132.3938992
301	132.48008726
301.1	132.79177719
301.2	131.20026525
301.3	128.81299735
301.4	126.62466844
301.5	123.83952255
301.6	122.4469496
301.7	123.24270557
301.8	125.23209549
301.9	125.62997347
302	123.35709549
302.1	121.25331565
302.2	120.65649867
302.3	121.25331565
302.4	122.04907162
302.5	121.05437666
302.6	122.24801061
302.7	123.83952255
302.8	124.63527851
302.9	124.83421751
303	125.6725793
303.1	126.02785146
303.2	123.83952255
303.3	118.07029178
303.4	112.99734748
303.5	111.00795756
303.6	110.51061008
303.7	109.31697613
303.8	106.13395225
303.9	103.64721485
304	101.35941645
304.1	98.77320955
304.2	97.18169761
304.3	98.77320955
304.4	102.75198939
304.5	106.13395225
304.6	107.72546419
304.7	106.23342175
304.8	106.13395225
304.9	106.44657067
305	106.33289125
305.1	102.75198939
305.2	100.36472149
305.3	97.97745358
305.4	98.57427056
305.5	101.16047745
305.6	102.95092838
305.7	103.94562334
305.8	101.16047745
305.9	98.37533156
306	94.9933687
306.1	90.81564987
306.2	88.22944297
306.3	86.24005305
306.4	85.64323607
306.5	88.82625995
306.6	91.41246684
306.7	94.39655172
306.8	100.76259947
306.9	107.32758621
307	113.33554377
307.1	117.87135279
307.2	119.06498674
307.3	118.86604775
307.4	118.86604775
307.5	119.86074271
307.6	118.66710875
307.7	116.47877984
307.8	113.49469496
307.9	111.30636605
308	111.10742706
308.1	112.69893899
308.2	114.29045093
308.3	115.98143236
308.4	116.97612732
308.5	115.0862069
308.6	113.09681698
308.7	112.30106101
308.8	111.80371353
308.9	110.21220159
309	108.25636055
309.1	106.13395225
309.2	102.35411141
309.3	99.76790451
309.4	99.37002653
309.5	97.3806366
309.6	94.19761273
309.7	91.21352785
309.8	91.21352785
309.9	93.79973475
310	96.79772287
310.1	100.36472149
310.2	102.05570292
310.3	101.85676393
310.4	100.16578249
310.5	97.77851459
310.6	95.88859416
310.7	94.9933687
310.8	96.18700265
310.9	98.87267905
311	101.95623342
311.1	104.9403183
311.2	103.34880637
311.3	100.76259947
311.4	99.37002653
311.5	98.37533156
311.6	96.38594164
311.7	93.00397878
311.8	92.80503979
311.9	93.79973475
312	94.64040354
312.1	95.19230769
312.2	96.18700265
312.3	97.97745358
312.4	99.56896552
312.5	99.17108753
312.6	95.39124668
312.7	91.61140584
312.8	90.21883289
312.9	90.21883289
313	90.81564987
313.1	95.88859416
313.2	100.16578249
313.3	103.05039788
313.4	104.9403183
313.5	105.73607427
313.6	105.53713528
313.7	104.54244032
313.8	101.55835544
313.9	97.3806366
314	93.60079576
314.1	92.4071618
314.2	95.78912467
314.3	98.17639257
314.4	100.56366048
314.5	101.85676393
314.6	103.44827586
314.7	105.0397878
314.8	104.84084881
314.9	102.5530504
315	100.23869207
315.1	98.17639257
315.2	96.98275862
315.3	95.78912467
315.4	95.39124668
315.5	97.77851459
315.6	102.35411141
315.7	108.72015915
315.8	115.28514589
315.9	119.46286472
316	120.11132118
316.1	119.46286472
316.2	115.0862069
316.3	111.30636605
316.4	108.32228117
316.5	106.23342175
316.6	103.74668435
316.7	99.76790451
316.8	97.77851459
316.9	96.78381963
317	95.37126716
317.1	93.00397878
317.2	88.82625995
317.3	85.64323607
317.4	87.03580902
317.5	91.21352785
317.6	96.18700265
317.7	99.37002653
317.8	100.36472149
317.9	99.56896552
318	99.56896552
318.1	100.76259947
318.2	101.16047745
318.3	101.85676393
318.4	104.34350133
318.5	107.5265252
318.6	108.32228117
318.7	107.32758621
318.8	105.53713528
318.9	103.44827586
319	102.14265178
319.1	100.96153846
319.2	100.36472149
319.3	100.36472149
319.4	101.95623342
319.5	104.74137931
319.6	106.73076923
319.7	108.32228117
319.8	106.92970822
319.9	101.75729443
320	97.61087645
320.1	91.81034483
320.2	87.03580902
320.3	82.95755968
320.4	81.16710875
320.5	81.36604775
320.6	82.26127321
320.7	82.4602122
320.8	82.26127321
320.9	83.55437666
321	84.84748011
321.1	88.32891247
321.2	93.10344828
321.3	98.17639257
321.4	101.06100796
321.5	102.4535809
321.6	104.14456233
321.7	106.23342175
321.8	108.91909814
321.9	110.70954907
322	111.10742706
322.1	109.01856764
322.2	108.62068966
322.3	107.12864721
322.4	106.53183024
322.5	107.92440318
322.6	109.31697613
322.7	109.71485411
322.8	111.80371353
322.9	113.89257294
323	114.29045093
323.1	112.5994695
323.2	112.4005305
323.3	112.69893899
323.4	112.5994695
323.5	111.80371353
323.6	112.69893899
323.7	111.70424403
323.8	111.90318302
323.9	113.79310345
324	115.48408488
324.1	116.27984085
324.2	115.48408488
324.3	115.0862069
324.4	115.68302387
324.5	118.26923077
324.6	122.64588859
324.7	126.62466844
324.8	130.0066313
324.9	134.58222812
325	136.57952565
325.1	138.6765424
325.2	139.75464191
325.3	140.35145889
325.4	139.75464191
325.5	138.95888594
325.6	136.77055703
325.7	134.9801061
325.8	134.78116711
325.9	135.97480106
326	137.95461345
326.1	140.64986737
326.2	143.13660477
326.3	142.83819629
326.4	140.84880637
326.5	140.15251989
326.6	140.15251989
326.7	139.65517241
326.8	137.66578249
326.9	134.58222812
327	131.99602122
327.1	129.9071618
327.2	128.91246684
327.3	128.41511936
327.4	128.81299735
327.5	130.40450928
327.6	130.70291777
327.7	129.40981432
327.8	128.91246684
327.9	127.22148541
328	125.53050398
328.1	124.933687
328.2	126.82360743
328.3	128.31564987
328.4	131.10079576
328.5	133.98541114
328.6	133.68700265
328.7	132.29442971
328.8	131.99602122
328.9	132.4933687
329	133.38859416
329.1	134.8806366
329.2	134.9801061
329.3	132.29442971
329.4	130.90185676
329.5	129.80769231
329.6	129.01193634
329.7	129.21087533
329.8	128.71352785
329.9	127.71883289
330	125.48076923
330.1	123.44164456
330.2	121.75066313
330.3	120.55702918
330.4	120.35809019
330.5	122.14854111
330.6	124.33687003
330.7	124.83421751
330.8	124.83421751
330.9	124.33687003
331	123.04376658
331.1	122.84482759
331.2	122.84482759
331.3	122.84482759
331.4	121.85013263
331.5	122.04907162
331.6	121.25331565
331.7	120.65649867
331.8	120.0596817
331.9	120.25862069
332	122.24801061
332.1	127.5198939
332.2	129.9071618
332.3	131.00132626
332.4	129.60875332
332.5	126.82360743
332.6	128.51458886
332.7	132.09549072
332.8	134.9801061
332.9	136.37267905
333	137.68706204
333.1	137.76525199
333.2	136.17374005
333.3	131.99602122
333.4	128.81299735
333.5	126.62466844
333.6	127.02254642
333.7	129.21087533
333.8	131.99602122
333.9	132.5928382
334	132.19496021
334.1	129.40981432
334.2	128.01724138
334.3	125.82891247
334.4	126.02785146
334.5	127.02254642
334.6	127.81830239
334.7	128.21618037
334.8	129.01193634
334.9	130.40450928
335	130.80238727
335.1	130.50397878
335.2	129.80769231
335.3	130.30503979
335.4	132.3938992
335.5	134.9801061
335.6	136.47214854
335.7	139.35676393
335.8	143.03713528
335.9	146.61803714
336	148.70689655
336.1	149.60212202
336.2	149.9005305
336.3	149.60212202
336.4	147.5132626
336.5	141.74403183
336.6	138.56100796
336.7	137.76525199
336.8	138.36206897
336.9	139.15782493
337	140.0530504
337.1	142.14190981
337.2	143.83289125
337.3	144.23076923
337.4	142.5397878
337.5	140.55039788
337.6	138.16312997
337.7	137.4668435
337.8	138.16312997
337.9	138.36206897
338	138.30238727
338.1	137.96419098
338.2	136.67108753
338.3	134.8806366
338.4	132.89124668
338.5	131.29973475
338.6	130.20557029
338.7	129.60875332
338.8	129.31034483
338.9	128.01724138
339	128.26348055
339.1	127.81830239
339.2	125.0331565
339.3	123.44164456
339.4	123.83952255
339.5	125.82891247
339.6	129.01193634
339.7	132.19496021
339.8	133.58753316
339.9	133.18965517
340	132.43922708
340.1	131.39920424
340.2	131.10079576
340.3	130.30503979
340.4	131.99602122
340.5	134.48275862
340.6	135.97480106
340.7	136.37267905
340.8	137.16843501
340.9	136.47214854
341	135.37798408
341.1	133.68700265
341.2	131.79708223
341.3	132.19496021
341.4	133.18965517
341.5	132.99071618
341.6	134.58222812
341.7	135.47745358
341.8	134.8806366
341.9	133.18965517
342	132.24469496
342.1	131.79708223
342.2	132.99071618
342.3	135.0795756
342.4	136.37267905
342.5	137.16843501
342.6	137.566313
342.7	137.4668435
342.8	137.4668435
342.9	138.75994695
343	140.74933687
343.1	142.73872679
343.2	141.94297082
343.3	139.75464191
343.4	137.566313
343.5	134.78116711
343.6	133.38859416
343.7	132.19496021
343.8	131.00132626
343.9	131.39920424
344	131.87997347
344.1	131.39920424
344.2	130.0066313
344.3	133.38859416
344.4	135.77586207
344.5	138.56100796
344.6	141.34615385
344.7	142.73872679
344.8	143.13660477
344.9	139.35676393
345	136.31051061
345.1	133.98541114
345.2	133.38859416
345.3	134.58222812
345.4	134.9801061
345.5	135.97480106
345.6	138.16312997
345.7	140.94827586
345.8	142.14190981
345.9	140.74933687
346	138.90443948
346.1	137.16843501
346.2	135.77586207
346.3	133.78647215
346.4	134.18435013
346.5	134.9801061
346.6	134.78116711
346.7	134.58222812
346.8	134.18435013
346.9	134.78116711
347	134.69827586
347.1	133.88594164
347.2	132.79177719
347.3	131.10079576
347.4	129.70822281
347.5	128.21618037
347.6	125.62997347
347.7	124.13793103
347.8	124.73474801
347.9	125.23209549
348	124.95933637
348.1	124.83421751
348.2	126.02785146
348.3	128.81299735
348.4	132.19496021
348.5	134.58222812
348.6	135.37798408
348.7	135.97480106
348.8	135.77586207
348.9	134.58222812
349	133.08666315
349.1	131.89655172
349.2	131.49867374
349.3	131.49867374
349.4	130.90185676
349.5	129.50928382
349.6	127.4204244
349.7	125.43103448
349.8	124.13793103
349.9	124.73474801
350	127.25701023
350.1	129.90005684
350.2	132.19496021
350.3	132.3938992
350.4	133.09018568
350.5	132.69230769
350.6	131.59814324
350.7	129.9071618
350.8	130.0066313
350.9	129.40981432
351	129.98176393
351.1	130.80238727
351.2	130.20557029
351.3	129.60875332
351.4	129.40981432
351.5	129.21087533
351.6	130.20557029
351.7	132.3938992
351.8	134.38328912
351.9	136.47214854
352	138.39905762
352.1	138.75994695
352.2	135.97480106
352.3	132.5928382
352.4	129.60875332
352.5	127.02254642
352.6	125.82891247
352.7	127.4204244
352.8	129.80769231
352.9	131.39920424
353	131.94565692
353.1	131.59814324
353.2	130.50397878
353.3	128.91246684
353.4	128.01724138
353.5	128.31564987
353.6	129.21087533
353.7	129.01193634
353.8	129.11140584
353.9	129.31034483
354	128.0918435
354.1	125.43103448
354.2	118.56763926
354.3	106.33289125
354.4	91.81034483
354.5	78.58090186
354.6	62.16843501
354.7	43.76657825
354.8	29.74137931
354.9	19.67506631
355	14.9204244
355.1	11.24005305
355.2	10.74270557
355.3	10.24535809
355.4	9.64854111
355.5	8.75331565
355.6	8.25596817
355.7	8.25596817
355.8	8.05702918
355.9	7.65915119
356	7.57625995
356.1	7.4602122
356.2	7.65915119
356.3	7.65915119
356.4	7.16180371
356.5	6.86339523
356.6	6.76392573
356.7	6.66445623
356.8	6.46551724
356.9	6.46551724
357	6.54011936
357.1	6.86339523
357.2	7.4602122
357.3	8.05702918
357.4	8.75331565
357.5	9.44960212
357.6	9.84748011
357.7	9.84748011
357.8	10.54376658
357.9	10.94164456
358	11.1121637
358.1	11.24005305
358.2	11.43899204
358.3	11.63793103
358.4	11.93633952
358.5	12.23474801
358.6	12.5331565
358.7	12.63262599
358.8	12.91126942
358.9	13.16847874
359	13.42568806
359.1	13.68289738
359.2	13.82625995
359.3	14.42307692
359.4	14.82095491
359.5	14.62201592
359.6	13.82625995
359.7	13.42838196
359.8	13.03050398
359.9	12.433687
360	12.433687
360.1	12.23474801
360.2	12.23474801
360.3	12.23474801
360.4	12.03580902
360.5	11.43899204
360.6	10.24535809
360.7	9.44960212
360.8	9.05172414
360.9	8.65384615
361	8.95225464
361.1	8.85278515
361.2	8.65384615
361.3	8.05702918
361.4	7.4602122
361.5	6.86339523
361.6	6.46551724
361.7	6.66445623
361.8	6.86339523
361.9	7.06233422
362	7.40893927
362.1	7.36074271
362.2	7.36074271
362.3	7.75862069
362.4	8.25596817
362.5	8.95225464
362.6	9.84748011
362.7	11.41281586
362.8	12.85774117
362.9	14.42307692
363	15.61671088
363.1	16.21352785
363.2	17.00928382
363.3	16.41246684
363.4	16.01458886
363.5	16.21352785
363.6	16.61140584
363.7	17.00928382
363.8	16.61140584
363.9	15.81564987
364	15.41777188
364.1	15.0198939
364.2	15.0198939
364.3	15.124789
364.4	15.21883289
364.5	15.41777188
364.6	15.61671088
364.7	16.01458886
364.8	16.41246684
364.9	16.21352785
365	15.71618037
365.1	15.41777188
365.2	15.41777188
365.3	15.61671088
365.4	16.21352785
365.5	17.00928382
365.6	17.75607019
365.7	18.50285656
365.8	18.79973475
365.9	19.9933687
366	21.91325311
366.1	22.5795756
366.2	21.58488064
366.3	19.58644803
366.4	17.70557029
366.5	16.31299735
366.6	15.91511936
366.7	14.9204244
366.8	14.27387268
366.9	13.82625995
367	13.36621353
367.1	12.83156499
367.2	11.93633952
367.3	10.54376658
367.4	9.35013263
367.5	9.05172414
367.6	8.85278515
367.7	8.65384615
367.8	8.25596817
367.9	8.05702918
368	7.6193634
368.1	6.56498674
368.2	5.66976127
368.3	5.47082228
368.4	5.76923077
368.5	6.06763926
368.6	6.26657825
368.7	6.46551724
368.8	7.06233422
368.9	7.85809019
369	8.25596817
369.1	8.25596817
369.2	8.45490716
369.3	8.25596817
369.4	8.25596817
369.5	8.45490716
369.6	9.05172414
369.7	9.64854111
369.8	10.24535809
369.9	11.04111406
370	11.92212959
370.1	12.63262599
370.2	12.433687
370.3	11.04111406
370.4	9.84748011
370.5	8.45490716
370.6	7.85809019
370.7	6.66445623
370.8	5.47082228
370.9	4.67506631
371	4.47612732
371.1	4.67506631
371.2	4.67506631
371.3	4.87400531
371.4	5.0729443
371.5	4.87400531
371.6	4.47612732
371.7	4.07824934
371.8	3.87931034
371.9	3.68037135
372	4.07824934
372.1	4.07824934
372.2	4.07824934
372.3	4.07824934
372.4	4.07824934
372.5	4.27718833
372.6	4.27718833
372.7	4.27718833
372.8	4.07824934
372.9	3.87931034
373	3.81891206
373.1	3.87931034
373.2	4.07824934
373.3	3.87931034
373.4	3.68037135
373.5	3.68037135
373.6	3.68037135
373.7	3.87931034
373.8	3.87931034
373.9	4.07824934
374	3.68037135
374.1	3.87931034
374.2	3.68037135
374.3	3.87931034
374.4	3.87931034
374.5	3.87931034
374.6	3.68037135
374.7	3.87931034
374.8	4.07824934
374.9	4.07824934
375	4.15206947
375.1	4.2504963
375.2	4.67506631
375.3	4.87400531
375.4	5.0729443
375.5	5.0729443
375.6	5.0729443
375.7	4.87400531
375.8	5.0729443
375.9	5.27188329
376	4.87400531
376.1	5.0729443
376.2	4.87400531
376.3	4.67506631
376.4	4.47612732
376.5	4.27718833
376.6	4.27718833
376.7	3.87931034
376.8	4.07824934
376.9	4.27718833
377	4.41713388
377.1	4.07824934
377.2	3.87931034
377.3	3.87931034
377.4	4.07824934
377.5	4.07824934
377.6	4.47612732
377.7	5.0729443
377.8	4.9734748
377.9	4.17771883
378	4.00287494
378.1	3.68037135
378.2	4.07824934
378.3	4.67506631
378.4	5.0729443
378.5	5.0729443
378.6	4.87400531
378.7	4.67506631
378.8	4.67506631
378.9	4.47612732
379	4.82273237
379.1	5.0729443
379.2	5.0729443
379.3	5.27188329
379.4	4.9734748
379.5	4.67506631
379.6	4.67506631
379.7	4.67506631
379.8	4.47612732
379.9	4.67506631
380	4.94428914
380.1	5.0729443
380.2	4.87400531
380.3	4.67506631
380.4	4.47612732
380.5	4.07824934
380.6	3.87931034
380.7	3.87931034
380.8	4.07824934
380.9	4.07824934
381	3.87931034
381.1	3.87931034
381.2	4.07824934
381.3	4.07824934
381.4	4.27718833
381.5	4.07824934
381.6	4.07824934
381.7	4.47612732
381.8	4.67506631
381.9	5.0729443
382	5.15389641
382.1	4.67506631
382.2	4.77453581
382.3	4.67506631
382.4	4.67506631
382.5	4.67506631
382.6	4.67506631
382.7	4.67506631
382.8	4.67506631
382.9	4.67506631
383	4.73404823
383.1	5.0729443
383.2	5.27188329
383.3	5.27188329
383.4	5.0729443
383.5	4.67506631
383.6	4.07824934
383.7	4.07824934
383.8	4.07824934
383.9	3.87931034
384	3.93899204
384.1	4.07824934
384.2	4.07824934
384.3	3.87931034
384.4	4.07824934
384.5	4.47612732
384.6	4.07824934
384.7	3.87931034
384.8	3.87931034
384.9	3.68037135
385	3.80757553
385.1	4.07824934
385.2	4.07824934
385.3	4.27718833
385.4	3.87931034
385.5	3.68037135
385.6	3.28249337
385.7	3.48143236
385.8	3.68037135
385.9	3.48143236
386	3.59941924
386.1	3.87931034
386.2	3.87931034
386.3	4.07824934
386.4	3.87931034
386.5	3.87931034
386.6	3.97877984
386.7	4.07824934
386.8	4.57559682
386.9	5.0729443
387	5.39124668
387.1	5.86870027
387.2	5.96816976
387.3	5.66976127
387.4	5.66976127
387.5	5.96816976
387.6	6.76392573
387.7	6.86339523
387.8	6.46551724
387.9	5.57029178
388	4.49602122
388.1	3.77984085
388.2	3.68037135
388.3	3.87931034
388.4	3.68037135
388.5	3.68037135
388.6	3.87931034
388.7	4.07824934
388.8	4.37665782
388.9	4.67506631
389	5.47082228
389.1	5.37135279
389.2	4.87400531
389.3	4.47612732
389.4	4.37665782
389.5	4.17771883
389.6	4.07824934
389.7	4.07824934
389.8	4.47612732
389.9	4.57559682
390	4.40507768
390.1	4.27718833
390.2	4.37665782
390.3	4.9734748
390.4	5.66976127
390.5	5.96816976
390.6	6.36604775
390.7	6.86339523
390.8	7.26127321
390.9	7.4602122
391	8.09401783
391.1	8.85278515
391.2	9.84748011
391.3	10.64323607
391.4	11.24005305
391.5	11.04111406
391.6	9.84748011
391.7	7.4602122
391.8	6.26657825
391.9	5.66976127
392	5.40973866
392.1	5.0729443
392.2	5.0729443
392.3	5.0729443
392.4	5.47082228
392.5	5.86870027
392.6	6.26657825
392.7	6.26657825
392.8	6.06763926
392.9	5.47082228
393	4.95495742
393.1	4.67506631
393.2	5.0729443
393.3	5.47082228
393.4	5.37135279
393.5	5.0729443
393.6	5.0729443
393.7	5.0729443
393.8	4.67506631
393.9	4.27718833
394	3.96028551
394.1	3.48143236
394.2	3.28249337
394.3	3.08355438
394.4	3.08355438
394.5	3.48143236
394.6	3.87931034
394.7	3.87931034
394.8	3.87931034
394.9	4.07824934
395	4.15006847
395.1	4.47612732
395.2	4.9734748
395.3	5.47082228
395.4	5.47082228
395.5	5.17241379
395.6	4.47612732
395.7	3.87931034
395.8	3.87931034
395.9	3.77984085
396	3.62068966
396.1	3.48143236
396.2	3.48143236
396.3	3.28249337
396.4	3.48143236
396.5	3.77984085
396.6	3.87931034
396.7	3.68037135
396.8	3.48143236
396.9	3.48143236
397	3.18385975
397.1	3.28249337
397.2	3.48143236
397.3	3.68037135
397.4	3.87931034
397.5	3.87931034
397.6	3.68037135
397.7	3.87931034
397.8	4.47612732
397.9	4.67506631
398	4.93439151
398.1	5.0729443
398.2	5.17241379
398.3	5.57029178
398.4	5.66976127
398.5	5.66976127
398.6	5.17241379
398.7	4.37665782
398.8	4.17771883
398.9	4.37665782
399	4.87400531
399.1	5.0729443
399.2	4.87400531
399.3	4.67506631
399.4	4.87400531
399.5	4.87400531
399.6	5.0729443
399.7	5.0729443
399.8	5.0729443
399.9	4.87400531
400	4.95737022
400.1	5.04982948
400.2	5.0729443
400.3	5.27188329
400.4	5.47082228
400.5	6.16710875
400.6	6.26657825
400.7	6.26657825
400.8	6.66445623
400.9	7.26127321
401	7.4005305
401.1	6.86339523
401.2	6.86339523
401.3	7.36074271
401.4	8.05702918
401.5	8.05702918
401.6	8.15649867
401.7	8.55437666
401.8	9.25066313
401.9	9.9469496
402	10.68579516
402.1	11.63793103
402.2	12.03580902
402.3	12.23474801
402.4	11.83687003
402.5	11.43899204
402.6	11.63793103
402.7	12.23474801
402.8	13.42838196
402.9	15.21883289
403	16.74223959
403.1	18.03229622
403.2	18.60079576
403.3	18.99867374
403.4	19.39655172
403.5	20.32493369
403.6	21.18700265
403.7	21.58488064
403.8	20.78912467
403.9	21.38594164
404	21.58488064
404.1	22.49005305
404.2	24.17108753
404.3	26.55835544
404.4	28.54774536
404.5	29.54244032
404.6	29.34350133
404.7	28.54774536
404.8	28.34880637
404.9	28.94562334
405	30.22759483
405.1	31.03448276
405.2	32.62599469
405.3	31.23342175
405.4	30.0397878
405.5	28.64721485
405.6	27.25464191
405.7	27.15517241
405.8	27.85145889
405.9	28.74668435
406	29.4678382
406.1	29.24403183
406.2	28.84615385
406.3	27.75198939
406.4	27.15517241
406.5	28.05039788
406.6	29.14456233
406.7	29.95275199
406.8	30.83554377
406.9	31.73076923
407	32.92440318
407.1	34.81432361
407.2	37.00265252
407.3	38.99204244
407.4	40.38461538
407.5	41.27984085
407.6	41.87665782
407.7	41.77718833
407.8	41.47877984
407.9	42.17506631
408	43.89920424
408.1	46.25331565
408.2	49.03846154
408.3	51.32625995
408.4	53.31564987
408.5	53.31564987
408.6	52.4204244
408.7	51.02785146
408.8	49.13793103
408.9	49.53580902
409	50.64986737
409.1	52.22148541
409.2	53.41511936
409.3	54.01193634
409.4	54.50928382
409.5	56.00132626
409.6	57.4933687
409.7	57.69230769
409.8	56.00132626
409.9	55.80238727
410	55.87343691
410.1	55.70291777
410.2	54.80769231
410.3	55.80238727
410.4	55.60344828
410.5	54.21087533
410.6	52.22148541
410.7	51.92307692
410.8	51.82360743
410.9	52.22148541
411	53.35543767
411.1	55.40450928
411.2	57.79177719
411.3	59.8806366
411.4	61.47214854
411.5	64.85411141
411.6	69.03183024
411.7	71.41909814
411.8	71.12068966
411.9	69.03183024
412	66.54509284
412.1	62.26790451
412.2	59.58222812
412.3	56.69761273
412.4	55.0066313
412.5	54.80769231
412.6	55.0066313
412.7	56.59814324
412.8	59.08488064
412.9	61.57161804
413	63.95387067
413.1	64.9535809
413.2	65.35145889
413.3	66.34615385
413.4	67.5397878
413.5	67.73872679
413.6	66.34615385
413.7	65.94827586
413.8	66.34615385
413.9	66.94297082
414	67.34084881
414.1	66.94297082
414.2	66.54509284
414.3	66.54509284
414.4	65.55039788
414.5	65.35145889
414.6	64.9535809
414.7	64.15782493
414.8	62.36737401
414.9	61.17374005
415	60.97480106
415.1	62.16843501
415.2	65.35145889
415.3	67.5397878
415.4	69.9270557
415.5	71.22015915
415.6	71.31962865
415.7	70.12599469
415.8	70.52387268
415.9	71.71750663
416	73.77647454
416.1	77.08885942
416.2	82.06233422
416.3	84.64854111
416.4	84.25066313
416.5	80.86870027
416.6	79.07824934
416.7	76.49204244
416.8	76.49204244
416.9	78.28249337
417	79.25660843
417.1	80.27188329
417.2	82.65915119
417.3	84.54907162
417.4	84.9469496
417.5	84.64854111
417.6	84.84748011
417.7	84.64854111
417.8	84.05172414
417.9	83.55437666
418	83.45490716
418.1	82.75862069
418.2	83.35543767
418.3	84.74801061
418.4	85.74270557
418.5	86.04111406
418.6	86.24005305
418.7	86.53846154
418.8	85.64323607
418.9	83.95225464
419	82.55659258
419.1	81.46551724
419.2	83.45490716
419.3	86.43899204
419.4	88.62732095
419.5	88.62732095
419.6	87.83156499
419.7	86.83687003
419.8	85.64323607
419.9	83.45490716
420	81.79687692
420.1	80.37135279
420.2	77.3872679
420.3	74.20424403
420.4	71.81697613
420.5	69.82758621
420.6	70.0265252
420.7	71.81697613
420.8	72.4137931
420.9	70.12599469
421	69.21087533
421.1	68.23607427
421.2	66.14721485
421.3	64.25729443
421.4	63.56100796
421.5	64.05835544
421.6	63.75994695
421.7	59.58222812
421.8	53.31564987
421.9	45.95490716
422	40.69974144
422.1	36.90318302
422.2	34.11803714
422.3	31.13395225
422.4	27.75198939
422.5	24.37002653
422.6	21.43567639
422.7	18.79973475
422.8	17.4071618
422.9	16.81034483
423	17.59937846
423.1	18.35543066
423.2	19.11148286
423.3	20.19230769
423.4	21.78381963
423.5	23.17639257
423.6	23.57427056
423.7	24.17108753
423.8	25.16578249
423.9	26.75729443
424	28.86563756
424.1	30.93501326
424.2	34.21750663
424.3	38.29575597
424.4	44.86074271
424.5	51.52519894
424.6	57.3938992
424.7	62.4668435
424.8	66.64456233
424.9	70.22546419
425	72.25594296
425.1	74.14547418
425.2	76.29310345
425.3	80.0729443
425.4	85.24535809
425.5	89.82095491
425.6	93.20291777
425.7	97.5795756
425.8	101.95623342
425.9	107.32758621
426	110.64986737
426.1	111.50530504
426.2	110.31167109
426.3	107.72546419
426.4	106.33289125
426.5	105.13925729
426.6	102.15517241
426.7	96.38594164
426.8	90.81564987
426.9	83.25596817
427	74.71921902
427.1	65.25198939
427.2	55.50397878
427.3	49.23740053
427.4	45.85543767
427.5	43.96551724
427.6	42.77188329
427.7	40.58355438
427.8	38.99204244
427.9	38.59416446
428	39.61372679
428.1	41.08090186
428.2	40.58355438
428.3	39.38992042
428.4	38.69363395
428.5	38.49469496
428.6	38.49469496
428.7	39.38992042
428.8	40.38461538
428.9	41.47877984
429	42.65140781
429.1	43.86604775
429.2	44.26392573
429.3	42.07559682
429.4	39.09151194
429.5	37.5
429.6	38.09681698
429.7	38.29575597
429.8	38.09681698
429.9	37.69893899
430	38.15674495
430.1	40.38461538
430.2	42.97082228
430.3	44.9602122
430.4	45.85543767
430.5	45.75596817
430.6	43.66710875
430.7	39.9867374
430.8	37.79840849
430.9	37.10212202
431	37.35079576
431.1	38.19628647
431.2	40.38461538
431.3	43.46816976
431.4	45.75596817
431.5	45.85543767
431.6	46.05437666
431.7	46.25331565
431.8	46.25331565
431.9	46.65119363
432	46.82813937
432.1	47.4469496
432.2	47.4469496
432.3	46.05437666
432.4	46.65119363
432.5	48.24270557
432.6	49.63527851
432.7	50.43103448
432.8	50.62997347
432.9	51.82360743
433	52.54119681
433.1	53.01724138
433.2	53.81299735
433.3	54.70822281
433.4	54.11140584
433.5	53.31564987
433.6	52.22148541
433.7	49.73474801
433.8	45.75596817
433.9	43.36870027
434	41.59260066
434.1	39.68832891
434.2	37.10212202
434.3	36.50530504
434.4	35.51061008
434.5	34.9137931
434.6	33.91909814
434.7	33.12334218
434.8	33.91909814
434.9	35.51061008
435	36.89825065
435.1	37.69893899
435.2	38.19628647
435.3	38.99204244
435.4	40.0862069
435.5	41.08090186
435.6	41.47877984
435.7	41.77718833
435.8	41.37931034
435.9	40.38461538
436	39.90926116
436.1	39.29045093
436.2	39.29045093
436.3	39.8872679
436.4	40.0862069
436.5	40.48408488
436.6	40.68302387
436.7	40.0862069
436.8	38.89257294
436.9	37.69893899
437	36.9513472
437.1	36.90318302
437.2	38.79310345
437.3	42.07559682
437.4	44.86074271
437.5	47.04907162
437.6	48.24270557
437.7	47.34748011
437.8	45.65649867
437.9	46.35278515
438	46.27530891
438.1	45.45755968
438.2	43.66710875
438.3	42.27453581
438.4	40.68302387
438.5	40.48408488
438.6	40.88196286
438.7	41.67771883
438.8	42.07559682
438.9	42.4734748
439	43.14645461
439.1	43.46816976
439.2	43.86604775
439.3	44.61206897
439.4	45.25862069
439.5	46.05437666
439.6	47.04907162
439.7	46.25331565
439.8	43.86604775
439.9	41.47877984
440	40.0765428
440.1	39.8872679
440.2	41.67771883
440.3	43.26923077
440.4	44.86074271
440.5	45.65649867
440.6	45.85543767
440.7	43.26923077
440.8	40.88196286
440.9	39.09151194
441	38.64702063
441.1	40.0862069
441.2	41.67771883
441.3	42.27453581
441.4	42.87135279
441.5	42.4734748
441.6	41.08090186
441.7	41.08090186
441.8	41.47877984
441.9	41.87665782
442	44.08006284
442.1	45.55702918
442.2	45.45755968
442.3	44.36339523
442.4	42.17506631
442.5	39.9867374
442.6	39.48938992
442.7	39.29045093
442.8	39.29045093
442.9	39.8872679
443	41.47877984
443.1	42.4734748
443.2	43.07029178
443.3	43.66710875
443.4	44.81100796
443.5	45.25862069
443.6	45.95490716
443.7	46.85013263
443.8	48.14323607
443.9	49.73474801
444	49.91519267
444.1	49.43633952
444.2	48.64058355
444.3	48.04376658
444.4	47.84482759
444.5	48.04376658
444.6	48.24270557
444.7	48.83952255
444.8	50.62997347
444.9	52.6193634
445	54.70306336
445.1	57.29442971
445.2	58.48806366
445.3	59.83090186
445.4	61.07427056
445.5	61.67108753
445.6	60.87533156
445.7	59.9801061
445.8	58.09018568
445.9	56.69761273
446	56.00132626
446.1	56.00132626
446.2	55.20557029
446.3	55.40450928
446.4	56.20026525
446.5	57.3938992
446.6	57.5928382
446.7	57.79177719
446.8	57.3938992
446.9	57.19496021
447	57.53245199
447.1	57.19496021
447.2	57.19496021
447.3	57.19496021
447.4	56.79708223
447.5	55.90185676
447.6	53.51458886
447.7	52.81830239
447.8	52.91777188
447.9	53.71352785
448	54.66912784
448.1	54.80769231
448.2	55.0066313
448.3	55.20557029
448.4	55.20557029
448.5	55.60344828
448.6	56.39920424
448.7	57.3938992
448.8	57.99071618
448.9	57.79177719
449	56.82323228
449.1	56.20026525
449.2	56.39920424
449.3	56.99602122
449.4	57.5928382
449.5	58.28912467
449.6	58.38859416
449.7	57.3938992
449.8	56.20026525
449.9	56.20026525
450	57.37790654
450.1	58.89575532
450.2	60.67639257
450.3	62.16843501
450.4	63.06366048
450.5	63.46153846
450.6	62.66578249
450.7	61.67108753
450.8	61.17374005
450.9	60.67639257
451	60.29840849
451.1	59.78116711
451.2	59.18435013
451.3	59.18435013
451.4	59.66180371
451.5	59.78116711
451.6	60.0795756
451.7	61.57161804
451.8	61.17374005
451.9	60.47745358
452	60.1193634
452.1	59.68169761
452.2	57.99071618
452.3	56.69761273
452.4	56.59814324
452.5	56.99602122
452.6	57.3938992
452.7	56.89655172
452.8	56.39920424
452.9	56.10079576
453	56.51856764
453.1	57.29442971
453.2	59.48275862
453.3	61.27320955
453.4	63.46153846
453.5	64.35676393
453.6	64.75464191
453.7	64.35676393
453.8	63.75994695
453.9	63.46153846
454	63.70026525
454.1	63.06366048
454.2	61.07427056
454.3	59.18435013
454.4	56.69761273
454.5	56.00132626
454.6	56.89655172
454.7	57.79177719
454.8	57.99071618
454.9	57.4933687
455	56.99602122
455.1	57.29442971
455.2	58.58753316
455.3	59.45789125
455.4	60.37798408
455.5	61.47214854
455.6	65.15251989
455.7	71.31962865
455.8	75.99469496
455.9	78.18302387
456	77.98659251
456.1	77.4867374
456.2	77.88461538
456.3	79.27718833
456.4	79.87400531
456.5	79.47612732
456.6	78.48143236
456.7	77.28779841
456.8	76.09416446
456.9	75.29840849
457	73.11007958
457.1	71.31962865
457.2	69.33023873
457.3	68.73342175
457.4	69.33023873
457.5	71.12068966
457.6	74.50265252
457.7	76.69098143
457.8	78.68037135
457.9	77.4867374
458	75.44290102
458.1	72.5132626
458.2	70.52387268
458.3	68.13660477
458.4	65.74933687
458.5	63.26259947
458.6	60.67639257
458.7	56.59814324
458.8	52.02254642
458.9	47.04907162
459	43.7168435
459.1	41.18037135
459.2	37.69893899
459.3	35.21220159
459.4	33.81962865
459.5	33.12334218
459.6	33.32228117
459.7	33.02387268
459.8	32.32758621
459.9	31.03448276
460	29.64190981
460.1	29.14456233
460.2	29.9403183
460.3	30.73607427
460.4	31.06763926
460.5	31.73076923
460.6	31.73076923
460.7	32.02917772
460.8	33.22281167
460.9	34.71485411
461	35.23706897
461.1	34.31697613
461.2	31.92970822
461.3	29.74137931
461.4	27.95092838
461.5	27.5530504
461.6	27.35411141
461.7	26.75729443
461.8	25.76259947
461.9	24.76790451
462	24.05172414
462.1	23.77320955
462.2	24.17108753
462.3	24.76790451
462.4	24.86737401
462.5	24.76790451
462.6	24.46949602
462.7	23.97214854
462.8	23.97214854
462.9	24.17108753
463	24.80489317
463.1	25.56366048
463.2	26.55835544
463.3	27.35411141
463.4	27.15517241
463.5	26.95623342
463.6	27.15517241
463.7	27.35411141
463.8	26.95623342
463.9	26.95623342
464	27.58027363
464.1	28.44827586
464.2	28.94562334
464.3	29.74137931
464.4	29.74137931
464.5	29.54244032
464.6	30.63660477
464.7	32.72546419
464.8	34.51591512
464.9	35.90848806
465	36.30636605
465.1	36.10742706
465.2	34.9137931
465.3	34.31697613
465.4	33.32228117
465.5	32.32758621
465.6	33.72015915
465.7	34.71485411
465.8	35.70954907
465.9	37.10212202
466	38.90659214
466.1	41.47877984
466.2	44.46286472
466.3	46.45225464
466.4	48.44164456
466.5	47.24801061
466.6	45.0596817
466.7	43.26923077
466.8	43.46816976
466.9	43.46816976
467	44.06167109
467.1	44.26392573
467.2	44.26392573
467.3	44.26392573
467.4	45.0066313
467.5	46.05437666
467.6	47.24801061
467.7	49.63527851
467.8	52.22148541
467.9	54.80769231
468	56.94268007
468.1	58.88594164
468.2	60.57692308
468.3	62.86472149
468.4	64.25729443
468.5	65.74933687
468.6	68.13660477
468.7	70.92175066
468.8	74.10477454
468.9	76.88992042
469	79.44734998
469.1	80.66976127
469.2	80.0729443
469.3	79.07824934
469.4	79.47612732
469.5	81.06763926
469.6	81.86339523
469.7	82.4602122
469.8	81.86339523
469.9	81.06763926
470	81.29499811
470.1	82.4602122
470.2	83.65384615
470.3	86.24005305
470.4	90.0198939
470.5	93.60079576
470.6	97.18169761
470.7	100.16578249
470.8	103.34880637
470.9	105.53713528
471	105.65930251
471.1	106.33289125
471.2	108.72015915
471.3	111.50530504
471.4	115.0862069
471.5	117.27453581
471.6	116.67771883
471.7	116.67771883
471.8	118.07029178
471.9	121.05437666
472	125.411305
472.1	129.21087533
472.2	130.90185676
472.3	131.89655172
472.4	132.5928382
472.5	133.58753316
472.6	136.87002653
472.7	142.24137931
472.8	150.19893899
472.9	160.97138602
473	172.44715349
473.1	186.24384236
473.2	200.0331565
473.3	214.9535809
473.4	235.24535809
473.5	251.55835544
473.6	264.29045093
473.7	267.87135279
473.8	261.70424403
473.9	243.60079576
474	220.84150636
474.1	196.65119363
474.2	179.9403183
474.3	170.0928382
474.4	162.03580902
474.5	155.86870027
474.6	146.74237401
474.7	142.73872679
474.8	138.85941645
474.9	134.78116711
475	132.79177719
475.1	132.19496021
475.2	132.76193634
475.3	131.59814324
475.4	127.02254642
475.5	118.86604775
475.6	108.32228117
475.7	97.77851459
475.8	86.63793103
475.9	73.50795756
476	62.91118531
476.1	52.02254642
476.2	43.86604775
476.3	37.79840849
476.4	33.81962865
476.5	32.22811671
476.6	31.03448276
476.7	30.63660477
476.8	30.0397878
476.9	29.54244032
477	28.44827586
477.1	27.35411141
477.2	27.35411141
477.3	27.95092838
477.4	27.5530504
477.5	26.16047745
477.6	24.9668435
477.7	25.56366048
477.8	27.06155406
477.9	28.60625683
478	30.15095959
478.1	30.53713528
478.2	30.53713528
478.3	30.53713528
478.4	30.83554377
478.5	33.12334218
478.6	34.71485411
478.7	36.20689655
478.8	37.99734748
478.9	40.0862069
479	42.72214854
479.1	45.95490716
479.2	49.23740053
479.3	53.51458886
479.4	58.28912467
479.5	63.85941645
479.6	72.31432361
479.7	81.26657825
479.8	93.40185676
479.9	105.93501326
480	121.84302766
480.1	138.8096817
480.2	151.44230769
480.3	176.55835544
480.4	205.43766578
480.5	240.21883289
480.6	282.5698837
480.7	326.18343195
480.8	361.94462865
480.9	387.73209549
481	391.01458886
481.1	351.77387268
481.2	315.13925729
481.3	275.82891247
481.4	253.34880637
481.5	248.17639257
481.6	251.75729443
481.7	250.066313
481.8	245.88859416
481.9	239.62201592
482	231.56498674
482.1	222.11538462
482.2	215.84880637
482.3	207.5928382
482.4	197.5464191
482.5	186.50530504
482.6	170.98806366
482.7	149.50265252
482.8	141.84350133
482.9	129.40981432
483	117.83156499
483.1	104.34350133
483.2	93.40185676
483.3	83.75331565
483.4	78.08355438
483.5	79.57559682
483.6	85.64323607
483.7	90.61671088
483.8	94.79442971
483.9	96.28647215
484	91.57161804
484.1	86.24005305
484.2	82.4602122
484.3	77.78514589
484.4	73.60742706
484.5	72.31432361
484.6	75.19893899
484.7	80.57029178
484.8	87.23474801
484.9	91.90981432
485	94.39655172
485.1	94.79442971
485.2	95.19230769
485.3	96.38594164
485.4	97.3806366
485.5	95.98806366
485.6	93.79973475
485.7	93.40185676
485.8	97.77851459
485.9	106.33289125
486	115.09039509
486.1	124.73474801
486.2	130.30503979
486.3	132.4933687
486.4	132.79177719
486.5	132.09549072
486.6	131.69761273
486.7	132.5928382
486.8	132.19496021
486.9	131.99602122
487	131.59981499
487.1	130.80238727
487.2	130.20557029
487.3	128.01724138
487.4	126.02785146
487.5	124.43633952
487.6	121.65119363
487.7	118.86604775
487.8	117.07559682
487.9	116.47877984
488	116.79849124
488.1	117.87135279
488.2	120.55702918
488.3	123.64058355
488.4	125.62997347
488.5	126.02785146
488.6	124.53580902
488.7	124.03846154
488.8	123.83952255
488.9	122.04907162
489	118.89920424
489.1	117.07559682
489.2	118.16976127
489.3	120.45755968
489.4	121.85013263
489.5	122.74535809
489.6	124.53580902
489.7	127.6193634
489.8	131.00132626
489.9	132.89124668
490	133.18965517
490.1	132.99071618
490.2	132.29442971
490.3	131.00132626
490.4	128.31564987
490.5	125.0331565
490.6	122.5464191
490.7	121.85013263
490.8	123.04376658
490.9	122.4469496
491	123.2178382
491.1	124.43633952
491.2	126.02785146
491.3	128.61405836
491.4	131.20026525
491.5	131.59814324
491.6	130.30503979
491.7	130.40450928
491.8	131.69761273
491.9	130.80238727
492	130.80238727
492.1	133.78647215
492.2	136.96949602
492.3	139.9535809
492.4	140.74933687
492.5	141.14721485
492.6	141.14721485
492.7	141.14721485
492.8	139.9535809
492.9	140.94827586
493	141.64539821
493.1	141.54509284
493.2	140.64986737
493.3	140.74933687
493.4	140.84880637
493.5	141.94297082
493.6	144.42970822
493.7	144.52917772
493.8	144.72811671
493.9	145.12599469
494	145.12599469
494.1	144.42970822
494.2	143.53448276
494.3	144.03183024
494.4	145.22546419
494.5	145.82228117
494.6	144.52917772
494.7	143.03713528
494.8	142.93766578
494.9	144.03183024
495	145.72281167
495.1	145.32493369
495.2	142.4403183
495.3	138.85941645
495.4	136.37267905
495.5	134.08488064
495.6	131.29973475
495.7	128.81299735
495.8	125.43103448
495.9	121.35278515
496	116.47321511
496.1	108.91909814
496.2	97.97745358
496.3	80.27188329
496.4	63.16312997
496.5	43.05
496.6	NA
496.7	NA
496.8	NA
496.9	NA
497	NA
497.1	NA
497.2	NA
497.3	NA
497.4	NA
497.5	NA
497.6	NA
497.7	NA
497.8	NA
497.9	NA
498	NA
498.1	NA
498.2	NA
498.3	NA
498.4	NA
498.5	NA
498.6	NA
498.7	NA
498.8	NA
498.9	NA
499	NA
499.1	NA
499.2	NA
499.3	NA
499.4	NA
499.5	NA
499.6	NA
499.7	NA
499.8	NA
499.9	NA
500	NA
500.1	NA
500.2	NA
500.3	NA
500.4	NA
500.5	NA
500.6	NA
500.7	NA
500.8	NA
500.9	NA
501	NA
501.1	NA
501.2	NA
501.3	NA
501.4	NA
501.5	NA
501.6	NA
501.7	NA
501.8	NA
501.9	NA
502	NA
502.1	NA
502.2	NA
502.3	NA
502.4	NA
502.5	NA
502.6	NA
502.7	NA
502.8	NA
502.9	NA
503	NA
