DEPT	GR
18	27.4268617
18.1	27.4268617
18.2	27.4268617
18.3	27.4268617
18.4	27.82579787
18.5	28.42420213
18.6	29.22207447
18.7	28.8231383
18.8	28.22473404
18.9	27.22739362
19	26.82845745
19.1	25.83111702
19.2	24.23537234
19.3	23.23803191
19.4	24.63430851
19.5	25.83111702
19.6	25.63164894
19.7	25.43218085
19.8	25.63164894
19.9	26.23005319
20	27.22739362
20.1	27.22739362
20.2	27.02792553
20.3	27.32712766
20.4	28.62367021
20.5	29.22207447
20.6	29.12234043
20.7	30.51861702
20.8	30.91755319
20.9	29.42154255
21	30.61835106
21.1	32.51329787
21.2	32.71276596
21.3	31.61569149
21.4	29.5212766
21.5	28.72340426
21.6	27.52659574
21.7	26.7287234
21.8	27.62632979
21.9	28.62367021
22	29.42154255
22.1	32.41356383
22.2	44.00265957
22.3	50.1662234
22.4	28.87727964
22.5	26.23005319
22.6	28.26861702
22.7	32.21409574
22.8	34.80718085
22.9	38.79654255
23	41.34922906
23.1	44.18218085
23.2	45.57845745
23.3	46.875
23.4	48.47074468
23.5	49.36835106
23.6	49.96675532
23.7	49.06914894
23.8	49.16888298
23.9	50.36569149
24	54.4975304
24.1	59.24202128
24.2	63.33111702
24.3	66.82180851
24.4	70.3125
24.5	73.50398936
24.6	75.89760638
24.7	77.99202128
24.8	77.69281915
24.9	75.2862967
25	72.5286108
25.1	69.91356383
25.2	64.13397606
25.3	59.5412234
25.4	55.15292553
25.5	54.45478723
25.6	54.95345745
25.7	58.34441489
25.8	64.9268617
25.9	70.51196809
26	70.26199091
26.1	70.11303191
26.2	68.9162234
26.3	67.91888298
26.4	66.92154255
26.5	65.92420213
26.6	65.92420213
26.7	67.51994681
26.8	70.71143617
26.9	74.10239362
27	76.6292159
27.1	78.2912234
27.2	80.08643617
27.3	81.48271277
27.4	81.68218085
27.5	80.78457447
27.6	80.48537234
27.7	80.48537234
27.8	82.08111702
27.9	85.47207447
28	89.26196809
28.1	89.26196809
28.2	89.46143617
28.3	88.56382979
28.4	86.26994681
28.5	83.07845745
28.6	82.28058511
28.7	81.88164894
28.8	82.08111702
28.9	81.48271277
29	79.92961299
29.1	77.49335106
29.2	76.29654255
29.3	80.08643617
29.4	82.67952128
29.5	85.67154255
29.6	88.86303191
29.7	90.65824468
29.8	91.05718085
29.9	88.86303191
30	84.77393617
30.1	80.68484043
30.2	79.6875
30.3	79.08909574
30.4	79.28856383
30.5	80.48537234
30.6	82.87898936
30.7	82.67952128
30.8	81.88164894
30.9	82.87898936
31	87.35563486
31.1	94.84707447
31.2	104.22207447
31.3	115.49202128
31.4	126.16356383
31.5	131.05053191
31.6	129.8537234
31.7	124.76728723
31.8	121.1768617
31.9	126.76196809
32	131.83660776
32.1	135.13962766
32.2	137.3337766
32.3	131.54920213
32.4	127.16090426
32.5	123.57047872
32.6	123.37101064
32.7	121.1768617
32.8	116.78856383
32.9	109.60771277
33	104.82047872
33.1	98.23803191
33.2	97.83909574
33.3	98.63696809
33.4	100.63164894
33.5	103.62367021
33.6	105.61835106
33.7	104.02260638
33.8	103.42420213
33.9	104.82047872
34	106.11702128
34.1	107.01462766
34.2	105.21941489
34.3	102.62632979
34.4	100.43218085
34.5	101.82845745
34.6	104.22207447
34.7	105.61835106
34.8	105.61835106
34.9	104.62101064
35	103.45269757
35.1	100.63164894
35.2	92.65292553
35.3	82.08111702
35.4	65.32579787
35.5	48.76994681
35.6	49.36835106
35.7	33.41090426
35.8	29.82047872
35.9	27.02792553
36	25.23271277
36.1	25.12101064
36.2	25.63164894
36.3	24.43484043
36.4	23.63696809
36.5	23.63696809
36.6	24.03590426
36.7	24.39187807
36.8	24.75398936
36.9	24.8337766
37	24.43484043
37.1	24.43484043
37.2	24.8337766
37.3	25.23271277
37.4	25.84109043
37.5	26.42952128
37.6	27.22739362
37.7	28.02526596
37.8	27.02792553
37.9	26.62898936
38	28.02526596
38.1	28.02526596
38.2	28.22916667
38.3	28.75221631
38.4	29.42154255
38.5	30.41888298
38.6	31.4162234
38.7	33.21143617
38.8	34.00930851
38.9	34.40824468
39	34.54716596
39.1	34.2087766
39.2	34.40824468
39.3	35.50531915
39.4	36.90159574
39.5	38.99601064
39.6	40.89095745
39.7	42.91283849
39.8	44.65365087
39.9	46.57579787
40	48.37101064
40.1	47.5731383
40.2	45.57845745
40.3	42.38696809
40.4	40.7912234
40.5	40.19281915
40.6	44.18218085
40.7	47.77260638
40.8	51.16356383
40.9	55.75132979
41	64.59441489
41.1	77.46143617
41.2	90.32845745
41.3	120.20611702
41.4	158.54720745
41.5	208.05946049
41.6	257.57171353
41.7	307.08396657
41.8	356.5962196
41.9	386.26994681
42	402.32712766
42.1	402.22739362
42.2	400.63164894
42.3	398.29388298
42.4	392.61635638
42.5	373.8231383
42.6	320.21010638
42.7	254.07047872
42.8	192.84574468
42.9	156.20345745
43	133.14494681
43.1	124.66755319
43.2	117.8856383
43.3	110.80452128
43.4	105.41888298
43.5	100.53191489
43.6	98.93617021
43.7	100.23271277
43.8	101.92819149
43.9	104.12234043
44	104.42154255
44.1	102.22739362
44.2	103.62367021
44.3	104.62101064
44.4	104.62101064
44.5	103.8231383
44.6	103.62367021
44.7	101.82845745
44.8	101.62898936
44.9	104.62101064
45	104.32180851
45.1	104.02260638
45.2	103.8231383
45.3	102.4268617
45.4	100.12300532
45.5	99.23537234
45.6	99.03590426
45.7	100.03324468
45.8	103.42420213
45.9	106.81515957
46	108.09385498
46.1	110.40558511
46.2	113.09840426
46.3	116.19015957
46.4	119.58111702
46.5	122.47340426
46.6	125.46542553
46.7	128.55718085
46.8	131.64893617
46.9	134.34175532
47	134.14228723
47.1	131.9481383
47.2	133.34441489
47.3	134.94015957
47.4	135.73803191
47.5	136.53590426
47.6	135.13962766
47.7	130.5518617
47.8	129.75398936
47.9	129.55452128
48	129.15558511
48.1	129.8537234
48.2	131.74867021
48.3	134.34175532
48.4	136.93484043
48.5	139.9268617
48.6	141.72207447
48.7	142.42021277
48.8	139.52792553
48.9	137.23404255
49	136.28218753
49.1	137.73271277
49.2	140.72473404
49.3	139.52792553
49.4	138.92952128
49.5	139.12898936
49.6	136.33643617
49.7	133.74335106
49.8	133.94281915
49.9	136.47828014
50	137.93218085
50.1	137.53324468
50.2	135.2393617
50.3	134.04255319
50.4	134.24202128
50.5	137.3337766
50.6	138.13164894
50.7	138.43085106
50.8	136.23670213
50.9	135.33909574
51	135.53856383
51.1	137.03457447
51.2	137.13430851
51.3	135.73803191
51.4	136.23670213
51.5	137.79920213
51.6	139.62765957
51.7	141.42287234
51.8	143.71675532
51.9	145.3125
52	146.65953552
52.1	146.30984043
52.2	145.51196809
52.3	143.9162234
52.4	143.51728723
52.5	142.12101064
52.6	139.72739362
52.7	137.53324468
52.8	134.94015957
52.9	133.67021277
53	133.84308511
53.1	138.73005319
53.2	138.92952128
53.3	137.53324468
53.4	137.13430851
53.5	137.13430851
53.6	137.03457447
53.7	135.33909574
53.8	133.64361702
53.9	136.33643617
54	138.77992021
54.1	139.62765957
54.2	138.82978723
54.3	137.43351064
54.4	136.73537234
54.5	137.73271277
54.6	139.12898936
54.7	139.2287234
54.8	139.2287234
54.9	139.02925532
55	140.54301966
55.1	141.92154255
55.2	141.92154255
55.3	141.52260638
55.4	140.92420213
55.5	137.93218085
55.6	132.14760638
55.7	129.35505319
55.8	125.36569149
55.9	120.97739362
56	121.1768617
56.1	124.16888298
56.2	125.96409574
56.3	126.96143617
56.4	127.36037234
56.5	125.36569149
56.6	123.17154255
56.7	123.37101064
56.8	125.1662234
56.9	128.35771277
57	129.20545213
57.1	130.15292553
57.2	129.75398936
57.3	131.34973404
57.4	133.34441489
57.5	132.34707447
57.6	133.54388298
57.7	136.13696809
57.8	136.53590426
57.9	135.33909574
58	131.74109548
58.1	129.55452128
58.2	127.36037234
58.3	126.86170213
58.4	126.96143617
58.5	127.36037234
58.6	127.9587766
58.7	128.85638298
58.8	128.45744681
58.9	127.2606383
59	125.56515957
59.1	125.56515957
59.2	127.9587766
59.3	129.75398936
59.4	130.15292553
59.5	128.15824468
59.6	126.16356383
59.7	123.76994681
59.8	124.56781915
59.9	128.55718085
60	129.86980276
60.1	130.5518617
60.2	129.95345745
60.3	129.95345745
60.4	130.65159574
60.5	132.14760638
60.6	134.64095745
60.7	136.93484043
60.8	135.03989362
60.9	134.14228723
61	134.14228723
61.1	134.14228723
61.2	133.94281915
61.3	133.94281915
61.4	134.34175532
61.5	134.74069149
61.6	130.75132979
61.7	126.36303191
61.8	121.97473404
61.9	120.57845745
62	119.78058511
62.1	119.18218085
62.2	118.18484043
62.3	115.99069149
62.4	118.18484043
62.5	122.17420213
62.6	124.76728723
62.7	125.96409574
62.8	126.5625
62.9	127.9587766
63	128.80651596
63.1	128.95611702
63.2	128.75664894
63.3	127.16090426
63.4	125.56515957
63.5	123.57047872
63.6	121.1768617
63.7	121.37632979
63.8	123.57047872
63.9	126.36303191
64	128.55718085
64.1	128.95611702
64.2	128.45744681
64.3	127.06117021
64.4	124.06914894
64.5	121.875
64.6	120.87765957
64.7	122.5731383
64.8	123.37101064
64.9	119.78058511
65	118.5075401
65.1	118.78324468
65.2	121.57579787
65.3	124.16888298
65.4	123.17154255
65.5	123.57047872
65.6	125.56515957
65.7	129.15558511
65.8	133.14494681
65.9	133.74335106
66	135.13962766
66.1	137.13430851
66.2	135.33909574
66.3	132.74601064
66.4	131.34973404
66.5	128.95611702
66.6	127.36037234
66.7	129.15558511
66.8	129.35505319
66.9	123.57047872
67	123.23208936
67.1	123.86968085
67.2	125.96409574
67.3	127.65957447
67.4	128.95611702
67.5	129.8537234
67.6	129.75398936
67.7	127.75930851
67.8	126.96143617
67.9	126.76196809
68	126.48102712
68.1	126.5625
68.2	127.55984043
68.3	127.9587766
68.4	126.96143617
68.5	127.16090426
68.6	128.15824468
68.7	131.15026596
68.8	129.68417553
68.9	125.56515957
69	121.03646356
69.1	117.08776596
69.2	115.69148936
69.3	116.38962766
69.4	117.78590426
69.5	120.67819149
69.6	124.26861702
69.7	128.95611702
69.8	130.15292553
69.9	130.75132979
70	130.8884641
70.1	130.75132979
70.2	129.65425532
70.3	127.9587766
70.4	126.16356383
70.5	125.76462766
70.6	122.87234043
70.7	119.58111702
70.8	119.18218085
70.9	120.77792553
71	120.97739362
71.1	120.37898936
71.2	119.78058511
71.3	120.37898936
71.4	120.97739362
71.5	122.17420213
71.6	124.36835106
71.7	127.75930851
71.8	132.54654255
71.9	132.54654255
72	129.62865738
72.1	127.16090426
72.2	124.96675532
72.3	125.46542553
72.4	125.56515957
72.5	125.46542553
72.6	128.15824468
72.7	131.44946809
72.8	133.54388298
72.9	131.05053191
73	126.36303191
73.1	128.35771277
73.2	129.15558511
73.3	129.15558511
73.4	128.55718085
73.5	128.55718085
73.6	130.35239362
73.7	131.15026596
73.8	130.95079787
73.9	129.55452128
74	128.40757979
74.1	127.55984043
74.2	127.9587766
74.3	128.75664894
74.4	130.15292553
74.5	131.9481383
74.6	132.54654255
74.7	131.9481383
74.8	130.5518617
74.9	131.74867021
75	133.64361702
75.1	132.74601064
75.2	131.62898936
75.3	131.15026596
75.4	133.14494681
75.5	135.73803191
75.6	138.33111702
75.7	139.12898936
75.8	139.12898936
75.9	136.53590426
76	133.98069284
76.1	130.05319149
76.2	128.35771277
76.3	126.66223404
76.4	125.46542553
76.5	125.26595745
76.6	126.36303191
76.7	126.5625
76.8	127.06117021
76.9	128.25797872
77	129.35505319
77.1	131.9481383
77.2	133.14494681
77.3	133.74335106
77.4	134.14228723
77.5	137.3337766
77.6	140.12632979
77.7	137.93218085
77.8	135.13962766
77.9	133.14494681
78	134.64448934
78.1	135.9375
78.2	135.63829787
78.3	134.5412234
78.4	131.84840426
78.5	132.24734043
78.6	133.24468085
78.7	134.04255319
78.8	132.04787234
78.9	127.75930851
79	125.36569149
79.1	123.96941489
79.2	124.66755319
79.3	124.66755319
79.4	124.86702128
79.5	126.26329787
79.6	127.2606383
79.7	128.45744681
79.8	130.5518617
79.9	131.84840426
80	130.95079787
80.1	131.9481383
80.2	135.53856383
80.3	136.53590426
80.4	136.93484043
80.5	136.13696809
80.6	135.73803191
80.7	135.33909574
80.8	136.93484043
80.9	138.92952128
81	139.2287234
81.1	137.83244681
81.2	134.5412234
81.3	133.34441489
81.4	131.44946809
81.5	128.35771277
81.6	127.55984043
81.7	127.65957447
81.8	128.45744681
81.9	128.95611702
82	129.19267214
82.1	130.35239362
82.2	132.34707447
82.3	134.34175532
82.4	135.33909574
82.5	136.13696809
82.6	138.73005319
82.7	139.9268617
82.8	139.72739362
82.9	136.73537234
83	133.74335106
83.1	135.43882979
83.2	136.93484043
83.3	136.31648936
83.4	134.44148936
83.5	130.05319149
83.6	128.95611702
83.7	127.75930851
83.8	126.5625
83.9	128.85638298
84	132.14760638
84.1	134.22207447
84.2	136.43617021
84.3	139.12898936
84.4	138.63031915
84.5	137.63297872
84.6	138.73005319
84.7	139.32845745
84.8	139.82712766
84.9	139.32845745
85	138.82091038
85.1	138.13164894
85.2	136.33643617
85.3	134.94015957
85.4	135.73803191
85.5	136.93484043
85.6	137.53324468
85.7	137.13430851
85.8	136.93484043
85.9	138.73005319
86	140.82446809
86.1	141.72207447
86.2	138.82978723
86.3	135.43882979
86.4	133.54388298
86.5	131.25
86.6	128.85638298
86.7	127.9587766
86.8	126.36303191
86.9	123.57047872
87	119.8423451
87.1	115.99069149
87.2	114.59441489
87.3	114.99335106
87.4	120.17952128
87.5	125.96409574
87.6	133.94281915
87.7	135.73803191
87.8	135.33909574
87.9	132.54654255
88	132.29878219
88.1	134.24202128
88.2	138.23138298
88.3	138.73005319
88.4	136.03723404
88.5	132.34707447
88.6	128.95611702
88.7	127.06117021
88.8	126.16356383
88.9	127.16090426
89	132.0906155
89.1	136.23670213
89.2	137.73271277
89.3	137.73271277
89.4	134.74069149
89.5	133.94281915
89.6	134.64095745
89.7	136.83510638
89.8	136.73537234
89.9	133.84308511
90	133.74335106
90.1	135.43882979
90.2	137.73271277
90.3	137.93218085
90.4	138.82978723
90.5	140.625
90.6	142.22074468
90.7	144.01595745
90.8	145.91090426
90.9	147.50664894
91	147.90558511
91.1	147.10771277
91.2	141.3231383
91.3	139.72739362
91.4	139.52792553
91.5	138.33111702
91.6	138.92952128
91.7	141.3231383
91.8	144.31515957
91.9	148.10505319
92	149.50132979
92.1	151.49601064
92.2	155.12882314
92.3	160.67154255
92.4	169.72960993
92.5	176.62898936
92.6	177.4268617
92.7	170.20611702
92.8	144.87367021
92.9	111.15558511
93	79.48803191
93.1	50.56515957
93.2	29.92021277
93.3	27.4268617
93.4	27.4268617
93.5	28.28457447
93.6	28.32446809
93.7	27.82579787
93.8	26.42952128
93.9	25.03324468
94	22.0412234
94.1	19.24867021
94.2	17.45345745
94.3	17.25398936
94.4	17.05452128
94.5	16.45611702
94.6	16.05718085
94.7	15.4587766
94.8	15.4587766
94.9	16.45611702
95	17.90353928
95.1	19.34840426
95.2	20.1462766
95.3	20.44547872
95.4	20.84441489
95.5	21.74202128
95.6	24.23537234
95.7	26.23005319
95.8	28.8231383
95.9	34.10904255
96	40.39228723
96.1	50.76462766
96.2	55.5518617
96.3	59.14228723
96.4	57.34707447
96.5	55.15292553
96.6	53.75664894
96.7	53.55718085
96.8	53.75664894
96.9	54.95345745
97	56.05053191
97.1	57.34707447
97.2	59.74069149
97.3	64.9268617
97.4	70.71143617
97.5	77.09441489
97.6	83.6768617
97.7	84.67420213
97.8	82.87898936
97.9	77.49335106
98	73.5837766
98.1	69.71409574
98.2	71.30984043
98.3	70.71143617
98.4	66.92154255
98.5	60.53856383
98.6	54.15558511
98.7	57.34707447
98.8	62.13430851
98.9	71.30984043
99	76.39904364
99.1	81.28324468
99.2	80.48537234
99.3	72.30718085
99.4	61.13696809
99.5	48.96941489
99.6	39.49468085
99.7	36.30319149
99.8	35.60505319
99.9	37.30053191
100	38.42062193
100.1	39.24918167
100.2	39.19547872
100.3	37.00132979
100.4	33.90957447
100.5	33.01196809
100.6	32.41356383
100.7	32.21409574
100.8	30.51861702
100.9	28.52393617
101	28.42420213
101.1	28.58710106
101.2	29.27360372
101.3	29.82047872
101.4	30.21941489
101.5	29.62101064
101.6	29.42154255
101.7	28.8231383
101.8	27.82579787
101.9	27.4268617
102	28.02526596
102.1	27.82579787
102.2	28.02526596
102.3	29.73736702
102.4	33.11170213
102.5	39.79388298
102.6	46.47606383
102.7	56.84840426
102.8	63.43085106
102.9	67.12101064
103	66.72457825
103.1	65.72473404
103.2	63.53058511
103.3	63.53058511
103.4	64.12898936
103.5	65.92420213
103.6	67.71941489
103.7	69.11569149
103.8	67.71941489
103.9	66.72207447
104	65.52526596
104.1	64.52792553
104.2	64.52792553
104.3	67.32047872
104.4	71.90824468
104.5	79.08909574
104.6	85.0731383
104.7	91.85505319
104.8	97.24069149
104.9	99.8337766
105	101.03058511
105.1	99.23537234
105.2	92.85239362
105.3	82.28058511
105.4	75.79787234
105.5	70.61170213
105.6	64.9268617
105.7	59.44148936
105.8	55.65159574
105.9	54.75398936
106	54.55452128
106.1	56.9481383
106.2	59.14228723
106.3	61.93484043
106.4	69.51462766
106.5	77.09441489
106.6	87.86569149
106.7	91.05718085
106.8	91.85505319
106.9	86.26994681
107	81.51928593
107.1	75.39893617
107.2	73.30452128
107.3	77.79255319
107.4	81.68218085
107.5	85.7712766
107.6	87.16755319
107.7	87.16755319
107.8	87.76595745
107.9	91.25664894
108	92.85239362
108.1	84.87367021
108.2	77.29388298
108.3	70.81117021
108.4	65.92420213
108.5	61.23670213
108.6	54.95345745
108.7	52.55984043
108.8	52.65957447
108.9	55.75132979
109	61.58577128
109.1	70.91090426
109.2	79.98670213
109.3	86.46941489
109.4	84.27526596
109.5	79.58776596
109.6	70.51196809
109.7	58.54388298
109.8	48.96941489
109.9	47.17420213
110	52.85485986
110.1	60.33909574
110.2	68.9162234
110.3	66.52260638
110.4	60.73803191
110.5	57.34707447
110.6	56.34973404
110.7	63.92952128
110.8	65.32579787
110.9	60.73803191
111	57.5306621
111.1	52.9587766
111.2	46.1768617
111.3	41.68882979
111.4	36.8018617
111.5	38.49734043
111.6	43.38430851
111.7	48.47074468
111.8	52.65957447
111.9	55.95079787
112	55.15292553
112.1	53.95611702
112.2	55.05319149
112.3	56.25
112.4	59.5412234
112.5	66.92154255
112.6	76.09707447
112.7	87.96542553
112.8	91.85505319
112.9	93.94946809
113	92.50520231
113.1	92.05452128
113.2	93.25132979
113.3	94.04920213
113.4	96.44281915
113.5	101.82845745
113.6	106.21675532
113.7	110.80452128
113.8	112.79920213
113.9	113.99601064
114	114.79388298
114.1	113.79654255
114.2	111.00398936
114.3	107.61303191
114.4	106.61569149
114.5	108.11170213
114.6	106.91489362
114.7	105.21941489
114.8	105.31914894
114.9	104.32180851
115	101.59574468
115.1	99.43484043
115.2	97.44015957
115.3	97.34042553
115.4	97.63962766
115.5	98.23803191
115.6	96.14361702
115.7	92.05452128
115.8	86.86835106
115.9	84.77393617
116	83.47739362
116.1	85.0731383
116.2	88.86303191
116.3	94.4481383
116.4	102.22739362
116.5	111.8018617
116.6	114.99335106
116.7	114.99335106
116.8	105.81781915
116.9	103.02526596
117	100.12666644
117.1	97.7393617
117.2	96.34308511
117.3	96.84175532
117.4	97.7393617
117.5	99.1356383
117.6	101.82845745
117.7	104.62101064
117.8	107.51329787
117.9	108.41090426
118	107.04369587
118.1	103.8231383
118.2	97.83909574
118.3	91.65558511
118.4	91.45611702
118.5	94.4481383
118.6	101.62898936
118.7	105.81781915
118.8	108.61037234
118.9	107.61303191
119	107.1274751
119.1	106.81515957
119.2	108.71010638
119.3	109.70744681
119.4	107.41356383
119.5	108.01196809
119.6	112.30053191
119.7	115.39228723
119.8	116.88829787
119.9	115.7912234
120	116.68882979
120.1	118.88297872
120.2	125.36569149
120.3	128.05851064
120.4	126.66223404
120.5	124.06914894
120.6	121.57579787
120.7	120.97739362
120.8	120.27925532
120.9	118.5837766
121	119.38164894
121.1	119.98005319
121.2	118.98271277
121.3	116.78856383
121.4	116.38962766
121.5	117.78590426
121.6	120.17952128
121.7	124.16888298
121.8	125.36569149
121.9	120.37898936
122	118.28457447
122.1	115.7912234
122.2	114.19547872
122.3	113.39760638
122.4	113.79654255
122.5	117.38696809
122.6	120.37898936
122.7	121.77526596
122.8	122.97207447
122.9	121.77526596
123	116.10842139
123.1	111.30319149
123.2	110.90425532
123.3	113.79654255
123.4	118.98271277
123.5	126.36303191
123.6	128.35771277
123.7	126.06382979
123.8	124.76728723
123.9	122.77260638
124	120.63270609
124.1	119.58111702
124.2	120.37898936
124.3	122.17420213
124.4	123.37101064
124.5	121.1768617
124.6	120.37898936
124.7	119.78058511
124.8	113.39760638
124.9	103.52510951
125	90.78731227
125.1	78.04951502
125.2	67.51994681
125.3	68.31781915
125.4	71.7087766
125.5	77.49335106
125.6	79.08909574
125.7	79.6875
125.8	77.69281915
125.9	74.50132979
126	68.9162234
126.1	69.31515957
126.2	71.30984043
126.3	73.70345745
126.4	76.49601064
126.5	79.48803191
126.6	78.88962766
126.7	76.29654255
126.8	74.10239362
126.9	72.10771277
127	70.91090426
127.1	69.11569149
127.2	67.12101064
127.3	64.9268617
127.4	60.73803191
127.5	52.9587766
127.6	48.96941489
127.7	46.1768617
127.8	46.77526596
127.9	45.97739362
128	44.38164894
128.1	38.1981383
128.2	32.01462766
128.3	26.23005319
128.4	26.62898936
128.5	27.22739362
128.6	27.82579787
128.7	29.22207447
128.8	31.61569149
128.9	37.20079787
129	41.1365029
129.1	46.57579787
129.2	52.85904255
129.3	59.34175532
129.4	62.73271277
129.5	63.73005319
129.6	62.3337766
129.7	59.44148936
129.8	56.64893617
129.9	57.14760638
130	58.1688352
130.1	58.74335106
130.2	51.76196809
130.3	47.5731383
130.4	45.37898936
130.5	45.97739362
130.6	48.37101064
130.7	51.16356383
130.8	51.76196809
130.9	51.16356383
131	53.17486702
131.1	56.34973404
131.2	61.53590426
131.3	66.12367021
131.4	67.32047872
131.5	64.52792553
131.6	59.5412234
131.7	53.35771277
131.8	51.16356383
131.9	52.36037234
132	52.31765321
132.1	50.36569149
132.2	41.88829787
132.3	37.30053191
132.4	34.50797872
132.5	33.31117021
132.6	33.90957447
132.7	36.90159574
132.8	40.39228723
132.9	44.48138298
133	43.5837766
133.1	43.38430851
133.2	44.78058511
133.3	46.57579787
133.4	49.36835106
133.5	51.16356383
133.6	52.75930851
133.7	54.75398936
133.8	56.15026596
133.9	55.95079787
134	53.7993921
134.1	50.96409574
134.2	47.17420213
134.3	43.98271277
134.4	39.59441489
134.5	37.59973404
134.6	37.79920213
134.7	39.59441489
134.8	40.85771277
134.9	42.36702128
135	44.08244681
135.1	44.38164894
135.2	43.5837766
135.3	43.98271277
135.4	46.37632979
135.5	51.36303191
135.6	55.35239362
135.7	59.5412234
135.8	64.72739362
135.9	70.3125
136	76.29654255
136.1	73.50398936
136.2	74.10239362
136.3	64.12898936
136.4	44.38164894
136.5	33.41090426
136.6	30.81781915
136.7	30.61835106
136.8	30.81781915
136.9	31.81515957
137	34.02925532
137.1	38.1981383
137.2	43.38430851
137.3	47.5731383
137.4	47.77260638
137.5	46.1768617
137.6	46.1768617
137.7	51.5625
137.8	61.53590426
137.9	68.90647586
138	83.6768617
138.1	88.3643617
138.2	92.15425532
138.3	93.0518617
138.4	94.34840426
138.5	94.24867021
138.6	90.75797872
138.7	87.76595745
138.8	85.67154255
138.9	86.26994681
139	87.01795213
139.1	87.56648936
139.2	88.26462766
139.3	88.46409574
139.4	88.66356383
139.5	88.66356383
139.6	89.46143617
139.7	89.26196809
139.8	87.96542553
139.9	86.46941489
140	83.27792553
140.1	80.08643617
140.2	80.08643617
140.3	80.3856383
140.4	79.98670213
140.5	78.49069149
140.6	75.6981383
140.7	72.90558511
140.8	69.31515957
140.9	66.92154255
141	68.85446341
141.1	73.10505319
141.2	73.30452128
141.3	73.30452128
141.4	73.70345745
141.5	73.10505319
141.6	72.70611702
141.7	75.63430851
141.8	80.08643617
141.9	88.66356383
142	93.65026596
142.1	102.22739362
142.2	101.82845745
142.3	103.42420213
142.4	105.81781915
142.5	105.01994681
142.6	103.42420213
142.7	102.4268617
142.8	99.95345745
142.9	94.84707447
143	89.59020671
143.1	82.67952128
143.2	74.3018617
143.3	67.71941489
143.4	64.12898936
143.5	69.21542553
143.6	81.18351064
143.7	93.45079787
143.8	101.82845745
143.9	105.41888298
144	103.8231383
144.1	102.22739362
144.2	107.51329787
144.3	111.1037234
144.4	114.19547872
144.5	112.59973404
144.6	107.8125
144.7	99.23537234
144.8	92.85239362
144.9	86.07047872
145	81.48271277
145.1	80.88430851
145.2	82.77925532
145.3	83.47739362
145.4	83.47739362
145.5	81.68218085
145.6	80.78457447
145.7	81.18351064
145.8	86.07047872
145.9	87.96542553
146	86.0802429
146.1	82.87898936
146.2	75.49867021
146.3	71.7087766
146.4	67.71941489
146.5	66.12367021
146.6	65.12632979
146.7	64.72739362
146.8	66.52260638
146.9	68.31781915
147	69.31515957
147.1	73.90292553
147.2	80.28590426
147.3	88.46409574
147.4	94.24867021
147.5	99.8337766
147.6	97.83909574
147.7	91.65558511
147.8	78.2912234
147.9	73.70345745
148	70.04469785
148.1	66.62234043
148.2	64.02925532
148.3	65.22606383
148.4	66.12367021
148.5	66.3231383
148.6	64.12898936
148.7	62.13430851
148.8	62.53324468
148.9	64.9268617
149	69.69156169
149.1	77.49335106
149.2	82.48005319
149.3	87.06781915
149.4	86.46941489
149.5	84.27526596
149.6	78.69015957
149.7	74.3018617
149.8	68.9162234
149.9	65.92420213
150	63.92952128
150.1	63.73005319
150.2	65.5127992
150.3	67.91888298
150.4	69.91356383
150.5	72.20744681
150.6	73.30452128
150.7	71.40957447
150.8	66.92154255
150.9	63.82978723
151	62.43037435
151.1	63.73005319
151.2	66.3231383
151.3	70.506269
151.4	74.3018617
151.5	79.28856383
151.6	84.47473404
151.7	89.26196809
151.8	92.85239362
151.9	93.84973404
152	91.32788754
152.1	86.86835106
152.2	78.69015957
152.3	71.11037234
152.4	62.2824848
152.5	54.21257599
152.6	46.1768617
152.7	43.5837766
152.8	43.5837766
152.9	46.42678151
153	49.81740484
153.1	53.35771277
153.2	59.94015957
153.3	66.42287234
153.4	74.70079787
153.5	79.98670213
153.6	85.47207447
153.7	88.86303191
153.8	89.0625
153.9	80.08643617
154	72.02725505
154.1	61.53590426
154.2	43.80319149
154.3	38.1981383
154.4	33.80984043
154.5	36.30319149
154.6	40.19281915
154.7	45.17952128
154.8	46.97473404
154.9	43.98271277
155	38.39760638
155.1	36.30319149
155.2	35.30585106
155.3	33.01196809
155.4	30.11968085
155.5	28.22473404
155.6	26.92819149
155.7	24.8337766
155.8	23.53723404
155.9	22.34042553
156	23.83643617
156.1	26.53590426
156.2	30.41888298
156.3	34.80718085
156.4	39.79388298
156.5	42.98537234
156.6	42.58643617
156.7	40.59175532
156.8	36.60239362
156.9	34.00930851
157	32.26206908
157.1	30.91755319
157.2	28.62367021
157.3	24.03590426
157.4	21.14361702
157.5	20.64494681
157.6	20.44547872
157.7	20.34574468
157.8	20.54521277
157.9	21.04388298
158	22.63962766
158.1	22.63962766
158.2	21.64228723
158.3	20.64494681
158.4	20.64494681
158.5	21.44281915
158.6	22.55984043
158.7	23.63696809
158.8	24.8337766
158.9	26.42952128
159	28.41844132
159.1	30.41888298
159.2	33.21143617
159.3	36.1037234
159.4	36.60239362
159.5	33.41090426
159.6	29.02260638
159.7	25.43218085
159.8	23.03856383
159.9	22.34042553
160	22.96899845
160.1	23.63696809
160.2	25.03324468
160.3	27.82579787
160.4	28.80319149
160.5	29.62101064
160.6	30.01994681
160.7	29.82047872
160.8	29.42154255
160.9	30.21941489
161	30.45372816
161.1	29.82047872
161.2	28.8231383
161.3	26.32978723
161.4	24.03590426
161.5	22.34042553
161.6	23.03856383
161.7	24.1356383
161.8	25.13297872
161.9	25.43218085
162	25.23271277
162.1	25.23271277
162.2	28.8231383
162.3	34.2087766
162.4	40.59175532
162.5	44.58111702
162.6	47.97207447
162.7	49.36835106
162.8	50.96409574
162.9	53.95611702
163	53.75664894
163.1	49.36835106
163.2	44.58111702
163.3	41.58909574
163.4	42.78590426
163.5	42.58643617
163.6	41.98803191
163.7	41.98803191
163.8	42.1875
163.9	42.58643617
164	42.53656915
164.1	42.38696809
164.2	42.1875
164.3	42.38696809
164.4	42.38696809
164.5	42.58643617
164.6	42.58643617
164.7	42.38696809
164.8	41.98803191
164.9	41.78856383
165	41.85980243
165.1	42.1875
165.2	42.98537234
165.3	43.98271277
165.4	44.38164894
165.5	44.38164894
165.6	44.20212766
165.7	43.18484043
165.8	43.18484043
165.9	43.38430851
166	43.79986702
166.1	44.38164894
166.2	44.38164894
166.3	44.58111702
166.4	44.58111702
166.5	43.38430851
166.6	42.78590426
166.7	42.1875
166.8	41.78856383
166.9	41.19015957
167	40.7912234
167.1	40.7912234
167.2	41.28989362
167.3	40.99069149
167.4	40.59175532
167.5	40.99069149
167.6	41.28989362
167.7	41.58909574
167.8	42.32712766
167.9	42.58643617
168	42.8856383
