DEPT	GR
30.6	46.96819085
30.7	46.37176938
30.8	46.37176938
30.9	46.96819085
31	47.26640159
31.1	46.12879374
31.2	45.12045951
31.3	43.9860835
31.4	43.61332008
31.5	44.88071571
31.6	48.1610338
31.7	51.88866799
31.8	54.12524851
31.9	55.46719682
32	55.61630219
32.1	55.01988072
32.2	55.61630219
32.3	55.91451292
32.4	55.01988072
32.5	56.21272366
32.6	58.00198807
32.7	58.30019881
32.8	58.59840954
32.9	59.63821086
33	60.71894924
33.1	61.79968762
33.2	62.92246521
33.3	63.36978131
33.4	62.92246521
33.5	62.47514911
33.6	61.555666
33.7	60.53677932
33.8	61.1332008
33.9	62.92246521
34	63.36978131
34.1	63.36978131
34.2	63.36978131
34.3	64.41351889
34.4	66.52584493
34.5	68.73757455
34.6	70.3777336
34.7	70.07952286
34.8	68.88667992
34.9	68.43936382
35	67.1471173
35.1	65.7554672
35.2	65.15904573
35.3	65.15904573
35.4	65.60636183
35.5	66.35188867
35.6	67.24652087
35.7	67.69383698
35.8	68.14115308
35.9	67.99204771
36	66.94831014
36.1	66.79920477
36.2	67.54473161
36.3	67.39562624
36.4	66.94831014
36.5	66.94831014
36.6	65.60636183
36.7	65.60636183
36.8	66.05367793
36.9	65.15904573
37	63.96620278
37.1	62.84271117
37.2	61.5805169
37.3	61.28230616
37.4	60.72166998
37.5	59.79125249
37.6	60.08946322
37.7	62.47514911
37.8	62.44532803
37.9	62.27918205
38	62.17693837
38.1	62.17693837
38.2	61.87872763
38.3	62.17693837
38.4	62.62425447
38.5	63.60408975
38.6	64.56262425
38.7	65.60636183
38.8	67.54473161
38.9	68.43936382
39	68.43936382
39.1	66.94831014
39.2	65.45725646
39.3	62.92246521
39.4	63.36978131
39.5	63.96620278
39.6	63.96620278
39.7	63.51888668
39.8	63.07157058
39.9	63.51888668
40	63.7904154
40.1	63.96620278
40.2	62.52286282
40.3	61.5805169
40.4	60.08946322
40.5	59.79125249
40.6	59.79125249
40.7	60.08946322
40.8	61.87872763
40.9	64.26441352
41	65.7554672
41.1	69.48310139
41.2	71.57057654
41.3	72.01789264
41.4	72.76341948
41.5	73.06163022
41.6	71.86878728
41.7	71.27236581
41.8	70.3777336
41.9	65.60636183
42	61.28230616
42.1	60.08946322
42.2	59.79125249
42.3	61.5805169
42.4	63.96620278
42.5	63.96620278
42.6	64.56262425
42.7	65.92246521
42.8	66.6500994
42.9	64.56262425
43	63.66799205
43.1	62.13717694
43.2	61.28230616
43.3	60.68588469
43.4	60.99403579
43.5	61.28230616
43.6	60.68588469
43.7	60.08946322
43.8	60.98409543
43.9	62.47514911
44	62.77335984
44.1	63.22067594
44.2	65.00994036
44.3	66.79920477
44.4	67.69383698
44.5	69.33399602
44.6	70.97415507
44.7	71.12326044
44.8	70.3777336
44.9	69.63220676
45	71.55358985
45.1	72.91252485
45.2	73.21073559
45.3	72.31610338
45.4	71.42147117
45.5	70.73984663
45.6	69.9304175
45.7	69.03578529
45.8	66.72763419
45.9	64.26441352
46	63.85437376
46.1	63.66799205
46.2	63.66799205
46.3	65.15904573
46.4	67.76093439
46.5	70.22862823
46.6	70.8250497
46.7	71.42147117
46.8	72.01789264
46.9	69.9304175
47	66.6500994
47.1	62.77335984
47.2	60.98409543
47.3	60.98409543
47.4	61.28230616
47.5	63.07157058
47.6	64.56262425
47.7	67.24652087
47.8	69.9304175
47.9	73.21073559
48	75.27317014
48.1	75.89463221
48.2	74.5526839
48.3	75.72422607
48.4	78.45072423
48.5	80.36779324
48.6	81.22514911
48.7	82.71620278
48.8	83.64811133
48.9	81.11332008
49	77.23658052
49.1	72.31610338
49.2	68.58846918
49.3	65.30815109
49.4	62.47514911
49.5	60.23856859
49.6	59.79125249
49.7	60.53677932
49.8	63.36978131
49.9	64.86083499
50	67.18534944
50.1	69.25158451
50.2	69.63220676
50.3	69.03578529
50.4	69.03578529
50.5	67.99204771
50.6	67.54473161
50.7	66.35188867
50.8	65.45725646
50.9	63.96620278
51	61.7334851
51.1	60.08946322
51.2	59.94035785
51.3	58.89662028
51.4	61.37549702
51.5	63.91028827
51.6	66.35188867
51.7	67.24652087
51.8	65.50198807
51.9	63.23558648
52	60.68588469
52.1	60.08946322
52.2	61.66998012
52.3	64.26441352
52.4	67.69383698
52.5	70.22862823
52.6	72.61431412
52.7	73.80715706
52.8	72.16699801
52.9	69.18489066
53	66.01640159
53.1	62.17693837
53.2	60.05218688
53.3	59.19483101
53.4	58.30019881
53.5	56.21272366
53.6	55.01988072
53.7	55.01988072
53.8	54.12524851
53.9	52.63419483
54	52.93240557
54.1	55.01988072
54.2	58.30019881
54.3	63.66799205
54.4	69.33399602
54.5	72.31610338
54.6	75.29821074
54.7	75.89463221
54.8	75.10934394
54.9	73.21073559
55	72.91252485
55.1	71.60039761
55.2	70.8250497
55.3	71.43638171
55.4	72.45402584
55.5	73.50894632
55.6	73.80715706
55.7	73.80715706
55.8	73.50894632
55.9	72.31610338
56	71.79068446
56.1	71.42147117
56.2	71.86878728
56.3	73.80715706
56.4	76.0139165
56.5	77.53479125
56.6	74.85089463
56.7	69.48310139
56.8	65.30815109
56.9	62.47514911
57	59.76143141
57.1	58.15109344
57.2	57.55467197
57.3	58.44930417
57.4	59.49304175
57.5	62.47514911
57.6	65.45725646
57.7	66.79920477
57.8	66.2027833
57.9	63.66799205
58	61.59184136
58.1	60.68588469
58.2	60.38767396
58.3	59.19483101
58.4	58.89662028
58.5	59.19483101
58.6	59.79125249
58.7	60.69781312
58.8	61.62823062
58.9	62.17693837
59	60.58648111
59.1	62.17693837
59.2	64.71172962
59.3	66.50099404
59.4	65.90457256
59.5	64.26441352
59.6	64.56262425
59.7	67.69383698
59.8	72.76341948
59.9	75.4473161
60	77.66502252
60.1	78.87673956
60.2	75.59642147
60.3	71.71968191
60.4	69.03578529
60.5	65.45725646
60.6	62.17693837
60.7	63.07157058
60.8	64.86083499
60.9	65.7554672
61	64.84663448
61.1	62.62425447
61.2	61.43141153
61.3	63.22067594
61.4	63.66799205
61.5	63.96620278
61.6	63.81709742
61.7	63.51888668
61.8	63.66799205
61.9	64.41351889
62	65.19632207
62.1	66.05367793
62.2	65.15904573
62.3	65.15904573
62.4	65.90457256
62.5	66.79920477
62.6	68.29025845
62.7	70.52683897
62.8	71.86878728
62.9	73.06163022
63	73.28528827
63.1	72.01789264
63.2	70.3777336
63.3	70.3777336
63.4	71.04870775
63.5	71.42147117
63.6	71.57057654
63.7	72.31610338
63.8	71.42147117
63.9	68.29025845
64	65.90457256
64.1	64.86083499
64.2	64.56262425
64.3	64.41351889
64.4	63.66799205
64.5	64.71172962
64.6	66.35188867
64.7	67.99204771
64.8	68.43936382
64.9	68.43936382
65	67.39562624
65.1	65.7554672
65.2	62.62425447
65.3	62.77335984
65.4	64.61853877
65.5	66.05367793
65.6	67.84294235
65.7	68.14115308
65.8	67.24652087
65.9	68.14115308
66	70.97415507
66.1	70.67594433
66.2	70.67594433
66.3	71.42147117
66.4	72.01789264
66.5	70.97415507
66.6	69.18489066
66.7	67.84294235
66.8	67.24652087
66.9	69.18489066
67	73.32256461
67.1	76.93836978
67.2	76.19284294
67.3	75
67.4	74.85089463
67.5	72.31610338
67.6	69.18489066
67.7	69.48310139
67.8	67.84294235
67.9	65.7554672
68	64.26441352
68.1	64.26441352
68.2	64.56262425
68.3	63.96620278
68.4	63.36978131
68.5	61.28230616
68.6	59.79125249
68.7	59.79125249
68.8	60.08946322
68.9	60.68588469
69	63.46918489
69.1	67.24652087
69.2	70.22862823
69.3	70.3777336
69.4	68.88667992
69.5	68.58846918
69.6	68.73757455
69.7	67.99204771
69.8	70.22862823
69.9	73.06163022
70	75.14910537
70.1	76.19284294
70.2	75.29821074
70.3	72.31610338
70.4	69.9304175
70.5	67.24652087
70.6	65.00994036
70.7	62.47514911
70.8	62.98201208
70.9	64.27013002
71	65.55824796
71.1	66.05367793
71.2	65.45725646
71.3	64.26441352
71.4	65.15904573
71.5	66.0110764
71.6	66.94831014
71.7	67.24652087
71.8	67.24652087
71.9	68.14115308
72	70.12922465
72.1	71.86878728
72.2	72.01789264
72.3	70.41500994
72.4	68.88667992
72.5	70.1167992
72.6	72.20427435
72.7	73.80715706
72.8	73.06163022
72.9	71.23508946
73	69.9304175
73.1	70.8250497
73.2	72.91252485
73.3	74.70178926
73.4	75.67992048
73.5	75.29821074
73.6	71.80914513
73.7	68.43936382
73.8	66.94831014
73.9	67.24652087
74	69.05465939
74.1	71.27236581
74.2	72.46520875
74.3	73.35984095
74.4	74.16128231
74.5	75
74.6	75.29821074
74.7	74.40357853
74.8	72.01789264
74.9	70.22862823
75	70.6702821
75.1	71.06286333
75.2	71.42147117
75.3	71.71968191
75.4	72.31610338
75.5	74.10536779
75.6	75.26838966
75.7	76.49105368
75.8	75.59642147
75.9	75.29821074
76	76.05083783
76.1	76.64015905
76.2	75.4473161
76.3	73.80715706
76.4	73.50894632
76.5	74.85089463
76.6	75.14910537
76.7	72.01789264
76.8	69.33399602
76.9	67.69383698
77	66.6500994
77.1	66.6500994
77.2	68.14115308
77.3	69.33399602
77.4	69.63220676
77.5	68.73757455
77.6	68.14115308
77.7	67.84294235
77.8	69.52570293
77.9	72.01789264
78	74.10536779
78.1	74.70178926
78.2	73.50894632
78.3	70.3777336
78.4	68.43936382
78.5	67.84294235
78.6	70.07952286
78.7	73.21073559
78.8	76.04373757
78.9	76.49105368
79	75.89463221
79.1	76.64015905
79.2	74.27311133
79.3	71.42147117
79.4	70.07952286
79.5	69.18489066
79.6	68.58846918
79.7	68.88667992
79.8	69.9304175
79.9	68.88667992
80	67.55605607
80.1	66.6500994
80.2	66.94831014
80.3	66.07355865
80.4	64.26441352
80.5	62.77335984
80.6	62.17693837
80.7	62.17693837
80.8	60.68588469
80.9	60.98409543
81	63.79579665
81.1	66.05367793
81.2	67.69383698
81.3	68.14115308
81.4	67.39562624
81.5	66.94831014
81.6	67.24652087
81.7	66.35188867
81.8	64.71172962
81.9	64.86083499
82	66.35188867
82.1	67.69383698
82.2	69.33399602
82.3	72.39065606
82.4	74.5526839
82.5	75
82.6	75
82.7	73.35984095
82.8	69.78131213
82.9	66.6500994
83	65.15904573
83.1	64.51043738
83.2	64.36505964
83.3	64.26441352
83.4	63.66799205
83.5	63.66799205
83.6	63.96620278
83.7	62.47514911
83.8	60.38767396
83.9	61.5805169
84	63.08666985
84.1	65.00994036
84.2	65.60636183
84.3	65.00994036
84.4	66.2027833
84.5	66.50099404
84.6	68.29025845
84.7	69.33399602
84.8	70.52683897
84.9	71.12326044
85	72.40085801
85.1	73.80715706
85.2	75.59642147
85.3	74.70178926
85.4	74.93290258
85.5	75.22365805
85.6	74.73161034
85.7	73.56858847
85.8	72.61431412
85.9	72.61431412
86	72.91252485
86.1	74.47924394
86.2	75.85735586
86.3	77.38568588
86.4	78.72763419
86.5	79.1749503
86.6	79.02584493
86.7	80.0695825
86.8	80.96421471
86.9	80.0695825
87	76.19284294
87.1	75.02485089
87.2	74.10536779
87.3	72.91252485
87.4	69.63220676
87.5	68.73757455
87.6	70.07952286
87.7	73.50894632
87.8	76.66145981
87.9	81.09201931
88	85.15336552
88.1	87.52485089
88.2	89.79125249
88.3	92.29622266
88.4	93.78727634
88.5	90.20874751
88.6	87.78827038
88.7	85.13916501
88.8	83.05168986
88.9	79.77137177
89	75.33122499
89.1	69.63220676
89.2	67.99204771
89.3	67.99204771
89.4	68.43936382
89.5	67.99204771
89.6	67.84294235
89.7	68.58846918
89.8	70.8250497
89.9	74.70178926
90	79.77137177
90.1	81.34762851
90.2	83.64811133
90.3	85.73558648
90.4	86.48111332
90.5	86.33200795
90.6	86.92842942
90.7	86.77932406
90.8	85.13916501
90.9	85.28827038
91	85.43737575
91.1	84.7415507
91.2	83.94632207
91.3	83.3499006
91.4	83.05168986
91.5	82.60437376
91.6	82.45526839
91.7	83.05168986
91.8	82.30616302
91.9	80.96421471
92	80.55239989
92.1	80.66600398
92.2	78.87673956
92.3	73.15109344
92.4	67.54473161
92.5	63.66799205
92.6	62.47514911
92.7	64.26441352
92.8	67.54473161
92.9	68.73757455
93	69.305595
93.1	71.86878728
93.2	76.93836978
93.3	84.84095427
93.4	89.31411531
93.5	91.25248509
93.6	91.99801193
93.7	91.25248509
93.8	90.05964215
93.9	87.60265952
94	84.86433026
94.1	81.85884692
94.2	80.0695825
94.3	80.0695825
94.4	81.26242545
94.5	82.15705765
94.6	81.85884692
94.7	83.53545394
94.8	85.30152419
94.9	86.33200795
95	85.09849991
95.1	84.2445328
95.2	83.3499006
95.3	82.75347913
95.4	82.15705765
95.5	80.66600398
95.6	78.28031809
95.7	74.10536779
95.8	68.73757455
95.9	66.94831014
96	69.33399602
96.1	72.61431412
96.2	77.08747515
96.3	81.56063618
96.4	84.54274354
96.5	86.03379722
96.6	85.43737575
96.7	84.54274354
96.8	84.54274354
96.9	84.84095427
97	85.69311684
97.1	86.33200795
97.2	86.18290258
97.3	84.39363817
97.4	82.60437376
97.5	82.15705765
97.6	82.15705765
97.7	81.56063618
97.8	81.70974155
97.9	81.85884692
98	80.0884566
98.1	78.57852883
98.2	77.38568588
98.3	75.29821074
98.4	74.70178926
98.5	72.31610338
98.6	71.42147117
98.7	71.71968191
98.8	73.50894632
98.9	75.89463221
99	79.27435388
99.1	83.3499006
99.2	85.43737575
99.3	86.33200795
99.4	86.33200795
99.5	86.33200795
99.6	86.33200795
99.7	85.88469185
99.8	84.99005964
99.9	84.2445328
100	82.51917069
100.1	81.26242545
100.2	81.41153082
100.3	82.15705765
100.4	82.75347913
100.5	83.46392235
100.6	84.09542744
100.7	84.72693252
100.8	85.43737575
100.9	87.22664016
101	91.10337972
101.1	90.65606362
101.2	88.12127237
101.3	84.84095427
101.4	84.54274354
101.5	85.43737575
101.6	87.22664016
101.7	89.16500994
101.8	89.91053678
101.9	90.05964215
102	90.17147117
102.1	90.07206759
102.2	89.97266402
102.3	89.76143141
102.4	88.71769384
102.5	88.4194831
102.6	87.22664016
102.7	84.99005964
102.8	83.49900596
102.9	82.45526839
103	80.36779324
103.1	82.45526839
103.2	84.2445328
103.3	84.54274354
103.4	80.32803181
103.5	75.89463221
103.6	74.70178926
103.7	75
103.8	77.38568588
103.9	80.0695825
104	82.65752488
104.1	84.39363817
104.2	85.88469185
104.3	86.33200795
104.4	86.33200795
104.5	85.88469185
104.6	84.39363817
104.7	82.60437376
104.8	81.56063618
104.9	81.41153082
105	82.15705765
105.1	82.15705765
105.2	79.47316103
105.3	77.68389662
105.4	77.98210736
105.5	78.28031809
105.6	77.08747515
105.7	76.49105368
105.8	78.28031809
105.9	80.66600398
106	80.50979835
106.1	79.77137177
106.2	80.29324056
106.3	80.88966203
106.4	81.41153082
106.5	81.11332008
106.6	79.92047714
106.7	79.1749503
106.8	78.72763419
106.9	76.93836978
107	72.46520875
107.1	71.12326044
107.2	68.88667992
107.3	68.73757455
107.4	71.71968191
107.5	74.70178926
107.6	77.08747515
107.7	78.42942346
107.8	79.47316103
107.9	80.0695825
108	81.29082647
108.1	83.3499006
108.2	87.27634195
108.3	89.76143141
108.4	88.35984095
108.5	86.03379722
108.6	84.84095427
108.7	87.04771372
108.8	89.61232604
108.9	87.82306163
109	86.41676258
109.1	85.43737575
109.2	84.99005964
109.3	85.13916501
109.4	85.43737575
109.5	85.43737575
109.6	87.972167
109.7	90.20874751
109.8	89.38866799
109.9	89.01590457
110	89.65835011
110.1	89.61232604
110.2	87.52485089
110.3	86.03379722
110.4	83.05168986
110.5	78.57852883
110.6	75.59642147
110.7	75
110.8	72.91252485
110.9	72.31610338
111	73.6331224
111.1	74.70178926
111.2	75
111.3	75
111.4	74.5526839
111.5	72.46520875
111.6	72.46520875
111.7	73.35984095
111.8	74.85089463
111.9	76.04373757
112	80.79398871
112.1	84.54274354
112.2	87.52485089
112.3	87.22664016
112.4	87.82306163
112.5	89.01590457
112.6	87.52485089
112.7	85.43737575
112.8	85.43737575
112.9	85.43737575
113	84.61374609
113.1	83.7972167
113.2	80.81510934
113.3	77.98210736
113.4	76.34194831
113.5	77.38568588
113.6	78.42942346
113.7	79.32405567
113.8	81.11332008
113.9	82.30616302
114	85.10188867
114.1	89.31411531
114.2	92.29622266
114.3	95.87475149
114.4	99.30417495
114.5	99.00596421
114.6	95.87475149
114.7	92.89264414
114.8	87.972167
114.9	80.66600398
115	79.90949043
115.1	80.96421471
115.2	82.15705765
115.3	80.36779324
115.4	77.68389662
115.5	78.87673956
115.6	79.1749503
115.7	77.68389662
115.8	74.84095427
115.9	73.80715706
116	75
116.1	74.31837546
116.2	73.29593865
116.3	72.61431412
116.4	74.25447316
116.5	75.82007952
116.6	78.87673956
116.7	80.36779324
116.8	80.36779324
116.9	79.39183083
117	78.52430869
117.1	77.53479125
117.2	76.78926441
117.3	75.74552684
117.4	74.25447316
117.5	71.86878728
117.6	71.57057654
117.7	72.61431412
117.8	73.21073559
117.9	73.21073559
118	71.76065743
118.1	69.63220676
118.2	68.14115308
118.3	68.14115308
118.4	68.43936382
118.5	68.73757455
118.6	69.63220676
118.7	70.8250497
118.8	72.31610338
118.9	74.97017893
119	77.21527975
119.1	78.87673956
119.2	77.68389662
119.3	75.89463221
119.4	75.89463221
119.5	75.4473161
119.6	73.50894632
119.7	73.50894632
119.8	74.70178926
119.9	73.21073559
120	72.86282306
120.1	72.61431412
120.2	73.50894632
120.3	73.72195399
120.4	74.10536779
120.5	74.85089463
120.6	76.34194831
120.7	80.36779324
120.8	81.70974155
120.9	81.56063618
121	79.77137177
121.1	77.38568588
121.2	76.19284294
121.3	79.47316103
121.4	81.56063618
121.5	81.85884692
121.6	81.56063618
121.7	83.05168986
121.8	85.43737575
121.9	86.03379722
122	85.13916501
122.1	86.6749503
122.2	89.31411531
122.3	91.40159046
122.4	94.98011928
122.5	95.27833002
122.6	94.38369781
122.7	94.38369781
122.8	95.87475149
122.9	96.7693837
123	96.0167566
123.1	94.08548708
123.2	89.91053678
123.3	86.63021869
123.4	85.43737575
123.5	85.13916501
123.6	83.20079523
123.7	80.66600398
123.8	79.92047714
123.9	79.77137177
124	80.85238569
124.1	82.45526839
124.2	82.45526839
124.3	82.30616302
124.4	85.28827038
124.5	89.91053678
124.6	91.40159046
124.7	89.91053678
124.8	90.20874751
124.9	90.58929253
125	90.8088506
125.1	91.02840867
125.2	92.89264414
125.3	94.32405567
125.4	95.54671968
125.5	96.47117296
125.6	97.06759443
125.7	96.47117296
125.8	95.27833002
125.9	94.68190855
126	93.7100328
126.1	93.19085487
126.2	92.89264414
126.3	91.10337972
126.4	89.30985515
126.5	87.20533939
126.6	85.73558648
126.7	84.84095427
126.8	86.92842942
126.9	89.94035785
127	91.99801193
127.1	91.99801193
127.2	93.63817097
127.3	94.38369781
127.4	94.83101392
127.5	95.72564612
127.6	95.72564612
127.7	93.19085487
127.8	88.8667992
127.9	84.84095427
128	81.26242545
128.1	81.41153082
128.2	83.3499006
128.3	85.13916501
128.4	85.13916501
128.5	85.43737575
128.6	88.56858847
128.7	90.05964215
128.8	89.85089463
128.9	89.01590457
129	89.46322068
129.1	90.39512922
129.2	91.40159046
129.3	91.25248509
129.4	90.50695825
129.5	92.1471173
129.6	93.33996024
129.7	94.98011928
129.8	94.38369781
129.9	95.27833002
130	96.49957398
130.1	97.36580517
130.2	95.76043738
130.3	93.62823062
130.4	92.29622266
130.5	92.5944334
130.6	92.5944334
130.7	90.80516899
130.8	86.92842942
130.9	84.2445328
131	83.46172962
131.1	83.3499006
131.2	83.05168986
131.3	80.96421471
131.4	78.28031809
131.5	76.78926441
131.6	77.68389662
131.7	77.08747515
131.8	77.08747515
131.9	77.98210736
132	81.292624
132.1	86.77932406
132.2	89.91053678
132.3	89.91053678
132.4	90.05964215
132.5	91.40159046
132.6	91.99801193
132.7	91.69980119
132.8	90.65606362
132.9	89.76143141
133	89.82187953
133.1	90.15716512
133.2	90.50695825
133.3	91.10337972
133.4	93.62027833
133.5	95.57654076
133.6	96.17296223
133.7	96.17296223
133.8	96.47117296
133.9	96.17296223
134	93.88323058
134.1	91.84890656
134.2	90.95427435
134.3	91.10337972
134.4	91.40159046
134.5	89.91053678
134.6	87.67395626
134.7	85.58648111
134.8	84.2445328
134.9	84.2445328
135	88.12127237
135.1	87.82306163
135.2	88.4194831
135.3	88.27037773
135.4	86.33200795
135.5	84.2445328
135.6	83.94632207
135.7	84.69184891
135.8	85.43737575
135.9	85.28827038
136	85.13916501
136.1	85.13916501
136.2	84.2445328
136.3	85.97415507
136.4	88.4194831
136.5	89.01590457
136.6	89.01590457
136.7	89.91053678
136.8	89.91053678
136.9	87.22664016
137	84.58001988
137.1	82.15705765
137.2	82.45526839
137.3	83.94632207
137.4	88.4194831
137.5	91.69980119
137.6	93.19085487
137.7	91.69980119
137.8	90.50695825
137.9	91.69980119
138	95.27833002
138.1	98.85685885
138.2	102.13717694
138.3	104.52286282
138.4	104.82107356
138.5	104.52286282
138.6	100.64612326
138.7	93.48906561
138.8	86.63021869
138.9	83.64811133
139	80.95289025
139.1	80.0695825
139.2	82.49254473
139.3	85.58648111
139.4	87.67395626
139.5	88.12127237
139.6	87.82306163
139.7	88.12127237
139.8	89.70721128
139.9	91.11693476
140	91.99801193
140.1	91.40159046
140.2	90.50695825
140.3	90.50695825
140.4	89.31411531
140.5	88.71769384
140.6	89.91053678
140.7	91.5805169
140.8	93.48906561
140.9	93.19085487
141	92.1471173
141.1	92.29622266
141.2	93.70775348
141.3	94.68190855
141.4	93.98750355
141.5	93.48906561
141.6	92.29622266
141.7	90.74552684
141.8	90.50695825
141.9	92.29622266
142	95.27833002
142.1	95.27833002
142.2	93.33996024
142.3	89.76143141
142.4	87.22664016
142.5	86.92842942
142.6	86.92842942
142.7	86.77932406
142.8	86.18290258
142.9	85.43737575
143	84.5054672
143.1	83.94632207
143.2	84.39363817
143.3	85.58648111
143.4	85.88469185
143.5	84.54274354
143.6	84.09542744
143.7	85.28827038
143.8	87.31610338
143.9	89.31411531
144	89.76143141
144.1	89.91053678
144.2	90.50695825
144.3	92.51988072
144.4	93.78727634
144.5	93.48906561
144.6	91.99801193
144.7	91.10337972
144.8	91.69980119
144.9	92.89264414
145	90.61394989
145.1	87.52485089
145.2	85.73558648
145.3	85.95029821
145.4	86.63021869
145.5	86.33200795
145.6	86.92842942
145.7	90.80516899
145.8	92.29622266
145.9	93.17594433
146	94.23459245
146.1	94.38369781
146.2	93.48906561
146.3	91.10337972
146.4	89.11282306
146.5	87.22664016
146.6	86.33200795
146.7	87.82306163
146.8	91.26739563
146.9	94.68190855
147	95.5055382
147.1	95.87475149
147.2	95.87475149
147.3	95.12922465
147.4	93.63817097
147.5	92.44532803
147.6	92.1471173
147.7	92.29622266
147.8	91.25248509
147.9	89.31411531
148	87.56212724
148.1	86.33200795
148.2	86.33200795
148.3	87.05623402
148.4	87.82306163
148.5	88.4194831
148.6	87.82306163
148.7	88.27037773
148.8	88.12127237
148.9	88.8667992
149	91.10337972
149.1	93.93638171
149.2	95.27833002
149.3	95.57654076
149.4	95.12922465
149.5	94.53280318
149.6	96.17296223
149.7	93.19085487
149.8	89.16500994
149.9	86.33200795
150	84.87639272
150.1	83.58251251
150.2	82.75347913
150.3	83.05168986
150.4	83.3499006
150.5	83.05168986
150.6	83.05168986
150.7	84.54274354
150.8	88.71769384
150.9	92.89264414
151	95.57654076
151.1	96.7693837
151.2	97.36580517
151.3	95.42743539
151.4	94.38369781
151.5	94.23459245
151.6	93.33996024
151.7	91.69980119
151.8	91.10337972
151.9	91.69980119
152	91.99801193
152.1	90.20874751
152.2	88.12127237
152.3	85.43737575
152.4	83.64811133
152.5	84.39363817
152.6	86.03379722
152.7	88.27037773
152.8	88.12127237
152.9	89.46322068
153	92.4561464
153.1	96.17296223
153.2	97.96222664
153.3	97.96222664
153.4	99.75149105
153.5	97.36580517
153.6	94.38369781
153.7	93.78727634
153.8	94.38369781
153.9	93.48906561
154	91.10337972
154.1	92.29622266
154.2	92.5944334
154.3	91.69980119
154.4	91.40159046
154.5	92.74353877
154.6	94.08548708
154.7	96.32206759
154.8	97.51491054
154.9	97.36580517
155	96.48249742
155.1	94.98011928
155.2	92.89264414
155.3	91.10337972
155.4	90.54423459
155.5	90.05964215
155.6	89.5750497
155.7	89.01590457
155.8	88.94859682
155.9	88.85137451
156	88.7541522
156.1	89.91053678
156.2	90.80516899
156.3	92.1471173
156.4	93.48906561
156.5	94.68190855
156.6	93.19085487
156.7	89.61232604
156.8	89.91053678
156.9	92.63170974
157	93.33996024
157.1	92.5944334
157.2	93.19085487
157.3	90.80516899
157.4	90.80516899
157.5	94.08548708
157.6	95.87475149
157.7	97.06759443
157.8	95.42743539
157.9	91.40159046
158	87.69094295
158.1	86.33200795
158.2	88.71769384
158.3	91.99801193
158.4	95.87475149
158.5	98.55864811
158.6	99.75149105
158.7	100.04970179
158.8	98.55864811
158.9	96.17296223
159	93.48906561
159.1	93.19085487
159.2	92.5944334
159.3	92.89264414
159.4	93.48906561
159.5	93.48906561
159.6	94.08548708
159.7	94.08548708
159.8	95.57654076
159.9	96.17296223
160	97.66339203
160.1	99.45328032
160.2	100.34791252
160.3	99.15506958
160.4	97.6640159
160.5	92.89264414
160.6	90.80516899
160.7	91.95541039
160.8	94.44760011
160.9	96.7693837
161	98.30653304
161.1	99.60238569
161.2	99.54274354
161.3	99.30417495
161.4	98.55864811
161.5	97.51491054
161.6	97.51491054
161.7	99.45328032
161.8	101.3916501
161.9	101.8389662
162	100.34791252
162.1	98.26043738
162.2	95.80019881
162.3	93.93638171
162.4	92.89264414
162.5	93.63817097
162.6	90.95427435
162.7	89.16500994
162.8	88.8667992
162.9	90.80516899
163	95.86792224
163.1	98.88667992
163.2	100.944334
163.3	103.33001988
163.4	103.92644135
163.5	103.62823062
163.6	100.944334
163.7	98.55864811
163.8	98.26043738
163.9	98.26043738
164	100.14189312
164.1	103.77733598
164.2	105.26838966
164.3	103.77733598
164.4	103.77733598
164.5	105.17892644
164.6	106.0139165
164.7	105.41749503
164.8	101.3916501
164.9	97.06759443
165	95.27833002
165.1	94.98011928
165.2	94.68190855
165.3	94.68190855
165.4	94.08548708
165.5	93.19085487
165.6	92.29622266
165.7	89.91053678
165.8	86.03379722
165.9	83.3499006
166	82.15705765
166.1	82.60437376
166.2	84.09542744
166.3	85.70576541
166.4	87.52485089
166.5	89.91053678
166.6	90.50695825
166.7	89.01590457
166.8	87.972167
166.9	89.91053678
167	92.4109191
167.1	94.38369781
167.2	98.55864811
167.3	103.92644135
167.4	106.61033797
167.5	108.25049702
167.6	108.69781312
167.7	106.61033797
167.8	103.62823062
167.9	99.75149105
168	96.17296223
168.1	95.92445328
168.2	95.57654076
168.3	95.57654076
168.4	94.68190855
168.5	94.68190855
168.6	95.27833002
168.7	96.47117296
168.8	100.19880716
168.9	101.98807157
169	103.18091451
169.1	103.18091451
169.2	101.98807157
169.3	100.64612326
169.4	100.944334
169.5	102.58449304
169.6	103.47912525
169.7	103.62823062
169.8	104.67196819
169.9	102.58449304
170	97.56209578
170.1	93.19085487
170.2	90.80516899
170.3	93.48906561
170.4	96.7693837
170.5	98.26043738
170.6	99.45328032
170.7	102.43538767
170.8	102.73359841
170.9	100.49701789
171	98.55864811
171.1	101.24254473
171.2	103.03180915
171.3	103.33001988
171.4	102.73359841
171.5	101.8389662
171.6	100.64612326
171.7	98.85685885
171.8	98.26043738
171.9	99.15506958
172	99.79409259
172.1	100.944334
172.2	103.77733598
172.3	104.22465209
172.4	101.98807157
172.5	100.34791252
172.6	98.11133201
172.7	97.6640159
172.8	97.36580517
172.9	97.06759443
173	97.96222664
173.1	100.79522863
173.2	106.0139165
173.3	110.03976143
173.4	110.1888668
173.5	105.41749503
173.6	103.18091451
173.7	101.98807157
173.8	100.79522863
173.9	100.34791252
174	102.12297643
174.1	103.92644135
174.2	103.62823062
174.3	105.11928429
174.4	105.11928429
174.5	105.41749503
174.6	105.71570577
174.7	105.11928429
174.8	104.72564612
174.9	105.11928429
175	104.22465209
175.1	103.33001988
175.2	100.34791252
175.3	97.96222664
175.4	97.06759443
175.5	99.30417495
175.6	104.52286282
175.7	107.50497018
175.8	107.80318091
175.9	107.20675944
176	104.82107356
176.1	102.73359841
176.2	100.944334
176.3	100.64612326
176.4	100.49701789
176.5	99.45328032
176.6	100.01242545
176.7	101.24254473
176.8	101.09343936
176.9	98.70775348
177	96.7371447
177.1	95.73128795
177.2	94.68190855
177.3	94.08548708
177.4	92.5944334
177.5	92.5944334
177.6	94.68190855
177.7	98.55864811
177.8	100.944334
177.9	101.24254473
178	101.46975291
178.1	102.28628231
178.2	106.0139165
178.3	108.99602386
178.4	110.03976143
178.5	106.75944334
178.6	102.43538767
178.7	99.75149105
178.8	97.96222664
178.9	98.12997018
179	98.87549702
179.1	98.40954274
179.2	96.02385686
179.3	94.38369781
179.4	97.2166998
179.5	97.51491054
179.6	96.02385686
179.7	96.17296223
179.8	96.91848907
179.9	97.6640159
180	97.6640159
180.1	97.6640159
180.2	97.36580517
180.3	97.36580517
180.4	99.75149105
180.5	103.03180915
180.6	103.62823062
180.7	103.03180915
180.8	100.64612326
180.9	100.34791252
181	100.944334
181.1	100.19880716
181.2	98.85685885
181.3	95.87475149
181.4	94.68190855
181.5	94.83101392
181.6	96.7693837
181.7	101.09343936
181.8	103.62823062
181.9	104.37375746
182	108.9469512
182.1	113.76739563
182.2	115.2584493
182.3	111.38170974
182.4	104.52286282
182.5	100.04970179
182.6	100.64612326
182.7	103.21073559
182.8	105.11928429
182.9	105.71570577
183	104.58683232
183.1	103.47912525
183.2	102.58449304
183.3	101.3916501
183.4	99.45328032
183.5	97.96222664
183.6	97.96222664
183.7	97.96222664
183.8	97.36580517
183.9	97.91962511
184	99.45328032
184.1	99.45328032
184.2	98.55864811
184.3	98.85685885
184.4	99.30417495
184.5	100.96090126
184.6	102.68389662
184.7	103.47912525
184.8	103.47912525
184.9	102.73359841
185	101.3566592
185.1	99.75149105
185.2	98.85685885
185.3	97.36580517
185.4	95.57654076
185.5	93.19085487
185.6	91.69980119
185.7	93.19085487
185.8	96.17296223
185.9	98.85685885
186	100.66499736
186.1	103.92644135
186.2	105.5666004
186.3	105.5666004
186.4	104.14181577
186.5	102.68389662
186.6	101.8389662
186.7	103.71769384
186.8	105.5666004
186.9	106.0139165
187	105.26838966
187.1	103.03180915
187.2	101.24254473
187.3	102.73359841
187.4	104.26725362
187.5	105.11928429
187.6	103.92644135
187.7	100.04970179
187.8	100.34791252
187.9	105.11928429
188	107.95228628
188.1	107.80318091
188.2	106.75944334
188.3	105.26838966
188.4	104.82107356
188.5	103.92644135
188.6	104.37375746
188.7	106.79671968
188.8	109.89065606
188.9	110.6361829
189	111.67992048
189.1	109.44333996
189.2	105.5666004
189.3	101.8389662
189.4	97.2166998
189.5	94.23459245
189.6	95.27833002
189.7	94.68190855
189.8	91.84890656
189.9	92.89264414
190	99.99005964
190.1	103.77733598
190.2	104.07554672
190.3	102.13717694
190.4	100.34791252
190.5	100.64612326
190.6	102.43538767
190.7	103.92644135
190.8	103.18091451
190.9	99.60238569
191	97.06759443
191.1	97.6640159
191.2	99.15506958
191.3	98.85685885
191.4	97.30616302
191.5	94.08548708
191.6	93.48906561
191.7	96.47117296
191.8	98.85685885
191.9	100.64612326
192	101.61883588
192.1	101.3916501
192.2	100.944334
192.3	103.18091451
192.4	106.90854871
192.5	109.44333996
192.6	109.29423459
192.7	107.35586481
192.8	106.90854871
192.9	106.61033797
193	106.90854871
193.1	106.90854871
193.2	106.61033797
193.3	106.61033797
193.4	106.90854871
193.5	106.90854871
193.6	106.90854871
193.7	106.90854871
193.8	104.82107356
193.9	104.22465209
194	103.36200463
194.1	103.03180915
194.2	102.43538767
194.3	101.24254473
194.4	101.24254473
194.5	100.19880716
194.6	98.55864811
194.7	96.37176938
194.8	98.11133201
194.9	101.24254473
195	101.9582505
195.1	101.68986083
195.2	99.75149105
195.3	97.51491054
195.4	98.11133201
195.5	99.30417495
195.6	100.49701789
195.7	101.3916501
195.8	102.58449304
195.9	104.93290258
196	107.04066739
196.1	108.99602386
196.2	109.29423459
196.3	108.39960239
196.4	107.50497018
196.5	106.31212724
196.6	101.8389662
196.7	101.54075547
196.8	101.8389662
196.9	104.22465209
197	105.00745527
197.1	105.11928429
197.2	106.31212724
197.3	108.69781312
197.4	110.1888668
197.5	108.99602386
197.6	107.20675944
197.7	104.52286282
197.8	103.33001988
197.9	104.82107356
198	104.22465209
198.1	102.13717694
198.2	101.24254473
198.3	102.13717694
198.4	106.90854871
198.5	108.54870775
198.6	106.16302187
198.7	104.82107356
198.8	104.67196819
198.9	103.33001988
199	102.28628231
199.1	101.8389662
199.2	101.8389662
199.3	99.60238569
199.4	97.6640159
199.5	97.51491054
199.6	97.6640159
199.7	97.2166998
199.8	96.47117296
199.9	98.26043738
200	100.76314266
200.1	102.98776959
200.2	105.08200795
200.3	106.0139165
200.4	106.62524851
200.5	107.20675944
200.6	104.88071571
200.7	102.73359841
200.8	102.43538767
200.9	104.09343936
201	106.16302187
201.1	107.92246521
201.2	108.69781312
201.3	110.1888668
201.4	112.27634195
201.5	112.57455268
201.6	112.10934394
201.7	109.29423459
201.8	105.34294235
201.9	102.13717694
202	100.48991764
202.1	99.45328032
202.2	100.38518887
202.3	101.68986083
202.4	104.22465209
202.5	108.25049702
202.6	110.1888668
202.7	109.89065606
202.8	107.50497018
202.9	107.20675944
203	108.99602386
203.1	109.59244533
203.2	107.05765408
203.3	105.5666004
203.4	106.90854871
203.5	108.25049702
203.6	109.44333996
203.7	111.23260437
203.8	113.99105368
203.9	117.34592445
204	118.31155922
204.1	118.24055666
204.2	116.45129225
204.3	114.3638171
204.4	112.87276342
204.5	109.59244533
204.6	105.11928429
204.7	101.8389662
204.8	101.24254473
204.9	100.34791252
205	99.47813121
205.1	98.85685885
205.2	98.85685885
205.3	100.34791252
205.4	104.22465209
205.5	107.20675944
205.6	109.59244533
205.7	108.39960239
205.8	105.71570577
205.9	103.92644135
206	104.22465209
206.1	106.16302187
206.2	108.54870775
206.3	110.78528827
206.4	113.76739563
206.5	118.68787276
206.6	122.11729622
206.7	121.27857853
206.8	119.93663022
206.9	116.30218688
207	110.33797217
207.1	103.47912525
207.2	98.26043738
207.3	100.19880716
207.4	106.4612326
207.5	112.12723658
207.6	114.96023857
207.7	114.96023857
207.8	108.99602386
207.9	104.37375746
208	100.79522863
208.1	98.85685885
208.2	100.34791252
208.3	103.03180915
208.4	105.26838966
208.5	105.71570577
208.6	105.41749503
208.7	103.33001988
208.8	101.8389662
208.9	102.28628231
209	104.09569609
209.1	106.27505239
209.2	108.39960239
209.3	108.10139165
209.4	102.73359841
209.5	92.89264414
209.6	91.10337972
209.7	91.10337972
209.8	89.91053678
209.9	87.52485089
210	89.03477867
210.1	91.25248509
210.2	95.52683897
210.3	98.85685885
210.4	99.30417495
210.5	98.11133201
210.6	96.47117296
210.7	94.23459245
210.8	93.78727634
210.9	93.33996024
211	90.50695825
211.1	89.91053678
211.2	92.09493042
211.3	95.27833002
211.4	95.87475149
211.5	96.7693837
211.6	96.17296223
211.7	94.98011928
211.8	92.89264414
211.9	90.80516899
212	90.20874751
212.1	90.65606362
212.2	93.10139165
212.3	96.17296223
212.4	98.11133201
212.5	99.45328032
212.6	100.34791252
212.7	102.58449304
212.8	104.97017893
212.9	105.11928429
213	103.33001988
213.1	103.92644135
213.2	103.92644135
213.3	104.97017893
213.4	105.71570577
213.5	104.52286282
213.6	100.49701789
213.7	98.70775348
213.8	98.55864811
213.9	99.15506958
214	98.78585629
214.1	99.15506958
214.2	101.8389662
214.3	105.59642147
214.4	107.50497018
214.5	107.80318091
214.6	107.80318091
214.7	108.10139165
214.8	109.59244533
214.9	111.67992048
215	115.2584493
215.1	115.55666004
215.2	111.23260437
215.3	107.05765408
215.4	104.37375746
215.5	103.62823062
215.6	101.54075547
215.7	99.30417495
215.8	98.55864811
215.9	98.55864811
216	99.45328032
216.1	101.54075547
216.2	103.03180915
216.3	105.14910537
216.4	106.61033797
216.5	105.86481113
216.6	103.33001988
216.7	100.04970179
216.8	99.15506958
216.9	101.8389662
217	108.99602386
217.1	110.1888668
217.2	109.29423459
217.3	107.95228628
217.4	105.71570577
217.5	104.37375746
217.6	100.64612326
217.7	99.15506958
217.8	99.15506958
217.9	99.45328032
218	99.19234592
218.1	97.96222664
218.2	97.6640159
218.3	97.36580517
218.4	97.6640159
218.5	98.26043738
218.6	97.06759443
218.7	95.87475149
218.8	96.02385686
218.9	98.45434547
219	102.15234823
219.1	105.11928429
219.2	106.59542744
219.3	108.33996024
219.4	108.10139165
219.5	105.71570577
219.6	102.13717694
219.7	98.26043738
219.8	97.6640159
219.9	101.8389662
220	104.82107356
220.1	104.52286282
220.2	105.71570577
220.3	107.20675944
220.4	107.50497018
220.5	108.69781312
220.6	109.16302187
220.7	110.69582505
220.8	112.57455268
220.9	112.57455268
221	111.70677797
221.1	109.77137177
221.2	107.20675944
221.3	106.61033797
221.4	107.54671968
221.5	108.69781312
221.6	110.48707753
221.7	111.08349901
221.8	112.87276342
221.9	114.3638171
222	113.17097416
222.1	110.33797217
222.2	108.99602386
222.3	110.50571571
222.4	111.82902584
222.5	112.57455268
222.6	112.87276342
222.7	112.87276342
222.8	111.82902584
222.9	110.33797217
223	108.99602386
223.1	106.90854871
223.2	106.90854871
223.3	110.50944334
223.4	113.76739563
223.5	115.05964215
223.6	116.15308151
223.7	112.87276342
223.8	111.17296223
223.9	110.78528827
224	112.5886636
224.1	114.21471173
224.2	113.46918489
224.3	111.53081511
224.4	110.03976143
224.5	107.65407555
224.6	106.0139165
224.7	106.61033797
224.8	110.48707753
224.9	112.87276342
225	115.85487078
225.1	116.74950298
225.2	116.74950298
225.3	115.85487078
225.4	115.85487078
225.5	114.96023857
225.6	114.06560636
225.7	112.27634195
225.8	112.57455268
225.9	116.43936382
226	120.62624254
226.1	121.22266402
226.2	120.62624254
226.3	118.9860835
226.4	117.34592445
226.5	116.89860835
226.6	115.55666004
226.7	113.32007952
226.8	112.12723658
226.9	110.99341945
227	109.95797868
227.1	109.59244533
227.2	112.57455268
227.3	115.85487078
227.4	117.04771372
227.5	115.55666004
227.6	113.81212724
227.7	111.67992048
227.8	108.99602386
227.9	106.31212724
228	105.11173466
228.1	104.82107356
228.2	105.41749503
228.3	104.22465209
228.4	106.06983101
228.5	108.60462227
228.6	111.23260437
228.7	113.46918489
228.8	113.32007952
228.9	112.72365805
229	113.32007952
229.1	114.3638171
229.2	117.79324056
229.3	120.32803181
229.4	122.71371769
229.5	123.90656064
229.6	122.41550696
229.7	119.73161034
229.8	116.00397614
229.9	112.42544732
230	111.6836953
230.1	111.38170974
230.2	109.89065606
230.3	108.99602386
230.4	108.39960239
230.5	109.29423459
230.6	113.17097416
230.7	116.74950298
230.8	117.94234592
230.9	118.5387674
231	117.64413519
231.1	115.55666004
231.2	113.46918489
231.3	113.17097416
231.4	112.87276342
231.5	111.67992048
231.6	110.48707753
231.7	109.59244533
231.8	109.89065606
231.9	110.0108796
232	110.30392448
232.1	111.08349901
232.2	112.42544732
232.3	110.48707753
232.4	108.10139165
232.5	106.61033797
232.6	106.61033797
232.7	109.16003976
232.8	111.42644135
232.9	112.57455268
233	111.97813121
233.1	110.66645241
233.2	110.1888668
233.3	109.29423459
233.4	106.84890656
233.5	104.67196819
233.6	103.62823062
233.7	104.52286282
233.8	102.73359841
233.9	102.73359841
234	102.54545284
234.1	102.13717694
234.2	101.24254473
234.3	101.3916501
234.4	101.09343936
234.5	100.64612326
234.6	101.09343936
234.7	101.8389662
234.8	103.03180915
234.9	106.4612326
235	109.19209899
235.1	111.67992048
235.2	112.57455268
235.3	112.57455268
235.4	114.96023857
235.5	119.73161034
235.6	123.01192843
235.7	125.99403579
235.8	128.67793241
235.9	129.57256461
236	125.28539125
236.1	117.49502982
236.2	105.71570577
236.3	96.91848907
236.4	91.10337972
236.5	90.20874751
236.6	91.32703777
236.7	91.69980119
236.8	90.65606362
236.9	89.76143141
237	87.22664016
237.1	82.09741551
237.2	77.08747515
237.3	67.54473161
237.4	59.49304175
237.5	56.80914513
237.6	59.19483101
237.7	63.36978131
237.8	66.35188867
237.9	71.71968191
238	75.34791252
238.1	79.1749503
238.2	83.64811133
238.3	87.82306163
238.4	93.48906561
238.5	97.36580517
238.6	101.54075547
238.7	104.52286282
238.8	104.22465209
238.9	101.8389662
239	102.78823951
239.1	103.33001988
239.2	102.13717694
239.3	102.03777336
239.4	103.05666004
239.5	103.92644135
239.6	105.41749503
239.7	107.50497018
239.8	107.3111332
239.9	107.20675944
240	109.84698504
240.1	111.67992048
240.2	111.38170974
240.3	112.27634195
240.4	113.46918489
240.5	115.2584493
240.6	118.5387674
240.7	120.02982107
240.8	120.10877021
240.9	122.21008953
241	124.31140884
241.1	125.09940358
241.2	120.17892644
241.3	117.34592445
241.4	116.30218688
241.5	117.94234592
241.6	120.77534791
241.7	120.17892644
241.8	117.64413519
241.9	115.70576541
242	115.40755467
242.1	115.2584493
242.2	115.70576541
242.3	118.24055666
242.4	122.41550696
242.5	120.8499006
242.6	119.06063618
242.7	117.94234592
242.8	119.13518887
242.9	120.47713718
243	121.66998012
243.1	122.26640159
243.2	120.62624254
243.3	123.75745527
243.4	126.29224652
243.5	126.88866799
243.6	127.48508946
243.7	127.48508946
243.8	125.09940358
243.9	122.41550696
244	120.62624254
244.1	118.83697813
244.2	115.55666004
244.3	116.15308151
244.4	119.13518887
244.5	120.62624254
244.6	121.52087475
244.7	123.01192843
244.8	122.41550696
244.9	120.02982107
245	120.02982107
245.1	120.62624254
245.2	123.31013917
245.3	124.50298211
245.4	123.75745527
245.5	122.71371769
245.6	121.96819085
245.7	121.07355865
245.8	120.92445328
245.9	122.11729622
246	121.22266402
246.1	120.62624254
246.2	121.52087475
246.3	121.16302187
246.4	120.62624254
246.5	120.62624254
246.6	120.62624254
246.7	119.13518887
246.8	116.15308151
246.9	116.45129225
247	119.25936495
247.1	121.52087475
247.2	124.80119284
247.3	124.50298211
247.4	121.66998012
247.5	119.88071571
247.6	118.5387674
247.7	117.19681909
247.8	116.60039761
247.9	117.49502982
248	119.34819654
248.1	121.81908549
248.2	125.99403579
248.3	127.18687873
248.4	127.18687873
248.5	125.09940358
248.6	122.41550696
248.7	118.5387674
248.8	113.46918489
248.9	113.76739563
249	117.41302187
249.1	120.92445328
249.2	120.62624254
249.3	120.02982107
249.4	120.02982107
249.5	120.92445328
249.6	121.81908549
249.7	120.32803181
249.8	116.45129225
249.9	113.76739563
250	118.40262771
250.1	120.32803181
250.2	120.92445328
250.3	118.83697813
250.4	116.45129225
250.5	114.3638171
250.6	111.67992048
250.7	108.10139165
250.8	108.99602386
250.9	112.63419483
251	121.81908549
251.1	122.65407555
251.2	123.01192843
251.3	124.20477137
251.4	127.48508946
251.5	129.87077535
251.6	129.27435388
251.7	128.08151093
251.8	130.46719682
251.9	131.06361829
252	128.67793241
252.1	126.73956262
252.2	121.81908549
252.3	114.8111332
252.4	104.97017893
252.5	98.40954274
252.6	96.32206759
252.7	96.47117296
252.8	96.47117296
252.9	96.47117296
253	98.11133201
253.1	101.09343936
253.2	105.86481113
253.3	110.48707753
253.4	114.8111332
253.5	119.4333996
253.6	121.96819085
253.7	123.01192843
253.8	121.81908549
253.9	120.77534791
254	119.80414808
254.1	118.96593412
254.2	118.83271798
254.3	119.33115592
254.4	118.83697813
254.5	117.04771372
254.6	117.64413519
254.7	120.62624254
254.8	120.92445328
254.9	124.20477137
255	125.99403579
255.1	124.80119284
255.2	121.66998012
255.3	117.34592445
255.4	111.82902584
255.5	109.89065606
255.6	112.72365805
255.7	118.09145129
255.8	121.07355865
255.9	122.71371769
256	121.67794758
256.1	120.62624254
256.2	118.24055666
256.3	115.85487078
256.4	114.79622266
256.5	113.17097416
256.6	115.85487078
256.7	121.22266402
256.8	124.50298211
256.9	126.29224652
257	125.35151865
257.1	123.90656064
257.2	121.66998012
257.3	119.13518887
257.4	116.89860835
257.5	116.00397614
257.6	114.8111332
257.7	113.76739563
257.8	113.91650099
257.9	116.15308151
258	120.02982107
258.1	118.5387674
258.2	115.55666004
258.3	114.66202783
258.4	113.17097416
258.5	110.78528827
258.6	107.80318091
258.7	103.79224652
258.8	99.86704771
258.9	96.7693837
259	96.69838114
259.1	96.91848907
259.2	96.02385686
259.3	95.72564612
259.4	94.08548708
259.5	93.19085487
259.6	92.89264414
259.7	95.12922465
259.8	98.55864811
259.9	101.8389662
260	105.26838966
260.1	108.84691849
260.2	114.21471173
260.3	116.30218688
260.4	116.74950298
260.5	116.74950298
260.6	117.34592445
260.7	120.02982107
260.8	123.90656064
260.9	127.93240557
261	127.79462466
261.1	126.29224652
261.2	124.20477137
261.3	124.50298211
261.4	126.59045726
261.5	127.18687873
261.6	122.11729622
261.7	117.64413519
261.8	112.57455268
261.9	108.39960239
262	107.50497018
262.1	111.52087475
262.2	116.45129225
262.3	119.94035785
262.4	123.01192843
262.5	124.20477137
262.6	125.69582505
262.7	128.67793241
262.8	131.06361829
262.9	131.36182903
263	128.08340233
263.1	123.31013917
263.2	118.5387674
263.3	115.55666004
263.4	113.91650099
263.5	114.8111332
263.6	114.3638171
263.7	111.67992048
263.8	109.29423459
263.9	108.25049702
264	109.89065606
264.1	114.06560636
264.2	115.85487078
264.3	115.10934394
264.4	116.15308151
264.5	118.38966203
264.6	119.13518887
264.7	120.02982107
264.8	120.02982107
264.9	120.47713718
265	121.14259475
265.1	121.81908549
265.2	122.41550696
265.3	124.20477137
265.4	127.18687873
265.5	127.48508946
265.6	125.99403579
265.7	127.71172962
265.8	131.66003976
265.9	134.34393638
266	135.64860835
266.1	137.027833
266.2	134.94035785
266.3	129.87077535
266.4	123.90656064
266.5	122.41550696
266.6	124.80119284
266.7	125.99403579
266.8	123.99229622
266.9	119.48558648
267	115.2584493
267.1	115.55666004
267.2	116.60039761
267.3	117.49502982
267.4	116.45129225
267.5	113.91650099
267.6	112.57455268
267.7	112.42544732
267.8	114.3638171
267.9	116.74950298
268	125.09940358
268.1	126.29224652
268.2	127.18687873
268.3	125.69582505
268.4	123.90656064
268.5	123.31013917
268.6	124.80119284
268.7	124.80119284
268.8	124.80119284
268.9	124.50298211
269	125.41998012
269.1	126.59045726
269.2	127.48508946
269.3	128.97614314
269.4	130.46719682
269.5	130.46719682
269.6	130.16898608
269.7	131.89860835
269.8	134.94035785
269.9	137.32604374
270	132.03806208
270.1	126.88866799
270.2	121.22266402
270.3	119.13518887
270.4	119.73161034
270.5	122.11729622
270.6	123.90656064
270.7	122.41550696
270.8	121.81908549
270.9	123.31013917
271	123.90656064
271.1	127.18687873
271.2	125.39761431
271.3	124.055666
271.4	121.22266402
271.5	119.13518887
271.6	117.04771372
271.7	114.8111332
271.8	113.02186879
271.9	116.30218688
272	120.38483385
272.1	123.01192843
272.2	123.01192843
272.3	121.52087475
272.4	121.81908549
272.5	123.01192843
272.6	123.6083499
272.7	122.11729622
272.8	122.11729622
272.9	123.90656064
273	123.60457508
273.1	123.31013917
273.2	124.46570577
273.3	125.69582505
273.4	125.99403579
273.5	124.50298211
273.6	121.81908549
273.7	121.22266402
273.8	123.90656064
273.9	129.42345924
274	135.23856859
274.1	134.19483101
274.2	125.84493042
274.3	119.4333996
274.4	115.55666004
274.5	113.61829026
274.6	113.32007952
274.7	116.00397614
274.8	121.96819085
274.9	126.59045726
275	126.29224652
275.1	124.71823196
275.2	122.41550696
275.3	119.13518887
275.4	114.96023857
275.5	116.45129225
275.6	119.13518887
275.7	119.73161034
275.8	117.04771372
275.9	117.64413519
276	115.85487078
276.1	114.51292247
276.2	116.45129225
276.3	120.77534791
276.4	123.6083499
276.5	125.54671968
276.6	127.18687873
276.7	126.59045726
276.8	124.95029821
276.9	123.75745527
277	124.16749503
277.1	126.14314115
277.2	129.72166998
277.3	129.42345924
277.4	128.12411247
277.5	126.59045726
277.6	125.69582505
277.7	125.99403579
277.8	127.03777336
277.9	128.2306163
278	124.50298211
278.1	124.055666
278.2	125.39761431
278.3	126.29224652
278.4	125.99403579
278.5	125.69582505
278.6	124.65208748
278.7	122.41550696
278.8	121.52087475
278.9	123.48906561
279	126.42005112
279.1	128.67793241
279.2	128.67793241
279.3	125.99403579
279.4	124.50298211
279.5	123.90656064
279.6	125.15573227
279.7	126.83565275
279.8	128.37972167
279.9	128.67793241
280	129.02950717
280.1	129.42345924
280.2	130.31809145
280.3	127.63419483
280.4	122.86282306
280.5	120.02982107
280.6	118.5387674
280.7	117.64413519
280.8	117.79324056
280.9	117.81809145
281	117.64413519
281.1	114.96023857
281.2	110.03976143
281.3	108.25049702
281.4	110.78528827
281.5	115.85487078
281.6	122.41550696
281.7	127.48508946
281.8	128.37972167
281.9	126.29224652
282	123.80715706
282.1	123.01192843
282.2	122.57654076
282.3	122.11729622
282.4	121.52087475
282.5	120.92445328
282.6	124.20477137
282.7	125.69582505
282.8	124.20477137
282.9	122.11729622
283	120.01571016
283.1	118.24055666
283.2	119.13518887
283.3	120.92445328
283.4	124.055666
283.5	125.54671968
283.6	125.24850895
283.7	122.26640159
283.8	118.83697813
283.9	116.00397614
284	116.30218688
284.1	116.74950298
284.2	115.55666004
284.3	114.06560636
284.4	111.23260437
284.5	108.39960239
284.6	106.31212724
284.7	106.31212724
284.8	104.37375746
284.9	104.82107356
285	110.93439364
285.1	117.64413519
285.2	122.56461233
285.3	123.01192843
285.4	117.79324056
285.5	114.96023857
285.6	114.06560636
285.7	116.89860835
285.8	121.07355865
285.9	126.44135189
286	134.64214712
286.1	132.96471173
286.2	130.01988072
286.3	128.08151093
286.4	126.59045726
286.5	127.03777336
286.6	127.03777336
286.7	126.29224652
286.8	126.88866799
286.9	128.37972167
287	127.45668844
287.1	126.29224652
287.2	125.99403579
287.3	123.6083499
287.4	121.38170974
287.5	120.62624254
287.6	121.32703777
287.7	123.90656064
287.8	127.7833002
287.9	128.97614314
288	128.25191707
288.1	125.84493042
288.2	123.75745527
288.3	123.75745527
288.4	124.50298211
288.5	124.20477137
288.6	122.71371769
288.7	119.88071571
288.8	117.04771372
288.9	116.60039761
289	118.09145129
289.1	119.73161034
289.2	120.02982107
289.3	120.32803181
289.4	122.20675944
289.5	123.87673956
289.6	125.99403579
289.7	127.3359841
289.8	129.72166998
289.9	131.51093439
290	132.48865585
290.1	134.64214712
290.2	139.11530815
290.3	142.39562624
290.4	139.41351889
290.5	135.53677932
290.6	131.66003976
290.7	122.41550696
290.8	118.5387674
290.9	117.94234592
291	118.5387674
291.1	117.64413519
291.2	117.94234592
291.3	118.5387674
291.4	119.88071571
291.5	120.92445328
291.6	120.92445328
291.7	118.68787276
291.8	116.30218688
291.9	120.17892644
292	123.90656064
292.1	124.50298211
292.2	123.31013917
292.3	120.92445328
292.4	120.32803181
292.5	120.32803181
292.6	119.13518887
292.7	118.5387674
292.8	118.24055666
292.9	115.55666004
293	113.76739563
293.1	113.17097416
293.2	114.66202783
293.3	117.94234592
293.4	118.5387674
293.5	115.85487078
293.6	115.69831014
293.7	116.15308151
293.8	115.5417495
293.9	115.70857872
294	118.6344199
294.1	120.47713718
294.2	120.32803181
294.3	118.38966203
294.4	117.34592445
294.5	116.74950298
294.6	116.89860835
294.7	118.277833
294.8	119.4333996
294.9	120.17892644
295	122.39957203
295.1	125.09940358
295.2	125.39761431
295.3	126.88866799
295.4	127.7833002
295.5	128.08151093
295.6	128.08151093
295.7	126.29224652
295.8	121.52087475
295.9	117.20107924
296	112.38284578
296.1	108.99602386
296.2	108.69781312
296.3	111.67992048
296.4	115.55666004
296.5	116.74950298
296.6	117.64413519
296.7	122.11729622
296.8	125.99403579
296.9	126.88866799
297	127.75131545
297.1	128.08151093
297.2	126.44135189
297.3	124.35387674
297.4	124.20477137
297.5	125.09940358
297.6	124.20477137
297.7	122.26640159
297.8	122.11729622
297.9	122.26640159
298	123.31013917
298.1	124.95029821
298.2	128.2306163
298.3	128.97614314
298.4	126.14314115
298.5	123.31013917
298.6	121.07355865
298.7	117.94234592
298.8	116.86133201
298.9	117.34592445
299	118.93638171
299.1	120.47713718
299.2	120.32803181
299.3	120.17892644
299.4	120.92445328
299.5	120.62624254
299.6	120.62624254
299.7	120.02982107
299.8	120.02982107
299.9	120.17892644
300	122.11729622
300.1	122.11729622
300.2	120.92445328
300.3	117.04771372
300.4	112.57455268
300.5	110.48707753
300.6	111.67992048
300.7	114.3638171
300.8	115.85487078
300.9	115.85487078
301	114.66202783
301.1	112.27634195
301.2	106.0139165
301.3	105.41749503
301.4	108.10139165
301.5	109.89065606
301.6	110.48707753
301.7	110.78528827
301.8	111.08349901
301.9	115.2584493
302	119.58250497
302.1	124.50298211
302.2	125.39761431
302.3	120.62624254
302.4	116.15308151
302.5	114.66202783
302.6	112.27634195
302.7	110.48707753
302.8	108.39960239
302.9	104.82107356
303	101.28514627
303.1	96.7693837
303.2	95.27833002
303.3	96.7693837
303.4	99.00596421
303.5	98.85685885
303.6	99.75149105
303.7	101.09343936
303.8	102.28628231
303.9	104.22465209
304	106.83399602
304.1	108.69781312
304.2	106.0139165
304.3	99.75149105
304.4	95.57654076
304.5	94.83101392
304.6	95.72564612
304.7	96.75074553
304.8	97.49627237
304.9	98.55864811
305	98.26043738
305.1	94.08548708
305.2	89.31411531
305.3	86.18290258
305.4	84.39363817
305.5	83.05168986
305.6	80.81510934
305.7	80.51689861
305.8	83.05168986
305.9	89.16500994
306	95.86219525
306.1	101.8389662
306.2	106.82902584
306.3	111.67992048
306.4	111.97813121
306.5	109.59244533
306.6	109.89065606
306.7	109.89065606
306.8	109.59244533
306.9	109.89065606
307	110.35758574
307.1	110.6207873
307.2	110.1888668
307.3	109.29423459
307.4	111.08349901
307.5	111.38170974
307.6	109.59244533
307.7	105.26838966
307.8	100.79522863
307.9	97.2166998
308	94.83101392
308.1	92.89264414
308.2	92.5944334
308.3	93.33996024
308.4	94.08548708
308.5	94.38369781
308.6	94.98011928
308.7	94.53280318
308.8	91.99801193
308.9	89.76143141
309	89.79693269
309.1	90.80516899
309.2	94.15705765
309.3	96.7693837
309.4	96.17296223
309.5	94.08548708
309.6	92.2306163
309.7	90.13717694
309.8	87.82306163
309.9	87.52485089
310	89.33676422
310.1	91.40159046
310.2	93.78727634
310.3	94.68190855
310.4	94.98011928
310.5	94.53280318
310.6	93.19085487
310.7	90.35785288
310.8	88.27037773
310.9	87.67395626
311	87.82306163
311.1	89.76143141
311.2	93.33996024
311.3	97.51491054
311.4	99.15506958
311.5	98.70775348
311.6	96.7693837
311.7	94.68190855
311.8	90.71996592
311.9	85.73558648
312	84.69184891
312.1	84.09542744
312.2	82.30616302
312.3	82.75347913
312.4	91.40159046
312.5	97.06759443
312.6	99.60238569
312.7	100.34791252
312.8	98.11133201
312.9	94.53280318
313	87.22664016
313.1	86.63021869
313.2	87.35917826
313.3	88.65142478
313.4	89.91053678
313.5	92.5944334
313.6	96.17296223
313.7	98.85685885
313.8	100.64612326
313.9	100.64612326
314	98.06287276
314.1	95.27833002
314.2	94.68190855
314.3	94.08548708
314.4	92.89264414
314.5	90.50695825
314.6	87.52485089
314.7	85.73558648
314.8	91.69980119
314.9	100.83697813
315	108.99602386
315.1	112.12723658
315.2	115.55666004
315.3	116.45129225
315.4	113.76739563
315.5	109.89065606
315.6	105.41749503
315.7	101.8389662
315.8	98.85685885
315.9	94.68190855
316	91.99801193
316.1	92.29622266
316.2	90.80516899
316.3	85.73558648
316.4	75.59642147
316.5	66.6500994
316.6	63.96620278
316.7	69.63220676
316.8	77.68389662
316.9	83.64811133
317	85.13916501
317.1	85.58648111
317.2	86.92842942
317.3	85.58648111
317.4	84.84095427
317.5	85.28827038
317.6	87.52485089
317.7	91.84890656
317.8	96.32206759
317.9	98.85685885
318	100.04970179
318.1	99.75149105
318.2	98.55864811
318.3	96.7693837
318.4	94.98011928
318.5	93.19085487
318.6	91.99801193
318.7	90.80516899
318.8	89.31411531
318.9	87.22664016
319	90.50695825
319.1	93.63817097
319.2	96.7693837
319.3	97.96222664
319.4	96.17296223
319.5	90.80516899
319.6	84.2445328
319.7	77.38568588
319.8	70.07952286
319.9	65.60636183
320	66.41153082
320.1	69.63220676
320.2	73.35984095
320.3	75.74552684
320.4	77.68389662
320.5	79.92047714
320.6	80.81510934
320.7	81.26242545
320.8	82.00795229
320.9	84.84095427
321	88.47628515
321.1	89.91053678
321.2	90.20874751
321.3	89.31411531
321.4	88.71769384
321.5	90.80516899
321.6	95.57654076
321.7	97.96222664
321.8	98.26043738
321.9	98.85685885
322	101.54075547
322.1	101.24254473
322.2	97.96222664
322.3	97.36580517
322.4	96.32206759
322.5	95.42743539
322.6	97.6640159
322.7	99.90059642
322.8	103.47912525
322.9	106.16302187
323	105.87579784
323.1	104.82107356
323.2	103.03180915
323.3	102.73359841
323.4	105.71570577
323.5	108.39960239
323.6	109.29423459
323.7	108.10139165
323.8	105.41749503
323.9	104.22465209
324	106.2881695
324.1	108.69781312
324.2	107.80318091
324.3	107.35586481
324.4	107.20675944
324.5	106.90854871
324.6	105.26838966
324.7	103.03180915
324.8	100.64612326
324.9	99.45328032
325	103.06265853
325.1	105.71570577
325.2	109.59244533
325.3	114.3638171
325.4	119.73161034
325.5	122.41550696
325.6	125.09940358
325.7	127.7833002
325.8	128.67793241
325.9	128.67793241
326	127.93240557
326.1	127.18687873
326.2	128.67793241
326.3	129.87077535
326.4	130.16898608
326.5	129.87077535
326.6	130.46719682
326.7	129.27435388
326.8	127.18687873
326.9	122.11729622
327	120.32803181
327.1	122.3359841
327.2	125.39761431
327.3	126.29224652
327.4	127.18687873
327.5	126.88866799
327.6	125.69582505
327.7	124.20477137
327.8	121.52087475
327.9	118.88170974
328	116.74950298
328.1	116.12326044
328.2	115.10934394
328.3	113.91650099
328.4	115.55666004
328.5	118.09145129
328.6	119.28429423
328.7	118.83697813
328.8	118.24055666
328.9	118.09145129
329	120.02982107
329.1	119.73161034
329.2	117.49502982
329.3	114.96023857
329.4	114.8111332
329.5	115.85487078
329.6	116.15308151
329.7	116.00397614
329.8	115.10934394
329.9	115.10934394
330	116.29115371
330.1	117.34592445
330.2	118.92644135
330.3	120.02982107
330.4	120.1640159
330.5	119.13518887
330.6	117.04771372
330.7	115.85487078
330.8	111.38170974
330.9	110.48707753
331	113.91650099
331.1	117.64413519
331.2	119.73161034
331.3	119.73161034
331.4	117.34592445
331.5	116.15308151
331.6	116.15308151
331.7	116.74950298
331.8	117.04771372
331.9	116.45129225
332	114.96023857
332.1	110.48707753
332.2	108.39960239
332.3	108.84691849
332.4	110.93439364
332.5	112.42544732
332.6	114.06560636
332.7	114.8111332
332.8	114.96023857
332.9	114.66202783
333	115.54254912
333.1	117.64413519
333.2	122.11729622
333.3	127.7833002
333.4	130.46719682
333.5	129.57256461
333.6	126.29224652
333.7	120.02982107
333.8	117.04771372
333.9	115.85487078
334	117.66678411
334.1	120.02982107
334.2	119.88071571
334.3	117.64413519
334.4	114.21471173
334.5	110.33797217
334.6	109.29423459
334.7	113.46918489
334.8	115.2584493
334.9	115.2584493
335	116.89860835
335.1	115.70576541
335.2	114.8111332
335.3	115.10934394
335.4	116.00397614
335.5	116.45129225
335.6	116.74950298
335.7	118.83697813
335.8	122.26640159
335.9	126.29224652
336	130.76540755
336.1	134.79125249
336.2	134.94035785
336.3	131.66003976
336.4	127.7833002
336.5	125.24850895
336.6	123.6083499
336.7	123.90656064
336.8	124.80119284
336.9	126.29224652
337	127.48508946
337.1	128.49900596
337.2	128.67793241
337.3	126.56063618
337.4	125.09940358
337.5	125.69582505
337.6	125.69582505
337.7	122.11729622
337.8	121.43141153
337.9	122.5944334
338	123.01192843
338.1	121.49105368
338.2	120.02982107
338.3	118.24055666
338.4	114.3638171
338.5	112.87276342
338.6	114.3638171
338.7	117.34592445
338.8	120.62624254
338.9	122.66898608
339	124.3609322
339.1	125.69582505
339.2	125.54671968
339.3	124.055666
339.4	122.86282306
339.5	123.1610338
339.6	124.80119284
339.7	127.48508946
339.8	128.67793241
339.9	129.94532803
340	131.06361829
340.1	129.57256461
340.2	126.14314115
340.3	121.66998012
340.4	119.4333996
340.5	117.94234592
340.6	121.81908549
340.7	123.45924453
340.8	124.22607214
340.9	124.80119284
341	124.73019029
341.1	123.6083499
341.2	120.32803181
341.3	118.5387674
341.4	120.02982107
341.5	121.42147117
341.6	121.81908549
341.7	120.91252485
341.8	121.22266402
341.9	123.31013917
342	125.69582505
342.1	126.59045726
342.2	127.7833002
342.3	131.06361829
342.4	136.43141153
342.5	138.81709742
342.6	135.83499006
342.7	132.8528827
342.8	130.76540755
342.9	129.57256461
343	127.84726969
343.1	124.80119284
343.2	121.37176938
343.3	118.83697813
343.4	113.17097416
343.5	109.59244533
343.6	111.97813121
343.7	118.38966203
343.8	122.86282306
343.9	124.95029821
344	125.95143425
344.1	126.88866799
344.2	127.18687873
344.3	125.09940358
344.4	120.62624254
344.5	116.45129225
344.6	113.76739563
344.7	112.57455268
344.8	112.27634195
344.9	115.50243991
345	122.90348816
345.1	130.30453642
345.2	135.83499006
345.3	136.43141153
345.4	136.1332008
345.5	134.41848907
345.6	130.46719682
345.7	125.99403579
345.8	125.69582505
345.9	127.18687873
346	130.16898608
346.1	130.01988072
346.2	128.82703777
346.3	127.7833002
346.4	127.48508946
346.5	128.2306163
346.6	128.67793241
346.7	128.67793241
346.8	128.97614314
346.9	128.52882704
347	123.45924453
347.1	119.28429423
347.2	117.94234592
347.3	117.94234592
347.4	117.49502982
347.5	116.45129225
347.6	116.15308151
347.7	116.45129225
347.8	117.49502982
347.9	120.77534791
348	124.47316103
348.1	126.88866799
348.2	127.48508946
348.3	126.73956262
348.4	126.88866799
348.5	127.7833002
348.6	127.63419483
348.7	125.99403579
348.8	123.6083499
348.9	121.37176938
349	120.02982107
349.1	120.46686478
349.2	121.27236581
349.3	122.41550696
349.4	121.32703777
349.5	119.88071571
349.6	120.32803181
349.7	123.01192843
349.8	126.59045726
349.9	131.24254473
350	137.47514911
350.1	137.32604374
350.2	134.2445328
350.3	129.57256461
350.4	128.08151093
350.5	129.87077535
350.6	129.87077535
350.7	127.18687873
350.8	122.11729622
350.9	120.92445328
351	120.73630771
351.1	120.62624254
351.2	118.83697813
351.3	116.15308151
351.4	116.45129225
351.5	120.47713718
351.6	122.41550696
351.7	125.09940358
351.8	128.97614314
351.9	132.55467197
352	134.34393638
352.1	131.80914513
352.2	127.03777336
352.3	123.75745527
352.4	122.41550696
352.5	121.66998012
352.6	122.26640159
352.7	123.6083499
352.8	124.72664016
352.9	125.84493042
353	127.0306731
353.1	127.48508946
353.2	126.59045726
353.3	123.6083499
353.4	120.62624254
353.5	119.13518887
353.6	116.74950298
353.7	111.38170974
353.8	110.48707753
353.9	112.57455268
354	115.0524299
354.1	119.4333996
354.2	125.09940358
354.3	129.87077535
354.4	132.10735586
354.5	133.68361261
354.6	133.51320648
354.7	133.74751491
354.8	131.51093439
354.9	129.72166998
355	128.023508
355.1	126.88866799
355.2	128.97614314
355.3	130.16898608
355.4	128.37972167
355.5	123.6083499
355.6	119.73161034
355.7	118.5387674
355.8	121.21840386
355.9	123.90656064
356	125.39761431
356.1	126.88866799
356.2	130.16898608
356.3	133.74751491
356.4	137.027833
356.5	139.41351889
356.6	137.92246521
356.7	135.83499006
356.8	131.06361829
356.9	129.27435388
357	123.64562624
357.1	116.15308151
357.2	105.71570577
357.3	92.06617438
357.4	76.78074411
357.5	61.49531383
357.6	46.20988356
357.7	35.49701789
357.8	27.45029821
357.9	23.37972167
358	21.47117296
358.1	22.2166998
358.2	21.62027833
358.3	20.47514911
358.4	19.07952286
358.5	17.47846256
358.6	15.28164347
358.7	12.972167
358.8	12.37574553
358.9	12.972167
359	12.74495882
359.1	12.37574553
359.2	12.37574553
359.3	12.37574553
359.4	12.07753479
359.5	11.48111332
359.6	11.18290258
359.7	11.48111332
359.8	12.52485089
359.9	14.61232604
360	16.65114576
360.1	18.93638171
360.2	20.72564612
360.3	21.91848907
360.4	21.32206759
360.5	19.35387674
360.6	17.74353877
360.7	17.7833002
360.8	17.97713718
360.9	18.33996024
361	18.33996024
361.1	17.1471173
361.2	15.20874751
361.3	14.01590457
361.4	13.27037773
361.5	12.972167
361.6	12.22664016
361.7	11.48111332
361.8	11.18290258
361.9	11.18290258
362	12.07753479
362.1	12.88270378
362.2	13.27037773
362.3	13.27037773
362.4	12.07753479
362.5	10.88469185
362.6	10.28827038
362.7	10.06054582
362.8	9.74335803
362.9	9.39363817
363	8.98359841
363.1	9.09542744
363.2	9.52286282
363.3	9.99005964
363.4	9.69184891
363.5	9.99005964
363.6	10.85487078
363.7	11.77932406
363.8	11.77932406
363.9	12.07753479
364	12.83712817
364.1	13.92644135
364.2	14.76143141
364.3	15.05964215
364.4	13.89662028
364.5	12.67395626
364.6	12.37574553
364.7	12.67395626
364.8	13.56858847
364.9	14.46322068
365	15.59727875
365.1	16.96806839
365.2	18.33885802
365.3	18.93638171
365.4	17.74353877
365.5	13.8667992
365.6	10.58648111
365.7	8.7972167
365.8	7.60437376
365.9	6.41153082
366	4.99502982
366.1	4.32405567
366.2	4.32405567
366.3	4.6222664
366.4	5.81510934
366.5	6.11332008
366.6	6.11332008
366.7	6.11332008
366.8	6.41153082
366.9	7.00795229
367	7.5333712
367.1	8.20079523
367.2	8.49900596
367.3	8.7972167
367.4	9.09542744
367.5	8.68124586
367.6	8.01855533
367.7	7.15705765
367.8	6.97087401
367.9	6.87199861
368	6.77312322
368.1	6.70974155
368.2	6.70974155
368.3	6.32206759
368.4	5.81510934
368.5	5.51689861
368.6	5.08449304
368.7	4.32405567
368.8	4.02584493
368.9	4.02584493
369	3.79515361
369.1	3.13121272
369.2	2.83300199
369.3	3.25049702
369.4	3.86182903
369.5	4.32405567
369.6	4.02584493
369.7	3.42942346
369.8	3.13121272
369.9	3.42942346
370	3.57480119
370.1	4.02584493
370.2	4.02584493
370.3	3.84691849
370.4	3.72763419
370.5	3.13121272
370.6	3.13121272
370.7	3.42942346
370.8	3.36605368
370.9	3.22067594
371	3.13121272
371.1	2.98210736
371.2	2.53479125
371.3	2.53479125
371.4	2.53479125
371.5	2.53479125
371.6	2.53479125
371.7	2.53479125
371.8	2.83300199
371.9	3.18091451
372	3.31345262
372.1	3.42942346
372.2	3.42942346
372.3	3.13121272
372.4	3.42942346
372.5	3.42942346
372.6	3.42942346
372.7	3.87673956
372.8	4.02584493
372.9	4.02584493
373	3.43319828
373.1	3.13121272
373.2	3.42942346
373.3	3.42942346
373.4	3.76287728
373.5	4.08006506
373.6	4.6222664
373.7	4.32405567
373.8	4.32405567
373.9	4.32405567
374	4.32405567
374.1	4.32405567
374.2	3.90656064
374.3	3.42942346
374.4	3.72763419
374.5	3.72763419
374.6	3.42942346
374.7	3.13121272
374.8	3.28031809
374.9	3.42942346
375	3.64886155
375.1	3.84391763
375.2	4.0389737
375.3	4.23402978
375.4	4.32405567
375.5	4.32405567
375.6	3.72763419
375.7	3.42942346
375.8	3.89662028
375.9	4.32405567
376	4.32405567
376.1	4.32405567
376.2	4.1749503
376.3	3.57852883
376.4	3.13121272
376.5	3.72763419
376.6	4.6222664
376.7	5.08313754
376.8	5.51689861
376.9	5.95065968
377	6.22338524
377.1	6.30715706
377.2	6.01640159
377.3	5.81510934
377.4	5.21868787
377.5	4.92047714
377.6	4.92047714
377.7	4.92047714
377.8	4.6222664
377.9	4.66699801
378	4.92047714
378.1	4.77137177
378.2	4.37375746
378.3	4.02584493
378.4	4.12073016
378.5	4.22917043
378.6	4.32405567
378.7	4.32405567
378.8	4.32405567
378.9	4.32405567
379	4.48671607
379.1	4.92047714
379.2	5.35423821
379.3	5.51689861
379.4	5.36779324
379.5	4.92047714
379.6	5.0695825
379.7	5.21868787
379.8	5.34915507
379.9	5.51689861
380	6.25676322
380.1	6.70974155
380.2	6.41153082
380.3	5.62872763
380.4	4.92047714
380.5	4.32405567
380.6	4.32405567
380.7	4.32405567
380.8	4.6222664
380.9	4.32405567
381	4.09684749
381.1	3.72763419
381.2	4.02584493
381.3	4.26670745
381.4	4.5419789
381.5	4.81725034
381.6	4.77137177
381.7	4.32405567
381.8	4.32405567
381.9	4.47316103
382	4.92047714
382.1	4.92047714
382.2	4.92047714
382.3	4.6222664
382.4	4.32405567
382.5	4.6222664
382.6	4.6222664
382.7	4.6222664
382.8	4.32405567
382.9	4.32405567
383	4.41546126
383.1	4.65311579
383.2	4.92047714
383.3	5.44234592
383.4	6.0387674
383.5	6.70974155
383.6	6.70974155
383.7	6.70974155
383.8	6.70974155
383.9	5.96421471
384	6.0387674
384.1	6.56063618
384.2	6.70974155
384.3	6.70974155
384.4	7.15705765
384.5	7.90258449
384.6	7.95228628
384.7	7.55467197
384.8	7.30616302
384.9	7.00795229
385	7.13037564
385.1	7.30616302
385.2	7.30616302
385.3	7.30616302
385.4	7.00795229
385.5	5.81510934
385.6	5.21868787
385.7	5.21868787
385.8	5.81510934
385.9	6.80251822
386	7.83631544
386.1	8.7972167
386.2	8.7972167
386.3	9.09542744
386.4	9.39363817
386.5	9.09542744
386.6	8.49900596
386.7	8.20079523
386.8	8.49900596
386.9	8.49900596
387	8.7972167
387.1	8.7972167
387.2	8.20079523
387.3	7.00795229
387.4	6.11332008
387.5	5.81510934
387.6	5.81510934
387.7	6.24005964
387.8	6.70974155
387.9	7.42544732
388	8.24339676
388.1	8.94632207
388.2	8.64811133
388.3	7.90258449
388.4	7.90258449
388.5	8.05168986
388.6	8.49900596
388.7	8.49900596
388.8	8.49900596
388.9	8.7972167
389	8.9889236
389.1	9.22323204
389.2	9.56404431
389.3	9.99005964
389.4	9.99005964
389.5	9.39363817
389.6	9.39363817
389.7	9.69184891
389.8	9.69184891
389.9	9.54274354
390	8.9519843
390.1	8.49900596
390.2	8.7972167
390.3	9.09542744
390.4	9.09542744
390.5	9.39363817
390.6	9.69184891
390.7	11.48111332
390.8	12.80516899
390.9	13.8667992
391	13.00944334
391.1	11.48111332
391.2	9.39363817
391.3	8.20079523
391.4	8.20079523
391.5	8.20079523
391.6	8.20079523
391.7	8.20079523
391.8	7.90258449
391.9	8.35984095
392	8.95428953
392.1	10.13916501
392.2	11.03379722
392.3	12.82306163
392.4	16.02882704
392.5	19.01093439
392.6	21.99304175
392.7	24.60238569
392.8	23.85685885
392.9	24.15506958
393	25.04970179
393.1	24.90059642
393.2	21.94831014
393.3	19.32405567
393.4	15.35785288
393.5	12.972167
393.6	11.77932406
393.7	12.972167
393.8	15.35785288
393.9	18.61687021
394	22.29125249
394.1	27.88270378
394.2	28.47912525
394.3	25.33644288
394.4	22.7672427
394.5	20.19804251
394.6	17.49502982
394.7	14.61232604
394.8	12.82306163
394.9	12.31983101
395	12.17072565
395.1	12.37574553
395.2	12.37574553
395.3	12.07753479
395.4	12.52485089
395.5	14.13518887
395.6	15.65606362
395.7	16.99801193
395.8	19.44333996
395.9	21.32206759
396	24.87780324
396.1	26.68986083
396.2	28.2680838
396.3	29.69949534
396.4	31.13090687
396.5	32.65407555
396.6	33.54870775
396.7	33.25049702
396.8	30.5666004
396.9	29.67196819
397	28.46492474
397.1	26.09343936
397.2	23.85685885
397.3	23.55864811
397.4	25.944334
397.5	27.25187338
397.6	28.62823062
397.7	30.00458786
397.8	30.71570577
397.9	29.70924453
398	28.81461233
398.1	29.17992048
398.2	30.25347913
398.3	31.4612326
398.4	32.65407555
398.5	34.89065606
398.6	37.12723658
398.7	39.96023857
398.8	42.34592445
398.9	43.5387674
399	43.68787276
399.1	42.49502982
399.2	40.40755467
399.3	39.21471173
399.4	39.21471173
399.5	41.00397614
399.6	43.38966203
399.7	45.17892644
399.8	46.83399602
399.9	49.65208748
400	52.47857005
400.1	55.6280792
400.2	57.8528827
400.3	59.19483101
400.4	59.49304175
400.5	58.74751491
400.6	56.66003976
400.7	54.12524851
400.8	51.29224652
400.9	50.84493042
401	53.26043738
401.1	57.25646123
401.2	61.87872763
401.3	68.58846918
401.4	74.40357853
401.5	75.74552684
401.6	73.80715706
401.7	72.46520875
401.8	71.42147117
401.9	69.03578529
402	66.41153082
402.1	65.00994036
402.2	62.62425447
402.3	57.8528827
402.4	50.84493042
402.5	49.65208748
402.6	52.63419483
402.7	60.68588469
402.8	70.67594433
402.9	80.36779324
403	85.73558648
403.1	84.2445328
403.2	80.36779324
403.3	76.19284294
403.4	75
403.5	75.29821074
403.6	75.29821074
403.7	74.40357853
403.8	72.01789264
403.9	70.22862823
404	65.64186311
404.1	59.79125249
404.2	52.93240557
404.3	45.77534791
404.4	40.40755467
404.5	38.46918489
404.6	38.32007952
404.7	38.17097416
404.8	35.78528827
404.9	34.29423459
405	32.50026159
405.1	30.5666004
405.2	29.97017893
405.3	30.5666004
405.4	33.54870775
405.5	38.02186879
405.6	40.40755467
405.7	42.79324056
405.8	44.28429423
405.9	45.20448736
406	46.07355865
406.1	45.92445328
406.2	44.52286282
406.3	43.09145129
406.4	43.9860835
406.5	46.81908549
406.6	50.84493042
406.7	54.42345924
406.8	56.80914513
406.9	59.34393638
407	58.03926441
407.1	56.21272366
407.2	58.30019881
407.3	62.32604374
407.4	64.71172962
407.5	63.51888668
407.6	60.68588469
407.7	56.9582505
407.8	55.16898608
407.9	55.76540755
408	58.72297858
408.1	63.36978131
408.2	67.54473161
408.3	70.52683897
408.4	71.42147117
408.5	70.22862823
408.6	68.14115308
408.7	65.45725646
408.8	60.68588469
408.9	54.42345924
409	48.416643
409.1	42.79324056
409.2	39.06560636
409.3	39.51292247
409.4	43.5387674
409.5	47.41550696
409.6	51.59045726
409.7	52.18687873
409.8	50.24850895
409.9	47.11729622
410	44.25290363
410.1	42.49502982
410.2	40.70576541
410.3	40.40755467
410.4	39.21471173
410.5	37.12723658
410.6	35.6361829
410.7	36.23260437
410.8	40.10934394
410.9	43.9860835
411	47.25220108
411.1	50.39761431
411.2	50.84493042
411.3	49.35387674
411.4	48.1610338
411.5	48.90656064
411.6	50.84493042
411.7	52.7833002
411.8	52.7833002
411.9	50.54671968
412	46.81908549
412.1	44.28429423
412.2	44.28429423
412.3	45.62624254
412.4	46.07355865
412.5	46.81908549
412.6	47.56461233
412.7	48.45924453
412.8	47.71371769
412.9	45.32803181
413	42.34592445
413.1	38.91650099
413.2	35.6361829
413.3	33.25049702
413.4	31.31212724
413.5	29.19483101
413.6	27.28628231
413.7	24.66202783
413.8	21.32206759
413.9	20.42743539
414	20.42743539
414.1	20.80914513
414.2	21.02385686
414.3	20.34223232
414.4	19.53280318
414.5	18.63817097
414.6	17.1471173
414.7	16.55069583
414.8	16.84890656
414.9	17.1471173
415	17.27137177
415.1	17.44532803
415.2	17.74353877
415.3	18.78727634
415.4	19.53280318
415.5	19.83101392
415.6	19.33257597
415.7	18.93638171
415.8	17.92842942
415.9	16.25248509
416	15.50129602
416.1	15.05964215
416.2	14.91053678
416.3	14.91053678
416.4	15.05964215
416.5	14.76143141
416.6	14.76143141
416.7	14.76143141
416.8	14.76143141
416.9	14.76143141
417	14.76143141
417.1	14.76143141
417.2	14.01590457
417.3	13.56858847
417.4	14.46322068
417.5	16.55069583
417.6	19.83101392
417.7	26.09343936
417.8	33.84691849
417.9	42.04771372
418	50.23430844
418.1	56.51093439
418.2	61.87872763
418.3	65.7554672
418.4	67.24652087
418.5	69.63220676
418.6	72.31610338
418.7	76.19284294
418.8	80.96421471
418.9	86.63021869
419	92.29622266
419.1	91.99801193
419.2	89.01590457
419.3	83.3499006
419.4	83.05168986
419.5	86.33200795
419.6	89.31411531
419.7	91.69980119
419.8	92.29622266
419.9	89.91053678
420	85.06098714
420.1	80.0695825
420.2	70.75488247
420.3	62.47514911
420.4	54.19541574
420.5	44.88071571
420.6	43.9860835
420.7	41.89860835
420.8	41.00397614
420.9	39.3638171
421	38.61829026
421.1	38.02186879
421.2	38.32007952
421.3	39.8111332
421.4	41.30218688
421.5	41.89860835
421.6	40.70576541
421.7	39.51292247
421.8	38.91650099
421.9	38.61829026
422	38.43368361
422.1	38.91650099
422.2	39.66202783
422.3	42.34592445
422.4	45.77534791
422.5	46.37176938
422.6	44.09791252
422.7	39.96023857
422.8	38.32007952
422.9	38.76739563
423	40.40755467
423.1	42.15354246
423.2	43.70553161
423.3	45.25752076
423.4	46.96819085
423.5	47.56461233
423.6	47.15904573
423.7	46.66998012
423.8	45.77534791
423.9	45.17892644
424	42.13990864
424.1	38.17097416
424.2	35.93439364
424.3	35.6361829
424.4	35.1888668
424.5	34.89065606
424.6	37.12723658
424.7	39.66202783
424.8	40.55666004
424.9	41.89860835
425	43.5387674
425.1	44.88071571
425.2	44.58250497
425.3	42.49502982
425.4	39.8111332
425.5	40.40755467
425.6	40.40755467
425.7	40.2584493
425.8	41.2990178
425.9	42.88102416
426	44.46303053
426.1	45.77534791
426.2	46.66998012
426.3	47.56461233
426.4	49.95029821
426.5	50.84493042
426.6	50.84493042
426.7	49.95029821
426.8	48.75745527
426.9	47.86282306
427	46.5137745
427.1	45.62624254
427.2	44.88071571
427.3	41.04657768
427.4	38.02186879
427.5	37.12723658
427.6	36.97813121
427.7	35.6361829
427.8	33.69781312
427.9	32.35586481
428	31.16302187
428.1	30.86481113
428.2	30.5666004
428.3	30.5666004
428.4	30.26838966
428.5	30.5666004
428.6	33.32877734
428.7	36.23260437
428.8	38.91650099
428.9	40.70576541
429	41.30218688
429.1	41.74950298
429.2	42.19681909
429.3	41.74950298
429.4	40.55666004
429.5	39.66202783
429.6	40.2584493
429.7	41.74950298
429.8	42.49502982
429.9	42.04771372
430	40.45725646
430.1	38.20410868
430.2	36.23260437
430.3	34.89065606
430.4	33.69781312
430.5	32.65407555
430.6	32.80318091
430.7	34.29423459
430.8	36.53081511
430.9	39.21471173
431	41.74006593
431.1	42.79324056
431.2	42.49502982
431.3	40.70576541
431.4	40.40755467
431.5	40.70576541
431.6	41.00397614
431.7	41.60039761
431.8	41.30218688
431.9	40.10934394
432	38.02186879
432.1	36.53081511
432.2	35.6361829
432.3	35.6361829
432.4	35.78528827
432.5	34.89065606
432.6	35.48707753
432.7	38.76739563
432.8	41.15308151
432.9	41.89860835
433	41.89860835
433.1	41.60039761
433.2	40.40755467
433.3	38.91650099
433.4	36.53081511
433.5	36.23260437
433.6	37.35892338
433.7	39.05872458
433.8	40.75852577
433.9	42.19681909
434	42.2643385
434.1	41.60039761
434.2	41.30218688
434.3	39.21471173
434.4	36.23260437
434.5	35.03976143
434.6	35.93439364
434.7	38.61829026
434.8	40.70576541
434.9	41.89860835
435	41.91351889
435.1	40.70576541
435.2	39.21471173
435.3	38.02186879
435.4	38.02186879
435.5	38.61829026
435.6	39.51292247
435.7	38.61829026
435.8	37.42544732
435.9	36.53081511
436	36.57341664
436.1	37.12723658
436.2	37.57455268
436.3	38.02186879
436.4	37.27634195
436.5	37.42544732
436.6	39.21471173
436.7	41.45129225
436.8	41.60039761
436.9	41.00397614
437	41.89860835
437.1	40.85487078
437.2	39.8111332
437.3	40.40755467
437.4	41.60039761
437.5	42.34592445
437.6	42.94234592
437.7	44.58250497
437.8	44.88071571
437.9	43.24055666
438	41.01817665
438.1	39.51292247
438.2	38.02186879
438.3	36.53081511
438.4	35.6361829
438.5	36.23260437
438.6	38.91650099
438.7	39.51292247
438.8	39.51292247
438.9	40.10934394
439	41.16629338
439.1	43.09145129
439.2	43.9860835
439.3	44.28429423
439.4	44.58250497
439.5	44.58250497
439.6	44.28429423
439.7	43.68787276
439.8	43.38966203
439.9	43.38966203
440	44.29998954
440.1	45.17892644
440.2	45.77534791
440.3	47.38568588
440.4	49.71172962
440.5	51.44135189
440.6	51.44135189
440.7	50.24850895
440.8	49.055666
440.9	49.65208748
441	50.84493042
441.1	52.7833002
441.2	54.27435388
441.3	55.01988072
441.4	53.82703777
441.5	52.3359841
441.6	52.7833002
441.7	53.52882704
441.8	51.59045726
441.9	49.65208748
442	48.45924453
442.1	48.45924453
442.2	48.75745527
442.3	48.75745527
442.4	48.75745527
442.5	49.65208748
442.6	50.84493042
442.7	51.14314115
442.8	51.14314115
442.9	51.44135189
443	52.79651207
443.1	54.27435388
443.2	55.73558648
443.3	57.55467197
443.4	58.89662028
443.5	58.00198807
443.6	57.70377734
443.7	57.70377734
443.8	57.70377734
443.9	57.70377734
444	56.4612326
444.1	54.57256461
444.2	54.57256461
444.3	55.76540755
444.4	55.46719682
444.5	54.57256461
444.6	53.37972167
444.7	51.59045726
444.8	50.84493042
444.9	51.88866799
445	54.17233441
445.1	56.80914513
445.2	61.2056234
445.3	63.96620278
445.4	65.15904573
445.5	64.20477137
445.6	60.38767396
445.7	58.00198807
445.8	58.00198807
445.9	59.49304175
446	59.79125249
446.1	58.59840954
446.2	56.80914513
446.3	56.21272366
446.4	55.01988072
446.5	52.93240557
446.6	51.44135189
446.7	51.73956262
446.8	52.70129225
446.9	55.01988072
447	55.31809145
447.1	54.44831014
447.2	53.52882704
447.3	53.67793241
447.4	55.61630219
447.5	57.8528827
447.6	57.70377734
447.7	54.42345924
447.8	51.88866799
447.9	49.75859131
448	46.86168702
448.1	45.40258449
448.2	44.88071571
448.3	46.07355865
448.4	49.055666
448.5	51.14314115
448.6	53.52882704
448.7	56.21272366
448.8	58.44930417
448.9	60.38767396
449	62.58697813
449.1	64.26441352
449.2	62.77335984
449.3	59.49304175
449.4	55.61630219
449.5	53.82703777
449.6	54.42345924
449.7	54.57256461
449.8	52.18687873
449.9	49.65208748
450	45.77534791
450.1	45.47713718
450.2	46.91848907
450.3	48.75745527
450.4	48.75745527
450.5	48.75745527
450.6	52.42544732
450.7	59.27435388
450.8	66.6500994
450.9	72.31610338
451	76.04373757
451.1	77.34592445
451.2	77.98210736
451.3	76.72962227
451.4	76.19284294
451.5	77.68389662
451.6	78.28031809
451.7	77.07256461
451.8	74.70178926
451.9	71.42147117
452	71.12326044
452.1	70.67594433
452.2	68.58846918
452.3	65.15904573
452.4	63.51888668
452.5	62.92246521
452.6	64.26441352
452.7	66.05367793
452.8	69.9304175
452.9	74.40357853
453	75.59642147
453.1	75.29821074
453.2	73.06163022
453.3	70.22862823
453.4	65.60636183
453.5	60.98409543
453.6	56.9582505
453.7	52.3359841
453.8	48.90656064
453.9	45.92445328
454	44.9943198
454.1	45.17892644
454.2	46.66998012
454.3	45.47713718
454.4	41.32007952
454.5	37.42544732
454.6	34.7415507
454.7	32.65407555
454.8	31.16302187
454.9	31.16302187
455	31.41520854
455.1	31.61033797
455.2	30.41749503
455.3	29.52286282
455.4	28.18091451
455.5	28.18091451
455.6	28.18091451
455.7	28.18091451
455.8	28.18091451
455.9	27.75489918
456	26.98807157
456.1	27.43538767
456.2	29.04572565
456.3	29.97017893
456.4	29.97017893
456.5	30.11928429
456.6	27.88270378
456.7	25.79522863
456.8	24.15506958
456.9	23.35467197
457	22.51491054
457.1	21.91848907
457.2	21.91848907
457.3	21.91848907
457.4	21.32206759
457.5	21.91848907
457.6	23.11133201
457.7	24.30417495
457.8	24.60238569
457.9	24.30417495
458	23.64173736
458.1	22.81312127
458.2	22.51491054
458.3	23.26043738
458.4	25.40382704
458.5	27.64040755
458.6	29.07554672
458.7	28.18091451
458.8	26.67122266
458.9	25.34791252
459	24.90059642
459.1	24.2445328
459.2	23.24765692
459.3	23.40954274
459.4	25.55666004
459.5	27.88270378
459.6	27.28628231
459.7	27.58449304
459.8	26.98807157
459.9	26.98807157
460	27.28628231
460.1	30.4219491
460.2	33.54870775
460.3	33.54870775
460.4	32.35586481
460.5	30.5666004
460.6	29.52286282
460.7	29.07554672
460.8	28.57852883
460.9	28.04837641
461	27.58449304
461.1	27.28628231
461.2	26.98807157
461.3	26.98807157
461.4	28.57604374
461.5	30.86481113
461.6	32.65407555
461.7	35.6361829
461.8	38.61829026
461.9	40.70576541
462	40.17913794
462.1	38.82640328
462.2	38.91650099
462.3	39.35387674
462.4	39.51292247
462.5	38.91650099
462.6	38.91650099
462.7	38.61829026
462.8	38.02186879
462.9	37.72365805
463	37.35089463
463.1	37.42544732
463.2	37.72365805
463.3	38.61829026
463.4	41.60039761
463.5	45.17892644
463.6	49.35387674
463.7	52.93240557
463.8	53.82703777
463.9	52.03777336
464	52.48508946
464.1	53.2306163
464.2	53.82703777
464.3	54.12524851
464.4	54.72166998
464.5	58.89662028
464.6	63.66799205
464.7	67.54473161
464.8	69.28429423
464.9	71.42147117
465	71.12326044
465.1	72.61431412
465.2	73.21073559
465.3	72.31610338
465.4	70.52683897
465.5	68.43936382
465.6	66.6500994
465.7	65.7554672
465.8	65.45725646
465.9	65.7554672
466	67.84294235
466.1	69.9304175
466.2	71.12326044
466.3	74.10536779
466.4	79.77137177
466.5	84.84095427
466.6	89.91053678
466.7	92.5944334
466.8	94.08548708
466.9	95.57654076
467	96.92792611
467.1	97.96222664
467.2	97.51491054
467.3	96.62027833
467.4	94.68190855
467.5	90.95427435
467.6	86.63021869
467.7	83.3499006
467.8	81.41153082
467.9	80.21868787
468	80.25418915
468.1	80.36779324
468.2	79.77137177
468.3	78.28031809
468.4	75.89463221
468.5	75
468.6	75.89463221
468.7	81.56063618
468.8	86.03379722
468.9	86.33200795
469	85.43737575
469.1	84.54274354
469.2	84.84095427
469.3	86.92842942
469.4	90.20874751
469.5	93.48906561
469.6	95.57654076
469.7	99.45328032
469.8	106.61033797
469.9	118.18091451
470	131.36182903
470.1	144.54274354
470.2	156.41153082
470.3	167.44532803
470.4	168.0417495
470.5	168.0417495
470.6	167.44532803
470.7	165.95427435
470.8	160.49701789
470.9	153.90656064
471	147.87548594
471.1	142.09741551
471.2	135.13916501
471.3	126.65435956
471.4	117.28202215
471.5	109.89065606
471.6	106.0139165
471.7	111.53081511
471.8	117.49502982
471.9	121.52087475
472	124.20477137
472.1	118.68787276
472.2	110.48707753
472.3	101.68986083
472.4	91.99801193
472.5	84.84095427
472.6	77.83300199
472.7	68.88667992
472.8	60.23856859
472.9	52.48508946
473	48.45924453
473.1	45.92445328
473.2	43.09145129
473.3	39.06560636
473.4	33.69781312
473.5	28.92644135
473.6	26.24254473
473.7	25.19880716
473.8	26.24254473
473.9	27.58449304
474	28.35984095
474.1	28.77733598
474.2	28.47912525
474.3	28.33001988
474.4	28.18091451
474.5	27.05434062
474.6	25.72895958
474.7	24.90059642
474.8	25.19880716
474.9	25.49701789
475	26.68986083
475.1	27.88270378
475.2	28.18091451
475.3	28.18091451
475.4	29.03827038
475.5	30.26838966
475.6	30.71570577
475.7	32.05765408
475.8	33.10139165
475.9	33.69781312
476	35.55097984
476.1	36.53081511
476.2	37.42544732
476.3	39.51292247
476.4	41.00397614
476.5	40.40755467
476.6	39.21471173
476.7	39.21471173
476.8	42.19681909
476.9	45.17892644
477	46.37176938
477.1	46.66998012
477.2	46.07355865
477.3	45.17892644
477.4	47.56461233
477.5	52.03777336
477.6	55.61630219
477.7	58.59840954
477.8	64.56262425
477.9	76.19284294
478	96.90468802
478.1	123.31013917
478.2	149.5526839
478.3	177.13717694
478.4	209.34393638
478.5	245.57654076
478.6	273.75745527
478.7	311.01249645
478.8	356.68134053
478.9	409.89065606
479	424.50298211
479.1	401.8389662
479.2	370.31809145
479.3	284.86580517
479.4	228.90159046
479.5	210.98409543
479.6	222.91252485
479.7	261.60536779
479.8	318.63817097
479.9	345.08248382
480	375.30455564
480.1	390.32803181
480.2	392.29622266
480.3	378.98856859
480.4	366.94831014
480.5	343.3565275
480.6	320.35453943
480.7	273.01192843
480.8	231.63518887
480.9	188.02186879
481	128.37972167
481.1	105.28969043
481.2	95.40613462
481.3	91.69980119
481.4	100.944334
481.5	110.48707753
481.6	120.92445328
481.7	126.73956262
481.8	127.48508946
481.9	123.45924453
482	115.7554672
482.1	109.29423459
482.2	108.39960239
482.3	113.17097416
482.4	116.45129225
482.5	115.2584493
482.6	111.67992048
482.7	110.48707753
482.8	107.80318091
482.9	104.22465209
483	100.34791252
483.1	98.40954274
483.2	97.96222664
483.3	98.40954274
483.4	98.40954274
483.5	96.7693837
483.6	95.57654076
483.7	98.11133201
483.8	103.18091451
483.9	105.86481113
484	107.50497018
484.1	107.50497018
484.2	108.39960239
484.3	112.87276342
484.4	116.15308151
484.5	117.04771372
484.6	117.64413519
484.7	119.13518887
484.8	116.45129225
484.9	114.06560636
485	114.52235951
485.1	116.30218688
485.2	119.94035785
485.3	121.81908549
485.4	119.28429423
485.5	115.85487078
485.6	114.8111332
485.7	113.61829026
485.8	111.67992048
485.9	109.89065606
486	111.92132917
486.1	115.2584493
486.2	117.94234592
486.3	117.64413519
486.4	115.2584493
486.5	113.17097416
486.6	112.57455268
486.7	114.06560636
486.8	115.85487078
486.9	115.85487078
487	116.15308151
487.1	115.70576541
487.2	115.70576541
487.3	116.89860835
487.4	117.04771372
487.5	117.49502982
487.6	118.9860835
487.7	120.17892644
487.8	119.4333996
487.9	117.64413519
488	117.64413519
488.1	117.34592445
488.2	116.30218688
488.3	115.55666004
488.4	115.70576541
488.5	117.34592445
488.6	120.02982107
488.7	120.47713718
488.8	121.07355865
488.9	123.38469185
489	125.99403579
489.1	123.64562624
489.2	122.56461233
489.3	119.4333996
489.4	115.85487078
489.5	113.91650099
489.6	113.46918489
489.7	113.61829026
489.8	115.55666004
489.9	118.24055666
490	121.98111542
490.1	126.29224652
490.2	129.27435388
490.3	128.97614314
490.4	127.7833002
490.5	130.76540755
490.6	130.16898608
490.7	128.08151093
490.8	126.29224652
490.9	121.81908549
491	116.23990236
491.1	108.25049702
491.2	97.2166998
491.3	86.48111332
491.4	78.28031809
491.5	68.43936382
491.6	64.19814447
491.7	66.35188867
491.8	80.0695825
491.9	86.48111332
492	89.91053678
492.1	89.91053678
492.2	90.20874751
492.3	94.38369781
492.4	98.85685885
492.5	104.82107356
492.6	111.67992048
492.7	117.64413519
492.8	117.94234592
492.9	111.67992048
493	108.39960239
493.1	109.44333996
493.2	109.89065606
493.3	110.1888668
493.4	110.48707753
493.5	110.48707753
493.6	111.08349901
493.7	110.1888668
493.8	106.90854871
493.9	103.92644135
494	103.03180915
494.1	104.22465209
494.2	109.14512922
494.3	114.21471173
494.4	116.60039761
494.5	116.74950298
494.6	116.60039761
494.7	113.76739563
494.8	110.1888668
494.9	108.25049702
495	108.72763419
495.1	109.29423459
495.2	107.80318091
495.3	105.26838966
495.4	104.97017893
495.5	105.26838966
495.6	106.75944334
495.7	108.69781312
495.8	113.17097416
495.9	114.3638171
496	117.04771372
496.1	115.2584493
496.2	115.85487078
496.3	120.32803181
496.4	124.50298211
496.5	123.6083499
496.6	119.4333996
496.7	112.87276342
496.8	108.10139165
496.9	105.71570577
497	105.5666004
497.1	105.71570577
497.2	107.20675944
497.3	107.80318091
497.4	107.80318091
497.5	107.50497018
497.6	108.99602386
497.7	111.08349901
497.8	110.78528827
497.9	109.59244533
498	108.95342232
498.1	108.54870775
498.2	108.99602386
498.3	110.6361829
498.4	112.42544732
498.5	112.42544732
498.6	111.67992048
498.7	112.42544732
498.8	113.46918489
498.9	113.61829026
499	115.55666004
499.1	118.9860835
499.2	121.66998012
499.3	124.50298211
499.4	124.35387674
499.5	123.49652087
499.6	123.31013917
499.7	123.1610338
499.8	123.01192843
499.9	121.07355865
500	118.5387674
500.1	117.94234592
500.2	117.04771372
500.3	114.96023857
500.4	113.17097416
500.5	111.67992048
500.6	110.78528827
500.7	109.89065606
500.8	107.80318091
500.9	106.31212724
501	107.65407555
501.1	108.99602386
501.2	108.10139165
501.3	106.90854871
501.4	107.20675944
501.5	107.50497018
501.6	107.50497018
501.7	106.61033797
501.8	105.71570577
501.9	105.11928429
502	102.93961781
502.1	99.15506958
502.2	95.27833002
502.3	94.08548708
502.4	95.87475149
502.5	98.26043738
502.6	98.85685885
502.7	98.55864811
502.8	98.55864811
502.9	98.11133201
503	97.29125249
503.1	96.7693837
503.2	97.06759443
503.3	98.26043738
503.4	100.19880716
503.5	102.28628231
503.6	102.28628231
503.7	100.64612326
503.8	99.15506958
503.9	99.90059642
504	100.15620562
504.1	100.34791252
504.2	100.79522863
504.3	100.49701789
504.4	99.30417495
504.5	99.15506958
504.6	99.75149105
504.7	99.15506958
504.8	97.81312127
504.9	97.96222664
505	101.24254473
505.1	100.66848907
505.2	97.95477137
505.3	96.7693837
505.4	97.96222664
505.5	97.6640159
505.6	96.7693837
505.7	97.36580517
505.8	99.75149105
505.9	101.8389662
506	102.69632207
506.1	103.03180915
506.2	102.43538767
506.3	100.04970179
506.4	97.96222664
506.5	96.17296223
506.6	96.17296223
506.7	95.57654076
506.8	94.08548708
506.9	92.29622266
507	92.89264414
507.1	94.65208748
507.2	97.6640159
507.3	98.85685885
507.4	98.55864811
507.5	98.26043738
507.6	98.55864811
507.7	99.35387674
507.8	100.19880716
507.9	100.18016899
508	99.73285288
508.1	99.90059642
508.2	101.54075547
508.3	102.88270378
508.4	103.62823062
508.5	104.52286282
508.6	104.37375746
508.7	102.43538767
508.8	101.24254473
508.9	101.54075547
509	103.01760863
509.1	104.22465209
509.2	105.11928429
509.3	105.41749503
509.4	105.11928429
509.5	103.92644135
509.6	101.24254473
509.7	100.64612326
509.8	100.90883272
509.9	101.18574269
510	101.46265266
510.1	101.73956262
510.2	102.01647259
510.3	102.43538767
510.4	102.027833
510.5	101.64015905
510.6	101.24254473
510.7	100.944334
510.8	101.54075547
510.9	101.8389662
511	102.13717694
511.1	101.79342475
511.2	101.54075547
511.3	101.54075547
511.4	101.54075547
511.5	101.54075547
511.6	100.92942346
511.7	100.31809145
511.8	99.70675944
511.9	99.15506958
512	99.15506958
512.1	98.74751491
512.2	98.62160371
512.3	98.85685885
512.4	99.83153709
512.5	101.20330648
512.6	102.57507586
512.7	103.94684524
512.8	105.31861463
512.9	106.0139165
513	106.24955045
513.1	106.5053816
513.2	106.61033797
513.3	106.31212724
513.4	105.71570577
513.5	105.41749503
513.6	105.41749503
513.7	106.06503834
