DEPT	GR
0.2	22.9
0.3	19.5
0.4	18.31
0.5	17.9
0.6	21.24
0.7	22.48
0.8	23.5
0.9	23.77735537
1	24.14628099
1.1	24.6
1.2	26.1
1.3	26.6
1.4	25.7
1.5	24.1
1.6	20.9
1.7	16.7
1.8	13.6
1.9	10.9
2	9.9
2.1	9.5
2.2	11.17714286
2.3	11.9
2.4	11.7
2.5	12.88
2.6	14.466
2.7	16.3
2.8	19.194
2.9	22.5
3	26.38099174
3.1	29.1
3.2	30.3
3.3	30.1
3.4	30.2
3.5	31.7
3.6	34.1
3.7	37.4
3.8	39.3
3.9	40.8
4	42.7
4.1	45.5
4.2	50.2
4.3	58.7
4.4	67.5
4.5	82.3
4.6	91
4.7	103.6
4.8	109.2
4.9	121.1
5	148.99473684
5.1	178.3
5.2	207.60526316
5.3	243.14444444
5.4	291.1
5.5	299.1
5.6	315.9
5.7	304.5
5.8	322.20909091
5.9	351.88181818
6	381.55454545
6.1	413.7
6.2	415.725
6.3	415.52857143
6.4	413.9
6.5	410.25555556
6.6	406.1
6.7	334.76956522
6.8	268.92608696
6.9	203.0826087
7	150.2
7.1	130
7.2	137.2125
7.3	150.6
7.4	149.1
7.5	142.1
7.6	135.3
7.7	124.3
7.8	103.5
7.9	86.7
8	71.3
8.1	62.16666667
8.2	59.854
8.3	61.196
8.4	62.375
8.5	63.7
8.6	65.43
8.7	67.5
8.8	69.9
8.9	69.9
9	70.3
9.1	71.9
9.2	70.5
9.3	69.1
9.4	69.9
9.5	69.7
9.6	67.7
9.7	66.5
9.8	65.5
9.9	65.1
10	64.27142857
10.1	63.7
10.2	67.332
10.3	70.29428571
10.4	68.7
10.5	66.9
10.6	65.3
10.7	66.7
10.8	68.3
10.9	69.9
11	68.65
11.1	66.7
11.2	65.5
11.3	64.5
11.4	63.9
11.5	63.3
11.6	63.1
11.7	64.1
11.8	64.24
11.9	62.1
12	60.5
12.1	59.9
12.2	58.9
12.3	59.5
12.4	60.82
12.5	61.3
12.6	61.7
12.7	65.5
12.8	65.59333333
12.9	64.7
13	63.90246914
13.1	63.4
13.2	65.6
13.3	65.7
13.4	64.9
13.5	64.1
13.6	63.9
13.7	65.7
13.8	67.6
13.9	70.16
14	71.6
14.1	69.3
14.2	65.3
14.3	64.5
14.4	64.3
14.5	65.3
14.6	64.5
14.7	62.9
14.8	62.5
14.9	62.7
15	63.17142857
15.1	63.3
15.2	62.9
15.3	63.3
15.4	63.9
15.5	65.3
15.6	65.5
15.7	64.9
15.8	62.5
15.9	62.3
16	66.28842975
16.1	68.34
16.2	68.8
16.3	67.8
16.4	66.6
16.5	64.8
16.6	64.7
16.7	64.7
16.8	65.1
16.9	65.5
17	65.36027397
17.1	64.3
17.2	63.5
17.3	65.1
17.4	66.5
17.5	68.7
17.6	72.7
17.7	76.1
17.8	79.7
17.9	78.248
18	75.9
18.1	78.9
18.2	79.5
18.3	78.9
18.4	78
18.5	76.8
18.6	75.1
18.7	74.8
18.8	76.05
18.9	76.7
19	77.52487562
19.1	79.3
19.2	81.1
19.3	83.1
19.4	84.1
19.5	85.08181818
19.6	86.1
19.7	85.5
19.8	84.9
19.9	85.35333333
20	86.47771664
20.1	87.6
20.2	87
20.3	86.6
20.4	87.2
20.5	86.2
20.6	83.4
20.7	83.7
20.8	85
20.9	87
21	89.32487562
21.1	91.3
21.2	89.1
21.3	86.1
21.4	80.9
21.5	78.9
21.6	77.7
21.7	78.5
21.8	78.5
21.9	75.9
22	75.64512535
22.1	76.1
22.2	75.45428571
22.3	75.7
22.4	78.3
22.5	80.86
22.6	82.284
22.7	80.9
22.8	79.3
22.9	77.0512605
23	74.67142857
23.1	72.29159664
23.2	67.9
23.3	65.5
23.4	62.9
23.5	60.1
23.6	59.3
23.7	60.7
23.8	63.9
23.9	69.6
24	78.94050367
24.1	88.9
24.2	99.1
24.3	105.5
24.4	114.7
24.5	117.3
24.6	120.3
24.7	124.9
24.8	130.3
24.9	136.35142857
25	140.1538787
25.1	143.1
25.2	144.16
25.3	144.2
25.4	144.7
25.5	147.7
25.6	149.7
25.7	152.9
25.8	152.9
25.9	153.1
26	154.3
26.1	153.16857143
26.2	150.5
26.3	149.9
26.4	150.37555556
26.5	152.54444444
26.6	153.77333333
26.7	153.7
26.8	145.72666667
26.9	139.9
27	140.8
27.1	142.55076766
27.2	143.9
27.3	144.1
27.4	143.9
27.5	143.3
27.6	142.8
27.7	142
27.8	141.1
27.9	141.55
28	142.5
28.1	140.7
28.2	138.7
28.3	137
28.4	136.38
28.5	135.98888889
28.6	135.7
28.7	137.5
28.8	141
28.9	144.16366197
29	148.41830986
29.1	153.9
29.2	155.3
29.3	151.7
29.4	150.28
29.5	147.9
29.6	144.76
29.7	144.42666667
29.8	148.5
29.9	148.91350422
30	149.04629572
30.1	149.17908721
30.2	149.31187871
30.3	149.44467021
30.4	149.5
30.5	148.18333333
30.6	145.7
30.7	142.5
30.8	137.7
30.9	137.25
31	137.5
31.1	141.2375
31.2	143.35384615
31.3	144.92307692
31.4	146.3
31.5	142.9
31.6	134.3
31.7	136.8
31.8	139.3
31.9	136.9
32	137.5
32.1	141.3
32.2	141.5
32.3	141.5
32.4	140.9
32.5	141.3
32.6	141.7
32.7	139.3
32.8	141.1
32.9	147.7
33	149.1
33.1	151.3
33.2	145.9
33.3	146
33.4	148.6
33.5	148.27142857
33.6	147.38
33.7	146.1
33.8	143.1
33.9	138.8
34	134.5
34.1	129.7
34.2	125.1
34.3	123.1
34.4	122.8
34.5	122
34.6	120.7
34.7	119.3
34.8	117.6
34.9	116.1
35	116.8
35.1	118
35.2	118.575
35.3	118.5
35.4	118.9
35.5	123.4
35.6	125.87142857
35.7	127
35.8	125.35
35.9	124.1
36	124.8
36.1	126.3
36.2	128.5
36.3	129.48571429
36.4	129.1
36.5	126.5
36.6	126.6
36.7	126.9
36.8	124.3
36.9	123.8
37	127.1
37.1	127.38
37.2	128.1
37.3	129.7
37.4	131.1
37.5	132.3
37.6	129.5
37.7	125.9
37.8	124.9
37.9	123.3
38	121.15
38.1	119.74
38.2	119.1
38.3	122.18
38.4	124.3
38.5	126.3
38.6	128.1
38.7	129.7
38.8	131.1
38.9	135.1
39	141.14691358
39.1	142.1
39.2	140.1
39.3	135.7
39.4	130.9
39.5	124.4
39.6	127.3
39.7	129.3
39.8	130.7
39.9	129.56666667
40	126.88347107
40.1	122.90666667
40.2	117.63666667
40.3	111.44
40.4	112.7
40.5	115.7
40.6	122.9
40.7	121.5
40.8	119.9
40.9	121.836
41	122.3
41.1	120.3
41.2	121.7
41.3	123.3
41.4	121.6
41.5	120.7
41.6	120.7
41.7	121.54
41.8	122.5
41.9	123.8
42	124.6
42.1	126
42.2	128.4
42.3	130.5
42.4	132.5
42.5	134.23333333
42.6	135.1
42.7	134
42.8	131.7
42.9	128.2
43	125.4
43.1	123.7
43.2	123.7
43.3	123.4
43.4	121.9
43.5	118.6
43.6	113.2
43.7	112.4
43.8	112.3
43.9	112.5
44	113.50497925
44.1	115.5
44.2	119.32
44.3	121.444
44.4	123.1
44.5	122.58571429
44.6	122.9
44.7	123.5
44.8	120.3
44.9	114.5
45	113.9
45.1	115.7
45.2	120.5
45.3	120.67714286
45.4	120.5
45.5	119.5
45.6	118.1
45.7	116.1
45.8	114.5175
45.9	112.988
46	112.5
46.1	113.54
46.2	117.3
46.3	119.5
46.4	122.1
46.5	124.5
46.6	127.7
46.7	131.5
46.8	131.872
46.9	131.7
47	131.1
47.1	131.5
47.2	132.3
47.3	132.5
47.4	132.7
47.5	132.3
47.6	129.3
47.7	126.3
47.8	127.9
47.9	128.3
48	127.3515213
48.1	125.9
48.2	125.9
48.3	127.7
48.4	129.9
48.5	132.5
48.6	133.9
48.7	134.7
48.8	134.7
48.9	134.7957606
49	135.03915212
49.1	135.51428571
49.2	136.4
49.3	137.9
49.4	138.94285714
49.5	139.2
49.6	137.5
49.7	137.08
49.8	137.7
49.9	135.8
50	133.9
50.1	134.00666667
50.2	133.76
50.3	132.5
50.4	131.4675
50.5	131.1
50.6	132.01
50.7	134.1
50.8	137.9
50.9	140.5
51	142.9
51.1	139.3
51.2	139.08666667
51.3	139.9
51.4	137.99142857
51.5	135.9
51.6	132.7
51.7	130.7
51.8	130.1
51.9	133.9
52	140.1
52.1	146.1
52.2	144.5
52.3	142.9
52.4	142.3
52.5	141.6
52.6	140.6
52.7	139.2
52.8	138
52.9	136.8
53	136.69831933
53.1	136.43333333
53.2	133.7
53.3	131.7
53.4	133.35714286
53.5	135.9
53.6	139.5
53.7	142.7
53.8	144.5
53.9	144.63142857
54	145.18121827
54.1	146.3
54.2	146.7
54.3	145.6
54.4	140.4
54.5	138.7
54.6	138
54.7	139.9
54.8	140.9
54.9	140.2
55	137.1
55.1	137.1
55.2	140.5
55.3	142.6
55.4	145.6
55.5	148.04
55.6	148.8
55.7	146.7
55.8	146.5
55.9	146.3
56	145.3
56.1	144.5
56.2	144.95
56.3	145.55
56.4	146.5
56.5	149.7
56.6	152.4
56.7	154.8
56.8	150.7
56.9	143.7
57	141.9
57.1	140.9
57.2	141.4
57.3	143.3
57.4	145.475
57.5	146.5
57.6	142.9
57.7	134.8
57.8	128.3
57.9	123.4
58	124.6
58.1	125.9
58.2	128.2
58.3	129
58.4	130.2
58.5	131.6
58.6	133.6
58.7	135.5
58.8	134.7
58.9	134.6
59	134.9
59.1	133.7626506
59.2	133.3
59.3	133.5
59.4	134.7
59.5	137.27142857
59.6	137.7
59.7	136.9
59.8	135.5
59.9	136.9
60	140.6
60.1	137.1
60.2	134.85
60.3	134.2
60.4	133.54
60.5	132.1
60.6	129.6
60.7	129
60.8	131.5
60.9	130.46
61	129.5
61.1	132.1
61.2	134.58
61.3	137.3
61.4	137.89
61.5	138.7
61.6	140.9
61.7	140.5
61.8	138.9
61.9	138.3
62	136.75679012
62.1	134
62.2	132.5
62.3	131.8
62.4	130.3
62.5	130.4
62.6	134.7
62.7	133.8
62.8	132
62.9	131
63	130.1
63.1	129.4
63.2	132.1
63.3	134.4
63.4	135.7
63.5	135
63.6	133.3
63.7	131.4
63.8	131.4
63.9	133.9
64	136.5
64.1	140.7
64.2	140.23
64.3	140.1
64.4	139.5
64.5	136.3
64.6	131.9
64.7	131.3
64.8	132.424
64.9	134.18
65	135.4625
65.1	136.7
65.2	136.9
65.3	137.9
65.4	139.3
65.5	139.75
65.6	139.9
65.7	138.7
65.8	136.5
65.9	133.9
66	133.9
66.1	134.9
66.2	137.3
66.3	137.9
66.4	138.5
66.5	141.7
66.6	143.764
66.7	142.7
66.8	140.9
66.9	138.3
67	138.7
67.1	141.5
67.2	147.3
67.3	144.5
67.4	139.9
67.5	137.5
67.6	138.5
67.7	140.7
67.8	139.3
67.9	137.1
68	136.3
68.1	135.3
68.2	133.3
68.3	133.7
68.4	134.9
68.5	137.9
68.6	138.5
68.7	138.5
68.8	137.7
68.9	137.5
69	138.5
69.1	139.3
69.2	140.3
69.3	142.1
69.4	144.1
69.5	146
69.6	145.92
69.7	145.5
69.8	144.772
69.9	144.3
70	144.06924855
70.1	144.76
70.2	144.9
70.3	141.7
70.4	138.9
70.5	134.7
70.6	133.3
70.7	132.5
70.8	133.96
70.9	135.468
71	136.8
71.1	137.1
71.2	136.7
71.3	136.1
71.4	137.5
71.5	140.3
71.6	140.9
71.7	141.5
71.8	141.9
71.9	141.7
72	141.9
72.1	145.5
72.2	149.62
72.3	155.30857143
72.4	163.83666667
72.5	177.75
72.6	193.25
72.7	209.27714286
72.8	227.7
72.9	222.30666667
73	198.9
73.1	167
73.2	135
73.3	110.2
73.4	91.82857143
73.5	79.3
73.6	67.5
73.7	65.9
73.8	67.1
73.9	70.9
74	73.7
74.1	61.7
74.2	49.00666667
74.3	41.5
74.4	36.9
74.5	36.9
74.6	39.9
74.7	42.3
74.8	43.7
74.9	43.7
75	45
75.1	46.54727273
75.2	51.09454545
75.3	54.9
75.4	59.9
75.5	62.7
75.6	66.3
75.7	73.3
75.8	71.9
75.9	64.5
76	58.71157025
76.1	51.3
76.2	56.4
76.3	56.3
76.4	55.1
76.5	55.4
76.6	55.5
76.7	55.7
76.8	59.1
76.9	65.3
77	69.64
77.1	74.1
77.2	79.9
77.3	84.1625
77.4	86.8
77.5	84.9
77.6	82.6
77.7	78.7
77.8	79.3
77.9	83.0375
78	88.41881188
78.1	93.095
78.2	96.1
78.3	94.3
78.4	90.9
78.5	84.1
78.6	78.7
78.7	74.1
78.8	73.84333333
78.9	72.3
79	69.5
79.1	68.66
79.2	67.5
79.3	64.5
79.4	61.9
79.5	58.9
79.6	55.7
79.7	50.9
79.8	47.3
79.9	44.3
80	43.3
80.1	49.1
80.2	58.1
80.3	69.9
80.4	77.5
80.5	91.3
80.6	100.5
80.7	109.9
80.8	115.88
80.9	117.84222222
81	118.7
81.1	116.1
81.2	112.5
81.3	107.1
81.4	103.9
81.5	100.2
81.6	94.9
81.7	87.7
81.8	79.1
81.9	77.9
82	83.81074919
82.1	94.8
82.2	106.4
82.3	116.8
82.4	119.2
82.5	120
82.6	118.8
82.7	118.5
82.8	117.8
82.9	115.9
83	111.7
83.1	105.3
83.2	98.9
83.3	90.8
83.4	86.9
83.5	83.9
83.6	83.4
83.7	81.9
83.8	81.1
83.9	85.3
84	88.9
84.1	90.9
84.2	93.1
84.3	94.9
84.4	95.7
84.5	98.3
84.6	104.5
84.7	113.804
84.8	122.3
84.9	127.5
85	133.3614841
85.1	138.7
85.2	141.3
85.3	141.3
85.4	139.4
85.5	140.2
85.6	143.2
85.7	146.05
85.8	149.9
85.9	157.28571429
86	160.50991736
86.1	161.5
86.2	160.84857143
86.3	161.3
86.4	161.9
86.5	158.67777778
86.6	152.44222222
86.7	141.86
86.8	128.5
86.9	103.9
87	91.22382892
87.1	81.5
87.2	77.5
87.3	75.44
87.4	72.9
87.5	72.1
87.6	73.158
87.7	76.506
87.8	77.24571429
87.9	77.3
88	76.68888889
88.1	76.584
88.2	77.328
88.3	77.7525
88.4	77.9
88.5	77.9
88.6	77.46857143
88.7	76.9
88.8	76.9
88.9	77.1
89	77.49
89.1	77.5
89.2	77.56333333
89.3	77.9
89.4	78.1
89.5	78.1
89.6	78.42526316
89.7	78.88210526
89.8	79.33894737
89.9	79.78666667
90	80.05435685
90.1	79.825
90.2	79.4125
90.3	79.1
90.4	78.7
90.5	77.96666667
90.6	76.8
90.7	75.1
