DEPT	GR
9.7	10.91882226
9.8	10.91882226
9.9	15.0462963
10	14.40458001
10.1	10.85263557
10.2	9.65542391
10.3	11.33547878
10.4	12.45424777
10.5	9.80940741
10.6	8.43386677
10.7	8.73970802
10.8	12.65143868
10.9	17.31862399
11	19.79775629
11.1	20.07050901
11.2	26.12325561
11.3	20.32041929
11.4	11.18915388
11.5	3.37932051
11.6	5.04260126
11.7	6.91166691
11.8	8.07930283
11.9	8.61835281
12	10.56274599
12.1	13.00442105
12.2	14.69900939
12.3	12.48794242
12.4	9.83535812
12.5	9.09460976
12.6	8.68933737
12.7	7.76971366
12.8	6.83579274
12.9	6.9057242
13	8.11515724
13.1	9.00550944
13.2	6.42147042
13.3	8.00111062
13.4	13.57660103
13.5	15.18490698
13.6	13.43650938
13.7	11.58342431
13.8	10.92470162
13.9	11.8238318
14	14.44277201
14.1	15.36289019
14.2	13.01193768
14.3	15.42496247
14.4	16.36666381
14.5	16.37083223
14.6	16.39921801
14.7	13.5654791
14.8	11.40706606
14.9	12.13706194
15	11.89411486
15.1	12.43283346
15.2	12.08599369
15.3	9.96725975
15.4	12.37960544
15.5	19.87585441
15.6	22.93712436
15.7	19.96104594
15.8	20.54879441
15.9	17.52931178
16	13.31169029
16.1	11.74480589
16.2	12.0442361
16.3	16.73048101
16.4	16.83542447
16.5	17.01284122
16.6	20.78596273
16.7	26.80887701
16.8	19.7507326
16.9	16.3226454
17	15.99779376
17.1	17.02570035
17.2	12.64717666
17.3	19.01382972
17.4	14.25036198
17.5	20.9028177
17.6	26.46539913
17.7	28.67174263
17.8	29.50004027
17.9	26.59087902
18	27.57074144
18.1	33.70092729
18.2	32.05412854
18.3	35.99444475
18.4	45.24295268
18.5	54.89779794
18.6	53.52248515
18.7	42.37333513
18.8	34.00085651
18.9	20.06457808
19	12.71118582
19.1	12.02622598
19.2	14.02916008
19.3	15.03009696
19.4	15.26972158
19.5	19.46232477
19.6	23.55133745
19.7	20.84065479
19.8	15.70900409
19.9	7.78994737
20	6.04726302
20.1	5.74345369
20.2	9.00617935
20.3	13.05374152
20.4	15.30879915
20.5	13.55505321
20.6	16.41574015
20.7	21.05175195
20.8	16.46330981
20.9	16.75389392
21	11.80620333
21.1	14.44962545
21.2	15.7586334
21.3	16.49934068
21.4	11.80590631
21.5	17.35611088
21.6	21.71299126
21.7	17.99266135
21.8	16.47145063
21.9	16.31594875
22	20.56503405
22.1	17.42561726
22.2	12.64383967
22.3	12.77514457
22.4	14.74110857
22.5	17.17771697
22.6	12.40753104
22.7	13.10047993
22.8	18.77838467
22.9	20.64325881
23	20.73522247
23.1	15.76602344
23.2	14.46449441
23.3	15.13934897
23.4	17.37839958
23.5	17.97546009
23.6	14.7287676
23.7	13.0622046
23.8	15.86092728
23.9	19.11629252
24	19.68025904
24.1	20.27550547
24.2	16.1023391
24.3	18.50657367
24.4	21.66169784
24.5	19.31205651
24.6	32.45539672
24.7	34.42701795
24.8	27.05836926
24.9	23.50122933
25	18.52490749
25.1	18.6139971
25.2	25.00411987
25.3	33.35784759
25.4	25.50943448
25.5	25.3193496
25.6	26.28716205
25.7	23.44880673
25.8	17.75999494
25.9	20.57001463
26	19.39066933
26.1	18.08318605
26.2	22.95583447
26.3	29.97368288
26.4	26.49060397
26.5	21.25235943
26.6	19.10285146
26.7	19.42254872
26.8	33.02676037
26.9	35.27839733
27	28.21040981
27.1	21.26986271
27.2	21.3378733
27.3	21.21292404
27.4	28.39761035
27.5	29.70040858
27.6	33.42655136
27.7	36.97642917
27.8	35.02724798
27.9	30.98166074
28	28.27216917
28.1	25.74821687
28.2	28.56423723
28.3	28.40211523
28.4	22.40639042
28.5	21.41276807
28.6	23.33378532
28.7	26.61793527
28.8	24.37812579
28.9	21.90392686
29	21.23558132
29.1	20.33583655
29.2	24.69499736
29.3	28.6620185
29.4	29.20201915
29.5	28.08836593
29.6	26.4468184
29.7	31.25936541
29.8	30.5446327
29.9	24.04641017
30	20.39021629
30.1	19.34680474
30.2	16.32242911
30.3	16.3689128
30.4	11.93272006
30.5	16.14914378
30.6	29.35538314
30.7	37.29754463
30.8	39.04840707
30.9	35.83660761
31	28.95465041
31.1	21.70453696
31.2	10.28607693
31.3	13.60891116
31.4	16.12505434
31.5	19.2830984
31.6	26.70659341
31.7	28.81666253
31.8	28.42875773
31.9	32.77835772
32	33.88773104
32.1	30.14544388
32.2	28.32703956
32.3	29.99160521
32.4	25.67082004
32.5	28.85568027
32.6	27.90971196
32.7	24.04183425
32.8	23.11662229
32.9	26.49632688
33	23.9236084
33.1	26.24442291
33.2	24.72505406
33.3	28.11508904
33.4	36.53957557
33.5	30.32056139
33.6	24.01884402
33.7	24.53332083
33.8	28.34724315
33.9	27.94637238
34	31.19961063
34.1	38.39958672
34.2	37.75783863
34.3	32.03096519
34.4	26.08722034
34.5	20.67417974
34.6	20.49974533
34.7	32.28347281
34.8	38.31457601
34.9	42.54797589
35	38.93435824
35.1	34.72480331
35.2	34.54588757
35.3	31.30600591
35.4	29.09478742
35.5	28.52828555
35.6	21.55900144
35.7	17.34457235
35.8	13.24866841
35.9	18.23215861
36	20.28793532
36.1	20.85396497
36.2	24.46978144
36.3	30.00159242
36.4	27.84843125
36.5	33.24986092
36.6	36.49517455
36.7	39.52579465
36.8	35.22937054
36.9	32.47586618
37	30.34658167
37.1	34.90313312
37.2	36.04666244
37.3	42.40448235
37.4	48.5703953
37.5	45.25401454
37.6	32.7838206
37.7	38.92692547
37.8	56.79881119
37.9	87.55230806
38	89.03901872
38.1	70.37893112
38.2	34.70973686
38.3	34.06341805
38.4	29.32864975
38.5	22.62634178
38.6	21.99650643
38.7	32.90930351
38.8	32.66318519
38.9	53.52708318
39	49.96848835
39.1	30.45496488
39.2	25.59361375
39.3	27.34884952
39.4	24.32188458
39.5	19.33633478
39.6	21.67585449
39.7	24.53122726
39.8	23.34039534
39.9	21.61848966
40	20.08532334
40.1	24.82243607
40.2	28.26193302
40.3	32.27946279
40.4	29.93263508
40.5	28.35685814
40.6	30.45506518
40.7	27.93320889
40.8	28.86667515
40.9	31.83351287
41	31.02034333
41.1	24.0475624
41.2	20.63005061
41.3	25.9908089
41.4	33.69745992
41.5	43.52958879
41.6	38.98343327
41.7	33.54391045
41.8	36.84555627
41.9	40.5439451
42	42.18927582
42.1	31.36032612
42.2	28.63708089
42.3	34.68965202
42.4	39.33414136
42.5	39.39516316
42.6	31.32376852
42.7	32.59037424
42.8	32.66588087
42.9	33.91091918
43	26.17388724
43.1	23.62836878
43.2	23.83397994
43.3	27.50158885
43.4	31.9634714
43.5	32.63885204
43.6	25.2935322
43.7	15.14809355
43.8	17.25545312
43.9	31.92599619
44	38.12058685
44.1	37.16885999
44.2	31.628942
44.3	33.22496361
44.4	40.87990145
44.5	45.58052122
44.6	49.60917938
44.7	56.65515763
44.8	62.43014146
44.9	61.15872862
45	55.07714483
45.1	48.49615392
45.2	40.81358284
45.3	37.07634353
45.4	34.6005133
45.5	31.50515206
45.6	27.03579664
45.7	27.83277266
45.8	27.63977167
45.9	34.13426918
46	31.54362489
46.1	40.32217071
46.2	31.97608363
46.3	30.5920736
46.4	37.4881679
46.5	38.81463124
46.6	36.09271882
46.7	31.25333247
46.8	27.54711099
46.9	35.45370169
47	35.97456436
47.1	30.47252364
47.2	26.65669311
47.3	34.06678819
47.4	43.81632878
47.5	53.09806536
47.6	56.44903958
47.7	49.71071495
47.8	43.21619322
47.9	43.78115545
48	56.14532147
48.1	59.27221445
48.2	59.3113962
48.3	53.07905885
48.4	54.70519723
48.5	56.71253028
48.6	58.62226213
48.7	63.55829893
48.8	61.68231345
48.9	62.57376793
49	59.72325302
49.1	50.68589619
49.2	50.64929829
49.3	66.58544753
49.4	68.86181397
49.5	52.14371133
49.6	44.54103512
49.7	56.62303417
49.8	63.29804224
49.9	71.24578826
50	71.30826962
50.1	73.05343269
50.2	75.89674309
50.3	69.00054314
50.4	73.3258135
50.5	69.67744582
50.6	57.17628019
50.7	57.00617265
50.8	67.23817996
50.9	69.52248658
51	69.90684584
51.1	71.69622001
51.2	74.20049599
51.3	69.16799332
51.4	61.20648458
51.5	61.77603727
51.6	58.01344501
51.7	59.06333012
51.8	75.30301868
51.9	79.16008821
52	79.8944325
52.1	78.26503063
52.2	84.92999701
52.3	88.65191972
52.4	92.36814128
52.5	71.38542918
52.6	62.00349302
52.7	74.22062081
52.8	75.18990107
52.9	79.01625648
53	71.6738012
53.1	67.39379405
53.2	60.40855332
53.3	73.22233746
53.4	79.17186744
53.5	69.70048542
53.6	68.26865843
53.7	66.90916843
53.8	59.34929936
53.9	58.01329995
54	64.06862561
54.1	77.16496525
54.2	80.98093852
54.3	73.42975417
54.4	82.83379662
54.5	89.86661955
54.6	90.50384112
54.7	84.22241816
54.8	88.47585478
54.9	98.58373048
55	94.64492409
55.1	92.68088336
55.2	88.86087419
55.3	90.99899336
55.4	82.1847853
55.5	86.02512264
55.6	101.27365904
55.7	100.61883927
55.8	91.89746843
55.9	85.03063157
56	80.78540417
56.1	77.80718961
56.2	85.10225878
56.3	107.70435715
56.4	106.7981453
56.5	104.11443221
56.6	100.23510198
56.7	106.36119724
56.8	112.24111481
56.9	109.00245685
57	101.49713593
57.1	94.52763203
57.2	91.52613882
57.3	95.75971903
57.4	99.43974735
57.5	107.03079192
57.6	97.59807202
57.7	87.01860494
57.8	87.07633287
57.9	105.00338906
58	96.77702206
58.1	81.38305228
58.2	75.00854487
58.3	78.81806534
58.4	77.26191596
58.5	83.67763242
58.6	87.80308831
58.7	93.40144526
58.8	90.22551878
58.9	81.73630588
59	71.58418141
59.1	72.62280838
59.2	77.07459373
59.3	75.00852398
59.4	71.61907956
59.5	88.02755452
59.6	105.1469854
59.7	110.60156385
59.8	97.34005218
59.9	93.4492899
60	87.43481825
60.1	82.81801983
60.2	83.5978927
60.3	83.9909698
60.4	84.58626408
60.5	73.28182024
60.6	73.39219924
60.7	85.78462879
60.8	83.17971047
60.9	93.06828161
61	88.55226074
61.1	93.46877026
61.2	101.8812259
61.3	104.82350728
61.4	110.46423911
61.5	116.92181629
61.6	120.8581662
61.7	114.58884078
61.8	106.03549352
61.9	109.78869845
62	104.29980544
62.1	107.33880228
62.2	110.85231652
62.3	119.98709805
62.4	121.87089751
62.5	121.12932234
62.6	108.67700181
62.7	114.21947531
62.8	112.83829271
62.9	104.65066632
63	101.24240071
63.1	123.17594872
63.2	125.46676044
63.3	117.69778117
63.4	118.12710849
63.5	123.22715042
63.6	130.17372557
63.7	135.45185241
63.8	136.60293727
63.9	110.35313135
64	105.83192769
64.1	119.52827448
64.2	123.05303123
64.3	113.16442384
64.4	120.32599789
64.5	125.04872469
64.6	120.36320748
64.7	123.30143833
64.8	129.89652007
64.9	130.74425619
65	127.95204195
65.1	124.50558369
65.2	120.67458248
65.3	122.79914796
65.4	118.52451435
65.5	119.77805535
65.6	107.87263181
65.7	104.25975069
65.8	109.34613839
65.9	119.97483076
66	131.05460909
66.1	135.74029582
66.2	116.33147144
66.3	111.26908467
66.4	123.64274165
66.5	112.6427484
66.6	119.19267851
66.7	123.50888871
66.8	103.77791658
66.9	110.30151138
67	121.3294629
67.1	120.83478684
67.2	107.73879997
67.3	107.45485208
67.4	116.84070304
67.5	115.26733581
67.6	122.06751424
67.7	137.71403946
67.8	133.9110377
67.9	139.51604613
68	120.61952062
68.1	121.72644305
68.2	126.18030173
68.3	120.59349645
68.4	116.87700314
68.5	105.82981247
68.6	113.76598264
68.7	114.85448276
68.8	129.89842235
68.9	125.43758089
69	136.46596639
69.1	117.08197519
69.2	120.10261424
69.3	127.01982274
69.4	119.91205372
69.5	126.22409138
69.6	136.20235777
69.7	141.93393451
69.8	141.82932006
69.9	122.67036911
70	114.30998962
70.1	113.45535986
70.2	119.80540728
70.3	126.16662912
70.4	130.82241105
70.5	129.53273939
70.6	122.30969921
70.7	119.21287406
70.8	116.52082664
70.9	120.55230897
71	115.50204541
71.1	135.04813472
71.2	156.03855246
71.3	173.23133292
71.4	159.86914674
71.5	139.77089961
71.6	124.39604991
71.7	111.74605884
71.8	114.5567569
71.9	124.18609753
72	132.84913395
72.1	113.86046026
72.2	105.23532631
72.3	116.85249626
72.4	121.01683801
72.5	123.37204598
72.6	110.81742457
72.7	110.5973029
72.8	121.82076225
72.9	124.47647204
73	127.74653598
73.1	117.99654704
73.2	112.16377161
73.3	110.17155387
73.4	123.76730484
73.5	120.67567574
73.6	129.11323266
73.7	136.26871956
73.8	123.09978049
73.9	113.58007251
74	108.35501715
74.1	113.65613701
74.2	109.17157642
74.3	129.69338562
74.4	123.01129003
74.5	127.39715216
74.6	110.36454303
74.7	116.32500006
74.8	114.40420669
74.9	126.36279383
75	115.52664734
75.1	114.54184532
75.2	117.20664982
75.3	128.84684699
75.4	121.18506562
75.5	113.35128554
75.6	106.11714541
75.7	107.51417243
75.8	106.25165402
75.9	115.04089119
76	102.63266065
76.1	105.25862197
76.2	114.49680856
76.3	121.82549911
76.4	121.53458025
76.5	117.26729843
76.6	125.25543684
76.7	129.71978266
76.8	125.15678556
76.9	122.15315455
77	137.10368513
77.1	132.42059438
77.2	140.61769408
77.3	123.05187401
77.4	113.7691937
77.5	105.23446259
77.6	97.33043515
77.7	109.47464852
77.8	130.90544594
77.9	147.73232531
78	151.4990514
78.1	135.83272416
78.2	122.62522637
78.3	114.30138802
78.4	105.5188273
78.5	108.84928755
78.6	113.27895477
78.7	110.01567156
78.8	106.50314931
78.9	109.71835529
79	109.72300258
79.1	103.23589677
79.2	116.88884421
79.3	121.75959494
79.4	127.11266405
79.5	111.72297504
79.6	123.47458451
79.7	124.62760208
79.8	121.21205969
79.9	129.96770657
80	134.74189834
80.1	130.98338578
80.2	122.25959801
80.3	116.63888113
80.4	131.04791133
80.5	123.74674812
80.6	108.4251174
80.7	117.65935029
80.8	110.7337833
80.9	121.61957984
81	107.09703042
81.1	103.23040143
81.2	96.96278533
81.3	98.56757649
81.4	120.07620133
81.5	122.59603771
81.6	116.95677758
81.7	116.2016828
81.8	109.06782526
81.9	110.05394683
82	117.99889496
82.1	122.88995548
82.2	113.61679422
82.3	111.52471666
82.4	111.25048804
82.5	118.22185959
82.6	113.2806842
82.7	115.13523208
82.8	124.86149554
82.9	130.13105074
83	127.15879436
83.1	126.4869597
83.2	121.08686708
83.3	126.34637302
83.4	128.86753774
83.5	140.60607368
83.6	131.86004185
83.7	175.29915818
83.8	206.79234282
83.9	183.75896683
84	149.50389253
84.1	109.96639216
84.2	98.89194526
84.3	105.66579882
84.4	100.48773738
84.5	93.3195641
84.6	102.59173034
84.7	92.45388056
84.8	104.98039265
84.9	99.21110941
85	105.53728597
85.1	103.61526363
85.2	91.80427396
85.3	93.20264111
85.4	89.31694236
85.5	92.55811861
85.6	81.4892279
85.7	84.77979508
85.8	91.47011375
85.9	85.75034645
86	85.95207373
86.1	88.39919415
86.2	83.84104747
86.3	80.73109725
86.4	103.93589464
86.5	115.34394002
86.6	121.02074009
86.7	123.76148041
86.8	126.11384173
86.9	119.11337919
87	103.30448589
87.1	92.32151921
87.2	101.81330179
87.3	110.99776104
87.4	102.96409216
87.5	97.62581767
87.6	116.66846827
87.7	121.86148374
87.8	123.1963665
87.9	118.49842872
88	111.77997813
88.1	121.09738152
88.2	112.35026224
88.3	129.08338825
88.4	118.47633632
88.5	121.0342355
88.6	111.39982227
88.7	119.89281644
88.8	124.40190668
88.9	116.86572759
89	108.14272959
89.1	113.57121301
89.2	136.41243009
89.3	122.79489092
89.4	107.28726147
89.5	122.14248538
89.6	142.67672057
89.7	144.67375342
89.8	111.02971564
89.9	94.87402994
90	89.40827216
90.1	94.3355928
90.2	101.14034857
90.3	97.25446586
90.4	105.89270292
90.5	126.92291116
90.6	119.41845774
90.7	126.44670846
90.8	117.82053567
90.9	109.79803983
91	109.21381379
91.1	118.12020694
91.2	119.91157255
91.3	122.22455323
91.4	118.31895288
91.5	125.02826983
91.6	116.50534987
91.7	108.51705259
91.8	116.97253426
91.9	130.04024954
92	134.61456813
92.1	133.86173119
92.2	122.68834302
92.3	114.89294904
92.4	113.75013918
92.5	113.01763663
92.6	117.88332356
92.7	117.17140488
92.8	122.65830598
92.9	113.64785436
93	129.46022996
93.1	125.84067998
93.2	123.71930316
93.3	109.02554277
93.4	117.54952932
93.5	106.88527173
93.6	119.61175141
93.7	115.5407495
93.8	122.11264226
93.9	123.33795525
94	123.15864845
94.1	125.10294406
94.2	125.21866155
94.3	122.6031049
94.4	105.16760471
94.5	106.33102271
94.6	116.11821807
94.7	120.36101616
94.8	120.66160625
94.9	132.70915936
95	136.30979509
95.1	127.51490697
95.2	117.29078924
95.3	113.40348451
95.4	126.23363402
95.5	117.89990695
95.6	120.54953371
95.7	127.37264589
95.8	118.86471006
95.9	114.89499414
96	111.30134632
96.1	128.71989296
96.2	122.14070617
96.3	116.04839041
96.4	128.6252657
96.5	134.88701062
96.6	133.94566966
96.7	143.06567133
96.8	148.05024499
96.9	135.89470074
97	136.63320926
97.1	134.31297848
97.2	146.91391098
97.3	140.18945629
97.4	122.30680163
97.5	115.08816527
97.6	114.58002523
97.7	128.98300176
97.8	136.45253631
97.9	139.03855825
98	134.31065926
98.1	125.17900336
98.2	127.3643342
98.3	134.8463958
98.4	142.34100941
98.5	139.13242893
98.6	130.16032813
98.7	133.17489811
98.8	142.81137709
98.9	137.57065232
99	138.47585336
99.1	141.54277788
99.2	118.45870467
99.3	108.90924823
99.4	117.13557891
99.5	140.59733824
99.6	124.11794033
99.7	133.07924644
99.8	118.50964218
99.9	128.86576685
100	135.25610787
100.1	124.28290436
100.2	123.53184299
100.3	131.856773
100.4	139.5697135
100.5	128.01452592
100.6	116.99308246
100.7	121.02618864
100.8	129.63257103
100.9	133.25189732
101	139.92921437
101.1	128.91484612
101.2	131.72227864
101.3	133.36650179
101.4	123.70253381
101.5	128.15192139
101.6	131.31322592
101.7	136.4300855
101.8	126.81338348
101.9	133.94636795
102	136.15042907
102.1	143.65452787
102.2	139.94514689
102.3	146.00936841
102.4	129.65582404
102.5	134.62041356
102.6	131.53201184
102.7	127.07308488
102.8	119.61162939
102.9	116.60288131
103	123.78454988
103.1	116.34368526
103.2	123.42971755
103.3	119.87346443
103.4	128.77937521
103.5	131.62221014
103.6	133.31151731
103.7	142.65290438
103.8	128.5432963
103.9	126.48500329
104	123.76969296
104.1	126.96956515
104.2	120.39689691
104.3	126.26880318
104.4	131.77445259
104.5	115.41259632
104.6	127.76998541
104.7	139.18632548
104.8	147.67591956
104.9	125.09464079
105	113.94836731
105.1	119.91649185
105.2	130.73607547
105.3	127.96719369
105.4	113.28814871
105.5	103.21505171
105.6	109.79761917
105.7	107.24864006
105.8	119.39128605
105.9	124.86925161
106	145.68087341
106.1	141.27184004
106.2	146.70133976
106.3	143.15425426
106.4	134.78282703
106.5	131.52407248
106.6	141.81694938
106.7	133.00077185
106.8	136.86734131
106.9	134.08022592
107	141.30462423
107.1	142.32369874
107.2	137.7437795
107.3	131.14158493
107.4	129.94685984
107.5	135.87362334
107.6	134.08568027
107.7	134.1096208
107.8	142.6271448
107.9	137.85310157
108	127.97439703
108.1	144.79350476
108.2	144.24950908
108.3	138.6239235
108.4	127.43029087
108.5	123.34393996
108.6	129.34713316
108.7	127.5327814
108.8	140.42998271
108.9	130.87570238
109	133.41176263
109.1	122.64972264
109.2	125.15239907
109.3	129.32060094
109.4	140.90338319
109.5	147.469147
109.6	151.50374832
109.7	131.52455758
109.8	116.68769093
109.9	131.00221756
110	148.80082755
110.1	139.28903457
110.2	135.65166645
110.3	122.82666755
110.4	131.43934902
110.5	138.75918985
110.6	147.98991898
110.7	139.84744712
110.8	129.10013517
110.9	137.58369662
111	132.14803757
111.1	132.48524982
111.2	129.06837545
111.3	124.41853319
111.4	134.31858704
111.5	128.68804648
111.6	124.60005067
111.7	130.09888894
111.8	138.83516055
111.9	143.15576894
112	151.33815196
112.1	138.297581
112.2	122.52259794
112.3	130.74816909
112.4	132.33513265
112.5	121.82228667
112.6	114.42756795
112.7	130.41509275
112.8	136.84082372
112.9	150.45778746
113	142.28311572
113.1	142.94305638
113.2	133.39202752
113.3	140.36732322
113.4	148.40411924
113.5	150.97742387
113.6	154.3699996
113.7	142.07103052
113.8	132.16270719
113.9	122.89718296
114	135.93126453
114.1	144.84606647
114.2	141.47295112
114.3	148.28132208
114.4	142.3404522
114.5	145.96332361
114.6	143.36357795
114.7	135.87390824
114.8	124.56789945
114.9	132.96147555
115	137.65743717
115.1	132.07498651
115.2	131.24526501
115.3	126.66877814
115.4	129.85348744
115.5	136.98441795
115.6	141.71557578
115.7	135.21020549
115.8	137.74887562
115.9	131.90667734
116	155.66956757
116.1	179.85015004
116.2	186.9688975
116.3	162.2864186
116.4	137.01055426
116.5	122.20934976
116.6	129.76745893
116.7	144.98327957
116.8	158.43205292
116.9	139.13017708
117	145.27609975
117.1	134.21667614
117.2	143.10840309
117.3	146.40982706
117.4	142.20125749
117.5	128.99850407
117.6	131.5354021
117.7	142.82684263
117.8	152.07420989
117.9	160.65187862
118	158.33096614
118.1	159.11006445
118.2	134.85400874
118.3	131.25633245
118.4	140.41249772
118.5	146.59493593
118.6	140.45886665
118.7	132.13043044
118.8	130.60091401
118.9	142.61410827
119	135.64794731
119.1	131.968798
119.2	118.05768653
119.3	129.70846657
119.4	125.21412206
119.5	138.96030556
119.6	149.86156607
119.7	149.18586227
119.8	148.2661969
119.9	135.08289641
120	134.36056177
120.1	131.09049724
120.2	137.50290752
120.3	138.56761236
120.4	134.34624245
120.5	140.7660339
120.6	148.57627388
120.7	165.75601755
120.8	159.0985583
120.9	169.5978109
121	143.76730642
121.1	127.68381354
121.2	128.67257335
121.3	145.91505983
121.4	133.94716985
121.5	153.19250317
121.6	174.37522378
121.7	166.78020569
121.8	156.42262925
121.9	144.47310341
122	143.59082539
122.1	156.14973691
122.2	159.88925282
122.3	155.01922179
122.4	161.87151829
122.5	146.89003636
122.6	133.1692244
122.7	146.19079569
122.8	166.48887402
122.9	173.90956577
123	169.35067209
123.1	145.96786442
123.2	147.87194466
123.3	164.68844047
123.4	160.85130921
123.5	168.13651879
123.6	152.15353267
123.7	155.0070218
123.8	146.32409002
123.9	149.27271984
124	148.36873004
124.1	156.76594838
124.2	150.48485766
124.3	151.85847223
124.4	130.10927516
124.5	127.79272108
124.6	134.84506353
124.7	147.54726712
124.8	170.32841442
124.9	179.33731508
125	177.80724876
125.1	175.65162743
125.2	168.40075377
125.3	163.66248486
125.4	151.01673733
125.5	149.3986984
125.6	146.75058066
125.7	152.25285245
125.8	141.03189269
125.9	151.52748218
126	171.58627927
126.1	167.63139067
126.2	150.37986687
126.3	135.9706104
126.4	137.48639624
126.5	152.77452855
126.6	168.1787199
126.7	158.75133945
126.8	158.16042141
126.9	162.50523746
127	149.60372633
127.1	155.69369496
127.2	155.68798997
127.3	152.82103346
127.4	177.73857752
127.5	174.65275132
127.6	167.14701123
127.7	168.99900857
127.8	159.1558181
127.9	146.92790691
128	145.3845416
128.1	155.75319103
128.2	138.86952352
128.3	127.15789512
128.4	133.99083915
128.5	146.63915755
128.6	135.67761773
128.7	139.53441708
128.8	134.76818255
128.9	148.6224515
129	147.36388401
129.1	151.9520196
129.2	149.4686303
129.3	152.71791989
129.4	135.93079506
129.5	127.30581757
129.6	140.54491951
129.7	138.0166973
129.8	139.10018561
129.9	130.01581111
130	139.05664134
130.1	149.97799771
130.2	162.6908215
130.3	165.44737643
130.4	167.66450151
130.5	144.02445644
130.6	146.10692417
130.7	151.09591681
130.8	150.75879287
130.9	145.07060402
131	154.88547046
131.1	152.8165013
131.2	168.94493501
131.3	160.88749738
131.4	149.15424716
131.5	151.9232993
131.6	152.04579389
131.7	158.87266543
131.8	155.56607896
131.9	146.03213863
132	138.31534468
132.1	136.53586954
132.2	132.28219613
132.3	134.11752647
132.4	150.71046303
132.5	158.36922594
132.6	145.94626514
132.7	152.94590032
132.8	137.84329512
132.9	138.5516773
133	177.75648334
133.1	170.26328957
133.2	184.4655018
133.3	152.96165676
133.4	143.93770874
133.5	152.56850283
133.6	144.48672123
133.7	154.0776003
133.8	145.89836716
133.9	128.0552246
134	132.53500012
134.1	147.97874461
134.2	154.37543381
134.3	164.1851719
134.4	156.18316658
134.5	163.4317042
134.6	174.55592251
134.7	180.62663556
134.8	175.806482
134.9	175.23884623
135	149.34087255
135.1	155.92281729
135.2	159.97542274
135.3	169.5747805
135.4	174.41539604
135.5	163.19390855
135.6	152.52773317
135.7	164.84403146
135.8	168.60697317
135.9	157.84249442
136	143.77031351
136.1	139.41387938
136.2	151.54289431
136.3	162.68905295
136.4	176.93013327
136.5	163.87203969
136.6	172.71646958
136.7	158.72538324
136.8	163.52247409
136.9	152.37518096
137	160.63284491
137.1	161.25435525
137.2	155.48787153
137.3	146.90372042
137.4	152.16573164
137.5	169.19894926
137.6	191.78241231
137.7	185.2667962
137.8	178.67965846
137.9	162.61193407
138	150.15866791
138.1	143.45513021
138.2	157.81401856
138.3	151.3554708
138.4	157.05424692
138.5	142.27978916
138.6	153.90187324
138.7	160.49468989
138.8	151.33359775
138.9	160.65394466
139	186.91225953
139.1	182.13522961
139.2	175.28779632
139.3	170.86850861
139.4	169.16905779
139.5	185.29307511
139.6	188.94435362
139.7	188.88716911
139.8	201.92763255
139.9	199.05080265
140	193.56187743
140.1	175.34869005
140.2	161.54631278
140.3	163.53376478
140.4	161.25234217
140.5	167.93774427
140.6	169.18719913
140.7	172.57666045
140.8	177.06441677
140.9	166.84380481
141	167.62524264
141.1	146.67068878
141.2	155.5972949
141.3	176.82513585
141.4	186.89526281
141.5	202.02156239
141.6	201.70499261
141.7	194.0568541
141.8	204.68320801
141.9	179.64264488
142	185.51363382
142.1	169.21550481
142.2	162.68290855
142.3	169.70555169
142.4	160.51689607
142.5	157.76285877
142.6	174.02123007
142.7	176.26483879
142.8	162.06006781
142.9	158.61708702
143	157.69982434
143.1	161.13336483
143.2	172.0516893
143.3	173.1165871
143.4	151.0775714
143.5	151.05843696
143.6	143.48612784
143.7	156.71512922
143.8	136.96048435
143.9	121.99867528
144	106.92082242
144.1	119.48784187
144.2	109.67889453
144.3	102.41319872
144.4	90.32967899
144.5	79.37576905
144.6	90.80882655
144.7	79.09348231
144.8	80.22151896
144.9	84.68847744
145	137.97409304
145.1	166.73984515
145.2	183.71730442
145.3	163.65805995
145.4	132.84232911
145.5	116.7239929
145.6	108.23020045
145.7	98.48544518
145.8	94.99476255
145.9	101.82068802
146	110.3417749
146.1	113.58918055
146.2	109.85750275
146.3	121.43546154
146.4	125.8290726
146.5	120.0412944
146.6	114.85689178
146.7	120.96910415
146.8	133.96889692
146.9	129.75397399
147	130.59269753
147.1	132.82015385
147.2	142.28138407
147.3	139.18325635
147.4	145.05024251
147.5	162.0519167
147.6	168.67412141
147.7	140.0446622
147.8	127.48042675
147.9	138.7713632
148	152.97177942
148.1	154.53854758
148.2	134.83519459
148.3	138.01651793
148.4	150.6690959
148.5	143.49742698
148.6	116.58710891
148.7	113.90658353
148.8	110.50607983
148.9	119.16530906
149	115.30684208
149.1	124.47264237
149.2	128.97147388
149.3	136.41234533
149.4	145.23224205
149.5	152.87118929
149.6	159.09327342
149.7	146.15297688
149.8	154.94153644
149.9	177.3733017
150	171.88319693
150.1	172.09560048
150.2	168.0661938
150.3	160.28702281
150.4	139.15102935
150.5	133.32023908
150.6	127.81820017
150.7	145.09741191
150.8	169.59775951
150.9	192.69118001
151	186.49156949
151.1	155.1536343
151.2	148.32768857
151.3	156.47994277
151.4	158.71407327
151.5	159.20201401
151.6	171.2426335
151.7	181.45503429
151.8	186.26378763
151.9	170.48248896
152	164.50447242
152.1	172.88839327
152.2	189.94062203
152.3	208.05916805
152.4	188.905826
152.5	189.97281031
152.6	175.21439072
152.7	196.64726141
152.8	174.01588946
152.9	161.16953374
153	159.16480664
153.1	164.15629533
153.2	173.15284837
153.3	178.29720641
153.4	181.56378563
153.5	165.83603601
153.6	163.30905949
153.7	166.39188126
153.8	170.52402524
153.9	176.59958789
154	181.20771832
154.1	181.49135508
154.2	171.80799757
154.3	182.50163845
154.4	176.19876322
154.5	144.27021349
154.6	132.0647419
154.7	172.31135934
154.8	189.01740226
154.9	196.29771311
155	181.27081234
155.1	188.05480728
155.2	202.56951448
155.3	200.85259172
155.4	203.01477101
155.5	193.04301155
155.6	186.41758328
155.7	181.92809083
155.8	177.39693341
155.9	163.63994522
156	152.46000629
156.1	150.96959006
156.2	155.41811371
156.3	164.97592903
156.4	177.88800039
156.5	182.06698338
156.6	161.82536959
156.7	157.57696988
156.8	166.83119787
156.9	177.01285623
157	181.15051117
157.1	177.11648156
157.2	174.48319986
157.3	150.35557165
157.4	141.37099431
157.5	154.54170566
157.6	165.61460819
157.7	191.59204694
157.8	191.63462073
157.9	201.21880398
158	185.87961073
158.1	189.66742646
158.2	189.49743906
158.3	193.07877164
158.4	202.92827714
158.5	199.09554875
158.6	189.21679222
158.7	168.16554472
158.8	168.92702681
158.9	166.76301269
159	183.43523513
159.1	191.52724209
159.2	174.10597228
159.3	175.51676151
159.4	173.76331456
159.5	175.67584829
159.6	171.21836213
159.7	178.10820037
159.8	177.27752288
159.9	173.20276951
160	170.97590209
160.1	166.61376349
160.2	172.94414991
160.3	176.33513912
160.4	186.33267163
160.5	185.33077366
160.6	193.40854123
160.7	182.29016128
160.8	197.03095057
160.9	209.04689564
161	193.72306691
161.1	181.99997459
161.2	189.19048471
161.3	182.31174077
161.4	166.23770306
161.5	149.89014415
161.6	154.97948046
161.7	125.12371778
161.8	114.27658358
161.9	109.81463563
162	119.94323796
162.1	140.45594319
162.2	143.67651453
162.3	146.4048992
162.4	137.0595036
162.5	151.51617849
162.6	160.26065742
162.7	166.11771409
162.8	156.18056159
162.9	146.27264627
163	134.01779208
163.1	127.62280998
163.2	136.57615095
163.3	163.33549411
163.4	170.61796478
163.5	174.77036217
163.6	163.14896388
163.7	170.49529795
163.8	158.50756288
163.9	160.82362371
164	158.20061152
164.1	170.28214337
164.2	167.31321995
164.3	192.21494712
164.4	202.4668479
164.5	180.24219791
164.6	179.08044702
164.7	176.06771322
164.8	184.12670689
164.9	186.60513135
165	172.943196
165.1	155.81590553
165.2	147.33975142
165.3	159.26193852
165.4	173.10562751
165.5	173.91955741
165.6	155.18232315
165.7	162.8247232
165.8	164.03944918
165.9	151.09795532
166	134.25370548
166.1	125.72233869
166.2	117.47419414
166.3	116.43332805
166.4	120.86473229
166.5	121.29151889
166.6	115.14395444
166.7	127.57343154
166.8	137.80483192
166.9	138.96285391
167	135.10547191
167.1	142.06472438
167.2	153.39824356
167.3	163.44021304
167.4	170.10149125
167.5	182.51843524
167.6	190.94775918
167.7	195.95326305
167.8	197.76206756
167.9	211.29881903
168	199.78900278
168.1	178.53692595
168.2	159.07419147
168.3	144.30093583
168.4	142.75177455
168.5	143.65911117
168.6	131.09589665
168.7	124.5035614
168.8	123.23125926
168.9	116.00126681
169	112.52774244
169.1	118.51885169
169.2	173.28396136
169.3	185.7817406
169.4	191.05796081
169.5	192.75822304
169.6	189.59531969
169.7	178.36016013
169.8	183.01774784
169.9	174.6244907
170	178.87308822
170.1	169.73424444
170.2	175.55657343
170.3	190.48724119
170.4	179.02144762
170.5	174.99169984
170.6	169.31392944
170.7	172.27806442
170.8	166.79969008
170.9	130.77806738
171	132.56035177
171.1	112.94597757
171.2	120.54418641
171.3	129.87163545
171.4	139.57523175
171.5	147.24621351
171.6	136.87509994
171.7	156.98573499
171.8	155.41022686
171.9	184.27844873
172	189.70905152
172.1	197.75442529
172.2	212.85761451
172.3	196.23796136
172.4	185.93767285
172.5	185.34012421
172.6	195.00145476
172.7	178.82604614
172.8	140.41804665
172.9	121.39572799
173	125.04922064
173.1	134.91655655
173.2	147.10290323
173.3	161.85895288
173.4	158.42419334
173.5	148.84006198
173.6	136.09294215
173.7	125.63500677
173.8	122.22624953
173.9	151.55798571
174	171.59976791
174.1	182.15195025
174.2	191.97113707
174.3	190.33206787
174.4	139.43657303
174.5	141.83789375
174.6	119.58566001
174.7	115.84379648
174.8	119.50481674
174.9	129.3407605
175	132.36067238
175.1	125.12502963
175.2	130.49316754
175.3	133.78230109
175.4	112.95136204
175.5	99.70848858
175.6	92.54912781
175.7	136.468206
175.8	134.35987243
175.9	154.78806848
176	158.64084899
176.1	142.94861834
176.2	133.7203953
176.3	131.13148527
176.4	123.15420715
176.5	117.86490011
176.6	124.77496025
176.7	130.01161565
176.8	130.60385464
176.9	135.80098363
177	150.22646287
177.1	169.68027838
177.2	178.16611037
177.3	191.53500798
177.4	193.58514637
177.5	174.4682391
177.6	161.5174922
177.7	141.33934358
177.8	144.20662035
177.9	143.24243338
178	121.73854522
178.1	124.83918559
178.2	127.53709147
178.3	126.68278258
178.4	149.4808912
178.5	162.80354684
178.6	157.79671566
178.7	170.08842142
178.8	164.77579256
178.9	183.42319684
179	173.26958138
179.1	160.49764016
179.2	148.4231119
179.3	144.22209608
179.4	172.73163413
179.5	186.05296166
179.6	182.26930563
179.7	179.73309626
179.8	167.41039213
179.9	175.96721041
180	165.62311902
180.1	180.78931987
180.2	195.13924758
180.3	196.0513385
180.4	194.73912452
180.5	154.13634321
180.6	100.70031117
180.7	69.27910053
180.8	65.64153439
180.9	79.08605632
181	112.17363943
181.1	107.00695409
181.2	98.39180135
181.3	91.2532623
181.4	105.80908298
181.5	118.14406503
181.6	109.95989623
181.7	89.97845974
181.8	83.18341844
181.9	96.4131808
182	87.81464437
182.1	95.34054474
182.2	103.23089338
182.3	105.54069543
182.4	110.89937845
182.5	120.13387359
182.6	131.55376484
182.7	135.43044735
182.8	119.96475705
182.9	90.46037225
183	92.67071024
183.1	77.23327787
183.2	85.41468174
183.3	85.80025073
183.4	83.85869
183.5	88.4836753
183.6	96.88967055
183.7	93.15122242
183.8	89.12089142
183.9	92.78833681
184	84.34765491
184.1	78.37885608
184.2	71.04632329
184.3	74.69695131
184.4	75.11082143
184.5	74.19648035
184.6	72.75169894
184.7	66.92105674
184.8	71.65662863
184.9	81.85139685
185	90.85285564
185.1	97.93662216
185.2	112.1730373
185.3	116.8531159
185.4	113.45900921
185.5	108.1686374
185.6	116.44924691
185.7	106.23332055
185.8	113.76155564
185.9	110.01747796
186	118.70711943
186.1	113.24997191
186.2	124.05793719
186.3	122.74650133
186.4	119.97389704
186.5	110.98779669
186.6	96.80496648
186.7	87.06886286
186.8	80.86175062
186.9	82.53908022
187	98.64564767
187.1	97.59000346
187.2	95.59796602
187.3	97.18020849
187.4	93.60146816
187.5	87.78330564
187.6	96.64874063
187.7	105.94186351
187.8	106.07313597
187.9	103.06743194
188	98.13496445
188.1	87.46660787
188.2	82.34951276
188.3	90.59248003
188.4	97.57266379
188.5	101.48873689
188.6	86.76969138
188.7	83.3422894
188.8	89.10964572
188.9	89.54383516
189	88.67356836
189.1	95.4156722
189.2	97.61695192
189.3	98.34316577
189.4	94.1506734
189.5	92.38151796
189.6	90.23269631
189.7	97.97986592
189.8	104.91617247
189.9	104.24094969
190	119.52304856
190.1	116.16249901
190.2	131.85296151
190.3	124.41622202
190.4	133.74699178
190.5	102.83897688
190.6	126.54678648
190.7	133.24716376
190.8	157.81338931
190.9	162.79988283
191	150.14709482
191.1	129.48251955
191.2	148.85440055
191.3	148.52040982
191.4	156.00551365
191.5	144.30869996
191.6	139.47730382
191.7	137.99910594
191.8	137.14174158
191.9	148.62705019
192	150.23924157
192.1	154.81555569
192.2	168.66059825
192.3	184.64426433
192.4	159.62805875
192.5	133.41351453
192.6	113.71623891
192.7	131.9740846
192.8	148.81678513
192.9	135.10523321
193	146.65015716
193.1	148.20666562
193.2	133.80469266
193.3	110.99842689
193.4	90.71525793
193.5	92.31917937
193.6	89.0776131
193.7	110.64914079
193.8	109.01143686
193.9	116.3585058
194	109.76660224
194.1	112.43614922
194.2	121.04043328
194.3	111.59308631
194.4	119.77193377
194.5	117.60589673
194.6	108.03625841
194.7	99.28095698
194.8	113.5210512
194.9	116.12890063
195	134.45518486
195.1	130.63105476
195.2	142.22899599
195.3	152.99210879
195.4	163.43727045
195.5	119.14468589
195.6	98.98638408
195.7	69.0763746
195.8	58.21311326
195.9	46.75039526
196	53.2239703
196.1	58.27731552
196.2	60.80489138
196.3	61.40316097
196.4	45.4709137
196.5	37.715184
196.6	41.84818472
196.7	47.66056889
196.8	52.30775772
196.9	56.09557466
197	71.29753494
197.1	70.57390464
197.2	54.87337683
197.3	56.01121814
197.4	58.14415939
197.5	58.70587728
197.6	60.14540383
197.7	76.14099112
197.8	75.3198122
197.9	88.09566513
198	99.68921644
198.1	95.89446083
198.2	90.09632287
198.3	91.41449875
198.4	84.79973809
198.5	75.76521583
198.6	80.86314297
198.7	75.46001752
198.8	75.63812663
198.9	72.62810726
199	71.04838148
199.1	66.35516871
199.2	69.97109172
199.3	66.4458351
199.4	62.4905438
199.5	75.41904007
199.6	76.96376487
199.7	66.864472
199.8	64.30257377
199.9	60.24386955
200	60.74021944
200.1	65.34506967
200.2	69.81335204
200.3	67.07970264
200.4	64.33500973
200.5	67.17833205
200.6	61.83149654
200.7	65.35645542
200.8	63.26096904
200.9	76.69300873
201	75.85117659
201.1	84.87784672
201.2	72.34155456
201.3	72.52820757
201.4	86.8451223
201.5	96.0553076
201.6	92.44735905
201.7	69.51865487
201.8	60.33134052
201.9	60.6857903
202	65.62333837
202.1	70.46944115
202.2	74.08907391
202.3	78.33723584
202.4	67.3011369
202.5	61.30311875
202.6	68.12457518
202.7	83.39674874
202.8	92.78965926
202.9	59.77313747
203	24.18629268
203.1	24.9793759
203.2	10.06322611
203.3	12.77806084
203.4	16.14482554
203.5	19.88635933
203.6	20.92217124
203.7	22.77649023
203.8	23.23225156
203.9	22.39520781
204	25.76968492
204.1	22.82969497
204.2	17.7025281
204.3	14.82248394
204.4	19.34897463
204.5	16.51730481
204.6	18.94798414
204.7	14.63202303
204.8	14.11786813
204.9	9.02346938
205	8.4978671
205.1	9.70114534
205.2	12.53967535
205.3	13.01097834
205.4	17.38525116
205.5	14.84350128
205.6	17.29484053
205.7	18.06433187
205.8	14.07454772
205.9	13.11872145
206	11.8296336
206.1	8.19986442
206.2	6.78881148
206.3	8.9550137
206.4	11.72729699
206.5	11.80620902
206.6	14.69119724
206.7	17.49214076
206.8	16.14952129
206.9	16.76576929
207	14.22310433
207.1	12.25865321
207.2	8.46251458
207.3	9.29335575
207.4	9.77369598
207.5	6.88138262
207.6	4.11861746
207.7	5.53883272
207.8	8.73881255
207.9	10.94801924
208	16.94077106
208.1	31.43740629
208.2	49.19963043
208.3	55.05145521
208.4	60.47980624
208.5	55.54409176
208.6	57.28811423
208.7	47.7229099
208.8	42.64921155
208.9	43.53880654
209	65.16669872
209.1	61.57387177
209.2	55.33078811
209.3	48.12628126
209.4	44.94149746
209.5	61.09635322
209.6	72.90277277
209.7	89.11887767
209.8	88.89213758
209.9	96.44525149
210	98.73282265
210.1	111.68937064
210.2	126.3130599
210.3	110.63381956
210.4	80.50063175
210.5	83.61717986
210.6	57.9359944
210.7	58.70779318
210.8	71.63319543
210.9	59.35442493
211	58.42053984
211.1	64.19519082
211.2	88.53509169
211.3	108.5662602
211.4	119.00690384
211.5	110.45678681
211.6	112.50288982
211.7	116.35640723
211.8	116.06259167
211.9	92.05206816
212	95.55961103
212.1	101.90859019
212.2	112.04477126
212.3	99.83831803
212.4	58.5604679
212.5	50.74243885
212.6	43.22916248
212.7	63.68148003
212.8	81.18265845
212.9	71.7539114
213	54.28994181
213.1	52.61385057
213.2	56.34756387
213.3	57.82518198
213.4	67.05393083
213.5	67.23408763
213.6	73.45680773
213.7	67.08210776
213.8	73.71417871
213.9	54.51799028
214	49.5205246
214.1	55.76075932
214.2	61.05671024
214.3	56.84330716
214.4	51.76500571
214.5	51.39325624
214.6	55.03599444
214.7	59.59096816
214.8	57.26994778
214.9	44.95179105
215	47.19947441
215.1	53.22769974
215.2	53.0549681
215.3	58.34241003
215.4	35.27477204
215.5	38.77417881
215.6	11.65954901
215.7	3.89725753
215.8	1.87050922
215.9	4.82193151
216	9.15750979
216.1	9.59526377
216.2	3.49149045
216.3	3.24511485
216.4	5.36105015
216.5	6.77138423
216.6	8.03888812
216.7	6.62868534
216.8	5.44984835
216.9	6.95526712
217	10.85052003
217.1	11.73244707
217.2	12.59490192
217.3	10.04708241
217.4	7.41371339
217.5	6.9568823
217.6	11.42109956
217.7	14.10398442
217.8	14.39728672
217.9	12.11712819
218	7.7974976
218.1	4.62977164
218.2	3.46752807
218.3	5.44175325
218.4	4.63318142
218.5	5.01436111
218.6	8.61373098
218.7	13.81153044
218.8	15.09771298
218.9	13.85495752
219	13.23618145
219.1	11.0266136
219.2	8.8514497
219.3	7.12394284
219.4	10.61487398
219.5	16.3225646
219.6	21.41222097
219.7	22.84018188
219.8	21.33975586
219.9	19.93892817
220	19.23488709
220.1	18.89624251
220.2	22.69156196
220.3	33.24348516
220.4	35.62976173
220.5	31.7858372
220.6	39.06088673
220.7	49.0502584
220.8	39.13737656
220.9	33.19156825
221	18.42298167
221.1	14.7304235
221.2	13.7238802
221.3	10.77075862
221.4	11.52740685
221.5	10.65341849
221.6	9.50298837
221.7	10.75671905
221.8	10.65341642
221.9	10.0799167
222	9.44240994
222.1	8.58774653
222.2	10.89204379
222.3	10.77533923
222.4	10.78819707
222.5	6.9477723
222.6	6.96520315
222.7	3.83526653
222.8	4.87304553
222.9	6.1012458
223	7.87481687
223.1	9.47235218
223.2	17.1811062
223.3	13.83651301
223.4	10.79467563
223.5	4.97539172
223.6	2.02851129
223.7	2.349208
223.8	3.61706329
223.9	0.82773952
224	1.10328392
224.1	2.73340339
224.2	4.09015627
224.3	8.18938339
224.4	3.19672151
224.5	1.44832663
224.6	3.08003367
224.7	4.74875232
224.8	5.88876842
224.9	5.45580712
225	4.35450794
225.1	4.3826757
225.2	6.06029574
225.3	6.03451169
225.4	5.44683093
225.5	5.87961289
225.6	11.15041802
225.7	18.29316321
225.8	20.36722285
225.9	18.73454609
226	12.77533966
226.1	10.81669128
226.2	12.19585275
226.3	12.59099859
226.4	10.73009644
226.5	13.64219496
226.6	17.61412659
226.7	22.79494107
226.8	26.27687421
226.9	21.10469031
227	11.29234446
227.1	7.76323599
227.2	3.48911178
227.3	1.80636577
227.4	2.77648685
227.5	6.23853732
227.6	12.84567758
227.7	23.33957595
227.8	30.57899844
227.9	33.7388155
228	34.86532181
228.1	34.8724219
228.2	30.64192891
228.3	30.09696593
228.4	28.18590121
228.5	30.73486305
228.6	27.28506208
228.7	25.05407142
228.8	31.77339615
228.9	32.29644916
229	28.54003376
229.1	18.66849135
229.2	16.37765029
229.3	17.09837516
229.4	17.96203367
229.5	14.68030134
229.6	10.89815851
229.7	7.49538026
229.8	5.02383251
229.9	9.20039337
230	11.00907042
230.1	13.96218913
230.2	14.73122964
230.3	12.37813345
230.4	10.08124758
230.5	6.19800407
230.6	6.1402168
230.7	7.03028839
230.8	9.44588028
230.9	12.18353263
231	14.44919615
231.1	5.59133501
231.2	3.74027469
231.3	2.12009727
231.4	4.10461325
231.5	1.7891499
231.6	0.80570063
231.7	0.83587993
231.8	1.85876978
231.9	5.15153931
232	8.41356006
232.1	7.17130079
232.2	6.93447108
232.3	8.42739201
232.4	11.42471431
232.5	6.28586069
232.6	5.48789916
232.7	4.12726188
232.8	7.20628608
232.9	10.86543996
233	13.10393649
233.1	4.99200155
233.2	3.78157768
233.3	5.42482176
233.4	5.22040864
233.5	5.5075267
233.6	9.05170534
233.7	6.89440026
233.8	5.50398951
233.9	5.26714441
234	7.90158838
234.1	7.91390451
234.2	5.66682572
234.3	4.05629507
234.4	7.64523349
234.5	10.38754984
234.6	4.09813324
234.7	2.75560097
234.8	6.14340329
234.9	6.12279458
235	6.34771782
235.1	7.84134083
235.2	8.6298252
235.3	6.19115935
235.4	5.20281963
235.5	8.42162663
235.6	6.81718523
235.7	6.8464476
235.8	8.76199617
235.9	9.1360574
236	8.16089803
236.1	7.72229491
236.2	8.40320962
236.3	11.04874729
236.4	12.97409404
236.5	13.54347073
236.6	8.1565415
236.7	2.84244054
236.8	2.45830082
236.9	4.37162126
237	5.47198662
237.1	3.92806631
237.2	4.16966519
237.3	3.12825534
237.4	1.29565777
237.5	0.77753312
237.6	4.07408299
237.7	5.85861569
237.8	5.35419069
237.9	6.18079444
238	3.94409679
238.1	1.34789447
238.2	0.83407895
238.3	1.37738535
238.4	3.42446547
238.5	2.80294818
238.6	2.79912334
238.7	1.47054993
238.8	2.49946609
238.9	4.17439326
239	4.27382493
239.1	3.01562184
239.2	1.12807574
239.3	0.83798943
239.4	0.7805404
239.5	3.41905862
239.6	4.15502613
239.7	2.84365582
239.8	2.13893131
239.9	0.80419037
240	1.47417394
240.1	0.19461386
240.2	1.00127471
240.3	3.82525125
240.4	6.60233207
240.5	7.66304379
240.6	5.78187964
240.7	14.09300274
240.8	13.5027177
240.9	5.69656296
241	7.10896081
241.1	4.7017034
241.2	1.77965406
241.3	0.80166044
241.4	0.82490306
241.5	0.82671958
241.6	0.82615728
241.7	0.83564367
241.8	1.35692007
241.9	5.85136998
242	11.01114221
242.1	13.71173006
242.2	14.07808546
242.3	15.4735114
242.4	16.38035199
242.5	14.87123775
242.6	13.90784361
242.7	23.42914572
242.8	34.9808541
242.9	53.50200179
243	52.4271059
243.1	85.34576973
243.2	98.15275976
243.3	94.07951022
243.4	73.09794286
243.5	62.31831578
243.6	62.09863245
243.7	71.98499832
243.8	71.89205134
243.9	65.59147658
244	61.48368252
244.1	57.94104495
244.2	64.21726423
244.3	67.91924333
244.4	57.28234714
244.5	49.55828926
244.6	47.7916917
244.7	45.49931557
244.8	34.43957277
244.9	33.41356689
245	44.27284877
245.1	51.77492419
245.2	51.20877066
245.3	53.77345381
245.4	41.91552527
245.5	37.72930804
245.6	38.46607688
245.7	36.27906318
245.8	33.79620972
245.9	31.4770672
246	29.57556181
246.1	31.68167369
246.2	37.16452566
246.3	40.86923027
246.4	59.33499781
246.5	69.44181165
246.6	55.7417874
246.7	64.45852364
246.8	51.04594889
246.9	33.01809039
247	25.97020567
247.1	32.3775571
247.2	31.55309131
247.3	45.28006883
247.4	51.89634674
247.5	55.06912396
247.6	43.70169836
247.7	42.50875378
247.8	50.34812973
247.9	65.68970244
248	61.73404337
248.1	68.81140379
248.2	63.57754802
248.3	61.75767402
248.4	66.16325962
248.5	45.64792647
248.6	46.60291593
248.7	35.54873049
248.8	40.64575712
248.9	47.30448929
249	48.29947632
249.1	30.53108877
249.2	24.42140892
249.3	38.84576237
249.4	35.90565833
249.5	36.07135262
249.6	41.92177663
249.7	30.32895861
249.8	38.57609537
249.9	48.93308509
250	50.7133329
250.1	55.67002242
250.2	55.19510379
250.3	50.45621416
250.4	54.74570385
250.5	74.06997322
250.6	81.82045843
250.7	56.72471346
250.8	57.45076532
250.9	45.37043833
251	33.60486644
251.1	32.00157871
251.2	42.52874981
251.3	67.12825741
251.4	89.6321966
251.5	91.07021863
251.6	90.46323681
251.7	75.45226239
251.8	72.9125521
251.9	81.83257103
252	89.34865651
252.1	85.83871374
252.2	90.84459176
252.3	86.18448615
252.4	63.29698763
252.5	51.30848113
252.6	35.24383163
252.7	17.51586436
252.8	15.11686551
252.9	19.50498485
253	21.1701663
253.1	16.24304061
253.2	12.84792414
253.3	12.40731613
253.4	11.09099925
253.5	11.77482885
253.6	11.1002169
253.7	10.23729762
253.8	10.93716133
253.9	8.78552366
254	9.07530331
254.1	7.23691999
254.2	5.36494992
254.3	5.22070117
254.4	7.64025116
254.5	12.77618853
254.6	11.04250583
254.7	12.63560963
254.8	23.72274519
254.9	31.98032352
255	49.80823174
255.1	57.38426278
255.2	65.81479541
255.3	61.70741211
255.4	66.39746828
255.5	78.93121651
255.6	75.55015623
255.7	85.55283966
255.8	68.40227407
255.9	60.82268826
256	64.1098623
256.1	99.35579972
256.2	106.55322969
256.3	101.50348811
256.4	103.44317093
256.5	104.02120674
256.6	95.31056145
256.7	97.77158468
256.8	90.35746737
256.9	84.010272
257	84.80828288
257.1	77.40032066
257.2	87.91196387
257.3	78.43255147
257.4	77.74489116
257.5	79.90058509
257.6	88.60260498
257.7	86.10316796
257.8	89.27647137
257.9	67.8207047
258	70.52796464
258.1	61.47344363
258.2	58.73061915
258.3	62.58354028
258.4	80.75658941
258.5	90.84261232
258.6	83.72743585
258.7	85.91958342
258.8	28.91652405
258.9	17.95245577
259	15.26896151
259.1	12.43363919
259.2	9.42400271
259.3	8.19865685
259.4	9.44581674
259.5	10.14464018
259.6	12.71087504
259.7	13.68597319
259.8	15.96986403
259.9	21.25187904
260	22.33036786
260.1	21.2265057
260.2	21.92460927
260.3	25.08242541
260.4	24.99305534
260.5	27.22334875
260.6	29.61250411
260.7	22.14763285
260.8	16.43803584
260.9	12.04581187
261	9.65824064
261.1	9.73035806
261.2	12.52888638
261.3	12.48186772
261.4	5.73683732
261.5	5.11340844
261.6	9.21543328
261.7	16.15143952
261.8	36.72917906
261.9	69.02844881
262	122.02380952
262.1	162.7928719
262.2	164.64254048
262.3	146.82619821
262.4	134.01554235
262.5	130.28761813
262.6	123.98207892
262.7	131.67153612
262.8	154.28674943
262.9	152.72583112
263	150.01087211
263.1	135.6985226
263.2	137.61448179
263.3	129.47620877
263.4	96.72431143
263.5	86.14304662
263.6	80.2581948
263.7	64.28924351
263.8	55.98437663
263.9	54.76512254
264	48.46777104
264.1	61.39891366
264.2	61.36904959
264.3	65.65085184
264.4	54.14204646
264.5	55.63770413
264.6	49.71061534
264.7	50.19522582
264.8	51.91465747
264.9	56.19381283
265	54.91406934
265.1	53.7657056
265.2	60.72074976
265.3	66.47096943
265.4	76.14522769
265.5	71.46483209
265.6	61.616748
265.7	56.059869
265.8	58.20086163
265.9	61.60941176
266	61.34908135
266.1	55.57172401
266.2	58.9440201
266.3	67.85663783
266.4	70.27199429
266.5	69.09667218
266.6	77.72720971
266.7	82.82343074
266.8	67.09710899
266.9	61.56552918
267	59.84842091
267.1	54.71204824
267.2	54.38174977
267.3	51.19151142
267.4	58.55449892
267.5	63.69957317
267.6	64.02743182
267.7	68.00122325
267.8	72.15328913
267.9	76.06263875
268	69.66694954
268.1	56.66059085
268.2	48.906927
268.3	53.37594457
268.4	57.79681566
268.5	56.27434336
268.6	50.00606108
268.7	57.98257909
268.8	55.49977145
268.9	64.10159378
269	67.82349578
269.1	82.06465956
269.2	81.2479352
269.3	69.23872154
269.4	57.62930016
269.5	65.30579598
269.6	79.90340355
269.7	85.0790378
269.8	62.95701545
269.9	57.898125
270	61.00827542
270.1	69.03867344
270.2	56.82459604
270.3	48.12951337
270.4	49.50616981
270.5	44.06076529
270.6	39.54467896
270.7	37.81292019
270.8	40.57509287
270.9	43.81255975
271	43.23131353
271.1	44.66276895
271.2	46.83025718
271.3	45.88642344
271.4	46.0599902
271.5	48.78493875
271.6	47.74479903
271.7	38.9567233
271.8	36.66772476
271.9	45.32243765
272	49.31494239
272.1	42.30758394
272.2	41.2191817
272.3	46.5242554
272.4	40.86021637
272.5	35.8633888
272.6	41.48836897
272.7	51.37628318
272.8	55.29060535
272.9	50.89481094
273	41.36599222
273.1	38.51830952
273.2	37.11075977
273.3	39.33736407
273.4	40.08179969
273.5	39.54107017
273.6	38.17385266
273.7	47.48346657
273.8	48.76473126
273.9	46.10390858
274	39.97594986
274.1	37.62790798
274.2	36.68193438
274.3	48.72348074
274.4	40.15309827
274.5	40.93676666
274.6	55.83806328
274.7	61.15826047
274.8	53.46290605
274.9	44.40306239
275	43.61213956
275.1	48.80457627
275.2	43.66445275
275.3	50.68082229
275.4	56.92214549
275.5	59.494066
275.6	61.71773722
275.7	56.98974682
275.8	48.57733468
275.9	43.73938377
276	44.78466244
276.1	44.54613674
276.2	52.80066637
276.3	56.36725374
276.4	58.36461191
276.5	57.32289575
276.6	60.74286973
276.7	58.59427294
276.8	58.91317067
276.9	58.37195194
277	60.11152452
277.1	59.82747201
277.2	56.35051641
277.3	51.25120417
277.4	47.05263613
277.5	45.72678283
277.6	52.50568998
277.7	53.71036738
277.8	42.18813484
277.9	42.76656976
278	43.82109394
278.1	60.11951265
278.2	69.52152694
278.3	59.86418433
278.4	53.59600687
278.5	50.76342214
278.6	63.25405717
278.7	63.47760297
278.8	60.74734656
278.9	62.17868508
279	56.01802225
279.1	52.53083239
279.2	61.49275097
279.3	57.2492458
279.4	48.60627888
279.5	44.29445946
279.6	44.3165468
279.7	49.97992697
279.8	58.08097189
279.9	63.08382323
280	64.31053222
280.1	63.99500361
280.2	65.71475722
280.3	66.2871034
280.4	66.7291871
280.5	77.17529325
280.6	87.92847161
280.7	79.10422112
280.8	68.89637854
280.9	66.65021207
281	68.33876203
281.1	72.35319917
281.2	68.5947436
281.3	59.71222784
281.4	61.60123771
281.5	63.83243394
281.6	66.40324642
281.7	62.27492155
281.8	70.94456085
281.9	62.92733595
282	67.48162061
282.1	64.00802138
282.2	67.907706
282.3	63.55591285
282.4	70.9344043
282.5	82.74997503
282.6	82.76105016
282.7	76.40335416
282.8	74.92009673
282.9	72.38750454
283	70.43441626
283.1	80.63475201
283.2	91.45321923
283.3	81.55998893
283.4	73.87720607
283.5	93.69388078
283.6	93.30535242
283.7	85.40734786
283.8	68.40245394
283.9	61.75572126
284	69.87092425
284.1	70.19312533
284.2	67.50040287
284.3	69.92604436
284.4	86.56333694
284.5	105.59906577
284.6	113.51594764
284.7	90.64062546
284.8	80.56370199
284.9	86.8553167
285	98.11393081
285.1	92.31105792
285.2	107.65706881
285.3	107.66237094
285.4	87.13030247
285.5	94.53982472
285.6	92.93725443
285.7	98.9955016
285.8	94.5314056
285.9	102.66878218
286	104.80236087
286.1	102.76909493
286.2	93.30983134
286.3	90.87856773
286.4	87.2798771
286.5	90.75460685
286.6	95.50741405
286.7	94.8426118
286.8	86.89796075
286.9	85.79018311
287	92.64037347
287.1	93.69172419
287.2	88.68126746
287.3	87.18154955
287.4	95.36069286
287.5	87.88420681
287.6	98.25227468
287.7	89.45808921
287.8	79.50313581
287.9	93.88124761
288	100.66018596
288.1	90.81928697
288.2	81.31410231
288.3	84.33612731
288.4	91.02450516
288.5	97.79784086
288.6	98.3899771
288.7	102.21505218
288.8	103.4425328
288.9	96.29471565
289	92.84627948
289.1	92.47899551
289.2	96.1848222
289.3	94.06200784
289.4	101.63008909
289.5	106.36859835
289.6	95.26743613
289.7	118.26423877
289.8	116.817501
289.9	103.29020136
290	103.25384425
290.1	109.8807343
290.2	128.42334207
290.3	132.84671005
290.4	131.40894809
290.5	137.17650956
290.6	145.62627568
290.7	166.76627869
290.8	188.74900702
290.9	173.93517275
291	128.92398581
291.1	124.07031409
291.2	129.79174043
291.3	124.61817555
291.4	137.3141143
291.5	123.39349923
291.6	116.7684523
291.7	115.34335905
291.8	131.37483277
291.9	137.8648737
292	142.42013227
292.1	145.37969614
292.2	155.92109248
292.3	167.39254299
292.4	164.17064356
292.5	181.52396251
292.6	179.16698945
292.7	182.64964826
292.8	179.43275095
292.9	185.40859339
293	168.20569352
293.1	157.56944127
293.2	156.22002424
293.3	168.02300843
293.4	171.05511744
293.5	171.15409514
293.6	159.94452687
293.7	153.81763863
293.8	146.75879602
293.9	152.21727367
294	151.93002213
294.1	155.86935568
294.2	138.94552379
294.3	135.19042827
294.4	130.68504747
294.5	129.99090867
294.6	150.72798844
294.7	157.33687675
294.8	157.99265548
294.9	147.42367927
295	131.77891655
295.1	133.62064136
295.2	137.00976306
295.3	168.22381568
295.4	165.8715116
295.5	165.4185968
295.6	143.39519437
295.7	134.24592301
295.8	146.16930861
295.9	160.02476395
296	170.57567661
296.1	154.91405482
296.2	138.81620656
296.3	134.97413188
296.4	140.44399106
296.5	126.32567963
296.6	127.2522548
296.7	145.89911311
296.8	163.1226817
296.9	182.12955112
297	189.09360929
297.1	174.9264169
297.2	175.83929415
297.3	151.79897544
297.4	153.26792197
297.5	151.54355867
297.6	151.40546795
297.7	134.02087439
297.8	141.79825878
297.9	157.51199446
298	169.41204206
298.1	171.35877012
298.2	178.52522764
298.3	180.0558071
298.4	174.38785198
298.5	171.45069115
298.6	171.99122557
298.7	166.25113313
298.8	165.2855584
298.9	172.38180471
299	178.60789259
299.1	172.93394071
299.2	181.26852487
299.3	193.5573168
299.4	164.80609896
299.5	129.59372571
299.6	153.59078608
299.7	173.28183469
299.8	163.24795223
299.9	150.12538767
300	148.33681305
300.1	149.95871208
300.2	155.12443391
300.3	163.50000912
300.4	170.39151741
300.5	174.47979808
300.6	168.54929285
300.7	171.15563623
300.8	167.3592625
300.9	168.86346768
301	173.73016205
301.1	170.20711181
301.2	162.46938921
301.3	172.73289169
301.4	162.4478975
301.5	169.51747189
301.6	161.49093095
301.7	158.87965774
301.8	167.9250199
301.9	160.43144074
302	167.24938894
302.1	167.87003018
302.2	171.64081168
302.3	150.14317364
302.4	152.90908033
302.5	159.5269519
302.6	158.20984465
302.7	179.35870814
302.8	169.56855727
302.9	157.93843368
303	157.19791466
303.1	153.25863246
303.2	155.19392
303.3	157.24283827
303.4	166.73640876
303.5	179.07677864
303.6	173.89591305
303.7	148.25432488
303.8	141.18641159
303.9	129.24847179
304	156.40390021
304.1	182.34354699
304.2	188.7057169
304.3	195.15484792
304.4	186.43596408
304.5	157.74147751
304.6	176.01806497
304.7	181.96231172
304.8	184.95966588
304.9	185.59490906
305	187.25154463
305.1	167.15771472
305.2	162.23437907
305.3	168.89691628
305.4	178.96244566
305.5	181.93097063
305.6	180.28262394
305.7	181.65080837
305.8	175.3147058
305.9	173.32750305
306	182.20278805
306.1	189.07400855
306.2	180.77684532
306.3	175.51162239
306.4	180.66542583
306.5	162.89413628
306.6	142.89670559
306.7	125.56172054
306.8	114.09494671
306.9	109.62458947
307	119.50391345
307.1	135.67077385
307.2	125.48384275
307.3	122.0103575
307.4	114.26475611
307.5	119.8907168
307.6	134.74365863
307.7	142.86144762
307.8	144.79436276
307.9	152.03739915
308	159.37756719
308.1	142.29041578
308.2	144.81147469
308.3	134.32618904
308.4	144.46312155
308.5	135.76251873
308.6	116.63013482
308.7	119.7059256
308.8	132.16272646
308.9	129.99128475
309	142.95380783
309.1	144.27868358
309.2	128.42099488
309.3	135.05681373
309.4	149.18107806
309.5	153.30328772
309.6	137.32315191
309.7	143.29936825
309.8	150.95406448
309.9	160.43225054
310	167.16034872
310.1	148.62662737
310.2	135.89891342
310.3	141.29651545
310.4	128.89417294
310.5	125.77861593
310.6	135.57542726
310.7	155.833245
310.8	161.26004105
310.9	181.27147565
311	172.92299973
311.1	180.71727561
311.2	183.5038892
311.3	187.28820873
311.4	150.16908619
311.5	137.65454507
311.6	117.04974337
311.7	128.46167845
311.8	140.28375757
311.9	146.02062437
312	136.58614509
312.1	133.39292902
312.2	135.23754103
312.3	137.42397673
312.4	149.09347434
312.5	158.54467103
312.6	158.7440953
312.7	156.17458752
312.8	156.69771323
312.9	149.80219158
313	158.53258176
313.1	178.86457066
313.2	171.9057334
313.3	157.72176648
313.4	149.9121243
313.5	129.5823475
313.6	114.18837442
313.7	116.55028383
313.8	130.93928267
313.9	155.35194158
314	166.35080613
314.1	174.22575063
314.2	178.68970905
314.3	165.02891945
314.4	154.05329482
314.5	125.84886251
314.6	102.15434693
314.7	121.84312619
314.8	123.48353413
314.9	126.3744837
315	117.12087736
315.1	100.76095637
315.2	94.71404933
315.3	74.43939425
315.4	78.01020361
315.5	106.57250862
315.6	105.97391819
315.7	126.42337871
315.8	125.31581219
315.9	90.33626386
316	93.30736684
316.1	75.49537216
316.2	67.96377494
316.3	76.11085169
316.4	72.40231182
316.5	79.65374382
316.6	98.42486331
316.7	106.19667535
316.8	104.12905741
316.9	96.30698168
317	100.70237058
317.1	84.22060651
317.2	81.97739259
317.3	83.37917259
317.4	88.54778749
317.5	84.79147174
317.6	85.2092368
317.7	82.47468954
317.8	79.2131771
317.9	81.24509388
318	89.41861823
318.1	94.01735364
318.2	89.91125724
318.3	74.65454033
318.4	67.89954359
318.5	62.6644722
318.6	56.32942699
318.7	48.51454197
318.8	43.46277976
318.9	32.87884827
319	42.93747225
319.1	52.3429114
319.2	87.79457962
319.3	101.23962109
319.4	122.44016676
319.5	104.99065602
319.6	99.29764852
319.7	87.16245482
319.8	121.6494972
319.9	139.70191941
320	150.80822605
320.1	130.97699799
320.2	112.26394122
320.3	102.02864954
320.4	124.43251878
320.5	142.14219573
320.6	130.64971399
320.7	131.39951272
320.8	127.19244815
320.9	115.33069316
321	112.01236066
321.1	114.84139813
321.2	118.74860957
321.3	101.60880244
321.4	96.62988296
321.5	103.82385302
321.6	107.70483389
321.7	108.5369123
321.8	97.01248378
321.9	106.87117449
322	101.25979858
322.1	106.60093433
322.2	93.08523897
322.3	75.63433153
322.4	63.8276244
322.5	58.06921615
322.6	56.02493346
322.7	58.12794329
322.8	57.79248124
322.9	76.4396231
323	82.53701349
323.1	78.45768679
323.2	70.52173522
323.3	83.70007233
323.4	105.56158385
323.5	115.79033761
323.6	99.02393134
323.7	85.62408166
323.8	76.69133032
323.9	64.8623179
324	96.74723535
324.1	101.79873668
324.2	103.78330958
324.3	106.50108771
324.4	110.10978024
324.5	99.73491883
324.6	102.97598996
324.7	107.03792746
324.8	118.64987491
324.9	132.70631405
325	139.03984917
325.1	140.36187331
325.2	140.08481422
325.3	146.04098286
325.4	141.274158
325.5	139.64842717
325.6	111.32423412
325.7	93.00021234
325.8	97.02453826
325.9	99.51336668
326	89.97342879
326.1	96.09386947
326.2	90.25975216
326.3	80.31521954
326.4	71.80730705
326.5	82.76213154
326.6	85.69960845
326.7	91.76082483
326.8	83.31033925
326.9	87.91991227
327	82.84979631
327.1	80.73129945
327.2	77.29292248
327.3	71.01394659
327.4	75.51789688
327.5	69.87254434
327.6	78.63008895
327.7	89.23443794
327.8	100.24451106
327.9	83.64759659
328	85.09534689
328.1	94.50198573
328.2	108.84862156
328.3	103.5120214
328.4	89.66143878
328.5	94.25098136
328.6	89.83120817
328.7	91.92330194
328.8	88.43236542
328.9	85.96636081
329	97.09053146
329.1	94.3916494
329.2	99.11017714
329.3	96.37669458
329.4	113.44994942
329.5	118.16352495
329.6	119.03805719
329.7	103.59842779
329.8	114.52625488
329.9	101.02932502
330	78.72443106
330.1	80.32907429
330.2	88.13737745
330.3	105.89416487
330.4	104.54141969
330.5	129.92387382
330.6	132.48691252
330.7	124.86073174
330.8	112.78801311
330.9	103.58740806
331	100.79211482
331.1	110.75161635
331.2	117.04733081
331.3	112.31043042
331.4	114.92867973
331.5	97.46258066
331.6	94.47562491
331.7	108.60262625
331.8	136.85548576
331.9	130.25665794
332	124.38208507
332.1	118.94224626
332.2	126.62576642
332.3	123.12253924
332.4	132.61117809
332.5	140.48039066
332.6	144.39977291
332.7	135.70829337
332.8	124.07761748
332.9	135.76976431
333	135.09138482
333.1	129.90284742
333.2	124.7345491
333.3	124.59219126
333.4	124.22208903
333.5	131.0264584
333.6	144.87619587
333.7	146.15560541
333.8	145.10802429
333.9	164.23246093
334	167.82792074
334.1	158.38657703
334.2	150.83543642
334.3	156.88034615
334.4	140.04435788
334.5	143.86349636
334.6	142.54954139
334.7	146.02459255
334.8	144.49971238
334.9	157.47017667
335	159.97467126
335.1	157.03283192
335.2	155.17759506
335.3	182.01165147
335.4	192.9404453
335.5	183.72306732
335.6	176.57458381
335.7	164.52827142
335.8	155.31136728
335.9	146.40702132
336	139.7475302
336.1	126.85471464
336.2	132.74504519
336.3	138.40464466
336.4	149.63905351
336.5	149.24452423
336.6	151.99928893
336.7	150.99299194
336.8	150.21011348
336.9	139.52835099
337	143.26709871
337.1	148.63379323
337.2	145.50957506
337.3	139.14221692
337.4	151.23325078
337.5	153.69678794
337.6	148.89626912
337.7	141.0373979
337.8	137.09346853
337.9	139.4070389
338	142.61678672
338.1	160.08060491
338.2	148.9000329
338.3	150.9736994
338.4	122.80667736
338.5	114.52293865
338.6	125.72274332
338.7	140.94969125
338.8	155.35059722
338.9	166.63158297
339	190.66760378
339.1	185.78495542
339.2	187.49152156
339.3	177.25715382
339.4	172.01709575
339.5	177.96420712
339.6	153.84515187
339.7	139.84568883
339.8	151.48933139
339.9	152.58584093
340	148.8011477
340.1	144.64153637
340.2	149.14771281
340.3	134.90432493
340.4	137.49627786
340.5	113.92844751
340.6	115.13941304
340.7	96.70726202
340.8	92.90090529
340.9	97.90902534
341	93.45545202
341.1	102.5710626
341.2	95.69442175
341.3	96.10841573
341.4	98.18041232
341.5	111.62172366
341.6	135.3771507
341.7	134.04451304
341.8	154.91988178
341.9	146.75224418
342	133.74321128
342.1	127.18505477
342.2	131.89435408
342.3	138.22881341
342.4	144.13824295
342.5	170.55580682
342.6	174.9408043
342.7	153.83237715
342.8	149.54801828
342.9	161.27649539
343	148.73686831
343.1	148.2781497
343.2	145.07667666
343.3	148.91758502
343.4	154.78606735
343.5	145.41071927
343.6	147.56541049
343.7	153.18906906
343.8	151.33013309
343.9	167.47137664
344	173.88783966
344.1	160.11278343
344.2	149.20506533
344.3	156.23322937
344.4	164.29131672
344.5	167.51022843
344.6	166.50641527
344.7	150.92112693
344.8	143.40821639
344.9	149.19545516
345	150.11511343
345.1	134.37563136
345.2	133.37049175
345.3	153.4416221
345.4	164.16292703
345.5	176.18370085
345.6	161.08754829
345.7	152.53929467
345.8	153.57323088
345.9	162.5141762
346	161.48911373
346.1	179.4308869
346.2	187.31387769
346.3	198.02901096
346.4	138.18256554
346.5	76.37413067
346.6	35.94710407
346.7	17.58840052
346.8	16.61784042
346.9	27.52543889
347	42.58952711
347.1	49.7503021
347.2	39.73582036
347.3	35.17380472
347.4	27.16426933
347.5	21.04830874
347.6	16.11466367
347.7	22.98784047
347.8	30.18683006
347.9	44.7049322
348	47.75577596
348.1	39.88723506
348.2	32.23102869
348.3	29.46106014
348.4	33.84466214
348.5	36.28097482
348.6	34.40388805
348.7	31.2686842
348.8	35.41637307
348.9	43.92450079
349	63.22179114
349.1	75.67927903
349.2	65.19877541
349.3	52.38824923
349.4	58.228813
349.5	68.77095844
349.6	67.90082611
349.7	83.92222918
349.8	73.43310242
349.9	61.41182686
350	60.66782026
350.1	60.71551339
350.2	62.01026034
350.3	50.5720194
350.4	39.15956143
350.5	36.32828739
350.6	46.02729273
350.7	51.81983201
350.8	41.67481183
350.9	48.93087361
351	42.1944135
351.1	43.06052239
351.2	44.37181964
351.3	49.39123564
351.4	47.98208559
351.5	45.09196459
351.6	48.8772935
351.7	55.43055038
351.8	61.68550815
351.9	58.44010222
352	56.62491117
352.1	63.00374804
352.2	64.57520137
352.3	62.36560227
352.4	59.82290256
352.5	60.03851152
352.6	55.08574591
352.7	51.08802134
352.8	52.47106002
352.9	51.93169831
353	57.81769801
353.1	54.64750188
353.2	58.77316197
353.3	69.37558337
353.4	72.593794
353.5	67.44721989
353.6	65.87686832
353.7	61.12854224
353.8	60.68031881
353.9	65.88008433
354	77.24058525
354.1	84.97066747
354.2	86.01931205
354.3	72.67629707
354.4	82.20721017
354.5	91.69099523
354.6	108.74272852
354.7	116.67741645
354.8	123.58030438
354.9	121.14232926
355	121.99362394
355.1	105.40571039
355.2	100.27027098
355.3	103.58389014
355.4	95.72950894
355.5	80.76258686
355.6	86.69936738
355.7	84.59182441
355.8	84.75400573
355.9	86.58583453
356	60.87276157
356.1	58.57837539
356.2	70.83068501
356.3	109.36225309
356.4	120.00340913
356.5	132.62885933
356.6	133.15577447
356.7	107.48286096
356.8	95.28185102
356.9	91.88654613
357	83.93521325
357.1	74.68556331
357.2	64.67793629
357.3	65.34030256
357.4	67.65086378
357.5	69.60888978
357.6	73.51387576
357.7	92.69320897
357.8	82.17862899
357.9	73.7950236
358	62.27712918
358.1	62.90298774
358.2	64.56736729
358.3	63.26596695
358.4	53.19507055
358.5	50.77148454
358.6	53.61905932
358.7	53.15912889
358.8	53.42999021
358.9	50.84317452
359	48.08020682
359.1	46.09847739
359.2	46.26734091
359.3	44.90760283
359.4	41.10678632
359.5	39.01275614
359.6	36.90768648
359.7	36.59126727
359.8	40.11786579
359.9	39.78589552
360	43.21673253
360.1	31.98907851
360.2	34.7865005
360.3	34.0782175
360.4	39.91579498
360.5	37.74494106
360.6	38.11938409
360.7	45.18974646
360.8	55.32378797
360.9	58.04193966
361	52.45781104
361.1	44.14017853
361.2	40.21294956
361.3	43.41490409
361.4	39.17421605
361.5	38.22676475
361.6	40.05325873
361.7	42.743491
361.8	45.81102673
361.9	43.33419689
362	48.33836919
362.1	45.77065695
362.2	45.57170749
362.3	59.59368859
362.4	56.36494032
362.5	51.3664392
362.6	47.25864256
362.7	59.61113682
362.8	55.92717641
362.9	42.95236851
363	45.77603668
363.1	45.27402911
363.2	44.92803585
363.3	38.49782917
363.4	41.48391893
363.5	40.90287113
363.6	44.84257156
363.7	39.93085313
363.8	31.82214926
363.9	32.46670503
364	37.22586007
364.1	38.1953109
364.2	40.35213161
364.3	52.2590337
364.4	98.08044673
364.5	122.29994939
364.6	125.72514307
364.7	80.1403634
364.8	47.25144372
364.9	38.08404267
365	35.79185344
365.1	33.23796958
365.2	30.95270315
365.3	29.93300223
365.4	32.24063101
365.5	32.3730693
365.6	38.78340528
365.7	58.53519973
365.8	66.17112038
365.9	40.22046031
366	41.29739708
366.1	26.3408947
366.2	30.47072058
366.3	30.28071944
366.4	33.23485637
366.5	40.74957007
366.6	36.45019938
366.7	37.83367965
366.8	31.1732016
366.9	37.23885177
367	53.03249895
367.1	51.36187759
367.2	49.34665757
367.3	48.74055194
367.4	67.17948827
367.5	77.34908069
367.6	88.98193443
367.7	100.71626131
367.8	103.36037699
367.9	92.80997997
368	88.14472178
368.1	103.65083461
368.2	104.8392064
368.3	94.43575222
368.4	84.38337504
368.5	84.00047622
368.6	90.21542976
368.7	98.17164701
368.8	108.9471395
368.9	117.95971498
369	128.59766622
369.1	139.47389917
369.2	115.56277583
369.3	99.5458681
369.4	79.86470937
369.5	80.67248981
369.6	72.36948889
369.7	87.99835925
369.8	82.11885668
369.9	76.55019233
370	76.30657697
370.1	81.23230059
370.2	75.77699001
370.3	88.29207554
370.4	91.65381537
370.5	113.55451374
370.6	124.24680729
370.7	131.88112577
370.8	131.47187987
370.9	129.47761069
371	113.46857285
371.1	114.17104425
371.2	83.56907831
371.3	70.63885057
371.4	62.41978186
371.5	75.39609624
371.6	77.97604229
371.7	70.04169778
371.8	78.39390347
371.9	92.18339769
372	100.44465594
372.1	119.13766763
372.2	123.70047735
372.3	128.02532195
372.4	119.90603386
372.5	104.55338875
372.6	92.64570603
372.7	87.3845025
372.8	104.02529587
372.9	119.16645735
373	126.25715842
373.1	128.4611735
373.2	129.25947754
373.3	110.01344221
373.4	113.16464257
373.5	100.877777
373.6	106.50986106
373.7	117.1344522
373.8	140.86980651
373.9	141.47469178
374	125.4855872
374.1	120.88982562
374.2	117.10999002
374.3	118.9233527
374.4	114.18167666
374.5	109.61887765
374.6	125.90028848
374.7	142.53235013
374.8	128.73369252
374.9	121.75165861
375	128.35308032
375.1	124.12693488
375.2	123.77078571
375.3	134.95622217
375.4	139.99588574
375.5	148.24143722
375.6	151.6395549
375.7	154.84824526
375.8	162.90893724
375.9	148.99957637
376	138.0193261
376.1	129.54402513
376.2	130.3773029
376.3	132.91943262
376.4	147.3855461
376.5	155.23489824
376.6	151.52626854
376.7	166.31484214
376.8	179.47849782
376.9	190.53395847
377	195.80652202
377.1	203.99051888
377.2	170.29193454
377.3	129.16968284
377.4	119.49066272
377.5	124.09295619
377.6	109.77863614
377.7	94.76438476
377.8	101.29861499
377.9	112.80066905
378	127.87869383
378.1	158.99835977
378.2	178.57815547
378.3	169.44861311
378.4	197.98833489
378.5	214.23254285
378.6	203.3652272
378.7	200.85893984
378.8	201.876593
378.9	190.54992696
379	183.27802133
379.1	187.1583296
379.2	183.80358072
379.3	193.58659725
379.4	187.79968143
379.5	182.48210123
379.6	193.00729201
379.7	208.29029628
379.8	210.82808997
379.9	193.58397142
380	187.19643709
380.1	186.82439321
380.2	198.80312403
380.3	195.18712028
380.4	192.64470914
380.5	201.51520587
380.6	198.43180439
380.7	200.34078787
380.8	185.76455662
380.9	189.10786225
381	198.46924292
381.1	161.80055841
381.2	149.76703028
381.3	155.46850503
381.4	179.14729026
381.5	177.9215193
381.6	183.77723839
381.7	140.01044052
381.8	122.61412343
381.9	123.73254014
382	99.81168879
382.1	97.40931477
382.2	101.70992907
382.3	103.1283623
382.4	116.23902722
382.5	113.33933875
382.6	118.21521399
382.7	109.76004287
382.8	140.62843183
382.9	155.28925842
383	179.30055289
383.1	183.56298117
383.2	173.31213911
383.3	154.59335928
383.4	162.10230159
383.5	173.94508381
383.6	178.15372385
383.7	157.64629222
383.8	153.18102647
383.9	161.1742326
384	163.86678236
384.1	121.21137227
384.2	76.24342158
384.3	54.37833066
384.4	31.04625396
384.5	26.48629237
384.6	25.54714643
384.7	23.16647926
384.8	21.86774282
384.9	31.04403925
385	40.2725325
385.1	40.86704882
385.2	41.40407255
385.3	48.34643011
385.4	52.46060759
385.5	49.56253914
385.6	42.71660024
385.7	40.97827151
385.8	43.5436293
385.9	44.80766607
386	44.79217624
386.1	42.70431093
386.2	44.948018
386.3	43.81532422
386.4	60.10248047
386.5	68.47338314
386.6	81.66899021
386.7	70.4100789
386.8	55.1546302
386.9	45.67898603
387	49.53068162
387.1	55.32061708
387.2	88.07568639
387.3	125.38104427
387.4	125.35561421
387.5	113.04180223
387.6	101.98010279
387.7	83.73291399
387.8	75.05788484
387.9	75.69752943
388	70.31609893
388.1	62.82486926
388.2	56.47754949
388.3	50.14313234
388.4	52.53389229
388.5	53.75838399
388.6	56.39348065
388.7	63.02872427
388.8	65.99401314
388.9	63.02122352
389	44.63603792
389.1	47.08430946
389.2	48.6776867
389.3	49.89986832
389.4	38.05278033
389.5	32.40973909
389.6	31.13618768
389.7	28.37267936
389.8	34.36595117
389.9	35.65281108
390	33.45730295
390.1	28.67580576
390.2	27.26024122
390.3	29.32365438
390.4	40.84883763
390.5	63.14425693
390.6	77.51640884
390.7	86.48145269
390.8	81.23996762
390.9	91.2107873
391	108.16156791
391.1	113.79932324
391.2	98.38106148
391.3	90.63622713
391.4	66.47525019
391.5	56.91500017
391.6	56.25346656
391.7	48.08981383
391.8	46.07162017
391.9	38.54893818
392	32.25200475
392.1	31.56465191
392.2	40.62435162
392.3	58.86988623
392.4	76.80092865
392.5	84.75541878
392.6	77.5648388
392.7	91.01490162
392.8	83.91101511
392.9	87.39281557
393	72.34789073
393.1	71.3501477
393.2	102.78398673
393.3	108.91874193
393.4	118.19210643
393.5	85.06681448
393.6	67.51090638
393.7	54.30881592
393.8	63.97109065
393.9	75.04124703
394	67.58962679
394.1	51.2812765
394.2	44.00068393
394.3	39.60406011
394.4	39.70954721
394.5	32.57315802
394.6	24.80945694
394.7	23.41882523
394.8	36.85088402
394.9	32.08570103
395	31.63688491
395.1	40.54510385
395.2	55.2645911
395.3	63.46390755
395.4	54.52297341
395.5	61.9721368
395.6	82.88580661
395.7	81.95053036
395.8	88.596985
395.9	82.40272005
396	70.96328743
396.1	51.91842816
396.2	66.71411616
396.3	89.34127787
396.4	108.83586105
396.5	92.03502803
396.6	83.44903499
396.7	97.26514973
396.8	115.21064767
396.9	104.31770121
397	106.52841541
397.1	70.19438529
397.2	77.48014374
397.3	91.27072582
397.4	79.65495461
397.5	80.16015478
397.6	111.5771221
397.7	128.52089327
397.8	122.38554328
397.9	123.25755632
398	99.65963074
398.1	80.88797328
398.2	91.999504
398.3	100.6382159
398.4	107.05803019
398.5	105.77316993
398.6	121.98971019
398.7	121.92995985
398.8	117.1858158
398.9	122.04929062
399	92.64242268
399.1	83.4072985
399.2	78.25399271
399.3	83.25066563
399.4	97.22751752
399.5	98.52465229
399.6	95.88451413
399.7	107.82241904
399.8	107.55804248
399.9	100.56064137
400	101.92149808
400.1	98.27352544
400.2	90.57940012
400.3	81.86466594
400.4	76.22875297
400.5	76.11867301
400.6	74.26092399
400.7	89.83410986
400.8	89.96792644
400.9	91.64434239
401	72.93952479
401.1	76.16384892
401.2	70.17887589
401.3	78.65480893
401.4	71.63399473
401.5	61.79384649
401.6	58.82299872
401.7	81.34950963
401.8	92.21272027
401.9	96.81531877
402	79.14232776
402.1	79.23170124
402.2	86.19629733
402.3	85.55384285
402.4	93.38813358
402.5	106.35180548
402.6	113.64300745
402.7	122.24781364
402.8	112.51105235
402.9	102.9535979
403	95.61007471
403.1	109.8966762
403.2	86.84928974
403.3	77.80193418
403.4	68.87562462
403.5	75.12206834
403.6	78.68500489
403.7	92.48870358
403.8	108.20490419
403.9	111.11007425
404	96.01562841
404.1	95.54694936
404.2	90.50481626
404.3	97.97056136
404.4	88.05437977
404.5	67.93588867
404.6	69.21065991
404.7	86.83664863
404.8	107.38190385
404.9	117.08693047
405	121.0769837
405.1	116.67914249
405.2	107.9657062
405.3	109.12314201
405.4	92.21848548
405.5	107.6374746
405.6	119.60165117
405.7	117.75044053
405.8	143.08573552
405.9	145.59821484
406	141.43863449
406.1	148.9324954
406.2	145.95325963
406.3	154.06285142
406.4	150.61617857
406.5	167.50792054
406.6	163.40952338
406.7	154.82183074
406.8	158.44508118
406.9	137.18547237
407	134.66321062
407.1	138.91528051
407.2	122.2760021
407.3	108.97416424
407.4	100.63335965
407.5	96.97603125
407.6	109.80878473
407.7	132.9655979
407.8	168.83185286
407.9	161.41469416
408	121.81544888
408.1	121.12140649
408.2	101.75853241
408.3	74.77144262
408.4	72.09111572
408.5	80.71837783
408.6	85.50643477
408.7	88.94938167
408.8	92.12020881
408.9	98.04479216
409	106.81889232
409.1	115.11876861
409.2	121.34891832
409.3	112.10768978
409.4	102.80631774
409.5	91.77225472
409.6	83.03202007
409.7	80.12636275
409.8	83.78229016
409.9	75.70454759
410	79.51253949
410.1	110.20877175
410.2	146.4793485
410.3	155.58460833
410.4	159.98451046
410.5	130.65
