DEPT	GR
0	25
0.1	24.80079681
0.2	23.80478088
0.3	22.60956175
0.4	20.21912351
0.5	18.62549801
0.6	18.02788845
0.7	17.82868526
0.8	18.02788845
0.9	18.8247012
1	19.82071713
1.1	21.11553785
1.2	22.21115538
1.3	23.76494024
1.4	25.19920319
1.5	26.5936255
1.6	27.49003984
1.7	28.90936255
1.8	30.27888446
1.9	31.10889774
2	31.57370518
2.1	31.77290837
2.2	33.85600455
2.3	36.55378486
2.4	40.13944223
2.5	42.82868526
2.6	44.92031873
2.7	47.50996016
2.8	50.49800797
2.9	53.0876494
3	53.94744708
3.1	54.08366534
3.2	53.0876494
3.3	51.89243028
3.4	51.4940239
3.5	50.29880478
3.6	49.10358566
3.7	47.90836653
3.8	47.50996016
3.9	47.90836653
4	47.75896414
4.1	47.31075697
4.2	47.45517928
4.3	48.5059761
4.4	50.09960159
4.5	51.4940239
4.6	52.09163347
4.7	51.69322709
4.8	51.4940239
4.9	50.69721116
5	49.96378124
5.1	49.00217313
5.2	48.5059761
5.3	47.90836653
5.4	46.71314741
5.5	45.3187251
5.6	44.12350598
5.7	42.33067729
5.8	43.7250996
5.9	46.11553785
6	47.81627402
6.1	49.70119522
6.2	51.89243028
6.3	52.49003984
6.4	52.88844622
6.5	52.49003984
6.6	52.49003984
6.7	52.49003984
6.8	52.29083665
6.9	51.69322709
7	50.84122712
7.1	49.70119522
7.2	49.70119522
7.3	48.20717131
7.4	46.51394422
7.5	46.9123506
7.6	48.70517928
7.7	50.29880478
7.8	50.29880478
7.9	49.90039841
8	49.56044087
8.1	49.50199203
8.2	49.90039841
8.3	50.69721116
8.4	51.32719124
8.5	51.77859989
8.6	52.29083665
8.7	52.49003984
8.8	51.89243028
8.9	51.4940239
9	50.89641434
9.1	49.40239044
9.2	47.50996016
9.3	48.4063745
9.4	48.80478088
9.5	49.30278884
9.6	49.40239044
9.7	49.40239044
9.8	48.80478088
9.9	48.4063745
10	48.80478088
10.1	49.50199203
10.2	50.29880478
10.3	51.69322709
10.4	54.6812749
10.5	57.27091633
10.6	58.60889774
10.7	59.26294821
10.8	59.46215139
10.9	58.86454183
11	58.26693227
11.1	59.66135458
11.2	59.26294821
11.3	56.67330677
11.4	54.48207171
11.5	53.68525896
11.6	54.6812749
11.7	56.43426295
11.8	59.07868526
11.9	61.85258964
12	62.64940239
12.1	62.05179283
12.2	63.63346614
12.3	65.43824701
12.4	67.62948207
12.5	67.03187251
12.6	62.4501992
12.7	59.66135458
12.8	56.2749004
12.9	53.0876494
13	52.09163347
13.1	52.88844622
13.2	51.4940239
13.3	50.09960159
13.4	48.70517928
13.5	47.90836653
13.6	45.91633466
13.7	41.73306773
13.8	38.34661355
13.9	36.75298805
14	35.55776892
14.1	35.35856574
14.2	36.35458167
14.3	37.94820717
14.4	37.94820717
14.5	36.75298805
14.6	36.35458167
14.7	37.15139442
14.8	38.34661355
14.9	36.15537849
15	33.66533865
15.1	33.96414343
15.2	37.14233973
15.3	39.80951195
15.4	41.67704183
15.5	43.54457171
15.6	45.21912351
15.7	45.51792829
15.8	46.21513944
15.9	47.41035857
16	46.51394422
16.1	45.71713147
16.2	45.51792829
16.3	45.91633466
16.4	46.31474104
16.5	43.92430279
16.6	39.94023904
16.7	36.15537849
16.8	34.16334661
16.9	32.7689243
17	33.01081389
17.1	33.16733068
17.2	33.76494024
17.3	33.96414343
17.4	33.76494024
17.5	33.76494024
17.6	35.55776892
17.7	39.94023904
17.8	44.12350598
17.9	47.11155378
18	48.10756972
18.1	47.90836653
18.2	47.31075697
18.3	45.3187251
18.4	41.53386454
18.5	37.35059761
18.6	34.76095618
18.7	33.76494024
18.8	34.56175299
18.9	35.15936255
19	34.86055777
19.1	33.96414343
19.2	33.36653386
19.3	33.5059761
19.4	34.16334661
19.5	34.76095618
19.6	33.56573705
19.7	32.29390132
19.8	30.93778731
19.9	29.78087649
20	28.98406375
20.1	28.78486056
20.2	29.58167331
20.3	31.97211155
20.4	33.36653386
20.5	33.96414343
20.6	33.96414343
20.7	33.96414343
20.8	34.37393284
20.9	34.76095618
21	36.26248916
21.1	38.14741036
21.2	39.54183267
21.3	39.34262948
21.4	36.15537849
21.5	33.76494024
21.6	33.76494024
21.7	34.3625498
21.8	35.55776892
21.9	35.35856574
22	35.30096482
22.1	36.75298805
22.2	37.15139442
22.3	36.55378486
22.4	34.56175299
22.5	32.37051793
22.6	31.1752988
22.7	30.77689243
22.8	31.02447353
22.9	31.1752988
23	30.87904791
23.1	30.17928287
23.2	29.98007968
23.3	29.98007968
23.4	30.37848606
23.5	31.52390438
23.6	33.16733068
23.7	34.16334661
23.8	35.15936255
23.9	36.75298805
24	38.7048373
24.1	41.33466135
24.2	41.93227092
24.3	40.93625498
24.4	39.14342629
24.5	37.5498008
24.6	35.9561753
24.7	36.75298805
24.8	37.68924303
24.9	39.38612086
25	43.73144871
25.1	48.07677656
25.2	53.28685259
25.3	59.86055777
25.4	65.23904382
25.5	68.42629482
25.6	68.42629482
25.7	65.43824701
25.8	61.05577689
25.9	55.27888446
26	49.1788212
26.1	42.92828685
26.2	41.33466135
26.3	43.7250996
26.4	47.31075697
26.5	53.28685259
26.6	56.47410359
26.7	54.48207171
26.8	51.69322709
26.9	49.30278884
27	49.39693115
27.1	50.69721116
27.2	53.88446215
27.3	56.87250996
27.4	59.46215139
27.5	60.45816733
27.6	61.65338645
27.7	64.84063745
27.8	69.22310757
27.9	74.00398406
28	77.16910137
28.1	81.27711377
28.2	83.16733068
28.3	83.36653386
28.4	82.7689243
28.5	82.66932271
28.6	81.57370518
28.7	78.19057105
28.8	75.39840637
28.9	73.00796813
29	73.4063745
29.1	75.97830899
29.2	77.39043825
29.3	81.37450199
29.4	85.75697211
29.5	88.04780876
29.6	88.94422311
29.7	88.94422311
29.8	89.34262948
29.9	90.33864542
30	90.73705179
30.1	89.94023904
30.2	89.74103586
30.3	89.74103586
30.4	89.74103586
30.5	89.14342629
30.6	87.15139442
30.7	83.96414343
30.8	81.97211155
30.9	80.17928287
31	80.37848606
31.1	82.83021759
31.2	86.69169476
31.3	90.43824701
31.4	94.42231076
31.5	98.60557769
31.6	100.89641434
31.7	103.48605578
31.8	104.48207171
31.9	103.98406375
32	99.10358566
32.1	96.51394422
32.2	93.72225384
32.3	91.13545817
32.4	90.53784861
32.5	91.13545817
32.6	93.7250996
32.7	95.51792829
32.8	94.72111554
32.9	91.93227092
33	88.24701195
33.1	86.25498008
33.2	86.55378486
33.3	91.02680188
33.4	95.3187251
33.5	101.09561753
33.6	111.15537849
33.7	121.61354582
33.8	134.16334661
33.9	140.43824701
34	143.12749004
34.1	135.9561753
34.2	130.17928287
34.3	125.39840637
34.4	124.60159363
34.5	125.19920319
34.6	128.187251
34.7	130.57768924
34.8	130.57768924
34.9	127.39043825
35	122.70916335
35.1	116.23505976
35.2	113.04780876
35.3	111.85258964
35.4	114.84063745
35.5	114.24302789
35.6	108.26693227
35.7	105.47808765
35.8	102.88844622
35.9	100.69721116
36	100.09960159
36.1	100.49800797
36.2	103.88446215
36.3	105.87649402
36.4	105.87649402
36.5	105.27888446
36.6	105.67729084
36.7	106.47410359
36.8	106.67330677
36.9	106.47410359
37	104.98007968
37.1	101.69322709
37.2	98.30677291
37.3	96.31474104
37.4	97.72908367
37.5	99.10358566
37.6	100.29880478
37.7	97.50996016
37.8	92.52988048
37.9	86.33466135
38	82.02191235
38.1	78.5059761
38.2	75.79681275
38.3	67.82868526
38.4	59.26294821
38.5	49.50199203
38.6	41.73306773
38.7	37.94820717
38.8	35.9561753
38.9	35.15936255
39	34.89863761
39.1	34.76095618
39.2	32.56972112
39.3	32.17131474
39.4	33.36653386
39.5	32.37051793
39.6	31.37450199
39.7	30.37848606
39.8	30.57768924
39.9	31.57370518
40	32.75639102
40.1	34.57591939
40.2	35.9561753
40.3	36.75298805
40.4	37.35059761
40.5	37.35059761
40.6	36.75298805
40.7	35.55776892
40.8	35.75697211
40.9	35.9561753
41	36.90239044
41.1	37.35059761
41.2	36.75298805
41.3	37.35059761
41.4	38.14741036
41.5	38.34661355
41.6	38.74501992
41.7	38.74501992
41.8	39.54183267
41.9	39.94023904
42	39.87798805
42.1	39.74103586
42.2	39.34262948
42.3	38.34661355
42.4	37.15139442
42.5	36.55378486
42.6	36.55378486
42.7	38.14741036
42.8	42.92828685
42.9	48.70517928
43	59.77126816
43.1	71.01593625
43.2	87.74900398
43.3	108.26693227
43.4	137.5498008
43.5	185.15521248
43.6	247.20866534
43.7	309.26211819
43.8	371.31557105
43.9	409.66135458
44	417.72908367
44.1	419.22310757
44.2	419.27433125
44.3	419.32230263
44.4	419.37027401
44.5	419.41824539
44.6	419.46621677
44.7	419.51418815
44.8	419.56215953
44.9	419.6101309
45	419.82071713
45.1	420.21912351
45.2	420.61752988
45.3	420.61752988
45.4	420.81673307
45.5	420.81673307
45.6	420.81673307
45.7	420.81673307
45.8	420.81673307
45.9	420.81673307
46	420.81673307
46.1	420.71713147
46.2	420.51792829
46.3	420.41832669
46.4	420.01992032
46.5	419.52191235
46.6	418.7250996
46.7	417.33067729
46.8	415.6374502
46.9	409.26294821
47	395.11952191
47.1	349.4854024
47.2	299.70272657
47.3	233.55041373
47.4	160.77229543
47.5	115.43824701
47.6	96.31474104
47.7	88.41832669
47.8	83.96414343
47.9	88.40858787
48	95.91633466
48.1	102.49003984
48.2	103.98406375
48.3	105.27888446
48.4	109.46215139
48.5	112.35059761
48.6	116.93227092
48.7	124.80079681
48.8	131.2749004
48.9	134.76095618
49	137.67785999
49.1	140.03984064
49.2	140.73705179
49.3	140.53784861
49.4	141.03585657
49.5	142.74153386
49.6	144.52191235
49.7	145.3187251
49.8	145.3187251
49.9	144.82071713
50	143.32669323
50.1	140.45816733
50.2	136.34462151
50.3	133.36653386
50.4	131.77290837
50.5	131.1752988
50.6	131.77290837
50.7	134.20318725
50.8	135.35856574
50.9	134.76095618
51	137.02913976
51.1	140.53784861
51.2	140.73705179
51.3	140.33864542
51.4	138.24701195
51.5	135.05976096
51.6	131.87250996
51.7	130.81673307
51.8	129.86055777
51.9	128.78486056
52	126.89243028
52.1	126.39442231
52.2	130.77689243
52.3	130.97609562
52.4	127.19123506
52.5	121.01593625
52.6	119.82071713
52.7	121.24003984
52.8	123.60557769
52.9	124.80079681
53	123.80478088
53.1	120.81673307
53.2	119.02390438
53.3	120.01992032
53.4	120.21912351
53.5	119.82071713
53.6	117.2310757
53.7	114.0438247
53.8	113.24701195
53.9	113.24701195
54	114.40491809
54.1	115.70449321
54.2	118.22709163
54.3	121.41434263
54.4	124.40239044
54.5	124.60159363
54.6	126.5936255
54.7	128.58565737
54.8	128.38645418
54.9	125
55	124.60159363
55.1	127.94820717
55.2	132.26693227
55.3	137.42231076
55.4	140.53784861
55.5	142.52988048
55.6	144.32270916
55.7	146.9123506
55.8	149.70119522
55.9	151.89243028
56	152.29083665
56.1	152.29083665
56.2	151.4940239
56.3	150.09960159
56.4	146.9123506
56.5	144.12350598
56.6	144.32270916
56.7	145.71713147
56.8	147.31075697
56.9	145.3187251
57	142.1314741
57.1	142.2310757
57.2	142.2310757
57.3	139.94023904
57.4	140.6374502
57.5	140.93625498
57.6	140.33864542
57.7	140.6374502
57.8	140.93625498
57.9	139.94023904
58	139.84063745
58.1	141.53386454
58.2	142.52988048
58.3	142.92828685
58.4	144.12350598
58.5	145.51792829
58.6	147.50996016
58.7	149.10358566
58.8	149.10358566
58.9	145.11952191
59	144.12350598
59.1	144.32270916
59.2	145.91633466
59.3	146.51394422
59.4	146.51394422
59.5	145.91633466
59.6	144.32270916
59.7	143.32669323
59.8	143.7250996
59.9	146.71314741
60	148.60641468
60.1	150.49800797
60.2	152.19123506
60.3	153.28685259
60.4	153.58565737
60.5	152.88844622
60.6	151.69322709
60.7	148.80478088
60.8	145.61752988
60.9	149.70119522
61	151.89243028
61.1	152.88844622
61.2	152.88844622
61.3	150.69721116
61.4	148.30677291
61.5	147.50996016
61.6	146.31474104
61.7	145.32441662
61.8	144.32270916
61.9	145.11952191
62	145.21912351
62.1	144.32270916
62.2	146.71314741
62.3	148.10756972
62.4	148.30677291
62.5	148.70517928
62.6	148.5059761
62.7	148.30677291
62.8	146.71314741
62.9	142.92828685
63	140.33864542
63.1	139.34262948
63.2	140.625
63.3	142.82868526
63.4	145.11952191
63.5	147.31075697
63.6	147.60496476
63.7	145.61599755
63.8	143.52589641
63.9	140.33864542
64	137.94820717
64.1	132.56972112
64.2	126.19521912
64.3	126.2749004
64.4	127.78884462
64.5	132.56972112
64.6	134.56175299
64.7	134.96015936
64.8	133.76494024
64.9	131.97211155
65	130.77689243
65.1	129.98007968
65.2	129.12350598
65.3	127.39043825
65.4	125.39840637
65.5	125
65.6	126.79282869
65.7	130.37848606
65.8	133.42961487
65.9	135.9561753
66	137.25099602
66.1	138.84462151
66.2	139.54183267
66.3	137.94820717
66.4	137.35059761
66.5	138.94422311
66.6	137.07669323
66.7	134.16334661
66.8	132.27091633
66.9	131.1752988
67	131.1752988
67.1	131.97211155
67.2	133.16733068
67.3	133.96414343
67.4	133.96414343
67.5	131.64840637
67.6	127.98804781
67.7	126.19521912
67.8	126.5936255
67.9	127.39043825
68	128.5658843
68.1	130.17928287
68.2	130.77689243
68.3	130.67729084
68.4	130.67729084
68.5	131.47410359
68.6	133.92145703
68.7	135.81388731
68.8	138.24701195
68.9	142.33067729
69	145.53476236
69.1	147.50996016
69.2	147.50996016
69.3	144.52191235
69.4	141.13545817
69.5	137.84860558
69.6	134.96015936
69.7	132.17131474
69.8	129.38247012
69.9	131.04513005
70	133.99919691
70.1	136.75298805
70.2	138.93426295
70.3	139.94023904
70.4	140.13944223
70.5	141.73306773
70.6	143.12749004
70.7	143.7250996
70.8	143.12749004
70.9	139.14342629
71	138.34661355
71.1	140.03984064
71.2	136.35458167
71.3	131.97211155
71.4	128.78486056
71.5	130.57768924
71.6	133.96414343
71.7	134.56175299
71.8	135.25896414
71.9	136.65338645
72	137.84860558
72.1	138.74501992
72.2	138.94422311
72.3	138.94422311
72.4	138.34661355
72.5	136.35458167
72.6	133.16733068
72.7	129.18326693
72.8	128.187251
72.9	130.97609562
73	135.6374502
73.1	141.33466135
73.2	143.12749004
73.3	143.52589641
73.4	143.32669323
73.5	143.12749004
73.6	141.13545817
73.7	136.55378486
73.8	133.76494024
73.9	132.37051793
74	131.97211155
74.1	132.66932271
74.2	134.26294821
74.3	133.76494024
74.4	131.87250996
74.5	134.3625498
74.6	136.15537849
74.7	138.14741036
74.8	137.74900398
74.9	135.85657371
75	132.47011952
75.1	131.57370518
75.2	131.77290837
75.3	132.96812749
75.4	134.16334661
75.5	135.15936255
75.6	135.35856574
75.7	133.36653386
75.8	130.37848606
75.9	128.98406375
76	129.78087649
76.1	129.58167331
76.2	128.187251
76.3	126.5936255
76.4	125.79681275
76.5	127.58964143
76.6	130.77689243
76.7	132.96812749
76.8	133.76494024
76.9	134.96015936
77	135.9561753
77.1	135.75697211
77.2	135.35856574
77.3	136.95219124
77.4	137.5498008
77.5	136.55378486
77.6	134.56175299
77.7	132.17131474
77.8	130.97609562
77.9	132.17131474
78	134.76095618
78.1	135.9561753
78.2	135.55776892
78.3	134.16334661
78.4	134.96015936
78.5	136.95219124
78.6	135.15936255
78.7	133.96414343
78.8	132.17131474
78.9	130.31208499
79	128.78486056
79.1	128.38645418
79.2	128.98406375
79.3	130.54780876
79.4	131.97211155
79.5	133.73429359
79.6	135.452038
79.7	137.15139442
79.8	138.74501992
79.9	138.54581673
80	138.64541833
80.1	139.14342629
80.2	138.34661355
80.3	134.3625498
80.4	131.37450199
80.5	128.88446215
80.6	128.98406375
80.7	130.57768924
80.8	134.46215139
80.9	137.5498008
81	139.74103586
81.1	138.74501992
81.2	137.94820717
81.3	137.5498008
81.4	136.95219124
81.5	137.35059761
81.6	138.14741036
81.7	137.94820717
81.8	138.34661355
81.9	139.54183267
82	140.93625498
82.1	141.53386454
82.2	142.33067729
82.3	142.72908367
82.4	141.73306773
82.5	139.94023904
82.6	136.55378486
82.7	136.15537849
82.8	137.35059761
82.9	138.94422311
83	139.34262948
83.1	133.96414343
83.2	135.15936255
83.3	134.96015936
83.4	134.16334661
83.5	133.36653386
83.6	134.16334661
83.7	138.34661355
83.8	140.73705179
83.9	141.93227092
84	142.52988048
84.1	142.72908367
84.2	142.33067729
84.3	143.32669323
84.4	145.71713147
84.5	143.7250996
84.6	140.73705179
84.7	138.94422311
84.8	139.14342629
84.9	139.14342629
85	137.15139442
85.1	137.15139442
85.2	140.03784861
85.3	142.33067729
85.4	144.12350598
85.5	143.92430279
85.6	142.72908367
85.7	139.74103586
85.8	135.75697211
85.9	132.56972112
86	135.05976096
86.1	135.35856574
86.2	134.76095618
86.3	135.35856574
86.4	136.75298805
86.5	139.24302789
86.6	141.13545817
86.7	141.53386454
86.8	140.73705179
86.9	139.34262948
87	138.34661355
87.1	137.15139442
87.2	135.75697211
87.3	134.16334661
87.4	133.36653386
87.5	135.40125213
87.6	139.34262948
87.7	143.7250996
87.8	148.69322709
87.9	152.49003984
88	155.17928287
88.1	154.88047809
88.2	150.51081389
88.3	147.50996016
88.4	145.51792829
88.5	144.52191235
88.6	141.83551508
88.7	139.94023904
88.8	139.54183267
88.9	139.94023904
89	141.40936255
89.1	142.72908367
89.2	143.12749004
89.3	143.12749004
89.4	143.32669323
89.5	144.52191235
89.6	145.11952191
89.7	144.72111554
89.8	143.92430279
89.9	143.7250996
90	144.22310757
90.1	145.51792829
90.2	145.11952191
90.3	140.93625498
90.4	138.34661355
90.5	136.58224246
90.6	134.56175299
90.7	134.16334661
90.8	135.91633466
90.9	140.93625498
91	144.62151394
91.1	148.90438247
91.2	149.90039841
91.3	148.90438247
91.4	148.30677291
91.5	146.71314741
91.6	142.1314741
91.7	140.93625498
91.8	144.72111554
91.9	145.11952191
92	144.02390438
92.1	145.3187251
92.2	144.32270916
92.3	141.73306773
92.4	138.34661355
92.5	137.15139442
92.6	141.73306773
92.7	144.72111554
92.8	145.51792829
92.9	143.22709163
93	141.91569097
93.1	140.93625498
93.2	138.94023904
93.3	137.5498008
93.4	140.13944223
93.5	141.93227092
93.6	143.92430279
93.7	146.9123506
93.8	147.90836653
93.9	144.84063745
94	141.03585657
94.1	138.94422311
94.2	140.91301461
94.3	143.12749004
94.4	144.52191235
94.5	145.91633466
94.6	147.50996016
94.7	148.90438247
94.8	149.10358566
94.9	148.30677291
95	147.70916335
95.1	147.70916335
95.2	148.10756972
95.3	147.50996016
95.4	145.71713147
95.5	144.92031873
95.6	145.51792829
95.7	145.51792829
95.8	145.41832669
95.9	143.7250996
96	144.12350598
96.1	147.90836653
96.2	148.30677291
96.3	148.10756972
96.4	147.90836653
96.5	146.11553785
96.6	141.93227092
96.7	138.54581673
96.8	137.15139442
96.9	139.14342629
97	139.14342629
97.1	138.94422311
97.2	137.94820717
97.3	136.75298805
97.4	135.9561753
97.5	135.9561753
97.6	135.9561753
97.7	137.94820717
97.8	141.93227092
97.9	146.9123506
98	147.50996016
98.1	146.9123506
98.2	146.11553785
98.3	148.10756972
98.4	148.90438247
98.5	148.30677291
98.6	146.7419212
98.7	143.73837981
98.8	136.15537849
98.9	135.55776892
99	141.13545817
99.1	143.32669323
99.2	143.7250996
99.3	140.73705179
99.4	138.34661355
99.5	138.34661355
99.6	137.5498008
99.7	135.9561753
99.8	132.37051793
99.9	129.78087649
100	133.14243028
100.1	136.35458167
100.2	137.15139442
100.3	137.35059761
100.4	137.15139442
100.5	136.35458167
100.6	135.55776892
100.7	134.76095618
100.8	134.56175299
100.9	134.3625498
101	134.16334661
101.1	133.96414343
101.2	133.56573705
101.3	133.76494024
101.4	133.56573705
101.5	132.56972112
101.6	132.7689243
101.7	131.97211155
101.8	129.18326693
101.9	125.39840637
102	119.75689149
102.1	113.04780876
102.2	110.05976096
102.3	109.66135458
102.4	112.05179283
102.5	115.83665339
102.6	119.42231076
102.7	117.62948207
102.8	113.64541833
102.9	113.24701195
103	115.02175038
103.1	116.43426295
103.2	117.2310757
103.3	118.02788845
103.4	119.22310757
103.5	119.22310757
103.6	117.58110415
103.7	115.83665339
103.8	114.24302789
103.9	112.64940239
104	112.25099602
104.1	113.73648264
104.2	115.83665339
104.3	117.43027888
104.4	117.03187251
104.5	117.70916335
104.6	119.11952191
104.7	120.41832669
104.8	121.5988221
104.9	123.0807206
105	124.56261909
105.1	126.04451758
105.2	130.37848606
105.3	136.55378486
105.4	139.34262948
105.5	140.73705179
105.6	140.93625498
105.7	140.33864542
105.8	140.13944223
105.9	142.92828685
106	145.11952191
106.1	148.00796813
106.2	149.80079681
106.3	151.5936255
106.4	151.69322709
106.5	150.89641434
106.6	151.4940239
106.7	155.17928287
106.8	162.01094434
106.9	169.79521546
107	177.57948658
107.1	185.36375769
107.2	197.11155378
107.3	197.70916335
107.4	184.21065737
107.5	162.79880478
107.6	127.98804781
107.7	99.10358566
107.8	78.87560868
107.9	64.60159363
108	57.41965148
108.1	48.70517928
108.2	43.52589641
108.3	42.33067729
108.4	43.7250996
108.5	45.3187251
108.6	45.51792829
108.7	44.12350598
108.8	43.7250996
108.9	44.32270916
109	44.02390438
109.1	41.30051224
109.2	37.94820717
109.3	34.96015936
109.4	32.96812749
109.5	32.56972112
109.6	32.56972112
109.7	33.36653386
109.8	35.15936255
109.9	38.74501992
110	43.04599783
110.1	47.6403477
110.2	52.88844622
110.3	61.05577689
110.4	69.02390438
110.5	77.78884462
110.6	81.57370518
110.7	80.97609562
110.8	76.79282869
110.9	75.79681275
111	78.40821588
111.1	81.77290837
111.2	82.47011952
111.3	80.97609562
111.4	78.58565737
111.5	74.80079681
111.6	73.62771138
111.7	71.76848163
111.8	69.90925188
111.9	67.72908367
112	66.63346614
112.1	67.03187251
112.2	67.62948207
112.3	67.2310757
112.4	64.99335989
112.5	62.25099602
112.6	62.25099602
112.7	62.84860558
112.8	62.84860558
112.9	62.25099602
113	60.35856574
113.1	57.47011952
113.2	56.07569721
113.3	60.9134889
113.4	68.62549801
113.5	78.78486056
113.6	93.12749004
113.7	99.70119522
113.8	103.88446215
113.9	105.07968127
114	105.27888446
114.1	101.29482072
114.2	100.49800797
114.3	104.28286853
114.4	106.67330677
114.5	111.45418327
114.6	116.83266932
114.7	120.26465566
114.8	122.41035857
114.9	122.21115538
115	118.46779548
115.1	114.45219124
115.2	107.66932271
115.3	99.50199203
115.4	88.54581673
115.5	78.38645418
115.6	71.01593625
115.7	69.42231076
115.8	72.80876494
115.9	78.58565737
116	87.01688971
116.1	94.12350598
116.2	94.72111554
116.3	95.11952191
116.4	97.11155378
116.5	98.30677291
116.6	98.70517928
116.7	95.51792829
116.8	92.52988048
116.9	91.53386454
117	92.6812065
117.1	93.32669323
117.2	88.29681275
117.3	79.18326693
117.4	68.22709163
117.5	61.85258964
117.6	60.05976096
117.7	62.25099602
117.8	67.82868526
117.9	78.187251
118	85.9561753
118.1	92.33067729
118.2	94.12350598
118.3	92.92828685
118.4	81.1752988
118.5	73.60557769
118.6	65.83665339
118.7	65.03984064
118.8	65.03984064
118.9	65.22576361
119	64.44223108
119.1	63.64541833
119.2	62.4501992
119.3	62.43426295
119.4	64.44223108
119.5	67.82868526
119.6	71.41434263
119.7	73.00796813
119.8	77.39043825
119.9	81.4063745
120	87.5498008
120.1	87.94820717
120.2	81.57370518
120.3	74.90039841
120.4	70.01992032
120.5	70.41832669
120.6	73.16733068
120.7	80.31208499
120.8	88.14741036
120.9	97.50996016
121	98.70517928
121.1	92.80221371
121.2	86.05577689
121.3	75.69721116
121.4	66.43426295
121.5	57.47011952
121.6	51.29482072
121.7	48.90438247
121.8	51.09561753
121.9	56.47410359
122	66.72401304
122.1	78.58565737
122.2	86.55378486
122.3	89.54183267
122.4	91.13545817
122.5	92.52988048
122.6	97.85714286
122.7	104.28286853
122.8	108.86454183
122.9	113.84462151
123	119.08329871
123.1	123.60557769
123.2	129.38247012
123.3	129.18326693
123.4	124.85059761
123.5	119.22310757
123.6	112.4501992
123.7	105.07968127
123.8	98.10756972
123.9	93.32669323
124	92.52988048
124.1	94.12350598
124.2	97.70916335
124.3	101.89243028
124.4	103.0876494
124.5	103.88446215
124.6	99.10358566
124.7	95.01992032
124.8	91.53386454
124.9	96.45055443
125	103.17170978
125.1	106.47410359
125.2	105.27888446
125.3	105.87649402
125.4	103.15537849
125.5	99.90039841
125.6	97.90836653
125.7	98.30677291
125.8	100.89641434
125.9	99.90039841
126	98.80478088
126.1	99.00398406
126.2	100.59760956
126.3	103.58565737
126.4	105.97609562
126.5	109.46215139
126.6	112.84860558
126.7	110.65737052
126.8	107.47011952
126.9	106.47410359
127	107.27091633
127.1	109.06374502
127.2	110.25896414
127.3	112.94820717
127.4	117.72908367
127.5	120.21912351
127.6	120.01992032
127.7	116.63346614
127.8	113.74501992
127.9	113.34661355
128	114.72680706
128.1	117.43027888
128.2	119.02390438
128.3	119.02390438
128.4	117.2310757
128.5	117.03187251
128.6	119.22310757
128.7	118.8247012
128.8	118.62549801
128.9	118.62549801
129	117.72908367
129.1	115.83665339
129.2	119.42231076
129.3	122.60956175
129.4	126.79282869
129.5	128.38645418
129.6	128.98406375
129.7	128.75298805
129.8	128.51792829
129.9	128.38645418
130	128.58565737
130.1	129.6812749
130.2	132.96812749
130.3	134.56175299
130.4	135.55776892
130.5	134.46215139
130.6	130.27888446
130.7	123.80478088
130.8	117.03187251
130.9	109.06374502
131	96.97150537
131.1	85.9561753
131.2	84.56175299
131.3	88.14741036
131.4	94.72111554
131.5	100.29880478
131.6	105.47808765
131.7	110.05976096
131.8	116.63346614
131.9	122.01195219
132	124.83399734
132.1	127.58964143
132.2	127.58964143
132.3	123.60557769
132.4	120.08964143
132.5	116.83266932
132.6	114.24302789
132.7	113.04780876
132.8	114.0438247
132.9	116.83266932
133	121.11553785
133.1	125.99601594
133.2	130.17928287
133.3	133.16733068
133.4	134.56175299
133.5	135.9561753
133.6	137.1314741
133.7	137.5498008
133.8	135.94479226
133.9	132.56972112
134	124.00398406
134.1	121.11553785
134.2	119.72111554
134.3	121.01593625
134.4	122.31075697
134.5	122.01195219
134.6	119.02390438
134.7	114.64143426
134.8	108.76494024
134.9	103.88446215
135	95.11952191
135.1	91.93227092
135.2	91.33466135
135.3	91.93227092
135.4	93.7250996
135.5	94.72111554
135.6	94.52191235
135.7	92.1314741
135.8	89.34262948
135.9	87.74900398
136	86.75298805
136.1	85.9561753
136.2	84.86055777
136.3	82.96812749
136.4	80.07968127
136.5	76.30727092
136.6	73.65537849
136.7	70.66733068
136.8	67.92828685
136.9	67.43027888
137	68.02233961
137.1	68.69580968
137.2	69.36927975
137.3	70.01992032
137.4	71.41434263
137.5	74.60159363
137.6	81.37450199
137.7	77.78884462
137.8	73.00796813
137.9	63.44621514
138	56.87250996
138.1	50.49800797
138.2	45.71713147
138.3	41.93227092
138.4	43.42131474
138.5	46.51394422
138.6	50.09960159
138.7	51.69322709
138.8	53.48605578
138.9	57.47011952
139	60.25896414
139.1	63.04780876
139.2	64.64143426
139.3	63.64541833
139.4	58.66533865
139.5	53.68525896
139.6	49.50199203
139.7	45.51792829
139.8	42.1314741
139.9	39.54183267
140	38.04780876
140.1	38.94422311
140.2	41.73306773
140.3	43.7250996
140.4	42.1314741
140.5	38.74501992
140.6	35.75697211
140.7	38.74501992
140.8	42.19787517
140.9	46.11553785
141	48.30677291
141.1	48.5059761
141.2	45.01707456
141.3	41.93227092
141.4	40.73705179
141.5	40.93625498
141.6	42.92828685
141.7	43.92430279
141.8	45.11952191
141.9	47.50996016
142	51.94133214
142.1	58.66533865
142.2	62.5498008
142.3	63.24701195
142.4	62.25099602
142.5	61.65338645
142.6	61.15537849
142.7	60.35856574
142.8	57.47011952
142.9	52.09163347
143	47.31075697
143.1	44.12350598
143.2	46.11553785
143.3	45.91633466
143.4	44.29282869
143.5	42.52988048
143.6	40.73705179
143.7	39.94023904
143.8	42.12198824
143.9	44.36065263
144	46.59931702
144.1	48.5059761
144.2	50.09960159
144.3	49.98007968
144.4	48.90438247
144.5	46.71314741
144.6	44.92031873
144.7	44.12350598
144.8	45.4249668
144.9	47.03187251
145	48.20717131
145.1	50.29880478
145.2	51.4940239
145.3	51.69322709
145.4	51.69322709
145.5	51.24501992
145.6	48.90438247
145.7	47.11155378
145.8	46.71314741
145.9	46.51394422
146	46.11553785
146.1	45.42939354
146.2	44.72111554
146.3	44.32270916
146.4	44.52191235
146.5	46.11553785
146.6	46.51394422
146.7	46.11553785
146.8	45.11952191
146.9	44.32270916
147	44.72111554
147.1	48.4063745
147.2	51.39442231
147.3	55.27888446
147.4	60.55776892
147.5	67.52988048
147.6	75.59760956
147.7	80.97609562
147.8	81.77290837
147.9	75.49800797
148	67.23734652
148.1	60.65737052
148.2	54.28286853
148.3	48.90438247
148.4	44.92031873
148.5	41.93227092
148.6	42.7250996
148.7	45.31075697
148.8	48.30677291
148.9	53.48605578
149	60.52931133
149.1	70.01992032
149.2	76.99203187
149.3	86.15537849
149.4	87.15139442
149.5	86.75298805
149.6	82.96812749
149.7	83.36653386
149.8	87.54316069
149.9	90.93625498
150	91.53386454
150.1	89.54183267
150.2	86.55378486
150.3	84.16334661
150.4	82.7689243
150.5	80.97609562
150.6	80.37848606
150.7	80.57768924
150.8	82.18326693
150.9	84.56175299
151	84.16334661
151.1	83.16733068
151.2	84.56175299
151.3	85.35856574
151.4	83.76494024
151.5	83.96414343
151.6	84.96015936
151.7	82.56972112
151.8	78.58565737
151.9	73.80478088
152	73.20717131
152.1	74.40239044
152.2	73.4063745
152.3	73.80478088
152.4	75.59760956
152.5	77.19123506
152.6	77.39043825
152.7	77.39043825
152.8	76.39442231
152.9	75
153	75.33615538
153.1	75.99601594
153.2	75.79681275
153.3	74.00398406
153.4	72.41035857
153.5	72.21115538
153.6	71.41434263
153.7	69.02390438
153.8	69.02390438
153.9	75.59096946
154	80.09628154
154.1	86.55378486
154.2	93.7250996
154.3	98.5059761
154.4	101.09561753
154.5	105.47808765
154.6	109.26294821
154.7	111.85258964
154.8	107.8685259
154.9	101.69322709
155	93.77925192
155.1	85.28971493
155.2	77.78884462
155.3	76.99203187
155.4	83.56573705
155.5	89.84063745
155.6	95.51792829
155.7	101.69322709
155.8	105.17928287
155.9	107.57498741
156	110.38489719
156.1	113.04780876
156.2	116.03585657
156.3	117.43027888
156.4	116.63346614
156.5	112.84860558
156.6	107.27091633
156.7	101.09561753
156.8	93.12749004
156.9	88.94422311
157	88.54581673
157.1	89.24302789
157.2	89.34262948
157.3	87.4501992
157.4	87.15139442
157.5	89.34262948
157.6	89.34262948
157.7	86.85258964
157.8	82.37051793
157.9	80.17928287
158	78.26665367
158.1	73.60557769
158.2	70.61752988
158.3	69.82071713
158.4	69.82071713
158.5	70.21912351
158.6	71.21513944
158.7	72.01195219
158.8	73.00796813
158.9	74.60159363
159	77.39043825
159.1	77.29083665
159.2	76.69322709
159.3	75.19920319
159.4	78.187251
159.5	83.56573705
159.6	89.74103586
159.7	91.13545817
159.8	85.65737052
159.9	80.97609562
160	75.79681275
160.1	75.59760956
160.2	76.17308544
160.3	76.89243028
160.4	78.48605578
160.5	79.28286853
160.6	78.68525896
160.7	75.59760956
160.8	72.11155378
160.9	72.01195219
161	72.60956175
161.1	74.20318725
161.2	78.38645418
161.3	84.76095618
161.4	91.76095618
161.5	94.72111554
161.6	95.51792829
161.7	92.52988048
161.8	87.74900398
161.9	79.58167331
162	73.35657371
162.1	67.2310757
162.2	67.2310757
162.3	69.42231076
162.4	70.01992032
162.5	71.61354582
162.6	73.33111996
162.7	75.39840637
162.8	76.72737621
162.9	78.78486056
163	81.54880478
163.1	84.56175299
163.2	88.54581673
163.3	91.33466135
163.4	91.73306773
163.5	91.93227092
163.6	92.52988048
163.7	95.71713147
163.8	100.34407823
163.9	105.47808765
164	109.56175299
164.1	111.15537849
164.2	108.16733068
164.3	102.49003984
164.4	95.3187251
164.5	88.04780876
164.6	79.58167331
164.7	69.32270916
164.8	61.85258964
164.9	59.3625498
165	60.32871035
165.1	61.65338645
165.2	64.84063745
165.3	70.01992032
165.4	76.39442231
165.5	82.7689243
165.6	86.95219124
165.7	89.26294821
165.8	91.53386454
165.9	93.52589641
166	94.32270916
166.1	93.8247012
166.2	91.73306773
166.3	91.13545817
166.4	88.24701195
166.5	77.98804781
166.6	66.53386454
166.7	55.47808765
166.8	52.78884462
166.9	52.09163347
167	51.89243028
167.1	51.89243028
167.2	52.68924303
167.3	55.67729084
167.4	59.26294821
167.5	62.84860558
167.6	66.43426295
167.7	69.02390438
167.8	69.02390438
167.9	65.83665339
168	60.08821855
168.1	54.88047809
168.2	51.69322709
168.3	50.49800797
168.4	50.69721116
168.5	51.69322709
168.6	52.49003984
168.7	52.88844622
168.8	52.68924303
168.9	53.88446215
169	55.35180456
169.1	56.57370518
169.2	57.27091633
169.3	56.77290837
169.4	52.98804781
169.5	48.70517928
169.6	45.91633466
169.7	44.42231076
169.8	43.02788845
169.9	42.43027888
170	42.33067729
170.1	41.93227092
170.2	42.33067729
170.3	44.92031873
170.4	45.71713147
170.5	45.11952191
170.6	43.92430279
170.7	42.33067729
170.8	41.53386454
170.9	40.41832669
171	39.54183267
171.1	39.24302789
171.2	40.03984064
171.3	41.43426295
171.4	42.33067729
171.5	43.62549801
171.6	44.92031873
171.7	45.71713147
171.8	45.41832669
171.9	44.32270916
172	42.13897548
172.1	39.74103586
172.2	37.5498008
172.3	35.55776892
172.4	35.55776892
172.5	35.9561753
172.6	36.75298805
172.7	36.55378486
172.8	36.35458167
172.9	37.35059761
173	38.33001328
173.1	39.54183267
173.2	39.94023904
173.3	39.14342629
173.4	38.74501992
173.5	38.94422311
173.6	39.94023904
173.7	41.73306773
173.8	44.92031873
173.9	49.30278884
174	55.83118788
174.1	64.0438247
174.2	77.98804781
174.3	87.64940239
174.4	88.54581673
174.5	78.88446215
174.6	67.82868526
174.7	59.3625498
174.8	56.87250996
174.9	59.26294821
175	63.9532778
175.1	70.90727997
175.2	78.187251
175.3	74.20318725
175.4	61.35458167
175.5	47.90836653
175.6	38.64541833
175.7	36.15537849
175.8	37.64940239
175.9	41.83266932
176	46.53665132
176.1	51.69322709
176.2	54.6812749
176.3	55.87649402
176.4	52.88844622
176.5	47.11155378
176.6	41.93227092
176.7	38.54581673
176.8	36.55378486
176.9	37.39043825
177	37.5498008
177.1	37.5498008
177.2	37.94820717
177.3	38.84462151
177.4	39.64143426
177.5	38.14741036
177.6	36.45418327
177.7	35.35856574
177.8	34.86055777
177.9	35.05976096
178	36.70841111
178.1	39.34262948
178.2	42.92828685
178.3	46.31474104
178.4	49.90039841
178.5	55.27888446
178.6	63.24701195
178.7	79.58167331
178.8	98.10756972
178.9	119.22310757
179	153.88446215
179.1	164.44223108
179.2	170.81673307
179.3	174.70119522
179.4	175.59760956
179.5	176.29482072
179.6	176.79282869
179.7	177.68924303
179.8	178.88446215
179.9	180.87649402
180	182.96812749
180.1	187.74900398
180.2	191.73306773
180.3	192.1314741
180.4	193.52589641
180.5	194.92031873
180.6	194.52191235
180.7	191.9123506
180.8	187.15139442
180.9	184.96015936
181	184.66135458
181.1	183.36653386
181.2	182.37051793
181.3	183.56573705
181.4	184.26010245
181.5	185.35856574
181.6	183.76494024
181.7	181.1752988
181.8	179.98007968
181.9	179.98007968
182	180.57768924
182.1	182.52681581
182.2	184.60619062
182.3	186.15537849
182.4	186.35458167
182.5	185.75697211
182.6	184.56175299
182.7	183.96414343
182.8	184.16334661
182.9	184.3625498
183	184.8188881
183.1	185.25234444
183.2	185.68580078
183.3	186.15537849
183.4	186.95219124
183.5	186.95219124
183.6	186.55378486
183.7	187.05179283
183.8	188.24701195
183.9	187.84860558
184	183.96414343
184.1	184.56175299
184.2	182.96812749
184.3	182.96812749
184.4	182.37051793
184.5	180.57768924
184.6	178.58565737
184.7	176.79282869
184.8	175.59760956
184.9	174.80079681
185	174.40239044
185.1	174.60159363
185.2	175.59760956
185.3	177.13545817
185.4	179.64674635
185.5	182.15803453
185.6	184.96015936
185.7	186.15537849
185.8	186.75298805
185.9	186.15537849
186	184.86055777
186.1	NA
186.2	NA
