DEPT	GR
0	30.93501326
0.1	32.72546419
0.2	33.52122016
0.3	32.54244032
0.4	29.54244032
0.5	25.26525199
0.6	23.17639257
0.7	22.97745358
0.8	21.98275862
0.9	19.39655172
1	18.57265636
1.1	19.59549072
1.2	20.19230769
1.3	19.79442971
1.4	18.79973475
1.5	18.10344828
1.6	16.41246684
1.7	12.63262599
1.8	9.64854111
1.9	8.05702918
2	8.07264555
2.1	7.95755968
2.2	8.75331565
2.3	9.9469496
2.4	10.54376658
2.5	11.93633952
2.6	13.72679045
2.7	14.62201592
2.8	15.61671088
2.9	19.09814324
3	23.07692308
3.1	26.35941645
3.2	27.65251989
3.3	26.45888594
3.4	24.66843501
3.5	21.28647215
3.6	18.00397878
3.7	18.00397878
3.8	20.88859416
3.9	21.58488064
4	21.72413793
4.1	21.58488064
4.2	21.98275862
4.3	22.87798408
4.4	23.97214854
4.5	23.87267905
4.6	22.87798408
4.7	22.4801061
4.8	21.68435013
4.9	20.19230769
5	18.99199373
5.1	18.20291777
5.2	17.6061008
5.3	16.01458886
5.4	16.61140584
5.5	17.6061008
5.6	18.40185676
5.7	18.60079576
5.8	17.80503979
5.9	16.01458886
6	14.97728808
6.1	13.82625995
6.2	14.22413793
6.3	14.62201592
6.4	15.0198939
6.5	14.9204244
6.6	14.82095491
6.7	14.72148541
6.8	15.61671088
6.9	17.80503979
7	18.69942937
7.1	18.20291777
7.2	16.81034483
7.3	16.61140584
7.4	17.00928382
7.5	17.00928382
7.6	16.81034483
7.7	17.00928382
7.8	18.00397878
7.9	18.79973475
8	18.73865113
8.1	18.79973475
8.2	18.60079576
8.3	18.79973475
8.4	19.19761273
8.5	18.79973475
8.6	18.99867374
8.7	18.99867374
8.8	18.60079576
8.9	17.4071618
9	17.20822281
9.1	17.20822281
9.2	15.81564987
9.3	14.62201592
9.4	14.82095491
9.5	15.0198939
9.6	15.21883289
9.7	15.61671088
9.8	15.51724138
9.9	15.0198939
10	15.13179708
10.1	15.0198939
10.2	14.62201592
10.3	14.9204244
10.4	16.61140584
10.5	18.40185676
10.6	19.69496021
10.7	20.59018568
10.8	20.78912467
10.9	20.0928382
11	17.67208056
11.1	15.81564987
11.2	16.61140584
11.3	17.20822281
11.4	17.4071618
11.5	17.20822281
11.6	16.01458886
11.7	15.61671088
11.8	15.81564987
11.9	16.81034483
12	17.6061008
12.1	17.30769231
12.2	16.81034483
12.3	17.4071618
12.4	17.80503979
12.5	17.6061008
12.6	18.00397878
12.7	18.40185676
12.8	18.10344828
12.9	18.30238727
13	19.39655172
13.1	20.59018568
13.2	20.88859416
13.3	19.59549072
13.4	19.39655172
13.5	18.79973475
13.6	18.00397878
13.7	18.30238727
13.8	19.09814324
13.9	19.8938992
14	20.70954907
14.1	20.39124668
14.2	18.70026525
14.3	18.70026525
14.4	20.29177719
14.5	21.88328912
14.6	22.3806366
14.7	21.78381963
14.8	21.58488064
14.9	21.58488064
15	21.9243873
15.1	22.18169761
15.2	22.3806366
15.3	22.97745358
15.4	23.77320955
15.5	24.37002653
15.6	25.76259947
15.7	27.35411141
15.8	27.35411141
15.9	25.36472149
16	23.77320955
16.1	22.08222812
16.2	21.78381963
16.3	21.78381963
16.4	20.78912467
16.5	20.39124668
16.6	20.49071618
16.7	20.19230769
16.8	20.29177719
16.9	21.18700265
17	23.05702918
17.1	24.66843501
17.2	25.26525199
17.3	24.27055703
17.4	23.57427056
17.5	22.97745358
17.6	24.17108753
17.7	25.66312997
17.8	26.55835544
17.9	25.86206897
18	24.19308079
18.1	23.77320955
18.2	22.97745358
18.3	21.78381963
18.4	22.18169761
18.5	22.18169761
18.6	21.18700265
18.7	19.79442971
18.8	18.99867374
18.9	19.19761273
19	18.99867374
19.1	19.39655172
19.2	19.79442971
19.3	19.59549072
19.4	19.59549072
19.5	20.19230769
19.6	19.69496021
19.7	19.09814324
19.8	19.39655172
19.9	19.19761273
20	19.51023115
20.1	19.29708223
20.2	19.39655172
20.3	18.20291777
20.4	16.61140584
20.5	15.61671088
20.6	15.51724138
20.7	16.41246684
20.8	17.70557029
20.9	17.80503979
21	16.88992042
21.1	16.41246684
21.2	16.61140584
21.3	16.31299735
21.4	16.61140584
21.5	17.4071618
21.6	18.20291777
21.7	17.80503979
21.8	17.30769231
21.9	17.30769231
22	16.3228042
22.1	15.61671088
22.2	15.21883289
22.3	14.37002653
22.4	13.62732095
22.5	14.32360743
22.6	14.82095491
22.7	16.21352785
22.8	17.4071618
22.9	18.20291777
23	18.18271571
23.1	18.00397878
23.2	17.20822281
23.3	16.61140584
23.4	15.61671088
23.5	15.81564987
23.6	15.0198939
23.7	14.82095491
23.8	14.62201592
23.9	15.0198939
24	15.79786949
24.1	16.90981432
24.2	18.40185676
24.3	19.49602122
24.4	20.59018568
24.5	22.5795756
24.6	23.47480106
24.7	23.67374005
24.8	24.66843501
24.9	26.06100796
25	25.24361143
25.1	24.24339396
25.2	23.17639257
25.3	22.3806366
25.4	22.97745358
25.5	23.77320955
25.6	23.97214854
25.7	24.17108753
25.8	22.77851459
25.9	21.18700265
26	21.56710025
26.1	22.18169761
26.2	22.87798408
26.3	22.77851459
26.4	20.98806366
26.5	19.79442971
26.6	18.89920424
26.7	18.20291777
26.8	18.20291777
26.9	18.60079576
27	19.9933687
27.1	21.68435013
27.2	22.5795756
27.3	22.5795756
27.4	22.3806366
27.5	21.88328912
27.6	21.38594164
27.7	20.49071618
27.8	19.49602122
27.9	19.19761273
28	18.99867374
28.1	19.19761273
28.2	19.19761273
28.3	20.19230769
28.4	22.18169761
28.5	22.77851459
28.6	22.3806366
28.7	21.98275862
28.8	20.39124668
28.9	19.19761273
29	18.60079576
29.1	17.6061008
29.2	17.80503979
29.3	18.60079576
29.4	18.79973475
29.5	16.81034483
29.6	16.01458886
29.7	16.01458886
29.8	15.61671088
29.9	15.81564987
30	15.61671088
30.1	15.61671088
30.2	16.31299735
30.3	16.81034483
30.4	16.21352785
30.5	15.81564987
30.6	15.41777188
30.7	15.21883289
30.8	15.71618037
30.9	16.90981432
31	17.14854111
31.1	17.00928382
31.2	17.00928382
31.3	16.61140584
31.4	17.10875332
31.5	18.40185676
31.6	18.99867374
31.7	18.20291777
31.8	18.20291777
31.9	18.40185676
32	17.56911214
32.1	16.81034483
32.2	16.81034483
32.3	18.60079576
32.4	20.78912467
32.5	22.5795756
32.6	23.97214854
32.7	25.76259947
32.8	27.75198939
32.9	28.54774536
33	29.14456233
33.1	31.13395225
33.2	32.82493369
33.3	33.12334218
33.4	32.32758621
33.5	29.64190981
33.6	26.75729443
33.7	24.56896552
33.8	21.78381963
33.9	20.39124668
34	20.36925343
34.1	20.98806366
34.2	22.5795756
34.3	23.77320955
34.4	24.76790451
34.5	24.37002653
34.6	22.18169761
34.7	20.78912467
34.8	20.98806366
34.9	22.18169761
35	23.64058355
35.1	25.20557029
35.2	25.96153846
35.3	25.76259947
35.4	26.16047745
35.5	26.35941645
35.6	27.5530504
35.7	29.54244032
35.8	30.33819629
35.9	30.33819629
36	30.13925729
36.1	28.94562334
36.2	27.75198939
36.3	27.75198939
36.4	27.95092838
36.5	27.35411141
36.6	27.35411141
36.7	27.5530504
36.8	25.96153846
36.9	24.37002653
37	24.17108753
37.1	24.9668435
37.2	25.26525199
37.3	24.27055703
37.4	22.87798408
37.5	22.18169761
37.6	20.68965517
37.7	19.09814324
37.8	18.30238727
37.9	18.89920424
38	19.56233422
38.1	19.69496021
38.2	19.39655172
38.3	19.59549072
38.4	20.0928382
38.5	20.78912467
38.6	22.87798408
38.7	24.07161804
38.8	25.066313
38.9	26.25994695
39	27.03720859
39.1	26.16047745
39.2	24.56896552
39.3	24.56896552
39.4	23.37533156
39.5	23.37533156
39.6	25.16578249
39.7	26.35941645
39.8	26.55835544
39.9	25.16578249
40	25.78634615
40.1	26.55835544
40.2	26.75729443
40.3	25.96153846
40.4	25.16578249
40.5	24.66843501
40.6	23.97214854
40.7	23.97214854
40.8	24.76790451
40.9	25.96153846
41	25.96153846
41.1	26.65782493
41.2	28.94562334
41.3	30.83554377
41.4	31.53183024
41.5	30.53713528
41.6	29.84084881
41.7	29.54244032
41.8	29.34350133
41.9	28.34880637
42	27.89194647
42.1	27.95092838
42.2	27.95092838
42.3	28.94562334
42.4	29.9403183
42.5	29.54244032
42.6	28.14986737
42.7	26.35941645
42.8	26.55835544
42.9	26.95623342
43	27.23887746
43.1	27.4535809
43.2	27.4535809
43.3	26.95623342
43.4	26.75729443
43.5	27.05570292
43.6	27.35411141
43.7	27.25464191
43.8	27.65251989
43.9	28.74668435
44	28.25017275
44.1	28.94562334
44.2	30.33819629
44.3	31.53183024
44.4	30.33819629
44.5	29.14456233
44.6	27.35411141
44.7	26.75729443
44.8	26.95623342
44.9	28.34880637
45	30.13925729
45.1	32.32758621
45.2	33.52122016
45.3	33.72015915
45.4	33.12334218
45.5	31.13395225
45.6	29.54244032
45.7	28.74668435
45.8	27.15517241
45.9	25.96153846
46	25.0128168
46.1	24.37002653
46.2	24.37002653
46.3	25.76259947
46.4	27.95092838
46.5	29.14456233
46.6	28.14986737
46.7	28.14986737
46.8	29.04011936
46.9	29.9403183
47	31.37333942
47.1	32.72546419
47.2	31.33289125
47.3	29.54244032
47.4	28.54774536
47.5	29.54244032
47.6	30.73607427
47.7	31.33289125
47.8	30.93501326
47.9	29.54244032
48	29.16234272
48.1	28.54774536
48.2	28.64721485
48.3	27.15517241
48.4	26.35941645
48.5	27.5530504
48.6	29.44297082
48.7	30.33819629
48.8	30.33819629
48.9	30.63660477
49	31.53183024
49.1	30.73607427
49.2	29.48275862
49.3	28.34880637
49.4	26.16047745
49.5	26.16047745
49.6	27.5530504
49.7	29.34350133
49.8	30.53713528
49.9	30.83457081
50	31.05808218
50.1	31.28159355
50.2	31.33289125
50.3	31.33289125
50.4	31.73076923
50.5	32.32758621
50.6	32.92440318
50.7	33.12334218
50.8	33.12334218
50.9	33.32228117
51	33.52122016
51.1	33.72015915
51.2	34.51591512
51.3	33.91909814
51.4	31.92970822
51.5	30.73607427
51.6	31.55570292
51.7	32.72546419
51.8	34.11803714
51.9	35.51061008
52	36.50530504
52.1	35.0132626
52.2	34.21750663
52.3	32.82493369
52.4	31.63129973
52.5	30.0397878
52.6	26.75729443
52.7	24.9668435
52.8	25.86206897
52.9	25.96153846
53	26.59814324
53.1	27.15517241
53.2	26.85676393
53.3	26.75729443
53.4	27.75198939
53.5	29.24403183
53.6	30.23872679
53.7	30.73607427
53.8	30.73607427
53.9	30.43766578
54	28.94562334
54.1	29.54244032
54.2	28.74668435
54.3	27.5530504
54.4	27.35411141
54.5	26.95623342
54.6	26.55835544
54.7	26.55835544
54.8	27.15517241
54.9	27.35411141
55	28.10723759
55.1	28.74668435
55.2	29.74137931
55.3	31.33289125
55.4	30.93501326
55.5	29.14456233
55.6	27.5530504
55.7	26.16047745
55.8	25.16578249
55.9	24.9668435
56	25.066313
56.1	25.16578249
56.2	25.56366048
56.3	25.56366048
56.4	25.56366048
56.5	26.16047745
56.6	26.75729443
56.7	26.35941645
56.8	26.95623342
56.9	27.15517241
57	27.21485411
57.1	27.35411141
57.2	26.95623342
57.3	26.95623342
57.4	26.35941645
57.5	25.56366048
57.6	25.76259947
57.7	26.35941645
57.8	25.36472149
57.9	23.37533156
58	22.65915119
58.1	22.5795756
58.2	23.37533156
58.3	23.77320955
58.4	23.97214854
58.5	24.17108753
58.6	24.9668435
58.7	25.16578249
58.8	24.76790451
58.9	25.36472149
59	26.22086366
59.1	25.66312997
59.2	23.37533156
59.3	22.28116711
59.4	22.5795756
59.5	22.77851459
59.6	23.67374005
59.7	24.66843501
59.8	25.86206897
59.9	26.35941645
60	27.33838135
60.1	28.25553636
60.2	27.95092838
60.3	26.35941645
60.4	25.36472149
60.5	24.37002653
60.6	23.77320955
60.7	23.17639257
60.8	21.18700265
60.9	19.79442971
61	20.1127321
61.1	20.59018568
61.2	22.18169761
61.3	23.77320955
61.4	24.9668435
61.5	26.16047745
61.6	27.15517241
61.7	28.34880637
61.8	29.54244032
61.9	30.93501326
62	31.43236074
62.1	30.33819629
62.2	29.34350133
62.3	26.75729443
62.4	24.76790451
62.5	23.77320955
62.6	23.17639257
62.7	23.37533156
62.8	23.37533156
62.9	21.78381963
63	20.78912467
63.1	19.19761273
63.2	18.79973475
63.3	19.49602122
63.4	21.28647215
63.5	22.87798408
63.6	23.17639257
63.7	23.57427056
63.8	23.87267905
63.9	23.47480106
64	22.62931034
64.1	21.18700265
64.2	20.0928382
64.3	19.59549072
64.4	19.9933687
64.5	20.19230769
64.6	19.9933687
64.7	20.29177719
64.8	21.68435013
64.9	22.5795756
65	22.55306431
65.1	22.77851459
65.2	22.77851459
65.3	21.98275862
65.4	20.98806366
65.5	20.78912467
65.6	21.18700265
65.7	20.39124668
65.8	18.79973475
65.9	18.00397878
66	18.6505305
66.1	18.79973475
66.2	18.40185676
66.3	18.20291777
66.4	18.40185676
66.5	18.60079576
66.6	18.60079576
66.7	18.79973475
66.8	19.79442971
66.9	20.19230769
67	20.39124668
67.1	20.78912467
67.2	21.18700265
67.3	20.59018568
67.4	19.39655172
67.5	19.29708223
67.6	18.99867374
67.7	19.19761273
67.8	19.79442971
67.9	20.0928382
68	20.98806366
68.1	20.78912467
68.2	20.39124668
68.3	21.18700265
68.4	20.78912467
68.5	21.18700265
68.6	22.3806366
68.7	22.97745358
68.8	24.37002653
68.9	25.76259947
69	25.76259947
69.1	25.96153846
69.2	27.35411141
69.3	30.23872679
69.4	31.92970822
69.5	31.43236074
69.6	30.23872679
69.7	29.04509284
69.8	28.74668435
69.9	29.54244032
70	29.44297082
70.1	28.14986737
70.2	27.5530504
70.3	27.15517241
70.4	28.34880637
70.5	29.34350133
70.6	28.14986737
70.7	26.75729443
70.8	26.35941645
70.9	26.55835544
71	26.06100796
71.1	25.16578249
71.2	25.96153846
71.3	27.35411141
71.4	27.95092838
71.5	28.14986737
71.6	28.74668435
71.7	28.34880637
71.8	27.5530504
71.9	27.15517241
72	28.05039788
72.1	28.94562334
72.2	29.34350133
72.3	30.53713528
72.4	30.53713528
72.5	30.13925729
72.6	29.54244032
72.7	28.34880637
72.8	27.75198939
72.9	28.9933687
73	31.40032251
73.1	33.91909814
73.2	36.00795756
73.3	36.90318302
73.4	36.00795756
73.5	34.61538462
73.6	31.53183024
73.7	28.34880637
73.8	25.066313
73.9	22.72877984
74	20.49071618
74.1	19.79442971
74.2	20.88859416
74.3	21.98275862
74.4	22.5795756
74.5	23.07692308
74.6	23.37533156
74.7	23.37533156
74.8	23.37533156
74.9	23.27586207
75	22.13196286
75.1	21.08753316
75.2	21.28647215
75.3	22.3806366
75.4	22.77851459
75.5	22.97745358
75.6	23.07692308
75.7	21.48541114
75.8	20.78912467
75.9	21.48541114
76	21.78381963
76.1	20.78912467
76.2	19.19761273
76.3	19.19761273
76.4	20.59018568
76.5	21.58488064
76.6	23.17639257
76.7	24.17108753
76.8	24.76790451
76.9	24.56896552
77	24.37002653
77.1	24.46949602
77.2	24.76790451
77.3	24.56896552
77.4	23.07692308
77.5	22.5795756
77.6	22.28116711
77.7	21.88328912
77.8	22.87798408
77.9	23.87267905
78	24.94485025
78.1	25.36472149
78.2	25.56366048
78.3	26.16047745
78.4	27.15517241
78.5	27.35411141
78.6	26.35941645
78.7	26.95623342
78.8	27.5530504
78.9	27.35411141
79	26.95623342
79.1	24.37002653
79.2	21.58488064
79.3	20.39124668
79.4	20.59018568
79.5	21.58488064
79.6	22.5795756
79.7	22.97745358
79.8	22.77851459
79.9	22.5795756
80	21.58488064
80.1	22.08222812
80.2	22.5795756
80.3	22.5795756
80.4	22.97745358
80.5	23.57427056
80.6	24.17108753
80.7	25.66312997
80.8	26.55835544
80.9	26.35941645
81	26.53846154
81.1	27.35411141
81.2	27.5530504
81.3	26.65782493
81.4	26.16047745
81.5	27.35411141
81.6	28.24933687
81.7	28.34880637
81.8	28.84615385
81.9	29.54244032
82	28.32670203
82.1	27.25464191
82.2	26.35941645
82.3	25.066313
82.4	23.67374005
82.5	23.67374005
82.6	25.56366048
82.7	27.25464191
82.8	28.30901857
82.9	29.44297082
83	29.34350133
83.1	28.64721485
83.2	27.85145889
83.3	27.65251989
83.4	27.65251989
83.5	26.45888594
83.6	25.066313
83.7	23.57427056
83.8	22.4801061
83.9	22.97745358
84	24.51486077
84.1	25.76259947
84.2	27.5530504
84.3	27.75198939
84.4	27.15517241
84.5	26.55835544
84.6	24.56896552
84.7	23.57427056
84.8	23.97214854
84.9	26.16047745
85	27.08773903
85.1	29.34350133
85.2	31.03448276
85.3	32.82493369
85.4	33.12334218
85.5	30.53713528
85.6	30.23872679
85.7	31.23342175
85.8	32.22811671
85.9	33.42175066
86	34.41644562
86.1	34.71485411
86.2	34.11803714
86.3	32.62599469
86.4	30.13925729
86.5	28.94562334
86.6	28.44827586
86.7	28.74668435
86.8	28.34880637
86.9	28.14986737
87	27.73699399
87.1	26.55835544
87.2	24.76790451
87.3	24.17108753
87.4	23.37533156
87.5	23.17639257
87.6	24.56896552
87.7	25.56366048
87.8	25.56366048
87.9	25.16578249
88	23.82552402
88.1	22.3806366
88.2	21.58488064
88.3	20.98806366
88.4	21.78381963
88.5	23.77320955
88.6	25.96153846
88.7	27.35411141
88.8	27.75198939
88.9	27.95092838
89	28.18685603
89.1	29.34350133
89.2	29.34350133
89.3	27.95092838
89.4	27.75198939
89.5	27.5530504
89.6	26.95623342
89.7	25.96153846
89.8	25.76259947
89.9	24.56896552
90	22.87798408
90.1	23.57427056
90.2	25.36472149
90.3	26.35941645
90.4	26.55835544
90.5	25.76259947
90.6	24.17108753
90.7	24.37002653
90.8	25.56366048
90.9	25.76259947
91	25.16578249
91.1	25.26525199
91.2	26.25994695
91.3	26.95623342
91.4	27.75198939
91.5	28.64721485
91.6	31.13395225
91.7	33.91909814
91.8	37.00265252
91.9	37.30106101
92	34.51591512
92.1	30.63660477
92.2	28.94562334
92.3	29.64190981
92.4	29.44297082
92.5	27.25464191
92.6	26.25994695
92.7	25.26525199
92.8	24.76790451
92.9	24.56896552
93	23.41931808
93.1	22.18169761
93.2	22.3806366
93.3	23.37533156
93.4	24.9668435
93.5	26.95623342
93.6	28.34880637
93.7	29.34350133
93.8	29.9403183
93.9	32.12864721
94	33.3364911
94.1	34.11803714
94.2	35.1127321
94.3	37.69893899
94.4	38.29575597
94.5	37.10212202
94.6	36.50530504
94.7	37.5
94.8	39.09151194
94.9	38.29575597
95	37.69893899
95.1	37.69893899
95.2	37.5
95.3	37.10212202
95.4	38.49469496
95.5	37.69893899
95.6	35.70954907
95.7	35.51061008
95.8	37.10212202
95.9	40.0862069
96	42.02586207
96.1	43.86604775
96.2	45.25862069
96.3	44.66180371
96.4	43.66710875
96.5	41.87665782
96.6	39.68832891
96.7	39.09151194
96.8	39.48938992
96.9	39.09151194
97	37.04244032
97.1	34.71485411
97.2	32.72546419
97.3	32.5265252
97.4	33.72015915
97.5	34.9137931
97.6	37.30106101
97.7	37.89787798
97.8	37.89787798
97.9	38.69363395
98	39.62527111
98.1	40.58355438
98.2	39.58885942
98.3	38.99204244
98.4	40.18567639
98.5	40.38461538
98.6	40.0862069
98.7	38.89257294
98.8	36.60477454
98.9	34.51591512
99	34.11803714
99.1	32.72546419
99.2	32.72546419
99.3	32.72546419
99.4	32.5265252
99.5	33.02387268
99.6	33.81962865
99.7	35.0132626
99.8	36.90318302
99.9	38.99204244
100	39.32662165
100.1	39.09151194
100.2	39.9867374
100.3	40.48408488
100.4	40.68302387
100.5	40.58355438
100.6	39.48938992
100.7	40.28514589
100.8	41.67771883
100.9	42.77188329
101	44.28644712
101.1	44.86074271
101.2	44.46286472
101.3	43.86604775
101.4	43.26923077
101.5	42.87135279
101.6	44.46286472
101.7	44.86074271
101.8	44.46286472
101.9	43.86604775
102	42.84652735
102.1	41.18037135
102.2	38.89257294
102.3	36.80371353
102.4	36.80371353
102.5	37.89787798
102.6	37.99734748
102.7	39.29045093
102.8	40.18567639
102.9	41.27984085
103	41.27984085
103.1	41.57824934
103.2	43.26923077
103.3	46.15384615
103.4	47.5464191
103.5	48.74005305
103.6	50.33156499
103.7	52.22148541
103.8	53.01724138
103.9	53.31564987
104	54.06167109
104.1	54.70822281
104.2	54.50928382
104.3	53.11671088
104.4	52.5198939
104.5	52.6193634
104.6	53.11671088
104.7	54.21087533
104.8	55.60344828
104.9	56.49867374
105	55.578407
105.1	53.61405836
105.2	51.82360743
105.3	51.62466844
105.4	51.02785146
105.5	49.83421751
105.6	49.03846154
105.7	50.62997347
105.8	51.22679045
105.9	50.0331565
106	49.7738313
106.1	49.13793103
106.2	48.14323607
106.3	47.14854111
106.4	46.75066313
106.5	48.64058355
106.6	50.53050398
106.7	50.92838196
106.8	49.03846154
106.9	47.34748011
107	46.68435013
107.1	46.65119363
107.2	47.4469496
107.3	47.5464191
107.4	48.24270557
107.5	48.44164456
107.6	48.44164456
107.7	48.54111406
107.8	49.73474801
107.9	49.933687
108	49.78448276
108.1	49.73474801
108.2	51.22679045
108.3	53.11671088
108.4	51.42572944
108.5	49.73474801
108.6	48.34217507
108.7	47.74535809
108.8	48.54111406
108.9	49.13793103
109	50.74933687
109.1	53.21618037
109.2	54.9071618
109.3	56.10079576
109.4	58.68700265
109.5	60.47745358
109.6	60.97480106
109.7	61.57161804
109.8	60.67639257
109.9	59.18435013
110	56.99602122
110.1	55.46419098
110.2	55.60344828
110.3	56.99602122
110.4	56.79708223
110.5	54.01193634
110.6	53.21618037
110.7	54.60875332
110.8	55.20557029
110.9	54.60875332
111	54.21087533
111.1	54.40981432
111.2	54.01193634
111.3	53.41511936
111.4	54.80769231
111.5	58.38859416
111.6	59.78116711
111.7	59.18435013
111.8	57.5928382
111.9	55.40450928
112	54.40981432
112.1	54.21087533
112.2	54.9071618
112.3	56.39920424
112.4	58.28912467
112.5	58.28912467
112.6	57.29442971
112.7	56.99602122
112.8	57.89124668
112.9	58.98541114
113	57.89124668
113.1	57.5928382
113.2	59.28381963
113.3	59.78116711
113.4	58.38859416
113.5	55.70291777
113.6	54.31034483
113.7	52.4204244
113.8	52.81830239
113.9	56.29973475
114	59.18435013
114.1	60.77586207
114.2	60.77586207
114.3	60.97480106
114.4	60.17904509
114.5	59.08488064
114.6	58.09018568
114.7	59.28381963
114.8	60.37798408
114.9	59.8806366
115	57.83143974
115.1	55.60344828
115.2	56.39920424
115.3	58.78647215
115.4	59.58222812
115.5	58.98541114
115.6	57.19496021
115.7	56.99602122
115.8	57.3938992
115.9	57.5928382
116	58.76420822
116.1	60.0795756
116.2	60.77586207
116.3	60.77586207
116.4	59.48275862
116.5	58.18965517
116.6	56.99602122
116.7	56.89655172
116.8	58.68700265
116.9	59.78116711
117	58.27762819
117.1	56.20026525
117.2	55.0066313
117.3	54.40981432
117.4	54.60875332
117.5	54.60875332
117.6	53.01724138
117.7	51.82360743
117.8	51.22679045
117.9	50.23209549
118	49.43633952
118.1	51.42572944
118.2	53.81299735
118.3	53.61405836
118.4	52.6193634
118.5	53.81299735
118.6	56.00132626
118.7	57.5928382
118.8	60.25293672
118.9	63.16312997
119	63.91349047
119.1	62.76525199
119.2	60.97480106
119.3	60.97480106
119.4	62.566313
119.5	64.15782493
119.6	65.94827586
119.7	67.14190981
119.8	65.15251989
119.9	63.75994695
120	64.19108408
120.1	65.15251989
120.2	66.84350133
120.3	66.54509284
120.4	66.54509284
120.5	65.84880637
120.6	64.45623342
120.7	65.45092838
120.8	66.04774536
120.9	66.74403183
121	68.33554377
121.1	68.83289125
121.2	68.23607427
121.3	67.5397878
121.4	65.45092838
121.5	61.27320955
121.6	60.67639257
121.7	61.07427056
121.8	61.27320955
121.9	61.77055703
122	61.03378297
122.1	61.57161804
122.2	60.77586207
122.3	58.38859416
122.4	56.20026525
122.5	54.60875332
122.6	54.21087533
122.7	55.0066313
122.8	55.80238727
122.9	55.40450928
123	55.12186525
123.1	55.20557029
123.2	56.59814324
123.3	59.68169761
123.4	61.87002653
123.5	61.77055703
123.6	60.57692308
123.7	61.17374005
123.8	62.36737401
123.9	62.4668435
124	61.47564747
124.1	60.37798408
124.2	60.17904509
124.3	61.21352785
124.4	61.37267905
124.5	60.37798408
124.6	59.38328912
124.7	58.58753316
124.8	59.58222812
124.9	63.16312997
125	64.05835544
125.1	64.9535809
125.2	65.74933687
125.3	65.74933687
125.4	64.35676393
125.5	63.75994695
125.6	64.15782493
125.7	64.35676393
125.8	65.15251989
125.9	66.34615385
126	67.58952255
126.1	67.73872679
126.2	68.33554377
126.3	70.52387268
126.4	71.91644562
126.5	71.91644562
126.6	69.72811671
126.7	66.14721485
126.8	65.94827586
126.9	68.13660477
127	68.67036395
127.1	69.9270557
127.2	71.91644562
127.3	73.01061008
127.4	72.11538462
127.5	69.13129973
127.6	67.04244032
127.7	67.24137931
127.8	67.14190981
127.9	65.35145889
128	65.15251989
128.1	66.54509284
128.2	66.14721485
128.3	65.15251989
128.4	65.94827586
128.5	67.93766578
128.6	70.12599469
128.7	71.71750663
128.8	72.11538462
128.9	72.11538462
129	72.21568999
129.1	72.21485411
129.2	72.31432361
129.3	72.31432361
129.4	71.51856764
129.5	70.52387268
129.6	69.03183024
129.7	67.24137931
129.8	67.24137931
129.9	67.5397878
130	68.67125332
130.1	70.82228117
130.2	72.01591512
130.3	72.91114058
130.4	73.50795756
130.5	72.81167109
130.6	70.42440318
130.7	68.53448276
130.8	68.03713528
130.9	67.24137931
131	67.65865072
131.1	69.33023873
131.2	70.72281167
131.3	69.13129973
131.4	67.73872679
131.5	67.73872679
131.6	70.12599469
131.7	73.11007958
131.8	74.50265252
131.9	74.70159151
132	73.29894571
132.1	70.72281167
132.2	70.92175066
132.3	72.11538462
132.4	74.40318302
132.5	74.70159151
132.6	74.10477454
132.7	73.80636605
132.8	73.90583554
132.9	73.50795756
133	74.65185676
133.1	74.80106101
133.2	73.11007958
133.3	74.9005305
133.4	75.0994695
133.5	74.9005305
133.6	76.09416446
133.7	77.08885942
133.8	76.69098143
133.9	75.69628647
134	72.64588859
134.1	69.03183024
134.2	67.5397878
134.3	67.24137931
134.4	66.74403183
134.5	66.94297082
134.6	69.52917772
134.7	73.50795756
134.8	75.29840849
134.9	76.19777102
135	77.13166907
135.1	77.68567639
135.2	77.4867374
135.3	75.89522546
135.4	73.90583554
135.5	73.90583554
135.6	74.70159151
135.7	77.08885942
135.8	75.49734748
135.9	74.70159151
136	74.50265252
136.1	73.90583554
136.2	71.31962865
136.3	71.02122016
136.4	70.62334218
136.5	69.13129973
136.6	66.24668435
136.7	64.35676393
136.8	64.35676393
136.9	65.25198939
137	66.44212442
137.1	67.34084881
137.2	67.14190981
137.3	64.35676393
137.4	63.36206897
137.5	65.55039788
137.6	68.13660477
137.7	70.32493369
137.8	70.92175066
137.9	69.13129973
138	69.52917772
138.1	72.31432361
138.2	73.50795756
138.3	74.70159151
138.4	73.90583554
138.5	72.5132626
138.6	71.51856764
138.7	70.92175066
138.8	70.72281167
138.9	68.33554377
139	66.74403183
139.1	69.13129973
139.2	68.73342175
139.3	69.72811671
139.4	70.92175066
139.5	71.91644562
139.6	72.71220159
139.7	73.90583554
139.8	75.29840849
139.9	76.69098143
140	75.67238567
140.1	74.9005305
140.2	74.70159151
140.3	74.70159151
140.4	75.79575597
140.5	75.79575597
140.6	74.20424403
140.7	72.91114058
140.8	72.01591512
140.9	71.81697613
141	72.75476068
141.1	73.30901857
141.2	73.11007958
141.3	72.91114058
141.4	72.11538462
141.5	70.52387268
141.6	70.32493369
141.7	69.72811671
141.8	68.73342175
141.9	67.34084881
142	66.54509284
142.1	66.54509284
142.2	66.94297082
142.3	69.13129973
142.4	71.71750663
142.5	72.31432361
142.6	70.92175066
142.7	68.73342175
142.8	68.33554377
142.9	67.34084881
143	67.34084881
143.1	70.72281167
143.2	74.30371353
143.3	78.08355438
143.4	82.65915119
143.5	86.43899204
143.6	88.03050398
143.7	85.24535809
143.8	77.08885942
143.9	69.33023873
144	65.9921932
144.1	64.15782493
144.2	62.566313
144.3	63.06366048
144.4	64.05835544
144.5	64.85411141
144.6	64.45623342
144.7	63.46153846
144.8	63.26259947
144.9	65.55039788
145	66.72341639
145.1	67.73872679
145.2	69.72811671
145.3	69.9270557
145.4	67.93766578
145.5	67.14190981
145.6	67.34084881
145.7	67.73872679
145.8	66.94297082
145.9	66.34615385
146	66.31299735
146.1	67.14190981
146.2	67.73872679
146.3	67.93766578
146.4	67.34084881
146.5	67.14190981
146.6	67.73872679
146.7	68.13660477
146.8	69.13129973
146.9	71.71750663
147	74.60101986
147.1	76.09416446
147.2	77.4867374
147.3	77.68567639
147.4	78.87931034
147.5	76.69098143
147.6	72.91114058
147.7	72.71220159
147.8	72.71220159
147.9	74.30371353
148	76.54744317
148.1	77.98408488
148.2	77.4867374
148.3	75.69628647
148.4	75.49734748
148.5	75.69628647
148.6	75.49734748
148.7	75.29840849
148.8	75.39787798
148.9	76.69098143
149	77.98408488
149.1	75.99469496
149.2	74.70159151
149.3	74.9005305
149.4	77.18832891
149.5	78.58090186
149.6	78.48143236
149.7	77.18832891
149.8	77.78514589
149.9	78.38196286
150	78.38196286
150.1	77.28779841
150.2	77.08885942
150.3	77.4867374
150.4	76.29310345
150.5	75.69628647
150.6	76.39257294
150.7	74.70159151
150.8	72.81167109
150.9	71.51856764
151	72.30763658
151.1	74.30371353
151.2	75.69628647
151.3	76.09416446
151.4	75.69628647
151.5	75.89522546
151.6	78.08355438
151.7	79.07824934
151.8	78.28249337
151.9	79.07824934
152	79.8424764
152.1	79.57559682
152.2	77.68567639
152.3	75.39787798
152.4	74.30371353
152.5	76.59151194
152.6	77.4867374
152.7	77.68567639
152.8	78.28249337
152.9	78.08355438
153	77.96559055
153.1	77.08885942
153.2	75.69628647
153.3	75.89522546
153.4	74.9005305
153.5	72.91114058
153.6	74.70159151
153.7	76.49204244
153.8	76.09416446
153.9	75.69628647
154	76.09416446
154.1	75.0994695
154.2	73.01061008
154.3	72.5132626
154.4	72.71220159
154.5	73.70689655
154.6	73.80636605
154.7	74.9005305
154.8	76.39257294
154.9	78.87931034
155	80.70706233
155.1	81.66445623
155.2	81.16710875
155.3	79.47612732
155.4	77.18832891
155.5	76.39257294
155.6	77.98408488
155.7	78.48143236
155.8	75.99469496
155.9	74.70159151
156	77.8902193
156.1	82.65915119
156.2	84.64854111
156.3	84.05172414
156.4	82.85809019
156.5	81.16710875
156.6	80.0729443
156.7	78.68037135
156.8	77.4867374
156.9	75.52576734
157	74.30371353
157.1	76.09416446
157.2	77.88461538
157.3	78.68037135
157.4	80.86870027
157.5	81.06763926
157.6	82.65915119
157.7	83.25596817
157.8	82.65915119
157.9	82.26127321
158	81.86339523
158.1	81.86339523
158.2	81.26657825
158.3	81.66445623
158.4	81.06763926
158.5	81.36604775
158.6	82.75862069
158.7	84.05172414
158.8	87.93103448
158.9	88.92572944
159	89.02519894
159.1	87.63262599
159.2	86.04111406
159.3	83.65384615
159.4	81.2632626
159.5	79.07824934
159.6	78.28249337
159.7	79.87400531
159.8	80.66976127
159.9	80.27188329
160	79.87400531
160.1	77.68567639
160.2	74.80106101
160.3	75.89522546
160.4	77.5862069
160.5	78.38196286
160.6	78.97877984
160.7	80.66976127
160.8	80.76923077
160.9	80.0729443
161	78.74635112
161.1	77.08885942
161.2	75.89522546
161.3	75.69628647
161.4	76.71087533
161.5	77.4867374
161.6	77.68567639
161.7	78.08355438
161.8	78.87931034
161.9	79.87400531
162	80.98806366
162.1	80.27188329
162.2	78.48143236
162.3	78.28249337
162.4	79.87400531
162.5	83.45490716
162.6	85.24535809
162.7	85.44429708
162.8	85.44429708
162.9	84.44960212
163	83.93095173
163.1	83.85278515
163.2	82.85809019
163.3	80.17241379
163.4	78.18302387
163.5	77.88461538
163.6	79.07824934
163.7	80.86870027
163.8	82.16180371
163.9	84.25066313
164	87.33421751
164.1	86.83687003
164.2	83.25596817
164.3	81.86339523
164.4	80.47082228
164.5	79.17771883
164.6	79.27718833
164.7	80.37135279
164.8	79.07824934
164.9	78.08355438
165	76.31450474
165.1	74.30371353
165.2	71.85842175
165.3	69.13129973
165.4	66.34615385
165.5	66.14721485
165.6	68.33554377
165.7	67.5397878
165.8	66.54509284
165.9	66.14721485
166	65.79718296
166.1	65.25198939
166.2	65.74933687
166.3	67.34084881
166.4	69.72811671
166.5	72.31432361
166.6	74.00530504
166.7	73.01061008
166.8	70.72281167
166.9	68.33554377
167	65.74933687
167.1	63.66047745
167.2	62.566313
167.3	61.87002653
167.4	61.67108753
167.5	63.36206897
167.6	66.34615385
167.7	67.63925729
167.8	65.55039788
167.9	63.66047745
168	62.16843501
168.1	60.57692308
168.2	59.58222812
168.3	58.38859416
168.4	57.29442971
168.5	56.20026525
168.6	54.9071618
168.7	53.91246684
168.8	54.60875332
168.9	57.3938992
169	60.95641174
169.1	64.35676393
169.2	67.93766578
169.3	71.51856764
169.4	72.31432361
169.5	69.52917772
169.6	69.33023873
169.7	70.72281167
169.8	69.9270557
169.9	68.33554377
170	67.89555979
170.1	66.74403183
170.2	66.94297082
170.3	67.14190981
170.4	66.54509284
170.5	66.54509284
170.6	65.55039788
170.7	63.56100796
170.8	63.36206897
170.9	63.36206897
171	64.05155134
171.1	65.55039788
171.2	69.13129973
171.3	72.31432361
171.4	73.60742706
171.5	75.29840849
171.6	77.28779841
171.7	76.69098143
171.8	76.29310345
171.9	78.68037135
172	74.20424403
172.1	70.62334218
172.2	67.34084881
172.3	65.74933687
172.4	66.74403183
172.5	68.63395225
172.6	70.22546419
172.7	72.12248958
172.8	74.08345964
172.9	75.59681698
173	74.68738158
173.1	71.22015915
173.2	67.73872679
173.3	66.74403183
173.4	67.34084881
173.5	68.63395225
173.6	68.13660477
173.7	64.55570292
173.8	61.87002653
173.9	61.07427056
174	62.90450928
174.1	65.25198939
174.2	67.93766578
174.3	67.24137931
174.4	65.94827586
174.5	66.14721485
174.6	70.12599469
174.7	72.31432361
174.8	73.60742706
174.9	72.6127321
175	73.40848806
175.1	73.60742706
175.2	72.31432361
175.3	69.62864721
175.4	67.73872679
175.5	68.23607427
175.6	69.03183024
175.7	70.92175066
175.8	75
175.9	80.37135279
176	83.1899884
176.1	84.84748011
176.2	87.23474801
176.3	89.82095491
176.4	89.22413793
176.5	88.22944297
176.6	89.82095491
176.7	91.61140584
176.8	90.0198939
176.9	84.84748011
177	79.0401852
177.1	74.50265252
177.2	73.40848806
177.3	72.11538462
177.4	70.32493369
177.5	69.03183024
177.6	69.42970822
177.7	70.42440318
177.8	71.31962865
177.9	71.81697613
178	72.4137931
178.1	72.11538462
178.2	73.50795756
178.3	75.39787798
178.4	76.79045093
178.5	77.98408488
178.6	78.87931034
178.7	79.57559682
178.8	78.38196286
178.9	78.97877984
179	81.70201814
179.1	84.25066313
179.2	85.64323607
179.3	84.64854111
179.4	82.85809019
179.5	80.66976127
179.6	79.67506631
179.7	78.87931034
179.8	76.09416446
179.9	77.68567639
180	78.48143236
180.1	77.78514589
180.2	78.87931034
180.3	79.87400531
180.4	80.76923077
180.5	82.16180371
180.6	82.4602122
180.7	83.35543767
180.8	81.86339523
180.9	79.07824934
181	77.03562222
181.1	75.89522546
181.2	76.09416446
181.3	77.68567639
181.4	77.88461538
181.5	78.87931034
181.6	80.0729443
181.7	81.26657825
181.8	81.86339523
181.9	81.26657825
182	81.64291507
182.1	81.86339523
182.2	82.06233422
182.3	83.61405836
182.4	84.9469496
182.5	86.14058355
182.6	87.13527851
182.7	88.92572944
182.8	90.51724138
182.9	90.0198939
183	87.03580902
183.1	86.43899204
183.2	86.63793103
183.3	87.23474801
183.4	87.03580902
183.5	86.63793103
183.6	86.43899204
183.7	85.84217507
183.8	85.44429708
183.9	87.63262599
184	89.22413793
184.1	90.81564987
184.2	90.41777188
184.3	89.22413793
184.4	87.63262599
184.5	87.63262599
184.6	89.62201592
184.7	91.61140584
184.8	93.20291777
184.9	92.6061008
185	88.74887416
185.1	84.05172414
185.2	81.26657825
185.3	78.87931034
185.4	77.28779841
185.5	76.88992042
185.6	77.28779841
185.7	78.48143236
185.8	81.86339523
185.9	87.03580902
186	91.37599469
186.1	94.59549072
186.2	95.98806366
186.3	94.79442971
186.4	93.40185676
186.5	94.59549072
186.6	93.20291777
186.7	89.82095491
186.8	87.63262599
186.9	86.83687003
187	86.63793103
187.1	86.83687003
187.2	89.02519894
187.3	90.61671088
187.4	90.41777188
187.5	91.01458886
187.6	92.4071618
187.7	93.99867374
187.8	94.79442971
187.9	94.59549072
188	94.49113843
188.1	93.79973475
188.2	94.09814324
188.3	91.61140584
188.4	88.12997347
188.5	84.64854111
188.6	82.06233422
188.7	78.08355438
188.8	75.69628647
188.9	75
189	74.73637106
189.1	74.50265252
189.2	74.9005305
189.3	76.69098143
189.4	80.66976127
189.5	84.64854111
189.6	88.62732095
189.7	91.41246684
189.8	93.40185676
189.9	95.19230769
190	97.77851459
190.1	98.97214854
190.2	98.17639257
190.3	100.16578249
190.4	99.27055703
190.5	98.07692308
190.6	97.3806366
190.7	98.07692308
190.8	99.27055703
190.9	101.25994695
191	103.64721485
191.1	104.34350133
191.2	101.95623342
191.3	99.46949602
191.4	96.18700265
191.5	93.50132626
191.6	90.21883289
191.7	85.24535809
191.8	82.75862069
191.9	83.35543767
192	85.19191179
192.1	86.63793103
192.2	86.04111406
192.3	86.04111406
192.4	87.433687
192.5	89.82095491
192.6	90.21883289
192.7	89.02519894
192.8	86.24005305
192.9	84.44960212
193	84.36865001
193.1	85.14588859
193.2	86.33952255
193.3	88.52785146
193.4	91.90981432
193.5	93.60079576
193.6	92.5066313
193.7	91.11405836
193.8	89.52254642
193.9	90.0198939
194	92.5265252
194.1	95.0928382
194.2	95.98806366
194.3	95.39124668
194.4	93.20291777
194.5	91.81034483
194.6	91.61140584
194.7	91.31299735
194.8	88.32891247
194.9	88.42838196
195	91.01458886
195.1	93.60079576
195.2	91.81034483
195.3	89.52254642
195.4	90.31830239
195.5	92.6061008
195.6	94.79442971
195.7	95.88859416
195.8	97.4801061
195.9	97.3806366
196	93.56100796
196.1	90.31830239
196.2	87.83156499
196.3	85.64323607
196.4	85.24535809
196.5	87.93103448
196.6	87.23474801
196.7	84.15119363
196.8	84.15119363
196.9	85.54376658
197	86.53846154
197.1	88.62732095
197.2	90.1193634
197.3	91.01458886
197.4	92.80503979
197.5	96.18700265
197.6	95.39124668
197.7	94.09814324
197.8	93.79973475
197.9	94.49602122
198	92.70557029
198.1	89.32360743
198.2	88.42838196
198.3	89.82095491
198.4	91.71087533
198.5	92.00928382
198.6	90.91511936
198.7	90.81564987
198.8	92.6061008
198.9	93.60079576
199	94.41312997
199.1	95.0928382
199.2	94.79442971
199.3	94.59549072
199.4	93.70026525
199.5	92.80503979
199.6	91.90981432
199.7	88.92572944
199.8	85.54376658
199.9	84.64854111
200	83.63854315
200.1	82.5367272
200.2	80.86870027
200.3	81.46551724
200.4	83.15649867
200.5	86.04111406
200.6	89.32360743
200.7	89.22413793
200.8	88.42838196
200.9	91.31299735
201	93.83289125
201.1	95.19230769
201.2	93.89920424
201.3	93.70026525
201.4	94.29708223
201.5	93.00397878
201.6	91.51193634
201.7	89.32360743
201.8	87.23474801
201.9	85.64323607
202	83.57095491
202.1	80.37135279
202.2	75.79575597
202.3	73.50795756
202.4	71.81697613
202.5	69.9270557
202.6	68.33554377
202.7	66.94297082
202.8	66.64456233
202.9	70.32493369
203	74.80106101
203.1	78.38196286
203.2	80.86870027
203.3	82.36074271
203.4	82.85809019
203.5	82.85809019
203.6	83.05702918
203.7	85.0464191
203.8	86.93633952
203.9	86.14058355
204	83.61405836
204.1	79.37665782
204.2	75.49734748
204.3	74.9005305
204.4	74.9005305
204.5	73.50795756
204.6	73.11007958
204.7	76.25994695
204.8	78.87931034
204.9	79.9734748
205	80.82607048
205.1	81.96286472
205.2	84.74801061
205.3	87.33421751
205.4	88.12997347
205.5	89.32360743
205.6	89.62201592
205.7	90.71618037
205.8	90.81564987
205.9	88.72679045
206	85.14588859
206.1	82.06233422
206.2	81.66445623
206.3	84.74801061
206.4	87.83156499
206.5	88.92572944
206.6	88.03050398
206.7	88.62732095
206.8	90.00568397
206.9	91.41246684
207	90.81564987
207.1	92.10875332
207.2	94.59549072
207.3	92.4071618
207.4	88.82625995
207.5	88.22944297
207.6	89.22413793
207.7	88.62732095
207.8	88.03050398
207.9	85.34482759
208	81.84809223
208.1	78.28249337
208.2	75.89522546
208.3	73.30901857
208.4	69.33023873
208.5	65.35145889
208.6	63.36206897
208.7	65.35145889
208.8	68.73342175
208.9	70.52387268
209	70.27275754
209.1	70.12599469
209.2	70.62334218
209.3	69.33023873
209.4	69.62864721
209.5	71.02122016
209.6	73.60742706
209.7	76.98938992
209.8	80.17241379
209.9	81.66445623
210	85.2329244
210.1	90.31830239
210.2	93.00397878
210.3	94.39655172
210.4	95.88859416
210.5	97.97745358
210.6	98.07692308
210.7	97.18169761
210.8	97.77851459
210.9	97.4801061
211	96.19400051
211.1	94.19761273
211.2	91.21352785
211.3	88.22944297
211.4	82.4602122
211.5	78.28249337
211.6	75.69628647
211.7	75.0994695
211.8	76.09416446
211.9	78.48143236
212	79.47612732
212.1	74.30371353
212.2	69.52917772
212.3	68.53448276
212.4	71.12068966
212.5	75.49734748
212.6	78.68037135
212.7	78.87931034
212.8	79.07824934
212.9	76.88992042
213	72.91114058
213.1	72.91114058
213.2	74.80106101
213.3	78.38196286
213.4	83.65384615
213.5	85.94164456
213.6	86.43899204
213.7	87.63262599
213.8	88.22944297
213.9	89.25787969
214	90.77122067
214.1	91.61140584
214.2	90.61671088
214.3	90.41777188
214.4	90.61671088
214.5	87.23474801
214.6	81.26657825
214.7	75.29840849
214.8	69.33023873
214.9	64.35676393
215	63.56100796
215.1	63.56100796
215.2	64.35676393
215.3	64.75464191
215.4	62.76525199
215.5	61.96949602
215.6	64.9535809
215.7	69.33023873
215.8	73.70689655
215.9	78.08355438
216	83.68226601
216.1	88.72679045
216.2	89.82095491
216.3	92.10875332
216.4	95.39124668
216.5	95.19230769
216.6	90.0198939
216.7	81.06763926
216.8	67.63925729
216.9	58.18965517
217	56.20026525
217.1	57.99071618
217.2	60.77586207
217.3	64.9535809
217.4	68.93236074
217.5	71.71750663
217.6	77.28779841
217.7	81.26657825
217.8	82.4602122
217.9	81.26657825
218	81.06763926
218.1	80.66976127
218.2	79.87400531
218.3	80.47082228
218.4	81.06763926
218.5	82.85809019
218.6	85.44429708
218.7	90.21883289
218.8	94.59549072
218.9	96.38594164
219	95.80570292
219.1	94.59549072
219.2	94.39655172
219.3	92.80503979
219.4	90.0198939
219.5	86.04111406
219.6	79.67506631
219.7	72.91114058
219.8	67.93766578
219.9	67.14190981
220	66.51301943
220.1	65.15251989
220.2	64.9535809
220.3	64.25729443
220.4	63.06366048
220.5	62.86472149
220.6	63.66047745
220.7	65.35145889
220.8	67.24137931
220.9	68.03713528
221	69.16828839
221.1	69.72811671
221.2	71.51856764
221.3	76.09416446
221.4	80.27188329
221.5	84.25066313
221.6	88.22944297
221.7	89.42307692
221.8	87.63262599
221.9	85.24535809
222	82.69893899
222.1	78.87931034
222.2	73.90583554
222.3	68.93236074
222.4	66.54509284
222.5	64.75464191
222.6	63.16312997
222.7	63.75994695
222.8	68.33554377
222.9	69.72811671
223	69.82406368
223.1	68.93236074
223.2	69.72811671
223.3	71.31962865
223.4	73.90583554
223.5	76.69098143
223.6	79.87400531
223.7	82.16180371
223.8	84.84748011
223.9	90.1193634
224	93.00397878
224.1	90.41777188
224.2	86.63793103
224.3	82.4602122
224.4	77.88461538
224.5	75.49734748
224.6	72.91114058
224.7	69.9270557
224.8	69.13129973
224.9	73.70689655
225	76.78608456
225.1	80.08921351
225.2	83.05702918
225.3	85.44429708
225.4	87.03580902
225.5	89.12466844
225.6	90.21883289
225.7	90.0198939
225.8	90.0198939
225.9	89.12466844
226	86.40555692
226.1	84.25066313
226.2	83.25596817
226.3	82.26127321
226.4	84.05172414
226.5	87.23474801
226.6	89.82095491
226.7	91.61140584
226.8	92.20822281
226.9	92.80503979
227	90.60245245
227.1	88.42838196
227.2	89.62201592
227.3	93.99867374
227.4	98.47480106
227.5	104.64190981
227.6	112.10212202
227.7	117.37400531
227.8	118.66710875
227.9	116.97612732
228	113.9718703
228.1	111.30636605
228.2	109.31697613
228.3	104.14456233
228.4	97.5795756
228.5	92.00928382
228.6	84.25066313
228.7	73.11007958
228.8	63.56100796
228.9	55.80238727
229	50.26986872
229.1	47.24801061
229.2	48.74005305
229.3	50.82891247
229.4	53.21618037
229.5	56.20026525
229.6	59.48275862
229.7	62.76525199
229.8	64.55570292
229.9	64.45623342
230	64.75464191
230.1	64.35676393
230.2	65.15251989
230.3	65.15251989
230.4	66.54509284
230.5	68.33554377
230.6	69.9270557
230.7	69.33023873
230.8	68.93236074
230.9	67.5397878
231	64.08967213
231.1	60.87533156
231.2	59.9801061
231.3	60.37798408
231.4	61.96949602
231.5	62.76525199
231.6	60.47745358
231.7	57.29442971
231.8	54.70822281
231.9	52.6193634
232	53.15020061
232.1	55.0066313
232.2	56.99602122
232.3	57.5928382
232.4	58.78647215
232.5	61.96949602
232.6	65.15251989
232.7	66.54509284
232.8	67.34084881
232.9	65.55039788
233	63.64058355
233.1	60.77586207
233.2	57.3938992
233.3	54.40981432
233.4	53.01724138
233.5	52.6193634
233.6	53.21618037
233.7	54.60875332
233.8	58.58753316
233.9	61.77055703
234	64.94284558
234.1	67.24137931
234.2	66.74403183
234.3	65.84880637
234.4	61.67108753
234.5	58.58753316
234.6	59.48275862
234.7	61.67108753
234.8	64.55570292
234.9	67.14190981
235	69.46255629
235.1	71.68993276
235.2	73.90583554
235.3	76.49204244
235.4	80.0729443
235.5	83.05702918
235.6	83.65384615
235.7	79.27718833
235.8	77.88461538
235.9	80.86870027
236	83.26352282
236.1	84.84748011
236.2	82.26127321
236.3	75
236.4	66.94297082
236.5	60.67639257
236.6	57.29442971
236.7	58.58753316
236.8	59.9801061
236.9	60.87533156
237	62.16843501
237.1	61.57161804
237.2	58.78647215
237.3	55.80238727
237.4	53.81299735
237.5	52.6193634
237.6	52.6193634
237.7	53.21618037
237.8	55.0066313
237.9	56.59814324
238	57.17717983
238.1	58.38859416
238.2	59.78116711
238.3	58.18965517
238.4	58.38859416
238.5	59.58222812
238.6	60.47745358
238.7	61.17374005
238.8	64.65517241
238.9	67.5397878
239	68.33554377
239.1	62.36737401
239.2	56.59814324
239.3	51.22679045
239.4	46.25331565
239.5	41.87665782
239.6	35.70954907
239.7	31.33289125
239.8	30.33819629
239.9	31.05012808
240	31.47461396
240.1	31.73076923
240.2	31.92970822
240.3	33.72015915
240.4	35.90848806
240.5	39.58885942
240.6	44.26392573
240.7	46.65119363
240.8	47.04907162
240.9	46.65119363
241	45.79503938
241.1	45.85543767
241.2	47.04907162
241.3	47.64588859
241.4	46.25331565
241.5	46.65119363
241.6	47.4469496
241.7	47.64588859
241.8	47.64588859
241.9	46.25331565
242	45.25862069
242.1	43.66710875
242.2	43.86604775
242.3	45.0596817
242.4	45.25862069
242.5	45.0596817
242.6	44.53050398
242.7	43.66710875
242.8	44.81242895
242.9	46.05437666
243	46.63129973
243.1	47.84482759
243.2	50.23209549
243.3	52.6193634
243.4	54.01193634
243.5	54.01193634
243.6	51.42572944
243.7	48.83952255
243.8	49.63527851
243.9	51.42572944
244	50.92838196
244.1	49.63527851
244.2	47.84482759
244.3	46.85013263
244.4	43.86604775
244.5	40.0862069
244.6	37.69893899
244.7	36.90318302
244.8	36.90318302
244.9	37.10212202
245	36.63489136
245.1	37.20159151
245.2	38.49469496
245.3	40.68302387
245.4	42.07559682
245.5	41.37931034
245.6	40.68302387
245.7	41.43899204
245.8	42.27453581
245.9	42.27453581
246	43.203251
246.1	45.65649867
246.2	48.83952255
246.3	51.22679045
246.4	53.21618037
246.5	52.22148541
246.6	48.83952255
246.7	46.05437666
246.8	45.0596817
246.9	44.66180371
247	44.26392573
247.1	45.25862069
247.2	45.65649867
247.3	44.06498674
247.4	40.28514589
247.5	37.10212202
247.6	34.31697613
247.7	32.92440318
247.8	33.91909814
247.9	35.51061008
248	36.96341666
248.1	37.89787798
248.2	37.5994695
248.3	37.10212202
248.4	37.20159151
248.5	38.39522546
248.6	39.9867374
248.7	41.97612732
248.8	43.36870027
248.9	43.26923077
249	41.47877984
249.1	39.68832891
249.2	40.68302387
249.3	40.88196286
249.4	39.29045093
249.5	36.10742706
249.6	31.73076923
249.7	28.94562334
249.8	25.96153846
249.9	24.37002653
250	23.18025547
250.1	21.9039556
250.2	19.9933687
250.3	16.31299735
250.4	14.02519894
250.5	12.63262599
250.6	12.83156499
250.7	13.72679045
250.8	14.52254642
250.9	15.31830239
251	15.43976514
251.1	14.62201592
251.2	13.62732095
251.3	14.62201592
251.4	15.41777188
251.5	17.00928382
251.6	19.19761273
251.7	20.39124668
251.8	21.18700265
251.9	22.97745358
252	23.03713528
252.1	23.57427056
252.2	24.76790451
252.3	24.76790451
252.4	25.96153846
252.5	29.74137931
252.6	32.5265252
252.7	33.72015915
252.8	33.72015915
252.9	34.31697613
253	34.46806903
253.1	35.21220159
253.2	37.69893899
253.3	40.38461538
253.4	40.48408488
253.5	33.81962865
253.6	27.75198939
253.7	24.27055703
253.8	22.67904509
253.9	21.98275862
254	21.78381963
254.1	21.38594164
254.2	21.78381963
254.3	22.5795756
254.4	23.37533156
254.5	25.16578249
254.6	26.16047745
254.7	26.35941645
254.8	26.16047745
254.9	25.76259947
255	25.2161468
255.1	25.36472149
255.2	25.86206897
255.3	27.75198939
255.4	29.74137931
255.5	30.83554377
255.6	32.5265252
255.7	34.51591512
255.8	34.81432361
255.9	33.12334218
256	32.0696653
256.1	31.92970822
256.2	31.53183024
256.3	30.73607427
256.4	30.93501326
256.5	32.32758621
256.6	34.9137931
256.7	38.89257294
256.8	42.07559682
256.9	40.28514589
257	36.57635468
257.1	31.73076923
257.2	25.56366048
257.3	21.78381963
257.4	20.78912467
257.5	21.38594164
257.6	21.58488064
257.7	21.58488064
257.8	21.78381963
257.9	21.78381963
258	21.60266102
258.1	20.78912467
258.2	20.59018568
258.3	21.48541114
258.4	22.4801061
258.5	24.46949602
258.6	25.46419098
258.7	24.27055703
258.8	23.77320955
258.9	23.17639257
259	22.99944684
259.1	22.18169761
259.2	22.77851459
259.3	23.97214854
259.4	24.17108753
259.5	22.77851459
259.6	22.5795756
259.7	22.77851459
259.8	22.77851459
259.9	21.78381963
260	21.55646078
260.1	22.18169761
260.2	23.17639257
260.3	24.37002653
260.4	25.56366048
260.5	25.96153846
260.6	26.35941645
260.7	26.55835544
260.8	26.55835544
260.9	27.35411141
261	27.85145889
261.1	27.75198939
261.2	26.95623342
261.3	27.15517241
261.4	27.15517241
261.5	27.15517241
261.6	29.34350133
261.7	31.32493369
261.8	31.73076923
261.9	29.89398677
262	28.17494372
262.1	26.75729443
262.2	25.96153846
262.3	25.76259947
262.4	24.76790451
262.5	24.17108753
262.6	25.96153846
262.7	27.95092838
262.8	29.95168624
262.9	32.32758621
263	33.72015915
263.1	33.72015915
263.2	31.13395225
263.3	28.54774536
263.4	27.75198939
263.5	28.14986737
263.6	26.95623342
263.7	27.5530504
263.8	28.34880637
263.9	28.54774536
264	28.7964191
264.1	29.54244032
264.2	30.33819629
264.3	30.93501326
264.4	31.53183024
264.5	32.5265252
264.6	32.92440318
264.7	31.92970822
264.8	31.92970822
264.9	31.53183024
265	29.54244032
265.1	29.14456233
265.2	30.13925729
265.3	32.92440318
265.4	33.62068966
265.5	31.33289125
265.6	29.14456233
265.7	28.34880637
265.8	29.44297082
265.9	31.13395225
266	33.08355438
266.1	33.81962865
266.2	32.32758621
266.3	29.64190981
266.4	28.64721485
266.5	27.5530504
266.6	26.55835544
266.7	27.65251989
266.8	29.24403183
266.9	29.74137931
267	27.95092838
267.1	28.94562334
267.2	28.24933687
267.3	27.4535809
267.4	26.55835544
267.5	26.16047745
267.6	25.26525199
267.7	25.36472149
267.8	26.85676393
267.9	27.95092838
268	27.95092838
268.1	28.54774536
268.2	28.54774536
268.3	28.94562334
268.4	29.64190981
268.5	30.63660477
268.6	32.72546419
268.7	34.61538462
268.8	34.51591512
268.9	34.01856764
269	32.57625995
269.1	30.93501326
269.2	31.13395225
269.3	32.22811671
269.4	32.92440318
269.5	33.32228117
269.6	34.11803714
269.7	34.9137931
269.8	34.41644562
269.9	33.02387268
270	32.31567369
270.1	31.92970822
270.2	32.12864721
270.3	32.12864721
270.4	33.12334218
270.5	34.11803714
270.6	33.12334218
270.7	32.32758621
270.8	31.92970822
270.9	32.5265252
271	33.12334218
271.1	33.42175066
271.2	34.71485411
271.3	36.30636605
271.4	37.10212202
271.5	36.20689655
271.6	35.1127321
271.7	35.80901857
271.8	36.50530504
271.9	37.20159151
272	37.36004292
272.1	37.5
272.2	37.10212202
272.3	38.09681698
272.4	39.29045093
272.5	41.08090186
272.6	42.27453581
272.7	41.87665782
272.8	40.48408488
272.9	39.29045093
273	38.33554377
273.1	37.10212202
273.2	35.70954907
273.3	34.11803714
273.4	34.11803714
273.5	35.51061008
273.6	36.50530504
273.7	36.10742706
273.8	34.51591512
273.9	32.92440318
274	31.53183024
274.1	32.12864721
274.2	32.92440318
274.3	32.32758621
274.4	32.32758621
274.5	33.22281167
274.6	34.81432361
274.7	36.10742706
274.8	36.70424403
274.9	35.70954907
275	35.43849644
275.1	35.14280265
275.2	35.51061008
275.3	35.70954907
275.4	36.10742706
275.5	37.10212202
275.6	38.09681698
275.7	39.29045093
275.8	39.68832891
275.9	40.48408488
276	39.736175
276.1	39.48938992
276.2	39.29045093
276.3	37.79840849
276.4	37.5
276.5	36.20689655
276.6	34.31697613
276.7	34.31697613
276.8	35.90848806
276.9	38.09681698
277	37.0423012
277.1	36.10742706
277.2	37.10212202
277.3	36.90318302
277.4	37.30106101
277.5	38.89257294
277.6	41.87665782
277.7	43.46816976
277.8	43.66710875
277.9	43.07029178
278	42.73209549
278.1	42.87135279
278.2	41.47877984
278.3	40.28514589
278.4	39.48938992
278.5	39.68832891
278.6	39.68832891
278.7	39.29045093
278.8	38.29575597
278.9	36.70424403
279	35.31167109
279.1	36.10742706
279.2	37.10212202
279.3	39.29045093
279.4	39.8872679
279.5	39.09151194
279.6	38.69363395
279.7	38.29575597
279.8	38.89257294
279.9	38.09681698
280	37.54973475
280.1	37.69893899
280.2	37.5
280.3	38.29575597
280.4	38.49469496
280.5	38.09681698
280.6	36.70424403
280.7	35.90848806
280.8	36.90318302
280.9	36.70424403
281	36.10408354
281.1	35.41114058
281.2	33.12334218
281.3	31.63129973
281.4	30.83554377
281.5	31.63129973
281.6	32.32758621
281.7	32.12864721
281.8	32.12864721
281.9	32.4270557
282	30.57692308
282.1	29.54244032
282.2	30.33819629
282.3	32.02917772
282.4	32.72546419
282.5	32.92440318
282.6	33.81962865
282.7	33.02387268
282.8	31.63129973
282.9	31.53183024
283	30.98147207
283.1	30.33819629
283.2	30.53713528
283.3	31.05437666
283.4	32.12864721
283.5	34.71485411
283.6	35.90848806
283.7	35.70954907
283.8	35.90848806
283.9	36.10742706
284	36.50530504
284.1	37.10212202
284.2	36.78713528
284.3	36.60477454
284.4	37.69893899
284.5	39.19098143
284.6	39.48938992
284.7	39.9867374
284.8	41.37931034
284.9	41.87665782
285	41.87665782
285.1	39.68832891
285.2	36.50530504
285.3	34.71485411
285.4	33.72015915
285.5	34.51591512
285.6	36.70424403
285.7	37.30106101
285.8	35.70954907
285.9	35.51061008
286	34.85355946
286.1	33.91909814
286.2	32.82493369
286.3	30.23872679
286.4	28.74668435
286.5	29.04509284
286.6	30.0397878
286.7	30.53713528
286.8	30.13925729
286.9	30.33819629
287	31.13395225
287.1	33.91909814
287.2	35.61007958
287.3	35.61007958
287.4	34.41644562
287.5	32.92440318
287.6	32.4270557
287.7	31.63129973
287.8	30.63660477
287.9	29.44297082
288	27.90119363
288.1	26.06100796
288.2	24.07161804
288.3	23.77320955
288.4	24.17108753
288.5	24.86737401
288.6	25.26525199
288.7	24.37002653
288.8	23.37533156
288.9	23.77320955
289	24.27055703
289.1	24.46949602
289.2	23.17639257
289.3	20.68965517
289.4	19.69496021
289.5	19.29708223
289.6	18.50132626
289.7	17.90450928
289.8	19.69496021
289.9	22.87798408
290	26.40204623
290.1	31.33289125
290.2	37.20159151
290.3	41.37931034
290.4	44.16445623
290.5	44.66180371
290.6	45.15915119
290.7	46.55172414
290.8	46.75066313
290.9	46.85013263
291	47.30699252
291.1	47.64588859
291.2	49.03846154
291.3	50.23209549
291.4	50.82891247
291.5	50.82891247
291.6	50.62997347
291.7	51.42572944
291.8	51.02785146
291.9	52.6193634
292	54.81473736
292.1	56.69761273
292.2	56.99602122
292.3	54.40981432
292.4	51.62466844
292.5	50.13262599
292.6	49.63527851
292.7	50.0331565
292.8	48.83952255
292.9	47.04907162
293	46.05437666
293.1	45.65649867
293.2	45.65649867
293.3	46.25331565
293.4	45.75596817
293.5	45.95490716
293.6	47.74535809
293.7	48.74005305
293.8	49.53580902
293.9	51.32625995
294	51.77387268
294.1	50.62997347
294.2	48.34217507
294.3	45.15915119
294.4	42.37400531
294.5	38.79310345
294.6	35.41114058
294.7	32.4270557
294.8	32.5265252
294.9	34.21750663
295	33.2370216
295.1	30.53713528
295.2	28.14986737
295.3	28.14986737
295.4	31.53183024
295.5	34.71485411
295.6	39.68832891
295.7	45.65649867
295.8	53.21618037
295.9	58.58753316
296	64.18413092
296.1	68.93236074
296.2	69.52917772
296.3	62.36737401
296.4	53.41511936
296.5	48.24270557
296.6	48.44164456
296.7	49.63527851
296.8	52.4204244
296.9	56.39920424
297	58.76451348
297.1	58.68700265
297.2	56.39920424
297.3	52.71883289
297.4	51.82360743
297.5	54.50928382
297.6	56.39920424
297.7	55.20557029
297.8	53.91246684
297.9	52.4204244
298	50.23209549
298.1	47.84482759
298.2	45.85543767
298.3	44.06498674
298.4	41.08090186
298.5	39.68832891
298.6	37.10212202
298.7	32.92440318
298.8	29.54244032
298.9	26.55835544
299	24.9668435
299.1	22.87798408
299.2	21.98275862
299.3	20.88859416
299.4	19.29708223
299.5	17.6061008
299.6	16.11405836
299.7	15.31830239
299.8	13.82625995
299.9	13.72679045
300	14.62201592
300.1	15.81564987
300.2	17.80503979
300.3	20.39124668
300.4	22.97745358
300.5	25.96153846
300.6	31.03448276
300.7	38.49469496
300.8	47.64588859
300.9	56.79708223
301	62.9814336
301.1	67.14190981
301.2	67.73872679
301.3	63.56100796
301.4	57.99071618
301.5	57.3938992
301.6	63.95888594
301.7	69.13129973
301.8	72.5132626
301.9	76.49204244
302	79.07824934
302.1	79.77453581
302.2	77.3872679
302.3	73.90583554
302.4	69.52917772
302.5	64.75464191
302.6	60.87533156
302.7	58.48806366
302.8	58.38859416
302.9	61.67108753
303	64.49602122
303.1	66.24668435
303.2	67.5397878
303.3	68.33554377
303.4	70.52387268
303.5	74.30371353
303.6	76.09416446
303.7	76.49204244
303.8	72.91114058
303.9	67.04244032
304	57.60941645
304.1	47.24801061
304.2	40.98143236
304.3	36.70424403
304.4	35.51061008
304.5	36.40583554
304.6	37.5
304.7	37.00265252
304.8	36.40583554
304.9	36.50530504
305	37.98491379
305.1	39.48938992
305.2	37.5994695
305.3	34.21750663
305.4	32.5265252
305.5	32.72546419
305.6	33.81962865
305.7	35.41114058
305.8	37.10212202
305.9	38.59416446
306	39.29045093
306.1	38.69363395
306.2	37.69893899
306.3	37.30106101
306.4	38.09681698
306.5	37.89787798
306.6	37.5
306.7	37.5
306.8	38.29575597
306.9	40.0862069
307	42.33421751
307.1	44.46286472
307.2	44.46286472
307.3	44.06498674
307.4	42.07559682
307.5	39.48938992
307.6	39.48938992
307.7	40.68302387
307.8	42.07559682
307.9	42.67241379
308	43.18965517
308.1	43.46816976
308.2	43.07029178
308.3	42.67241379
308.4	42.87135279
308.5	43.46816976
308.6	42.67241379
308.7	40.28514589
308.8	41.27984085
308.9	43.66710875
309	44.86074271
309.1	46.25331565
309.2	46.15384615
309.3	45.85543767
309.4	47.14854111
309.5	50.23209549
309.6	52.02254642
309.7	53.11671088
309.8	53.81299735
309.9	53.51458886
310	55.21893031
310.1	56.79708223
310.2	55.0066313
310.3	48.24270557
310.4	40.68302387
310.5	37.30106101
310.6	36.50530504
310.7	35.31167109
310.8	35.31167109
310.9	35.70954907
311	36.00795756
311.1	34.71485411
311.2	33.72015915
311.3	33.52122016
311.4	32.32758621
311.5	31.53183024
311.6	30.93501326
311.7	30.93501326
311.8	30.73607427
311.9	30.13925729
312	30.45896869
312.1	30.43766578
312.2	28.14986737
312.3	27.5530504
312.4	27.85145889
312.5	29.64190981
312.6	30.93501326
312.7	29.64190981
312.8	28.34880637
312.9	28.54774536
313	29.64190981
313.1	30.53713528
313.2	31.73076923
313.3	33.22281167
313.4	34.11803714
313.5	33.81962865
313.6	31.63129973
313.7	29.64190981
313.8	29.74137931
313.9	30.43766578
314	31.13395225
314.1	30.93501326
314.2	31.43236074
314.3	32.02917772
314.4	32.62599469
314.5	31.92970822
314.6	31.03448276
314.7	30.13925729
314.8	30.53713528
314.9	31.73076923
315	32.40966593
315.1	32.32758621
315.2	31.92970822
315.3	32.12864721
315.4	32.72546419
315.5	34.51591512
315.6	37.10212202
315.7	36.70424403
315.8	34.51591512
315.9	34.31697613
316	33.93687853
316.1	33.52122016
316.2	33.52122016
316.3	34.21750663
316.4	34.71485411
316.5	34.51591512
316.6	34.71485411
316.7	35.1127321
316.8	35.1127321
316.9	35.61007958
317	36.65450928
317.1	36.30636605
317.2	35.31167109
317.3	34.61538462
317.4	34.11803714
317.5	34.81432361
317.6	36.30636605
317.7	38.49469496
317.8	40.58355438
317.9	41.37931034
318	41.97529144
318.1	42.07559682
318.2	42.4734748
318.3	41.47877984
318.4	40.0862069
318.5	39.09151194
318.6	38.89257294
318.7	39.48938992
318.8	41.08090186
318.9	42.4734748
319	43.1735386
319.1	44.36339523
319.2	45.0596817
319.3	45.75596817
319.4	46.05437666
319.5	44.9602122
319.6	45.55702918
319.7	46.75066313
319.8	45.85543767
319.9	44.86074271
320	44.46286472
320.1	42.77188329
320.2	43.66710875
320.3	46.35278515
320.4	48.54111406
320.5	49.43633952
320.6	48.54111406
320.7	47.74535809
320.8	47.5464191
320.9	48.34217507
321	46.71087533
321.1	44.76127321
321.2	43.16976127
321.3	43.36870027
321.4	44.56233422
321.5	44.9602122
321.6	45.35809019
321.7	45.75596817
321.8	46.94960212
321.9	49.13793103
322	49.77453581
322.1	50.0331565
322.2	50.53050398
322.3	49.63527851
322.4	49.63527851
322.5	50.0331565
322.6	50.0331565
322.7	47.94429708
322.8	45.75596817
322.9	46.35278515
323	49.10951118
323.1	51.82360743
323.2	54.31034483
323.3	54.80769231
323.4	55.90185676
323.5	56.39920424
323.6	57.4933687
323.7	56.99602122
323.8	54.80769231
323.9	49.53580902
324	44.36339523
324.1	45.0596817
324.2	46.65119363
324.3	49.63527851
324.4	52.22148541
324.5	55.0066313
324.6	57.19496021
324.7	58.38859416
324.8	58.78647215
324.9	59.9801061
325	59.9801061
325.1	57.09549072
325.2	55.60344828
325.3	55.80238727
325.4	55.1061008
325.5	53.41511936
325.6	52.22148541
325.7	51.72413793
325.8	51.32625995
325.9	50.72944297
326	48.91959862
326.1	48.64058355
326.2	51.62466844
326.3	52.6193634
326.4	51.82360743
326.5	50.23209549
326.6	48.24270557
326.7	47.24801061
326.8	50.62997347
326.9	52.22148541
327	51.96809996
327.1	49.83421751
327.2	47.94429708
327.3	48.83952255
327.4	50.43103448
327.5	49.73474801
327.6	49.03846154
327.7	48.93899204
327.8	50.62997347
327.9	52.32095491
328	52.51905802
328.1	52.6193634
328.2	52.22148541
328.3	51.62466844
328.4	51.42572944
328.5	51.22679045
328.6	49.03846154
328.7	48.04376658
328.8	47.04907162
328.9	46.05437666
329	47.6040067
329.1	50.53050398
329.2	53.01724138
329.3	53.91246684
329.4	54.11140584
329.5	54.01193634
329.6	52.6193634
329.7	51.52519894
329.8	51.92307692
329.9	52.22148541
330	53.06411182
330.1	53.61405836
330.2	53.41511936
330.3	52.6193634
330.4	51.82360743
330.5	51.22679045
330.6	53.01724138
330.7	57.19496021
330.8	63.56100796
330.9	69.72811671
331	73.25928382
331.1	75.48938992
331.2	77.28779841
331.3	80.86870027
331.4	86.63793103
331.5	90.61671088
331.6	92.4071618
331.7	89.22413793
331.8	81.66445623
331.9	76.09416446
332	73.31359666
332.1	68.93236074
332.2	65.35145889
332.3	63.75994695
332.4	62.16843501
332.5	61.96949602
332.6	62.36737401
332.7	62.96419098
332.8	62.76525199
332.9	62.96419098
333	63.45462171
333.1	64.75464191
333.2	65.94827586
333.3	65.74933687
333.4	65.94827586
333.5	68.53448276
333.6	69.9270557
333.7	67.34084881
333.8	60.97480106
333.9	52.02254642
334	49.43633952
334.1	49.23740053
334.2	49.73474801
334.3	50.0331565
334.4	50.62997347
334.5	51.32625995
334.6	52.6193634
334.7	54.80769231
334.8	57.4933687
334.9	58.88594164
335	60.15921382
335.1	61.57161804
335.2	62.16843501
335.3	60.77586207
335.4	62.36737401
335.5	68.33554377
335.6	73.70689655
335.7	74.50265252
335.8	71.91644562
335.9	68.33554377
336	66.50248702
336.1	66.34615385
336.2	66.74403183
336.3	67.34084881
336.4	72.11538462
336.5	78.08355438
336.6	83.75331565
336.7	83.85278515
336.8	79.67506631
336.9	78.08355438
337	78.45943911
337.1	78.48143236
337.2	74.9005305
337.3	67.14190981
337.4	60.57692308
337.5	58.18965517
337.6	58.98541114
337.7	62.76525199
337.8	68.53448276
337.9	74.70159151
338	79.30905883
338.1	82.85809019
338.2	85.24535809
338.3	86.24005305
338.4	86.53846154
338.5	86.83687003
338.6	86.24005305
338.7	86.93633952
338.8	87.63262599
338.9	87.13527851
339	86.79988137
339.1	85.64323607
339.2	81.66445623
339.3	77.68567639
339.4	77.68567639
339.5	78.28249337
339.6	78.68037135
339.7	77.28779841
339.8	75.0994695
339.9	72.11538462
340	70.82773321
340.1	69.72811671
340.2	68.33554377
340.3	68.53448276
340.4	71.91644562
340.5	74.9005305
340.6	78.08355438
340.7	83.25596817
340.8	85.24535809
340.9	84.64854111
341	83.85278515
341.1	85.0464191
341.2	85.84217507
341.3	86.43899204
341.4	85.64323607
341.5	81.86339523
341.6	78.08355438
341.7	78.28249337
341.8	79.87400531
341.9	82.65915119
342	85.63328912
342.1	86.24005305
342.2	84.25066313
342.3	83.45490716
342.4	83.45490716
342.5	82.26127321
342.6	81.86339523
342.7	81.26657825
342.8	81.26657825
342.9	81.26657825
343	79.77101328
343.1	79.07824934
343.2	79.37665782
343.3	80.0729443
343.4	79.67506631
343.5	80.66976127
343.6	82.26127321
343.7	82.65915119
343.8	84.15119363
343.9	85.54376658
344	85.44429708
344.1	86.33952255
344.2	88.03050398
344.3	86.93633952
344.4	83.15649867
344.5	81.86339523
344.6	82.26127321
344.7	82.26127321
344.8	82.06233422
344.9	81.66445623
345	81.26657825
345.1	81.36604775
345.2	80.27188329
345.3	81.36604775
345.4	83.65384615
345.5	85.34482759
345.6	86.53846154
345.7	86.43899204
345.8	82.85809019
345.9	79.17771883
346	78.48143236
346.1	78.68037135
346.2	78.87931034
346.3	77.88461538
346.4	78.48143236
346.5	78.68037135
346.6	77.4867374
346.7	75.89522546
346.8	75.89522546
346.9	77.88461538
347	78.70523873
347.1	78.87931034
347.2	78.68037135
347.3	80.47082228
347.4	83.05702918
347.5	85.44429708
347.6	84.84748011
347.7	81.86339523
347.8	78.48143236
347.9	77.28779841
348	76.05437666
348.1	75.69628647
348.2	75.69628647
348.3	76.69098143
348.4	77.68567639
348.5	78.08355438
348.6	81.26657825
348.7	83.85278515
348.8	84.64854111
348.9	81.26657825
349	79.19197669
349.1	78.28249337
349.2	81.16710875
349.3	81.26657825
349.4	79.9734748
349.5	77.4867374
349.6	75.29840849
349.7	74.70159151
349.8	74.9005305
349.9	76.43083044
350	79.36900633
350.1	82.16180371
350.2	82.16180371
350.3	81.66445623
350.4	81.66445623
350.5	82.4602122
350.6	83.05702918
350.7	83.35543767
350.8	81.66445623
350.9	79.27718833
351	77.18832891
351.1	79.07824934
351.2	81.36604775
351.3	82.75862069
351.4	84.05172414
351.5	84.74801061
351.6	84.25066313
351.7	84.44960212
351.8	82.95755968
351.9	78.97877984
352	75.97480106
352.1	72.71220159
352.2	69.9270557
352.3	67.24137931
352.4	65.15251989
352.5	66.94297082
352.6	71.02122016
352.7	75.69628647
352.8	79.67506631
352.9	81.16710875
353	82.40891347
353.1	82.4602122
353.2	81.06763926
353.3	79.47612732
353.4	79.27718833
353.5	79.67506631
353.6	79.07824934
353.7	79.47612732
353.8	82.26127321
353.9	83.45490716
354	81.83856979
354.1	81.16710875
354.2	83.15649867
354.3	83.45490716
354.4	80.66976127
354.5	78.28249337
354.6	76.09416446
354.7	74.9005305
354.8	74.00530504
354.9	73.50795756
355	75.02210433
355.1	77.4867374
355.2	80.86870027
355.3	82.4602122
355.4	81.26657825
355.5	82.16180371
355.6	84.25066313
355.7	85.24535809
355.8	83.95225464
355.9	84.54907162
356	83.47480106
356.1	79.9734748
356.2	76.88992042
356.3	78.28249337
356.4	80.86870027
356.5	83.85278515
356.6	84.35013263
356.7	83.05702918
356.8	80.47082228
356.9	79.37665782
357	79.1592245
357.1	79.27718833
357.2	83.65384615
357.3	86.63793103
357.4	86.04111406
357.5	84.25066313
357.6	83.45490716
357.7	83.45490716
357.8	83.85278515
357.9	84.84748011
358	85.24535809
358.1	84.15119363
358.2	83.05702918
358.3	82.65915119
358.4	82.85809019
358.5	84.05172414
358.6	87.433687
358.7	90.1193634
358.8	90.61671088
358.9	90.81564987
359	89.48905669
359.1	88.03050398
359.2	89.22413793
359.3	90.61671088
359.4	92.80503979
359.5	94.19761273
359.6	94.19761273
359.7	92.00928382
359.8	89.82095491
359.9	90.0198939
360	91.19126392
360.1	92.10875332
360.2	92.70557029
360.3	94.29708223
360.4	93.50132626
360.5	93.99867374
360.6	95.29177719
360.7	95.88859416
360.8	93.60079576
360.9	90.21883289
361	87.20632815
361.1	84.35013263
361.2	82.95755968
361.3	82.85809019
361.4	84.74801061
361.5	87.63262599
361.6	90.31830239
361.7	91.01458886
361.8	91.81034483
361.9	92.20822281
362	90.77060708
362.1	89.02519894
362.2	86.24005305
362.3	83.45490716
362.4	78.08355438
362.5	70.92175066
362.6	66.74403183
362.7	63.16312997
362.8	59.9801061
362.9	58.18965517
363	57.81664456
363.1	58.18965517
363.2	56.59814324
363.3	55.20557029
363.4	55.0066313
363.5	55.60344828
363.6	56.59814324
363.7	58.58753316
363.8	58.98541114
363.9	57.5928382
364	58.09018568
364.1	59.58222812
364.2	59.58222812
364.3	57.99071618
364.4	59.18435013
364.5	59.78116711
364.6	60.97480106
364.7	63.56100796
364.8	64.35676393
364.9	65.55039788
365	67.11964588
365.1	68.63395225
365.2	69.52917772
365.3	70.12599469
365.4	70.52387268
365.5	69.03183024
365.6	66.34615385
365.7	64.75464191
365.8	64.75464191
365.9	64.35676393
366	63.33954757
366.1	63.16312997
366.2	63.75994695
366.3	66.14721485
366.4	70.32493369
366.5	72.5132626
366.6	75.29840849
366.7	77.4867374
366.8	78.48143236
366.9	80.27188329
367	80.17241379
367.1	81.99602122
367.2	83.05702918
367.3	81.26657825
367.4	80.27188329
367.5	80.27188329
367.6	80.0729443
367.7	81.06763926
367.8	79.47612732
367.9	75.69628647
368	73.78149867
368.1	72.5132626
368.2	72.11538462
368.3	72.11538462
368.4	72.31432361
368.5	73.30901857
368.6	74.9005305
368.7	75.29840849
368.8	75.29840849
368.9	73.30901857
369	71.433356
369.1	70.32493369
369.2	71.51856764
369.3	72.4137931
369.4	71.22015915
369.5	69.72811671
369.6	70.0265252
369.7	72.01591512
369.8	74.70159151
369.9	75.89522546
370	76.49204244
370.1	77.88461538
370.2	78.28249337
370.3	76.09416446
370.4	75.0994695
370.5	73.80636605
370.6	72.71220159
370.7	70.72281167
370.8	69.9270557
370.9	68.73342175
371	69.80348268
371.1	72.11538462
371.2	71.31962865
371.3	71.91644562
371.4	74.30371353
371.5	75.0994695
371.6	73.60742706
371.7	71.51856764
371.8	70.62334218
371.9	71.41909814
372	71.52193949
372.1	71.71750663
372.2	74.10477454
372.3	75.89522546
372.4	77.28779841
372.5	79.47612732
372.6	80.86870027
372.7	81.66445623
372.8	82.06233422
372.9	81.06763926
373	81.10926972
373.1	81.66445623
373.2	82.26127321
373.3	83.85278515
373.4	87.23474801
373.5	89.82095491
373.6	88.82625995
373.7	86.63793103
373.8	86.04111406
373.9	86.83687003
374	86.72027333
374.1	86.04111406
374.2	87.433687
374.3	89.82095491
374.4	90.81564987
374.5	89.82095491
374.6	87.23474801
374.7	85.84217507
374.8	84.05172414
374.9	82.85809019
375	82.85809019
375.1	84.95989643
375.2	86.73740053
375.3	88.92572944
375.4	91.51193634
375.5	93.40185676
375.6	95.39124668
375.7	99.66843501
375.8	101.45888594
375.9	100.56366048
376	100.01657825
376.1	99.07161804
376.2	97.18169761
376.3	96.08753316
376.4	95.19230769
376.5	95.78912467
376.6	96.88328912
376.7	98.37533156
376.8	100.066313
376.9	102.95092838
377	103.8295756
377.1	103.64721485
377.2	100.86206897
377.3	93.89920424
377.4	84.15119363
377.5	72.6127321
377.6	60.57692308
377.7	50.82891247
377.8	45.65649867
377.9	42.17506631
378	40.0862069
378.1	40.0862069
378.2	41.57824934
378.3	43.46816976
378.4	44.26392573
378.5	45.55702918
378.6	45.95490716
378.7	43.46816976
378.8	41.77718833
378.9	43.36870027
379	44.36339523
379.1	40.78249337
379.2	32.82493369
379.3	27.05570292
379.4	22.4801061
379.5	19.69496021
379.6	19.59549072
379.7	19.9933687
379.8	19.49602122
379.9	19.19761273
380	19.49066059
380.1	20.78912467
380.2	23.97214854
380.3	28.14986737
380.4	32.72546419
380.5	38.29575597
380.6	48.64058355
380.7	57.5928382
380.8	58.78647215
380.9	51.82360743
381	47.22646487
381.1	42.37400531
381.2	41.37931034
381.3	42.97082228
381.4	43.46816976
381.5	40.18567639
381.6	38.19628647
381.7	37.69893899
381.8	38.59416446
381.9	40.68302387
382	44.35289844
382.1	47.24801061
382.2	49.23740053
382.3	50.62997347
382.4	49.43633952
382.5	46.45225464
382.6	45.0596817
382.7	45.25862069
382.8	50.23209549
382.9	53.01724138
383	54.60875332
383.1	53.61405836
383.2	51.42572944
383.3	50.62997347
383.4	48.83952255
383.5	46.65119363
383.6	45.85543767
383.7	45.85543767
383.8	43.26923077
383.9	40.68302387
384	40.42509144
384.1	40.18567639
384.2	39.68832891
384.3	40.58355438
384.4	42.07559682
384.5	43.66710875
384.6	44.76127321
384.7	43.46816976
384.8	41.77718833
384.9	39.9867374
385	40.64847758
385.1	42.07559682
385.2	42.67241379
385.3	41.08090186
385.4	39.48938992
385.5	39.68832891
385.6	40.68302387
385.7	42.07559682
385.8	43.66710875
385.9	44.66180371
386	43.46816976
386.1	44.56233422
386.2	46.15384615
386.3	47.4469496
386.4	47.4469496
386.5	45.85543767
386.6	43.16976127
386.7	42.4734748
386.8	41.87665782
386.9	40.18567639
387	39.29045093
387.1	38.29575597
387.2	37.69893899
387.3	37.5994695
387.4	38.79310345
387.5	40.48408488
387.6	41.97612732
387.7	43.07029178
387.8	44.46286472
387.9	44.06498674
388	40.01922744
388.1	36.70424403
388.2	36.90318302
388.3	40.28514589
388.4	44.46286472
388.5	48.44164456
388.6	53.61405836
388.7	57.19496021
388.8	59.78116711
388.9	60.37798408
389	60.37798408
389.1	59.9801061
389.2	58.78647215
389.3	59.58222812
389.4	62.566313
389.5	64.15782493
389.6	64.75464191
389.7	64.55570292
389.8	62.76525199
389.9	59.18435013
390	55.40450928
390.1	55.40450928
390.2	56.00132626
390.3	55.80238727
390.4	56.20026525
390.5	56.99602122
390.6	56.20026525
390.7	55.60344828
390.8	55.60344828
390.9	55.80238727
391	56.10079576
391.1	54.01193634
391.2	50.82891247
391.3	47.84482759
391.4	46.85013263
391.5	48.44164456
391.6	47.84482759
391.7	44.26392573
391.8	43.26923077
391.9	44.66180371
392	45.0596817
392.1	44.16445623
392.2	43.96551724
392.3	44.83090186
392.4	45.45755968
392.5	47.24801061
392.6	50.0331565
392.7	52.4204244
392.8	53.41511936
392.9	52.81830239
393	51.84180689
393.1	51.02785146
393.2	50.0331565
393.3	48.83952255
393.4	50.25198939
393.5	52.02254642
393.6	54.80769231
393.7	58.18965517
393.8	58.38859416
393.9	58.78647215
394	57.97082228
394.1	56.59814324
394.2	55.40450928
394.3	55.0066313
394.4	54.80769231
394.5	57.3938992
394.6	59.58222812
394.7	58.58753316
394.8	57.99071618
394.9	56.20026525
395	55.82725464
395.1	55.80238727
395.2	56.79708223
395.3	55.60344828
395.4	56.00132626
395.5	55.40450928
395.6	55.0066313
395.7	56.59814324
395.8	59.46286472
395.9	63.16312997
396	67.23897393
396.1	70.72281167
396.2	71.51856764
396.3	70.12599469
396.4	67.34084881
396.5	64.45623342
396.6	61.96949602
396.7	61.37267905
396.8	62.76525199
396.9	62.96419098
397	64.28403354
397.1	65.74933687
397.2	66.94297082
397.3	66.54509284
397.4	65.15251989
397.5	64.15782493
397.6	64.55570292
397.7	64.75464191
397.8	64.75464191
397.9	65.74933687
398	66.76392573
398.1	65.74933687
398.2	64.55570292
398.3	64.55570292
398.4	66.34615385
398.5	69.9270557
398.6	75.29840849
398.7	79.27718833
398.8	83.25596817
398.9	85.44429708
399	84.39986737
399.1	82.06233422
399.2	78.08355438
399.3	72.5132626
399.4	69.72811671
399.5	69.52917772
399.6	68.73342175
399.7	64.9535809
399.8	57.3938992
399.9	49.53580902
400	42.56672745
400.1	35.59764589
400.2	29.34350133
400.3	25.56366048
400.4	24.76790451
400.5	23.37533156
400.6	22.3806366
400.7	21.58488064
400.8	21.78381963
400.9	21.98275862
401	22.93766578
401.1	23.97214854
401.2	24.37002653
401.3	23.77320955
401.4	23.37533156
401.5	23.17639257
401.6	23.17639257
401.7	22.97745358
401.8	23.57427056
401.9	25.76259947
402	27.90119363
402.1	30.33819629
402.2	36.30636605
402.3	44.06498674
402.4	54.60875332
402.5	62.36737401
402.6	71.31962865
402.7	73.50795756
402.8	70.92175066
402.9	67.14190981
403	62.88266961
403.1	55.50397878
403.2	45.95490716
403.3	35.90848806
403.4	27.75198939
403.5	24.66843501
403.6	24.27055703
403.7	26.65782493
403.8	29.74137931
403.9	32.12864721
404	34.51591512
404.1	38.69363395
404.2	43.16976127
404.3	44.76127321
404.4	44.86074271
404.5	44.08156499
404.6	43.36870027
404.7	40.48408488
404.8	35.70954907
404.9	33.02387268
405	31.58593499
405.1	30.53713528
405.2	30.33819629
405.3	29.14456233
405.4	26.95623342
405.5	25.56366048
405.6	25.36472149
405.7	24.76790451
405.8	23.77320955
405.9	22.97745358
406	22.3806366
406.1	23.27586207
406.2	25.16578249
406.3	26.85676393
406.4	26.75729443
406.5	26.16047745
406.6	23.57427056
406.7	21.08753316
406.8	21.18700265
406.9	23.87267905
407	26.06100796
407.1	26.35941645
407.2	25.46419098
407.3	25.86206897
407.4	27.05570292
407.5	27.05570292
407.6	27.85145889
407.7	30.53713528
407.8	32.62599469
407.9	34.31697613
408	35.86450155
408.1	37.30106101
408.2	38.09681698
408.3	37.69893899
408.4	37.10212202
408.5	37.5
408.6	38.69363395
408.7	40.48408488
408.8	42.67241379
408.9	44.66180371
409	44.78257612
409.1	45.45755968
409.2	45.25862069
409.3	42.87135279
409.4	40.48408488
409.5	39.58885942
409.6	39.19098143
409.7	40.38461538
409.8	40.28514589
409.9	40.28514589
410	40.82359154
410.1	40.88196286
410.2	40.88196286
410.3	41.08090186
410.4	38.69363395
410.5	36.70424403
410.6	36.30636605
410.7	37.30106101
410.8	36.90318302
410.9	36.50530504
411	35.90848806
411.1	35.41114058
411.2	36.60477454
411.3	37.00265252
411.4	35.70954907
411.5	33.72015915
411.6	33.32228117
411.7	34.01856764
411.8	35.70954907
411.9	38.99204244
412	42.52545886
412.1	43.86604775
412.2	41.47877984
412.3	38.69363395
412.4	38.69363395
412.5	41.47877984
412.6	43.46816976
412.7	45.0596817
412.8	45.0596817
412.9	46.05437666
413	47.14854111
413.1	48.44164456
413.2	50.82891247
413.3	50.62997347
413.4	50.62997347
413.5	53.41511936
413.6	55.80238727
413.7	57.5928382
413.8	59.58222812
413.9	61.17374005
414	63.64058355
414.1	65.35145889
414.2	64.55570292
414.3	63.16312997
414.4	64.55570292
414.5	65.15251989
414.6	62.76525199
414.7	59.9801061
414.8	58.58753316
414.9	56.79708223
415	55.44329161
415.1	55.1061008
415.2	54.70822281
415.3	51.12732095
415.4	48.64058355
415.5	48.34217507
415.6	49.23740053
415.7	50.13262599
415.8	51.02785146
415.9	50.43103448
416	49.51731469
416.1	49.23740053
416.2	50.0331565
416.3	53.81299735
416.4	59.9801061
416.5	63.56100796
416.6	64.55570292
416.7	58.78647215
416.8	52.81830239
416.9	46.45225464
417	43.86604775
417.1	40.58355438
417.2	39.48938992
417.3	39.29045093
417.4	39.38992042
417.5	38.19628647
417.6	36.40583554
417.7	36.40583554
417.8	36.90318302
417.9	37.20159151
418	35.51061008
418.1	34.9137931
418.2	34.71485411
418.3	33.72015915
418.4	32.5265252
418.5	32.32758621
418.6	33.12334218
418.7	34.11803714
418.8	34.11803714
418.9	34.51591512
419	34.83919098
419.1	33.72015915
419.2	31.73076923
419.3	30.33819629
419.4	30.53713528
419.5	30.73607427
419.6	30.53713528
419.7	29.74137931
419.8	30.53713528
419.9	29.74137931
420	28.84615385
420.1	27.95092838
420.2	27.95092838
420.3	28.34880637
420.4	28.14986737
420.5	28.54774536
420.6	28.34880637
420.7	28.74668435
420.8	29.14456233
420.9	29.54244032
421	30.68474886
421.1	31.73076923
421.2	34.51591512
421.3	36.30636605
421.4	37.10212202
421.5	36.90318302
421.6	37.69893899
421.7	38.49469496
421.8	38.09681698
421.9	37.30106101
422	37.74942244
422.1	37.89787798
422.2	38.29575597
422.3	39.48938992
422.4	37.89787798
422.5	33.72015915
422.6	31.73076923
422.7	32.12864721
422.8	32.32758621
422.9	30.73607427
423	29.54244032
423.1	30.13925729
423.2	30.53713528
423.3	30.33819629
423.4	30.73607427
423.5	31.13395225
423.6	30.93501326
423.7	29.14456233
423.8	26.95623342
423.9	25.76259947
424	25.76259947
424.1	26.16047745
424.2	26.35941645
424.3	25.16578249
424.4	23.97214854
424.5	24.17108753
424.6	25.16578249
424.7	25.96153846
424.8	25.96153846
424.9	23.46286472
425	21.68435013
425.1	20.51061008
425.2	18.99867374
425.3	17.6061008
425.4	19.19761273
425.5	20.98806366
425.6	22.77851459
425.7	23.97214854
425.8	25.36472149
425.9	27.5530504
426	28.54774536
426.1	27.65251989
426.2	26.85676393
426.3	26.16047745
426.4	26.45888594
426.5	26.25994695
426.6	25.96153846
426.7	25.56366048
426.8	25.56366048
426.9	27.25464191
427	29.9403183
427.1	34.71485411
427.2	40.48408488
427.3	47.64588859
427.4	56.99602122
427.5	61.87002653
427.6	62.36737401
427.7	61.27320955
427.8	59.18435013
427.9	56.49867374
428	52.53744734
428.1	48.44164456
428.2	46.45225464
428.3	45.65649867
428.4	45.0596817
428.5	45.65649867
428.6	49.63527851
428.7	52.22148541
428.8	53.01724138
428.9	54.40981432
429	56.00837132
429.1	58.78647215
429.2	60.97480106
429.3	60.67639257
429.4	59.38328912
429.5	56.99602122
429.6	55.60344828
429.7	55.80238727
429.8	57.3938992
429.9	60.27851459
430	60.97480106
430.1	57.3938992
430.2	54.80769231
430.3	53.41511936
430.4	52.4204244
430.5	50.23209549
430.6	48.64058355
430.7	45.45755968
430.8	40.48408488
430.9	39.09151194
431	42.27453581
431.1	47.74535809
431.2	53.21618037
431.3	58.28912467
431.4	59.48275862
431.5	58.68700265
431.6	57.89124668
431.7	56.79708223
431.8	56.79708223
431.9	61.17374005
432	67.61491161
432.1	72.71220159
432.2	76.88992042
432.3	79.87400531
432.4	83.45490716
432.5	85.84217507
432.6	87.83156499
432.7	86.04111406
432.8	81.86339523
432.9	76.69098143
433	74.14456233
433.1	73.70689655
433.2	77.08885942
433.3	81.46551724
433.4	81.86339523
433.5	73.30901857
433.6	63.75994695
433.7	58.38859416
433.8	54.21087533
433.9	53.41511936
434	58.86794506
434.1	66.74403183
434.2	72.11538462
434.3	75.49734748
434.4	78.38196286
434.5	82.75862069
434.6	85.24535809
434.7	83.75331565
434.8	80.96816976
434.9	78.68037135
435	74.70159151
435.1	73.11007958
435.2	76.29310345
435.3	83.25596817
435.4	87.63262599
435.5	88.42838196
435.6	89.82095491
435.7	88.62732095
435.8	86.43899204
435.9	82.65915119
436	73.30901857
436.1	70.52387268
436.2	71.41909814
436.3	70.92175066
436.4	69.9270557
436.5	72.01591512
436.6	75.79575597
436.7	80.0729443
436.8	86.14058355
436.9	93.30238727
437	97.47091144
437.1	98.17639257
437.2	89.62201592
437.3	86.24005305
437.4	85.84217507
437.5	85.84217507
437.6	84.05172414
437.7	83.45490716
437.8	84.64854111
437.9	84.25066313
438	76.15252826
438.1	64.65517241
438.2	47.72325376
438.3	35.1127321
438.4	29.14456233
438.5	26.85676393
438.6	26.95623342
438.7	28.84615385
438.8	32.12864721
438.9	36.80371353
439	43.05039788
439.1	51.02785146
439.2	57.79177719
439.3	62.16843501
439.4	62.76525199
439.5	58.58753316
439.6	57.3938992
439.7	56.79708223
439.8	54.70822281
439.9	51.32625995
440	48.99583175
440.1	48.04376658
440.2	46.55172414
440.3	45.95490716
440.4	49.33687003
440.5	54.9071618
440.6	61.07427056
440.7	67.04244032
440.8	73.40848806
440.9	78.38196286
441	79.87400531
441.1	73.40848806
441.2	64.75464191
441.3	53.81299735
441.4	41.67771883
441.5	32.12864721
441.6	25.56366048
441.7	22.87798408
441.8	21.08753316
441.9	22.3806366
442	25.76259947
442.1	30.23872679
442.2	37.89787798
442.3	47.4469496
442.4	58.38859416
442.5	69.03183024
442.6	81.06763926
442.7	84.05172414
442.8	78.97877984
442.9	72.6127321
443	68.83639017
443.1	67.93766578
443.2	68.33554377
443.3	71.12068966
443.4	77.4867374
443.5	79.87400531
443.6	76.49204244
443.7	68.73342175
443.8	59.78116711
443.9	50.62997347
444	42.4734748
444.1	30.53713528
444.2	25.96153846
444.3	24.76790451
444.4	24.56896552
444.5	26.16047745
444.6	28.94562334
444.7	32.02917772
444.8	36.80371353
444.9	42.5729443
445	48.81597947
445.1	56.00132626
445.2	56.59814324
445.3	51.62466844
445.4	50.43103448
445.5	49.83421751
445.6	48.04376658
445.7	43.46816976
445.8	39.09151194
445.9	35.31167109
446	33.10078208
446.1	32.12864721
446.2	29.44297082
446.3	27.5530504
446.4	27.4535809
446.5	26.55835544
446.6	23.17639257
446.7	19.29708223
446.8	17.4071618
446.9	17.6061008
447	18.20291777
447.1	19.59549072
447.2	20.59018568
447.3	19.39655172
447.4	18.00397878
447.5	17.4071618
447.6	18.00397878
447.7	16.21352785
447.8	15.81564987
447.9	16.81034483
448	17.80503979
448.1	17.00928382
448.2	16.41246684
448.3	16.41246684
448.4	17.4071618
448.5	18.60079576
448.6	19.59549072
448.7	21.58488064
448.8	23.97214854
448.9	26.95623342
449	29.74137931
449.1	33.42175066
449.2	33.62068966
449.3	30.0397878
449.4	25.96153846
449.5	23.67374005
449.6	23.07692308
449.7	24.56896552
449.8	26.75729443
449.9	27.65251989
450	28.34880637
450.1	28.14986737
450.2	25.76259947
450.3	24.37002653
450.4	24.76790451
450.5	25.76259947
450.6	26.55835544
450.7	28.94562334
450.8	32.12864721
450.9	35.51061008
451	38.69363395
451.1	41.97612732
451.2	42.5729443
451.3	40.28514589
451.4	37.10212202
451.5	33.32228117
451.6	29.14456233
451.7	25.96153846
451.8	24.07161804
451.9	24.17108753
452	24.76790451
452.1	25.56366048
452.2	27.15517241
452.3	29.74137931
452.4	31.92970822
452.5	30.93501326
452.6	29.54244032
452.7	28.94562334
452.8	29.54244032
452.9	28.34880637
453	27.75198939
453.1	26.35941645
453.2	26.55835544
453.3	30.13925729
453.4	36.30636605
453.5	44.06498674
453.6	51.62466844
453.7	54.60875332
453.8	54.40981432
453.9	51.02785146
454	49.83421751
454.1	47.64588859
454.2	45.65649867
454.3	47.24801061
454.4	52.4204244
454.5	58.38859416
454.6	60.97480106
454.7	62.566313
454.8	62.566313
454.9	60.77586207
455	60.36094588
455.1	59.28381963
455.2	56.39920424
455.3	53.81299735
455.4	51.92307692
455.5	51.22679045
455.6	50.53050398
455.7	49.43633952
455.8	46.85013263
455.9	44.46286472
456	43.07029178
456.1	43.46816976
456.2	46.05437666
456.3	49.43633952
456.4	51.22679045
456.5	51.42572944
456.6	50.82891247
456.7	51.62466844
456.8	51.42572944
456.9	47.84482759
457	42.5928382
457.1	39.68832891
457.2	39.48938992
457.3	39.8872679
457.4	41.08090186
457.5	42.87135279
457.6	45.45755968
457.7	49.43633952
457.8	54.40981432
457.9	58.98541114
458	61.57161804
458.1	64.85411141
458.2	66.74403183
458.3	67.04244032
458.4	62.96419098
458.5	54.9071618
458.6	49.13793103
458.7	45.35809019
458.8	42.27453581
458.9	39.29045093
459	37.69893899
459.1	38.69363395
459.2	41.67771883
459.3	45.75596817
459.4	50.33156499
459.5	53.61405836
459.6	56.00132626
459.7	56.10079576
459.8	56.10079576
459.9	59.48275862
460	63.05492048
460.1	64.75464191
460.2	62.566313
460.3	60.17904509
460.4	59.18435013
460.5	57.99071618
460.6	56.20026525
460.7	56.39920424
460.8	57.19496021
460.9	59.9801061
461	59.78116711
461.1	58.18965517
461.2	57.19496021
461.3	54.21087533
461.4	51.82360743
461.5	53.21618037
461.6	54.40981432
461.7	55.0066313
461.8	55.80238727
461.9	55.60344828
462	54.80769231
462.1	56.49867374
462.2	55.60344828
462.3	52.91777188
462.4	49.33687003
462.5	49.63527851
462.6	54.50928382
462.7	59.68169761
462.8	63.56100796
462.9	67.83819629
463	69.66984165
463.1	68.53448276
463.2	65.15251989
463.3	62.566313
463.4	60.77586207
463.5	60.97480106
463.6	60.97480106
463.7	60.37798408
463.8	59.78116711
463.9	59.18435013
464	61.17374005
464.1	65.25198939
464.2	69.23076923
464.3	71.31962865
464.4	68.23607427
464.5	62.566313
464.6	61.57161804
464.7	61.96949602
464.8	60.57692308
464.9	58.48806366
465	57.19496021
465.1	57.5928382
465.2	58.78647215
465.3	59.58222812
465.4	60.97480106
465.5	62.96419098
465.6	66.34615385
465.7	67.5397878
465.8	65.74933687
465.9	61.57161804
466	58.78647215
466.1	56.59814324
466.2	55.80238727
466.3	56.39920424
466.4	59.9801061
466.5	64.15782493
466.6	67.34084881
466.7	67.93766578
466.8	65.15251989
466.9	62.36737401
467	62.566313
467.1	63.85941645
467.2	62.96419098
467.3	62.16843501
467.4	62.76525199
467.5	62.96419098
467.6	63.36206897
467.7	62.26790451
467.8	61.77055703
467.9	62.4668435
468	61.96949602
468.1	57.3938992
468.2	57.5928382
468.3	59.58222812
468.4	58.98541114
468.5	58.18965517
468.6	58.58753316
468.7	58.78647215
468.8	57.99071618
468.9	58.38859416
469	60.74525607
469.1	63.75994695
469.2	68.53448276
469.3	73.90583554
469.4	82.36074271
469.5	93.30238727
469.6	102.15517241
469.7	109.41644562
469.8	113.29575597
469.9	113.89257294
470	112.30916824
470.1	109.95432926
470.2	107.5265252
470.3	104.34350133
470.4	100.56366048
470.5	95.39124668
470.6	90.41777188
470.7	92.20822281
470.8	95.98806366
470.9	100.76259947
471	106.38262599
471.1	112.30106101
471.2	116.27984085
471.3	116.67771883
471.4	113.09681698
471.5	111.30636605
471.6	110.90848806
471.7	112.10212202
471.8	108.72015915
471.9	103.74668435
472	99.76790451
472.1	94.39655172
472.2	92.80503979
472.3	95.19230769
472.4	100.16578249
472.5	104.74137931
472.6	109.31697613
472.7	115.68302387
472.8	119.66180371
472.9	119.06498674
473	114.8872679
473.1	113.49469496
473.2	109.51591512
473.3	103.34880637
473.4	93.79973475
473.5	82.85809019
473.6	79.27718833
473.7	77.28779841
473.8	74.70159151
473.9	72.11538462
474	72.5132626
474.1	75.59681698
474.2	76.09416446
474.3	71.12068966
474.4	64.15782493
474.5	62.36737401
474.6	62.4668435
474.7	62.36737401
474.8	63.95888594
474.9	67.73872679
475	69.36902557
475.1	70.74700132
475.2	70.72281167
475.3	68.33554377
475.4	66.74403183
475.5	66.34615385
475.6	65.74933687
475.7	64.75464191
475.8	66.54509284
475.9	67.73872679
476	68.53448276
476.1	68.53448276
476.2	64.9535809
476.3	62.16843501
476.4	62.16843501
476.5	65.35145889
476.6	71.91644562
476.7	76.69098143
476.8	84.64854111
476.9	88.42838196
477	88.42838196
477.1	84.25066313
477.2	78.08355438
477.3	74.10477454
477.4	71.12068966
477.5	66.74403183
477.6	64.35676393
477.7	58.78647215
477.8	53.41511936
477.9	49.83421751
478	47.84482759
478.1	45.95490716
478.2	46.65119363
478.3	47.34748011
478.4	48.74005305
478.5	50.62997347
478.6	52.91777188
478.7	52.4204244
478.8	46.05437666
478.9	41.47877984
479	39.09850979
479.1	36.90318302
479.2	35.1127321
479.3	33.32228117
479.4	33.72015915
479.5	34.9137931
479.6	36.30636605
479.7	37.69893899
479.8	38.49469496
479.9	36.50530504
480	35.70954907
480.1	38.09681698
480.2	42.27453581
480.3	44.56233422
480.4	44.9602122
480.5	43.56763926
480.6	42.4734748
480.7	38.29575597
480.8	35.1127321
480.9	33.52122016
481	33.52122016
481.1	33.91909814
481.2	33.32228117
481.3	32.12864721
481.4	30.33819629
481.5	28.14986737
481.6	25.96153846
481.7	23.57427056
481.8	21.38594164
481.9	19.9933687
482	19.09814324
482.1	18.20291777
482.2	18.20291777
482.3	19.19761273
482.4	20.39124668
482.5	22.18169761
482.6	23.37533156
482.7	22.97745358
482.8	22.18169761
482.9	22.3806366
483	22.18169761
483.1	22.67904509
483.2	23.17639257
483.3	22.97745358
483.4	25.26525199
483.5	26.55835544
483.6	25.86206897
483.7	23.77320955
483.8	21.68435013
483.9	20.39124668
484	20.59018568
484.1	20.78912467
484.2	20.98806366
484.3	21.78381963
484.4	23.77320955
484.5	26.35941645
484.6	28.74668435
484.7	29.54244032
484.8	29.74137931
484.9	29.34350133
485	26.35941645
485.1	23.77320955
485.2	23.37533156
485.3	24.17108753
485.4	24.9668435
485.5	24.56896552
485.6	24.37002653
485.7	24.9668435
485.8	25.56366048
485.9	24.76790451
486	23.99276104
486.1	23.1024145
486.2	22.18169761
486.3	22.77851459
486.4	22.97745358
486.5	22.77851459
486.6	22.97745358
486.7	23.17639257
486.8	21.47546419
486.9	20.19230769
487	20.39124668
