DEPT	GR
0	16.65558511
0.1	16.65558511
0.2	17.39046753
0.3	18.65026596
0.4	19.91006439
0.5	20.84441489
0.6	21.04388298
0.7	21.25166223
0.8	21.75033245
0.9	22.0412234
1	21.60488697
1.1	20.84441489
1.2	20.84441489
1.3	21.96808511
1.4	23.00531915
1.5	24.06582447
1.6	25.23271277
1.7	25.43218085
1.8	22.17722437
1.9	18.0518617
2	16.18038173
2.1	14.13876721
2.2	12.16755319
2.3	11.26994681
2.4	11.36968085
2.5	11.76861702
2.6	13.74905015
2.7	15.80072188
2.8	17.74157801
2.9	19.64760638
3	20.44547872
3.1	19.45312962
3.2	18.52659574
3.3	17.81819909
3.4	17.25398936
3.5	18.25132979
3.6	20.25028495
3.7	22.24924012
3.8	23.91799435
3.9	25.44852493
4	26.97905551
4.1	28.50958609
4.2	29.22207447
4.3	27.95794548
4.4	26.42952128
4.5	26.54920213
4.6	27.9375
4.7	28.8231383
4.8	29.22207447
4.9	27.98864595
5	26.62898936
5.1	26.03058511
5.2	26.03058511
5.3	26.92819149
5.4	28.62367021
5.5	28.8231383
5.6	28.42420213
5.7	28.88962766
5.8	29.42154255
5.9	29.42154255
6	29.62101064
6.1	31.08493293
6.2	32.46646623
6.3	33.84799954
6.4	35.20611702
6.5	35.40558511
6.6	34.60771277
6.7	34.31515957
6.8	34.00930851
6.9	32.84574468
7	32.41356383
7.1	33.61037234
7.2	33.5106383
7.3	34.60771277
7.4	35.40558511
7.5	34.25411025
7.6	32.62209865
7.7	31.61569149
7.8	31.21675532
7.9	30.71808511
8	30.11968085
8.1	29.04885218
8.2	27.72606383
8.3	26.40327548
8.4	25.23271277
8.5	25.23271277
8.6	25.53191489
8.7	26.04483283
8.8	26.4793883
8.9	26.56966039
9	26.33234452
9.1	25.8643617
9.2	25.23271277
9.3	24.20295878
9.4	23.63696809
9.5	23.91803675
9.6	24.86460348
9.7	25.9137538
9.8	27.40121581
9.9	28.88867781
10	29.22207447
10.1	28.22473404
10.2	28.9012633
10.3	30.01662234
10.4	30.41888298
10.5	28.93712006
10.6	28.02526596
10.7	28.26672732
10.8	30.5081187
10.9	32.74951008
11	34.80718085
11.1	37.64195721
11.2	38.88487842
11.3	38.39760638
11.4	39.59156535
11.5	40.7912234
11.6	38.13829787
11.7	36.20345745
11.8	36.20345745
11.9	36.00398936
12	35.10098222
12.1	34.00930851
12.2	34.42486702
12.3	35.20611702
12.4	35.50531915
12.5	36.40292553
12.6	36.60239362
12.7	34.75731383
12.8	32.41356383
12.9	32.01462766
13	31.21675532
13.1	29.94514628
13.2	28.84807181
13.3	27.82579787
13.4	27.62632979
13.5	28.77327128
13.6	30.03656915
13.7	31.29986702
13.8	32.45345745
13.9	33.57047872
14	34.43773996
14.1	34.55572108
14.2	34.4431516
14.3	34.11901596
14.4	33.67769282
14.5	33.04936835
14.6	32.38738364
14.7	31.81515957
14.8	32.01462766
14.9	32.8125
15	35.47486145
15.1	38.09175532
15.2	40.64494681
15.3	42.98537234
15.4	44.38164894
15.5	43.78324468
15.6	43.38430851
15.7	44.68085106
15.8	45.37898936
15.9	43.38430851
16	42.98537234
16.1	43.42420213
16.2	44.19547872
16.3	45.52111037
16.4	47.17420213
16.5	46.875
16.6	46.37632979
16.7	47.46176862
16.8	48.71509309
16.9	49.98140666
17	51.36303191
17.1	51.5625
17.2	51.1037234
17.3	50.36569149
17.4	51.55003324
17.5	53.75664894
17.6	53.70478723
17.7	52.36037234
17.8	52.36037234
17.9	53.50507295
18	55.19738457
18.1	56.74867021
18.2	57.94547872
18.3	57.1974734
18.4	56.05053191
18.5	55.67652926
18.6	55.11552527
18.7	54.55452128
18.8	54.90359043
18.9	55.26439299
19	54.91239049
19.1	54.56038798
19.2	54.43816489
19.3	54.35505319
19.4	53.87632979
19.5	53.55718085
19.6	53.75664894
19.7	54.55452128
19.8	56.81100399
19.9	58.24468085
20	58.54388298
20.1	57.94547872
20.2	56.34973404
20.3	56.15026596
20.4	55.09308511
20.5	54.05585106
20.6	53.01861702
20.7	52.53490691
20.8	52.11103723
20.9	51.76196809
21	52.16090426
21.1	52.16090426
21.2	49.73404255
21.3	46.57579787
21.4	45.77792553
21.5	46.82966634
21.6	48.75544004
21.7	50.25598404
21.8	51.26329787
21.9	52.16090426
22	51.76196809
22.1	48.76994681
22.2	48.37101064
22.3	49.56781915
22.4	49.05917553
22.5	49.16888298
22.6	49.76728723
22.7	50.56822831
22.8	51.38297872
22.9	51.86835106
23	52.34042553
23.1	53.04654255
23.2	54.29022606
23.3	55.95744681
23.4	57.14760638
23.5	56.54920213
23.6	56.34973404
23.7	56.15026596
23.8	55.15292553
23.9	53.35771277
24	52.55984043
24.1	49.76728723
24.2	49.36835106
24.3	51.30319149
24.4	52.96875
24.5	53.49069149
24.6	53.7025076
24.7	53.60277356
24.8	53.95611702
24.9	54.15558511
25	53.75664894
25.1	51.89019757
25.2	50.76462766
25.3	50.76462766
25.4	52.47672872
25.5	53.65691489
25.6	52.9587766
25.7	52.06117021
25.8	51.96143617
25.9	53.15824468
26	52.16090426
26.1	53.15824468
26.2	53.35771277
26.3	52.55984043
26.4	52.55984043
26.5	51.76196809
26.6	48.17154255
26.7	47.77260638
26.8	48.07180851
26.9	49.06855779
27	50.36569149
27.1	50.36569149
27.2	48.96941489
27.3	48.96941489
27.4	49.78324468
27.5	50.73969415
27.6	51.76944814
27.7	52.91888298
27.8	53.55718085
27.9	52.9587766
28	53.15824468
28.1	56.44946809
28.2	55.95079787
28.3	53.35771277
28.4	52.55984043
28.5	53.22473404
28.6	54.55452128
28.7	54.55452128
28.8	54.75398936
28.9	56.05053191
29	56.74867021
29.1	56.64893617
29.2	55.75132979
29.3	53.75664894
29.4	51.28631342
29.5	48.52444763
29.6	46.67553191
29.7	46.1768617
29.8	47.37367021
29.9	49.17600684
30	51.14219225
30.1	53.29424565
30.2	55.5790619
30.3	56.74867021
30.4	57.90807846
30.5	60.33909574
30.6	62.73271277
30.7	64.45668693
30.8	68.18068484
30.9	70.11303191
31	67.38394584
31.1	62.70551257
31.2	60.49867021
31.3	59.5412234
31.4	59.5412234
31.5	62.42104388
31.6	64.68999335
31.7	66.97140957
31.8	68.71675532
31.9	67.71941489
32	67.88814059
32.1	68.51728723
32.2	68.31781915
32.3	66.92154255
32.4	66.72207447
32.5	67.71941489
32.6	69.72925532
32.7	72.60079787
32.8	75.47234043
32.9	78.34388298
33	81.0837766
33.1	80.28590426
33.2	76.52426862
33.3	73.90292553
33.4	72.90558511
33.5	73.70345745
33.6	74.50132979
33.7	74.3018617
33.8	74.70079787
33.9	75.74311231
34	76.82415438
34.1	77.99202128
34.2	79.28856383
34.3	79.48803191
34.4	78.09175532
34.5	78.2912234
34.6	78.49069149
34.7	76.59574468
34.8	76.71542553
34.9	77.09441489
35	75.0099734
35.1	73.10505319
35.2	73.30452128
35.3	76.89494681
35.4	77.63297872
35.5	78.2912234
35.6	80.1662234
35.7	83.27792553
35.8	87.76595745
35.9	87.69115691
36	88.06515957
36.1	87.56648936
36.2	83.07845745
36.3	82.28058511
36.4	81.10871011
36.5	79.61269947
36.6	78.2912234
36.7	77.89228723
36.8	79.41821809
36.9	81.28324468
37	81.28324468
37.1	79.28856383
37.2	77.29388298
37.3	76.89494681
37.4	77.29388298
37.5	77.69281915
37.6	77.59308511
37.7	75.29920213
37.8	75.09973404
37.9	75.99734043
38	74.90026596
38.1	74.75066489
38.2	74.87034574
38.3	75.19946809
38.4	76.79521277
38.5	79.6875
38.6	80.28590426
38.7	80.18617021
38.8	78.9893617
38.9	76.89494681
39	76.29654255
39.1	76.63314495
39.2	76.89494681
39.3	75.49867021
39.4	75.39893617
39.5	76.90919453
39.6	79.6875
39.7	81.88164894
39.8	81.68218085
39.9	82.48005319
40	80.29850224
40.1	78.48071809
40.2	77.89228723
40.3	76.49601064
40.4	77.50132979
40.5	79.28856383
40.6	78.78989362
40.7	77.89228723
40.8	76.89494681
40.9	75.1662234
41	73.50398936
41.1	73.50398936
41.2	74.50132979
41.3	74.50132979
41.4	75.14960106
41.5	76.49601064
41.6	75.6981383
41.7	75.89760638
41.8	75.33909574
41.9	75.26595745
42	75.09973404
42.1	75.49867021
42.2	74.50132979
42.3	75.09973404
42.4	74.95345745
42.5	74.50132979
42.6	74.70079787
42.7	77.69281915
42.8	77.49335106
42.9	72.50664894
43	72.30718085
43.1	73.28457447
43.2	74.96010638
43.3	76.49601064
43.4	76.09707447
43.5	75.79787234
43.6	76.85754654
43.7	77.29388298
43.8	75.74800532
43.9	74.40159574
44	73.50398936
44.1	72.90558511
44.2	71.42045455
44.3	70.3125
44.4	70.51196809
44.5	72.90558511
44.6	74.10239362
44.7	75.57845745
44.8	78.69015957
44.9	79.48803191
45	78.2912234
45.1	75.19946809
45.2	72.10771277
45.3	70.01329787
45.4	69.51462766
45.5	69.51462766
45.6	70.71143617
45.7	70.37898936
45.8	69.91356383
45.9	71.50930851
46	74.1827876
46.1	77.72679698
46.2	79.94680851
46.3	81.78191489
46.4	85.13297872
46.5	88.06515957
46.6	89.46143617
46.7	88.24183131
46.8	81.88164894
46.9	79.28856383
47	76.27139952
47.1	73.20478723
47.2	72.90558511
47.3	75
47.4	75.89760638
47.5	75.89760638
47.6	75.4787234
47.7	74.3018617
47.8	75.13962766
47.9	77.29388298
48	75.9390107
48.1	74.50132979
48.2	74.3018617
48.3	75.1662234
48.4	75.09973404
48.5	73.96941489
48.6	73.30452128
48.7	74.38164894
48.8	74.90026596
48.9	73.12101064
49	72.30718085
49.1	72.20744681
49.2	71.32408815
49.3	70.91090426
49.4	72.30718085
49.5	74.90026596
49.6	75.72307181
49.7	77.3537234
49.8	79.6875
49.9	81.38297872
50	78.89941922
50.1	76.49601064
50.2	74.71077128
50.3	73.10505319
50.4	72.10771277
50.5	72.36417173
50.6	72.57978723
50.7	72.30718085
50.8	72.30718085
50.9	72.1924867
51	71.96104506
51.1	71.61490926
51.2	71.26877347
51.3	71.11037234
51.4	72.5724734
51.5	74.10239362
51.6	76.79236322
51.7	77.38696809
51.8	76.49601064
51.9	77.23404255
52	80.28590426
52.1	80.08643617
52.2	75.6981383
52.3	75.29920213
52.4	73.50398936
52.5	73.66356383
52.6	74.60505319
52.7	75.29920213
52.8	74.50132979
52.9	74.50132979
53	76.25888075
53.1	78.12167553
53.2	79.28856383
53.3	79.48803191
53.4	76.99468085
53.5	74.70079787
53.6	76.12556991
53.7	80.08643617
53.8	80.48537234
53.9	79.48803191
54	79.88696809
54.1	80.28590426
54.2	79.88696809
54.3	77.3537234
54.4	74.10239362
54.5	74.00265957
54.6	75.37101064
54.7	76.60571809
54.8	77.18417553
54.9	77.49335106
55	77.192604
55.1	76.09707447
55.2	75.89760638
55.3	76.03501773
55.4	76.09707447
55.5	74.90026596
55.6	73.10505319
55.7	73.54388298
55.8	74.70079787
55.9	74.3018617
56	74.43810428
56.1	74.70079787
56.2	73.70345745
56.3	74.0525266
56.4	74.89029255
56.5	75.09973404
56.6	74.90026596
56.7	74.08992686
56.8	73.90292553
56.9	74.90026596
57	74.3176336
57.1	73.39803934
57.2	72.90558511
57.3	75.41888298
57.4	76.89494681
57.5	75.6981383
57.6	76.05174081
57.7	76.58667795
57.8	76.69547872
57.9	76.22473404
58	75.51861702
58.1	74.90026596
58.2	74.10239362
58.3	74.10239362
58.4	74.86535904
58.5	75.09973404
58.6	72.75598404
58.7	70.57180851
58.8	68.71675532
58.9	68.31781915
59	68.86136549
59.1	69.51462766
59.2	71.67553191
59.3	72.90558511
59.4	71.50930851
59.5	71.30984043
59.6	71.50930851
59.7	72.70611702
59.8	72.90558511
59.9	72.53158245
60	72.22325319
60.1	72.30718085
60.2	71.31781915
60.3	69.90558511
60.4	69.31515957
60.5	69.31515957
60.6	70.18783245
60.7	71.7087766
60.8	70.27830547
60.9	67.91888298
61	67.91888298
61.1	67.51994681
61.2	66.52260638
61.3	64.6775266
61.4	63.53058511
61.5	63.7549867
61.6	64.2287234
61.7	65.12632979
61.8	67.12101064
61.9	68.9162234
62	65.92420213
62.1	65.82446809
62.2	69.07829122
62.3	71.64644282
62.4	73.34441489
62.5	74.15226064
62.6	74.70079787
62.7	75.89760638
62.8	75.89760638
62.9	75.39893617
63	73.82382612
63.1	72.21432502
63.2	70.60482392
63.3	68.99532282
63.4	67.42021277
63.5	67.51994681
63.6	69.11569149
63.7	69.34009309
63.8	69.6143617
63.9	71.30335561
64	73.34391052
64.1	75.17952128
64.2	76.09707447
64.3	75.6981383
64.4	73.24601064
64.5	70.57845745
64.6	67.91888298
64.7	67.5731383
64.8	67.91888298
64.9	67.32047872
65	67.32047872
65.1	67.51994681
65.2	68.97855718
65.3	70.61170213
65.4	71.7087766
65.5	71.7087766
65.6	69.51462766
65.7	67.22074468
65.8	66.52260638
65.9	67.0212766
66	68.31781915
66.1	65.12632979
66.2	64.72739362
66.3	67.0059329
66.4	69.49161211
66.5	70.3125
66.6	69.11569149
66.7	69.6143617
66.8	70.81117021
66.9	72.36702128
67	74.04255319
67.1	75.70720503
67.2	77.33921663
67.3	78.49069149
67.4	77.79255319
67.5	78.09175532
67.6	77.69281915
67.7	76.49601064
67.8	76.49601064
67.9	76.69547872
68	76.0637949
68.1	75.29920213
68.2	75.71143617
68.3	75.49867021
68.4	73.50398936
68.5	73.50398936
68.6	75.5043693
68.7	77.29388298
68.8	73.50398936
68.9	72.18735735
69	70.91090426
69.1	70.71143617
69.2	72.00797872
69.3	70.61170213
69.4	70.71143617
69.5	72.50664894
69.6	72.30718085
69.7	71.90824468
69.8	71.11037234
69.9	68.63696809
70	65.32579787
70.1	65.02659574
70.2	66.52260638
70.3	67.91888298
70.4	71.30984043
70.5	74.40159574
70.6	73.91954787
70.7	72.70611702
70.8	74.60106383
70.9	76.79521277
71	77.29388298
71.1	73.10505319
71.2	72.50664894
71.3	73.10505319
71.4	72.75598404
71.5	72.30718085
71.6	72.6698501
71.7	73.54025629
71.8	74.10239362
71.9	74.10239362
72	74.94449947
72.1	76.29654255
72.2	75.96899496
72.3	74.48243281
72.4	72.99587066
72.5	71.50930851
72.6	70.71143617
72.7	70.51196809
72.8	72.10771277
72.9	72.50664894
73	73.34441489
73.1	73.90292553
73.2	72.24164134
73.3	71.30984043
73.4	72.75487589
73.5	73.01640071
73.6	74.03856383
73.7	74.50132979
73.8	72.90558511
73.9	72.50664894
74	73.05960477
74.1	74.3018617
74.2	74.70079787
74.3	75.19946809
74.4	76.82845745
74.5	78.42420213
74.6	79.98670213
74.7	80.3856383
74.8	76.38519504
74.9	73.20478723
75	73.34770509
75.1	74.31831268
75.2	75.28892027
75.3	75.89760638
75.4	75.6981383
75.5	75.09973404
75.6	73.89793883
75.7	71.25
75.8	70.51196809
75.9	72.50664894
76	72.50664894
76.1	71.68882979
76.2	72.40691489
76.3	72.40691489
76.4	70.91090426
76.5	69.91356383
76.6	69.71409574
76.7	70.85223717
76.8	73.10505319
76.9	75.35786921
77	77.927836
77.1	80.72433906
77.2	81.88164894
77.3	81.48271277
77.4	79.8096742
77.5	77.40268375
77.6	74.62101064
77.7	73.70345745
77.8	74.10239362
77.9	73.30452128
78	73.20478723
78.1	74.28372824
78.2	75.29920213
78.3	74.75066489
78.4	74.3018617
78.5	76.29654255
78.6	80.41555851
78.7	84.07579787
78.8	84.67420213
78.9	82.67952128
79	80.28590426
79.1	80.48537234
79.2	85.0731383
79.3	81.89494681
79.4	78.2912234
79.5	76.99468085
79.6	76.29654255
79.7	77.49335106
79.8	77.29388298
79.9	77.96210106
80	79.6875
80.1	77.28058511
80.2	69.03368794
80.3	63.34707447
80.4	62.13430851
80.5	63.57047872
80.6	64.36265198
80.7	64.98385258
80.8	65.72916667
80.9	66.26994681
81	67.71941489
81.1	69.87367021
81.2	71.50930851
81.3	71.07047872
81.4	70.3125
81.5	72.10771277
81.6	71.11037234
81.7	70.71143617
81.8	69.23537234
81.9	67.91888298
82	68.71675532
82.1	68.11835106
82.2	66.82180851
82.3	66.72207447
82.4	69.32762633
82.5	72.83909574
82.6	74.80053191
82.7	74.6384641
82.8	74.10239362
82.9	74.3018617
83	75.09973404
83.1	74.70079787
83.2	73.24621522
83.3	71.79777005
83.4	70.71143617
83.5	70.51196809
83.6	72.83909574
83.7	75.49867021
83.8	75.32912234
83.9	74.70079787
84	75.13713431
84.1	76.09707447
84.2	76.09707447
84.3	73.96675532
84.4	72.50664894
84.5	72.30718085
84.6	72.70611702
84.7	72.30718085
84.8	72.70611702
84.9	75.6981383
85	75.39893617
85.1	74.3018617
85.2	73.90292553
85.3	75.49867021
85.4	74.90026596
85.5	74.70079787
85.6	73.74335106
85.7	71.50930851
85.8	71.30984043
85.9	75.42915021
86	78.49069149
86.1	80.58510638
86.2	80.28590426
86.3	76.49601064
86.4	75.89760638
86.5	75.49867021
86.6	73.30452128
86.7	72.40691489
86.8	71.7087766
86.9	71.7087766
87	72.50664894
87.1	72.70611702
87.2	73.90292553
87.3	76.15147485
87.4	78.09175532
87.5	78.88962766
87.6	78.2912234
87.7	77.29958207
87.8	76.69547872
87.9	76.49601064
88	75.49867021
88.1	74.90026596
88.2	75.01108156
88.3	75.29920213
88.4	75.29920213
88.5	74.48886303
88.6	73.50398936
88.7	74.0525266
88.8	75.89760638
88.9	75.49867021
89	74.90026596
89.1	74.70079787
89.2	74.70079787
89.3	73.90292553
89.4	72.70611702
89.5	71.02488602
89.6	69.31515957
89.7	69.2524696
89.8	70.3125
89.9	70.71143617
90	70.76193442
90.1	71.11037234
90.2	71.11037234
90.3	69.19049202
90.4	67.06117021
90.5	66.72207447
90.6	66.52260638
90.7	67.56981383
90.8	69.51462766
90.9	68.51728723
91	68.41755319
91.1	71.90824468
91.2	75.66964286
91.3	77.8174867
91.4	79.31349734
91.5	80.78457447
91.6	80.18617021
91.7	80.24601064
91.8	81.28324468
91.9	80.28590426
92	76.49601064
92.1	75.29920213
92.2	75.73138298
92.3	75.89760638
92.4	74.98503989
92.5	74.90026596
92.6	77.60940522
92.7	80.48537234
92.8	81.0837766
92.9	78.69015957
93	78.2912234
93.1	78.49069149
93.2	79.07484802
93.3	80.61003989
93.4	82.87898936
93.5	83.47739362
93.6	84.27526596
93.7	85.87101064
93.8	85.27260638
93.9	84.15558511
94	85.0731383
94.1	83.39317376
94.2	81.28324468
94.3	81.68218085
94.4	80.70478723
94.5	80.78457447
94.6	80.6150266
94.7	78.84973404
94.8	77.69281915
94.9	77.09441489
95	76.3962766
95.1	74.28856383
95.2	73.10505319
95.3	73.90292553
95.4	74.3018617
95.5	74.50132979
95.6	76.07712766
95.7	77.29388298
95.8	77.72024601
95.9	78.40520517
96	79.08909574
96.1	78.515625
96.2	77.49335106
96.3	77.59308511
96.4	78.88962766
96.5	80.48537234
96.6	80.68484043
96.7	78.88962766
96.8	80.01994681
96.9	80.98404255
97	81.28324468
97.1	80.08643617
97.2	77.54321809
97.3	74.55119681
97.4	71.30984043
97.5	71.79604388
97.6	73.44165559
97.7	75.08726729
97.8	76.29654255
97.9	73.70345745
98	71.11037234
98.1	71.50930851
98.2	71.11037234
98.3	70.3125
98.4	71.59242021
98.5	72.80585106
98.6	73.70345745
98.7	77.05701463
98.8	78.69015957
98.9	76.62424012
99	74.40159574
99.1	72.80585106
99.2	72.30718085
99.3	72.10771277
99.4	72.48171543
99.5	73.17985372
99.6	74.00265957
99.7	75.19946809
99.8	76.3962766
99.9	76.99468085
100	75.6981383
100.1	75.89760638
100.2	77.65691489
100.3	79.56781915
100.4	81.68218085
100.5	81.68218085
100.6	81.68218085
100.7	82.87898936
100.8	80.88430851
100.9	80.28590426
101	79.45953647
101.1	77.89228723
101.2	78.96327741
101.3	82.22227905
101.4	85.0731383
101.5	85.47207447
101.6	84.27526596
101.7	83.19414894
101.8	82.08111702
101.9	81.0837766
102	80.28590426
102.1	79.08909574
102.2	76.19680851
102.3	75.23271277
102.4	74.40159574
102.5	74.20212766
102.6	76.49601064
102.7	78.09175532
102.8	77.69281915
102.9	74.97007979
103	72.60638298
103.1	72.30718085
103.2	72.90558511
103.3	75.15672492
103.4	76.49601064
103.5	75.59840426
103.6	74.60106383
103.7	74.3018617
103.8	74.50132979
103.9	76.98636968
104	79.08909574
104.1	82.87898936
104.2	82.40292553
104.3	79.48803191
104.4	78.49069149
104.5	78.59042553
104.6	80.40807846
104.7	81.48271277
104.8	80.68484043
104.9	79.05087432
105	77.38824213
105.1	75.89760638
105.2	75
105.3	75.29920213
105.4	74.70079787
105.5	75.8103391
105.6	78.88962766
105.7	79.48803191
105.8	77.69281915
105.9	77.49335106
106	77.69281915
106.1	78.76994681
106.2	80.23271277
106.3	82.12101064
106.4	83.47739362
106.5	83.11835106
106.6	82.08111702
106.7	82.08111702
106.8	83.13580452
106.9	84.07579787
107	83.77659574
107.1	82.30053191
107.2	80.48537234
107.3	77.37367021
107.4	74.50132979
107.5	74.85039894
107.6	76.16439495
107.7	76.60571809
107.8	78.04964539
107.9	79.48803191
108	79.48803191
108.1	79.48803191
108.2	77.60305851
108.3	76.29654255
108.4	78.33111702
108.5	79.88696809
108.6	79.48803191
108.7	77.26994681
108.8	75.09973404
108.9	74.3018617
109	76.18930165
109.1	76.79521277
109.2	75.29920213
109.3	74.3018617
109.4	72.06781915
109.5	69.41489362
109.6	68.9162234
109.7	72.28904739
109.8	76.29654255
109.9	76.49601064
110	74.23424897
110.1	73.30452128
110.2	75.92353723
110.3	77.99335106
110.4	76.11037234
110.5	74.70079787
110.6	74.86142217
110.7	75.9144037
110.8	76.96738522
110.9	78.09175532
111	78.09175532
111.1	77.03856383
111.2	75.6981383
111.3	75.6981383
111.4	79.19630984
111.5	80.68484043
111.6	79.84422492
111.7	79.6875
111.8	81.28324468
111.9	80.68484043
112	78.78989362
112.1	76.20079787
112.2	74.39589666
112.3	72.74601064
112.4	70.53413121
112.5	67.91888298
112.6	66.92154255
112.7	66.72207447
112.8	66.92154255
112.9	67.32047872
113	70.48980496
113.1	73.88962766
113.2	77.28945035
113.3	77.53324468
113.4	75.89760638
113.5	75.29920213
113.6	75.09973404
113.7	74.50132979
113.8	75.29920213
113.9	78.15381206
114	80.48537234
114.1	78.94547872
114.2	77.09441489
114.3	76.29654255
114.4	75.89760638
114.5	76.5625
114.6	77.29388298
114.7	77.09441489
114.8	76.69547872
114.9	76.69547872
115	75.44442157
115.1	75
115.2	76.19680851
115.3	77.39361702
115.4	77.59308511
115.5	76.7524696
115.6	75.38468845
115.7	73.90292553
115.8	74.10239362
115.9	79.54787234
116	83.47739362
116.1	84.27526596
116.2	83.77659574
116.3	82.9787234
116.4	81.43284574
116.5	79.98670213
116.6	79.88696809
116.7	80.58510638
116.8	81.78191489
116.9	82.9787234
117	84.07579787
117.1	84.07579787
117.2	82.87898936
117.3	82.08111702
117.4	81.48271277
117.5	80.58510638
117.6	79.48803191
117.7	79.88696809
117.8	82.60970745
117.9	85.83254179
118	88.26462766
118.1	88.66356383
118.2	86.93544487
118.3	83.61883462
118.4	80.88430851
118.5	79.78723404
118.6	79.19880319
118.7	78.40558511
118.8	77.3856383
118.9	76.29654255
119	75.04274316
119.1	73.69775836
119.2	72.35277356
119.3	71.50930851
119.4	72.36702128
119.5	75.89760638
119.6	76.00731383
119.7	75.6981383
119.8	76.23670213
119.9	76.69547872
120	75.6910745
120.1	74.3018617
120.2	74.40159574
120.3	75.71060505
120.4	77.49335106
120.5	77.65957447
120.6	76.7287234
120.7	76.3962766
120.8	77.49335106
120.9	78.49069149
121	77.91498121
121.1	76.49601064
121.2	77.40109707
121.3	78.69015957
121.4	78.36640753
121.5	77.37060147
121.6	76.49601064
121.7	77.51614742
121.8	80.08643617
121.9	79.67154255
122	79.28856383
122.1	80.48537234
122.2	81.18351064
122.3	81.78191489
122.4	84.76285461
122.5	89.66090426
122.6	95.44547872
122.7	93.75
122.8	87.16755319
122.9	82.18085106
123	81.48271277
123.1	80.68484043
123.2	79.08909574
123.3	77.01462766
123.4	74.66090426
123.5	72.30718085
123.6	71.30984043
123.7	72.50664894
123.8	72.90558511
123.9	73.10505319
124	74.3018617
124.1	75.6981383
124.2	75.01994681
124.3	74.10239362
124.4	74.50132979
124.5	75.4080029
124.6	76.49601064
124.7	76.89494681
124.8	75.46276596
124.9	73.70345745
125	73.50398936
125.1	74.0525266
125.2	74.65093085
125.3	75.33909574
125.4	77.26894947
125.5	78.2912234
125.6	77.49335106
125.7	77.09441489
125.8	76.59574468
125.9	75.39893617
126	73.90292553
126.1	72.90558511
126.2	73.00531915
126.3	74.51557751
126.4	75.66964286
126.5	76.67885638
126.6	77.29388298
126.7	77.99202128
126.8	80.08643617
126.9	84.375
127	83.6768617
127.1	79.76728723
127.2	75.05984043
127.3	72.30718085
127.4	71.11037234
127.5	71.90824468
127.6	76.96875
127.7	80.88031915
127.8	82.17486702
127.9	83.27792553
128	81.71542553
128.1	80.28590426
128.2	79.88696809
128.3	79.6875
128.4	78.49069149
128.5	76.54587766
128.6	75.09973404
128.7	76.21675532
128.8	77.03457447
128.9	76.49601064
129	76.69547872
129.1	77.39361702
129.2	80.02506137
129.3	82.78692717
129.4	84.07579787
129.5	83.47739362
129.6	84.07579787
129.7	82.9074848
129.8	80.08643617
129.9	80.74082559
130	82.56051091
130.1	84.38019623
130.2	85.47207447
130.3	85.87101064
130.4	85.0731383
130.5	84.47473404
130.6	84.07579787
130.7	84.07579787
130.8	83.27792553
130.9	81.76766717
131	79.28856383
131.1	79.48803191
131.2	83.07845745
131.3	83.6768617
131.4	80.48537234
131.5	76.49601064
131.6	74.40159574
131.7	74.3018617
131.8	75.09973404
131.9	75.29920213
132	74.60106383
132.1	74.3018617
132.2	77.03208112
132.3	80.70478723
132.4	82.30551862
132.5	83.77659574
132.6	84.07579787
132.7	81.28324468
132.8	78.49069149
132.9	79.08846251
133	81.68218085
133.1	83.07845745
133.2	82.67952128
133.3	81.28324468
133.4	77.06948138
133.5	74.10239362
133.6	73.26177812
133.7	72.30718085
133.8	73.50398936
133.9	73.2912234
134	72.70611702
134.1	72.90558511
134.2	74.10239362
134.3	73.70345745
134.4	75.25265957
134.5	78.09175532
134.6	79.88696809
134.7	79.6875
134.8	77.69780585
134.9	75.89760638
135	75.89760638
135.1	75.6981383
135.2	75.49867021
135.3	75.59840426
135.4	76.49601064
135.5	79.98670213
135.6	84.90691489
135.7	85.93334441
135.8	83.98853059
135.9	81.88164894
136	82.28058511
136.1	85.0731383
136.2	84.21827508
136.3	82.67952128
136.4	83.61037234
136.5	86.22562057
136.6	87.26728723
136.7	86.07047872
136.8	83.05851064
136.9	79.6875
137	79.6875
137.1	83.47739362
137.2	81.64893617
137.3	78.49069149
137.4	77.29388298
137.5	78.45744681
137.6	78.23423252
137.7	76.49601064
137.8	76.69547872
137.9	78.69015957
138	82.28058511
138.1	81.20345745
138.2	79.5362367
138.3	77.89228723
138.4	78.09175532
138.5	81.15026596
138.6	84.34258644
138.7	87.46675532
138.8	85.99069149
138.9	84.27526596
139	84.27526596
139.1	84.27526596
139.2	84.47473404
139.3	85.27260638
139.4	87.16755319
139.5	87.6662234
139.6	88.26462766
139.7	88.16489362
139.8	86.96808511
139.9	87.36702128
140	89.26196809
140.1	86.87974924
140.2	82.87898936
140.3	82.28058511
140.4	83.56382979
140.5	86.0483156
140.6	86.9581117
140.7	88.02526596
140.8	89.69414894
140.9	90.25930851
141	86.86835106
141.1	86.26994681
141.2	87.48503989
141.3	89.15226064
141.4	89.86037234
141.5	89.33450193
141.6	87.40872824
141.7	85.67154255
141.8	85.80618351
141.9	85.67154255
142	85.0731383
142.1	85.0731383
142.2	86.66888298
142.3	85.72434293
142.4	84.10513141
142.5	82.4859199
142.6	82.08111702
142.7	84.07579787
142.8	82.87898936
142.9	81.68218085
143	81.0837766
143.1	83.14051418
143.2	85.87101064
143.3	88.46409574
143.4	86.73470745
143.5	83.55718085
143.6	81.88164894
143.7	82.24069149
143.8	82.67952128
143.9	82.51994681
144	82.67952128
144.1	83.17819149
144.2	84.27526596
144.3	84.375
144.4	81.58244681
144.5	77.69281915
144.6	76.59574468
144.7	79.01152482
144.8	80.48537234
144.9	79.88696809
145	79.08909574
145.1	78.69015957
145.2	79.43181818
145.3	80.82265474
145.4	81.68218085
145.5	79.28856383
145.6	77.89228723
145.7	76.09707447
145.8	75.6981383
145.9	75.89760638
146	76.6555334
146.1	77.3877351
146.2	78.56549202
146.3	79.88696809
146.4	80.03656915
146.5	80.08643617
146.6	81.78191489
146.7	84.77393617
146.8	84.87367021
146.9	85.17287234
147	86.48032549
147.1	87.26728723
147.2	86.60904255
147.3	85.67154255
147.4	84.27526596
147.5	83.87632979
147.6	83.87632979
147.7	84.66090426
147.8	86.08596021
147.9	87.89767803
148	89.86037234
148.1	90.65824468
148.2	89.46143617
148.3	88.46409574
148.4	88.46409574
148.5	87.6662234
148.6	85.37234043
148.7	85.17287234
148.8	85.27260638
148.9	83.80006258
149	81.89924906
149.1	79.99843554
149.2	78.69015957
149.3	78.69015957
149.4	80.48537234
149.5	80.58510638
149.6	80.98404255
149.7	83.17819149
149.8	85.97074468
149.9	86.56914894
150	83.80509119
150.1	81.88164894
150.2	82.18085106
150.3	82.48005319
150.4	82.48005319
150.5	84.97340426
150.6	86.30984043
150.7	87.26728723
150.8	86.66888298
150.9	86.56914894
151	84.97340426
151.1	84.67420213
151.2	83.6768617
151.3	81.31951161
151.4	79.38829787
151.5	78.88962766
151.6	80.46043883
151.7	84.67420213
151.8	87.14261968
151.9	90.5141844
152	94.04920213
152.1	94.04920213
152.2	91.85505319
152.3	89.29299645
152.4	86.50339835
152.5	83.71380024
152.6	80.92420213
152.7	78.13460402
152.8	75.6981383
152.9	74.3018617
153	74.3018617
153.1	78.02526596
153.2	81.28324468
153.3	81.88164894
153.4	78.97762829
153.5	75.86240613
153.6	72.74718398
153.7	70.3125
153.8	70.51196809
153.9	72.03517892
154	73.50398936
154.1	75.09973404
154.2	75.6981383
154.3	76.69547872
154.4	79.63763298
154.5	82.70445479
154.6	84.47473404
154.7	80.48537234
154.8	78.69015957
154.9	77.49335106
155	75.29920213
155.1	74.60106383
155.2	73.40425532
155.3	73.80319149
155.4	75.61374795
155.5	77.36292962
155.6	78.49069149
155.7	76.75531915
155.8	76.43367686
155.9	77.89228723
156	78.2912234
156.1	78.2912234
156.2	78.2912234
156.3	78.2912234
156.4	79.18882979
156.5	81.27799552
156.6	83.23068309
156.7	85.18337066
156.8	85.7712766
156.9	83.6768617
157	83.6768617
157.1	83.07845745
157.2	82.50221631
157.3	81.98138298
157.4	81.98138298
157.5	84.07579787
157.6	86.10609802
157.7	87.04644757
157.8	88.06515957
157.9	87.86569149
158	84.67420213
158.1	84.07579787
158.2	87.30718085
158.3	91.21010638
158.4	93.65026596
158.5	92.39646657
158.6	91.25664894
158.7	93.21143617
158.8	95.84441489
158.9	95.24601064
159	91.47113075
159.1	88.86303191
159.2	88.46409574
159.3	88.86303191
159.4	90.48371011
159.5	92.45345745
159.6	93.15159574
159.7	96.64228723
159.8	98.23803191
159.9	95.54521277
160	91.95478723
160.1	90.25930851
160.2	89.26196809
160.3	90.22190824
160.4	91.45611702
160.5	90.65824468
160.6	89.86037234
160.7	92.65292553
160.8	92.25398936
160.9	89.96010638
161	89.46143617
161.1	91.05718085
161.2	92.53017594
161.3	94.00317103
161.4	95.47616612
161.5	95.64494681
161.6	94.24867021
161.7	94.84707447
161.8	95.24601064
161.9	94.46238602
162	93.84973404
162.1	93.84973404
162.2	93.84973404
162.3	93.41090426
162.4	92.45345745
162.5	93.84973404
162.6	91.85505319
162.7	93.06781915
162.8	93.25132979
162.9	88.46409574
163	85.87101064
163.1	86.07047872
163.2	91.37632979
163.3	93.84973404
163.4	91.68550532
163.5	87.56648936
163.6	86.26994681
163.7	88.73803191
163.8	91.64095745
163.9	94.24867021
164	91.03723404
164.1	89.26196809
164.2	90.3025266
164.3	91.80629433
164.4	93.31006206
164.5	94.04920213
164.6	93.65026596
164.7	90.05984043
164.8	90.0837766
164.9	91.65558511
165	90.85771277
165.1	91.44115691
165.2	93.05934176
165.3	93.65026596
165.4	90.34816248
165.5	85.96167795
165.6	83.47739362
165.7	82.67952128
165.8	80.48537234
165.9	80.08643617
166	82.8890045
166.1	85.37234043
166.2	87.16755319
166.3	87.06781915
166.4	84.97340426
166.5	85.27260638
166.6	84.87367021
166.7	85.21276596
166.8	87.36702128
166.9	87.96542553
167	89.76095899
167.1	92.39470736
167.2	94.4481383
167.3	94.04920213
167.4	91.05718085
167.5	93.98271277
167.6	98.22378419
167.7	100.63164894
167.8	100.97074468
167.9	101.62898936
168	100.33244681
168.1	96.99770309
168.2	93.84973404
168.3	92.25398936
168.4	91.45611702
168.5	89.66090426
168.6	88.26462766
168.7	88.46409574
168.8	91.72473404
168.9	95.3337766
169	98.63696809
169.1	98.53723404
169.2	94.79720745
169.3	92.65292553
169.4	91.85505319
169.5	91.1818484
169.6	90.28424202
169.7	89.11735372
169.8	87.86070479
169.9	86.60405585
170	85.67154255
170.1	85.27260638
170.2	85.47207447
170.3	87.22739362
170.4	88.06515957
170.5	86.66888298
170.6	85.47207447
170.7	83.47739362
170.8	83.07845745
170.9	87.32712766
171	92.57760192
171.1	96.44281915
171.2	98.53723404
171.3	98.01861702
171.4	93.08926197
171.5	87.26728723
171.6	86.46941489
171.7	87.26728723
171.8	88.8231383
171.9	89.2869016
172	89.46143617
172.1	91.03224734
172.2	91.65558511
172.3	86.30734707
172.4	83.6768617
172.5	86.36968085
172.6	87.6662234
172.7	86.86835106
172.8	86.46941489
172.9	88.66356383
173	88.7741003
173.1	88.66356383
173.2	88.46409574
173.3	88.46409574
173.4	89.0625
173.5	92.63479207
173.6	96.04388298
173.7	93.42011047
173.8	89.34635843
173.9	86.26994681
174	86.17021277
174.1	84.46143617
174.2	81.97695035
174.3	81.0837766
174.4	83.52726064
174.5	86.46941489
174.6	87.86569149
174.7	87.08909574
174.8	85.87300532
174.9	84.65691489
175	83.44082447
175.1	82.22473404
175.2	81.0837766
175.3	80.08643617
175.4	81.2723646
175.5	82.77018859
175.6	84.26801257
175.7	85.76583656
175.8	87.43411509
175.9	89.26196809
176	89.0625
176.1	86.23260796
176.2	84.67420213
176.3	84.8487367
176.4	86.46941489
176.5	87.06781915
176.6	86.66888298
176.7	87.25731383
176.8	88.81316489
176.9	91.48603723
177	95.24601064
177.1	95.24601064
177.2	92.95212766
177.3	93.88962766
177.4	96.24335106
177.5	96.64228723
177.6	99.23537234
177.7	99.03590426
177.8	97.22739362
177.9	95.47207447
178	93.75
178.1	93.45079787
178.2	93.65026596
178.3	93.55053191
178.4	92.00465426
178.5	90.05984043
178.6	89.0625
178.7	88.86303191
178.8	88.46409574
178.9	89.86037234
179	89.86037234
179.1	89.19752455
179.2	88.47330196
179.3	88.26462766
179.4	88.46409574
179.5	90.85771277
179.6	89.66090426
179.7	89.66090426
179.8	91.21453901
179.9	92.65292553
180	91.05718085
180.1	90.65824468
180.2	91.65558511
180.3	91.65558511
180.4	89.86037234
180.5	90.05984043
180.6	91.72706117
180.7	93.45079787
180.8	94.30352394
180.9	95.32345119
181	96.43108573
181.1	97.53872028
181.2	98.23803191
181.3	98.23803191
181.4	99.79388298
181.5	102.56933891
181.6	105.81781915
181.7	106.61569149
181.8	100.29482093
181.9	94.98665585
182	89.67849077
182.1	86.66888298
182.2	88.13769342
182.3	90.3137089
182.4	91.25664894
182.5	90.25930851
182.6	90.05984043
182.7	91.6356383
182.8	93.47074468
182.9	95.1462766
183	94.6974734
183.1	93.30119681
183.2	91.95478723
183.3	91.95478723
183.4	92.3537234
183.5	92.05452128
183.6	92.85239362
183.7	92.05452128
183.8	90.65824468
183.9	90.89095745
184	91.05718085
184.1	90.65824468
184.2	89.66090426
184.3	88.26462766
184.4	87.06781915
184.5	87.46675532
184.6	87.40976444
184.7	85.67154255
184.8	85.27260638
184.9	87.30837866
185	89.86037234
185.1	90.4587766
185.2	90.05984043
185.3	89.66090426
185.4	89.86037234
185.5	92.05452128
185.6	91.75531915
185.7	88.3643617
185.8	85.87101064
185.9	85.17287234
186	85.0731383
186.1	88.10505319
186.2	90.4587766
186.3	90.65824468
186.4	92.85239362
186.5	89.9268617
186.6	87.6662234
186.7	87.25588906
186.8	86.86835106
186.9	87.26728723
187	89.20984577
187.1	90.85771277
187.2	90.85771277
187.3	91.15691489
187.4	92.45345745
187.5	96.24335106
187.6	96.44281915
187.7	92.55319149
187.8	90.65824468
187.9	90.75797872
188	93.35106383
188.1	93.65026596
188.2	92.85239362
188.3	92.95212766
188.4	94.84707447
188.5	94.84707447
188.6	91.35638298
188.7	89.66090426
188.8	90.7081117
188.9	92.95212766
189	92.58643617
189.1	91.85505319
189.2	92.15425532
189.3	94.4481383
189.4	94.24867021
189.5	92.75265957
189.6	92.75265957
189.7	95.1462766
189.8	95.84441489
189.9	96.74202128
190	100.62900421
190.1	105.75364972
190.2	108.61037234
190.3	105.13962766
190.4	103.22473404
190.5	101.62898936
190.6	102.31117021
190.7	106.01728723
190.8	105.81781915
190.9	101.16023936
191	97.44015957
191.1	96.24335106
191.2	94.34840426
191.3	92.39208265
191.4	90.3667144
191.5	88.34134615
191.6	86.31597791
191.7	85.6356383
191.8	87.96542553
191.9	88.16489362
192	86.66888298
192.1	86.66888298
192.2	88.43085106
192.3	91.45611702
192.4	92.05452128
192.5	92.25398936
192.6	93.15159574
192.7	95.62832447
192.8	99.01928191
192.9	100.81117021
193	101.32978723
193.1	100.63164894
193.2	94.03106867
193.3	89.36170213
193.4	90.69451161
193.5	94.82894101
193.6	99.12455674
193.7	104.02260638
193.8	104.82047872
193.9	104.22207447
194	101.85159324
194.1	98.75264707
194.2	94.47307181
194.3	92.05452128
194.4	92.05452128
194.5	93.0518617
194.6	94.41821809
194.7	96.04388298
194.8	96.24335106
194.9	97.24069149
195	95.63069909
195.1	93.0518617
195.2	91.65558511
195.3	90.65824468
195.4	89.98911992
195.5	89.02623308
195.6	89.0625
195.7	91.03153495
195.8	93.46931991
195.9	95.91090426
196	98.36269947
196.1	100.43218085
196.2	100.43218085
196.3	97.98157295
196.4	95.24601064
196.5	94.84707447
196.6	97.55699088
196.7	102.02792553
196.8	104.42154255
196.9	99.8337766
197	97.14095745
197.1	93.26220986
197.2	88.87572534
197.3	85.87101064
197.4	86.07047872
197.5	87.06781915
197.6	88.25037994
197.7	90.85771277
197.8	93.41589096
197.9	96.12367021
198	98.73670213
198.1	98.83643617
198.2	95.44547872
198.3	95.04654255
198.4	93.7677305
198.5	92.85239362
198.6	92.65292553
198.7	94.493731
198.8	94.96675532
198.9	93.25132979
199	93.0518617
199.1	92.15425532
199.2	92.15425532
199.3	93.68546621
199.4	96.21988423
199.5	98.75430225
199.6	100.93085106
199.7	101.62898936
199.8	101.62898936
199.9	102.62632979
200	102.4268617
200.1	100.78570772
200.2	100.23271277
200.3	100.97929331
200.4	101.82845745
200.5	101.82845745
200.6	99.41489362
200.7	96.84175532
200.8	96.64228723
200.9	100.63164894
201	102.22739362
201.1	102.32712766
201.2	99.94775836
201.3	97.14095745
201.4	96.64228723
201.5	98.35310966
201.6	100.10229133
201.7	101.23005319
201.8	99.73404255
201.9	97.53204715
202	95.29595168
202.1	93.05985622
202.2	91.85505319
202.3	92.25398936
202.4	91.85505319
202.5	93.75
202.6	96.01396277
202.7	97.83909574
202.8	101.42952128
202.9	101.82845745
203	96.08991408
203.1	92.85239362
203.2	91.85505319
203.3	94.2087766
203.4	95.84441489
203.5	93.84973404
203.6	93.45079787
203.7	95.84441489
203.8	95.69053951
203.9	95.44547872
204	96.14361702
204.1	98.17320479
204.2	101.26246676
204.3	101.82845745
204.4	100.43218085
204.5	101.09707447
204.6	101.62898936
204.7	101.23005319
204.8	100.03324468
204.9	97.08111702
205	94.24867021
205.1	94.04920213
205.2	94.84707447
205.3	96.64228723
205.4	95.5078125
205.5	93.35106383
205.6	92.85239362
205.7	94.24867021
205.8	92.51994681
205.9	91.85505319
206	92.98613309
206.1	94.49423962
206.2	96.84175532
206.3	97.0412234
206.4	96.44281915
206.5	94.51462766
206.6	91.55585106
206.7	89.59441489
206.8	87.31316489
206.9	84.67420213
207	84.17553191
207.1	85.59175532
207.2	86.75615027
207.3	87.46675532
207.4	89.03457447
207.5	91.45611702
207.6	91.23385258
207.7	90.85771277
207.8	92.06449468
207.9	93.25132979
208	91.76188846
208.1	90.65824468
208.2	91.05718085
208.3	94.4481383
208.4	98.4375
208.5	99.42237367
208.6	100.23271277
208.7	101.82845745
208.8	102.02792553
208.9	103.22473404
209	100.39591393
209.1	96.91428917
209.2	94.94680851
209.3	94.84707447
209.4	96.56471631
209.5	98.63696809
209.6	101.42952128
209.7	105.21941489
209.8	103.22473404
209.9	101.03058511
210	102.51412899
210.1	104.82047872
210.2	103.19980053
210.3	100.88098404
210.4	98.38763298
210.5	96.25047492
210.6	93.39095745
210.7	89.96010638
210.8	89.66090426
210.9	89.46143617
211	90.82446809
211.1	93.88297872
211.2	96.44281915
211.3	97.90142952
211.4	98.4375
211.5	97.63962766
211.6	97.83909574
211.7	99.78390957
211.8	101.42952128
211.9	101.13031915
212	99.73404255
212.1	97.83909574
212.2	96.9040891
212.3	98.69930186
212.4	99.8337766
212.5	99.93351064
212.6	101.30485372
212.7	103.39926862
212.8	105.49368351
212.9	106.21675532
213	102.82579787
213.1	101.82845745
213.2	102.02792553
213.3	102.02792553
213.4	103.11835106
213.5	104.62101064
213.6	103.4151354
213.7	99.67057544
213.8	96.64228723
213.9	95.64494681
214	96.44281915
214.1	100.75132979
214.2	105.68816489
214.3	107.61303191
214.4	106.4162234
214.5	105.61835106
214.6	104.22207447
214.7	101.60589306
214.8	98.26112822
214.9	94.91636338
215	91.65558511
215.1	91.65558511
215.2	93.45079787
215.3	95.48174565
215.4	99.61617505
215.5	102.62632979
215.6	100.53191489
215.7	96.64228723
215.8	94.76158815
215.9	93.45079787
216	94.94415399
216.1	97.09203847
216.2	98.9893617
216.3	100.63164894
216.4	102.76097074
216.5	104.22207447
216.6	105.63331117
216.7	106.01728723
216.8	103.36589607
216.9	100.28795008
217	98.23803191
217.1	98.23803191
217.2	96.09042553
217.3	94.04920213
217.4	92.65292553
217.5	92.65292553
217.6	95.84441489
217.7	95.64494681
217.8	93.0518617
217.9	92.98933476
218	94.4481383
218.1	94.24867021
218.2	92.55319149
218.3	91.05718085
218.4	92.50332447
218.5	95.49534574
218.6	96.84175532
218.7	96.07108317
218.8	94.22147002
218.9	93.15159574
219	94.36087101
219.1	97.44015957
219.2	97.29768237
219.3	97.0412234
219.4	97.83909574
219.5	96.64228723
219.6	96.84175532
219.7	97.12101064
219.8	96.64228723
219.9	97.51496011
220	98.63696809
220.1	98.03856383
220.2	97.83909574
220.3	97.24069149
220.4	94.64760638
220.5	94.81857903
220.6	95.44547872
220.7	96.04388298
220.8	98.03856383
220.9	102.38253546
221	105.81781915
221.1	106.71542553
221.2	109.74069149
221.3	111.40292553
221.4	106.38688986
221.5	99.6988423
221.6	92.45345745
221.7	92.45345745
221.8	98.23803191
221.9	98.71176862
222	98.4375
222.1	100.13297872
222.2	100.03324468
222.3	97.24069149
222.4	96.84175532
222.5	97.32795878
222.6	97.39029255
222.7	97.24069149
222.8	97.93882979
222.9	100.07836914
223	102.3036113
223.1	104.02260638
223.2	102.4268617
223.3	96.64228723
223.4	90.75797872
223.5	89.46143617
223.6	92.85239362
223.7	94.84707447
223.8	100.73470745
223.9	107.34375
224	111.60239362
224.1	111.00398936
224.2	110.40558511
224.3	108.41090426
224.4	107.61303191
224.5	107.01462766
224.6	103.62367021
224.7	101.64671986
224.8	99.03590426
224.9	97.95307751
225	97.0412234
225.1	96.44281915
225.2	96.37443009
225.3	96.64228723
225.4	96.4787234
225.5	96.64228723
225.6	97.98869681
225.7	99.8337766
225.8	98.52726064
225.9	96.76196809
226	93.25132979
226.1	90.4587766
226.2	90.25930851
226.3	91.05718085
226.4	94.58577128
226.5	98.4375
226.6	101.84341755
226.7	103.98841185
226.8	106.81515957
226.9	108.01196809
227	106.51595745
227.1	99.91356383
227.2	94.04920213
227.3	93.45079787
227.4	96.12117686
227.5	97.83909574
227.6	95.36070479
227.7	93.25132979
227.8	90.9424867
227.9	89.0625
228	91.78023169
228.1	95.04654255
228.2	97.0412234
228.3	97.24069149
228.4	96.14361702
228.5	92.59593465
228.6	89.96010638
228.7	89.26196809
228.8	90.85771277
228.9	96.44281915
229	101.98507434
229.1	105.61835106
229.2	105.21941489
229.3	99.99335106
229.4	96.12616356
229.5	93.70466634
229.6	91.67190522
229.7	89.66090426
229.8	89.0625
229.9	88.66356383
230	87.49525076
230.1	86.26994681
230.2	86.07047872
230.3	87.41090426
230.4	87.04787234
230.5	86.66888298
230.6	87.26728723
230.7	86.26994681
230.8	86.26994681
230.9	88.26462766
231	90.56848404
231.1	92.65292553
231.2	92.45345745
231.3	91.13696809
231.4	89.86957856
231.5	89.26196809
231.6	89.46143617
231.7	90.61835106
231.8	91.79521277
231.9	91.34441489
232	90.05984043
232.1	90.59840426
232.2	91.31648936
232.3	91.97473404
232.4	92.45345745
232.5	92.85239362
232.6	92.25398936
232.7	87.93218085
232.8	86.07047872
232.9	86.88572186
233	88.28328153
233.1	89.68084119
233.2	91.20345745
233.3	92.77260638
233.4	94.48803191
233.5	96.84175532
233.6	97.83909574
233.7	95.84441489
233.8	95.64494681
233.9	98.03856383
234	97.34042553
234.1	95.84441489
234.2	91.08710106
234.3	86.63183891
234.4	84.87367021
234.5	86.07047872
234.6	85.27260638
234.7	87.98537234
234.8	93.01196809
234.9	97.44015957
235	97.44015957
235.1	96.24335106
235.2	96.24335106
235.3	95.84441489
235.4	93.87965426
235.5	91.65558511
235.6	90.65824468
235.7	92.96210106
235.8	94.64760638
235.9	91.12648857
236	87.41673944
236.1	84.97340426
236.2	84.57446809
236.3	86.25124668
236.4	87.97165891
236.5	89.56117021
236.6	90.75797872
236.7	92.05452128
236.8	92.45345745
236.9	91.35638298
237	88.95576871
237.1	86.86835106
237.2	87.41439495
237.3	89.26196809
237.4	90.20833333
237.5	90.65824468
237.6	90.36901596
237.7	89.86037234
237.8	89.66090426
237.9	90.35239362
238	91.25664894
238.1	89.50132979
238.2	87.26728723
238.3	87.06781915
238.4	89.36613475
238.5	90.85771277
238.6	91.47357048
238.7	91.85505319
238.8	92.85239362
238.9	95.59851986
239	97.10342433
239.1	98.60832881
239.2	99.93351064
239.3	101.20013298
239.4	102.62632979
239.5	103.21706219
239.6	103.86149755
239.7	104.32180851
239.8	104.32180851
239.9	103.125
240	99.73404255
240.1	99.53457447
240.2	101.91284779
240.3	104.398527
240.4	105.21941489
240.5	104.22207447
240.6	104.29331307
240.7	104.42154255
240.8	103.8231383
240.9	102.22739362
241	99.33510638
241.1	99.03590426
241.2	96.80435505
241.3	93.55053191
241.4	93.15159574
241.5	95.43641199
241.6	99.24443907
241.7	101.23005319
241.8	101.32978723
241.9	103.125
242	101.92819149
242.1	101.62898936
242.2	100.59175532
242.3	100.23271277
242.4	102.22739362
242.5	99.23537234
242.6	98.83643617
242.7	99.89724371
242.8	101.42952128
242.9	101.23005319
243	99.65576672
243.1	98.4375
243.2	97.83909574
243.3	100.83111702
243.4	98.75522416
243.5	94.80433131
243.6	91.25664894
243.7	90.05984043
243.8	89.66090426
243.9	90.05984043
244	92.39099587
244.1	94.54787234
244.2	97.31549202
244.3	102.22739362
244.4	102.62632979
244.5	97.0412234
244.6	91.45611702
244.7	90.65824468
244.8	94.04920213
244.9	97.24069149
245	100.43218085
245.1	99.63430851
245.2	100.83111702
245.3	100.83111702
245.4	101.44946809
245.5	102.22739362
245.6	102.02792553
245.7	100.43218085
245.8	100.03324468
245.9	106.21675532
246	106.81515957
246.1	107.01462766
246.2	108.01196809
246.3	107.01462766
246.4	104.02260638
246.5	102.90558511
246.6	101.84840426
246.7	100.83111702
246.8	100.83111702
246.9	102.22836393
247	103.8231383
247.1	103.8231383
247.2	98.4375
247.3	97.63962766
247.4	97.7393617
247.5	96.94148936
247.6	94.33933752
247.7	91.07531431
247.8	89.0625
247.9	88.26462766
248	88.06515957
248.1	88.46409574
248.2	91.60571809
248.3	94.12898936
248.4	95.64494681
248.5	94.89694149
248.6	93.25132979
248.7	92.77260638
248.8	93.0518617
248.9	92.05452128
249	90.55851064
249.1	90.28324468
249.2	89.07104863
249.3	87.46675532
249.4	87.06781915
249.5	88.87837561
249.6	90.7794599
249.7	93.44581117
249.8	95.84441489
249.9	96.04388298
250	94.9856523
250.1	93.59819429
250.2	93.25132979
250.3	93.45079787
250.4	94.88447473
250.5	96.04388298
250.6	96.44281915
250.7	97.44015957
250.8	98.63696809
250.9	93.94946809
251	88.49734043
251.1	83.84308511
251.2	80.79454787
251.3	78.49069149
251.4	75.39893617
251.5	72.76595745
251.6	70.3125
251.7	67.08111702
251.8	63.25132979
251.9	59.74069149
252	57.14760638
252.1	55.65159574
252.2	55.75132979
252.3	54.55452128
252.4	54.15558511
252.5	54.15558511
252.6	56.37189716
252.7	62.13430851
252.8	64.91918985
252.9	67.95724223
253	72.47480109
253.1	77.41356383
253.2	81.92652926
253.3	85.75132979
253.4	89.20212766
253.5	91.02091393
253.6	92.45345745
253.7	91.22245441
253.8	90.4587766
253.9	91.59175532
254	92.45345745
254.1	90.15957447
254.2	91.74819529
254.3	93.37243541
254.4	95.84441489
254.5	100.23271277
254.6	100.13297872
254.7	98.93617021
254.8	99.1356383
254.9	101.5862462
255	102.22739362
255.1	101.23005319
255.2	103.07085866
255.3	106.01728723
255.4	104.16223404
255.5	103.62367021
255.6	103.32890071
255.7	102.41356383
255.8	102.87566489
255.9	104.22207447
256	102.3089942
256.1	100.06225822
256.2	99.23537234
256.3	100.118731
256.4	99.8337766
256.5	97.0412234
256.6	94.6037234
256.7	92.85239362
256.8	92.25398936
256.9	93.8282015
257	95.95541596
257.1	98.63696809
257.2	100.53191489
257.3	98.73670213
257.4	96.84175532
257.5	96.3231383
257.6	96.04388298
257.7	96.34308511
257.8	96.34308511
257.9	95.64494681
258	95.24601064
258.1	97.44015957
258.2	101.76462766
258.3	104.62101064
258.4	104.22207447
258.5	105.21941489
258.6	105.41888298
258.7	102.94547872
258.8	101.03058511
258.9	99.63430851
259	97.90142952
259.1	96.44281915
259.2	95.64494681
259.3	96.04388298
259.4	98.30357143
259.5	100.48917173
259.6	101.14228723
259.7	99.43484043
259.8	100.17287234
259.9	101.42952128
260	103.88359044
260.1	106.51613736
260.2	107.61303191
260.3	104.32180851
260.4	102.82579787
260.5	103.02526596
260.6	105.25265957
260.7	106.61569149
260.8	105.21941489
260.9	104.82047872
261	105.56159864
261.1	106.86156303
261.2	107.21409574
261.3	104.84327508
261.4	103.8231383
261.5	104.26196809
261.6	105.55651596
261.7	107.02792553
261.8	108.61037234
261.9	108.61037234
262	105.294844
262.1	101.7287234
262.2	101.13031915
262.3	103.75664894
262.4	110.67154255
262.5	115.99069149
262.6	117.08776596
262.7	114.59441489
262.8	106.46155706
262.9	100.43218085
263	99.63430851
263.1	100.0731383
263.2	100.43218085
263.3	99.89760638
263.4	98.63696809
263.5	98.23803191
263.6	98.4375
263.7	103.24069149
263.8	108.21143617
263.9	108.61037234
264	109.10904255
264.1	111.97739362
264.2	114.99335106
264.3	114.99335106
264.4	111.40292553
264.5	110.00664894
264.6	105.73553856
264.7	100.43218085
264.8	98.03856383
264.9	95.04654255
265	94.4481383
265.1	94.64760638
265.2	97.42202611
265.3	100.46844778
265.4	106.23100304
265.5	109.10904255
265.6	105.87481003
265.7	104.42154255
265.8	107.38031915
265.9	109.80718085
266	110.00664894
266.1	109.80718085
266.2	107.61303191
266.3	106.81515957
266.4	106.21675532
266.5	102.60416667
266.6	97.2429078
266.7	92.98803191
266.8	89.13901181
266.9	86.42143508
267	83.47739362
267.1	82.87898936
267.2	86.86835106
267.3	88.06515957
267.4	87.36702128
267.5	87.06781915
267.6	87.76595745
267.7	92.25398936
267.8	100.43218085
267.9	105.41888298
268	107.31382979
268.1	106.81515957
268.2	103.92287234
268.3	100.53191489
268.4	99.8337766
268.5	100.63164894
268.6	102.52659574
268.7	102.02792553
268.8	103.22473404
268.9	104.32180851
269	103.22473404
269.1	104.82047872
269.2	102.49468085
269.3	100.23271277
269.4	103.13924772
269.5	104.02260638
269.6	95.96852837
269.7	93.45079787
269.8	93.65026596
269.9	97.99867021
270	101.52925532
270.1	105.05984043
270.2	107.8125
270.3	108.01196809
270.4	106.92486702
270.5	105.5518617
270.6	104.17885638
270.7	103.02526596
270.8	103.62367021
270.9	105.01994681
271	105.21941489
271.1	104.74069149
271.2	104.30851064
271.3	104.38164894
271.4	103.42420213
271.5	103.62367021
271.6	103.00531915
271.7	102.02792553
271.8	102.02792553
271.9	104.42154255
272	107.43462568
272.1	108.21143617
272.2	107.61303191
272.3	105.31914894
272.4	103.92287234
272.5	103.33353482
272.6	102.62632979
272.7	101.42952128
272.8	99.8337766
272.9	95.64494681
273	93.65026596
273.1	91.25664894
273.2	87.53273322
273.3	83.69527414
273.4	80.68484043
273.5	82.08111702
273.6	84.47473404
273.7	84.47473404
273.8	81.75341945
273.9	77.69281915
274	77.29388298
274.1	81.54294602
274.2	85.47011034
274.3	90.26237725
274.4	95.78457447
274.5	100.0731383
274.6	101.95611702
274.7	106.19965805
274.8	108.61037234
274.9	105.38342199
275	102.72606383
275.1	103.42420213
275.2	107.37367021
275.3	112.00132979
275.4	110.02260638
275.5	108.61037234
275.6	111.24584441
275.7	113.79654255
275.8	112.40026596
275.9	109.53802716
276	105.82785388
276.1	102.22739362
276.2	100.53191489
276.3	100.73138298
276.4	101.62898936
276.5	100.59175532
276.6	98.83643617
276.7	97.08111702
276.8	95.54521277
276.9	95.04654255
277	95.94414894
277.1	99.21320922
277.2	102.89228723
277.3	107.21409574
277.4	109.80718085
277.5	109.40824468
277.6	102.62632979
277.7	101.03058511
277.8	102.62632979
277.9	102.62632979
278	100.03167407
278.1	97.95594949
278.2	96.38297872
278.3	95.84441489
278.4	95.84441489
278.5	96.24335106
278.6	97.63962766
278.7	100.69148936
278.8	104.44148936
278.9	107.8125
279	105.53979534
279.1	101.82845745
279.2	100.23271277
279.3	100.83111702
279.4	104.33178191
279.5	106.81515957
279.6	105.90757979
279.7	103.87300532
279.8	102.32712766
279.9	102.52659574
280	106.21675532
280.1	106.61569149
280.2	106.81515957
280.3	108.73005319
280.4	112.2606383
280.5	115.54572422
280.6	118.71419804
280.7	122.50132979
280.8	124.96675532
280.9	122.97207447
281	119.09129894
281.1	113.24180883
281.2	109.80718085
281.3	110.50531915
281.4	113.8962766
281.5	114.39494681
281.6	113.79654255
281.7	110.85771277
281.8	108.14494681
281.9	106.0837766
282	104.48803191
282.1	103.42420213
282.2	103.02526596
282.3	104.72074468
282.4	104.62101064
282.5	104.22207447
282.6	105.60588431
282.7	109.00930851
282.8	111.20345745
282.9	108.5106383
283	106.31648936
283.1	106.91489362
283.2	108.34441489
283.3	109.94015957
283.4	112.00132979
283.5	113.79654255
283.6	112.33045213
283.7	108.85970745
283.8	106.51595745
283.9	106.11702128
284	105.41888298
284.1	104.62101064
284.2	106.90824468
284.3	108.44082447
284.4	109.32347074
284.5	110.40558511
284.6	111.00398936
284.7	113.87632979
284.8	116.38962766
284.9	114.24867021
285	113.39760638
285.1	114.79388298
285.2	112.98620346
285.3	109.30851064
285.4	108.01196809
285.5	108.80984043
285.6	110.00664894
285.7	107.63962766
285.8	105.01994681
285.9	107.61303191
286	107.41356383
286.1	106.4162234
286.2	106.71542553
286.3	111.3231383
286.4	116.68882979
286.5	117.1875
286.6	116.19015957
286.7	111.16605718
286.8	109.2087766
286.9	110.32579787
287	110.60505319
287.1	107.50831117
287.2	105.61835106
287.3	105.01994681
287.4	106.60405585
287.5	108.85970745
287.6	110.60505319
287.7	108.59809738
287.8	103.9811784
287.9	99.43484043
288	99.23537234
288.1	102.82579787
288.2	101.52925532
288.3	101.23005319
288.4	101.92819149
288.5	106.83817512
288.6	112.4539689
288.7	115.7912234
288.8	115.69148936
288.9	114.39494681
289	110.86764409
289.1	109.40824468
289.2	112.8849734
289.3	115.7912234
289.4	111.69547872
289.5	105.41888298
289.6	103.42420213
289.7	102.02792553
289.8	100.23271277
289.9	100.63164894
290	104.42154255
290.1	108.21143617
290.2	107.8125
290.3	103.42420213
290.4	101.03058511
290.5	99.43484043
290.6	99.53457447
290.7	100.03324468
290.8	97.44015957
290.9	97.24069149
291	98.63696809
291.1	100.99069149
291.2	101.62898936
291.3	97.32047872
291.4	95.04654255
291.5	95.44547872
291.6	98.74069149
291.7	103.54388298
291.8	108.7243541
291.9	110.80452128
292	109.3459109
292.1	105.96243351
292.2	104.22207447
292.3	105.57047872
292.4	106.61569149
292.5	105.61835106
292.6	105.21941489
292.7	105.84441489
292.8	108.80984043
292.9	109.00930851
293	109.00930851
293.1	111.46675532
293.2	114.19547872
293.3	115.39228723
293.4	115.59175532
293.5	116.32729388
293.6	117.91805186
293.7	118.5837766
293.8	115.39228723
293.9	111.39976
294	107.01728199
294.1	102.63480399
294.2	101.62898936
294.3	102.22739362
294.4	102.3556231
294.5	103.22473404
294.6	103.00864362
294.7	103.8231383
294.8	102.45345745
294.9	100.43218085
295	99.23537234
295.1	101.18018617
295.2	106.56582447
295.3	111.95146277
295.4	116.68882979
295.5	117.48670213
295.6	116.09042553
295.7	113.55718085
295.8	114.99335106
295.9	115.89095745
296	114.39494681
296.1	109.98670213
296.2	105.91755319
296.3	104.02260638
296.4	104.42154255
296.5	103.02526596
296.6	101.42952128
296.7	102.4268617
296.8	101.62898936
296.9	97.53989362
297	97.63962766
297.1	101.77146657
297.2	105.40691489
297.3	106.09042553
297.4	106.42619681
297.5	108.01196809
297.6	107.8125
297.7	105.57845745
297.8	101.83111702
297.9	97.82047872
298	94.04920213
298.1	93.45079787
298.2	96.34308511
298.3	100.41223404
298.4	104.82047872
298.5	107.25842199
298.6	109.80718085
298.7	111.20345745
298.8	110.00664894
298.9	109.80718085
299	105.81781915
299.1	105.21941489
299.2	105.11968085
299.3	104.22207447
299.4	103.01529255
299.5	101.52925532
299.6	101.03058511
299.7	101.62898936
299.8	104.92021277
299.9	108.55338146
300	112.00132979
300.1	112.00132979
300.2	107.8856383
300.3	102.78590426
300.4	98.03856383
300.5	96.44281915
300.6	97.44015957
300.7	99.59748363
300.8	103.39965221
300.9	107.01462766
301	106.15256727
301.1	104.82047872
301.2	106.19182181
301.3	109.40824468
301.4	111.00398936
301.5	116.20262633
301.6	120.37898936
301.7	120.0099734
301.8	118.5837766
301.9	116.88829787
302	114.09574468
302.1	111.40292553
302.2	110.20611702
302.3	109.50797872
302.4	108.31117021
302.5	102.96985816
302.6	98.63696809
302.7	98.03856383
302.8	100.93085106
302.9	104.12234043
303	107.61303191
303.1	107.90824468
303.2	108.32613032
303.3	108.21143617
303.4	105.80072188
303.5	103.42420213
303.6	102.82579787
303.7	105.55566109
303.8	109.60771277
303.9	109.80718085
304	107.67021501
304.1	105.12994017
304.2	103.02526596
304.3	103.62367021
304.4	104.62101064
304.5	104.15083587
304.6	103.8231383
304.7	104.02260638
304.8	105.11968085
304.9	106.31648936
305	107.01462766
305.1	106.37348024
305.2	105.91755319
305.3	106.01728723
305.4	106.85505319
305.5	107.97207447
305.6	109.10904255
305.7	110.30585106
305.8	111.95146277
305.9	113.82978723
306	116.31753076
306.1	119.64760638
306.2	123.17154255
306.3	123.17154255
306.4	116.2599734
306.5	111.05385638
306.6	107.61303191
306.7	106.61569149
306.8	105.61835106
306.9	102.89760638
307	100.43218085
307.1	99.8337766
307.2	99.23537234
307.3	99.39494681
307.4	100.61170213
307.5	102.69886364
307.6	105.68544487
307.7	108.67202611
307.8	111.65860735
307.9	114.69414894
308	120.37898936
308.1	119.78058511
308.2	114.91855053
308.3	110.03158245
308.4	106.61569149
308.5	105.61835106
308.6	105.21941489
308.7	99.8337766
308.8	99.63430851
308.9	100.7149433
309	102.15578969
309.1	103.02526596
309.2	101.82845745
309.3	101.23005319
309.4	100.18484043
309.5	99.63430851
309.6	100.63164894
309.7	104.62101064
309.8	104.61602394
309.9	102.01296543
310	100.9809522
310.1	102.71904031
310.2	104.02260638
310.3	102.27013678
310.4	99.33510638
310.5	99.03590426
310.6	103.0695922
310.7	104.72074468
310.8	101.52925532
310.9	101.42952128
311	103.02526596
311.1	105.53856383
311.2	106.99246454
311.3	108.01196809
311.4	108.01196809
311.5	105.91755319
311.6	102.62632979
311.7	102.02792553
311.8	101.04734606
311.9	99.50738591
312	97.83909574
312.1	96.65763093
312.2	95.36876023
312.3	95.1462766
312.4	97.68949468
312.5	99.03590426
312.6	99.43484043
312.7	100.53191489
312.8	107.06449468
312.9	111.8018617
313	113.59707447
313.1	112.5
313.2	108.69837297
313.3	104.40394243
313.4	100.10951189
313.5	97.44015957
313.6	96.84175532
313.7	97.34042553
313.8	99.55950798
313.9	100.63164894
314	99.63430851
314.1	99.63430851
314.2	98.77659574
314.3	98.03856383
314.4	98.23803191
314.5	100.67597518
314.6	103.02526596
314.7	101.62898936
314.8	99.23537234
314.9	97.24069149
315	94.75640716
315.1	91.76075919
315.2	90.05984043
315.3	89.66090426
315.4	94.49202128
315.5	98.89342705
315.6	100.64910239
315.7	101.12177052
315.8	101.82845745
315.9	104.22207447
316	103.8231383
316.1	100.37677305
316.2	96.64228723
316.3	95.74468085
316.4	97.19794833
316.5	99.23537234
316.6	102.40469858
316.7	104.82047872
316.8	106.4162234
316.9	106.31648936
317	102.02792553
317.1	100.63164894
317.2	99.23537234
317.3	99.52260638
317.4	100.43218085
317.5	98.63696809
317.6	97.63962766
317.7	98.95611702
317.8	104.01595745
317.9	107.01462766
318	104.12234043
318.1	97.63962766
318.2	93.60150709
318.3	87.84796099
318.4	86.26994681
318.5	89.98503989
318.6	91.89744016
318.7	91.65558511
318.8	89.26196809
318.9	88.06515957
319	88.43689555
319.1	90.68363153
319.2	92.05452128
319.3	91.35638298
319.4	91.05718085
319.5	93.25132979
319.6	91.23385258
319.7	91.21675532
319.8	91.45611702
319.9	90.4587766
320	86.99792008
320.1	83.47739362
320.2	82.28058511
320.3	83.83643617
320.4	86.05718085
320.5	87.56648936
320.6	88.26462766
320.7	87.86569149
320.8	86.26994681
320.9	81.74894841
321	76.90830032
321.1	73.45412234
321.2	70.51196809
321.3	70.01329787
321.4	71.21010638
321.5	74.00265957
321.6	77.97777356
321.7	82.08111702
321.8	86.22007979
321.9	90.40890957
322	92.45345745
322.1	93.25132979
322.2	93.65026596
322.3	93.84973404
322.4	94.84707447
322.5	94.64760638
322.6	95.74468085
322.7	96.24335106
322.8	98.23803191
322.9	98.83643617
323	94.04920213
323.1	92.42154255
323.2	90.85771277
323.3	91.18484043
323.4	92.05452128
323.5	88.89929884
323.6	84.8337766
323.7	82.48005319
323.8	81.68218085
323.9	80.68484043
324	79.38829787
324.1	77.89228723
324.2	78.47074468
324.3	80.28590426
324.4	80.28590426
324.5	81.0837766
324.6	80.50531915
324.7	79.48803191
324.8	80.21110372
324.9	82.67952128
325	80.98404255
325.1	79.30890957
325.2	81.09773936
325.3	83.07845745
325.4	83.27792553
325.5	80.52163926
325.6	77.69281915
325.7	77.09441489
325.8	77.98204787
325.9	82.1381079
326	85.47207447
326.1	84.87367021
326.2	80.9410802
326.3	77.22943944
326.4	75.29920213
326.5	75.49867021
326.6	75.6981383
326.7	75.49867021
326.8	78.04460832
326.9	81.468206
327	82.48005319
327.1	81.38297872
327.2	80.28590426
327.3	79.03922872
327.4	77.59308511
327.5	77.3537234
327.6	77.09441489
327.7	75.89760638
327.8	75.89760638
327.9	79.27609707
328	82.12889381
328.1	83.98150387
328.2	85.265353
328.3	86.66888298
328.4	86.07047872
328.5	82.87898936
328.6	81.44060284
328.7	79.1768617
328.8	75.99933511
328.9	74.10239362
329	74.90026596
329.1	78.14162234
329.2	83.37765957
329.3	89.36170213
329.4	93.65026596
329.5	94.4481383
329.6	91.19015957
329.7	87.99867021
329.8	85.20279255
329.9	82.48005319
330	79.36850716
330.1	75.97409331
330.2	73.30452128
330.3	72.10771277
330.4	72.7734375
330.5	75.27426862
330.6	80.22969052
330.7	85.87101064
330.8	91.45611702
330.9	96.19785834
331	101.97893337
331.1	104.72074468
331.2	100.13297872
331.3	95.54521277
331.4	93.94946809
331.5	91.72539894
331.6	88.01529255
331.7	85.37234043
331.8	84.67420213
331.9	83.95390071
332	82.77925532
332.1	80.68484043
332.2	74.50132979
332.3	69.31515957
332.4	68.31781915
332.5	72.69899316
332.6	76.37490502
332.7	77.69281915
332.8	76.94481383
332.9	76.59574468
333	77.3487409
333.1	78.13663564
333.2	79.16638963
333.3	82.65957447
333.4	86.484375
333.5	88.86303191
333.6	89.0625
333.7	87.90558511
333.8	86.86835106
333.9	86.66888298
334	86.66888298
334.1	86.46941489
334.2	85.27260638
334.3	82.35538564
334.4	78.34821429
334.5	75.6981383
334.6	76.59574468
334.7	78.88962766
334.8	84.51462766
334.9	89.26196809
335	89.86037234
335.1	89.26196809
335.2	86.70378989
335.3	80.18838652
335.4	73.38874113
335.5	66.58909574
335.6	61.46941489
335.7	60.73803191
335.8	63.22916667
335.9	65.51728723
336	66.17598512
336.1	67.2429078
336.2	69.11569149
336.3	69.59773936
336.4	69.91356383
336.5	72.74601064
336.6	76.69547872
336.7	78.12167553
336.8	79.58776596
336.9	82.07003546
337	84.87367021
337.1	87.06187552
337.2	88.19232048
337.3	89.68484043
337.4	91.56781915
337.5	92.0212766
337.6	90.85771277
337.7	90.9375
337.8	91.25664894
337.9	89.75066489
338	88.36060603
338.1	87.6662234
338.2	87.86569149
338.3	87.16755319
338.4	86.86835106
338.5	89.89361702
338.6	90.75797872
338.7	89.27771557
338.8	87.70296753
338.9	86.12821948
339	85.0731383
339.1	85.0731383
339.2	86.53812057
339.3	88.76108156
339.4	90.25930851
339.5	90.85771277
339.6	89.66090426
339.7	87.06781915
339.8	86.46941489
339.9	86.66888298
340	89.86037234
340.1	89.86037234
340.2	87.56648936
340.3	87.16755319
340.4	89.22456782
340.5	92.65292553
340.6	99.03590426
340.7	101.32978723
340.8	101.82845745
340.9	100.73138298
341	100.03324468
341.1	100.23271277
341.2	101.4893617
341.3	103.18484043
341.4	104.95013298
341.5	106.01728723
341.6	102.22739362
341.7	102.62632979
341.8	105.71238602
341.9	106.61569149
342	102.77593085
342.1	100.03324468
342.2	100.40368541
342.3	102.08491641
342.4	103.76614742
342.5	104.42154255
342.6	103.8331117
342.7	103.62367021
342.8	103.8231383
342.9	104.9764265
343	107.75809961
343.1	109.80718085
343.2	110.00664894
343.3	108.61037234
343.4	106.50099734
343.5	102.67619681
343.6	101.23005319
343.7	102.34707447
343.8	104.42154255
343.9	103.66356383
344	100.83111702
344.1	101.57912234
344.2	102.82579787
344.3	101.7287234
344.4	97.53989362
344.5	95.83016717
344.6	94.4481383
344.7	96.68218085
344.8	97.63962766
344.9	94.84707447
345	95.04654255
345.1	97.91469867
345.2	100.56222739
345.3	103.89295213
345.4	104.82047872
345.5	102.30718085
345.6	100.83111702
345.7	99.43484043
345.8	99.23537234
345.9	100.7912234
346	104.42154255
346.1	104.82047872
346.2	105.81781915
346.3	106.01728723
346.4	102.52659574
346.5	99.43484043
346.6	99.43484043
346.7	101.37965426
346.8	102.32712766
346.9	103.51282054
347	105.03251897
347.1	106.80851064
347.2	108.671875
347.3	109.40824468
347.4	107.00465426
347.5	105.61835106
347.6	105.01994681
347.7	103.62367021
347.8	101.34973404
347.9	98.99601064
348	97.14095745
348.1	96.84175532
348.2	98.56826241
348.3	99.63430851
348.4	98.29288564
348.5	95.64494681
348.6	95.24601064
348.7	96.94547872
348.8	101.42287234
348.9	102.79255319
349	103.22473404
349.1	101.92819149
349.2	97.97207447
349.3	93.65026596
349.4	92.45345745
349.5	92.55319149
349.6	95.44547872
349.7	96.84175532
349.8	102.62632979
349.9	105.11968085
350	105.61835106
350.1	102.27526596
350.2	99.45079787
350.3	96.62632979
350.4	94.71742021
350.5	93.0518617
350.6	92.72473404
350.7	93.0518617
350.8	93.33610372
350.9	93.65026596
351	94.4481383
351.1	97.25664894
351.2	99.23537234
351.3	98.79654255
351.4	97.72273936
351.5	96.84175532
351.6	97.58548632
351.7	99.57945479
351.8	102.82579787
351.9	105.53856383
352	108.36422914
352.1	110.80452128
352.2	107.95586769
352.3	103.99143949
352.4	100.0270113
352.5	98.83643617
352.6	99.43484043
352.7	100.00474924
352.8	101.03058511
352.9	101.10182371
353	101.03058511
353.1	101.42952128
353.2	103.10904255
353.3	104.62101064
353.4	104.64893617
353.5	104.22207447
353.6	105.34453578
353.7	107.59127176
353.8	110.27865087
353.9	113.48827369
354	115.39228723
354.1	114.31515957
354.2	113.13829787
354.3	111.96143617
354.4	111.8018617
354.5	114.79388298
354.6	114.70910904
354.7	114.19547872
354.8	113.99601064
354.9	112.99867021
355	110.4770683
355.1	107.69401767
355.2	105.81781915
355.3	104.82047872
355.4	103.62367021
355.5	101.76196809
355.6	99.8337766
355.7	100.03324468
355.8	103.64860372
355.9	110.24031155
356	114.75340053
356.1	116.58909574
356.2	116.38962766
356.3	115.29255319
356.4	113.99601064
356.5	110.08144947
356.6	106.19182181
356.7	104.32180851
356.8	104.62101064
356.9	104.22207447
357	104.62101064
357.1	104.47805851
357.2	104.42154255
357.3	105.80452128
357.4	107.61303191
357.5	106.91489362
357.6	104.93572695
357.7	102.99534574
357.8	101.2599734
357.9	100.63164894
358	101.42952128
358.1	100.23271277
358.2	100.52792553
358.3	100.16289894
358.4	100.11801862
358.5	99.43484043
358.6	97.44015957
358.7	97.24069149
358.8	99.29853723
358.9	100.43218085
359	99.8337766
359.1	100.82613032
359.2	103.32696144
359.3	103.8231383
359.4	100.26512633
359.5	96.84175532
359.6	97.19509878
359.7	98.23803191
359.8	99.50132979
359.9	101.26994681
360	104.57517187
360.1	109.28856383
360.2	110.60505319
360.3	108.01196809
360.4	107.8125
360.5	106.8650266
360.6	105.81781915
360.7	105.25360942
360.8	105.41888298
360.9	104.82047872
361	105.83404383
361.1	106.4162234
361.2	104.3018617
361.3	103.62367021
361.4	105.78590426
361.5	108.61037234
361.6	108.77792553
361.7	108.01196809
361.8	108.75398936
361.9	110.00664894
362	108.21143617
362.1	105.52716565
362.2	102.57218845
362.3	99.61721125
362.4	98.83643617
362.5	100.43218085
362.6	100.3224734
362.7	100.03324468
362.8	103.02526596
362.9	102.4268617
363	102.62632979
363.1	104.82047872
363.2	105.21941489
363.3	105.21941489
363.4	107.15710486
363.5	109.60771277
363.6	109.10904255
363.7	107.51329787
363.8	106.11702128
363.9	103.66945593
364	99.63430851
364.1	99.63430851
364.2	100.34990027
364.3	101.67386968
364.4	102.9978391
364.5	103.62367021
364.6	101.59308511
364.7	99.49468085
364.8	98.23803191
364.9	98.88630319
365	103.29953457
365.1	105.21941489
365.2	106.93484043
365.3	109.28856383
365.4	111.39494681
365.5	111.60239362
365.6	107.21409574
365.7	101.34973404
365.8	96.84175532
365.9	96.44281915
366	98.8746215
366.1	101.13031915
366.2	101.82845745
366.3	102.52659574
366.4	106.40514184
366.5	111.42785904
366.6	113.79654255
366.7	111.1037234
366.8	104.72074468
366.9	103.72340426
367	103.77327128
367.1	103.32446809
367.2	101.5915891
367.3	98.83643617
367.4	98.73670213
367.5	100.23271277
367.6	100.43218085
367.7	101.84659091
367.8	103.125
367.9	103.09650456
368	103.72340426
368.1	104.02260638
368.2	104.22207447
368.3	104.45478723
368.4	103.78989362
368.5	104.47853343
368.6	106.01728723
368.7	104.62101064
368.8	103.52393617
368.9	104.02260638
369	105.96288685
369.1	107.92130077
369.2	109.00930851
369.3	108.5106383
369.4	106.58244681
369.5	105.21941489
369.6	106.11702128
369.7	107.41356383
369.8	106.47321429
369.9	106.21675532
370	108.21143617
370.1	108.41090426
370.2	110.52526596
370.3	112.59973404
370.4	112.06615691
370.5	110.60505319
370.6	110.40558511
370.7	109.00930851
370.8	106.4162234
370.9	105.81781915
371	104.42154255
371.1	101.8409242
371.2	99.63430851
371.3	99.03590426
371.4	98.30927052
371.5	96.7918883
371.6	95.24601064
371.7	94.24867021
371.8	95.77859043
371.9	97.24069149
372	101.42952128
372.1	104.40729483
372.2	109.00930851
372.3	107.19414894
372.4	105.71808511
372.5	106.14195479
372.6	106.81515957
372.7	106.61569149
372.8	104.42154255
372.9	103.92287234
373	103.22473404
373.1	101.62898936
373.2	101.03058511
373.3	101.62898936
373.4	99.78723404
373.5	97.0412234
373.6	96.64228723
373.7	96.64228723
373.8	95.84441489
373.9	96.24335106
374	98.30522116
374.1	100.48551232
374.2	103.46694529
374.3	106.21675532
374.4	108.02859043
374.5	108.69348404
374.6	108.61037234
374.7	106.4162234
374.8	103.42420213
374.9	102.22739362
375	101.23005319
375.1	100.03324468
375.2	98.58326514
375.3	97.22534779
375.4	96.64228723
375.5	97.7393617
375.6	99.23537234
375.7	99.43484043
375.8	95.64494681
375.9	95.84441489
376	99.73404255
376.1	104.52412614
376.2	107.42211246
376.3	109.2087766
376.4	109.2087766
376.5	108.01196809
376.6	109.00930851
376.7	109.80718085
376.8	112.30053191
376.9	115.7912234
377	116.38962766
377.1	115.7912234
377.2	113.84308511
377.3	112.00132979
377.4	112.49202128
377.5	112.20079787
377.6	110.80452128
377.7	107.61303191
377.8	106.89138066
377.9	106.37678093
378	105.86218119
378.1	106.01728723
378.2	107.61303191
378.3	107.21409574
378.4	107.26779869
378.5	107.71276596
378.6	108.15773322
378.7	110.04654255
378.8	112.40026596
378.9	112.59973404
379	107.56935277
379.1	102.04787234
379.2	92.95212766
379.3	82.18085106
379.4	71.40957447
379.5	64.32845745
379.6	64.32845745
379.7	68.86635638
379.8	75.74800532
379.9	78.69015957
380	78.69015957
380.1	77.69281915
380.2	77.09441489
380.3	77.29388298
380.4	76.69547872
380.5	74.52982523
380.6	72.50664894
380.7	72.30718085
380.8	72.30718085
380.9	71.7087766
381	69.42112699
381.1	66.69963431
381.2	63.97814162
381.3	62.3337766
381.4	65.61303191
381.5	70.23996615
381.6	72.05875242
381.7	74.47473404
381.8	77.34375
381.9	78.69015957
382	78.2912234
382.1	80.18617021
382.2	84.27526596
382.3	88.16489362
382.4	88.86303191
382.5	88.46409574
382.6	86.66888298
382.7	83.87632979
382.8	83.17819149
382.9	82.28058511
383	81.48271277
383.1	81.28324468
383.2	80.28590426
383.3	77.79255319
383.4	72.67619681
383.5	60.58843085
383.6	51.59574468
383.7	45.17952128
383.8	43.01632428
383.9	40.66397652
384	38.31162876
384.1	35.959281
384.2	33.41090426
384.3	33.11170213
384.4	33.03191489
384.5	32.61303191
384.6	34.00930851
384.7	33.80984043
384.8	32.61303191
384.9	32.01462766
385	33.80984043
385.1	34.00930851
385.2	34.38962766
385.3	36.11569149
385.4	37.84175532
385.5	37.94880319
385.6	33.24734043
385.7	26.42154255
385.8	23.4375
385.9	22.63962766
386	23.23803191
386.1	25.53590426
386.2	27.37898936
386.3	28.11645137
386.4	28.46409574
386.5	29.19991135
386.6	30.24601064
386.7	30.81781915
386.8	30.41389628
386.9	29.42154255
387	28.92287234
387.1	28.8231383
387.2	30.17154255
387.3	31.5837766
387.4	31.93982713
387.5	31.01728723
387.6	31.34213526
387.7	32.21409574
387.8	31.39128989
387.9	29.92021277
388	28.44913564
388.1	26.97805851
388.2	27.02792553
388.3	29.1733156
388.4	31.61569149
388.5	34.1934329
388.6	36.72821195
388.7	38.63696809
388.8	40.02526596
388.9	40.59175532
389	40.41851404
389.1	39.69414894
389.2	40.01329787
389.3	41.68882979
389.4	43.93838652
389.5	46.37632979
389.6	49.45561835
389.7	50.36569149
389.8	48.76994681
389.9	45.17952128
390	44.27083333
390.1	43.78324468
390.2	42.68617021
390.3	40.59175532
390.4	37.99867021
390.5	37.32047872
390.6	37.00132979
390.7	37.54986702
390.8	38.59707447
390.9	38.05566109
391	36.8018617
391.1	36.00419736
391.2	35.20611702
391.3	34.68180091
391.4	34.40824468
391.5	35.52526596
391.6	38.57380319
391.7	43.02526596
391.8	46.9787234
391.9	48.57047872
392	47.21871551
392.1	43.78324468
392.2	40.86602394
392.3	39.21361219
392.4	37.79920213
392.5	37.40026596
392.6	37.69946809
392.7	38.95326748
392.8	41.38962766
392.9	41.09042553
393	40.09308511
393.1	39.79388298
393.2	39.29521277
393.3	37.2606383
393.4	34.94680851
393.5	32.91223404
393.6	32.41356383
393.7	32.71276596
393.8	33.01196809
393.9	33.5106383
394	35.49285239
394.1	37.00132979
394.2	34.85704787
394.3	33.5106383
394.4	35.12939853
394.5	36.786518
394.6	39.5672147
394.7	42.98537234
394.8	46.43332067
394.9	47.97207447
395	49.06914894
395.1	50.26595745
395.2	50.96409574
395.3	50.1662234
395.4	47.17420213
395.5	44.48138298
395.6	44.38164894
395.7	43.43417553
395.8	42.98537234
395.9	44.31424248
396	47.23610602
396.1	48.6662234
396.2	47.25398936
396.3	45.17952128
396.4	44.58111702
396.5	43.98271277
396.6	42.26443769
396.7	39.39494681
396.8	38.02716565
396.9	36.40292553
397	36.40292553
397.1	37.77426862
397.2	38.79654255
397.3	37.63297872
397.4	35.37234043
397.5	34.40824468
397.6	35.70478723
397.7	37.25519826
397.8	38.343206
397.9	39.23978793
398	39.99963714
398.1	40.39228723
398.2	38.99601064
398.3	37.00132979
398.4	32.0174772
398.5	28.8231383
398.6	27.82579787
398.7	27.72062379
398.8	27.4268617
398.9	26.82845745
399	25.72478986
399.1	24.8337766
399.2	25.23271277
399.3	28.125
399.4	31.54920213
399.5	35.27260638
399.6	38.99601064
399.7	43.39965221
399.8	49.84400573
399.9	55.75132979
400	60.9375
400.1	59.94015957
400.2	58.34441489
400.3	55.98404255
400.4	53.53224734
400.5	49.27969858
400.6	44.35082205
400.7	38.68048839
400.8	34.40824468
400.9	34.00930851
401	35.51789067
401.1	37.00132979
401.2	38.09840426
401.3	38.1981383
401.4	38.39760638
401.5	40.49202128
401.6	41.40957447
401.7	41.78856383
401.8	40.34042553
401.9	36.94148936
402	33.54255319
402.1	30.14361702
402.2	26.82845745
402.3	26.42952128
402.4	27.22739362
402.5	30.2244016
402.6	33.2762633
402.7	36.328125
402.8	38.69680851
402.9	40.5775076
403	43.00531915
403.1	46.04388298
403.2	47.63962766
403.3	48.76994681
403.4	47.77260638
403.5	44.78058511
403.6	40.8494016
403.7	36.20345745
403.8	34.70744681
403.9	34.40824468
404	33.61037234
404.1	30.64290098
404.2	27.83653846
404.3	26.42952128
404.4	26.76961436
404.5	27.4168883
404.6	28.06416223
404.7	28.78324468
404.8	29.96010638
404.9	30.61835106
405	30.41888298
405.1	30.41888298
405.2	32.27836879
405.3	35.28590426
405.4	38.18958967
405.5	40.70573708
405.6	43.10790274
405.7	45.77792553
405.8	45.37898936
405.9	45.37898936
406	44.48138298
406.1	41.87632979
406.2	39.19547872
406.3	38.39760638
406.4	38.3252992
406.5	37.99867021
406.6	36.40292553
406.7	36.16356383
406.8	37.40026596
406.9	37.79920213
407	37.30053191
407.1	35.96409574
407.2	34.26113697
407.3	32.3487367
407.4	30.43633644
407.5	29.02260638
407.6	28.53390957
407.7	28.02526596
407.8	27.82579787
407.9	29.21637538
408	31.21675532
408.1	31.86532217
408.2	32.75809961
408.3	34.0637089
408.4	34.80718085
408.5	32.86236702
408.6	31.21675532
408.7	30.81781915
408.8	30.81781915
408.9	32.23227511
409	33.90073727
409.1	34.86855565
409.2	35.32119476
409.3	35.92420213
409.4	36.78010155
409.5	38.22663374
409.6	40.59175532
409.7	40.39228723
409.8	36.60239362
409.9	33.90957447
410	31.11702128
410.1	30.41888298
410.2	30.61835106
410.3	31.72650709
410.4	33.01196809
410.5	33.54388298
410.6	34.00930851
410.7	35.63164894
410.8	38.79654255
410.9	39.39494681
411	36.50265957
411.1	31.25664894
411.2	28.06231003
411.3	24.86797112
411.4	22.83909574
411.5	23.23803191
411.6	24.95630699
411.7	27.62632979
411.8	29.09740691
411.9	31.26696468
412	35.68356237
412.1	40.92931669
412.2	48.66254092
412.3	55.75132979
412.4	59.74069149
412.5	60.2393617
412.6	59.14228723
412.7	61.14804965
412.8	65.32579787
412.9	69.83599291
413	73.34726444
413.1	74.98005319
413.2	76.29654255
413.3	75.49867021
413.4	71.46498227
413.5	68.40093085
413.6	66.53507314
413.7	65.52526596
413.8	65.32579787
413.9	65.52526596
414	65.52526596
414.1	64.11901596
414.2	62.93218085
414.3	64.12898936
414.4	67.98204787
414.5	71.7087766
414.6	76.5843465
414.7	79.62101064
414.8	81.82180851
414.9	82.85505319
415	83.27792553
415.1	82.3125
415.2	81.0837766
415.3	82.25664894
415.4	82.28058511
415.5	81.20345745
415.6	80.28590426
415.7	81.14760638
415.8	81.48271277
415.9	80.68484043
416	80.28590426
416.1	80.08643617
416.2	76.42819149
416.3	74.34175532
416.4	73.10505319
416.5	74.21637538
416.6	76.09707447
416.7	82.71442819
416.8	86.26994681
416.9	87.68484043
417	89.17553191
417.1	90.25930851
417.2	89.46143617
417.3	89.46143617
417.4	88.06515957
417.5	84.55145254
417.6	81.11139525
417.7	79.28856383
417.8	78.2912234
417.9	76.55984043
418	75.29920213
418.1	74.20212766
418.2	73.90292553
418.3	76.34640957
418.4	79.33843085
418.5	82.65102584
418.6	85.0731383
418.7	81.88164894
418.8	74.40159574
418.9	67.51994681
419	62.99394084
419.1	59.74069149
419.2	58.74335106
419.3	58.54388298
419.4	57.54654255
419.5	55.16717325
419.6	52.0568959
419.7	49.36835106
419.8	48.96941489
419.9	51.13506839
420	52.55984043
420.1	51.96143617
420.2	51.76196809
420.3	52.36037234
420.4	58.02027926
420.5	60.83776596
420.6	62.13430851
420.7	63.53058511
420.8	66.42287234
420.9	69.11569149
421	69.51462766
421.1	68.00116356
421.2	65.72099402
421.3	63.44082447
421.4	59.96675532
421.5	55.53523936
421.6	49.60189495
421.7	43.66855053
421.8	37.73520612
421.9	32.61303191
422	31.4162234
422.1	30.81781915
422.2	29.92021277
422.3	28.62367021
422.4	25.78125
422.5	22.83909574
422.6	20.81117021
422.7	19.26627034
422.8	18.35106383
422.9	17.43585732
423	16.55585106
423.1	16.65558511
423.2	17.85239362
423.3	17.85239362
423.4	18.0518617
423.5	19.34840426
423.6	20.44547872
423.7	22.0412234
423.8	25.12051197
423.9	29.17674081
424	34.00930851
424.1	39.90608378
424.2	48.07180851
424.3	55.61419548
424.4	60.13962766
424.5	62.30053191
424.6	64.29521277
424.7	66.8018617
424.8	69.91356383
424.9	73.39838861
425	77.20001564
425.1	80.68484043
425.2	83.27792553
425.3	85.71586879
425.4	87.6662234
425.5	86.66888298
425.6	85.57180851
425.7	82.77925532
425.8	80.08643617
425.9	80.6349734
426	82.87898936
426.1	82.57978723
426.2	80.78457447
426.3	77.89228723
426.4	72.72606383
426.5	66.57746011
426.6	60.53357713
426.7	54.48969415
426.8	49.71742021
426.9	47.27393617
427	46.37632979
427.1	45.57845745
427.2	44.10239362
427.3	42.78590426
427.4	42.54986702
427.5	42.38696809
427.6	41.38962766
427.7	39.19547872
427.8	38.39760638
427.9	38.59707447
428	40.1554084
428.1	41.78856383
428.2	42.78590426
428.3	42.58643617
428.4	41.92154255
428.5	41.09042553
428.6	40.7912234
428.7	40.39228723
428.8	37.54274316
428.9	35.70478723
429	36.15359043
429.1	37.40026596
429.2	37.69946809
429.3	38.49734043
429.4	41.22755984
429.5	44.66838431
429.6	48.10920878
429.7	49.66755319
429.8	49.16888298
429.9	47.87234043
430	46.3830346
430.1	44.78058511
430.2	41.05718085
430.3	37.13430851
430.4	33.61037234
430.5	33.01196809
430.6	34.00930851
430.7	37.45013298
430.8	41.46371581
430.9	44.38164894
431	44.78058511
431.1	44.43151596
431.2	43.8331117
431.3	43.08510638
431.4	41.88829787
431.5	40.7912234
431.6	40.59175532
431.7	41.19015957
431.8	40.87101064
431.9	40.39228723
432	40.39228723
432.1	43.49224476
432.2	45.1424772
432.3	45.77792553
432.4	45.17952128
432.5	44.17168253
432.6	43.1806411
432.7	42.18959966
432.8	41.58909574
432.9	42.04787234
433	41.81349734
433.1	41.58909574
433.2	42.1875
433.3	41.19015957
433.4	41.45345745
433.5	42.58643617
433.6	41.93218085
433.7	40.59175532
433.8	40.19281915
433.9	39.01036566
434	37.59222269
434.1	36.8018617
434.2	36.8018617
434.3	37.10106383
434.4	37.61398176
434.5	38.15977905
434.6	38.8042144
434.7	39.39494681
434.8	40.83554965
434.9	42.16533688
435	43.38430851
435.1	43.5837766
435.2	42.78590426
435.3	42.84175532
435.4	42.58643617
435.5	41.78856383
435.6	41.29321809
435.7	40.81781915
435.8	40.39228723
435.9	40.4162234
436	40.59175532
436.1	40.39228723
436.2	39.59441489
436.3	38.96941489
436.4	37.8579344
436.5	36.7464539
436.6	35.80452128
436.7	35.60505319
436.8	35.80452128
436.9	36.8018617
437	40.48028786
437.1	44.42623592
437.2	46.51595745
437.3	47.97207447
437.4	48.17154255
437.5	47.77260638
437.6	46.14095745
437.7	44.54920213
437.8	42.98537234
437.9	41.98803191
438	41.98803191
438.1	41.98803191
438.2	41.98803191
438.3	41.98803191
438.4	42.35305851
438.5	42.58643617
438.6	42.58643617
438.7	42.1875
438.8	40.86602394
438.9	39.59441489
439	39.53742401
439.1	40.17785904
439.2	41.79604388
439.3	44.78058511
439.4	47.94905892
439.5	49.90026596
439.6	51.07878989
439.7	52.15757979
439.8	53.29787234
439.9	54.15558511
440	53.55718085
440.1	50.76462766
440.2	47.5731383
440.3	47.17420213
440.4	48.24044971
440.5	49.56781915
440.6	48.78191489
440.7	47.77260638
440.8	48.34884752
440.9	51.05274823
441	51.96143617
441.1	48.94281915
441.2	47.91223404
441.3	48.17154255
441.4	47.19129939
441.5	45.07978723
441.6	45.77792553
441.7	45.35904255
441.8	44.38164894
441.9	44.98005319
442	44.4577347
442.1	43.08510638
442.2	42.58643617
442.3	43.78324468
442.4	45.97739362
442.5	46.6356383
442.6	47.37367021
442.7	47.17420213
442.8	46.37632979
442.9	46.37632979
443	44.98005319
443.1	42.8856383
443.2	42.22074468
443.3	41.98803191
443.4	42.08776596
443.5	44.18218085
443.6	44.48138298
443.7	45.37898936
443.8	47.67287234
443.9	48.17154255
444	48.57047872
444.1	51.04388298
444.2	54.18218085
444.3	56.34973404
444.4	56.74867021
444.5	56.15026596
444.6	54.86227204
444.7	53.95611702
444.8	54.03305471
444.9	54.15558511
445	57.14760638
445.1	57.14760638
445.2	56.34973404
445.3	56.9481383
445.4	56.05053191
445.5	53.55718085
445.6	50.26595745
445.7	49.56781915
445.8	50.83942819
445.9	52.734375
446	54.35505319
446.1	54.35505319
446.2	54.35505319
446.3	56.36303191
446.4	57.14760638
446.5	56.09327508
446.6	54.62006079
446.7	52.36037234
446.8	49.56781915
446.9	48.96941489
447	48.96941489
447.1	49.76728723
447.2	52.68522036
447.3	54.75398936
447.4	55.15292553
447.5	55.5518617
447.6	57.37556991
447.7	58.74335106
447.8	58.83738602
447.9	58.95611702
448	59.5412234
448.1	59.5412234
448.2	60.2912234
448.3	61.33643617
448.4	59.15083587
448.5	57.74601064
448.6	59.3018617
448.7	59.94015957
448.8	59.94015957
448.9	62.93218085
449	62.93218085
449.1	60.13962766
449.2	58.55585106
449.3	56.4375
449.4	55.75132979
449.5	55.5518617
449.6	55.15292553
449.7	57.23238032
449.8	62.3337766
449.9	65.32579787
450	64.32845745
450.1	61.37632979
450.2	59.29853723
450.3	57.54654255
450.4	56.74867021
450.5	55.35239362
450.6	56.22672872
450.7	57.59973404
450.8	58.54388298
450.9	56.9481383
451	55.35239362
451.1	53.41755319
451.2	51.26329787
451.3	50.75664894
451.4	53.25797872
451.5	53.55718085
451.6	53.95611702
451.7	55.95079787
451.8	56.05053191
451.9	54.30518617
452	52.9587766
452.1	53.08510638
452.2	54.15558511
452.3	53.343206
452.4	51.84538201
452.5	50.96409574
452.6	51.36303191
452.7	51.76196809
452.8	53.15223121
452.9	54.78277725
453	56.54920213
453.1	56.9481383
453.2	55.65159574
453.3	56.05053191
453.4	56.54920213
453.5	54.95345745
453.6	52.75930851
453.7	52.55984043
453.8	53.25797872
453.9	54.55452128
454	54.75398936
454.1	53.24891199
454.2	51.36303191
454.3	50.46542553
454.4	49.76728723
454.5	49.76728723
454.6	48.76994681
454.7	48.17154255
454.8	48.47074468
454.9	51.16356383
455	55.94557619
455.1	61.73537234
455.2	64.9268617
455.3	66.3231383
455.4	64.12898936
455.5	64.52792553
455.6	66.36677194
455.7	68.20561835
455.8	69.71409574
455.9	68.9162234
456	69.1182164
456.1	69.71409574
456.2	69.41489362
456.3	68.11835106
456.4	65.52526596
456.5	64.02925532
456.6	64.12898936
456.7	66.01285461
456.8	67.71941489
456.9	70.11303191
457	70.51196809
457.1	69.91356383
457.2	73.30452128
457.3	73.30452128
457.4	67.81914894
457.5	62.63297872
457.6	58.34441489
457.7	57.74601064
457.8	58.14494681
457.9	57.34707447
458	55.68484043
458.1	53.95611702
458.2	51.62483378
458.3	47.71890344
458.4	42.8396072
458.5	39.43927305
458.6	37.99867021
458.7	36.74487082
458.8	36.20345745
458.9	36.60239362
459	37.20079787
459.1	36.23670213
459.2	34.77393617
459.3	33.94946809
459.4	33.80984043
459.5	33.61037234
459.6	34.40824468
459.7	37.40026596
459.8	38.65406535
459.9	41.09042553
460	42.38696809
460.1	41.78856383
460.2	39.99335106
460.3	37.71941489
460.4	34.34840426
460.5	29.02260638
460.6	28.03523936
460.7	27.4268617
460.8	27.62632979
460.9	28.22473404
461	28.52393617
461.1	27.64406028
461.2	26.62898936
461.3	26.23005319
461.4	26.62898936
461.5	27.72019712
461.6	29.03551314
461.7	30.35082916
461.8	30.81781915
461.9	29.52792553
462	27.12765957
462.1	26.42952128
462.2	26.23005319
462.3	27.98537234
462.4	29.75066489
462.5	31.4162234
462.6	32.41356383
462.7	32.01462766
462.8	29.55518617
462.9	27.31914894
463	25.63164894
463.1	25.43218085
463.2	27.40691489
463.3	29.82047872
463.4	30.21941489
463.5	30.31914894
463.6	32.01462766
463.7	34.76978059
463.8	36.44128478
463.9	37.82221768
464	38.69680851
464.1	38.09840426
464.2	37.69946809
464.3	36.90159574
464.4	34.30851064
464.5	31.91489362
464.6	31.4162234
464.7	31.61569149
464.8	32.37616356
464.9	33.71010638
465	36.22781996
465.1	39.00514658
465.2	41.34973404
465.3	43.62367021
465.4	44.98005319
465.5	43.46409574
465.6	42.1875
465.7	43.28956117
465.8	44.78058511
465.9	44.64095745
466	44.48594597
466.1	45.17952128
466.2	44.38164894
466.3	44.58111702
466.4	44.8077853
466.5	44.91658607
466.6	45.17952128
466.7	46.07712766
466.8	48.57047872
466.9	54.75398936
467	56.54920213
467.1	56.54920213
467.2	55.95079787
467.3	55.33992686
467.4	54.95345745
467.5	56.69880319
467.6	60.53856383
467.7	67.27751637
467.8	73.68504501
467.9	75.09973404
468	72.70611702
468.1	72.42021277
468.2	72.30718085
468.3	70.95079787
468.4	69.51462766
468.5	66.49767287
468.6	63.73005319
468.7	62.93218085
468.8	63.53058511
468.9	66.8337766
469	70.81117021
469.1	71.11037234
469.2	70.91090426
469.3	73.42420213
469.4	76.89494681
469.5	84.07579787
469.6	87.83826463
469.7	90.4587766
469.8	89.66090426
469.9	87.45233594
470	84.47473404
470.1	83.87632979
470.2	86.84840426
470.3	88.66356383
470.4	90.63331117
470.5	92.3537234
470.6	93.45079787
470.7	99.88364362
470.8	110.53523936
470.9	121.90492021
471	132.54654255
471.1	147.22050623
471.2	159.67170878
471.3	170.04654255
471.4	170.84441489
471.5	163.28457447
471.6	152.33976064
471.7	136.89494681
471.8	128.49297194
471.9	122.15246659
472	115.81196124
472.1	109.4714559
472.2	106.61569149
472.3	108.50265957
472.4	112.43617021
472.5	113.8962766
472.6	112.59973404
472.7	108.41090426
472.8	100.43218085
472.9	87.67823955
473	74.7005449
473.1	59.78501773
473.2	47.04454787
473.3	41.56914894
473.4	36.63829787
473.5	33.80984043
473.6	32.26645612
473.7	31.01728723
473.8	31.01728723
473.9	31.92914134
474	32.21409574
474.1	30.64827128
474.2	29.33178191
474.3	28.01529255
474.4	26.92819149
474.5	27.02792553
474.6	28.42420213
474.7	29.82047872
474.8	32.13652482
474.9	33.99786208
475	35.00664894
475.1	36.8018617
475.2	38.1981383
475.3	37.59973404
475.4	38.1981383
475.5	38.1981383
475.6	40.23633946
475.7	43.01801257
475.8	44.6775266
475.9	45.89760638
476	47.77962285
476.1	51.36303191
476.2	60.41389628
476.3	76.47384752
476.4	95.24601064
476.5	125.96409574
476.6	163.86889862
476.7	198.85794743
476.8	224.90026596
476.9	204.35505319
477	153.4319009
477.1	82.48005319
477.2	43.61702128
477.3	30.91256649
477.4	25.03324468
477.5	24.1356383
477.6	23.03856383
477.7	20.44547872
477.8	19.84707447
477.9	20.25102036
478	21.94526507
478.1	22.83909574
478.2	22.83909574
478.3	22.83909574
478.4	23.63696809
478.5	23.2712766
478.6	22.24069149
478.7	21.84175532
478.8	21.44281915
478.9	20.76462766
479	20.24601064
479.1	20.24601064
479.2	20.93168218
479.3	21.44281915
479.4	20.93168218
479.5	20.1462766
479.6	19.84707447
479.7	20.19614362
479.8	20.64494681
479.9	20.84441489
480	21.93242263
480.1	23.45563346
480.2	24.23537234
480.3	21.64228723
480.4	19.14893617
480.5	18.84973404
480.6	20.04654255
480.7	20.28227756
480.8	20.625
480.9	21.62566489
481	23.03856383
481.1	23.03856383
481.2	21.55319149
481.3	20.0625
481.4	18.65026596
481.5	18.65026596
481.6	19.73054311
481.7	21.03128499
481.8	22.33202688
481.9	22.63962766
482	20.44547872
482.1	20.24601064
482.2	21.16755319
482.3	21.64228723
482.4	20.84441489
482.5	20.77792553
482.6	21.44281915
482.7	21.24335106
482.8	21.4587766
482.9	21.84175532
483	21.00552373
483.1	19.28549509
483.2	17.65292553
483.3	17.45345745
483.4	19.28058511
483.5	20.94414894
483.6	21.53257979
483.7	22.12101064
483.8	22.50854863
483.9	22.54986702
484	22.31193009
484.1	21.84175532
484.2	21.64228723
484.3	22.67952128
484.4	24.63430851
484.5	25.23271277
484.6	25.23271277
484.7	27.63430851
484.8	30.53656915
484.9	34.89095745
485	41.6805769
485.1	51.49601064
485.2	60.91090426
485.3	71.11037234
485.4	77.69281915
485.5	78.88962766
485.6	79.67325228
485.7	82.48005319
485.8	86.22301314
485.9	90.30624218
486	94.04920213
486.1	98.26296543
486.2	102.15259309
486.3	105.01994681
486.4	104.82047872
486.5	100.43218085
486.6	96.94148936
486.7	91.78381459
486.8	89.21210106
486.9	88.26462766
487	88.26462766
487.1	89.86037234
487.2	92.31216755
487.3	95.51728723
487.4	97.83909574
487.5	96.04388298
487.6	98.29388298
487.7	103.27260638
487.8	104.82047872
487.9	103.8231383
488	102.02792553
488.1	97.44015957
488.2	96.74202128
488.3	98.37101064
488.4	100.49867021
488.5	101.42952128
488.6	100.63164894
488.7	96.94148936
488.8	93.25132979
488.9	93.0518617
489	97.36535904
489.1	102.86569149
489.2	105.21941489
489.3	104.42154255
489.4	97.46184089
489.5	85.54579093
489.6	73.62974098
489.7	61.71369103
489.8	56.05053191
489.9	58.66855053
490	68.15611257
490.1	77.79531466
490.2	85.56931516
490.3	90.25930851
490.4	93.0518617
490.5	92.53894377
490.6	91.25664894
490.7	92.45345745
490.8	92.05452128
490.9	92.36227204
491	92.65292553
491.1	90.84275266
491.2	86.57662899
491.3	86.07047872
491.4	91.03723404
491.5	96.78308824
491.6	102.62632979
491.7	102.82579787
491.8	94.08639953
491.9	87.09311545
492	80.09983136
492.1	78.09175532
492.2	81.03945035
492.3	86.26994681
492.4	86.11037234
492.5	85.67154255
492.6	86.88608156
492.7	88.94281915
492.8	92.35704787
492.9	93.0518617
493	90.22674722
493.1	87.74601064
493.2	84.87367021
493.3	84.47473404
493.4	91.45611702
493.5	96.44281915
493.6	97.24069149
493.7	94.47473404
493.8	93.65026596
493.9	95.1662234
494	98.83643617
494.1	99.03590426
494.2	100.43218085
494.3	103.98271277
494.4	108.11968085
494.5	109.40824468
494.6	108.01196809
494.7	103.42420213
494.8	99.03590426
494.9	94.54787234
495	85.72140957
495.1	78.21143617
495.2	74.50132979
495.3	77.63297872
495.4	84.65674867
495.5	90.98238032
495.6	94.98670213
495.7	98.51728723
495.8	101.23005319
495.9	99.23537234
496	99.58688253
496.1	99.73404255
496.2	99.03590426
496.3	99.53457447
496.4	99.88364362
496.5	99.63430851
496.6	101.03058511
496.7	100.63164894
496.8	98.20063165
496.9	97.44015957
497	100.37169233
497.1	101.82845745
497.2	99.25531915
497.3	98.4375
497.4	102.68617021
497.5	104.22207447
497.6	105.86056231
497.7	110.20611702
497.8	110.80452128
497.9	109.6875
498	108.5106383
498.1	107.21409574
498.2	103.67154255
498.3	99.90558511
498.4	96.64228723
498.5	97.24069149
498.6	101.33976064
498.7	105.34707447
498.8	108.80984043
498.9	111.3231383
499	112.59973404
499.1	112.99867021
499.2	111.60239362
499.3	108.57617781
499.4	106.0700038
499.5	103.67353723
499.6	101.82845745
499.7	102.19414894
499.8	102.72606383
499.9	101.03058511
500	100.53278215
500.1	99.43484043
500.2	97.55984043
500.3	94.84707447
500.4	94.64760638
500.5	96.84175532
500.6	99.03590426
500.7	102.0518617
500.8	105.1037234
500.9	107.01462766
501	106.36186193
501.1	104.82047872
501.2	104.02260638
501.3	104.22207447
501.4	103.42420213
501.5	103.8231383
501.6	103.91788564
501.7	102.81781915
501.8	101.23005319
501.9	97.78832205
502	95.04654255
502.1	94.24867021
502.2	96.52593085
502.3	103.1506459
502.4	109.40824468
502.5	110.70478723
502.6	111.00398936
502.7	110.20611702
502.8	107.44597739
502.9	102.4268617
503	102.4268617
503.1	107.09441489
503.2	110.40558511
503.3	110.20611702
503.4	111.66223404
503.5	114.99335106
503.6	115.7912234
503.7	113.39760638
503.8	110.40558511
503.9	107.61303191
504	100.88413259
504.1	93.66585877
504.2	89.36170213
504.3	88.46409574
504.4	89.13730053
504.5	89.86037234
504.6	87.56648936
504.7	87.26728723
504.8	87.96542553
504.9	90.62084441
505	93.94946809
505.1	95.64494681
505.2	95.64494681
505.3	95.94414894
505.4	98.1745648
505.5	100.45938104
505.6	102.37699468
505.7	104.49278116
505.8	105.81781915
505.9	105.31914894
506	104.91937466
506.1	104.42154255
506.2	101.13174392
506.3	98.35771277
506.4	96.24335106
506.5	95.64494681
506.6	96.58244681
506.7	98.23803191
506.8	97.44015957
506.9	97.63962766
507	99.42237367
507.1	102.02792553
507.2	101.82845745
507.3	101.42952128
507.4	100.23271277
507.5	96.64228723
507.6	95.98974164
507.7	95.84441489
507.8	94.96105623
507.9	93.25132979
508	92.65292553
508.1	92.45345745
508.2	91.66983283
508.3	90.25930851
508.4	89.86037234
508.5	90.25930851
508.6	93.7599734
508.7	96.04388298
508.8	95.64494681
508.9	95.24601064
509	97.25072762
509.1	101.32978723
509.2	101.82845745
509.3	98.66356383
509.4	97.63962766
509.5	99.45297389
509.6	104.80234526
509.7	108.21143617
509.8	107.57978723
509.9	105.4787234
510	102.22739362
510.1	101.82845745
510.2	104.42154255
510.3	104.02260638
510.4	100.71713526
510.5	97.90558511
510.6	96.24335106
510.7	97.0412234
510.8	96.64228723
510.9	92.31382979
511	89.86037234
511.1	90.05984043
511.2	91.65558511
511.3	91.85505319
511.4	90.05984043
511.5	84.13278875
511.6	75.62056738
511.7	66.72207447
511.8	58.14494681
511.9	57.14760638
512	59.36577504
512.1	64.32845745
512.2	77.73271277
512.3	89.86037234
512.4	93.0518617
512.5	92.48195289
512.6	91.45611702
512.7	91.21675532
512.8	91.85505319
512.9	90.85771277
513	91.23171543
513.1	92.70279255
513.2	93.65026596
513.3	95.49035904
513.4	98.23803191
513.5	98.83643617
513.6	95.6349734
513.7	92.02032675
513.8	89.46143617
513.9	88.86303191
514	88.46409574
514.1	89.26196809
514.2	91.85505319
514.3	91.34871113
514.4	89.00879705
514.5	86.66888298
514.6	85.67154255
514.7	86.16522606
514.8	87.46675532
514.9	87.26728723
515	84.21757561
515.1	83.19148936
515.2	82.58776596
515.3	82.67952128
515.4	84.44148936
515.5	87.11768617
515.6	89.78058511
515.7	91.25664894
515.8	90.85771277
515.9	88.04308899
516	84.27526596
516.1	83.87632979
516.2	85.27260638
516.3	85.0731383
516.4	82.48005319
516.5	83.07845745
516.6	87.04911902
516.7	90.71434508
516.8	93.15159574
516.9	93.35106383
517	89.02953007
517.1	84.47473404
517.2	82.87898936
517.3	81.16356383
517.4	78.69015957
517.5	77.29388298
517.6	77.49335106
517.7	81.44281915
517.8	92.05452128
517.9	92.05452128
518	92.05452128
