DEPT	GR
300.2	84.90059642
300.3	87.82306163
300.4	87.82306163
300.5	85.13916501
300.6	84.2445328
300.7	87.22664016
300.8	90.80516899
300.9	92.5944334
301	93.19085487
301.1	92.89264414
301.2	89.31411531
301.3	84.69184891
301.4	83.05168986
301.5	81.26242545
301.6	80.81510934
301.7	82.15705765
301.8	84.39363817
301.9	86.33200795
302	88.27037773
302.1	89.76143141
302.2	92.29622266
302.3	94.38369781
302.4	95.27833002
302.5	92.89264414
302.6	87.972167
302.7	83.05168986
302.8	79.77137177
302.9	76.93836978
303	76.19284294
303.1	86.03379722
303.2	88.12127237
303.3	91.10337972
303.4	91.99801193
303.5	90.80516899
303.6	90.65606362
303.7	90.95427435
303.8	94.08548708
303.9	92.1471173
304	92.5305311
304.1	94.74581085
304.2	96.17296223
304.3	97.51491054
304.4	98.26043738
304.5	97.51491054
304.6	96.02385686
304.7	93.63817097
304.8	93.0417495
304.9	92.74353877
305	93.48906561
305.1	94.08548708
305.2	93.48906561
305.3	94.68190855
305.4	96.17296223
305.5	95.27833002
305.6	94.98011928
305.7	94.08548708
305.8	90.50695825
305.9	85.73558648
306	86.03379722
306.1	89.76143141
306.2	93.33996024
306.3	95.57654076
306.4	95.87475149
306.5	94.98011928
306.6	96.7693837
306.7	98.70775348
306.8	98.55864811
306.9	94.53280318
307	91.99801193
307.1	89.31411531
307.2	87.22664016
307.3	87.22664016
307.4	87.82306163
307.5	89.01590457
307.6	90.20874751
307.7	90.80516899
307.8	90.20874751
307.9	87.82306163
308	87.82306163
308.1	92.74353877
308.2	98.11133201
308.3	100.49701789
308.4	100.944334
308.5	100.64612326
308.6	97.6640159
308.7	94.08548708
308.8	93.48906561
308.9	95.57654076
309	96.7693837
309.1	95.12922465
309.2	96.32206759
309.3	99.45328032
309.4	101.8389662
309.5	100.944334
309.6	99.45328032
309.7	96.17296223
309.8	92.89264414
309.9	92.44532803
310	91.49105368
310.1	88.71769384
310.2	85.43737575
310.3	83.64811133
310.4	85.28827038
310.5	87.37574553
310.6	90.35785288
310.7	92.44532803
310.8	94.38369781
310.9	95.57654076
311	96.91848907
311.1	97.96222664
311.2	99.90059642
311.3	100.49701789
311.4	99.00596421
311.5	97.51491054
311.6	97.51491054
311.7	96.91848907
311.8	94.53280318
311.9	92.5944334
312	91.10337972
312.1	92.44532803
312.2	91.84890656
312.3	91.10337972
312.4	90.95427435
312.5	93.33996024
312.6	96.47117296
312.7	96.91848907
312.8	98.40954274
312.9	98.55864811
313	98.55864811
313.1	98.55864811
313.2	98.85685885
313.3	100.34791252
313.4	103.92644135
313.5	106.61033797
313.6	113.76739563
313.7	121.22266402
313.8	127.48508946
313.9	128.70775348
314	116.57107564
314.1	94.38369781
314.2	85.13916501
314.3	76.78926441
314.4	73.48906561
314.5	70.8250497
314.6	70.22862823
314.7	70.22862823
314.8	67.84294235
314.9	63.96620278
315	55.86357631
315.1	46.96819085
315.2	41.60039761
315.3	38.61829026
315.4	38.02186879
315.5	38.02186879
315.6	40.70576541
315.7	45.47713718
315.8	48.75745527
315.9	53.82703777
316	57.09825019
316.1	60.53677932
316.2	66.50099404
316.3	73.50894632
316.4	79.02584493
316.5	82.15705765
316.6	85.28827038
316.7	89.46322068
316.8	90.20874751
316.9	89.61232604
317	89.97805619
317.1	90.95333658
317.2	91.69980119
317.3	93.19085487
317.4	94.08548708
317.5	93.78727634
317.6	94.08548708
317.7	94.98011928
317.8	94.98011928
317.9	94.70427435
318	94.84965209
318.1	94.98011928
318.2	97.36580517
318.3	103.33001988
318.4	106.31212724
318.5	107.50497018
318.6	107.50497018
318.7	106.0139165
318.8	103.33001988
318.9	102.73359841
319	105.41749503
319.1	106.4612326
319.2	105.26838966
319.3	103.92644135
319.4	99.30417495
319.5	97.2166998
319.6	96.7693837
319.7	96.7693837
319.8	96.47117296
319.9	96.17296223
320	96.17296223
320.1	98.55864811
320.2	98.85685885
320.3	98.85685885
320.4	100.34791252
320.5	102.43538767
320.6	103.03180915
320.7	100.04970179
320.8	98.26043738
320.9	97.06759443
321	97.01751324
321.1	98.85685885
321.2	100.944334
321.3	101.68986083
321.4	101.68986083
321.5	100.34791252
321.6	101.24254473
321.7	101.98807157
321.8	100.944334
321.9	99.45328032
322	97.96222664
322.1	99.60238569
322.2	101.8389662
322.3	102.73359841
322.4	101.54075547
322.5	99.45328032
322.6	99.00596421
322.7	98.26043738
322.8	98.85685885
322.9	98.85685885
323	99.45328032
323.1	97.36580517
323.2	94.38369781
323.3	92.44532803
323.4	92.5944334
323.5	98.55864811
323.6	102.73359841
323.7	106.0139165
323.8	108.10139165
323.9	109.44333996
324	110.1888668
324.1	108.39960239
324.2	104.37375746
324.3	101.98807157
324.4	102.43538767
324.5	104.67196819
324.6	106.0139165
324.7	107.80318091
324.8	106.90854871
324.9	103.03180915
325	98.47442065
325.1	95.87475149
325.2	93.50397614
325.3	91.40159046
325.4	91.40159046
325.5	93.78727634
325.6	97.96222664
325.7	103.92644135
325.8	105.41749503
325.9	104.52286282
326	103.47912525
326.1	103.33001988
326.2	103.33001988
326.3	102.73359841
326.4	100.64612326
326.5	102.43538767
326.6	104.22465209
326.7	103.62823062
326.8	103.62823062
326.9	104.22465209
327	105.11928429
327.1	105.11928429
327.2	105.41749503
327.3	105.41749503
327.4	103.33001988
327.5	103.03180915
327.6	105.41749503
327.7	109.29423459
327.8	111.67992048
327.9	112.27634195
328	112.57455268
328.1	109.59244533
328.2	111.23260437
328.3	111.97813121
328.4	108.99602386
328.5	106.4612326
328.6	99.75149105
328.7	96.02385686
328.8	95.27833002
328.9	96.02385686
329	97.06759443
329.1	97.6640159
329.2	101.54075547
329.3	108.69781312
329.4	108.39960239
329.5	106.0139165
329.6	104.52286282
329.7	100.944334
329.8	98.55864811
329.9	99.45328032
330	100.944334
330.1	102.13717694
330.2	101.24254473
330.3	96.91848907
330.4	95.87475149
330.5	102.73359841
330.6	104.22465209
330.7	105.11928429
330.8	105.5666004
330.9	103.92644135
331	101.8389662
331.1	99.60238569
331.2	99.15506958
331.3	99.30417495
331.4	99.15506958
331.5	98.40954274
331.6	99.60238569
331.7	101.3916501
331.8	103.47912525
331.9	103.03180915
332	101.91773885
332.1	101.33257061
332.2	100.64612326
332.3	100.04970179
332.4	100.64612326
332.5	101.8389662
332.6	104.82107356
332.7	108.99602386
332.8	110.78528827
332.9	111.38170974
333	110.1888668
333.1	106.61033797
333.2	103.33001988
333.3	100.49701789
333.4	99.15506958
333.5	98.40954274
333.6	97.6640159
333.7	98.70775348
333.8	101.24254473
333.9	104.22465209
334	107.50497018
334.1	105.71570577
334.2	104.52286282
334.3	103.62823062
334.4	105.71570577
334.5	110.1888668
334.6	113.46918489
334.7	111.38170974
334.8	106.90854871
334.9	105.41749503
335	108.39960239
335.1	106.07355865
335.2	102.43538767
335.3	100.64612326
335.4	104.22465209
335.5	108.69781312
335.6	111.97813121
335.7	109.89065606
335.8	106.31212724
335.9	103.92644135
336	103.03180915
336.1	98.11133201
336.2	95.72564612
336.3	94.98011928
336.4	94.98011928
336.5	94.68190855
336.6	95.72564612
336.7	98.26043738
336.8	100.64612326
336.9	103.92644135
337	105.71570577
337.1	103.05310991
337.2	99.13376882
337.3	98.26043738
337.4	100.49701789
337.5	101.24254473
337.6	103.47912525
337.7	104.22465209
337.8	105.86481113
337.9	106.61033797
338	104.97017893
338.1	104.52286282
338.2	104.37375746
338.3	102.73359841
338.4	100.64612326
338.5	100.04970179
338.6	100.34791252
338.7	101.24254473
338.8	101.54075547
338.9	99.45328032
339	97.06759443
339.1	90.80516899
339.2	90.35785288
339.3	93.33996024
339.4	100.49701789
339.5	109.44333996
339.6	111.82902584
339.7	110.1888668
339.8	108.39960239
339.9	107.80318091
340	104.22465209
340.1	104.37375746
340.2	109.29423459
340.3	110.33797217
340.4	110.93439364
340.5	112.42544732
340.6	113.17097416
340.7	106.90854871
340.8	104.22465209
340.9	100.79522863
341	99.15506958
341.1	99.30417495
341.2	99.45328032
341.3	99.45328032
341.4	97.36580517
341.5	94.08548708
341.6	94.08548708
341.7	99.00596421
341.8	101.54075547
341.9	104.52286282
342	106.0139165
342.1	106.0139165
342.2	104.22465209
342.3	102.43538767
342.4	106.0139165
342.5	107.65407555
342.6	103.03180915
342.7	97.06759443
342.8	93.48906561
342.9	95.42743539
343	99.09542744
343.1	102.88270378
343.2	104.82107356
343.3	104.52286282
343.4	101.24254473
343.5	99.90059642
343.6	99.30417495
343.7	98.26043738
343.8	99.00596421
343.9	100.64612326
344	102.73359841
344.1	106.14396329
344.2	108.10139165
344.3	106.0139165
344.4	103.62823062
344.5	99.75149105
344.6	98.26043738
344.7	97.6640159
344.8	99.15506958
344.9	103.03180915
345	106.19133301
345.1	108.39960239
345.2	107.80318091
345.3	106.90854871
345.4	111.67992048
345.5	118.38966203
345.6	121.66998012
345.7	123.45924453
345.8	122.71371769
345.9	121.37176938
346	119.88071571
346.1	113.87922465
346.2	108.54870775
346.3	108.69781312
346.4	110.1888668
346.5	107.95228628
346.6	102.73359841
346.7	100.49701789
346.8	101.24254473
346.9	101.8389662
347	99.28287418
347.1	98.26043738
347.2	98.26043738
347.3	97.6640159
347.4	99.45328032
347.5	103.62823062
347.6	105.41749503
347.7	104.52286282
347.8	102.73359841
347.9	101.54075547
348	102.72449274
348.1	106.0139165
348.2	108.84691849
348.3	109.7415507
348.4	111.82902584
348.5	112.87276342
348.6	110.6361829
348.7	110.1888668
348.8	111.97813121
348.9	113.02186879
349	112.27634195
349.1	109.14512922
349.2	105.71570577
349.3	102.13717694
349.4	101.3916501
349.5	104.22465209
349.6	107.95228628
349.7	108.54870775
349.8	109.44333996
349.9	110.6361829
350	111.08349901
350.1	107.67313413
350.2	105.71570577
350.3	105.41749503
350.4	108.10139165
350.5	110.1888668
350.6	110.48707753
350.7	108.99602386
350.8	110.1888668
350.9	110.48707753
351	109.87933161
351.1	108.69781312
351.2	108.10139165
351.3	108.84691849
351.4	108.69781312
351.5	107.95228628
351.6	107.80318091
351.7	110.48707753
351.8	113.76739563
351.9	116.00397614
352	116.74950298
352.1	113.17097416
352.2	111.67992048
352.3	110.78528827
352.4	108.99602386
352.5	106.61033797
352.6	106.0139165
352.7	105.41749503
352.8	104.52286282
352.9	104.82107356
353	105.59642147
353.1	106.0139165
353.2	106.0139165
353.3	108.39960239
353.4	110.78528827
353.5	108.99602386
353.6	106.61033797
353.7	108.39960239
353.8	107.19184891
353.9	105.11928429
354	104.22465209
354.1	102.43538767
354.2	105.41749503
354.3	108.69781312
354.4	110.48707753
354.5	109.29423459
354.6	106.0139165
354.7	106.75944334
354.8	110.78528827
354.9	113.17097416
355	113.46918489
355.1	103.92644135
355.2	106.0139165
355.3	108.99602386
355.4	109.59244533
355.5	108.39960239
355.6	107.20675944
355.7	107.50497018
355.8	107.50497018
355.9	106.0139165
356	105.41749503
356.1	102.95550789
356.2	99.75149105
356.3	97.96222664
356.4	96.17296223
356.5	93.63817097
356.6	92.1471173
356.7	92.29622266
356.8	92.74353877
356.9	91.40159046
357	92.10984095
357.1	95.57654076
357.2	100.944334
357.3	105.26838966
357.4	107.05765408
357.5	107.80318091
357.6	106.0139165
357.7	105.86481113
357.8	108.10139165
357.9	110.1888668
358	109.59244533
358.1	110.78528827
358.2	110.03976143
358.3	109.29423459
358.4	109.44333996
358.5	110.33797217
358.6	111.82902584
358.7	114.8111332
358.8	114.96023857
358.9	114.66202783
359	114.96023857
359.1	114.06560636
359.2	113.46918489
359.3	114.06560636
359.4	114.96023857
359.5	111.97813121
359.6	106.61033797
359.7	103.33001988
359.8	98.55864811
359.9	94.38369781
360	93.78727634
360.1	96.7693837
360.2	102.43538767
360.3	106.31212724
360.4	108.39960239
360.5	110.1888668
360.6	111.67992048
360.7	112.27634195
360.8	109.44333996
360.9	105.26838966
361	103.33001988
361.1	101.24254473
361.2	100.944334
361.3	102.43538767
361.4	103.03180915
361.5	104.82107356
361.6	105.41749503
361.7	104.82107356
361.8	102.43538767
361.9	99.45328032
362	97.05165951
362.1	94.83101392
362.2	91.55069583
362.3	90.50695825
362.4	91.84890656
362.5	94.08548708
362.6	97.06759443
362.7	100.944334
362.8	105.41749503
362.9	108.84691849
363	109.89065606
363.1	111.38170974
363.2	109.89065606
363.3	105.86481113
363.4	103.03180915
363.5	102.73359841
363.6	105.86481113
363.7	107.05765408
363.8	107.50497018
363.9	106.31212724
364	106.21272366
364.1	107.05765408
364.2	108.25049702
364.3	108.54870775
364.4	107.05765408
364.5	107.95228628
364.6	111.38170974
364.7	112.42544732
364.8	110.6361829
364.9	106.31212724
365	103.31124087
365.1	101.8389662
365.2	103.03180915
365.3	103.03180915
365.4	102.13717694
365.5	100.64612326
365.6	98.26043738
365.7	95.87475149
365.8	92.29622266
365.9	91.69980119
366	92.5944334
366.1	96.17296223
366.2	98.70775348
366.3	99.00596421
366.4	101.09343936
366.5	102.58449304
366.6	104.67196819
366.7	105.11928429
366.8	105.11928429
366.9	106.90854871
367	110.1888668
367.1	114.21471173
367.2	115.55666004
367.3	117.19681909
367.4	117.94234592
367.5	117.04771372
367.6	115.40755467
367.7	114.8111332
367.8	115.2584493
367.9	114.51292247
368	112.52122029
368.1	111.67992048
368.2	110.48707753
368.3	106.61033797
368.4	100.04970179
368.5	97.6640159
368.6	97.06759443
368.7	99.45328032
368.8	103.92644135
368.9	107.80318091
369	108.88241977
369.1	109.44333996
369.2	112.57455268
369.3	113.32007952
369.4	109.44333996
369.5	106.4612326
369.6	104.97017893
369.7	104.52286282
369.8	104.07554672
369.9	102.43538767
370	102.28628231
370.1	98.85685885
370.2	95.72564612
370.3	94.68190855
370.4	97.36580517
370.5	103.03180915
370.6	110.03976143
370.7	115.10934394
370.8	118.5387674
370.9	116.30218688
371	109.78078895
371.1	103.62823062
371.2	99.75149105
371.3	101.8389662
371.4	108.39960239
371.5	114.96023857
371.6	117.94234592
371.7	119.73161034
371.8	117.94234592
371.9	116.34393638
372	115.55666004
372.1	109.1749503
372.2	103.92644135
372.3	100.34791252
372.4	101.8389662
372.5	103.03180915
372.6	105.71570577
372.7	109.59244533
372.8	108.10139165
372.9	106.31212724
373	104.09039539
373.1	102.13717694
373.2	99.75149105
373.3	100.944334
373.4	104.22465209
373.5	105.11928429
373.6	105.11928429
373.7	104.22465209
373.8	104.94035785
373.9	106.31212724
374	108.99602386
374.1	106.0139165
374.2	101.54075547
374.3	100.34791252
374.4	101.24254473
374.5	102.28628231
374.6	102.73359841
374.7	100.79522863
374.8	97.6640159
374.9	97.06759443
375	100.30638951
375.1	103.62823062
375.2	104.7166998
375.3	104.82107356
375.4	102.43538767
375.5	100.04970179
375.6	99.75149105
375.7	100.64612326
375.8	101.8389662
375.9	103.33001988
376	106.41153082
376.1	109.89065606
376.2	112.27634195
376.3	111.53081511
376.4	111.38170974
376.5	110.1888668
376.6	106.0139165
376.7	101.8389662
376.8	99.30417495
376.9	98.26043738
377	101.18290258
377.1	104.67196819
377.2	104.52286282
377.3	102.58449304
377.4	105.86481113
377.5	108.54870775
377.6	106.75944334
377.7	104.37375746
377.8	104.52286282
377.9	104.82107356
378	105.04120388
378.1	105.41749503
378.2	105.71570577
378.3	100.34791252
378.4	94.08548708
378.5	90.50695825
378.6	88.4194831
378.7	88.4194831
378.8	89.31411531
378.9	91.99801193
379	94.45903526
379.1	96.91848907
379.2	98.11133201
379.3	101.3916501
379.4	104.82107356
379.5	106.75944334
379.6	108.84691849
379.7	110.1888668
379.8	111.82902584
379.9	111.08349901
380	115.2584493
380.1	115.85487078
380.2	112.27634195
380.3	105.41749503
380.4	100.64612326
380.5	97.96222664
380.6	96.17296223
380.7	95.27833002
380.8	96.17296223
380.9	97.6640159
381	101.1999432
381.1	104.82107356
381.2	104.82107356
381.3	103.18091451
381.4	99.60238569
381.5	96.62027833
381.6	94.83101392
381.7	93.0417495
381.8	92.1471173
381.9	89.91053678
382	90.02236581
382.1	89.91053678
382.2	89.31411531
382.3	91.10337972
382.4	93.33996024
382.5	94.53280318
382.6	95.12922465
382.7	96.17296223
382.8	97.6640159
382.9	96.91848907
383	97.47597894
383.1	100.95069018
383.2	102.73359841
383.3	99.87077535
383.4	91.10337972
383.5	87.52485089
383.6	87.22664016
383.7	91.40159046
383.8	97.36580517
383.9	99.45328032
384	93.81672925
384.1	90.20874751
384.2	91.25248509
384.3	93.33996024
384.4	92.74353877
384.5	90.65606362
384.6	89.61232604
384.7	90.35785288
384.8	89.61232604
384.9	88.06163022
385	87.22664016
385.1	89.01590457
385.2	92.89264414
385.3	100.64612326
385.4	109.29423459
385.5	106.90854871
385.6	99.15506958
385.7	95.57654076
385.8	93.19085487
385.9	90.20874751
386	89.24809919
386.1	87.972167
386.2	84.39363817
386.3	80.81510934
386.4	79.1749503
386.5	82.90258449
386.6	87.67395626
386.7	89.01590457
386.8	85.13916501
386.9	80.66600398
387	75.92445328
387.1	73.21073559
387.2	73.35984095
387.3	77.53479125
387.4	79.77137177
387.5	76.04373757
387.6	74.5526839
387.7	70.67594433
387.8	68.29025845
387.9	67.84294235
388	68.49269622
388.1	69.33399602
388.2	74.40357853
388.3	80.0695825
388.4	86.33200795
388.5	91.69980119
388.6	96.17296223
388.7	101.24254473
388.8	103.33001988
388.9	100.34791252
389	94.55410395
389.1	88.71769384
389.2	90.05964215
389.3	91.25248509
389.4	89.76143141
389.5	88.71769384
389.6	90.05964215
389.7	90.20874751
389.8	90.35785288
389.9	92.1471173
390	94.60735586
390.1	97.06759443
390.2	97.6640159
390.3	92.5944334
390.4	83.05168986
390.5	75.29821074
390.6	72.76341948
390.7	75.59642147
390.8	81.11332008
390.9	84.99005964
391	84.54274354
391.1	80.51689861
391.2	78.72763419
391.3	75.29821074
391.4	72.46520875
391.5	73.06163022
391.6	75.29821074
391.7	74.10536779
391.8	71.12326044
391.9	70.97415507
392	72.16699801
392.1	75.29821074
392.2	78.72763419
392.3	81.26242545
392.4	81.11332008
392.5	78.42942346
392.6	75
392.7	72.16699801
392.8	70.3777336
392.9	71.86878728
393	73.62077535
393.1	77.08747515
393.2	80.0695825
393.3	80.96421471
393.4	81.11332008
393.5	79.77137177
393.6	77.08747515
393.7	75
393.8	75
393.9	74.70178926
394	74.40357853
394.1	77.17693837
394.2	76.96819085
394.3	75
394.4	74.40357853
394.5	72.91252485
394.6	75.01192843
394.7	77.38568588
394.8	77.08747515
394.9	79.1749503
395	82.56336978
395.1	85.13916501
395.2	87.52485089
395.3	85.73558648
395.4	78.28031809
395.5	75.29821074
395.6	75
395.7	74.28429423
395.8	73.7027833
395.9	73.80715706
396	78.18217279
396.1	84.2445328
396.2	91.69980119
396.3	99.60238569
396.4	103.92644135
396.5	104.22465209
396.6	99.15506958
396.7	95.12922465
396.8	93.19085487
396.9	94.68190855
397	94.08548708
397.1	84.39363817
397.2	75
397.3	70.8250497
397.4	73.35984095
397.5	76.64015905
397.6	78.13121272
397.7	80.0695825
397.8	80.96421471
397.9	79.6222664
398	77.98210736
398.1	74.70178926
398.2	74.70178926
398.3	76.19284294
398.4	79.77137177
398.5	81.26242545
398.6	81.85884692
398.7	81.85884692
398.8	82.45526839
398.9	83.05168986
399	81.56063618
399.1	79.77137177
399.2	75.89463221
399.3	74.40357853
399.4	75.74552684
399.5	79.02584493
399.6	81.41153082
399.7	81.85884692
399.8	82.60437376
399.9	80.96421471
400	75.29821074
400.1	75.4473161
400.2	78.42942346
400.3	82.75347913
400.4	84.54274354
400.5	84.2445328
400.6	86.03379722
400.7	88.71769384
400.8	86.48111332
400.9	81.11332008
401	77.34840954
401.1	74.40357853
401.2	71.42147117
401.3	70.22862823
401.4	71.27236581
401.5	74.25447316
401.6	75.74552684
401.7	77.23658052
401.8	76.6028827
401.9	75.29821074
402	76.50490247
402.1	77.68389662
402.2	77.08747515
402.3	76.49105368
402.4	78.57852883
402.5	80.36779324
402.6	81.26242545
402.7	83.64811133
402.8	85.43737575
402.9	85.13916501
403	81.26242545
403.1	81.26242545
403.2	84.69184891
403.3	87.52485089
403.4	88.4194831
403.5	87.37574553
403.6	85.43737575
403.7	84.39363817
403.8	86.03379722
403.9	88.56858847
404	88.12127237
404.1	84.39363817
404.2	83.94632207
404.3	88.56858847
404.4	90.65606362
404.5	93.78727634
404.6	94.38369781
404.7	92.74353877
404.8	92.44532803
404.9	91.69980119
405	90.4473161
405.1	89.91053678
405.2	89.46322068
405.3	87.67395626
405.4	89.16500994
405.5	89.76143141
405.6	89.16500994
405.7	87.82306163
405.8	88.12127237
405.9	87.67395626
406	86.33200795
406.1	84.69184891
406.2	84.99005964
406.3	85.58648111
406.4	83.7972167
406.5	83.64811133
406.6	83.3499006
406.7	83.94632207
406.8	84.09542744
406.9	81.11332008
407	78.28031809
407.1	78.87673956
407.2	82.90258449
407.3	83.94632207
407.4	83.94632207
407.5	83.3499006
407.6	84.2445328
407.7	85.58648111
407.8	84.54274354
407.9	82.90258449
408	84.16998012
408.1	86.92842942
408.2	89.46322068
408.3	90.20874751
408.4	89.76143141
408.5	88.27037773
408.6	88.4194831
408.7	90.50695825
408.8	89.76143141
408.9	89.76143141
409	90.61702341
409.1	90.80516899
409.2	90.20874751
409.3	88.71769384
409.4	89.67196819
409.5	89.61232604
409.6	86.03379722
409.7	83.05168986
409.8	82.75347913
409.9	84.84095427
410	85.18176654
410.1	86.17864243
410.2	87.82306163
410.3	90.50695825
410.4	93.19085487
410.5	97.06759443
410.6	100.944334
410.7	97.96222664
410.8	97.6640159
410.9	99.15506958
411	99.30228754
411.1	99.00596421
411.2	99.30417495
411.3	100.19880716
411.4	101.09343936
411.5	103.47912525
411.6	107.35586481
411.7	110.03976143
411.8	110.78528827
411.9	111.08349901
412	110.78528827
412.1	103.77733598
412.2	99.60238569
412.3	100.49701789
412.4	101.24254473
412.5	100.944334
412.6	100.79522863
412.7	100.64612326
412.8	100.49701789
412.9	97.51491054
413	94.38369781
413.1	94.98011928
413.2	98.26043738
413.3	99.75149105
413.4	97.96222664
413.5	95.87475149
413.6	95.27833002
413.7	98.40954274
413.8	99.90059642
413.9	98.11133201
414	93.33996024
414.1	90.80516899
414.2	91.55069583
414.3	92.5944334
414.4	92.89264414
414.5	93.63817097
414.6	95.72564612
414.7	98.26043738
414.8	98.85685885
414.9	99.30417495
415	99.90059642
415.1	99.45328032
415.2	97.6640159
415.3	98.11133201
415.4	98.26043738
415.5	97.36580517
415.6	97.36580517
415.7	96.7693837
415.8	96.47117296
415.9	96.47117296
416	93.19085487
416.1	90.50695825
416.2	93.78727634
416.3	96.02385686
416.4	95.87475149
416.5	92.74353877
416.6	90.65606362
416.7	87.972167
416.8	85.88469185
416.9	85.58648111
417	87.37574553
417.1	91.55069583
417.2	95.87475149
417.3	96.32206759
417.4	96.02385686
417.5	94.53280318
417.6	94.38369781
417.7	97.06759443
417.8	94.08548708
417.9	85.73558648
418	79.80864811
418.1	75.29821074
418.2	75.74552684
418.3	78.13121272
418.4	83.20079523
418.5	88.4194831
418.6	90.95427435
418.7	93.63817097
418.8	97.51491054
418.9	101.54075547
419	102.21172962
419.1	100.64612326
419.2	100.34791252
419.3	99.45328032
419.4	98.26043738
419.5	98.70775348
419.6	100.64612326
419.7	98.55864811
419.8	96.62027833
419.9	96.47117296
420	96.32206759
420.1	99.45328032
420.2	100.04970179
420.3	99.30417495
420.4	98.26043738
420.5	98.11133201
420.6	98.11133201
420.7	99.60238569
420.8	100.04970179
420.9	99.90059642
421	97.17942346
421.1	92.89264414
421.2	90.35785288
421.3	87.67395626
421.4	87.82306163
421.5	90.05964215
421.6	92.5944334
421.7	93.33996024
421.8	92.29622266
421.9	91.40159046
422	90.20874751
422.1	91.4612326
422.2	92.5944334
422.3	92.5944334
422.4	93.0417495
422.5	95.12922465
422.6	97.6640159
422.7	98.70775348
422.8	94.83101392
422.9	90.65606362
423	91.25940949
423.1	91.69980119
423.2	91.69980119
423.3	93.19085487
423.4	95.87475149
423.5	97.36580517
423.6	96.47117296
423.7	96.17296223
423.8	96.7693837
423.9	97.96222664
424	100.34791252
424.1	100.64612326
424.2	95.87475149
424.3	92.74353877
424.4	93.0417495
424.5	94.83101392
424.6	96.47117296
424.7	98.85685885
424.8	100.79522863
424.9	101.54075547
425	100.944334
425.1	100.04970179
425.2	98.40954274
425.3	94.23459245
425.4	89.16500994
425.5	86.03379722
425.6	86.33200795
425.7	90.95427435
425.8	94.08548708
425.9	95.87475149
426	98.6332008
426.1	101.68986083
426.2	103.77733598
426.3	105.11928429
426.4	106.31212724
426.5	105.41749503
426.6	104.82107356
426.7	104.82107356
426.8	103.33001988
426.9	99.60238569
427	97.99950298
427.1	97.2166998
427.2	95.42743539
427.3	91.10337972
427.4	89.91053678
427.5	88.27037773
427.6	87.07753479
427.7	88.27037773
427.8	90.35785288
427.9	93.93638171
428	95.92445328
428.1	97.6640159
428.2	100.49701789
428.3	104.82107356
428.4	102.43538767
428.5	97.81312127
428.6	96.7693837
428.7	97.81312127
428.8	99.90059642
428.9	101.3916501
429	103.79798134
429.1	108.39960239
429.2	108.39960239
429.3	109.29423459
429.4	110.78528827
429.5	113.17097416
429.6	115.85487078
429.7	117.64413519
429.8	118.83697813
429.9	117.64413519
430	116.45129225
430.1	117.94234592
430.2	119.13518887
430.3	117.04771372
430.4	112.87276342
430.5	106.31212724
430.6	97.96222664
430.7	94.08548708
430.8	94.08548708
430.9	99.15506958
431	100.69221893
431.1	103.18091451
431.2	104.97017893
431.3	105.5666004
431.4	105.41749503
431.5	107.80318091
431.6	109.29423459
431.7	107.65407555
431.8	107.05765408
431.9	108.39960239
432	106.57306163
432.1	103.62823062
432.2	102.43538767
432.3	99.45328032
432.4	100.64612326
432.5	102.58449304
432.6	104.37375746
432.7	105.11928429
432.8	105.86481113
432.9	107.05765408
433	108.39960239
433.1	109.14512922
433.2	108.54870775
433.3	104.37375746
433.4	97.51491054
433.5	96.32206759
433.6	96.62027833
433.7	96.32206759
433.8	98.85685885
433.9	101.68986083
434	104.97017893
434.1	108.54870775
434.2	109.89065606
434.3	106.4612326
434.4	101.8389662
434.5	98.11133201
434.6	95.12922465
434.7	94.38369781
434.8	94.08548708
434.9	94.08548708
435	96.32301329
435.1	98.85685885
435.2	102.13717694
435.3	103.33001988
435.4	102.73359841
435.5	103.03180915
435.6	103.33001988
435.7	103.92644135
435.8	103.03180915
435.9	99.75149105
436	97.6640159
436.1	102.88270378
436.2	105.71570577
436.3	105.71570577
436.4	106.0139165
436.5	108.39960239
436.6	108.25049702
436.7	105.71570577
436.8	101.24254473
436.9	95.27833002
437	91.37176938
437.1	89.91053678
437.2	89.46322068
437.3	90.65606362
437.4	94.68190855
437.5	98.70775348
437.6	100.944334
437.7	99.75149105
437.8	100.944334
437.9	103.03180915
438	103.62823062
438.1	101.8389662
438.2	97.06759443
438.3	92.89264414
438.4	92.29622266
438.5	97.81312127
438.6	100.34791252
438.7	99.30417495
438.8	98.85685885
438.9	96.91848907
439	96.7693837
439.1	101.54075547
439.2	106.90854871
439.3	110.78528827
439.4	112.87276342
439.5	112.27634195
439.6	109.89065606
439.7	107.20675944
439.8	106.90854871
439.9	104.52286282
440	102.13717694
440.1	105.17892644
440.2	107.20675944
440.3	107.20675944
440.4	103.62823062
440.5	101.54075547
440.6	101.54075547
440.7	104.52286282
440.8	110.1888668
440.9	114.66202783
441	112.39713617
441.1	108.54870775
441.2	105.11928429
441.3	101.3916501
441.4	96.7693837
441.5	94.83101392
441.6	96.02385686
441.7	97.96222664
441.8	99.30417495
441.9	101.3916501
442	103.33001988
442.1	105.71570577
442.2	106.61033797
442.3	103.62823062
442.4	101.98807157
442.5	97.96222664
442.6	100.04970179
442.7	102.88270378
442.8	101.68986083
442.9	103.92644135
443	106.31212724
443.1	108.69781312
443.2	108.69781312
443.3	108.99602386
443.4	111.97813121
443.5	113.46918489
443.6	114.96023857
443.7	114.66202783
443.8	110.78528827
443.9	105.71570577
444	101.73956262
444.1	98.85685885
444.2	99.60238569
444.3	100.944334
444.4	102.73359841
444.5	103.47912525
444.6	102.88270378
444.7	103.62823062
444.8	106.31212724
444.9	108.54870775
445	108.75117715
445.1	108.39960239
445.2	105.41749503
445.3	104.82107356
445.4	105.11928429
445.5	104.22465209
445.6	102.43538767
445.7	100.944334
445.8	99.45328032
445.9	96.47117296
446	93.19085487
446.1	93.19085487
446.2	99.45328032
446.3	102.43538767
446.4	103.03180915
446.5	102.43538767
446.6	100.49701789
446.7	98.55864811
446.8	92.1471173
446.9	86.63021869
447	88.66089179
447.1	92.89264414
447.2	98.55864811
447.3	99.15506958
447.4	97.6640159
447.5	97.36580517
447.6	97.6640159
447.7	100.40755467
447.8	106.0139165
447.9	111.97813121
448	115.10934394
448.1	117.34592445
448.2	115.55666004
448.3	110.1888668
448.4	107.50497018
448.5	107.80318091
448.6	108.99602386
448.7	110.1888668
448.8	109.59244533
448.9	106.31212724
449	104.29977388
449.1	102.28628231
449.2	100.04970179
449.3	100.34791252
449.4	100.34791252
449.5	98.70775348
449.6	97.81312127
449.7	96.32206759
449.8	95.57654076
449.9	96.17296223
450	98.42254941
450.1	100.42218246
450.2	103.33001988
450.3	107.80318091
450.4	114.66202783
450.5	119.4333996
450.6	120.02982107
450.7	119.73161034
450.8	116.74950298
450.9	114.06560636
451	111.67992048
451.1	112.27634195
451.2	112.27634195
451.3	109.29423459
451.4	105.71570577
451.5	101.54075547
451.6	98.26043738
451.7	98.55864811
451.8	99.84095427
451.9	102.13717694
452	104.52286282
452.1	102.28628231
452.2	101.24254473
452.3	99.45328032
452.4	97.81312127
452.5	97.36580517
452.6	97.81312127
452.7	99.15506958
452.8	99.45328032
452.9	99.75149105
453	98.93141153
453.1	97.6640159
453.2	97.2166998
453.3	96.7693837
453.4	97.2166998
453.5	98.40954274
453.6	100.64612326
453.7	102.43538767
453.8	103.62823062
453.9	107.50497018
454	109.7415507
454.1	109.59244533
454.2	108.25049702
454.3	106.4612326
454.4	104.52286282
454.5	103.33001988
454.6	105.5666004
454.7	108.54870775
454.8	110.48707753
454.9	112.12723658
455	113.97457361
455.1	115.55666004
455.2	116.74950298
455.3	117.34592445
455.4	113.76739563
455.5	110.48707753
455.6	111.97813121
455.7	112.27634195
455.8	112.57455268
455.9	111.97813121
456	109.69309145
456.1	105.71570577
456.2	103.33001988
456.3	102.73359841
456.4	100.64612326
456.5	100.04970179
456.6	101.54075547
456.7	105.11928429
456.8	108.69781312
456.9	114.96023857
457	119.13518887
457.1	123.6083499
457.2	131.66003976
457.3	138.81709742
457.4	143.88667992
457.5	148.65805169
457.6	148.35984095
457.7	141.50099404
457.8	136.72962227
457.9	133.15109344
458	128.9479213
458.1	125.09940358
458.2	120.32803181
458.3	116.74950298
458.4	113.17097416
458.5	107.95228628
458.6	103.18091451
458.7	95.27833002
458.8	88.12127237
458.9	87.07753479
459	91.54740328
459.1	98.85685885
459.2	106.77435388
459.3	112.72365805
459.4	109.89065606
459.5	102.43538767
459.6	96.17296223
459.7	94.08548708
459.8	96.17296223
459.9	100.64612326
460	105.44964883
460.1	111.08349901
460.2	111.67992048
460.3	113.46918489
460.4	116.00397614
460.5	117.49502982
460.6	120.92445328
460.7	120.92445328
460.8	113.61829026
460.9	109.89065606
461	112.42544732
461.1	115.85487078
461.2	116.30218688
461.3	115.40755467
461.4	113.76739563
461.5	110.93439364
461.6	109.44333996
461.7	109.89065606
461.8	111.08349901
461.9	111.38170974
462	114.66202783
462.1	113.46918489
462.2	108.99602386
462.3	104.82107356
462.4	99.15506958
462.5	86.33200795
462.6	72.61431412
462.7	60.68588469
462.8	51.73956262
462.9	47.56461233
463	47.26640159
463.1	51.59045726
463.2	57.10735586
463.3	60.23856859
463.4	60.68588469
463.5	59.49304175
463.6	57.4055666
463.7	57.4055666
463.8	57.10735586
463.9	57.25646123
464	56.51093439
464.1	55.61630219
464.2	55.16898608
464.3	51.59045726
464.4	44.88071571
464.5	38.61829026
464.6	31.90854871
464.7	27.13717694
464.8	25.79522863
464.9	26.24254473
465	25.64612326
465.1	24.45328032
465.2	24.90059642
465.3	26.24254473
465.4	26.54075547
465.5	25.64612326
465.6	24.75149105
465.7	24.45328032
465.8	25.64612326
465.9	26.68986083
466	26.8389662
466.1	26.98807157
466.2	26.68986083
466.3	27.13717694
466.4	28.77733598
466.5	29.07554672
466.6	28.62823062
466.7	28.18091451
466.8	28.18091451
466.9	26.8389662
467	24.75149105
467.1	23.70775348
467.2	23.70775348
467.3	24.30417495
467.4	26.8389662
467.5	28.18091451
467.6	28.18091451
467.7	27.58449304
467.8	28.77733598
467.9	30.41749503
468	31.61033797
468.1	32.95228628
468.2	32.50497018
468.3	30.5666004
468.4	27.73359841
468.5	27.13717694
468.6	28.62823062
468.7	28.92644135
468.8	27.43538767
468.9	25.64612326
469	25.19880716
469.1	25.19880716
469.2	25.944334
469.3	25.944334
469.4	25.19880716
469.5	25.34791252
469.6	26.8389662
469.7	28.18091451
469.8	28.77733598
469.9	29.67196819
470	29.08309636
470.1	28.18091451
470.2	25.49701789
470.3	24.00596421
470.4	24.30417495
470.5	24.30417495
470.6	24.60238569
470.7	25.49701789
470.8	26.98807157
470.9	27.58449304
471	29.37375746
471.1	29.67196819
471.2	29.59741551
471.3	30.26838966
471.4	30.11928429
471.5	29.22465209
471.6	25.64612326
471.7	20.57654076
471.8	16.10337972
471.9	13.27037773
472	10.28827038
472.1	8.7972167
472.2	8.49900596
472.3	8.64811133
472.4	9.09542744
472.5	8.64811133
472.6	7.75347913
472.7	7.30616302
472.8	7.60437376
472.9	8.3499006
473	8.49900596
473.1	8.94632207
473.2	10.28827038
473.3	11.03379722
473.4	13.12127237
473.5	15.20874751
473.6	18.48906561
473.7	21.91848907
473.8	24.15506958
473.9	25.04970179
474	24.45328032
474.1	24.15506958
474.2	24.90059642
474.3	25.04970179
474.4	24.60238569
474.5	24.45328032
474.6	22.96222664
474.7	21.47117296
474.8	21.02385686
474.9	21.02385686
475	20.72564612
475.1	20.42743539
475.2	20.42743539
475.3	21.47117296
475.4	23.55864811
475.5	24.30417495
475.6	24.15506958
475.7	23.11133201
475.8	23.11133201
475.9	22.36580517
476	20.83747515
476.1	17.5944334
476.2	14.31411531
476.3	11.92842942
476.4	10.73558648
476.5	9.99005964
476.6	9.39363817
476.7	9.39363817
476.8	9.84095427
476.9	10.58648111
477	11.29473161
477.1	11.77932406
477.2	12.52485089
477.3	13.27037773
477.4	13.56858847
477.5	13.27037773
477.6	12.82306163
477.7	11.63021869
477.8	10.13916501
477.9	8.94632207
478	7.34343936
478.1	5.96421471
478.2	5.21868787
478.3	5.21868787
478.4	6.11332008
478.5	6.70974155
478.6	7.00795229
478.7	7.45526839
478.8	8.05168986
478.9	8.94632207
479	9.28007805
479.1	9.09542744
479.2	8.7972167
479.3	8.49900596
479.4	8.20079523
479.5	7.00795229
479.6	6.70974155
479.7	7.00795229
479.8	7.60437376
479.9	7.90258449
480	8.04796223
480.1	8.20079523
480.2	7.90258449
480.3	7.30616302
480.4	7.00795229
480.5	6.70974155
480.6	7.30616302
480.7	7.60437376
480.8	7.60437376
480.9	7.60437376
481	8.69781312
481.1	11.48111332
481.2	14.76143141
481.3	19.08548708
481.4	24.90059642
481.5	31.61033797
481.6	37.12723658
481.7	39.51292247
481.8	40.85487078
481.9	40.55666004
482	40.40755467
482.1	41.60039761
482.2	43.24055666
482.3	43.68787276
482.4	43.9860835
482.5	44.4333996
482.6	45.02982107
482.7	46.37176938
482.8	48.75745527
482.9	48.75745527
483	46.36072454
483.1	44.58250497
483.2	42.79324056
483.3	43.9860835
483.4	45.77534791
483.5	46.96819085
483.6	45.47713718
483.7	44.58250497
483.8	43.68787276
483.9	43.9860835
484	43.12872763
484.1	41.30218688
484.2	39.8111332
484.3	39.51292247
484.4	40.10934394
484.5	41.30218688
484.6	41.76441352
484.7	42.19681909
484.8	40.70576541
484.9	40.10934394
485	42.79324056
485.1	42.34592445
485.2	42.04771372
485.3	44.28429423
485.4	46.81908549
485.5	50.39761431
485.6	53.2306163
485.7	52.03777336
485.8	51.14314115
485.9	51.59045726
486	52.22415507
486.1	53.82703777
486.2	55.46719682
486.3	56.51093439
486.4	55.01988072
486.5	51.44135189
486.6	48.31013917
486.7	47.86282306
486.8	49.65208748
486.9	51.88866799
487	54.46073559
487.1	57.4055666
487.2	59.64214712
487.3	58.30019881
487.4	55.46719682
487.5	54.42345924
487.6	54.72166998
487.7	58.15109344
487.8	59.49304175
487.9	59.79125249
488	57.55467197
488.1	52.63419483
488.2	48.6083499
488.3	46.07355865
488.4	43.9860835
488.5	41.74950298
488.6	41.45129225
488.7	42.64413519
488.8	44.73161034
488.9	45.77534791
489	47.26640159
489.1	49.50298211
489.2	51.29224652
489.3	52.7833002
489.4	58.30019881
489.5	66.6500994
489.6	72.31610338
489.7	74.10536779
489.8	74.70178926
489.9	75
490	74.8416906
490.1	74.10536779
490.2	74.89349617
490.3	75.89463221
490.4	75
490.5	74.70178926
490.6	75
490.7	75.59642147
490.8	75.89463221
490.9	74.70178926
491	71.91724652
491.1	69.9304175
491.2	70.22862823
491.3	70.8250497
491.4	70.52683897
491.5	70.22862823
491.6	70.52683897
491.7	68.47912525
491.8	66.94831014
