DEPT	GR
50.3	NA
50.4	NA
50.5	NA
50.6	53.95611702
50.7	53.95611702
50.8	55.41522606
50.9	57.74601064
51	55.91090426
51.1	54.15558511
51.2	53.95611702
51.3	55.67952128
51.4	60.88763298
51.5	66.3231383
51.6	68.63896277
51.7	70.77526596
51.8	73.50398936
51.9	72.90558511
52	73.7393617
52.1	75.54335106
52.2	76.69547872
52.3	76.29654255
52.4	74.64095745
52.5	72.7947695
52.6	70.94858156
52.7	68.9162234
52.8	66.92154255
52.9	66.72207447
53	67.12101064
53.1	67.87898936
53.2	68.67021277
53.3	69.53058511
53.4	71.14095745
53.5	73.1981383
53.6	75.09973404
53.7	75.29920213
53.8	75.6981383
53.9	77.27992021
54	80.08643617
54.1	80.48537234
54.2	80.48537234
54.3	79.82473404
54.4	78.97021277
54.5	78.88962766
54.6	81.28324468
54.7	80.67287234
54.8	79.48803191
54.9	79.08909574
55	80.40558511
55.1	82.49441489
55.2	83.47739362
55.3	83.34973404
55.4	83.07845745
55.5	83.92952128
55.6	86.86835106
55.7	87.6662234
55.8	85.97672872
55.9	83.27792553
56	77.89228723
56.1	77.91888298
56.2	78.69015957
56.3	76.8231383
56.4	76.09707447
56.5	81.88164894
56.6	83.34175532
56.7	85.27260638
56.8	90.85771277
56.9	92.89228723
57	94.24867021
57.1	94.84707447
57.2	92.4325133
57.3	86.8543883
57.4	84.27526596
57.5	84.27526596
57.6	92.25398936
57.7	96.24335106
57.8	95.44547872
57.9	95.44547872
58	96.00398936
58.1	96.95345745
58.2	96.84175532
58.3	91.493731
58.4	85.2543693
58.5	78.49069149
58.6	72.10771277
58.7	70.3125
58.8	70.3125
58.9	71.50930851
59	71.11037234
59.1	70.91090426
59.2	71.11037234
59.3	73.49867021
59.4	75.55585106
59.5	77.09441489
59.6	77.09441489
59.7	76.69547872
59.8	77.92553191
59.9	81.88164894
60	78.0380135
60.1	71.93944526
60.2	68.71675532
60.3	69.77792553
60.4	71.50930851
60.5	73.04521277
60.6	75.6981383
60.7	74.82047872
60.8	72.70611702
60.9	74.70079787
61	74.70079787
61.1	74.70079787
61.2	73.90292553
61.3	72.14076748
61.4	68.67344225
61.5	65.20611702
61.6	62.81914894
61.7	62.0412234
61.8	61.13696809
61.9	59.5731383
62	57.94547872
62.1	57.54654255
62.2	57.34707447
62.3	58.50398936
62.4	59.34175532
62.5	59.14228723
62.6	58.74335106
62.7	59.41356383
62.8	60.58444149
62.9	62.0625
63	63.73005319
63.1	64.13696809
63.2	65.2643617
63.3	66.85132979
63.4	67.82513298
63.5	65.44049202
63.6	61.29803856
63.7	57.15558511
63.8	53.75664894
63.9	50.56515957
64	52.13763298
64.1	55.48271277
64.2	59.14228723
64.3	62.60984043
64.4	66.43723404
64.5	68.99601064
64.6	70.11303191
64.7	69.375
64.8	64.88031915
64.9	61.33643617
65	60.13962766
65.1	59.5412234
65.2	58.94281915
65.3	57.54654255
65.4	55.85904255
65.5	53.35771277
65.6	54.33011968
65.7	57.29720745
65.8	58.14494681
65.9	57.74601064
66	59.56117021
66.1	62.88430851
66.2	66.20744681
66.3	68.9162234
66.4	68.9162234
66.5	70.45212766
66.6	71.82446809
66.7	72.17154255
66.8	72.30718085
66.9	71.77260638
67	70.71143617
67.1	70.91090426
67.2	73.61469415
67.3	76.69547872
67.4	75.67591185
67.5	70.99639058
67.6	66.3168693
67.7	62.93218085
67.8	62.93218085
67.9	64.52792553
68	64.9268617
68.1	64.72739362
68.2	62.7674772
68.3	60.52944529
68.4	57.74601064
68.5	58.5837766
68.6	61.07613032
68.7	65.87632979
68.8	70.45212766
68.9	72.82579787
69	75.19946809
69.1	77.5731383
69.2	80.48537234
69.3	79.18683511
69.4	75.50764628
69.5	73.50398936
69.6	72.90558511
69.7	72.30718085
69.8	70.95378989
69.9	69.71409574
70	69.51462766
70.1	69.31515957
70.2	72.74601064
70.3	77.45345745
70.4	82.16090426
70.5	86.26994681
70.6	88.66356383
70.7	88.26462766
70.8	79.12599734
70.9	71.62632979
71	67.71941489
71.1	64.03922872
71.2	60.50864362
71.3	57.56648936
71.4	55.35239362
71.5	55.5518617
71.6	57.54654255
71.7	55.93085106
71.8	54.55452128
71.9	56.15026596
72	55.95079787
72.1	54.17021277
72.2	52.13031915
72.3	50.56515957
72.4	51.16256649
72.5	51.98636968
72.6	52.81017287
72.7	53.55718085
72.8	56.00166223
72.9	57.82921733
73	59.03970365
73.1	60.25018997
73.2	62.51429521
73.3	66.16256649
73.4	68.9162234
73.5	69.16755319
73.6	69.45
73.7	71.23902926
73.8	73.47506649
73.9	75.71110372
74	76.89494681
74.1	74.75664894
74.2	71.8543883
74.3	67.85305851
74.4	62.93218085
74.5	63.56050532
74.6	65.67885638
74.7	67.79720745
74.8	70.11303191
74.9	74.38164894
75	78.49069149
75.1	78.2912234
75.2	76.89494681
75.3	75.89760638
75.4	74.70079787
75.5	70.71143617
75.6	69.31515957
75.7	70.71143617
75.8	72.73803191
75.9	74.70079787
76	75.6981383
76.1	71.78856383
76.2	67.02526596
76.3	63.13164894
76.4	63.13164894
76.5	64.12898936
76.6	70.59859422
76.7	76.56667933
76.8	81.68218085
76.9	86.46941489
77	84.47473404
77.1	84.27526596
77.2	85.27260638
77.3	82.74973404
77.4	77.90744681
77.5	72.20744681
77.6	67.11303191
77.7	62.93218085
77.8	62.53324468
77.9	63.34023556
78	66.12082067
78.1	68.90140578
78.2	71.11037234
78.3	70.71143617
78.4	70.11303191
78.5	65.3125
78.6	62.53324468
78.7	62.13430851
78.8	64.9268617
78.9	66.3231383
79	67.91888298
79.1	67.12101064
79.2	67.12101064
79.3	68.72473404
79.4	71.11037234
79.5	74.74069149
79.6	78.09175532
79.7	82.01462766
79.8	82.67952128
79.9	82.08111702
80	80.54341034
80.1	78.73656114
80.2	76.92971193
80.3	75.6981383
80.4	75.09973404
80.5	73.30452128
80.6	71.78457447
80.7	70.3125
80.8	66.72207447
80.9	67.51994681
81	69.2524696
81.1	71.38620821
81.2	73.90292553
81.3	73.90292553
81.4	67.6668883
81.5	61.21010638
81.6	57.14760638
81.7	60.09973404
81.8	64.76728723
81.9	69.43484043
82	73.50398936
82.1	75.29920213
82.2	75.6981383
82.3	74.51329787
82.4	72.10771277
82.5	71.7087766
82.6	71.30984043
82.7	75.53297872
82.8	79.22034574
82.9	82.90771277
83	87.06781915
83.1	87.46675532
83.2	85.27859043
83.3	73.90292553
83.4	71.7087766
83.5	69.31515957
83.6	68.31781915
83.7	68.71675532
83.8	70.3125
83.9	74.44148936
84	76.49601064
84.1	76.09707447
84.2	70.13597074
84.3	66.72207447
84.4	66.12367021
84.5	69.29521277
84.6	73.41821809
84.7	76.69547872
84.8	76.28656915
84.9	74.3018617
85	73.20478723
85.1	72.90558511
85.2	74.14069149
85.3	76.19441489
85.4	78.79707447
85.5	82.34441489
85.6	84.67420213
85.7	82.06629939
85.8	75.13164894
85.9	68.19699848
86	63.73005319
86.1	63.53058511
86.2	61.93484043
86.3	62.22321429
86.4	62.95668693
86.5	63.69015957
86.6	64.69148936
86.7	66.09175532
86.8	67.49202128
86.9	68.89228723
87	70.3125
87.1	69.88696809
87.2	68.31781915
87.3	67.51994681
87.4	66.92154255
87.5	66.92154255
87.6	68.38848784
87.7	69.85543313
87.8	71.30984043
87.9	71.7087766
88	71.50930851
88.1	69.18408055
88.2	66.51690729
88.3	63.53058511
88.4	63.13164894
88.5	65.92420213
88.6	66.92154255
88.7	65.32579787
88.8	65.32579787
88.9	68.71675532
89	67.20578457
89.1	65.68882979
89.2	62.72207447
89.3	60.33909574
89.4	60.28523936
89.5	64.1574848
89.6	67.82484802
89.7	71.49221125
89.8	72.90558511
89.9	71.7087766
90	71.11037234
90.1	71.11037234
90.2	74.51329787
90.3	78.2912234
90.4	78.88962766
90.5	79.6875
90.6	81.48271277
90.7	85.86303191
90.8	87.06781915
90.9	82.28058511
91	80.68484043
91.1	80.28590426
91.2	88.86303191
91.3	88.46409574
91.4	87.86569149
91.5	86.86835106
91.6	85.0731383
91.7	79.06994681
91.8	73.70345745
91.9	69.71409574
92	69.11569149
92.1	69.51462766
92.2	72.32541793
92.3	74.80794073
92.4	76.95
92.5	78.01196809
92.6	78.88962766
92.7	82.85505319
92.8	85.47207447
92.9	90.25930851
93	90.85771277
93.1	89.17021277
93.2	83.21110372
93.3	75.84973404
93.4	71.2400266
93.5	67.61968085
93.6	64.55585106
93.7	63.13164894
93.8	63.13164894
93.9	65.32579787
94	62.73271277
94.1	62.53324468
94.2	62.93218085
94.3	64.51356383
94.4	68.76143617
94.5	72.30718085
94.6	74.3018617
94.7	74.50132979
94.8	73.70345745
94.9	71.60082524
95	69.12415293
95.1	66.52260638
95.2	62.13430851
95.3	62.28856383
95.4	64.34574468
95.5	66.40292553
95.6	67.12101064
95.7	66.3231383
95.8	66.6893617
95.9	68.30345745
96	70.11303191
96.1	68.97367021
96.2	67.35957447
96.3	65.74547872
96.4	64.13138298
96.5	63.13164894
96.6	66.92154255
96.7	65.92420213
96.8	62.11236702
96.9	58.23537234
97	56.15026596
97.1	56.54920213
97.2	57.87566489
97.3	58.94281915
97.4	61.73537234
97.5	67.94737842
97.6	75.33966565
97.7	83.47739362
97.8	84.07579787
97.9	82.87898936
98	73.90957447
98.1	67.8231383
98.2	66.92154255
98.3	67.69946809
98.4	69.47972074
98.5	70.11303191
98.6	68.22007979
98.7	65.60904255
98.8	62.99800532
98.9	60.73803191
99	58.36835106
99.1	56.34973404
99.2	55.15292553
99.3	56.05452128
99.4	58.89015957
99.5	63.06781915
99.6	67.24547872
99.7	71.4231383
99.8	74.70079787
99.9	74.70079787
100	71.72171281
100.1	66.99489785
100.2	62.93218085
100.3	59.26196809
100.4	56.04388298
100.5	53.95041793
100.6	52.43332067
100.7	50.56515957
100.8	51.52089666
100.9	54.21029635
101	56.89969605
101.1	59.58909574
101.2	62.27849544
101.3	64.96789514
101.4	66.72207447
101.5	68.83643617
101.6	72.7412234
101.7	77.95452128
101.8	81.0837766
101.9	77.93218085
102	76.09707447
102.1	78.08643617
102.2	81.73359929
102.3	85.38076241
102.4	89.66090426
102.5	92.45345745
102.6	95.44547872
102.7	94.64760638
102.8	94.04920213
102.9	90.57446809
103	87.43683511
103.1	83.6768617
103.2	82.87898936
103.3	83.96409574
103.4	86.07047872
103.5	86.07047872
103.6	84.67420213
103.7	85.50398936
103.8	86.86835106
103.9	85.75664894
104	83.07845745
104.1	77.29388298
104.2	76.29654255
104.3	75.89760638
104.4	76.09707447
104.5	76.95977394
104.6	78.10621676
104.7	79.25265957
104.8	80.28590426
104.9	80.48537234
105	81.35532661
105.1	84.07579787
105.2	84.47473404
105.3	85.26761968
105.4	87.30219415
105.5	89.33676862
105.6	91.45611702
105.7	95.24601064
105.8	92.44680851
105.9	88.77659574
106	85.67154255
106.1	84.07579787
106.2	81.07180851
106.3	78.1037234
106.4	73.75332447
106.5	71.21010638
106.6	71.36170213
106.7	72.03191489
106.8	73.26462766
106.9	75.86341185
107	78.46219605
107.1	79.88696809
107.2	74.10239362
107.3	75.4587766
107.4	77.29388298
107.5	78.19148936
107.6	80.72972074
107.7	85.63663564
107.8	89.17021277
107.9	92.13829787
108	96.44281915
108.1	95.54521277
108.2	94.24867021
108.3	95.64494681
108.4	95.24601064
108.5	90.75797872
108.6	86.44946809
108.7	84.27526596
108.8	87.26728723
108.9	84.89361702
109	82.18085106
109.1	79.46808511
109.2	77.09441489
109.3	74.50132979
109.4	74.50132979
109.5	76.57579787
109.6	79.25664894
109.7	87.6662234
109.8	90.4587766
109.9	89.74642646
110	87.86569149
110.1	87.6662234
110.2	90.07047872
110.3	92.60239362
110.4	94.82234043
110.5	96.62632979
110.6	98.03856383
110.7	96.84175532
110.8	90.05984043
110.9	88.86303191
111	88.26462766
111.1	88.06515957
111.2	87.06781915
111.3	83.66090426
111.4	82.48005319
111.5	86.26994681
111.6	85.67154255
111.7	83.97739362
111.8	82.87898936
111.9	83.4893617
112	85.50698138
112.1	86.46941489
112.2	86.66888298
112.3	88.13962766
112.4	89.46143617
112.5	89.0625
112.6	88.58776596
112.7	88.06515957
112.8	87.86569149
112.9	88.48803191
113	90.65824468
113.1	89.29654255
113.2	86.97777356
113.3	85.21447568
113.4	83.45117781
113.5	82.08111702
113.6	87.86569149
113.7	85.5837766
113.8	83.47739362
113.9	84.87367021
114	84.47473404
114.1	84.07579787
114.2	85.6775266
114.3	86.86835106
114.4	87.06781915
114.5	87.46675532
114.6	89.54281915
114.7	94.10026596
114.8	97.83909574
114.9	98.4375
115	95.24601064
115.1	94.64760638
115.2	93.65026596
115.3	88.66855053
115.4	86.07047872
115.5	85.57180851
115.6	85.47207447
115.7	88.69680851
115.8	93.42087766
115.9	96.05385638
116	99.23537234
116.1	99.23537234
116.2	96.44281915
116.3	97.35039894
116.4	99.03590426
116.5	95.84441489
116.6	92.65292553
116.7	91.85505319
116.8	92.25398936
116.9	92.65292553
117	89.26196809
117.1	90.38397606
117.2	93.37599734
117.3	100.23271277
117.4	100.63164894
117.5	100.33244681
117.6	99.23537234
117.7	97.17087766
117.8	95.24601064
117.9	94.77227394
118	94.04920213
118.1	93.45079787
118.2	91.25664894
118.3	87.2712766
118.4	83.6768617
118.5	87.46675532
118.6	86.6768617
118.7	83.07845745
118.8	84.67420213
118.9	84.87367021
119	82.48005319
119.1	82.0412234
119.2	81.48271277
119.3	81.28324468
119.4	83.45744681
119.5	87.16755319
119.6	88.89295213
119.7	92.16422872
119.8	95.84441489
119.9	97.24069149
120	97.7393617
120.1	96.98636968
120.2	96.04388298
120.3	96.04388298
120.4	97.71941489
120.5	98.63696809
120.6	97.51994681
120.7	95.1462766
120.8	96.25831117
120.9	99.72905585
121	101.42952128
121.1	101.82845745
121.2	100.83111702
121.3	96.7918883
121.4	94.64760638
121.5	95.1462766
121.6	95.84441489
121.7	93.48404255
121.8	90.4587766
121.9	93.40093085
122	96.64228723
122.1	98.23803191
122.2	99.63430851
122.3	101.60904255
122.4	103.3643617
122.5	104.42154255
122.6	103.68351064
122.7	102.4268617
122.8	97.98371011
122.9	95.44547872
123	97.44015957
123.1	97.24069149
123.2	96.84175532
123.3	100.23271277
123.4	99.63430851
123.5	96.44281915
123.6	96.84175532
123.7	98.37101064
123.8	99.96675532
123.9	100.83111702
124	99.95652619
124.1	98.55718085
124.2	97.15783552
124.3	95.75849018
124.4	94.35914484
124.5	93.0518617
124.6	92.05452128
124.7	91.51928191
124.8	90.96077128
124.9	90.4587766
125	91.55585106
125.1	93.31117021
125.2	94.84707447
125.3	96.28324468
125.4	97.55984043
125.5	97.93882979
125.6	96.09574468
125.7	93.89361702
125.8	91.85505319
125.9	90.69148936
126	90.05984043
126.1	86.66888298
126.2	86.46941489
126.3	87.26728723
126.4	88.00033245
126.5	88.8380984
126.6	89.67586436
126.7	90.05984043
126.8	89.31382979
126.9	88.2606383
127	87.76595745
127.1	89.34175532
127.2	92.21409574
127.3	94.84707447
127.4	96.52260638
127.5	97.24069149
127.6	95.91921543
127.7	92.92719415
127.8	91.85505319
127.9	91.35239362
128	90.65824468
128.1	88.63696809
128.2	86.0837766
128.3	84.07579787
128.4	84.07579787
128.5	87.63772796
128.6	91.05718085
128.7	94.04920213
128.8	94.99168883
128.9	96.04886968
129	97.63962766
129.1	98.30285904
129.2	99.03590426
129.3	101.99800532
129.4	104.63098404
129.5	105.71808511
129.6	104.82047872
129.7	105.01994681
129.8	106.42021277
129.9	107.61303191
130	111.60239362
130.1	111.60239362
130.2	110.39760638
130.3	108.49867021
130.4	107.01462766
130.5	107.01462766
130.6	107.88031915
130.7	109.2087766
130.8	109.60771277
130.9	110.87898936
131	112.59973404
131.1	110.79015957
131.2	108.22659574
131.3	107.01462766
131.4	108.73902926
131.5	110.80452128
131.6	113.12034574
131.7	115.25664894
131.8	115.99069149
131.9	114.59441489
132	110.6150266
132.1	107.01462766
132.2	106.61569149
132.3	108.00398936
132.4	109.40824468
132.5	109.60771277
132.6	108.30718085
132.7	107.8125
132.8	110.20611702
132.9	109.40824468
133	110.01861702
133.1	111.63271277
133.2	112.99867021
133.3	113.39760638
133.4	115.49601064
133.5	116.19015957
133.6	114.30585106
133.7	112.99867021
133.8	112.59973404
133.9	111.54454787
134	109.80718085
134.1	109.40824468
134.2	113.21110372
134.3	117.13324468
134.4	121.50079787
134.5	124.96675532
134.6	124.16888298
134.7	120.48138298
134.8	116.76263298
134.9	113.30976182
135	110.15600435
135.1	106.81515957
135.2	106.4162234
135.3	109.03191489
135.4	112.64095745
135.5	115.7912234
135.6	116.63297872
135.7	116.78856383
135.8	116.98803191
135.9	117.98537234
136	119.78058511
136.1	121.79806231
136.2	123.96941489
136.3	123.76994681
136.4	118.70345745
136.5	113.79654255
136.6	112.35398936
136.7	110.60505319
136.8	107.41356383
136.9	109.16389628
137	110.92918883
137.1	112.69448138
137.2	114.67220745
137.3	115.59175532
137.4	114.99335106
137.5	120.57845745
137.6	119.98005319
137.7	117.58643617
137.8	119.38164894
137.9	119.18218085
138	116.58909574
138.1	115.99069149
138.2	117.38696809
138.3	118.17819149
138.4	118.96276596
138.5	119.58111702
138.6	110.25797872
138.7	107.12234043
138.8	105.81781915
138.9	107.61303191
139	106.21675532
139.1	105.81781915
139.2	110.34707447
139.3	114.4268617
139.4	116.58909574
139.5	116.98803191
139.6	120.61702128
139.7	125.76462766
139.8	123.36417173
139.9	116.1012538
140	108.83833587
140.1	103.8231383
140.2	106.41888298
140.3	111.18949468
140.4	114.22207447
140.5	115.59175532
140.6	112.59973404
140.7	112.00132979
140.8	111.8018617
140.9	114.39494681
141	113.00531915
141.1	110.40558511
141.2	111.68138298
141.3	115.35319149
141.4	118.72340426
141.5	121.1768617
141.6	121.1768617
141.7	118.63404255
141.8	116.09202128
141.9	114.59441489
142	113.99601064
142.1	113.99601064
142.2	114.98736702
142.3	118.32147606
142.4	121.97473404
142.5	121.77526596
142.6	116.78856383
142.7	118.84042553
142.8	120.70292553
142.9	122.02101064
143	123.17154255
143.1	121.18484043
143.2	119.38164894
143.3	119.18218085
143.4	118.78324468
143.5	116.13031915
143.6	114.99335106
143.7	119.98005319
143.8	114.39494681
143.9	115.0412234
144	116.98803191
144.1	115.7912234
144.2	117.01914894
144.3	118.80797872
144.4	120.91755319
144.5	121.57579787
144.6	121.37632979
144.7	117.99734043
144.8	115.59175532
144.9	114.79388298
145	114.04587766
145.1	113.33976064
145.2	112.63364362
145.3	111.8018617
145.4	111.8018617
145.5	113.75166223
145.6	115.19281915
145.7	113.79654255
145.8	113.99601064
145.9	117.16595745
146	119.78058511
146.1	119.58111702
146.2	117.21861702
146.3	115.39228723
146.4	115.19281915
146.5	116.66888298
146.6	119.49335106
146.7	123.93351064
146.8	127.16090426
146.9	125.66409574
147	123.02792553
147.1	119.53191489
147.2	115.7912234
147.3	114.19547872
147.4	114.19547872
147.5	114.39494681
147.6	119.58111702
147.7	117.92154255
147.8	116.98803191
147.9	117.99414894
148	119.21808511
148.1	120.8393617
148.2	122.62819149
148.3	123.85272606
148.4	124.76728723
148.5	126.37300532
148.6	128.1775266
148.7	129.15558511
148.8	127.4162234
148.9	124.4581117
149	120.77792553
149.1	122.20212766
149.2	124.86968085
149.3	127.55984043
149.4	132.94547872
149.5	131.9481383
149.6	129.72925532
149.7	127.18723404
149.8	125.96409574
149.9	127.6425049
150	131.1171063
150.1	133.34441489
150.2	131.54441489
150.3	128.37047872
150.4	125.19654255
150.5	122.02260638
150.6	119.18218085
150.7	119.38164894
150.8	123.92054521
150.9	127.55984043
151	124.52792553
151.1	121.1768617
151.2	114.41489362
151.3	112.00132979
151.4	114.39494681
151.5	113.79654255
151.6	112.99867021
151.7	115.38164894
151.8	118.98271277
151.9	119.58111702
152	119.58111702
152.1	119.58111702
152.2	119.58111702
152.3	119.78058511
152.4	120.97340426
152.5	122.37367021
152.6	123.37101064
152.7	123.37101064
152.8	121.49069149
152.9	120.57845745
153	122.92553191
153.1	124.96675532
153.2	124.76728723
153.3	121.60239362
153.4	118.87965426
153.5	114.59441489
153.6	114.79388298
153.7	115.83111702
153.8	116.78856383
153.9	118.89893617
154	120.68816489
154.1	122.04654255
154.2	122.90226064
154.3	123.2912234
154.4	123.68018617
154.5	123.96941489
154.6	124.16888298
154.7	119.05718085
154.8	117.58643617
154.9	119.78158245
155	123.80734707
155.1	127.8331117
155.2	131.54920213
155.3	130.9787234
155.4	128.41156915
155.5	127.16090426
155.6	129.08078457
155.7	132.14760638
155.8	132.74601064
155.9	131.73271277
156	128.33206687
156.1	124.93142097
156.2	121.77526596
156.3	120.57845745
156.4	119.38164894
156.5	116.84840426
156.6	113.99601064
156.7	116.83289007
156.8	122.01906028
156.9	127.2052305
157	132.39140071
157.1	137.13430851
157.2	137.13430851
157.3	135.15159574
157.4	133.05119681
157.5	130.95079787
157.6	123.5994016
157.7	117.98537234
157.8	117.78590426
157.9	117.98537234
158	124.17885638
158.1	128.50930851
158.2	131.54321809
158.3	134.94015957
158.4	137.04255319
158.5	138.73005319
158.6	135.13962766
158.7	136.40026596
158.8	138.13164894
158.9	138.33111702
159	140.28590426
159.1	141.12367021
159.2	138.62832447
159.3	137.13430851
159.4	135.40890957
159.5	131.63896277
159.6	127.36037234
159.7	126.76196809
159.8	126.5625
159.9	126.36303191
160	129.18868832
160.1	133.2855421
160.2	136.93484043
160.3	139.35718085
160.4	141.52260638
160.5	143.11835106
160.6	141.72207447
160.7	141.72207447
160.8	147.10771277
160.9	147.30718085
161	146.90824468
161.1	145.11303191
161.2	142.49818665
161.3	139.47715184
161.4	136.45611702
161.5	133.43508221
161.6	130.95079787
161.7	132.94547872
161.8	133.14494681
161.9	130.95079787
162	133.46409574
162.1	134.74069149
162.2	129.15558511
162.3	128.95611702
162.4	132.14760638
162.5	132.54654255
162.6	135.39494681
162.7	138.53058511
162.8	138.73005319
162.9	136.55984043
163	133.47406915
163.1	130.38829787
163.2	126.64428191
163.3	123.17154255
163.4	122.97207447
163.5	125.13202888
163.6	128.59080547
163.7	132.04958207
163.8	134.34175532
163.9	128.71143617
164	122.93550532
164.1	118.91888298
164.2	115.7912234
164.3	118.80718085
164.4	122.97207447
164.5	122.5731383
164.6	121.57579787
164.7	117.90398936
164.8	113.79654255
164.9	110.84269432
165	107.52658169
165.1	105.21941489
165.2	105.01994681
165.3	105.61835106
165.4	107.39195479
165.5	109.54953457
165.6	111.70711436
165.7	113.86469415
165.8	116.58909574
165.9	115.87215046
166	113.58567629
166.1	111.29920213
166.2	109.40824468
166.3	108.80984043
166.4	107.69980053
166.5	105.4637633
166.6	104.22207447
166.7	106.37632979
166.8	108.21143617
166.9	106.27659574
167	103.92287234
167.1	101.56914894
167.2	100.43218085
167.3	101.74667553
167.4	105.12034574
167.5	109.2087766
167.6	109.40824468
167.7	106.58537234
167.8	101.12473404
167.9	97.44015957
168	96.24335106
168.1	98.00930851
168.2	99.80106383
168.3	100.64840426
168.4	101.49574468
168.5	102.34308511
168.6	103.02526596
168.7	99.8337766
168.8	99.23537234
168.9	101.30485372
169	104.24700798
169.1	106.61569149
169.2	107.41356383
169.3	107.8125
169.4	109.2087766
169.5	111.03989362
169.6	112.59973404
169.7	112.59973404
169.8	112.08909574
169.9	110.65635941
170	108.69790264
170.1	106.73944587
170.2	102.29920213
170.3	97.24069149
170.4	100.32978723
170.5	102.4268617
170.6	103.62367021
170.7	106.24966755
170.8	110.81898271
170.9	115.38829787
171	119.38164894
171.1	117.37765957
171.2	111.7599734
171.3	106.14228723
171.4	99.43484043
171.5	99.63430851
171.6	104.26595745
171.7	108.53856383
171.8	111.92021277
171.9	115.19281915
172	116.19015957
172.1	115.59175532
172.2	111.63886778
172.3	108.11227204
172.4	104.02260638
172.5	96.44281915
172.6	91.65558511
172.7	89.33976064
172.8	87.08477394
172.9	85.87101064
173	88.38430851
173.1	95.34264184
173.2	102.56914894
173.3	109.79565603
173.4	117.02216312
173.5	123.76994681
173.6	123.37101064
173.7	119.38164894
173.8	119.38164894
173.9	120.17952128
174	121.9268617
174.1	125.15505319
174.2	127.75930851
174.3	128.35771277
174.4	128.1143617
174.5	127.36037234
174.6	125.76462766
174.7	119.40957447
174.8	114.59441489
174.9	113.79654255
175	113.1981383
175.1	112.59973404
175.2	110.20611702
175.3	106.57081117
175.4	103.33942819
175.5	99.43484043
175.6	96.44281915
175.7	96.44281915
175.8	96.64228723
175.9	97.0412234
176	98.13829787
176.1	104.33890578
176.2	111.79331307
176.3	120.17952128
176.4	120.57845745
176.5	121.1768617
176.6	123.37101064
176.7	121.29654255
176.8	119.78058511
176.9	120.87765957
177	123.2712766
177.1	125.76462766
177.2	123.7549867
177.3	120.04488032
177.4	116.33477394
177.5	113.09840426
177.6	112.20079787
177.7	111.8018617
177.8	117.17253989
177.9	124.16888298
178	126.16356383
178.1	126.16356383
178.2	124.40824468
178.3	122.37367021
178.4	117.87067819
178.5	113.79654255
178.6	114.19547872
178.7	115.62666223
178.8	118.18484043
178.9	118.5837766
179	120.51861702
179.1	123.29521277
179.2	124.96675532
179.3	125.76462766
179.4	130.15292553
179.5	127.55984043
179.6	127.36037234
179.7	130.3856383
179.8	134.8537234
179.9	136.73537234
180	134.72644377
180.1	131.51215805
180.2	128.29787234
180.3	127.16090426
180.4	129.67420213
180.5	132.54654255
180.6	135.53856383
180.7	135.73803191
180.8	128.1981383
180.9	122.51994681
181	118.98271277
181.1	115.19281915
181.2	114.99335106
181.3	116.19015957
181.4	118.78723404
181.5	122.37367021
181.6	122.37367021
181.7	122.37367021
181.8	122.97207447
181.9	126.68218085
182	130.92230243
182.1	135.33909574
182.2	133.57108317
182.3	130.30705996
182.4	127.04303675
182.5	123.77901354
182.6	120.37898936
182.7	120.17952128
182.8	121.0212766
182.9	123.22340426
183	124.96675532
183.1	127.75930851
183.2	127.75930851
183.3	126.48603723
183.4	124.97007979
183.5	123.76994681
183.6	121.77526596
183.7	120.66821809
183.8	120.17952128
183.9	123.25132979
184	126.76196809
184.1	131.74867021
184.2	131.9481383
184.3	131.07446809
184.4	130.40425532
184.5	128.05851064
184.6	124.56781915
184.7	124.36835106
184.8	125.96409574
184.9	125.96409574
185	124.86702128
185.1	124.56781915
185.2	124.16888298
185.3	122.33776596
185.4	120.77792553
185.5	120.67819149
185.6	122.17420213
185.7	121.97473404
185.8	120.37898936
185.9	120.17952128
186	120.37898936
186.1	119.58111702
186.2	117.58643617
186.3	107.61303191
186.4	106.01728723
186.5	103.89793883
186.6	102.26728723
186.7	101.30984043
186.8	100.35239362
186.9	99.43484043
187	96.44281915
187.1	93.45079787
187.2	93.25132979
187.3	96.64228723
187.4	99.63430851
187.5	99.73404255
187.6	100.03324468
187.7	102.69414894
187.8	105.81781915
187.9	106.4162234
188	107.01462766
188.1	111.13031915
188.2	114.62006079
188.3	116.8768997
188.4	119.1337386
188.5	122.77260638
188.6	123.37101064
188.7	124.36835106
188.8	126.52260638
188.9	129.53457447
189	132.94547872
189.1	132.74601064
189.2	131.36968085
189.3	130.15292553
189.4	129.95345745
189.5	129.95345745
189.6	130.35239362
189.7	131.74867021
189.8	135.60837766
189.9	139.03922872
190	140.52526596
190.1	139.36901596
190.2	136.36768617
190.3	133.14494681
190.4	132.94547872
190.5	136.73537234
190.6	137.13430851
190.7	134.94015957
190.8	136.41522606
190.9	140.92420213
191	139.75731383
191.1	138.33111702
191.2	142.91888298
191.3	141.70212766
191.4	139.72739362
191.5	140.92420213
191.6	140.05053191
191.7	136.10283688
191.8	132.15514184
191.9	128.20744681
192	125.96409574
192.1	125.36569149
192.2	124.16648936
192.3	122.51170213
192.4	121.89295213
192.5	125.56515957
192.6	131.08111702
192.7	135.73803191
192.8	135.89162234
192.9	133.52792553
193	130.35239362
193.1	129.75398936
193.2	127.9587766
193.3	127.9587766
193.4	130.1668883
193.5	131.54920213
193.6	131.34973404
193.7	126.36303191
193.8	125.56515957
193.9	125.1662234
194	127.16090426
194.1	125.70478723
194.2	119.98005319
194.3	119.78058511
194.4	124.91489362
194.5	129.29521277
194.6	132.28723404
194.7	134.72074468
194.8	140.12632979
194.9	140.32579787
195	135.75473266
195.1	128.64360134
195.2	121.53247002
195.3	115.34773936
195.4	109.62034574
195.5	104.62101064
195.6	103.42420213
195.7	102.82579787
195.8	102.4268617
195.9	107.53723404
196	113.65691489
196.1	118.46609043
196.2	122.46742021
196.3	126.16356383
196.4	132.34707447
196.5	132.74601064
196.6	132.34707447
196.7	127.49401596
196.8	121.29587766
196.9	115.99069149
197	114.1037234
197.1	112.31489362
197.2	111.20345745
197.3	113.85106383
197.4	116.98803191
197.5	116.28989362
197.6	115.59175532
197.7	117.53856383
197.8	121.30452128
197.9	126.41422872
198	133.55385638
198.1	141.72207447
198.2	146.01994681
198.3	148.30452128
198.4	142.12101064
198.5	135.27925532
198.6	125.94015957
198.7	115.5837766
198.8	107.81648936
198.9	103.22473404
199	103.22473404
199.1	106.61569149
199.2	113.40957447
199.3	119.52925532
199.4	125.64893617
199.5	131.76861702
199.6	140.32579787
199.7	140.32579787
199.8	139.32845745
199.9	141.62694354
200	145.97227905
200.1	150.49867021
200.2	151.09707447
200.3	149.82712766
200.4	146.11037234
200.5	147.12765957
200.6	148.75531915
200.7	149.50132979
200.8	144.69414894
200.9	136.53989362
201	126.1037234
201.1	113.97107713
201.2	99.01097074
201.3	90.2393617
201.4	86.46941489
201.5	89.66090426
201.6	90.05984043
201.7	90.4587766
201.8	91.25664894
201.9	93.9375
202	97.63962766
202.1	97.63962766
202.2	95.11635638
202.3	92.65292553
202.4	92.25398936
202.5	91.85505319
202.6	89.66090426
202.7	89.66090426
202.8	92.05452128
202.9	91.85505319
203	88.26462766
203.1	84.67420213
203.2	81.88164894
203.3	82.65957447
203.4	85.87101064
203.5	86.66888298
203.6	91.4893617
203.7	95.4787234
203.8	102.82579787
203.9	103.02526596
204	98.4375
204.1	97.83909574
204.2	97.0412234
204.3	88.66356383
204.4	86.67386968
204.5	84.87367021
204.6	86.86336436
204.7	89.0625
204.8	91.05718085
204.9	91.05718085
205	87.46675532
205.1	87.06781915
205.2	88.36322188
205.3	91.25493921
205.4	94.14665653
205.5	98.77327128
205.6	104.81449468
205.7	110.80452128
205.8	111.40292553
205.9	109.61056231
206	103.8943769
206.1	98.17819149
206.2	93.3849734
206.3	91.65558511
206.4	93.15735816
206.5	95.4587766
206.6	97.76019504
206.7	100.43218085
206.8	100.23271277
206.9	99.03590426
207	95.05053191
207.1	91.65558511
207.2	91.65558511
207.3	92.8018617
207.4	93.60239362
207.5	93.84973404
207.6	94.84707447
207.7	95.14228723
207.8	96.19148936
207.9	97.44015957
208	95.25265957
208.1	88.30851064
208.2	72.90558511
208.3	64.36037234
208.4	54.95345745
208.5	50.48537234
208.6	48.17154255
208.7	47.5731383
208.8	49.74734043
208.9	54.09773936
209	59.51130319
209.1	64.92486702
209.2	74.10239362
209.3	74.3018617
209.4	71.98518237
209.5	68.95896657
209.6	65.93275076
209.7	64.52792553
209.8	65.53922872
209.9	67.32047872
210	65.625
210.1	65.52526596
210.2	66.63730053
210.3	68.71675532
210.4	68.51728723
210.5	67.37034574
210.6	66.19348404
210.7	65.52526596
210.8	65.52526596
210.9	68.62260638
211	72.01196809
211.1	73.70345745
211.2	77.61170213
211.3	79.88696809
211.4	76.49601064
211.5	76.29654255
211.6	78.09175532
211.7	76.09707447
211.8	71.80908055
211.9	66.6981383
212	60.9375
212.1	58.74601064
212.2	56.23537234
212.3	53.35771277
212.4	52.9587766
212.5	53.95611702
212.6	54.55452128
212.7	53.90558511
212.8	52.75930851
212.9	52.75930851
213	53.75664894
213.1	55.15292553
213.2	53.66090426
213.3	50.76462766
213.4	50.36569149
213.5	52.36037234
213.6	56.4331117
213.7	60.34029255
213.8	64.2474734
213.9	68.9162234
214	71.19015957
214.1	72.50664894
214.2	67.87784954
214.3	63.70839666
214.4	59.94015957
214.5	61.73537234
214.6	61.93484043
214.7	61.53590426
214.8	57.33738602
214.9	53.77317629
215	50.96409574
215.1	50.56515957
215.2	50.56515957
215.3	53.95611702
215.4	54.15558511
215.5	53.15824468
215.6	53.67526596
215.7	55.91569149
215.8	57.94547872
215.9	57.9587766
216	57.14760638
216.1	57.14760638
216.2	60.75
216.3	63.13164894
216.4	61.57180851
216.5	57.74601064
216.6	50.66449468
216.7	42.12287234
216.8	33.58125
216.9	25.03962766
217	18.77992021
217.1	17.05452128
217.2	17.05452128
217.3	17.25398936
217.4	21.81702128
217.5	25.83111702
217.6	27.22739362
217.7	28.62367021
217.8	29.22207447
217.9	29.82047872
218	33.02336626
218.1	37.1574848
218.2	41.29160334
218.3	45.17952128
218.4	46.30950798
218.5	47.37367021
218.6	47.97207447
218.7	47.18018617
218.8	45.89660904
218.9	39.19547872
219	35.94913564
219.1	33.01196809
219.2	32.21409574
219.3	32.21409574
219.4	32.70478723
219.5	38.99601064
219.6	38.99601064
219.7	37.61569149
219.8	36.20345745
219.9	36.40292553
220	39.66102493
220.1	42.71060596
220.2	45.57845745
220.3	44.64760638
220.4	41.58909574
220.5	37.81914894
220.6	31.78723404
220.7	28.42420213
220.8	28.02526596
220.9	28.42420213
221	31.21675532
221.1	32.24152261
221.2	33.37849069
221.3	34.51545878
221.4	35.60505319
221.5	36.20345745
221.6	35.1662234
221.7	33.21143617
221.8	32.8125
221.9	35.8494016
222	38.59707447
222.1	41.98803191
222.2	41.98803191
222.3	40.60172872
222.4	38.92619681
222.5	37.40026596
222.6	36.8018617
222.7	38.39760638
222.8	38.39760638
222.9	35.54920213
223	32.29388298
223.1	29.03856383
223.2	25.78324468
223.3	24.63430851
223.4	26.22606383
223.5	28.04521277
223.6	29.8643617
223.7	31.68351064
223.8	33.36702128
223.9	34.99468085
224	35.40558511
224.1	34.00598404
224.2	32.4900266
224.3	31.21675532
224.4	31.4162234
224.5	33.01196809
224.6	32.29958207
224.7	30.93180091
224.8	29.56401976
224.9	28.62367021
225	28.12919051
225.1	27.62632979
225.2	27.4268617
225.3	28.1662234
225.4	30.41888298
225.5	30.41888298
225.6	28.42420213
225.7	28.22473404
225.8	28.62367021
225.9	29.4825228
226	30.22226444
226.1	30.81781915
226.2	33.51781915
226.3	35.60505319
226.4	36.82101064
226.5	37.99867021
226.6	38.39760638
226.7	37.78590426
226.8	36.21675532
226.9	34.64760638
227	33.80984043
227.1	34.85505319
227.2	35.60505319
227.3	35
227.4	33.16932624
227.5	31.33865248
227.6	29.50797872
227.7	28.62367021
227.8	28.22473404
227.9	28.22473404
228	28.8231383
228.1	30.96796422
228.2	33.45007253
228.3	35.93218085
228.4	38.41428917
228.5	40.7912234
228.6	40.99069149
228.7	39.75319149
228.8	38.79654255
228.9	39.11968085
229	40.59175532
229.1	40.99069149
229.2	41.19015957
229.3	41.38962766
229.4	42.60319149
229.5	43.98271277
229.6	43.34840426
229.7	42.1875
229.8	41.78856383
229.9	41.38962766
230	39.76894947
230.1	38.59707447
230.2	38.59707447
230.3	40.59175532
230.4	41.19015957
230.5	42.1875
230.6	42.1875
230.7	41.78856383
230.8	40.12699468
230.9	38.4793883
231	37.40026596
231.1	37.20079787
231.2	37.63829787
231.3	38.00443262
231.4	38.37056738
231.5	38.68683511
231.6	38.92220745
231.7	39.19547872
231.8	39.52460106
231.9	39.9168883
232	40.40226064
232.1	41.10837766
232.2	41.81449468
232.3	42.58643617
232.4	42.98537234
232.5	42.48670213
232.6	40.99567819
232.7	39.39494681
232.8	36.37150931
232.9	33.60588431
233	30.84025931
233.1	28.8231383
233.2	28.22473404
233.3	28.02526596
233.4	28.22473404
233.5	28.62367021
233.6	29.22207447
233.7	31.74468085
233.8	34.2087766
233.9	35.47539894
234	36.65226064
234.1	37.82912234
234.2	39.81382979
234.3	42.16755319
234.4	44.5212766
234.5	45.57845745
234.6	45.37898936
234.7	44.58111702
234.8	43.03922872
234.9	41.39162234
235	40.19281915
235.1	39.79388298
235.2	40.7912234
235.3	42.01994681
235.4	43.61768617
235.5	46.97473404
235.6	46.0268617
235.7	42.6375
235.8	39.79388298
235.9	38.99601064
236	39.99335106
236.1	42.1875
236.2	45
236.3	47.3537234
236.4	49.16888298
236.5	48.65596505
236.6	47.31098024
236.7	45.96599544
236.8	44.98005319
236.9	44.58111702
237	44.58111702
237.1	44.58111702
237.2	44.58111702
237.3	44.58111702
237.4	44.58111702
237.5	44.18218085
237.6	40.99069149
237.7	40.7912234
237.8	42.74680851
237.9	44.58111702
238	45.17952128
238.1	45.37898936
238.2	45.77792553
238.3	46.1768617
238.4	47.0212766
238.5	47.80585106
238.6	48.59042553
238.7	50.1662234
238.8	52.15406535
238.9	54.30604103
239	56.54920213
239.1	56.74867021
239.2	54.20644947
239.3	50.76462766
239.4	50.56515957
239.5	52.16090426
239.6	51.96143617
239.7	49.22606383
239.8	48.18936748
239.9	47.63978049
240	46.97473404
240.1	46.97473404
240.2	46.97473404
240.3	48.02792553
240.4	48.57047872
240.5	48.17154255
240.6	48.57047872
240.7	51.04787234
240.8	53.35771277
240.9	51.97898936
241	50.26994681
241.1	49.56781915
241.2	50.56515957
241.3	50.56515957
241.4	50.09840426
241.5	49.48803191
241.6	48.76994681
241.7	48.96941489
241.8	49.98071809
241.9	51.00930851
242	51.76196809
242.1	51.96143617
242.2	51.36303191
242.3	50.96409574
242.4	49.79521277
242.5	48.37101064
242.6	48.37101064
242.7	48.57047872
242.8	48.37101064
242.9	47.5731383
243	46.72041223
243.1	45.65226064
243.2	44.58410904
243.3	43.78324468
243.4	44.78058511
243.5	43.74335106
243.6	42.1875
243.7	44.58111702
243.8	43.54986702
243.9	42.38696809
244	43.44664229
244.1	44.93018617
244.2	46.41373005
244.3	47.5731383
244.4	46.84308511
244.5	45.41888298
244.6	43.98271277
244.7	43.98271277
244.8	46.82473404
244.9	49.16888298
245	50.65858134
245.1	52.16090426
245.2	51.76196809
245.3	49.24029255
245.4	46.93364362
245.5	44.62699468
245.6	41.98803191
245.7	41.98803191
245.8	44.58111702
245.9	43.56632314
246	40.32995346
246.1	37.09358378
246.2	33.61037234
246.3	33.21143617
246.4	35.2081117
246.5	38.39760638
246.6	40.32959726
246.7	42.34707447
246.8	44.38164894
246.9	46.15531915
247	48.37101064
247.1	47.24335106
247.2	45.17952128
247.3	44.58111702
247.4	44.18218085
247.5	43.18484043
247.6	38.90625
247.7	36.60239362
247.8	33.61037234
247.9	32.96143617
248	32.41356383
248.1	31.81515957
248.2	31.21675532
248.3	30.21223404
248.4	29.17659574
248.5	28.42420213
248.6	27.82579787
248.7	27.4268617
248.8	27.4268617
248.9	29.67420213
249	33.0518617
249.1	36.81781915
249.2	39.79388298
249.3	38.59707447
249.4	38.39760638
249.5	39.59441489
249.6	39.26569149
249.7	38.88909574
249.8	38.39760638
249.9	37.79920213
250	34.40824468
250.1	33.61037234
250.2	33.21143617
250.3	32.21409574
250.4	29.02260638
250.5	28.62367021
250.6	28.90577508
250.7	29.65805471
250.8	30.41033435
250.9	30.81781915
251	29.27906535
251.1	26.81705927
251.2	24.35505319
251.3	23.23803191
251.4	23.23803191
251.5	23.23803191
251.6	25.26263298
251.7	26.03058511
251.8	24.28025266
251.9	23.23803191
252	23.95611702
252.1	25.10505319
252.2	25.63164894
252.3	24.91356383
252.4	22.45155775
252.5	19.98955167
252.6	18.0518617
252.7	17.45345745
252.8	17.85239362
252.9	23.1981383
253	27.02792553
253.1	30.85771277
253.2	36.85920878
253.3	44.69830452
253.4	52.53740027
253.5	60.2393617
253.6	64.99468085
253.7	69.11170213
253.8	71.87234043
253.9	74.07446809
254	74.90026596
254.1	74.10239362
254.2	76.75088652
254.3	81.27216312
254.4	85.79343972
254.5	91.25664894
254.6	94.5412234
254.7	98.69015957
254.8	101.82845745
254.9	103.61702128
255	111.00398936
255.1	118.4162234
255.2	121.48005319
255.3	121.97473404
255.4	117.54654255
255.5	112.48575228
255.6	107.21409574
255.7	104.00265957
255.8	100.60505319
255.9	97.24069149
256	98.23803191
256.1	99.23537234
256.2	96.79787234
256.3	92.29787234
256.4	89.26196809
256.5	87.26728723
256.6	84.16555851
256.7	79.61768617
256.8	74.50132979
256.9	71.7087766
257	71.60904255
257.1	74.48803191
257.2	77.99867021
257.3	80.98803191
257.4	82.71143617
257.5	84.07579787
257.6	83.6768617
257.7	81.15359043
257.8	77.65957447
257.9	72.07446809
258	66.4893617
258.1	60.90425532
258.2	56.39960106
258.3	53.99601064
258.4	52.55984043
258.5	52.55984043
258.6	53.64694149
258.7	55.48204787
258.8	57.54654255
258.9	58.94281915
259	63.00698138
259.1	69.11569149
259.2	70.51196809
259.3	70.3125
259.4	67.91888298
259.5	67.71941489
259.6	69.48803191
259.7	72.58643617
259.8	76.4162234
259.9	80.08643617
260	82.28058511
260.1	82.08111702
260.2	80.66648936
260.3	78.83218085
260.4	76.29654255
260.5	77.09441489
260.6	77.09441489
260.7	76.09707447
260.8	68.33856383
260.9	62.53324468
261	59.48138298
261.1	56.74601064
261.2	52.16755319
261.3	46.53590426
261.4	40.90425532
261.5	34.80718085
261.6	31.37533245
261.7	28.07047872
261.8	25.9787234
261.9	23.88696809
262	21.79521277
262.1	20.44547872
262.2	19.84707447
262.3	19.84707447
262.4	20.24601064
262.5	20.64494681
262.6	23.0712766
262.7	25.23271277
262.8	27.08776596
262.9	28.02526596
263	28.02526596
263.1	27.28058511
263.2	25.63164894
263.3	25.43218085
263.4	25.23271277
263.5	25.23271277
263.6	25.23271277
263.7	24.8337766
263.8	24.43484043
263.9	22.0412234
264	22.0412234
264.1	26.62898936
264.2	25.24168883
264.3	23.83643617
264.4	23.63696809
264.5	23.23803191
264.6	22.83909574
264.7	21.91014438
264.8	20.87575988
264.9	19.84137538
265	19.24867021
265.1	19.04920213
265.2	18.84973404
265.3	22.06781915
265.4	24.96897163
265.5	27.87012411
265.6	32.1931516
265.7	39.43284574
265.8	50.17952128
265.9	62.80851064
266	70.85106383
266.1	75.6981383
266.2	75.6981383
266.3	74.3018617
266.4	75.12287234
266.5	76.9268617
266.6	78.69015957
266.7	79.48803191
266.8	80.48537234
266.9	85.67154255
267	85.67154255
267.1	85.47207447
267.2	84.67420213
267.3	81.28590426
267.4	77.89228723
267.5	80.08643617
267.6	78.50365691
267.7	75.49867021
267.8	75.49867021
267.9	77.62101064
268	79.6875
268.1	75.46447568
268.2	71.056231
268.3	66.72207447
268.4	66.3231383
268.5	73.14494681
268.6	82.16489362
268.7	91.18484043
268.8	100.43218085
268.9	104.82047872
269	107.1193484
269.1	108.61037234
269.2	108.21143617
269.3	104.67087766
269.4	101.70378989
269.5	98.23803191
269.6	97.83909574
269.7	97.44015957
269.8	102.08577128
269.9	104.22207447
270	99.03590426
270.1	98.23803191
270.2	96.76994681
270.3	95.64494681
270.4	98.25398936
270.5	99.03590426
270.6	97.01329787
270.7	94.24867021
270.8	83.09264184
270.9	73.65292553
271	64.21320922
271.1	56.23803191
271.2	52.16090426
271.3	47.5731383
271.4	46.62367021
271.5	45.77792553
271.6	45.57845745
271.7	45.97739362
271.8	48.8537234
271.9	51.5625
272	50.36569149
272.1	47.77420213
272.2	44.78058511
272.3	44.18218085
272.4	43.98271277
272.5	44.18218085
272.6	45.97739362
272.7	50.16941489
272.8	53.35771277
272.9	56.43151596
273	58.14494681
273.1	57.74601064
273.2	57.14760638
273.3	56.9481383
273.4	56.02393617
273.5	55.21941489
273.6	54.75398936
273.7	54.75398936
273.8	54.75398936
273.9	59.26766717
274	63.06041033
274.1	66.15558511
274.2	67.51994681
274.3	67.51994681
274.4	66.72207447
274.5	63.46675532
274.6	60.18430851
274.7	56.9018617
274.8	53.15824468
274.9	51.96143617
275	51.76196809
275.1	52.69547872
275.2	55.18484043
275.3	56.9481383
275.4	56.09042553
275.5	54.75398936
275.6	55.75930851
275.7	58.44015957
275.8	60.96742021
275.9	63.12167553
276	63.73005319
276.1	61.13297872
276.2	58.35638298
276.3	57.14760638
276.4	58.14494681
276.5	56.9481383
276.6	56.74867021
276.7	58.39095745
276.8	61.13696809
276.9	62.93218085
277	67.12101064
277.1	67.51994681
277.2	64.65259309
277.3	61.66057181
277.4	58.66855053
277.5	55.67652926
277.6	52.55984043
277.7	50.87765957
277.8	50.02659574
277.9	49.76728723
278	49.56781915
278.1	46.7912234
278.2	43.53590426
278.3	40.5518617
278.4	38.99601064
278.5	39.09574468
278.6	42.98537234
278.7	41.68882979
278.8	40.7912234
278.9	42.58643617
279	41.88829787
279.1	41.19015957
279.2	44.21542553
279.3	48.67420213
279.4	50.39760638
279.5	51.76196809
279.6	51.1875
279.7	49.65558511
279.8	48.57047872
279.9	48.57047872
280	51.79136338
280.1	53.75664894
280.2	53.35771277
280.3	49.56781915
280.4	49.36835106
280.5	50.96409574
280.6	49.96994681
280.7	48.84015957
280.8	47.97207447
280.9	47.77260638
281	47.5731383
281.1	47.37367021
281.2	45.97639628
281.3	44.78058511
281.4	44.58111702
281.5	46.32646277
281.6	47.97207447
281.7	46.91090426
281.8	45.65558511
281.9	44.58111702
282	44.58111702
282.1	46.90957447
282.2	48.53856383
282.3	48.57047872
282.4	47.5177859
282.5	46.16439495
282.6	44.81100399
282.7	43.5837766
282.8	43.38430851
282.9	44.47021277
283	45.69414894
283.1	47.56316489
283.2	50.1662234
283.3	49.96675532
283.4	48.24905015
283.5	46.76956687
283.6	45.37898936
283.7	47.17420213
283.8	47.17420213
283.9	45.0462766
284	42.98537234
284.1	42.98537234
284.2	44.58111702
284.3	44.19015957
284.4	43.78324468
284.5	43.99268617
284.6	44.69880319
284.7	45.40492021
284.8	46.1768617
284.9	46.37632979
285	45.17952128
285.1	44.98005319
285.2	45.89261968
285.3	47.97207447
285.4	47.97207447
285.5	46.02227394
285.6	44.12034574
285.7	42.47273936
285.8	41.38962766
285.9	41.19015957
286	41.38962766
286.1	41.98803191
286.2	43.25930851
286.3	45.57845745
286.4	46.1768617
286.5	46.37632979
286.6	46.97473404
286.7	50.63297872
286.8	52.75930851
286.9	51.70452128
287	50.1981383
287.1	49.16888298
287.2	49.16888298
287.3	49.81981383
287.4	50.68284574
287.5	51.36303191
287.6	52.64660904
287.7	53.88829787
287.8	55.30053191
287.9	57.40026596
288	60.13962766
288.1	58.54388298
288.2	58.34441489
288.3	59.3856383
288.4	60.48404255
288.5	61.53590426
288.6	60.45421733
288.7	58.70573708
288.8	56.95725684
288.9	56.34973404
289	57.06781915
289.1	58.54388298
289.2	55.3125
289.3	52.36037234
289.4	52.36037234
289.5	53.25797872
289.6	55.5518617
289.7	55.95079787
289.8	56.10923252
289.9	56.243731
290	56.34973404
290.1	57.34707447
290.2	57.94547872
290.3	59.41755319
290.4	60.33909574
290.5	61.19680851
290.6	62.58510638
290.7	63.33111702
290.8	63.53058511
290.9	63.53058511
291	62.56648936
291.1	62.13430851
291.2	65.75166223
291.3	68.51529255
291.4	69.20944149
291.5	69.90359043
291.6	69.73537234
291.7	67.51994681
291.8	67.32047872
291.9	67.91888298
292	69.1505984
292.1	70.51196809
292.2	74.10239362
292.3	74.70079787
292.4	74.90026596
292.5	74.55119681
292.6	72.23636968
292.7	68.64993351
292.8	67.12101064
292.9	69.91356383
293	67.98670213
293.1	65.85797872
293.2	63.92952128
293.3	63.53058511
293.4	62.53324468
293.5	61.73537234
293.6	62.13430851
293.7	65.16821809
293.8	67.95991641
293.9	70.20763678
294	72.45535714
294.1	74.50132979
294.2	74.3018617
294.3	71.85467325
294.4	69.3425152
294.5	66.72207447
294.6	66.52260638
294.7	69.31515957
294.8	68.20212766
294.9	67.32047872
295	69.0082856
295.1	71.61876023
295.2	73.90292553
295.3	75.09973404
295.4	78.09175532
295.5	77.34375
295.6	76.09707447
295.7	76.09707447
295.8	77.89228723
295.9	77.89228723
296	77.09441489
296.1	76.09707447
296.2	74.26196809
296.3	73.50398936
296.4	74.90026596
296.5	74.90026596
296.6	74.04753989
296.7	73.10505319
296.8	72.90558511
296.9	73.70345745
297	76.19680851
297.1	78.59042553
297.2	80.68484043
297.3	82.06971884
297.4	82.61683131
297.5	83.27792553
297.6	85.09707447
297.7	87.39494681
297.8	88.74335106
297.9	89.66090426
298	89.66090426
298.1	87.86569149
298.2	80.98404255
298.3	74.59441489
298.4	71.11037234
298.5	72.60638298
298.6	75
298.7	77.65292553
298.8	79.08909574
298.9	78.88962766
299	76.65558511
299.1	73.40026596
299.2	70.14494681
299.3	66.88962766
299.4	64.9268617
299.5	64.72739362
299.6	66.46276596
299.7	67.91888298
299.8	66.90159574
299.9	63.86735885
300	58.9444977
300.1	54.02163655
300.2	49.0987754
300.3	45.80718085
300.4	43.3956117
300.5	41.19015957
300.6	39.79388298
300.7	40.59175532
300.8	43.24867021
300.9	46.57579787
301	46.97473404
301.1	47.37367021
301.2	49.03324468
301.3	50.36569149
301.4	50.36569149
301.5	46.47606383
301.6	42.97539894
301.7	41.38962766
301.8	42.78590426
301.9	42.58643617
302	39.45146277
302.1	36.26196809
302.2	34.2087766
302.3	34.00930851
302.4	36.40292553
302.5	35.80452128
302.6	35.20611702
302.7	36.60239362
302.8	37.00132979
302.9	37.40026596
303	38.99601064
303.1	41.34175532
303.2	44.37566489
303.3	46.72340426
303.4	48.82380319
303.5	50.56515957
303.6	50.12234043
303.7	48.76994681
303.8	46.69428191
303.9	44.68723404
304	42.68018617
304.1	40.6731383
304.2	37.20079787
304.3	36.60239362
304.4	40.29609929
304.5	43.97828014
304.6	47.66046099
304.7	51.34264184
304.8	53.75664894
304.9	54.35505319
305	55.78092004
305.1	58.71993432
305.2	60.74800532
305.3	61.33643617
305.4	60.57446809
305.5	59.5412234
305.6	59.5412234
305.7	60.33909574
305.8	61.28856383
305.9	64.0150076
306	67.3774696
306.1	70.73993161
306.2	71.11037234
306.3	69.51595745
306.4	65.58111702
306.5	60.47017477
306.6	55.35923252
306.7	53.55718085
306.8	54.75398936
306.9	56.38763298
307	58.03523936
307.1	60.84574468
307.2	65.08244681
307.3	69.31914894
307.4	73.30452128
307.5	73.70345745
307.6	74.3018617
307.7	77.84441489
307.8	80.68484043
307.9	80.68484043
308	79.88696809
308.1	79.48803191
308.2	80.28590426
308.3	85.13874113
308.4	89.95079787
308.5	94.76285461
308.6	98.63696809
308.7	104.15159574
308.8	106.61569149
308.9	112.44215426
309	116.77859043
309.1	119.36768617
309.2	127.55984043
309.3	135.65625
309.4	145.30651596
309.5	160.68151596
309.6	189.63231383
309.7	235.36535904
309.8	297.50664894
309.9	360.96675532
310	386.46941489
310.1	362.96044888
310.2	343.56144196
310.3	329.82047872
310.4	337.59973404
310.5	328.92287234
310.6	320.24601064
310.7	307.17087766
310.8	297.30718085
310.9	291.72207447
311	284.9900266
311.1	279.39494681
311.2	275.76462766
311.3	258.56050532
311.4	240.60837766
311.5	218.9162234
311.6	196.05053191
311.7	167.16755319
311.8	140.61170213
311.9	120.57845745
312	109.40824468
312.1	109.60771277
312.2	112.99867021
312.3	113.99601064
312.4	113.99601064
312.5	113.99601064
312.6	114.39494681
312.7	116.11535904
312.8	117.91057181
312.9	119.70578457
313	120.77792553
313.1	120.77792553
313.2	118.5987367
313.3	116.78856383
313.4	120.34906915
313.5	123.57047872
313.6	120.66489362
313.7	118.78324468
313.8	118.46010638
313.9	118.18484043
314	116.98803191
314.1	115.7912234
314.2	115.59175532
314.3	120.33909574
314.4	127.0412234
314.5	135.53856383
314.6	134.58111702
314.7	132.14760638
314.8	135.13962766
314.9	133.3239925
315	129.36260668
315.1	125.1662234
315.2	124.76728723
315.3	124.56781915
315.4	126.37978723
315.5	130.42819149
315.6	133.54388298
315.7	131.45915653
315.8	127.55870061
315.9	123.65824468
316	121.57579787
316.1	133.51595745
316.2	136.33643617
316.3	132.96642287
316.4	129.55452128
316.5	128.75664894
316.6	127.9587766
316.7	126.0518617
316.8	123.49667553
316.9	120.43683511
317	119.58111702
317.1	120.28590426
317.2	121.85505319
317.3	123.57047872
317.4	123.57047872
317.5	121.97473404
317.6	123.17553191
317.7	126.47074468
317.8	129.76595745
317.9	131.74867021
318	127.9587766
318.1	129.43982713
318.2	134.73570479
318.3	137.13430851
318.4	134.50531915
318.5	132.54654255
318.6	134.94015957
318.7	133.6043883
318.8	129.7599734
318.9	125.1662234
319	125.1662234
319.1	125.36569149
319.2	127.16090426
319.3	130.5518617
319.4	130.75132979
319.5	128.95611702
319.6	128.75664894
319.7	130.35239362
319.8	130.15292553
319.9	128.36170213
320	125.76462766
320.1	124.96675532
320.2	125.36569149
320.3	128.3537234
320.4	133.72140957
320.5	136.53590426
320.6	136.1481383
320.7	134.46781915
320.8	132.94547872
320.9	132.34707447
321	132.94547872
321.1	134.01781915
321.2	135.33909574
321.3	137.25398936
321.4	139.58776596
321.5	140.32579787
321.6	139.12898936
321.7	136.73537234
321.8	134.74069149
321.9	133.94281915
322	130.11968085
322.1	128.95611702
322.2	130.15292553
322.3	128.63240881
322.4	127.09878419
322.5	125.36569149
322.6	126.43484043
322.7	128.3018617
322.8	129.75398936
322.9	129.55452128
323	126.37158055
323.1	123.63772796
323.2	120.90387538
323.3	117.57207447
323.4	114.02473404
323.5	112.59973404
323.6	116.15226064
323.7	119.18617021
323.8	122.22007979
323.9	124.02526596
324	125.42553191
324.1	126.82579787
324.2	128.68256079
324.3	130.68294073
324.4	132.68332067
324.5	134.72473404
324.6	136.77845745
324.7	137.53324468
324.8	136.76633455
324.9	135.78030724
325	134.79427993
325.1	133.80825262
325.2	132.94547872
325.3	132.54654255
325.4	134.5412234
325.5	134.04255319
325.6	131.72207447
325.7	129.16888298
325.8	126.96143617
325.9	126.96143617
326	128.95611702
326.1	130.87101064
326.2	132.54654255
326.3	136.33643617
326.4	136.53590426
326.5	133.64361702
326.6	134.94015957
326.7	134.94015957
326.8	132.94547872
326.9	132.34707447
327	131.54920213
327.1	129.77393617
327.2	127.69946809
327.3	125.1662234
327.4	130.5518617
327.5	130.15292553
327.6	127.32845745
327.7	124.26462766
327.8	123.17154255
327.9	124.7606383
328	127.55984043
328.1	126.30319149
328.2	123.37101064
328.3	121.57579787
328.4	121.12034574
328.5	120.56183511
328.6	119.98005319
328.7	118.8331117
328.8	117.63630319
328.9	116.78856383
329	117.58643617
329.1	118.97606383
329.2	120.73138298
329.3	122.48670213
329.4	124.16888298
329.5	125.91422872
329.6	127.16090426
329.7	126.09042553
329.8	125.56515957
329.9	128.39261968
330	130.95079787
330.1	130.0731383
330.2	127.9587766
330.3	129.35505319
330.4	129.15558511
330.5	127.75930851
330.6	129.33510638
330.7	131.54920213
330.8	131.9481383
330.9	131.54920213
331	130.75132979
331.1	128.40558511
331.2	125.08244681
331.3	122.37367021
331.4	125.76196809
331.5	127.9587766
331.6	124.76728723
331.7	123.96941489
331.8	122.97207447
331.9	117.58643617
332	116.78856383
332.1	115.99069149
332.2	112.75797872
332.3	110.06781915
332.4	108.41090426
332.5	108.41090426
332.6	114.58244681
332.7	119.51090426
332.8	121.78962766
332.9	123.9162234
333	125.49867021
333.1	127.08111702
333.2	128.66356383
333.3	129.55452128
333.4	128.70478723
333.5	127.55984043
333.6	128.6974734
333.7	130.99202128
333.8	133.34441489
333.9	133.34441489
334	132.74601064
334.1	132.14760638
334.2	131.34973404
334.3	127.9587766
334.4	129.95345745
334.5	129.95345745
334.6	129.55452128
334.7	128.55718085
334.8	126.5625
334.9	123.88613759
335	120.88154206
335.1	117.87694653
335.2	114.872351
335.3	112.40026596
335.4	111.60239362
335.5	113.69680851
335.6	116.81349734
335.7	118.38430851
335.8	121.97473404
335.9	121.09707447
336	119.78058511
336.1	120.58843085
336.2	121.77526596
336.3	121.46808511
336.4	120.41489362
336.5	119.58111702
336.6	119.58111702
336.7	119.58111702
336.8	121.33643617
336.9	123.17154255
337	123.76994681
337.1	122.77260638
337.2	122.37367021
337.3	122.17420213
337.4	121.97473404
337.5	121.57579787
337.6	120.41389628
337.7	118.37932181
337.8	116.34474734
337.9	114.39494681
338	113.79654255
338.1	117.26158815
338.2	121.63848784
338.3	126.5625
338.4	125.46542553
338.5	123.57047872
338.6	124.28856383
338.7	125.96409574
338.8	123.87965426
338.9	117.4168883
339	112.00132979
339.1	108.24135638
339.2	105.12965426
339.3	103.62367021
339.4	103.8231383
339.5	104.12234043
339.6	105.27426862
339.7	107.54820479
339.8	109.14394947
339.9	110.40558511
340	111.12177615
340.1	111.80931956
340.2	112.40026596
340.3	115.01529255
340.4	116.81781915
340.5	118.10505319
340.6	119.18218085
340.7	118.12898936
340.8	116.98803191
340.9	118.57978723
341	119.98005319
341.1	119.58111702
341.2	118.07632979
341.3	116.33856383
341.4	113.66489362
341.5	110.28590426
341.6	106.90691489
341.7	104.22207447
341.8	105.55412234
341.9	108.59521277
342	111.63630319
342.1	114.67739362
342.2	117.78590426
342.3	118.5837766
342.4	116.52526596
342.5	114.59441489
342.6	114.39494681
342.7	118.57898936
342.8	124.08191489
342.9	126.16356383
343	126.5625
343.1	128.95611702
343.2	132.24534574
343.3	135.73803191
343.4	138.69614362
343.5	137.34375
343.6	135.35255984
343.7	133.36136968
343.8	131.74867021
343.9	127.9587766
344	130.35239362
344.1	129.35505319
344.2	128.95611702
344.3	130.55642097
344.4	133.03894377
344.5	135.52146657
344.6	136.13696809
344.7	133.67952128
344.8	131.02460106
344.9	129.35505319
345	129.15558511
345.1	131.74867021
345.2	131.54920213
345.3	129.75398936
345.4	126.53058511
345.5	122.73271277
345.6	118.93484043
345.7	115.39228723
345.8	115.38829787
345.9	117.1875
346	120.16954787
346.1	122.5731383
346.2	123.17154255
346.3	124.56781915
346.4	123.76994681
346.5	123.17154255
346.6	124.07513298
346.7	125.76462766
346.8	127.14893617
346.9	126.5625
347	125.41057181
347.1	124.36835106
347.2	123.57047872
347.3	122.97207447
347.4	119.61246201
347.5	116.5606003
347.6	113.99601064
347.7	113.03257979
347.8	112.40026596
347.9	112.78643617
348	113.64095745
348.1	114.39494681
348.2	113.15325798
348.3	111.40292553
348.4	107.91666667
348.5	104.48803191
348.6	101.05939716
348.7	98.63696809
348.8	99.57446809
348.9	101.9481383
349	103.06017287
349.1	103.17885638
349.2	103.72397416
349.3	104.53780395
349.4	105.35163374
349.5	105.83111702
349.6	105.95212766
349.7	105.81781915
349.8	104.68783245
349.9	103.61968085
350	103.02526596
350.1	102.82579787
350.2	102.82579787
350.3	104.37367021
350.4	108.6462766
350.5	112.63962766
350.6	115.1356383
350.7	116.38962766
350.8	115.99069149
350.9	115.19281915
351	113.47240691
351.1	111.69215426
351.2	109.9119016
351.3	108.80984043
351.4	108.61037234
351.5	110.69481383
351.6	112.94980053
351.7	115.20478723
351.8	116.38962766
351.9	114.61702128
352	112.16422872
352.1	110.20611702
352.2	105.64228723
352.3	103.62367021
352.4	107.54321809
352.5	111.1037234
352.6	114.66422872
352.7	118.5837766
352.8	120.14893617
352.9	120.97739362
353	120.57845745
353.1	119.78058511
353.2	117.38696809
353.3	117.1875
353.4	118.18484043
353.5	118.29654255
353.6	118.38430851
353.7	119.78058511
353.8	119.38164894
353.9	118.5837766
354	117.58643617
354.1	114.40558511
354.2	110.76595745
354.3	104.82047872
354.4	104.82047872
354.5	106.89494681
354.6	109.18484043
354.7	112.03324468
354.8	114.88164894
354.9	119.29388298
355	121.57579787
355.1	110.85239362
355.2	101.99069149
355.3	93.12898936
355.4	81.48271277
355.5	76.42192249
355.6	71.40330547
355.7	66.72207447
355.8	62.13430851
355.9	61.73537234
356	62.77260638
356.1	65.32579787
356.2	63.28191489
356.3	59.5412234
356.4	46.37632979
356.5	42.53656915
356.6	38.79654255
356.7	38.1981383
356.8	39.19547872
356.9	42.58643617
357	50.42553191
357.1	59.30984043
357.2	68.71675532
357.3	80.9581117
357.4	84.67420213
357.5	83.54388298
357.6	80.8537234
357.7	77.89228723
357.8	77.29388298
357.9	78.7087766
358	80.92420213
358.1	82.87898936
358.2	84.67420213
358.3	85.18284574
358.4	85.67154255
358.5	84.55452128
358.6	81.23138298
358.7	77.90824468
358.8	75.49867021
358.9	75.29920213
359	81.18351064
359.1	83.55718085
359.2	86.07646277
359.3	87.60239362
359.4	88.06515957
359.5	86.23005319
359.6	83.47739362
359.7	82.81117021
359.8	82.67952128
359.9	81.48271277
360	78.25162467
360.1	75.6981383
360.2	74.70079787
360.3	69.93465046
360.4	63.41147416
360.5	54.95345745
360.6	56.86236702
360.7	63.68816489
360.8	70.51396277
360.9	77.98005319
361	80.80452128
361.1	83.62898936
361.2	83.87632979
361.3	81.96303191
361.4	79.48803191
361.5	76.89827128
361.6	73.68151596
361.7	70.71143617
361.8	72.32857834
361.9	76.2229207
362	80.11726306
362.1	84.01160542
362.2	87.90594778
362.3	89.92819149
362.4	90.85771277
362.5	90.55851064
362.6	88.47845745
362.7	86.21888298
362.8	85.27260638
362.9	87.46675532
363	86.9481383
363.1	86.00664894
363.2	85.47207447
363.3	85.27260638
363.4	86.95345745
363.5	90.25930851
363.6	91.05718085
363.7	95.84840426
363.8	101.02659574
363.9	107.41356383
364	106.1056231
364.1	102.67591185
364.2	99.24620061
364.3	97.24069149
364.4	100.43218085
364.5	100.43218085
364.6	97.76130319
364.7	95.24601064
364.8	98.12367021
364.9	100.23271277
365	100.03324468
365.1	98.4375
365.2	96.24335106
365.3	92.71409574
365.4	88.20212766
365.5	83.69015957
365.6	78.2912234
365.7	74.53962766
365.8	71.45904255
365.9	68.31781915
366	68.51728723
366.1	69.31515957
366.2	70.51196809
366.3	75.10771277
366.4	80.7087766
366.5	87.26728723
366.6	87.86569149
366.7	86.66888298
366.8	77.76462766
366.9	70.34099544
367	67.00702888
367.1	63.67306231
367.2	61.73537234
367.3	63.73005319
367.4	63.0981383
367.5	60.85771277
367.6	58.94281915
367.7	58.14494681
367.8	58.14494681
367.9	60.57845745
368	61.33643617
368.1	60.38696809
368.2	59.74069149
368.3	59.74069149
368.4	60.52021277
368.5	61.36037234
368.6	62.3337766
368.7	63.33111702
368.8	64.52792553
368.9	66.24534574
369	68.46243351
369.1	69.51462766
369.2	70.6031535
369.3	73.27032675
369.4	75.9375
369.5	77.91223404
369.6	78.55402261
369.7	79.19581117
369.8	79.88696809
369.9	82.0412234
370	84.375
370.1	86.7087766
370.2	89.04255319
370.3	91.6875
370.4	95.84441489
370.5	94.80718085
370.6	93.25132979
370.7	93.25132979
370.8	93.80485372
370.9	94.24867021
371	94.64760638
371.1	95.44547872
371.2	100.83111702
371.3	101.42952128
371.4	102.4268617
371.5	108.5206117
371.6	112.00132979
371.7	110.60505319
371.8	110.40558511
371.9	115.64441489
372	123.76994681
372.1	123.08909574
372.2	120.57845745
372.3	115.43018617
372.4	110.23753324
372.5	105.04488032
372.6	100.42021277
372.7	98.23803191
372.8	97.44015957
372.9	90.62898936
373	80.28257979
373.1	70.11303191
373.2	66.63164894
373.3	65.32579787
373.4	67.7912234
373.5	71.50930851
373.6	70.47606383
373.7	67.2087766
373.8	63.94148936
373.9	60.33909574
374	58.18484043
374.1	55.7843845
374.2	53.15824468
374.3	54.75398936
374.4	53.82646277
374.5	52.55984043
374.6	51.36303191
374.7	50.57154255
374.8	49.76728723
374.9	49.56781915
375	50.82180072
375.1	51.99552747
375.2	53.16925421
375.3	55.62004352
375.4	58.70128143
375.5	61.78251934
375.6	64.86375725
375.7	67.91888298
375.8	67.51994681
375.9	60.74281915
376	55.15292553
376.1	55.96835106
376.2	57.28643617
376.3	58.10239362
376.4	58.4162234
376.5	58.74335106
376.6	60.73803191
376.7	59.98204787
376.8	58.74335106
376.9	60.79255319
377	63.33111702
377.1	62.13430851
377.2	62.3337766
377.3	67.43537234
377.4	71.50930851
377.5	78.21365248
377.6	84.54255319
377.7	90.8714539
377.8	95.44547872
377.9	93.65026596
378	86.26994681
378.1	71.41356383
378.2	58.34441489
378.3	58.34441489
378.4	58.74335106
378.5	59.14228723
378.6	59.5412234
378.7	61.47905585
378.8	64.18583777
378.9	65.72473404
379	67.61968085
379.1	69.97340426
379.2	71.11037234
379.3	72.32632979
379.4	74.77420213
379.5	76.49601064
379.6	73.90292553
379.7	73.30452128
379.8	72.70611702
379.9	72.30718085
380	71.90824468
380.1	70.91090426
380.2	69.34574468
380.3	66.38696809
380.4	62.3337766
380.5	61.53590426
380.6	57.59640957
380.7	51.16356383
380.8	47.5731383
380.9	44.98005319
381	46.48105053
381.1	51.45578457
381.2	58.36835106
381.3	66.6981383
381.4	75.02792553
381.5	82.28058511
381.6	91.8181516
381.7	100.59175532
381.8	104.82047872
381.9	100.52393617
382	89.34674202
382.1	70.0262633
382.2	54.55452128
382.3	49.76728723
382.4	49.36835106
382.5	50.71476064
382.6	50.76462766
382.7	49.19946809
382.8	48.17154255
382.9	47.77260638
383	47.17420213
383.1	46.77526596
383.2	44.58111702
383.3	44.38164894
383.4	44.18218085
383.5	43.78324468
383.6	43.18484043
383.7	41.62898936
383.8	40.59175532
383.9	40.39228723
384	40.39228723
384.1	41.19015957
384.2	43.5837766
384.3	46.81449468
384.4	50.13098404
384.5	52.16090426
384.6	49.55934176
384.7	46.84059176
384.8	44.12184176
384.9	42.38696809
385	41.78856383
385.1	41.58909574
385.2	41.38962766
385.3	42.86070479
385.4	44.58111702
385.5	44.58111702
385.6	42.32427812
385.7	39.72549392
385.8	36.8018617
385.9	36.40292553
386	37.59973404
386.1	41.81848404
386.2	45.37898936
386.3	48.17154255
386.4	47.19414894
386.5	44.53125
386.6	40.7912234
386.7	38.65026596
386.8	36.60239362
386.9	36.20345745
387	36.30319149
387.1	38.01363032
387.2	39.79388298
387.3	39.30518617
387.4	37.99867021
387.5	37.89893617
387.6	40.11018237
387.7	42.77735562
387.8	45.77792553
387.9	45.97739362
388	45.37898936
388.1	42.21077128
388.2	38.46077128
388.3	35.20611702
388.4	34.40824468
388.5	33.6531155
388.6	32.76405775
388.7	31.875
388.8	30.72556516
388.9	29.46891622
389	28.21226729
389.1	27.22739362
389.2	27.02792553
389.3	28.11170213
389.4	31.01728723
389.5	30.81781915
389.6	28.6775266
389.7	26.90625
389.8	25.1349734
389.9	23.4375
390	23.23803191
390.1	24.15026596
390.2	26.69148936
390.3	29.23271277
390.4	31.77393617
390.5	34.06515957
390.6	36.11888298
390.7	39.21409574
390.8	43.5837766
390.9	51.69015957
391	59.09990027
391.1	66.50964096
391.2	72.06781915
391.3	75.40492021
391.4	76.68849734
391.5	77.29388298
391.6	74.86735372
391.7	68.9162234
391.8	70.27659574
391.9	73.30452128
392	73.10505319
392.1	69.71143617
392.2	66.70345745
392.3	63.69547872
392.4	61.33643617
392.5	60.9375
392.6	60.53856383
392.7	61.93484043
392.8	66.69668762
392.9	72.21288685
393	77.72908607
393.1	83.2452853
393.2	87.6662234
393.3	86.26994681
393.4	86.07047872
393.5	91.1768617
393.6	92.45345745
393.7	91.10505319
393.8	89.86037234
393.9	89.86037234
394	94.04920213
394.1	95.84441489
394.2	92.85239362
394.3	92.65292553
394.4	96.82380319
394.5	99.43484043
394.6	99.23537234
394.7	95.87154255
394.8	92.45345745
394.9	92.05452128
395	93.85493861
395.1	95.54012923
395.2	97.0412234
395.3	102.70212766
395.4	107.31382979
395.5	110.60505319
395.6	113.04494681
395.7	115.19281915
395.8	114.19547872
395.9	108.41090426
396	105.01994681
396.1	103.8231383
396.2	104.22207447
396.3	105.68218085
396.4	108.80984043
396.5	107.38364362
396.6	106.21675532
396.7	106.01728723
396.8	112.20079787
396.9	111.73404255
397	110.19115691
397.1	109.40824468
397.2	110.6056231
397.3	114.47131459
397.4	118.33700608
397.5	122.07446809
397.6	125.6349734
397.7	126.36303191
397.8	124.48603723
397.9	116.8018617
398	106.51595745
398.1	97.44015957
398.2	89.90325798
398.3	86.46143617
398.4	83.6768617
398.5	81.88164894
398.6	81.68218085
398.7	85.67154255
398.8	92.03501773
398.9	99.84175532
399	107.64849291
399.1	115.19281915
399.2	122.18517287
399.3	128.07047872
399.4	132.34308511
399.5	134.14228723
399.6	132.94547872
399.7	126.6375
399.8	119.58111702
399.9	109.60238258
400	98.39984109
400.1	90.65824468
400.2	89.86037234
400.3	88.26462766
400.4	87.06781915
400.5	82.28058511
400.6	70.76842705
400.7	56.97663374
400.8	42.38696809
400.9	35.11037234
401	32.01462766
401.1	31.61569149
401.2	36.40292553
401.3	44.14388298
401.4	53.70159574
401.5	67.22074468
401.6	82.1043883
401.7	98.83643617
401.8	103.42420213
401.9	102.82579787
402	78.53058511
402.1	61.89893617
402.2	48.3025266
402.3	35.60505319
402.4	28.48603723
402.5	25.83111702
402.6	23.90026596
402.7	21.96941489
402.8	20.03856383
402.9	18.45079787
403	18.45079787
403.1	22.24069149
403.2	24.15159574
403.3	27.53058511
403.4	33.59783435
403.5	40.63164894
403.6	48.76994681
403.7	48.76994681
403.8	46.31648936
403.9	43.90292553
404	42.38696809
404.1	41.58909574
404.2	41.19015957
404.3	40.59175532
404.4	39.79388298
404.5	36.76196809
404.6	36.00398936
404.7	36.00398936
404.8	40.17765957
404.9	45.68058511
405	53.03123542
405.1	61.51515693
405.2	69.99907845
405.3	78.48299996
405.4	90.71409574
405.5	107.37367021
405.6	117.58643617
405.7	120.59175532
405.8	124.76728723
405.9	124.76728723
406	122.77260638
406.1	120.85771277
406.2	119.11569149
406.3	117.58643617
406.4	117.1875
406.5	120
406.6	124.5
406.7	126.76196809
406.8	126.16356383
406.9	124.76728723
407	123.17154255
407.1	121.97473404
407.2	121.77526596
407.3	123.49867021
407.4	125.1662234
407.5	124.16888298
407.6	120.37898936
407.7	119.58111702
407.8	117.38696809
407.9	116.98803191
408	117.68617021
408.1	119.58111702
408.2	124.16888298
408.3	125.96409574
408.4	126.36303191
408.5	128.95611702
408.6	130.75132979
408.7	129.26030585
408.8	128.15824468
408.9	129.91356383
409	131.34973404
409.1	130.08643617
409.2	129.15558511
409.3	130.65729483
409.4	132.77735562
409.5	135.33909574
409.6	135.33909574
409.7	131.36303191
409.8	129.95345745
409.9	130.15292553
410	136.53590426
410.1	135.15672492
410.2	131.42667173
410.3	127.69661854
410.4	125.1662234
410.5	124.96675532
410.6	121.9268617
410.7	118.12898936
410.8	106.01728723
410.9	101.88111702
411	96.75398936
411.1	86.93537234
411.2	75.16196809
411.3	68.50132979
411.4	64.45212766
411.5	61.37632979
411.6	60.2337766
411.7	59.47420213
411.8	57.61493161
411.9	54.90216565
412	52.1893997
412.1	50.19357903
412.2	48.6337386
412.3	47.07389818
412.4	43.50598404
412.5	38.99601064
412.6	34.48603723
412.7	31.21675532
412.8	32.46742021
412.9	35.90381206
413	39.80718085
413.1	43.71054965
413.2	48.17154255
413.3	50.61303191
413.4	53.46143617
413.5	55.83111702
413.6	57.34707447
413.7	57.34707447
413.8	56.15026596
413.9	52.4481383
414	49.76728723
414.1	49.56781915
414.2	52.92087766
414.3	56.16489362
414.4	59.40890957
414.5	62.65292553
414.6	65.92420213
414.7	66.12367021
414.8	61.80335381
414.9	56.43962683
415	51.07589984
415.1	45.71217286
415.2	40.34844588
415.3	34.98471889
415.4	30.01994681
415.5	25.74135638
415.6	22.01329787
415.7	20.64494681
415.8	23.4375
415.9	19.04920213
416	20.32136525
416.1	24.71941489
416.2	29.11746454
416.3	33.51551418
416.4	38.15824468
416.5	42.98537234
416.6	45.57845745
416.7	44.40413443
416.8	40.71796422
416.9	37.031794
417	33.34562379
417.1	29.65945358
417.2	26.23005319
417.3	26.23005319
417.4	27.02792553
417.5	27.22739362
417.6	29.61143617
417.7	32.31462766
417.8	33.80984043
417.9	32.41356383
418	32.01462766
418.1	33.43218085
418.2	36.91914894
418.3	41.84281915
418.4	47.95412234
418.5	56.5625
418.6	66.52260638
418.7	76.53271277
418.8	88.40744681
418.9	91.25664894
419	82.53989362
419.1	68.22207447
419.2	52.75930851
419.3	51.96143617
419.4	54.04654255
419.5	59.19547872
419.6	64.52792553
419.7	59.58111702
419.8	52.36037234
419.9	52.16090426
420	61.53590426
420.1	61.93484043
420.2	60.9375
420.3	54.16156915
420.4	47.96343085
420.5	43.96941489
420.6	42.1875
420.7	42.1875
420.8	45.37898936
420.9	43.36595745
421	40.6356383
421.1	39.39494681
421.2	43.5
421.3	49.08168693
421.4	55.75132979
421.5	56.73670213
421.6	57.9606383
421.7	62.18168218
421.8	67.77177527
421.9	73.36186835
422	78.2712766
422.1	80.53045213
422.2	81.51901596
422.3	82.50757979
422.4	83.49614362
422.5	84.27526596
422.6	88.67610182
422.7	92.30756079
422.8	95.04654255
422.9	94.4481383
423	93.21143617
423.1	90.07779255
423.2	83.72273936
423.3	80.88430851
423.4	83.05352394
423.5	85.87101064
423.6	88.56981383
423.7	91.24069149
423.8	93.84973404
423.9	94.04920213
424	93.67021277
424.1	93.25132979
424.2	92.85239362
424.3	92.25398936
424.4	89.80585106
424.5	87.06781915
424.6	90.65824468
424.7	90.85771277
424.8	89.66090426
424.9	88.38031915
425	80.28590426
425.1	79.6875
425.2	79.6875
425.3	80.48537234
425.4	79.41090426
425.5	78.88962766
425.6	83.32579787
425.7	87.12367021
425.8	95.24601064
425.9	95.64494681
426	92.95782675
426.1	90.17724164
426.2	87.46675532
426.3	91.05718085
426.4	89.58510638
426.5	87.46675532
426.6	90.25930851
426.7	87.91356383
426.8	86.66888298
426.9	89.27632979
427	92.88430851
427.1	94.24867021
427.2	90.4587766
427.3	80.67863475
427.4	70.28723404
427.5	59.89583333
427.6	51.16356383
427.7	46.37632979
427.8	47.8543883
427.9	51.5625
428	55.20079787
428.1	59.75824468
428.2	67.0418883
428.3	75.50797872
428.4	82.48005319
428.5	87.95345745
428.6	92.25398936
428.7	92.25398936
428.8	91.85505319
428.9	90.85771277
429	84.39494681
429.1	81.28324468
429.2	81.72007979
429.3	84.5731383
429.4	86.66888298
429.5	88.06515957
429.6	89.0625
429.7	91.88696809
429.8	94.04920213
429.9	90.4587766
430	90.25930851
430.1	92.85239362
430.2	92.65292553
430.3	90.79936835
430.4	86.50382314
430.5	82.20827793
430.6	77.29388298
430.7	73.39893617
430.8	71.30984043
430.9	74.31382979
431	83.25797872
431.1	92.20212766
431.2	101.82845745
431.3	106.1768617
431.4	107.8125
431.5	98.23803191
431.6	94.18085106
431.7	89.26196809
431.8	84.87367021
431.9	84.27526596
432	83.07845745
432.1	82.67952128
432.2	85.51196809
432.3	90.21941489
432.4	95.83643617
432.5	102.4268617
432.6	109.40824468
432.7	109.40824468
432.8	108.21143617
432.9	103.68600399
433	96.33061835
433.1	88.97523271
433.2	81.68218085
433.3	81.48271277
433.4	82.67952128
433.5	85.94082447
433.6	89.60590805
433.7	93.27099164
433.8	96.93607523
433.9	100.60115881
434	104.22207447
434.1	103.42420213
434.2	96.21223404
434.3	89.66090426
434.4	89.46143617
434.5	90.25930851
434.6	91.88457447
434.7	94.61489362
434.8	97.84308511
434.9	101.82845745
435	102.82579787
435.1	102.02792553
435.2	99.6656535
435.3	96.63943769
435.4	93.61322188
435.5	91.85505319
435.6	93.43284574
435.7	99.78789894
435.8	104.3537234
435.9	107.64893617
436	110.94414894
436.1	113.1981383
436.2	111.60239362
436.3	111.60239362
436.4	114.8956117
436.5	116.78856383
436.6	114.62473404
436.7	112.00132979
436.8	111.8018617
436.9	113.03706782
437	114.86120346
437.1	116.6853391
437.2	118.18484043
437.3	121.40106383
437.4	123.96941489
437.5	124.06914894
437.6	121.99069149
437.7	115.1200133
437.8	102.22739362
437.9	96.64228723
438	96.24335106
438.1	103.33992686
438.2	109.63613697
438.3	115.93234707
438.4	121.08873308
438.5	125.83897485
438.6	130.58921663
438.7	135.33945841
438.8	139.72739362
438.9	140.52526596
439	142.30053191
439.1	145.71143617
439.2	141.67220745
439.3	135.73803191
439.4	134.5412234
439.5	136.35388963
439.6	141.12017952
439.7	145.88646941
439.8	151.09707447
439.9	155.70324395
440	161.86835106
440.1	160.19281915
440.2	155.52526596
440.3	149.90026596
440.4	150.92952128
440.5	152.29388298
440.6	144.44082447
440.7	133.9587766
440.8	118.08909574
440.9	102.21941489
441	92.05452128
441.1	91.85505319
441.2	101.23005319
441.3	109.11941489
441.4	118.73457447
441.5	124.00930851
441.6	126.16356383
441.7	123.76994681
441.8	113.44847074
441.9	101.04175532
442	84.0518617
442.1	68.55984043
442.2	56.9481383
442.3	53.24601064
442.4	50.36569149
442.5	50.36569149
442.6	50.54388298
442.7	50.85505319
442.8	51.16356383
442.9	51.76196809
443	54.07579787
443.1	57.80984043
443.2	61.54388298
443.3	62.53324468
443.4	58.77526596
443.5	52.24069149
443.6	44.98005319
443.7	42.90558511
443.8	40.99069149
443.9	42.74601064
444	44.18218085
444.1	42.45079787
444.2	40.7912234
444.3	42.07579787
444.4	44.75964096
444.5	45.77792553
444.6	43.37792553
444.7	39.27047872
444.8	36.00398936
444.9	35.40558511
445	38.8962766
445.1	42.16356383
445.2	44.58111702
445.3	46.46808511
445.4	48.57047872
445.5	48.96941489
445.6	47.41755319
445.7	44.15026596
445.8	40.88297872
445.9	39.19547872
446	39.19547872
446.1	41.38962766
446.2	41.58909574
446.3	40.59175532
446.4	39.39494681
446.5	37.79920213
446.6	35.80452128
446.7	32.42610182
446.8	28.9587766
446.9	25.43218085
447	25.23271277
447.1	25.23271277
447.2	27.07579787
447.3	28.22473404
447.4	26.23005319
447.5	26.23005319
447.6	29.43066109
447.7	32.631269
447.8	35.80452128
447.9	37.59973404
448	40.87350399
448.1	43.73238032
448.2	46.59125665
448.3	48.57047872
448.4	45.8224734
448.5	41.07712766
448.6	35.80452128
448.7	34.80718085
448.8	35.00664894
448.9	39.04388298
449	43.78324468
449.1	43.38430851
449.2	37.83909574
449.3	34.78005319
449.4	33.4731383
449.5	32.61303191
449.6	32.41356383
449.7	32.56835106
449.8	33.12845745
449.9	33.41090426
450	33.21143617
450.1	32.68598024
450.2	31.80433131
450.3	30.92268237
450.4	30.41888298
450.5	30.61835106
450.6	31.4162234
450.7	32.01462766
450.8	33.80984043
450.9	36.74601064
451	40.3856383
451.1	43.38430851
451.2	43.38430851
451.3	42.64228723
451.4	41.41589096
451.5	40.18949468
451.6	38.9630984
451.7	37.73670213
451.8	37.00132979
451.9	36.60239362
452	36.8018617
452.1	40.38829787
452.2	42.78590426
452.3	40.99867021
452.4	40.19281915
452.5	40.19281915
452.6	41.78856383
452.7	42.38696809
452.8	42.98537234
452.9	45.59920213
453	48.17154255
453.1	48.17154255
453.2	44.82646277
453.3	40.39228723
453.4	37.37533245
453.5	35.00664894
453.6	35.00664894
453.7	36.24335106
453.8	35.67367021
453.9	34.53430851
454	34.2087766
454.1	34.9268617
454.2	36.20345745
454.3	36.60239362
454.4	37.40026596
454.5	41.69064313
454.6	45.61798839
454.7	49.54533366
454.8	53.47267892
454.9	56.73830024
455	59.25948213
455.1	61.78066403
455.2	64.30184592
455.3	66.3231383
455.4	73.10062057
455.5	78.75664894
455.6	84.4126773
455.7	89.06170213
455.8	91.5606383
455.9	93.65026596
456	94.24867021
456.1	93.65026596
456.2	90.04787234
456.3	78.69015957
456.4	53.61103723
456.5	24.22539894
456.6	2.25
456.7	NA
456.8	NA
456.9	NA
457	NA
457.1	NA
457.2	NA
457.3	NA
457.4	NA
457.5	NA
457.6	NA
457.7	NA
457.8	NA
457.9	NA
458	NA
458.1	NA
458.2	NA
458.3	NA
458.4	NA
458.5	NA
458.6	NA
458.7	NA
458.8	NA
458.9	NA
459	NA
459.1	NA
459.2	NA
459.3	NA
459.4	NA
459.5	NA
459.6	NA
459.7	NA
459.8	NA
459.9	NA
460	NA
460.1	NA
460.2	NA
460.3	NA
460.4	NA
460.5	NA
460.6	NA
460.7	NA
460.8	NA
460.9	NA
461	NA
