DEPT	GR
26.1	47.55
26.2	48
26.3	48.45
26.4	48.15
26.5	47.85
26.6	48.3
26.7	49.5
26.8	50.7
26.9	51.9
27	53.85
27.1	56.1
27.2	59.7
27.3	62.4
27.4	64.65
27.5	66
27.6	66.9
27.7	67.5
27.8	67.05
27.9	66.6
28	65.7
28.1	65.25
28.2	65.55
28.3	67.05
28.4	68.55
28.5	69.15
28.6	69.15
28.7	68.55
28.8	68.25
28.9	68.85
29	68.9363764
29.1	69.0711236
29.2	69.45
29.3	69.45
29.4	68.922
29.5	68.25
29.6	67.05
29.7	65.85
29.8	65.85
29.9	66.45
30	66.89625
30.1	67.35
30.2	67.05
30.3	66.45
30.4	65.55
30.5	64.65
30.6	62.85
30.7	63.15
30.8	64.35
30.9	65.25
31	66.41782334
31.1	67.95
31.2	69.3
31.3	70.2
31.4	70.5
31.5	69.9
31.6	69.75
31.7	69
31.8	67.5
31.9	65.4
32	64.275
32.1	64.2
32.2	64.35
32.3	64.5
32.4	65.7
32.5	68.25
32.6	70.35
32.7	71.85
32.8	72.80294118
32.9	73.65
33	74.49705882
33.1	75.45
33.2	75.75
33.3	75.75
33.4	75.45
33.5	74.85
33.6	73.2
33.7	72.3
33.8	71.85
33.9	71.1
34	69.75
34.1	68.25
34.2	66.75
34.3	66.15
34.4	66.75
34.5	67.35
34.6	68.85
34.7	70.35
34.8	73.35
34.9	75.15
35	76.11060991
35.1	77.18100381
35.2	78.15
35.3	79.05
35.4	79.05
35.5	78.6
35.6	77.25
35.7	75
35.8	71.55
35.9	68.55
36	65.03108108
36.1	61.32081081
36.2	59.85
36.3	59.55
36.4	59.55
36.5	59.85
36.6	61.65
36.7	64.05
36.8	65.85
36.9	67.35
37	67.91782334
37.1	68.25
37.2	68.55
37.3	68.7
37.4	68.25
37.5	67.65
37.6	67.65
37.7	69.15
37.8	70.8
37.9	71.55
38	71.43927445
38.1	71.55
38.2	72.75
38.3	74.55
38.4	76.05
38.5	77.55
38.6	77.85
38.7	77.85
38.8	77.55
38.9	77.55
39	77.7
39.1	78.2625
39.2	78.6
39.3	78.15
39.4	78.15
39.5	78
39.6	76.2
39.7	75.75
39.8	76.05
39.9	77.19821634
40	79.46012658
40.1	81.72203682
40.2	83.85
40.3	84.75
40.4	84.75
40.5	83.85
40.6	82.65
40.7	80.25
40.8	76.65
40.9	73.35
41	71.18150106
41.1	69.3
41.2	69.15
41.3	69.3
41.4	70.2
41.5	71.4
41.6	72.6
41.7	73.2
41.8	73.35
41.9	73.35
42	73.65
42.1	73.95
42.2	73.65
42.3	73.35
42.4	72.9
42.5	71.85
42.6	70.2
42.7	70.05
42.8	70.35
42.9	70.8
43	71.13571429
43.1	71.55
43.2	70.65
43.3	69.75
43.4	68.85
43.5	68.25
43.6	67.95
43.7	68.55
43.8	69.75
43.9	71.25
44	72.76146497
44.1	74.55
44.2	74.85
44.3	74.55
44.4	74.07
44.5	73.5
44.6	72.9
44.7	72.75
44.8	72.3
44.9	70.2
45	67.96428571
45.1	66.15
45.2	65.25
45.3	65.25
45.4	66.45
45.5	67.65
45.6	69.45
45.7	70.35
45.8	70.95
45.9	70.35
46	68.53580442
46.1	66.3
46.2	64.8
46.3	63.9
46.4	63.3
46.5	62.4
46.6	62.1
46.7	62.25
46.8	62.4
46.9	64.05
47	65.7
47.1	66.45
47.2	66.15
47.3	65.4
47.4	64.8
47.5	64.8
47.6	65.7
47.7	66.3
47.8	68.1
47.9	69
48	68.96428571
48.1	68.55
48.2	68.85
48.3	69.45
48.4	69.45
48.5	68.85
48.6	68.85
48.7	69.15
48.8	70.35
48.9	72.15
49	73.95
49.1	75.15
49.2	75.666
49.3	76.05
49.4	75.45
49.5	73.95
49.6	73.05
49.7	72.75
49.8	73.65
49.9	74.19
50	74.55
50.1	72.05
50.2	70.35
50.3	68.4
50.4	67.65
50.5	67.35
50.6	67.95
50.7	69.15
50.8	70.05
50.9	70.8
51	70.76428571
51.1	69.75
51.2	69.15
51.3	69.45
51.4	71.25
51.5	73.5
51.6	75.75
51.7	76.65
51.8	75.80557711
51.9	74.44379243
52	73.08200776
52.1	71.55
52.2	70.05
52.3	68.4
52.4	67.65
52.5	67.65
52.6	68.1
52.7	68.85
52.8	68.85
52.9	69.45
53	69.45
53.1	69.75
53.2	69.45
53.3	69.15
53.4	68.85
53.5	67.95
53.6	67.05
53.7	66.75
53.8	66.75
53.9	67.35
54	68.25
54.1	68.55
54.2	68.55
54.3	68.55
54.4	68.55
54.5	68.55
54.6	68.4
54.7	67.5
54.8	66.6
54.9	66.45
55	67.54571788
55.1	69.45
55.2	71.25
55.3	72.15
55.4	72.75
55.5	72.15
55.6	71.154
55.7	70.05
55.8	69.45
55.9	69.15
56	69.33571429
56.1	68.7
56.2	67.5
56.3	67.05
56.4	67.35
56.5	67.8
56.6	67.95
56.7	67.65
56.8	67.475
56.9	67.8
57	69.15
57.1	69
57.2	67.35
57.3	64.95
57.4	64.35
57.5	65.25
57.6	67.05
57.7	69.15
57.8	69.9
57.9	70.05
58	70.05
58.1	70.95
58.2	72.45
58.3	74.01
58.4	75.15
58.5	74.85
58.6	72.45
58.7	69.75
58.8	67.05
58.9	65.55
59	65.40375
59.1	66.15
59.2	67.65
59.3	69.52714286
59.4	71.46
59.5	73.35
59.6	75.15
59.7	75.75
59.8	75.75
59.9	75.15
60	74.59761171
60.1	74.30195686
60.2	74.006302
60.3	73.71064715
60.4	73.65
60.5	74.1
60.6	74.55
60.7	74.85
60.8	73.35
60.9	72.45
61	72.45
61.1	72.75
61.2	73.35
61.3	73.65
61.4	73.2
61.5	72.45
61.6	72.6
61.7	73.65
61.8	74.85
61.9	74.85
62	73.35
62.1	73.35
62.2	73.05
62.3	72.9
62.4	73.35
62.5	73.8
62.6	73.95
62.7	73.65
62.8	73.65
62.9	73.95
63	74.45063391
63.1	74.85
63.2	75.45
63.3	76.65
63.4	76.65
63.5	74.85
63.6	72.75
63.7	72.15
63.8	72.15
63.9	72.15
64	71.85
64.1	70.35
64.2	68.7
64.3	67.2
64.4	66
64.5	65.4
64.6	65.55
64.7	66.15
64.8	66.15
64.9	66.15
65	66.74240506
65.1	67.65
65.2	68.25
65.3	68.25
65.4	68.85
65.5	70.05
65.6	71.25
65.7	71.85
65.8	72.45
65.9	72.75
66	72.52142857
66.1	71.85
66.2	71.55
66.3	71.85
66.4	72.9
66.5	73.35
66.6	72.6
66.7	71.25
66.8	69.15
66.9	67.35
67	66.66
67.1	66.45
67.2	65.85
67.3	64.8
67.4	64.05
67.5	64.65
67.6	64.5
67.7	64.35
67.8	64.35
67.9	64.35
68	65.175
68.1	65.7
68.2	66.6
68.3	67.2
68.4	67.5
68.5	67.65
68.6	67.35
68.7	67.8
68.8	69.15
68.9	70.05
69	70.42142857
69.1	70.95
69.2	69.79
69.3	69.45
69.4	69.45
69.5	68.85
69.6	68.85
69.7	68.85
69.8	69.75
69.9	71.73
70	73.025
70.1	74.25
70.2	74.85
70.3	75.15
70.4	74.85
70.5	73.35
70.6	70.65
70.7	67.65
70.8	66.15
70.9	65.55
71	65.55
71.1	66.75
71.2	67.8
71.3	68.7
71.4	69.75
71.5	71.19
71.6	72.47
71.7	73.75
71.8	74.55
71.9	74.55
72	73.9125
72.1	73.35
72.2	73.05
72.3	72.9
72.4	74.4
72.5	75.6
72.6	77.4
72.7	78.9
72.8	81.15
72.9	81.75
73	80.4375
73.1	77.85
73.2	76.05
73.3	74.85
73.4	73.35
73.5	72.15
73.6	71.85
73.7	71.85
73.8	71.85
73.9	71.85
74	72.15
74.1	73.65
74.2	75
74.3	76.8
74.4	76.8
74.5	75.6
74.6	73.95
74.7	71.4
74.8	69.75
74.9	68.55
75	69.3
75.1	72.45
75.2	74.025
75.3	74.85
75.4	74.85
75.5	76.05
75.6	77.7
75.7	79.65
75.8	81.6
75.9	82.65
76	83.25
76.1	83.25
76.2	83.25
76.3	82.8
76.4	81.3
76.5	79.05
76.6	77.7
76.7	76.35
76.8	75.35
76.9	74.1
77	73.65
77.1	75.15
77.2	75.15
77.3	75.15
77.4	75.15
77.5	75.15
77.6	74.85
77.7	73.95
77.8	72.396
77.9	70.58482944
78	68.23222621
78.1	66
78.2	65.55
78.3	66
78.4	67.5
78.5	70.05
78.6	73.5
78.7	77.25
78.8	81.75
78.9	84.75
79	86.0943038
79.1	86.55
79.2	87.15
79.3	87.15
79.4	86.55
79.5	85.05
79.6	82.95
79.7	80.85
79.8	77.925
79.9	75.15
80	75.53216561
80.1	76.12834395
80.2	76.8
80.3	77.4
80.4	78
80.5	78.45
80.6	78.75
80.7	78.45
80.8	78.15
80.9	77.55
81	76.63421053
81.1	75.75
81.2	75.45
81.3	75.75
81.4	77.25
81.5	80.25
81.6	83.85
81.7	86.25
81.8	88.65
81.9	89.67
82	90.45
82.1	90.45
82.2	89.1
82.3	84.9
82.4	81.75
82.5	80.7
82.6	80.55
82.7	80.55
82.8	79.95
82.9	79.15
83	78.35
83.1	77.7
83.2	76.4
83.3	75.04
83.4	73.68
83.5	72.15
83.6	71.85
83.7	71.55
83.8	72.3
83.9	74.25
84	76.75
84.1	78.75
84.2	81.75
84.3	83.31
84.4	82.95
84.5	82.05
84.6	81.15
84.7	81.15
84.8	81.45
84.9	82.35
85	84.15
85.1	85.95
85.2	86.85
85.3	86.25
85.4	84.45
85.5	83.65
85.6	82.65
85.7	82.35
85.8	82.35
85.9	82.95
86	83.70189873
86.1	84.3
86.2	84.9
86.3	85.8
86.4	86.25
86.5	85.65
86.6	84.75
86.7	83.55
86.8	82.95
86.9	82.2
87	80.63571429
87.1	79.35
87.2	78.15
87.3	77.85
87.4	77.85
87.5	77.85
87.6	79.128
87.7	80.85
87.8	82.95
87.9	83.85
88	83.55
88.1	83.25
88.2	83.55
88.3	83.85
88.4	83.85
88.5	83.85
88.6	83.1
88.7	82.2
88.8	81
88.9	79.8
89	79.05
89.1	78
89.2	77.55
89.3	77.55
89.4	76.95
89.5	76.95
89.6	76.95
89.7	76.40046968
89.8	75.52122118
89.9	74.64197267
90	73.65
90.1	73.31
90.2	73.05
90.3	72.15
90.4	71.55
90.5	71.85
90.6	74.25
90.7	76.95
90.8	79.05
90.9	80.55
91	81.6
91.1	82.65
91.2	84.15
91.3	84.15
91.4	85.05
91.5	86.55
91.6	88.05
91.7	89.55
91.8	89.85
91.9	89.55
92	87.59050633
92.1	86.85
92.2	86.85
92.3	86.1
92.4	85.32
92.5	85.05
92.6	85.8
92.7	86.25
92.8	86.55
92.9	85.8
93	84.54230769
93.1	83.25
93.2	81.95769231
93.3	80.25
93.4	77.25
93.5	75
93.6	73.35
93.7	72
93.8	70.05
93.9	68.85
94	68.73
94.1	69.3
94.2	70.2
94.3	71.4
94.4	72.6
94.5	74.85
94.6	76.5
94.7	79.05
94.8	79.95
94.9	79.95
95	79.65
95.1	79.65
95.2	79.65
95.3	80.1
95.4	80.55
95.5	79.95
95.6	79.2
95.7	78.75
95.8	78.9
95.9	79.95
96	81.35322581
96.1	83.55
96.2	86.55
96.3	89.55
96.4	93.15
96.5	95.325
96.6	97.795
96.7	99.45
96.8	101.54142857
96.9	103.65
97	103.95
97.1	103.65
97.2	102.9
97.3	101.25
97.4	91.95
97.5	87
97.6	80.1
97.7	73.95
97.8	72
97.9	71.7
98	72.74240506
98.1	74.25
98.2	75.15
98.3	75.45
98.4	75.75
98.5	75.45
98.6	75.45
98.7	75.75
98.8	76.65
98.9	77.25
99	77.73927445
99.1	77.85
99.2	77.55
99.3	77.55
99.4	77.85
99.5	78.15
99.6	77.85
99.7	78.15
99.8	78.45
99.9	78.15
100	78.15
100.1	78.15
100.2	78.15
100.3	77.85
100.4	76.27
100.5	74.45
100.6	73.05
100.7	72.45
100.8	73.05
100.9	74.85
101	75.2731738
101.1	75.45
101.2	75.45
101.3	75.15
101.4	74.85
101.5	74.85
101.6	74.61428571
101.7	74.78571429
101.8	75.15
101.9	75.75
102	75.75
102.1	76.65
102.2	77.85
102.3	79.05
102.4	80.85
102.5	82.65
102.6	83.25
102.7	83.25
102.8	83.25
102.9	82.35
103	82.3
103.1	82.65
103.2	83.55
103.3	84.75
103.4	86.25
103.5	88.65
103.6	91.05
103.7	93.27666667
103.8	95.35666667
103.9	97.65
104	99.45
104.1	98.85
104.2	97.35
104.3	95.85
104.4	92.1
104.5	89.55
104.6	87.15
104.7	84.75
104.8	83.25
104.9	82.35
105	82.77857143
105.1	83.55
105.2	84.75
105.3	87.15
105.4	89.85
105.5	91.35
105.6	91.65
105.7	90.91363636
105.8	90.25909091
105.9	89.85
106	89.85
106.1	90.15
106.2	90.6
106.3	91.5
106.4	93.45
106.5	94.5
106.6	95.525
106.7	96.15
106.8	96.15
106.9	95.55
107	95.625
107.1	95.025
107.2	94.35
107.3	93.6
107.4	91.05
107.5	89.1
107.6	87.75
107.7	87.6
107.8	87.15
107.9	87.15
108	87.15
108.1	87.15
108.2	87.15
108.3	87.6
108.4	88.5
108.5	89.63571429
108.6	90.66428571
108.7	91.95
108.8	93
108.9	93.45
109	93.9
109.1	94.35
109.2	93.45
109.3	92.25
109.4	91.95
109.5	91.95
109.6	92.25
109.7	91.95
109.8	91.65
109.9	92.25
110	93.31105263
110.1	94.5
110.2	94.95
110.3	94.65
110.4	93.75
110.5	93
110.6	92.55
110.7	92.7
110.8	93
110.9	94.2
111	95.85
111.1	97.5
111.2	99.15
111.3	101.25
111.4	101.55
111.5	101.45
111.6	101.18333333
111.7	101.1
111.8	101.25
111.9	100.65
112	98.1
112.1	96.15
112.2	93.15
112.3	90.45
112.4	87.75
112.5	85.05
112.6	82.35
112.7	79.95
112.8	79.35
112.9	79.35
113	79.95379747
113.1	80.4
113.2	81.6
113.3	82.8
113.4	84.15
113.5	86.1
113.6	89.25
113.7	91.2
113.8	93.45
113.9	95.25
114	96.75
114.1	97.65
114.2	97.65
114.3	96.75
114.4	95.55
114.5	94.65
114.6	94.65
114.7	95.55
114.8	96.75
114.9	97.95
115	99.0125
115.1	100.67
115.2	102.3275
115.3	103.35
115.4	102.15
115.5	100.95
115.6	100.05
115.7	99.15
115.8	98.85
115.9	97.05
116	94.1759542
116.1	90.6
116.2	87.9
116.3	87.15
116.4	87.75
116.5	88.35
116.6	87.9
116.7	86.7
116.8	86.1
116.9	85.95
117	85.95
117.1	86.25
117.2	85.8
117.3	84.9
117.4	84
117.5	83.25
117.6	83.4
117.7	85.35
117.8	88.5
117.9	89.85
118	90.45
118.1	91.05
118.2	91.95
118.3	93.15
118.4	94.05
118.5	96.15
118.6	97.35
118.7	97.95
118.8	99.15
118.9	100.65
119	102.45
119.1	105.3
119.2	107.85
119.3	108.45
119.4	106.95
119.5	104.55
119.6	100.8
119.7	96.75
119.8	91.95
119.9	89.7
120	88.26473684
120.1	86.85
120.2	86.25
120.3	86.55
120.4	87.45
120.5	89.25
120.6	89.85
120.7	89.85
120.8	89.85
120.9	89.85
121	90.6056962
121.1	92.1
121.2	94.35
121.3	96.45
121.4	96.75
121.5	97.35
121.6	98.4
121.7	99.15
121.8	99.15
121.9	98.1
122	96.75
122.1	94.8
122.2	93
122.3	91.5
122.4	90.6
122.5	89.85
122.6	90.15
122.7	90.75
122.8	92.4
122.9	93.15
123	93.75
123.1	94.05
123.2	93.45
123.3	92.85
123.4	93.15
123.5	92.85
123.6	91.65
123.7	89.85
123.8	88.35
123.9	86.85
124	85.25322581
124.1	84
124.2	83.4
124.3	82.5
124.4	81.6
124.5	80.55
124.6	80.25
124.7	81.45
124.8	84.3
124.9	86.55
125	87.79615385
125.1	88.90384615
125.2	90.15
125.3	90.75
125.4	90.6
125.5	90.45
125.6	89.85
125.7	89.55
125.8	88.8
125.9	87.9
126	86.4
126.1	84.9
126.2	84
126.3	83.25
126.4	82.95
126.5	83.25
126.6	83.85
126.7	83.55
126.8	82.95
126.9	83.25
127	83.55
127.1	84.15
127.2	83.85
127.3	82.95
127.4	82.5
127.5	81.9
127.6	81.45
127.7	82.2
127.8	84.75
127.9	87.15
128	87.71782334
128.1	86.85
128.2	85.35
128.3	84.75
128.4	84.75
128.5	85.05
128.6	85.35
128.7	84.75
128.8	85.05
128.9	85.75126582
129	86.40949367
129.1	87.15
129.2	87.6
129.3	88.05
129.4	88.05
129.5	88.35
129.6	90.15
129.7	91.8
129.8	92.55
129.9	92.4
130	92.25
130.1	92.25
130.2	92.25
130.3	92.25
130.4	92.25
130.5	92.85
130.6	93.75
130.7	94.65
130.8	95.25
130.9	95.85
131	95.39198473
131.1	94.05
131.2	92.4
131.3	90.6
131.4	88.65
131.5	87.3
131.6	86.4
131.7	85.8
131.8	85.5
131.9	84.6
132	84.15
132.1	83.94
132.2	84.15
132.3	85.65
132.4	88.05
132.5	90
132.6	91.65
132.7	93.45
132.8	94.35
132.9	94.95
133	94.4285489
133.1	93.75
133.2	93.45
133.3	93.75
133.4	93.75
133.5	93.75
133.6	93.41571429
133.7	93.15
133.8	92.85
133.9	92.55
134	91.37857143
134.1	90.15
134.2	90.15
134.3	89.7
134.4	89.7
134.5	88.8
134.6	88.2
134.7	87.75
134.8	88.2
134.9	89.4
135	89.85
135.1	89.85
135.2	89.55
135.3	89.85
135.4	89.85
135.5	90.62142857
135.6	91.29
135.7	91.95
135.8	91.705
135.9	90.34
136	89.85
136.1	89.85
136.2	89.55
136.3	89.55
136.4	89.85
136.5	89.55
136.6	89.55
136.7	89.55
136.8	89.85
136.9	90.45
137	90.75
137.1	90.75
137.2	90.45
137.3	89.85
137.4	89.55
137.5	90
137.6	90.15
137.7	89.4
137.8	88.35
137.9	88.65
138	89.85
138.1	90.9
138.2	92.85
138.3	94.05
138.4	93.45
138.5	92.55
138.6	91.5
138.7	91.35
138.8	91.65
138.9	91.5
139	89.93571429
139.1	88.56428571
139.2	87.6
139.3	86.25
139.4	85.95
139.5	85.5
139.6	85.05
139.7	85.05
139.8	85.35
139.9	86.1
140	86.9943038
140.1	87.45
140.2	89.565
140.3	91.95
140.4	94.95
140.5	97.65
140.6	99.45
140.7	99.45
140.8	97.95
140.9	95.55
141	93.45
141.1	92.85
141.2	92.9
141.3	93.03333333
141.4	93.15
141.5	92.57142857
141.6	92.25
141.7	91.65
141.8	91.95
141.9	93.45
142	94.99864865
142.1	96.51648649
142.2	95.85
142.3	95.25
142.4	94.95
142.5	94.95
142.6	94.95
142.7	95.25
142.8	94.35
142.9	93.75
143	94.2056962
143.1	95.25
143.2	95.7
143.3	96.3
143.4	97.05
143.5	98.4
143.6	99.3
143.7	99.45
143.8	99.75
143.9	100.5
144	101.25
144.1	101.55
144.2	100.65
144.3	99.81
144.4	99.04090909
144.5	98.38636364
144.6	97.65
144.7	97.65
144.8	98.25
144.9	98.1
145	96.94269521
145.1	95.25
145.2	94.35
145.3	93.45
145.4	92.85
145.5	93.45
145.6	95.25
145.7	97.35
145.8	99.15
145.9	100.05
146	99.29285714
146.1	98.55
146.2	98.85
146.3	100.5
146.4	102.45
146.5	103.8
146.6	103.5
146.7	101.7
146.8	99.6
146.9	98.1
147	98.09290221
147.1	99.15
147.2	100.35
147.3	99.75
147.4	98.55
147.5	96.75
147.6	96.75
147.7	97.95
147.8	100.05
147.9	101.25
148	101.4
148.1	98.85
148.2	95.55
148.3	92.55
148.4	89.85
148.5	88.35
148.6	87.75
148.7	87.75
148.8	88.05
148.9	88.35
149	88.35
149.1	88.35
149.2	88.35
149.3	88.65
149.4	88.5
149.5	89.25
149.6	89.85
149.7	91.05
149.8	92.1
149.9	92.7
150	93.88507109
150.1	95.06800948
150.2	96.15
150.3	97.35
150.4	97.95
150.5	98.25
150.6	98.25
150.7	98.25
150.8	98.85
150.9	98.85
151	97.95
151.1	96.15
151.2	94.35
151.3	93.15
151.4	93.45
151.5	94.95
151.6	96.45
151.7	97.95
151.8	100.95
151.9	102.15
152	102.45
152.1	102
152.2	100.35
152.3	99
152.4	97.95
152.5	97.8
152.6	99
152.7	100.35
152.8	100.35
152.9	100.65
153	101.02142857
153.1	101.55
153.2	102.45
153.3	102.15
153.4	100.35
153.5	97.95
153.6	96.75
153.7	96.75
153.8	98.16
153.9	99.75
154	100.80709779
154.1	101.7
154.2	102.15
154.3	102.6
154.4	102.75
154.5	102.45
154.6	101.65
154.7	100.85
154.8	99.9
154.9	98.55
155	97.95
155.1	97.35
155.2	97.95
155.3	98.4
155.4	99.75
155.5	101.85
155.6	103.65
155.7	104.25
155.8	103.5
155.9	102.6
156	101.40949367
156.1	99.75
156.2	97.95
156.3	95.85
156.4	94.65
156.5	95.55
156.6	98.25
156.7	101.76
156.8	105.75
156.9	108.75
157	110.7
157.1	111.75
157.2	111.45
157.3	108.93
157.4	106.05818182
157.5	103.18636364
157.6	101.55
157.7	101.25
157.8	100.35
157.9	99.45
158	99.6056962
158.1	100.8
158.2	102.75
158.3	103.5
158.4	103.5
158.5	102.15
158.6	100.95
158.7	100.95
158.8	101.62614679
158.9	102.22798165
159	102.82981651
159.1	103.35
159.2	104.55
159.3	105.75
159.4	106.65
159.5	106.05
159.6	104.85
159.7	102.75
159.8	101.25
159.9	100.35
160	97.82259414
160.1	95.85
160.2	94.95
160.3	94.35
160.4	94.35
160.5	94.35
160.6	94.65
160.7	95.55
160.8	96.45
160.9	97.35
161	97.95
161.1	98.7
161.2	99.3
161.3	100.8
161.4	101.85
161.5	101.85
161.6	100.65
161.7	99.45
161.8	99.15
161.9	99.3
162	99
162.1	97.95
162.2	97.05
162.3	96.75
162.4	97.05
162.5	97.35
162.6	98.55
162.7	99.75
162.8	100.65
162.9	100.95
163	100.65
163.1	100.65
163.2	101.55
163.3	103.05
163.4	103.35
163.5	103.05
163.6	102.15
163.7	100.65
163.8	99.45
163.9	99.15
164	98.00038168
164.1	96.6
164.2	95.55
164.3	95.25
164.4	95.55
164.5	96.9
164.6	99.3
164.7	103.35
164.8	107.4
164.9	112.35
165	117.15
165.1	120.9
165.2	121.65
165.3	120.3
165.4	115.35
165.5	109.8
165.6	105.3
165.7	103.65
165.8	103.35
165.9	102.75
166	101.85
166.1	101.25
166.2	101.85
166.3	102.75
166.4	103.95
166.5	104.85
166.6	104.85
166.7	103.35
166.8	103.80333333
166.9	104.84333333
167	105.75
167.1	105.3
167.2	105.025
167.3	104.85
167.4	105.15
167.5	105.45
167.6	105.75
167.7	105.3
167.8	103.95
167.9	104.16389397
168	104.55
168.1	104.25
168.2	101.85
168.3	99.75
168.4	97.35
168.5	94.65
168.6	92.25
168.7	90.75
168.8	90.45
168.9	90.75
169	92.08695652
169.1	93.45
169.2	94.65
169.3	96.15
169.4	97.05
169.5	97.35
169.6	98.25
169.7	98.85
169.8	99.45
169.9	99.45
170	99.50726141
170.1	99.15
170.2	99.15
170.3	98.25
170.4	97.65
170.5	98.25
170.6	98.85
170.7	99.15
170.8	99.75
170.9	100.35
171	100.95
171.1	101.4
171.2	102
171.3	102.9
171.4	103.8
171.5	105.45
171.6	106.8
171.7	107.4
171.8	107.55
171.9	107.4
172	106.92857143
172.1	106.35
172.2	105.15
172.3	104.1
172.4	104.7
172.5	106.05
172.6	107.7
172.7	109.35
172.8	111
172.9	110.7
173	108.875
173.1	106.5
173.2	102.9
173.3	100.5
173.4	100.05
173.5	100.05
173.6	100.5
173.7	100.95
173.8	102.3
173.9	104.4
174	105.45
174.1	105.75
174.2	105.45
174.3	104.85
174.4	104.1
174.5	103.2
174.6	102.75
174.7	101.7
174.8	100.5
174.9	100.05
175	99.17307692
175.1	98.39358974
175.2	98.25
175.3	98.55
175.4	98.85
175.5	99
175.6	98.85
175.7	100.05
175.8	101.25
175.9	101.25
176	100.02692308
176.1	99.15
176.2	100.65
176.3	103.05
176.4	103.35
176.5	102.15
176.6	99.75
176.7	98.4
176.8	97.5
176.9	97.05
177	97.35
177.1	100.35
177.2	103.35
177.3	106.2
177.4	108.45
177.5	107.1
177.6	105.6
177.7	105.15
177.8	105.45
177.9	106.22142857
178	106.09897959
178.1	104.62959184
178.2	103.05
178.3	101.55
178.4	101.25
178.5	101.25
178.6	101.32125
178.7	101.4675
178.8	102.15
178.9	103.35
179	104.25
179.1	102.75
179.2	102.3
179.3	102.15
179.4	102.75
179.5	103.95
179.6	104.85
179.7	105.15
179.8	105.45
179.9	105.3
180	105.45
180.1	105.45
180.2	105.15
180.3	104.85
180.4	103.65
180.5	102.45
180.6	102.45
180.7	103.65
180.8	105.06
180.9	106.35
181	107.10949367
181.1	107.85
181.2	107.85
181.3	106.875
181.4	105.6
181.5	103.65
181.6	102
181.7	100.95
181.8	100.65
181.9	101.4
182	103.45909091
182.1	105.55363636
182.2	107.55
182.3	108.75
182.4	109.05
182.5	108.15
182.6	106.95
182.7	105.75
182.8	105.45
182.9	105.45
183	105.45
183.1	105.3
183.2	104.4
183.3	103.2
183.4	102
183.5	101.7
183.6	101.85
183.7	102.9
183.8	103.95
183.9	102.9
184	102.15
184.1	101.85
184.2	102.3
184.3	103.69285714
184.4	104.85
184.5	104.85
184.6	104.85
184.7	103.8
184.8	102.9
184.9	102
185	100.9443128
185.1	99.90924171
185.2	99.45
185.3	99.45
185.4	100.35
185.5	100.35
185.6	98.85
185.7	95.25
185.8	91.35
185.9	87.75
186	85.05
186.1	82.05
186.2	82.95
186.3	84.45
186.4	85.35
186.5	86.25
186.6	86.85
186.7	87.15
186.8	89.25
186.9	91.65
187	96.4875
187.1	100.95
187.2	104.55
187.3	106.65
187.4	108.75
187.5	111.45
187.6	113.25
187.7	114.45
187.8	115.35
187.9	115.95
188	116.40189873
188.1	116.55
188.2	115.8
188.3	113.85
188.4	110.25
188.5	106.95
188.6	105.3
188.7	105.6
188.8	107.4
188.9	109.05
189	110.55
189.1	111.75
189.2	111.15
189.3	109.65
189.4	107.85
189.5	106.65
189.6	104.85
189.7	103.35
189.8	103.35
189.9	103.95
190	105.61542056
190.1	106.51205607
190.2	106.95
190.3	107.85
190.4	109.95
190.5	111.45
190.6	112.35
190.7	113.25
190.8	110.25
190.9	106.05
191	104.24240506
191.1	103.65
191.2	107.85
191.3	112.35
191.4	115.05
191.5	116.55
191.6	115.5
191.7	112.35
191.8	108.15
191.9	105
192	103.75736842
192.1	103.05
192.2	104.25
192.3	105.15
192.4	104.85
192.5	103.05
192.6	100.41
192.7	97.35
192.8	92.85
192.9	90.15
193	90.45
193.1	94.2
193.2	97.65
193.3	100.5
193.4	100.5
193.5	99.6
193.6	98.7
193.7	96.3
193.8	93.45
193.9	91.8
194	91.65
194.1	91.65
194.2	92.4
194.3	92.55
194.4	92.85
194.5	92.85
194.6	92.25
194.7	92.25
194.8	92.25
194.9	92.25
195	92.67162162
195.1	93.34621622
195.2	95.25
195.3	96.75
195.4	97.35
195.5	96.45
195.6	95.55
195.7	94.95
195.8	94.95
195.9	95.55
196	96.15
196.1	96.75
196.2	98.55
196.3	101.4
196.4	104.7
196.5	107.1
196.6	109.2
196.7	109.95
196.8	109.95
196.9	108.3
197	107.775
197.1	108
197.2	109.05
197.3	110.1
197.4	110.55
197.5	110.55
197.6	110.4
197.7	109.05
197.8	107.25
197.9	106.35
198	107.1
198.1	108.3
198.2	109.35
198.3	110.4
198.4	110.85
198.5	112.05
198.6	114.3
198.7	115.8
198.8	115.65
198.9	114.45
199	112.65379747
199.1	112.05
199.2	112.65
199.3	112.35
199.4	111.15
199.5	109.35
199.6	107.25
199.7	105.45
199.8	104.85
199.9	104.85
200	102.75
200.1	101.55
200.2	100.65
200.3	100.35
200.4	100.35
200.5	100.05
200.6	100.05
200.7	100.95
200.8	102.3
200.9	103.5
201	104.7
201.1	105.9
201.2	107.55
201.3	107.85
201.4	107.55
201.5	107.1
201.6	106.35
201.7	105.75
201.8	104.85
201.9	102.75
202	100.66139241
202.1	100.05
202.2	100.95
202.3	102.45
202.4	103.05
202.5	103.35
202.6	103.65
202.7	104.55
202.8	105.15
202.9	106.05
203	107.29285714
203.1	108.6
203.2	110.25
203.3	112.2
203.4	113.1
203.5	113.55
203.6	113.85
203.7	113.55
203.8	112.65
203.9	112.05
204	112.05
204.1	114.75
204.2	116.25
204.3	117.45
204.4	117.15
204.5	115.05
204.6	113.85
204.7	113.55
204.8	113.25
204.9	113.55
205	115.06981132
205.1	115.65
205.2	115.848
205.3	116.85
205.4	118.695
205.5	120.15
205.6	120.75
205.7	121.434
205.8	121.95
205.9	121.95
206	121.25625
206.1	120.2325
206.2	119.55
206.3	118.65
206.4	118.485
206.5	118.05
206.6	117.75
206.7	119.01
206.8	120.45
206.9	120.15
207	118.11435331
207.1	115.95
207.2	114.9
207.3	114
207.4	113.25
207.5	113.85
207.6	114.9
207.7	116.67857143
207.8	119.42142857
207.9	120.75
208	119.5625523
208.1	117.9960251
208.2	116.55
208.3	116.25
208.4	117.15
208.5	118.35
208.6	118.35
208.7	117.45
208.8	116.85
208.9	116.85
209	116.25
209.1	117.45
209.2	119.85
209.3	121.65
209.4	121.35
209.5	120.98181818
209.6	120.65454545
209.7	120.675
209.8	121.05
209.9	119.4
210	117.15
210.1	114.45
210.2	113.4
210.3	113.7
210.4	114.6
210.5	114.75
210.6	114.45
210.7	114.75
210.8	115.05
210.9	115.5
211	116.50714286
211.1	117.45
211.2	119.25
211.3	120.45
211.4	120.75
211.5	119.25
211.6	116.55
211.7	114.45
211.8	114.15
211.9	114.45
212	113.77727273
212.1	112.65
212.2	110.85
212.3	109.95
212.4	110.55
212.5	111.75
212.6	114.75
212.7	115.95
212.8	116.165
212.9	115.65
213	114.31125
213.1	113.55
213.2	113.55
213.3	114.15
213.4	115.35
213.5	116.85
213.6	116.85
213.7	116.55
213.8	117.15
213.9	118.65
214	120.0056962
214.1	120.75
214.2	121.2
214.3	121.95
214.4	123
214.5	124.95
214.6	126.75
214.7	127.05
214.8	126.75
214.9	126.6
215	125.85759494
215.1	125.25
215.2	123.15
215.3	122.55
215.4	122.55
215.5	122.55
215.6	122.55
215.7	122.85
215.8	122.25
215.9	121.05
216	121.8
216.1	123.438
216.2	124.95
216.3	126.21
216.4	128.25
216.5	129.45
216.6	129.45
216.7	128.55
216.8	124.95
216.9	121.05
217	118.95
217.1	117
217.2	115.5
217.3	114.6
217.4	113.7
217.5	112.65
217.6	111.9
217.7	111.15
217.8	112.2
217.9	113.4
218	113.85
218.1	113.55
218.2	112.5
218.3	111.6
218.4	112.05
218.5	113.7
218.6	115.95
218.7	117.75
218.8	117.75
218.9	117.15
219	116.85
219.1	116.1
219.2	115.2
219.3	115.05
219.4	114.6
219.5	114.3
219.6	114.15
219.7	113.4
219.8	111.9
219.9	110.7
220	110.03054968
220.1	109.95
220.2	110.85
220.3	111.75
220.4	111.45
220.5	111.15
220.6	109.05
220.7	107.85
220.8	106.95
220.9	105.45
221	104.76945032
221.1	104.4
221.2	104.7
221.3	104.85
221.4	104.85
221.5	103.95
221.6	104.55
221.7	104.85
221.8	105.15
221.9	105.9
222	109.8375
222.1	112.65
222.2	114.3
222.3	116.4
222.4	120
222.5	122.55
222.6	126.9
222.7	131.25
222.8	135
222.9	138.15
223	139.35
223.1	134.25
223.2	122.85
223.3	111.75
223.4	104.25
223.5	99.75
223.6	95.25
223.7	91.35
223.8	88.35
223.9	85.65
224	83.83101266
224.1	80.85
224.2	77.4
224.3	74.4
224.4	70.95
224.5	68.55
224.6	67.05
224.7	67.05
224.8	68.55
224.9	71.7
225	76.29683544
225.1	80.55
225.2	84.75
225.3	89.25
225.4	94.05
225.5	96.75
225.6	97.95
225.7	98.25
225.8	98.85
225.9	100.05
226	102.04557522
226.1	103.3340708
226.2	104.62256637
226.3	105.9
226.4	106.8
226.5	109.05
226.6	112.05
226.7	113.7
226.8	113.7
226.9	112.65
227	112.4625
227.1	112.95
227.2	114
227.3	115.2
227.4	116.25
227.5	116.25
227.6	115.5
227.7	115.8
227.8	118.8
227.9	121.05
228	123.3
228.1	124.95
228.2	125.55
228.3	125.85
228.4	125.85
228.5	126.45
228.6	126.15
228.7	124.2
228.8	122.25
228.9	120.6
229	119.94
229.1	120.3
229.2	120.75
229.3	120.75
229.4	120.6
229.5	120.45
229.6	120.75
229.7	122.1
229.8	123.6
229.9	124.05
230	123.36
230.1	123.3
230.2	124.35
230.3	125.55
230.4	125.4
230.5	124.35
230.6	123.45
230.7	122.7
230.8	123.3
230.9	124.8
231	127.05
231.1	129
231.2	130.2
231.3	130.95
231.4	130.95
231.5	130.35
231.6	129.3
231.7	128.4
231.8	127.05
231.9	124.5
232	122.65
232.1	121.95
232.2	120.9
232.3	120.15
232.4	120.9
232.5	121.8
232.6	123.45
232.7	125.25
232.8	126.3
232.9	125.55
233	124.05
233.1	122.25
233.2	122.55
233.3	123.6
233.4	124.65
233.5	124.95
233.6	124.2
233.7	123.45
233.8	123
233.9	122.85
234	123.6
234.1	124.95
234.2	126.45
234.3	127.2
234.4	128.1
234.5	129.9
234.6	131.4
234.7	132.9
234.8	133.05
234.9	132.6
235	131.58789474
235.1	130.35
235.2	128.85
235.3	128.85
235.4	128.85
235.5	128.85
235.6	127.65
235.7	125.85
235.8	125.25
235.9	125.85
236	126.6
236.1	126.75
236.2	125.55
236.3	124.65
236.4	123.45
236.5	120.75
236.6	118.35
236.7	118.35
236.8	119.55
236.9	120.75
237	121.50189873
237.1	121.65
237.2	120.75
237.3	120.9
237.4	121.95
237.5	121.35
237.6	120.75
237.7	121.2
237.8	122.25
237.9	123.15
238	123.75
238.1	121.8
238.2	119.7
238.3	117.3
238.4	115.65
238.5	115.8
238.6	117.6
238.7	120.75
238.8	123.45
238.9	125.49
239	126.9
239.1	126.45
239.2	124.7625
239.3	122.6625
239.4	121.05
239.5	120.75
239.6	119.4
239.7	114.9
239.8	110.25
239.9	106.05
240	102.23549223
240.1	98.25
240.2	94.95
240.3	93.45
240.4	92.85
240.5	93.3
240.6	94.35
240.7	95.55
240.8	97.05
240.9	98.85
241	102.35
241.1	106.35
241.2	111.75
241.3	117.15
241.4	122.85
241.5	126.75
241.6	127.95
241.7	127.35
241.8	125.1
241.9	124.95
242	124.95
242.1	124.2
242.2	123.15
242.3	121.8
242.4	120.45
242.5	120.6
242.6	121.8
242.7	122.4
242.8	123.3
242.9	123.45
243	123.15
243.1	122.4
243.2	120
243.3	117.9
243.4	117.45
243.5	117.3
243.6	118.5
243.7	119.85
243.8	121.35
243.9	122.25
244	122.7
244.1	123.45
244.2	124.65
244.3	123.75
244.4	122.25
244.5	120.75
244.6	121.65
244.7	123.45
244.8	125.0625
244.9	126.45
245	127.08424947
245.1	128.1
245.2	128.25
245.3	126.75
245.4	124.95
245.5	123.6
245.6	122.4
245.7	121.75
245.8	120.95
245.9	120.15
246	118.5375
246.1	115.65
246.2	114.45
246.3	114.45
246.4	114.6
246.5	113.85
246.6	112.8
246.7	112.35
246.8	111.3
246.9	108.22872611
247	104.89012739
247.1	101.94818182
247.2	99.71454545
247.3	97.48090909
247.4	96.15
247.5	95.55
247.6	95.25
247.7	94.95
247.8	94.95
247.9	96.15
248	96.9
248.1	97.05
248.2	98.25
248.3	101.274
248.4	104.25
248.5	108.15
248.6	112.95
248.7	117.45
248.8	119.85
248.9	120.15
249	119.88
249.1	119.25
249.2	117.45
249.3	118.05
249.4	120.45
249.5	123.75
249.6	127.35
249.7	129.15
249.8	130.65
249.9	131.55
250	131.94936609
250.1	132.45
250.2	131.1
250.3	128.85
250.4	126.75
250.5	124.65
250.6	122.7
250.7	121.95
250.8	122.55
250.9	124.5
251	126.9
251.1	128.7
251.2	129.75
251.3	129.75
251.4	129
251.5	126.9
251.6	124.5
251.7	123.75
251.8	123.75
251.9	123.75
252	122.925
252.1	122.55
252.2	122.25
252.3	121.95
252.4	121.95
252.5	121.8
252.6	124.35
252.7	127.95
252.8	130.65
252.9	130.95
253	130.05
253.1	129.75
253.2	130.05
253.3	130.05
253.4	130.05
253.5	130.35
253.6	129.75
253.7	127.95
253.8	127.35
253.9	128.25
254	130.15763359
254.1	132.6
254.2	134.7
254.3	135.9
254.4	137.7
254.5	139.95
254.6	141.75
254.7	141.75
254.8	140.4
254.9	138.15
255	135.9
255.1	134.7
255.2	133.2
255.3	130.95
255.4	128.25
255.5	126
255.6	125.25
255.7	125.55
255.8	126.15
255.9	125.4
256	123.60849057
256.1	122.43113208
256.2	122.85
256.3	124.95
256.4	126.75
256.5	129.45
256.6	131.55
256.7	132.45
256.8	132.15
256.9	131.25
257	130.35
257.1	129.15
257.2	129
257.3	128.85
257.4	128.25
257.5	127.65
257.6	129
257.7	129.6
257.8	131.1
257.9	133.2
258	134.55
258.1	133.5
258.2	132.9
258.3	133.2
258.4	133.95
258.5	133.65
258.6	133.05
258.7	133.05
258.8	133.81875
258.9	134.56875
259	135.15
259.1	136.23
259.2	135.7
259.3	133.35
259.4	131.55
259.5	130.95
259.6	130.05
259.7	129.15
259.8	128.55
259.9	129.45
260	130.2056962
260.1	130.8
260.2	131.4
260.3	131.85
260.4	131.4
260.5	130.5
260.6	129.6
260.7	127.95
260.8	125.55
260.9	124.2
261	124.93580442
261.1	127.05
261.2	127.35
261.3	126.15
261.4	125.85
261.5	125.55
261.6	125.85
261.7	127.05
261.8	127.95
261.9	128.25
262	127.95
262.1	127.65
262.2	129.3
262.3	131.1
262.4	131.4
262.5	128.7
262.6	124.05
262.7	120.15
262.8	118.95
262.9	119.7
263	121.05
263.1	123.3
263.2	124.35
263.3	124.65
263.4	124.05
263.5	123.6
263.6	122.1
263.7	120.9
263.8	120.15
263.9	120.45
264	121.05
264.1	120.87
264.2	119.85
264.3	118.95
264.4	119.25
264.5	121.05
264.6	123.75
264.7	127.05
264.8	130.05
264.9	132.75
265	134.55
265.1	134.55
265.2	132.04
265.3	129.45
265.4	127.95
265.5	127.35
265.6	127.95
265.7	129.15
265.8	130.65
265.9	132.15
266	133.35
266.1	134.4
266.2	135.15
266.3	135.15
266.4	135.3
266.5	136.2
266.6	138
266.7	139.35
266.8	139.35
266.9	139.65
267	140.85
267.1	142.05
267.2	142.35
267.3	142.35
267.4	141.6
267.5	139.95
267.6	137.55
267.7	135.3
267.8	133.65
267.9	132.45
268	131.01952141
268.1	129.75
268.2	130.05
268.3	130.95
268.4	131.55
268.5	131.25
268.6	130.95
268.7	132.45
268.8	133.35
268.9	133.35
269	131.65
269.1	129.3
269.2	128.1
269.3	127.2
269.4	126
269.5	123.6
269.6	121.05
269.7	121.5
269.8	121.95
269.9	121.8
270	122.24240506
270.1	123.75
270.2	125.85
270.3	127.35
270.4	127.95
270.5	127.65
270.6	126.75
270.7	126.15
270.8	127.35
270.9	129.15
271	130.95
271.1	131.25
271.2	132.45
271.3	133.35
271.4	132.75
271.5	131.4
271.6	130.5
271.7	129.3
271.8	128.25
271.9	127.8
272	126.9
272.1	126.75
272.2	126.75
272.3	126
272.4	126.15
272.5	127.8
272.6	128.85
272.7	129
272.8	128.4
272.9	127.2
273	125.7
273.1	124.8
273.2	124.425
273.3	123.75
273.4	122.85
273.5	123.6
273.6	124.95
273.7	125.25
273.8	125.25
273.9	125.25
274	125.1
274.1	125.4
274.2	127.65
274.3	130.5
274.4	131.1
274.5	130.05
274.6	126.75
274.7	124.2
274.8	123.45
274.9	124.2
275	124.69460028
275.1	125.08842917
275.2	125.25
275.3	124.35
275.4	123.45
275.5	123.45
275.6	123.45
275.7	123.15
275.8	121.05
275.9	120.45
276	120.0375
276.1	119.745
276.2	119.55
276.3	120.15
276.4	121.95
276.5	124.65
276.6	126.15
276.7	125.55
276.8	124.35
276.9	123.45
277	123.63927445
277.1	123.3
277.2	122.4
277.3	121.2
277.4	120.45
277.5	120.3
277.6	119.7
277.7	118.5
277.8	119.1
277.9	121.95
278	125.7
278.1	128.7
278.2	129.9
278.3	130.8
278.4	132
278.5	133.35
278.6	135
278.7	137.25
278.8	140.25
278.9	141.45
279	139.98
279.1	136.8
279.2	133.8
279.3	128.85
279.4	124.5
279.5	120.6
279.6	117.9
279.7	117.3
279.8	119.4
279.9	121.05
280	122.40405405
280.1	124.09054054
280.2	124.95
280.3	126.15
280.4	127.05
280.5	128.25
280.6	133.05
280.7	136.95
280.8	137.55
280.9	136.05
281	134.85
281.1	133.05
281.2	130.65
281.3	129.15
281.4	128.85
281.5	129.45
281.6	130.05
281.7	131.25
281.8	132.75
281.9	132.75
282	130.95
282.1	128.25
282.2	125.25
282.3	124.05
282.4	124.05
282.5	123
282.6	120.9
282.7	119.25
282.8	118.2
282.9	117.6
283	116.79
283.1	115.8
283.2	114.15
283.3	113.25
283.4	114.15
283.5	117.3
283.6	121.65
283.7	126.15
283.8	128.4
283.9	128.85
284	128.1837469
284.1	127.35
284.2	127.35
284.3	127.65
284.4	126.75
284.5	125.25
284.6	122.55
284.7	120.15
284.8	119.85
284.9	119.85
285	122.27053942
285.1	124.95
285.2	129.45
285.3	132.75
285.4	134.85
285.5	136.95
285.6	139.65
285.7	139.05
285.8	135.75
285.9	130.65
286	127.425
286.1	124.65
286.2	124.35
286.3	124.35
286.4	124.95
286.5	126.15
286.6	127.05
286.7	126.75
286.8	126.75
286.9	124.65
287	123.75
287.1	124.8
287.2	126.3
287.3	127.5
287.4	128.1
287.5	128.7
287.6	128.85
287.7	128.85
287.8	128.85
287.9	129
288	127.73571429
288.1	126.75
288.2	126.45
288.3	126.15
288.4	125.55
288.5	125.25
288.6	124.05
288.7	124.35
288.8	126.385
288.9	127.95
289	128.55
289.1	127.35857143
289.2	125.85
289.3	124.35
289.4	124.35
289.5	125.25
289.6	125.55
289.7	125.55
289.8	124.95
289.9	124.05
290	123.60375
290.1	123.45
290.2	122.55
290.3	120.45
290.4	118.65
290.5	118.95
290.6	119.85
290.7	120.15
290.8	117.75
290.9	114.75
291	113.73571429
291.1	114
291.2	116.4
291.3	118.05
291.4	117.15
291.5	112.8
291.6	108.75
291.7	106.5
291.8	106.35
291.9	106.95
292	106.91782334
292.1	106.05
292.2	104.55
292.3	101.85
292.4	100.35
292.5	100.65
292.6	101.55
292.7	101.55
292.8	102.45
292.9	103.35
293	103.95
293.1	103.95
293.2	103.8
293.3	105.15
293.4	104.55
293.5	101.85
293.6	98.7
293.7	95.85
293.8	95.4
293.9	96.15
294	96.6
294.1	97.35
294.2	97.8
294.3	97.65
294.4	96.75
294.5	94.65
294.6	92.85
294.7	90.9
294.8	90.015
294.9	89.175
295	88.65
295.1	88.95
295.2	90.45
295.3	92.25
295.4	95.25
295.5	100.35
295.6	106.65
295.7	112.95
295.8	118.65
295.9	121.35
296	120.47857143
296.1	119.1
296.2	117.3
296.3	116.55
296.4	115.5
296.5	112.95
296.6	109.35
296.7	107.55
296.8	107.55
296.9	107.55
297	107.85
297.1	107.85
297.2	108.45
297.3	108.75
297.4	107.55
297.5	106.05
297.6	105.15
297.7	104.55
297.8	103.35
297.9	102.15
298	101.55
298.1	102.15
298.2	102.9
298.3	103.65
298.4	102.9
298.5	101.1
298.6	98.1
298.7	95.25
298.8	94.2
298.9	96
299	98.55
299.1	100.2
299.2	100.8
299.3	102.9
299.4	104.55
299.5	103.95
299.6	102.15
299.7	100.35
299.8	98.25
299.9	96.75
300	97.34240506
300.1	97.86898734
300.2	99.75
300.3	102.75
300.4	104.55
300.5	104.25
300.6	101.25
300.7	98.25
300.8	96.15
300.9	95.85
301	96.45
301.1	96.15
301.2	95.4
301.3	94.2
301.4	93.3
301.5	91.5
301.6	88.8
301.7	86.55
301.8	85.65
301.9	86.7
302	89.1
302.1	90.6
302.2	91.95
302.3	92.25
302.4	91.2
302.5	90.15
302.6	88.5
302.7	87.15
302.8	86.85
302.9	88.35
303	91.33101266
303.1	94.35
303.2	96.75
303.3	97.65
303.4	98.55
303.5	99.15
303.6	99.15
303.7	98.55
303.8	97.05
303.9	94.95
304	93.75
304.1	92.85
304.2	90.75
304.3	89.85
304.4	91.5
304.5	94.2
304.6	97.5
304.7	99.3
304.8	99.3
304.9	98.25
305	97.5056962
305.1	96.75
305.2	97.05
305.3	96.45
305.4	95.25
305.5	94.35
305.6	94.35
305.7	95.85
305.8	98.85
305.9	103.95
306	106.52129338
306.1	109.95
306.2	111.3
306.3	111
306.4	108.9
306.5	106.35
306.6	104.4
306.7	102.9
306.8	101.7
306.9	100.35
307	99.075
307.1	97.35
307.2	96.45
307.3	94.8
307.4	91.5
307.5	87
307.6	81
307.7	75
307.8	72.15
307.9	72.3
308	75.13481013
308.1	79.05
308.2	84.15
308.3	88.65
308.4	91.65
308.5	92.55
308.6	92.25
308.7	89.85
308.8	88.05
308.9	87.45
309	88.95
309.1	90.45
309.2	93.3
309.3	96.45
309.4	100.05
309.5	102.45
309.6	103.35
309.7	103.05
309.8	101.85
309.9	100.35
310	99.0056962
310.1	98.25
310.2	97.05
310.3	95.55
310.4	93.45
310.5	93.15
310.6	94.35
310.7	95.85
310.8	96.45
310.9	96.15
311	95.09285714
311.1	92.85
311.2	87.9
311.3	80.85
311.4	73.8
311.5	69.45
311.6	66.15
311.7	64.65
311.8	66.75
311.9	69.45
312	72.10362776
312.1	73.95
312.2	74.85
312.3	76.65
312.4	78.45
312.5	79.65
312.6	81.15
312.7	84.15
312.8	88.65
312.9	91.95
313	93.19285714
313.1	93.75
313.2	94.2
313.3	96.3
313.4	100.2
313.5	104.4
313.6	108.6
313.7	110.4
313.8	110.55
313.9	109.8
314	108.45
314.1	108.9
314.2	109.35
314.3	108.15
314.4	105.75
314.5	104.7
314.6	104.25
314.7	103.5
314.8	103.5
314.9	103.5
315	102.93320611
315.1	102.75
315.2	103.44
315.3	103.54714286
315.4	103.21285714
315.5	103.35
315.6	105.15
315.7	106.35
315.8	106.95
315.9	106.95
316	107.63571429
316.1	109.65
316.2	112.35
316.3	114.75
316.4	117.45
316.5	121.65
316.6	127.5
316.7	132.6
316.8	135.9
316.9	138.45
317	139.0125
317.1	138.3
317.2	136.85
317.3	135.25
317.4	133.5
317.5	132.9
317.6	132.45
317.7	132.6
317.8	134.4
317.9	136.95
318	138.8625
318.1	138.45
318.2	136.05
318.3	134.7
318.4	134.7
318.5	136.075
318.6	136.95
318.7	135.69
318.8	133.95
318.9	130.35
319	127.95
319.1	124.95
319.2	123.45
319.3	122.55
319.4	122.55
319.5	123.45
319.6	123.45
319.7	122.85
319.8	123.15
319.9	124.05
320	125.3792887
320.1	127.05
320.2	127.05
320.3	127.05
320.4	127.35
320.5	128.25
320.6	128.85
320.7	129.45
320.8	129.45
320.9	128.55
321	127.88207547
321.1	127.65
321.2	127.65
321.3	127.35
321.4	127.05
321.5	127.35
321.6	126.75
321.7	124.95
321.8	122.25
321.9	119.85
322	118.65
322.1	118.65
322.2	118.35
322.3	118.35
322.4	119.55
322.5	119.85
322.6	119.85
322.7	119.85
322.8	119.55
322.9	119.55
323	120.00375
323.1	120.45
323.2	120.15
323.3	119.55
323.4	116.85
323.5	115.05
323.6	115.35
323.7	116.85
323.8	118.05
323.9	119.55
324	120.4425
324.1	121.35
324.2	122.25
324.3	122.25
324.4	122.25
324.5	123.75
324.6	127.65
324.7	130.35
324.8	130.65
324.9	129.45
325	128.91751189
325.1	128.25
325.2	128.1
325.3	126.9
325.4	126.45
325.5	126.9
325.6	128.85
325.7	130.5
325.8	131.7
325.9	132.9
326	134.1
326.1	132.6
326.2	130.8
326.3	129
326.4	127.8
326.5	127.5
326.6	127.2
326.7	125.4
326.8	123.9
326.9	123.45
327	124.2
327.1	125.25
327.2	125.25
327.3	125.25
327.4	125.7
327.5	126.9
327.6	128.7
327.7	133.05
327.8	136.8
327.9	140.55
328	141.81
328.1	142.8
328.2	142.65
328.3	141.45
328.4	139.35
328.5	137.1
328.6	135.75
328.7	135.15
328.8	133.95
328.9	133.5
329	131.82142857
329.1	130.65
329.2	130.35
329.3	132.15
329.4	134.25
329.5	135.15
329.6	135.45
329.7	134.55
329.8	132.75
329.9	131.85
330	131.01428571
330.1	130.17857143
330.2	130.05
330.3	130.05
330.4	131.25
330.5	132.75
330.6	135.15
330.7	135.15
330.8	135.45
330.9	135.15
331	134.23571429
331.1	131.7
331.2	130.2
331.3	129.75
331.4	129.75
331.5	129
331.6	127.975
331.7	127.05
331.8	126.75
331.9	127.05
332	128.1
332.1	129.3
332.2	130.5
332.3	131.1
332.4	130.8
332.5	129.45
332.6	126.75
332.7	126.15
332.8	126.9
332.9	128.4
333	129.9
333.1	130.5
333.2	131.55
333.3	131.85
333.4	130.95
333.5	129.3
333.6	128.55
333.7	128.55
333.8	128.4
333.9	127.95
334	127.80283019
334.1	127.41037736
334.2	127.65
334.3	128.85
334.4	129.15
334.5	128.85
334.6	125.85
334.7	124.35
334.8	124.05
334.9	125.25
335	127.5
335.1	130.05
335.2	132.15
335.3	133.65
335.4	134.25
335.5	135.15
335.6	136.35
335.7	137.55
335.8	138.45
335.9	139.05
336	139.87857143
336.1	140.55
336.2	140.1
336.3	137.85
336.4	135.15
336.5	132.75
336.6	130.95
336.7	128.55
336.8	126
336.9	124.2
337	123.45
337.1	123
337.2	122.1
337.3	121.35
337.4	122.85
337.5	124.65
337.6	126.9
337.7	128.25
337.8	128.55
337.9	128.1
338	127.0125
338.1	125.85
338.2	125.4
338.3	126
338.4	126.9
338.5	128.1
338.6	130.2
338.7	131.7
338.8	133.35
338.9	134.55
339	134.85
339.1	133.95
339.2	133.05
339.3	132.75
339.4	132.15
339.5	129.75
339.6	126.45
339.7	126.45
339.8	127.65
339.9	129.15
340	129.6
340.1	129.75
340.2	128.85
340.3	128.25
340.4	129.75
340.5	132.15
340.6	133.65
340.7	133.95
340.8	133.35
340.9	131.85
341	130.0875
341.1	128.55
341.2	127.35
341.3	126.75
341.4	124.95
341.5	124.35
341.6	125.25
341.7	125.55
341.8	125.25
341.9	126.45
342	129.15
342.1	130.5
342.2	131.4
342.3	132.3
342.4	133.95
342.5	135
342.6	135
342.7	132.9
342.8	130.2
342.9	128.25
343	127.95
343.1	129.15
343.2	130.8
343.3	130.65
343.4	129.6
343.5	128.85
343.6	128.7
343.7	129.3
343.8	129.45
343.9	128.4
344	127.95
344.1	128.85
344.2	130.95
344.3	131.7
344.4	132.15
344.5	133.2
344.6	134.7
344.7	133.5
344.8	130.65
344.9	128.1
345	126.79285714
345.1	125.25
345.2	124.95
345.3	125.7
345.4	127.8
345.5	131.25
345.6	135.6
345.7	138.6
345.8	138.6
345.9	137.25
346	135.86428571
346.1	135.45
346.2	134.25
346.3	133.65
346.4	135.15
346.5	138.75
346.6	141.75
346.7	142.65
346.8	141.15
346.9	138.75
347	137.08670886
347.1	135.6
347.2	134.7
347.3	134.7
347.4	135.9
347.5	137.1
347.6	138.9
347.7	141.9
347.8	145.2
347.9	146.55
348	146.25
348.1	142.5
348.2	135
348.3	123.45
348.4	111
348.5	99.75
348.6	84.496875
348.7	67.021875
348.8	49.546875
348.9	32.071875
349	18.09
349.1	11.1
349.2	10.05
349.3	10.05
349.4	10.05
349.5	10.05
349.6	9.75
349.7	9.45
349.8	9.75
349.9	10.05
350	10.5
350.1	10.95
350.2	10.95
350.3	11.25
350.4	11.7
350.5	12.15
350.6	12.75
350.7	13.35
350.8	13.35
350.9	13.35
351	12.9
351.1	12.3
351.2	11.85
351.3	11.1
351.4	10.95
351.5	10.95
351.6	10.95
351.7	12.3
351.8	13.95
351.9	14.85
352	15
352.1	14.55
352.2	13.65
352.3	13.35
352.4	13.5
352.5	13.95
352.6	14.25
352.7	14.25
352.8	13.95
352.9	13.95
353	14.09810127
353.1	14.55
353.2	14.55
353.3	15.15
353.4	16.0725
353.5	16.95
353.6	16.27333333
353.7	15.36333333
353.8	14.55
353.9	13.65
354	13.92480916
354.1	14.55
354.2	14.55
354.3	14.85
354.4	16.2
354.5	17.25
354.6	17.4
354.7	16.95
354.8	16.5
354.9	16.35
355	16.35
355.1	16.35
355.2	16.35
355.3	16.65
355.4	16.95
355.5	16.95
355.6	16.95
355.7	16.95
355.8	16.95
355.9	17.25
356	17.85
356.1	18.15
356.2	17.55
356.3	17.1
356.4	16.2
356.5	15.6
356.6	15.75
356.7	16.35
356.8	17.25
356.9	18
357	18
357.1	16.95
357.2	15
357.3	14.55
357.4	13.95
357.5	13.95
357.6	13.95
357.7	13.65
357.8	13.35
357.9	13.35
358	13.35
358.1	13.95
358.2	13.95
358.3	13.65
358.4	12.75
358.5	12.75
358.6	13.95
358.7	14.55
358.8	14.55
358.9	14.85
359	15.75
359.1	16.35
359.2	17.25
359.3	18.45
359.4	19.65
359.5	20.55
359.6	21.15
359.7	21.75
359.8	22.35
359.9	22.95
360	23.39625
360.1	23.85
360.2	24.45
360.3	25.05
360.4	25.95
360.5	25.65
360.6	25.05
360.7	24.75
360.8	24.75
360.9	25.05
361	25.2
361.1	24.75
361.2	25.05
361.3	24.75
361.4	24.15
361.5	22.95
361.6	22.05
361.7	22.05
361.8	22.35
361.9	23.55
362	25.20714286
362.1	27.15
362.2	29.85
362.3	31.35
362.4	32.7
362.5	33.45
362.6	32.25
362.7	28.5
362.8	23.1
362.9	17.25
363	13.725
363.1	10.95
363.2	9.6
363.3	9.15
363.4	9.15
363.5	9.6
363.6	10.5
363.7	11.25
363.8	11.85
363.9	12
364	11.625
364.1	11.25
364.2	11.25
364.3	10.95
364.4	10.2
364.5	9
364.6	7.8
364.7	6.6
364.8	5.85
364.9	5.4
365	4.70368421
365.1	4.35
365.2	4.05
365.3	4.05
365.4	4.05
365.5	4.65
365.6	4.35
365.7	4.35
365.8	4.35
365.9	4.05
366	3.93571429
366.1	3.75
366.2	4.05
366.3	4.35
366.4	4.35
366.5	4.35
366.6	4.2
366.7	4.05
366.8	4.05
366.9	4.05
367	4.46072555
367.1	4.95
367.2	4.95
367.3	4.95
367.4	5.28818182
367.5	5.71363636
367.6	6.15
367.7	6.75
367.8	6.75
367.9	6.75
368	6.52142857
368.1	6.15
368.2	5.55
368.3	6.15
368.4	6.9
368.5	7.6875
368.6	8.5875
368.7	9.4875
368.8	10.3875
368.9	11.2875
369	12.1875
369.1	12.9
369.2	13.65
369.3	13.65
369.4	13.35
369.5	13.05
369.6	12.75
369.7	13.35
369.8	13.35
369.9	13.2
370	12.90189873
370.1	12.45
370.2	12.15
370.3	11.85
370.4	11.55
370.5	11.55
370.6	10.05
370.7	8.85
370.8	8.55
370.9	8.55
371	8.43571429
371.1	8.1
371.2	7.65
371.3	7.35
371.4	7.35
371.5	7.5
371.6	7.95
371.7	7.95
371.8	7.35
371.9	6.57857143
372	5.81782334
372.1	4.95
372.2	4.37666667
372.3	3.85666667
372.4	3.45
372.5	3.15
372.6	3.15
372.7	3.15
372.8	3.2775
372.9	3.75
373	3.6375
373.1	3.15
373.2	3.15
373.3	3.15
373.4	3.15
373.5	3.15
373.6	2.85
373.7	2.85
373.8	3.15
373.9	3.70615525
374	4.33053366
374.1	4.95491207
374.2	5.57929048
374.3	6.20366889
374.4	6.9
374.5	7.65
374.6	7.95
374.7	7.95
374.8	7.95
374.9	7.35
375	6.62462687
375.1	5.97985075
375.2	5.55
375.3	5.25
375.4	4.95
375.5	4.65
375.6	4.95
375.7	5.166
375.8	5.55
375.9	6.15
376	6.49285714
376.1	7.33125
376.2	8.08125
376.3	8.85
376.4	9.45
376.5	9.15
376.6	8.55
376.7	7.8
376.8	7.35
376.9	7.35
377	7.79810127
377.1	7.95
377.2	7.95
377.3	7.95
377.4	7.95
377.5	7.35
377.6	6.72857143
377.7	5.89285714
377.8	5.05714286
377.9	4.35
378	3.81947368
378.1	3.45
378.2	3.15
378.3	3.45
378.4	3.909375
378.5	4.434375
378.6	4.959375
378.7	5.55
378.8	6.11
378.9	6.75
379	7.39
379.1	8.1
379.2	8.7
379.3	9.3
379.4	9.75
379.5	9
379.6	8.25
379.7	7.35
379.8	6.75
379.9	6.75
380	6.75
380.1	6.75
380.2	6.32
380.3	6.75
380.4	6.75
380.5	6.75
380.6	6.75
380.7	6.75
380.8	7.35
380.9	7.35
381	7.35
381.1	7.35
381.2	7.65
381.3	7.65
381.4	7.453125
381.5	7.228125
381.6	7.003125
381.7	6.75
381.8	6.15
381.9	5.7
382	5.775
382.1	6.15
382.2	6.15
382.3	6.3
382.4	6.75
382.5	6.75
382.6	6.3
382.7	6.15
382.8	6.15
382.9	6.15
383	6.15
383.1	6.15
383.2	6.45
383.3	7.19
383.4	7.65
383.5	7.95
383.6	7.95
383.7	7.65
383.8	7.05
383.9	6.75
384	6.06844197
384.1	5.47321145
384.2	4.95
384.3	5.25
384.4	5.55
384.5	5.55
384.6	5.55
384.7	5.55
384.8	5.55
384.9	5.85
385	6
385.1	6.15
385.2	6.45
385.3	6.9
385.4	7.65
385.5	7.95
385.6	8.55
385.7	9.6
385.8	9.75
385.9	9.15
386	8.55
386.1	7.95
386.2	7.95
386.3	7.65
386.4	7.35
386.5	7.65
386.6	7.95
386.7	8.25
386.8	8.25
386.9	7.98481414
387	8.06967362
387.1	8.15453309
387.2	8.25
387.3	8.55
387.4	8.25
387.5	8.25
387.6	8.25
387.7	8.55
387.8	8.85
387.9	9.15
388	9
388.1	8.7
388.2	8.25
388.3	7.95
388.4	7.5
388.5	7.05
388.6	7.05
388.7	7.05
388.8	7.05
388.9	7.65
389	7.8
389.1	8.25
389.2	9.3
389.3	10.5
389.4	12.45
389.5	14.55
389.6	15.15
389.7	16.05
389.8	16.65
389.9	16.65
390	16.95
390.1	16.95
390.2	16.95
390.3	17.25
390.4	17.25
390.5	16.95
390.6	16.65
390.7	16.35
390.8	15.75
390.9	15.15
391	14.25
391.1	12.9
391.2	10.8
391.3	8.25
391.4	6.15
391.5	5.25
391.6	4.65
391.7	4.35
391.8	3.75
391.9	3.75
392	4.05
392.1	4.05
392.2	4.35
392.3	5.25
392.4	6.15
392.5	7.05
392.6	7.05
392.7	7.65
392.8	8.25
392.9	8.85
393	8.94160305
393.1	9.15
393.2	8.85
393.3	8.85
393.4	9.15
393.5	9.45
393.6	9.9
393.7	11.4
393.8	13.35
393.9	15.75
394	19.6125
394.1	23.85
394.2	28.5
394.3	31.8
394.4	34.8
394.5	36.9
394.6	38.25
394.7	39.9
394.8	40.35
394.9	40.65
395	41.4
395.1	43.05
395.2	45.45
395.3	47.85
395.4	50.55
395.5	53.1
395.6	53.55
395.7	53.25
395.8	52.95
395.9	52.95
396	52.2
396.1	50.25
396.2	48.6
396.3	46.65
396.4	44.25
396.5	40.05
396.6	37.05
396.7	33.6
396.8	29.25
396.9	24.15
397	19.89045802
397.1	16.65
397.2	15.45
397.3	14.85
397.4	15.45
397.5	16.95
397.6	18.75
397.7	21.45
397.8	24.15
397.9	27.45
398	29.175
398.1	30.75
398.2	30.438
398.3	29.55
398.4	29.47
398.5	30.45
398.6	31.05
398.7	31.05
398.8	30.75
398.9	30.45
399	31.48282443
399.1	33.45
399.2	36.45
399.3	40.35
399.4	44.7
399.5	48.6
399.6	50.4
399.7	50.85
399.8	51.15
399.9	52.05
400	53.6625
400.1	55.35
400.2	56.55
400.3	57.3
400.4	59.85
400.5	63.15
400.6	65.25
400.7	65.85
400.8	66.9
400.9	68.25
401	68.85
401.1	68.85
401.2	68.85
401.3	67.65
401.4	65.25
401.5	62.25
401.6	59.85
401.7	57.75
401.8	56.85
401.9	56.25
402	56.10189873
402.1	56.55
402.2	56.7
402.3	58.65
402.4	62.25
402.5	67.2
402.6	71.7
402.7	76.8
402.8	81.3
402.9	84.15
403	85.35
403.1	84.15
403.2	78.75
403.3	72.45
403.4	69.75
403.5	69.75
403.6	70.65
403.7	71.55
403.8	71.55
403.9	71.25
404	72.15
404.1	72.45
404.2	73.65
404.3	75.6
404.4	77.7
404.5	78.45
404.6	79.2
404.7	79.65
404.8	78.6
404.9	75.3
405	70.95
405.1	66.15
405.2	61.35
405.3	58.5
405.4	57.45
405.5	57.9
405.6	58.35
405.7	58.35
405.8	57.45
405.9	58.2
406	59.85
406.1	61.05
406.2	63.45
406.3	65.55
406.4	67.35
406.5	66.15
406.6	62.85
406.7	58.19
406.8	54.485
406.9	53.25
407	54.14782214
407.1	56.25
407.2	58.5
407.3	59.85
407.4	59.7
407.5	58.8
407.6	56.85
407.7	54
407.8	52.8
407.9	53.1
408	54.47857143
408.1	56.25
408.2	58.05
408.3	59.55
408.4	59.25
408.5	55.95
408.6	51.15
408.7	45.75
408.8	40.95
408.9	37.05
409	33.5759542
409.1	30.3
409.2	27.45
409.3	24.45
409.4	21.9
409.5	20.7
409.6	19.5
409.7	19.05
409.8	19.05
409.9	19.05
410	19.05
410.1	18.9
410.2	18.9
410.3	19.05
410.4	18.3
410.5	16.5
410.6	14.7
410.7	13.05
410.8	12.75
410.9	12.75
411	13.05
411.1	12.45
411.2	11.25
411.3	10.65
411.4	10.35
411.5	10.65
411.6	11.25
411.7	11.85
411.8	12.15
411.9	12.75
412	12.75
412.1	13.05
412.2	13.05
412.3	13.05
412.4	13.2
412.5	14.4
412.6	16.05
412.7	19.65
412.8	24
412.9	29.7
413	37.35
413.1	45
413.2	54.3
413.3	61.65
413.4	66.6
413.5	69.3
413.6	72.6
413.7	76.2
413.8	80.7
413.9	86.55
414	93.625
414.1	101.25
414.2	107.25
414.3	111.9
414.4	115.35
414.5	116.55
414.6	116.55
414.7	114.9
414.8	110.7
414.9	105.6
415	102.3240458
415.1	100.65
415.2	101.295
415.3	101.55
415.4	98.55
415.5	91.65
415.6	84.75
415.7	76.95
415.8	68.25
415.9	60.15
416	54.15
416.1	50.25
416.2	46.35
416.3	44.55
416.4	43.05
416.5	40.95
416.6	40.05
416.7	41.25
416.8	44.55
416.9	45.45
417	44.88217666
417.1	43.8
417.2	43.65
417.3	43.65
417.4	43.95
417.5	44.7
417.6	45.45
417.7	46.8
417.8	47.7
417.9	47.85
418	46.55
418.1	44.25
418.2	41.85
418.3	42.75
418.4	44.25
418.5	45.15
418.6	45.75
418.7	47.55
418.8	49.35
418.9	50.55
419	51.45
419.1	51.75
419.2	51.75
419.3	50.4
419.4	46.8
419.5	43.35
419.6	41.85
419.7	41.7
419.8	43.35
419.9	45.9
420	48
420.1	49.35
420.2	48.9
420.3	47.7
420.4	46.8
420.5	46.2
420.6	46.05
420.7	46.35
420.8	46.35
420.9	46.05
421	45.75
421.1	45.75
421.2	46.65
421.3	48.75
421.4	50.55
421.5	51.45
421.6	52.95
421.7	54.45
421.8	54.45
421.9	52.35
422	49.85725552
422.1	47.25
422.2	45.3
422.3	43.5
422.4	41.25
422.5	40.2
422.6	40.05
422.7	39.6
422.8	38.7
422.9	37.65
423	36.30949367
423.1	35.25
423.2	34.35
423.3	33.45
423.4	34.05
423.5	35.25
423.6	36.45
423.7	37.35
423.8	37.95
423.9	38.55
424	39.6056962
424.1	40.35
424.2	40.65
424.3	41.7
424.4	43.5
424.5	44.7
424.6	45.15
424.7	45.45
424.8	45.75
424.9	45.75
425	45.08248811
425.1	44.55
425.2	42.15
425.3	40.65
425.4	40.35
425.5	40.35
425.6	42.45
425.7	45.75
425.8	47.55
425.9	48.15
426	47.4
426.1	45.75
426.2	45.15
426.3	46.05
426.4	45.75
426.5	44.25
426.6	42.15
426.7	40.65
426.8	40.65
426.9	40.35
427	39.59810127
427.1	39.15
427.2	39.15
427.3	38.85
427.4	39.3
427.5	41.1
427.6	42
427.7	42.15
427.8	42.15
427.9	41.55
428	40.05
428.1	38.25
428.2	37.95
428.3	39
428.4	40.8
428.5	42.45
428.6	43.05
428.7	42.9
428.8	42.75
428.9	42.75
429	43.05
429.1	43.8
429.2	44.52692308
429.3	45.26538462
429.4	46.00384615
429.5	46.8
429.6	46.68
429.7	45.9
429.8	45.75
429.9	45.75
430	45.33320611
430.1	44.85
430.2	43.03714286
430.3	41.19857143
430.4	39.45
430.5	40.05
430.6	40.65
430.7	41.25
430.8	40.95
430.9	40.05
431	39.56072555
431.1	39.3
431.2	39.45
431.3	40.05
431.4	39.3
431.5	38.1
431.6	38.25
431.7	40.5
431.8	43.05
431.9	44.55
432	44.85
432.1	44.85
432.2	44.55
432.3	44.55
432.4	43.65
432.5	41.85
432.6	40.35
432.7	39.15
432.8	38.85
432.9	39.15
433	40.35379747
433.1	40.8
433.2	40.2
433.3	39.9
433.4	40.8
433.5	43.2
433.6	45.6
433.7	47.55
433.8	48.45
433.9	48.45
434	47.55
434.1	46.95
434.2	46.65
434.3	46.65
434.4	46.65
434.5	47.25
434.6	48.75
434.7	49.902
434.8	51.75
434.9	54.45
435	55.94937238
435.1	56.85
435.2	56.85
435.3	56.55
435.4	55.95
435.5	55.05
435.6	53.28
435.7	52.05
435.8	51.75
435.9	51.75
436	51.9375
436.1	51.91
436.2	51.52
436.3	51.15
436.4	51.15
436.5	50.85
436.6	50.55
436.7	49.95
436.8	49.65
436.9	49.95
437	49.0125
437.1	48.24
437.2	47.55
437.3	47.55
437.4	49.05
437.5	52.35
437.6	55.05
437.7	56.526
437.8	58.05
437.9	58.35
438	58.76428571
438.1	59.25
438.2	58.5
438.3	58.95
438.4	60.9
438.5	61.35
438.6	61.65
438.7	58.05
438.8	56.1
438.9	55.65
439	55.95
439.1	57.15
439.2	58.95
439.3	61.05
439.4	63.15
439.5	63.75
439.6	63.45
439.7	61.95
439.8	60.15
439.9	60.15
440	60.73333333
440.1	61.38333333
440.2	61.65
440.3	61.65
440.4	61.65
440.5	60.75
440.6	58.35
440.7	55.95
440.8	54.45
440.9	54.45
441	54.79285714
441.1	56.55
441.2	57.9
441.3	58.65
441.4	59.25
441.5	59.85
441.6	59.85
441.7	59.85
441.8	60.45
441.9	60
442	59.25
442.1	59.85
442.2	60.3
442.3	59.7
442.4	58.2
442.5	58.65
442.6	60.15
442.7	61.65
442.8	63.9
442.9	64.35
443	66.75
443.1	68.85
443.2	68.7
443.3	67.05
443.4	64.05
443.5	61.8
443.6	60.75
443.7	60.3
443.8	59.55
443.9	57.9
444	55.35
444.1	54.15
444.2	53.25
444.3	54.15
444.4	55.65
444.5	56.85
444.6	58.05
444.7	60.15
444.8	64.65
444.9	69.75
445	73.03125
445.1	76.6875
445.2	78.75
445.3	78.75
445.4	76.95
445.5	75.675
445.6	75.45
445.7	75.99
445.8	76.95
445.9	76.35
446	76.65
446.1	76.95
446.2	75.958
446.3	73.662
446.4	71.366
446.5	69.07
446.6	67.65
446.7	68.25
446.8	68.85
446.9	70.95
447	72.75
447.1	73.35
447.2	71.85
447.3	69.45
447.4	68.25
447.5	66.45
447.6	64.05
447.7	61.95
447.8	59.25
447.9	57.15
448	53.85
448.1	51.15
448.2	48
448.3	45.3
448.4	42.45
448.5	38.55
448.6	35.7
448.7	34.35
448.8	34.05
448.9	34.05
449	34.4625
449.1	34.8
449.2	34.5
449.3	32.55
449.4	31.5
449.5	31.35
449.6	31.65
449.7	31.95
449.8	31.65
449.9	31.65
450	31.2
450.1	30.75
450.2	30.15
450.3	29.4
450.4	27.9
450.5	27.15
450.6	26.85
450.7	26.85
450.8	27.15
450.9	26.55
451	25.35
451.1	24.75
451.2	24.75
451.3	25.35
451.4	25.65
451.5	25.65
451.6	26.25
451.7	26.55
451.8	26.55
451.9	25.95
452	25.87857143
452.1	26.7
452.2	27.6
452.3	28.5
452.4	29.25
452.5	29.55
452.6	29.25
452.7	28.5
452.8	27.45
452.9	26.25
453	25.5
453.1	24.75
453.2	24.75
453.3	25.2
453.4	26.85
453.5	28.95
453.6	30.15
453.7	30.9
453.8	32.4
453.9	34.2
454	35.85
454.1	36.75
454.2	36.64285714
454.3	36.45
454.4	36.15
454.5	36.75
454.6	37.05
454.7	36.3
454.8	35.4
454.9	34.65
455	34.05379747
455.1	33.75
455.2	34.65
455.3	37.05
455.4	39.45
455.5	41.85
455.6	44.25
455.7	45.75
455.8	46.35
455.9	46.35
456	46.04620253
456.1	45.75
456.2	45.45
456.3	44.85
456.4	44.55
456.5	44.1
456.6	43.65
456.7	43.5
456.8	44.7
456.9	47.55
457	50.4375
457.1	53.25
457.2	54.75
457.3	55.65
457.4	57.15
457.5	58.95
457.6	60
457.7	60.65
457.8	61.5
457.9	62.1
458	63.85
458.1	66.15
458.2	68.85
458.3	71.85
458.4	74.85
458.5	76.35
458.6	77.55
458.7	75.45
458.8	75.15
458.9	75.15
459	75.33571429
459.1	75.15
459.2	75.15
459.3	75.6
459.4	76.05
459.5	77.4
459.6	79.5
459.7	82.8
459.8	84.9
459.9	85.95
460	85.95
460.1	86.85
460.2	90.45
460.3	94.35
460.4	96.75
460.5	97.95
460.6	98.55
460.7	98.85
460.8	99.45
460.9	99.75
461	99.18217666
461.1	97.05
461.2	93
461.3	89.1
461.4	87
461.5	85.95
461.6	86.7
461.7	87.15
461.8	87.3
461.9	87.6
462	87.15
462.1	87.75
462.2	90.75
462.3	94.95
462.4	100.95
462.5	106.95
462.6	114.75
462.7	123.45
462.8	137.25
462.9	148.65
463	160.55
463.1	172.45666667
463.2	181.94666667
463.3	190.95
463.4	190.95
463.5	188.85
463.6	182.17324022
463.7	173.59759777
463.8	165.02195531
463.9	156.44631285
464	147.87067039
464.1	137.25
464.2	128.85
464.3	124.65
464.4	124.65
464.5	126.15
464.6	127.05
464.7	127.65
464.8	127.05
464.9	122.25
465	114.20290456
465.1	105.45
465.2	94.35
465.3	82.35
465.4	71.55
465.5	60.45
465.6	50.85
465.7	43.65
465.8	37.95
465.9	34.05
466	31.8
466.1	30.45
466.2	29.85
466.3	30.45
466.4	30.75
466.5	29.85
466.6	28.35
466.7	27.15
466.8	26.85
466.9	26.55
467	26.55
467.1	28.5
467.2	30.15
467.3	31.8
467.4	32.85
467.5	33.3
467.6	34.5
467.7	36.15
467.8	37.95
467.9	39.45
468	40.6125
468.1	42.15
468.2	44.1
468.3	45.6
468.4	46.8
468.5	48.15
468.6	49.05
468.7	50.25
468.8	52.5
468.9	55.35
469	59.175
469.1	63.9
469.2	69.15
469.3	75.45
469.4	81.75
469.5	91.8
469.6	110.85
469.7	138.15
469.8	166.65
469.9	185.0378327
470	213.27205323
470.1	241.50627376
470.2	263.95285714
470.3	284.25
470.4	296.14
470.5	301.35
470.6	277.19454545
470.7	253.47545455
470.8	229.75636364
470.9	221.85
471	247.8
471.1	270.03
471.2	294.912
471.3	323.55
471.4	331.176
471.5	334.05
471.6	332.25
471.7	315.15
471.8	296.25
471.9	285.99
472	274.875
472.1	263.76
472.2	249.4275
472.3	234.51
472.4	210.06
472.5	183.15
472.6	135.75
472.7	122.07
472.8	111.855
472.9	106.05
473	105.15
473.1	106.65
473.2	109.5
473.3	111.45
473.4	112.2
473.5	112.2
473.6	110.85
473.7	108.3
473.8	104.55
473.9	99
474	93.45
474.1	87.15
474.2	85.05
474.3	85.35
474.4	89.55
474.5	97.5
474.6	106.05
474.7	113.25
474.8	116.1
474.9	115.95
475	109.65
475.1	103.35
475.2	99
475.3	97.2
475.4	97.35
475.5	99.3
475.6	101.7
475.7	104.55
475.8	107.85
475.9	111
476	115.05
476.1	119.1
476.2	122.25
476.3	125.4
476.4	126.75
476.5	125.25
476.6	123.75
476.7	123.6
476.8	124.35
476.9	127.05
477	128.55
477.1	128.55
477.2	128.55
477.3	128.25
477.4	127.95
477.5	127.35
477.6	126.75
477.7	124.95
477.8	123.15
477.9	122.55
478	122.55
478.1	123.15
478.2	124.05
478.3	123.15
478.4	121.65
478.5	121.05
478.6	121.65
478.7	125.25
478.8	129.15
478.9	131.85
479	132.33927445
479.1	131.7
479.2	130.35
479.3	129.45
479.4	129.3
479.5	129.75
479.6	129.45
479.7	127.2
479.8	125.55
479.9	125.4
480	125.10189873
480.1	124.95
480.2	124.95
480.3	125.25
480.4	125.85
480.5	125.85
480.6	126.45
480.7	126.15
480.8	124.95
480.9	124.05
481	122.25
481.1	121.95
481.2	123.75
481.3	127.35
481.4	127.95
481.5	127.95
481.6	127.2
481.7	126.45
481.8	127.2
481.9	127.5
482	129
482.1	130.95
482.2	132.15
482.3	130.95
482.4	128.25
482.5	124.8
482.6	121.05
482.7	115.95
482.8	109.35
482.9	103.65
483	96.50316456
483.1	90.45
483.2	86.25
483.3	86.25
483.4	92.25
483.5	100.35
483.6	104.55
483.7	104.55
483.8	104.85
483.9	103.65
484	101.55
484.1	98.85
484.2	95.55
484.3	92.85
484.4	90.75
484.5	89.85
484.6	88.05
484.7	87.45
484.8	88.35
484.9	90.75
485	96.14748954
485.1	101.85
485.2	107.25
485.3	110.85
485.4	113.85
485.5	112.65
485.6	109.65
485.7	109.35
485.8	111.15
485.9	114.15
486	117.45
486.1	117.45
486.2	116.55
486.3	116.1
486.4	117.6
486.5	119.4
486.6	120.6
486.7	121.65
486.8	121.65
486.9	121.8
487	123.075
487.1	124.05
487.2	123.45
487.3	121.2
487.4	119.25
487.5	116.25
487.6	112.8
487.7	109.5
487.8	106.95
487.9	106.95
488	107.36072555
488.1	107.85
488.2	109.05
488.3	108.75
488.4	107.25
488.5	107.55
488.6	110.25
488.7	114.75
488.8	118.05
488.9	119.85
489	119.74110708
489.1	119.55
489.2	119.1
489.3	120.2625
489.4	122.55
489.5	124.5
489.6	126.3
489.7	127.05
489.8	126.3
489.9	124.95
490	123.225
490.1	121.425
490.2	119.55
490.3	118.95
490.4	119.55
490.5	119.85
490.6	119.85
490.7	119.55
490.8	119.55
490.9	119.85
491	120
491.1	119.85
491.2	119.85
491.3	119.85
491.4	120
491.5	120.45
491.6	121.35
491.7	121.95
491.8	120.9
491.9	119.4
492	117.62088608
492.1	115.65
492.2	114.15
492.3	112.65
492.4	109.95
492.5	109.05
492.6	108.45
492.7	108.15
492.8	108.15
492.9	107.85
493	107.25
493.1	107.25
493.2	107.55
493.3	107.25
493.4	105.45
493.5	105.15
493.6	104.55
493.7	104.25
493.8	104.25
493.9	105.15
494	106.65
494.1	107.85
494.2	106.8
494.3	105.45
494.4	106.05
494.5	108.3
494.6	110.4
494.7	110.7
494.8	109.8
494.9	109.35
495	109.95
495.1	110.55
495.2	111.3
495.3	112.05
495.4	112.65
495.5	113.85
495.6	115.05
495.7	115.95
495.8	115.05
495.9	114.15
496	112.35
496.1	109.95
496.2	106.35
496.3	105.15
496.4	105.15
496.5	105.45
496.6	105
496.7	103.65
496.8	100.95
496.9	97.5
497	93.78417722
497.1	88.65
497.2	82.35
497.3	77.85
497.4	76.65
497.5	77.55
497.6	78.75
497.7	82.05
497.8	86.55
497.9	89.85
498	90.76139241
498.1	92.1
498.2	93
498.3	94.2
498.4	94.95
498.5	94.5
498.6	93.9
498.7	93
498.8	91.8
498.9	91.8
499	94.05
499.1	95.85
499.2	96.75
499.3	96.75
499.4	96.15
499.5	95.55
499.6	94.95
499.7	94.65
499.8	95.25
499.9	95.25
500	95.25
500.1	97.35
500.2	99.6
500.3	100.95
500.4	100.95
500.5	100.65
500.6	100.8
500.7	100.95
500.8	100.5
500.9	98.85
501	96.91329114
501.1	95.25
501.2	92.85
501.3	90.75
501.4	90.75
501.5	92.55
501.6	94.05
501.7	94.35
501.8	95.25
501.9	97.05
502	98.31
502.1	99.45
502.2	100.35
502.3	101.25
502.4	104.25
502.5	105.45
502.6	105.75
502.7	106.65
502.8	106.155
502.9	106.74
503	106.65
503.1	105.78
503.2	105
503.3	104.1
503.4	103.35
503.5	104.55
503.6	107.1
503.7	110.55
503.8	112.5
503.9	112.5
504	110.85
504.1	109.65
504.2	109.05
504.3	108.15
504.4	107.55
504.5	106.65
504.6	105.45
504.7	105.75
504.8	106.95
504.9	108.15
505	109.9
505.1	111.15
505.2	111.15
505.3	110.85
505.4	111.75
505.5	114.45
505.6	115.65
505.7	116.25
505.8	116.25
505.9	115.35
506	113.55
506.1	112.8
506.2	113.25
506.3	113.85
506.4	114.15
506.5	113.55
506.6	112.8
506.7	112.65
506.8	112.65
506.9	113.25
507	112.20714286
507.1	111.15
507.2	110.85
507.3	110.85
507.4	110.85
507.5	111.45
507.6	114.45
507.7	117.75
507.8	120.45
507.9	122.25
508	121.98162939
508.1	121.28386581
508.2	120.58610224
508.3	120.15
508.4	120.9
508.5	123.15
508.6	125.55
508.7	127.8
508.8	128.4
508.9	129.3
509	130.2
509.1	130.95
509.2	132.3
509.3	132.15
509.4	130.5
509.5	128.25
509.6	126.9
509.7	125.7
509.8	124.5
509.9	123.3
510	122.85
510.1	123.15
510.2	123.15
510.3	121.35
510.4	119.85
510.5	119.55
510.6	120.45
510.7	119.85
510.8	119.85
510.9	119.55
511	119.175
511.1	119.55
511.2	121.05
511.3	124.65
511.4	126.75
511.5	125.85
511.6	125.85
511.7	125.25
511.8	123.45
511.9	121.65
512	121.95379747
512.1	122.25
512.2	123.3
512.3	124.95
512.4	125.85
512.5	125.85
512.6	125.85
512.7	125.85
512.8	126.45
512.9	127.2
513	129.45
513.1	129.15
513.2	129.75
513.3	130.35
513.4	129
513.5	127.5
513.6	127.2
513.7	128.55
513.8	131.1
513.9	133.95
514	132.45
514.1	130.95
514.2	130.8
514.3	129.9
514.4	128.7
514.5	128.85
514.6	129.15
514.7	129.15
514.8	128.55
514.9	126.9
515	125.61
515.1	124.65
515.2	123.6
515.3	121.8
515.4	120
515.5	119.25
515.6	119.85
515.7	121.5
515.8	122.55
515.9	122.7
516	122.55
516.1	123.15
516.2	125.55
516.3	127.35
516.4	127.35
516.5	127.05
516.6	128.25
516.7	128.55
516.8	127.65
516.9	126.15
517	123.57857143
517.1	120.6
517.2	120.15
517.3	120.45
517.4	120.3
517.5	118.8
517.6	117.3
517.7	116.7
517.8	115.35
517.9	113.7
518	113.55
518.1	113.55
518.2	114
518.3	113.1
518.4	106.5
518.5	98.7
518.6	90
518.7	81.6
518.8	76.05
518.9	73.5
519	72.89814815
519.1	72.75
519.2	73.05
519.3	74.55
519.4	75.15
519.5	76.65
519.6	78.15
519.7	78.15
519.8	77.85
519.9	78.45
520	79.08785047
520.1	79.83504673
520.2	79.95
520.3	79.05
520.4	79.05
520.5	79.35
520.6	80.55
520.7	82.05
520.8	82.95
520.9	85.65
521	88.95
521.1	92.85
521.2	96.15
521.3	97.05
521.4	96.45
521.5	95.25
521.6	94.05
521.7	93.75
521.8	94.05
521.9	94.65
522	95.4
522.1	95.85
522.2	96.45
522.3	95.85
522.4	94.95
522.5	94.95
522.6	96.45
522.7	96.75
522.8	95.85
522.9	94.95
523	94.95
523.1	94.95
523.2	94.95
523.3	94.35
523.4	94.35
523.5	94.8
523.6	95.25
523.7	95.55
523.8	96
523.9	97.05
524	96.59303406
524.1	95.25
524.2	94.95
524.3	95.55
524.4	96.15
524.5	95.55
524.6	94.95
524.7	94.95
524.8	94.65
524.9	93.45
525	92.73529412
525.1	92.08411765
525.2	91.95
525.3	93.45
525.4	94.65
525.5	94.35
525.6	93.45
525.7	92.25
525.8	92.25
525.9	94.95
526	98.42088608
526.1	101.85
526.2	103.35
526.3	103.8
526.4	104.7
526.5	104.85
526.6	104.85
526.7	103.95
526.8	103.65
526.9	104.4
527	105.6
527.1	107.1
527.2	110.25
527.3	112.95
527.4	111.3
527.5	108.15
527.6	105.9
527.7	106.2
527.8	108.3
527.9	110.7
528	111.88890063
528.1	112.65
528.2	111.45
528.3	110.85
528.4	111.15
528.5	111.45
528.6	111.45
528.7	112.65
528.8	114.15
528.9	115.05
529	115.05
529.1	114.75
529.2	115.05
529.3	116.1
529.4	117
529.5	118.2
529.6	120.6
529.7	122.4
529.8	122.85
529.9	122.55
530	123.36666667
530.1	124.3
530.2	123.75
530.3	121.05
530.4	118.8
530.5	118.05
530.6	118.35
530.7	118.05
530.8	118.05
530.9	118.35
531	117.6
531.1	116.7
531.2	116.25
531.3	117.3
531.4	120
531.5	123.15
531.6	126.9
531.7	130.05
531.8	131.85
531.9	131.85
532	130.35
532.1	128.7
532.2	126.75
532.3	123.75
532.4	119.25
532.5	113.4
532.6	105.3
532.7	91.2
532.8	80.85
532.9	66.3
533	55.95
533.1	55.338
533.2	55.35
533.3	58.05
533.4	61.65
533.5	65.85
533.6	68.25
533.7	73.05
533.8	76.95
533.9	76.95
534	72.41582278
534.1	64.65
534.2	56.4
534.3	47.4
534.4	38.85
534.5	34.2
534.6	34.2
534.7	35.1
534.8	36.15
534.9	37.2
535	39.45
535.1	42.15
535.2	47.25
535.3	52.65
535.4	62.85
535.5	74.925
535.6	90.45
535.7	94.35
535.8	97.35
535.9	97.8
536	94.95
536.1	96.09
536.2	96.75
536.3	96.45
536.4	93.15
536.5	86.55
536.6	79.95
536.7	75.45
536.8	73.05
536.9	73.05
537	73.725
537.1	73.95
537.2	73.05
537.3	70.05
537.4	62.55
537.5	60.15
537.6	60.45
537.7	63.45
537.8	66.15
537.9	66.75
538	65.61435331
538.1	63.9
538.2	63.3
538.3	63
538.4	62.55
538.5	60.9
538.6	60.6
538.7	61.65
538.8	63.3
538.9	65.55
539	67.65
539.1	68.85
539.2	68.85
539.3	68.55
539.4	68.55
539.5	68.55
539.6	68.55
539.7	69.3
539.8	70.5
539.9	73.5
540	76.47618026
540.1	78.75
540.2	80.25
540.3	79.05
540.4	77.55
540.5	77.1
540.6	78.15
540.7	82.05
540.8	84.75
540.9	85.35
541	84.15
541.1	82.8
541.2	82.65
541.3	83.25
541.4	83.1
541.5	81.45
541.6	79.2
541.7	75.75
541.8	70.35
541.9	65.55
542	62.475
542.1	59.7
542.2	57.9
542.3	57.45
542.4	57.6
542.5	58.2
542.6	60.15
542.7	62.1
542.8	63.9
542.9	65.7
543	67.5
543.1	69.45
543.2	71.25
543.3	72
543.4	72.6
543.5	74.7
543.6	79.05
543.7	84.6
543.8	89.7
543.9	92.1
544	92.99810127
544.1	93.45
544.2	94.05
544.3	94.65
544.4	95.25
544.5	97.35
544.6	99.45
544.7	100.65
544.8	102.15
544.9	103.35
545	102.80038168
545.1	101.55
545.2	102.6
545.3	105.15
545.4	107.7
545.5	111.3
545.6	112.95
545.7	113.4
545.8	114.6
545.9	114.6
546	114.15
546.1	114.45
546.2	115.74
546.3	118.05
546.4	119.85
546.5	120.15
546.6	121.146
546.7	121.95
546.8	121.14
546.9	120.45
547	120.59713376
547.1	120.15
547.2	120.9
547.3	123.15
547.4	123.9
547.5	122.25
547.6	120.15
547.7	118.05
547.8	115.5
547.9	112.65
548	110.1
548.1	107.25
548.2	104.55
548.3	101.25
548.4	96
548.5	91.2
548.6	88.8
548.7	88.05
548.8	87.45
548.9	86.1
549	85.27857143
549.1	86.25
549.2	89.85
549.3	92.55
549.4	95.55
549.5	99.75
549.6	104.25
549.7	107.85
549.8	110.25
549.9	111.34333333
550	111.08333333
550.1	110.85
550.2	109.35
550.3	108.45
550.4	108.15
550.5	107.85
550.6	104.85
550.7	99.75
550.8	93.45
550.9	87.01
551	84.45
551.1	85.65
551.2	89.52
551.3	94.5
551.4	95.85
551.5	92.25
551.6	83.25
551.7	74.1
551.8	63.6
551.9	54.6
552	50.53571429
552.1	46.95
552.2	45.15
552.3	44.85
552.4	45.15
552.5	46.65
552.6	48.45
552.7	50.55
552.8	52.05
552.9	52.35
553	52.35
553.1	52.95
553.2	53.25
553.3	52.35
553.4	50.7
553.5	49.2
553.6	48
553.7	48.3
553.8	50.25
553.9	52.8
554	54.4875
554.1	55.65
554.2	56.25
554.3	55.2
554.4	53.25
554.5	52.05
554.6	52.2
554.7	53.85
554.8	55.5
554.9	56.55
555	56.89630021
555.1	57.45
555.2	58.05
555.3	58.05
555.4	57.15
555.5	55.65
555.6	55.95
555.7	58.95
555.8	60.75
555.9	63.75
556	65.40714286
556.1	66.6
556.2	67.35
556.3	67.65
556.4	69.15
556.5	71.55
556.6	74.1
556.7	75
556.8	74.4
556.9	71.25
557	69
557.1	67.65
557.2	67.35
557.3	67.8
557.4	68.55
557.5	68.4
557.6	67.35
557.7	65.1
557.8	63
557.9	60.75
558	58.125
558.1	55.8
558.2	54
558.3	52.05
558.4	51.9
558.5	52.8
558.6	54.75
558.7	57.9
558.8	60.6
558.9	64.35
559	67.2375
559.1	69.15
559.2	70.8
559.3	72.75
559.4	75
559.5	75.3
559.6	75
559.7	72.75
559.8	69.75
559.9	67.35
560	65.925
560.1	64.05
560.2	61.95
560.3	60.3
560.4	58.95
560.5	58.8
560.6	58.35
560.7	57.6
560.8	57.6
560.9	59.1
561	59.87142857
561.1	60.45
561.2	61.05
561.3	62.55
561.4	65.25
561.5	67.65
561.6	71.1
561.7	74.55
561.8	77.1
561.9	81
562	83.25
562.1	82.95
562.2	79.59
562.3	74.25
562.4	66.75
562.5	59.85
562.6	52.35
562.7	47.25
562.8	44.55
562.9	41.25
563	38.8125
563.1	36.15
563.2	34.35
563.3	33.15
563.4	31.65
563.5	31.95
563.6	32.55
563.7	33.15
563.8	33.15
563.9	33.15
564	34.05
564.1	35.25
564.2	35.85
564.3	36.15
564.4	36.15
564.5	36.15
564.6	36.15
564.7	36.15
564.8	36.15
564.9	35.85
565	35.67866109
565.1	35.55
565.2	35.55
565.3	36.15
565.4	36.75
565.5	37.05
565.6	37.05
565.7	38.25
565.8	39.15
565.9	39.75
566	39.45
566.1	39
566.2	38.85
566.3	38.1
566.4	36.9
566.5	35.7
566.6	35.1
566.7	34.95
566.8	34.95
566.9	35.25
567	35.25
567.1	34.65
567.2	34.35
567.3	33.75
567.4	32.55
567.5	30.15
567.6	21.75
567.7	9.27
567.8	NA
567.9	NA
568	NA
568.1	NA
568.2	NA
568.3	NA
568.4	NA
568.5	NA
568.6	NA
568.7	NA
568.8	NA
568.9	NA
569	NA
