DEPT	GR
26.9	49.70238095
27	49.41925911
27.1	53.03980761
27.2	55.8531746
27.3	57.25649351
27.4	57.36652237
27.5	57.22402597
27.6	56.56385281
27.7	56.0515873
27.8	56.25
27.9	57.24206349
28	58.98819063
28.1	59.54931973
28.2	59.82142857
28.3	60.78907204
28.4	62.31990232
28.5	63.72354497
28.6	64.58333333
28.7	63.98809524
28.8	62.79761905
28.9	60.8383734
29	58.57991374
29.1	57.24206349
29.2	57.57275132
29.3	58.36640212
29.4	59.22619048
29.5	59.22619048
29.6	57.04365079
29.7	56.6468254
29.8	58.0537518
29.9	59.02777778
30	59.42460317
30.1	60.21825397
30.2	61.40873016
30.3	63.34183673
30.4	65.37698413
30.5	68.5515873
30.6	71.52777778
30.7	73.82936508
30.8	76.28968254
30.9	77.50058062
31	78.77634825
31.1	80.05211587
31.2	81.32788349
31.3	81.94444444
31.4	80.13038549
31.5	78.29991646
31.6	76.48287385
31.7	74.66583124
31.8	73.51190476
31.9	74.00793651
32	76.06331122
32.1	78.19731306
32.2	80.05952381
32.3	80.05952381
32.4	78.64417989
32.5	77.08333333
32.6	75.89285714
32.7	75.89285714
32.8	76.28968254
32.9	77.40646259
33	78.91156463
33.1	80.25793651
33.2	79.21717172
33.3	77.19516595
33.4	75.1984127
33.5	73.51190476
33.6	73.90873016
33.7	76.06646825
33.8	78.26140873
33.9	79.86111111
34	81.36050834
34.1	84.82142857
34.2	87.93816138
34.3	90.57539683
34.4	93.8712522
34.5	95.13888889
34.6	91.87169312
34.7	88.85582011
34.8	86.80555556
34.9	86.40873016
35	87.79761905
35.1	87.40873016
35.2	85.76984127
35.3	83.62301587
35.4	82.44047619
35.5	81.25
35.6	78.47222222
35.7	76.28968254
35.8	75.96891534
35.9	75.89285714
36	78.90701106
36.1	84.02777778
36.2	87.36359127
36.3	89.38492063
36.4	88.55406746
36.5	85.81349206
36.6	85.71428571
36.7	87.3015873
36.8	87.20238095
36.9	85.51587302
37	84.02777778
37.1	86.25
37.2	89.22979798
37.3	90.57539683
37.4	90.97222222
37.5	89.91402116
37.6	87.79761905
37.7	86.40873016
37.8	87.43197279
37.9	89.70823521
38	92.88749518
38.1	95.23809524
38.2	96.92460317
38.3	100.09920635
38.4	103.07539683
38.5	105.55555556
38.6	105.48469388
38.7	104.86111111
38.8	102.87698413
38.9	99.92913832
39	94.96787209
39.1	87.79761905
39.2	81.09126984
39.3	77.48015873
39.4	79.00049603
39.5	80.90277778
39.6	82.04365079
39.7	82.17970522
39.8	82.24206349
39.9	84.22619048
40	87.29012124
40.1	88.19444444
40.2	89.18650794
40.3	89.38492063
40.4	85.28025794
40.5	83.82936508
40.6	86.08630952
40.7	87.00396825
40.8	86.88822751
40.9	86.68981481
41	86.60714286
41.1	88.1547619
41.2	90.49603175
41.3	91.56746032
41.4	90.64058957
41.5	87.79761905
41.6	84.28571429
41.7	80.6547619
41.8	78.08730159
41.9	76.24007937
42	75.89285714
42.1	79.26587302
42.2	81.6468254
42.3	83.73015873
42.4	82.83730159
42.5	83.43253968
42.6	83.33333333
42.7	82.34126984
42.8	79.76190476
42.9	76.78571429
43	74.57763857
43.1	71.69771667
43.2	69.37003968
43.3	67.90674603
43.4	66.76587302
43.5	67.87131519
43.6	72.12301587
43.7	73.3531746
43.8	75.49603175
43.9	78.86904762
44	81.0515873
44.1	82.70088702
44.2	84.2213352
44.3	85.81349206
44.4	87.40079365
44.5	87.20238095
44.6	88.16964286
44.7	88.78968254
44.8	87.99603175
44.9	87.1031746
45	85.97970165
45.1	85.01984127
45.2	84.62301587
45.3	83.23412698
45.4	80.05952381
45.5	78.07539683
45.6	77.87698413
45.7	78.5345805
45.8	78.07539683
45.9	76.91326531
46	75.09920635
46.1	74.97655123
46.2	75.2958153
46.3	75.93253968
46.4	78.16666667
46.5	81.25
46.6	84.82142857
46.7	86.80555556
46.8	86.21031746
46.9	81.8452381
47	79.06746032
47.1	75.69444444
47.2	78.7202381
47.3	82.24206349
47.4	85.51587302
47.5	86.80555556
47.6	85.16865079
47.7	83.03571429
47.8	83.67346939
47.9	84.52380952
48	85.24018904
48.1	84.42460317
48.2	83.56746032
48.3	83.43253968
48.4	84.62301587
48.5	84.22619048
48.6	84.94047619
48.7	88.32231041
48.8	89.78174603
48.9	88.69708995
49	86.44328047
49.1	85.01833179
49.2	83.24404762
49.3	81.0515873
49.4	80.25793651
49.5	80.45634921
49.6	82.44047619
49.7	84.82142857
49.8	87.99603175
49.9	87.79761905
50	86.35667512
50.1	84.32698111
50.2	81.4484127
50.3	78.67857143
50.4	77.28174603
50.5	78.13208617
50.6	79.86111111
50.7	81.4484127
50.8	82.29662698
50.9	82.84297052
51	83.29420128
51.1	84.32539683
51.2	83.78684807
51.3	82.63888889
51.4	83.03571429
51.5	86.20039683
51.6	89.98015873
51.7	92.94217687
51.8	95.3968254
51.9	96.42857143
52	94.02399849
52.1	89.56443689
52.2	84.82142857
52.3	80.8531746
52.4	76.68650794
52.5	72.91666667
52.6	72.71825397
52.7	74.50396825
52.8	77.48015873
52.9	81.6468254
53	83.03571429
53.1	83.03571429
53.2	83.43253968
53.3	84.72222222
53.4	86.80555556
53.5	89.38492063
53.6	91.56746032
53.7	92.55952381
53.8	90.97222222
53.9	88.59126984
54	84.29897503
54.1	80.12566138
54.2	78.86904762
54.3	79.70238095
54.4	81.37896825
54.5	81.19331066
54.6	80.6547619
54.7	81.4484127
54.8	82.66369048
54.9	84.22619048
55	84.69464501
55.1	84.62301587
55.2	84.02777778
55.3	85.11904762
55.4	85.11904762
55.5	84.12698413
55.6	83.82936508
55.7	83.03571429
55.8	81.25
55.9	78.29691581
56	75.21473779
56.1	73.31349206
56.2	73.31349206
56.3	74.54365079
56.4	75.71428571
56.5	77.67857143
56.6	79.86111111
56.7	81.4484127
56.8	82.63888889
56.9	83.51090785
57	84.58923172
57.1	86.01190476
57.2	87.3015873
57.3	88.49206349
57.4	89.68253968
57.5	90.17857143
57.6	89.20177045
57.7	86.08821734
57.8	83.03571429
57.9	79.66269841
58	77.41553998
58.1	74.7761126
58.2	72.32142857
58.3	71.72619048
58.4	73.51190476
58.5	78.24074074
58.6	86.40873016
58.7	93.22089947
58.8	100.09920635
58.9	98.67063492
59	96.72619048
59.1	95.13888889
59.2	91.36904762
59.3	88.19444444
59.4	88.19444444
59.5	88.78968254
59.6	89.17989418
59.7	89.38492063
59.8	88.78968254
59.9	88.78968254
60	88.59126984
60.1	87.5
60.2	86.60714286
60.3	86.01190476
60.4	86.60714286
60.5	86.03174603
60.6	85.11904762
60.7	85.01984127
60.8	85.71428571
60.9	86.60714286
61	86.17342666
61.1	85.41666667
61.2	84.16666667
61.3	83.03571429
61.4	83.8015873
61.5	86.60714286
61.6	88.19444444
61.7	89.65909091
61.8	90.97222222
61.9	89.48495693
62	87.91801671
62.1	86.50793651
62.2	88.19444444
62.3	87.92162698
62.4	86.80555556
62.5	87.26615646
62.6	88.37159864
62.7	89.48412698
62.8	90.67460317
62.9	90.97222222
63	89.82281017
63.1	88.55481103
63.2	88.19444444
63.3	89.98015873
63.4	89.78174603
63.5	88.76488095
63.6	87.40079365
63.7	88.39590965
63.8	89.65659341
63.9	90.57539683
64	89.58333333
64.1	89.38492063
64.2	91.11394558
64.3	94.32539683
64.4	99.00793651
64.5	104.96031746
64.6	104.66269841
64.7	98.90873016
64.8	92.24206349
64.9	90.37698413
65	93.87027262
65.1	96.52777778
65.2	96.72619048
65.3	95.93253968
65.4	94.87463925
65.5	93.65079365
65.6	92.42694805
65.7	91.17063492
65.8	90.77380952
65.9	91.09126984
66	91.56746032
66.1	90.73129252
66.2	90.67460317
66.3	93.40277778
66.4	98.01587302
66.5	99.8015873
66.6	96.92460317
66.7	93.60119048
66.8	89.51719577
66.9	86.87169312
67	85.21825397
67.1	84.53231293
67.2	84.03061224
67.3	83.63095238
67.4	84.34275794
67.5	85.01984127
67.6	83.03571429
67.7	80.68650794
67.8	78.44494048
67.9	76.54265873
68	76.09126984
68.1	77.08333333
68.2	76.63690476
68.3	76.09126984
68.4	76.19047619
68.5	76.58730159
68.6	77.38095238
68.7	79.26587302
68.8	84.32539683
68.9	88.78968254
69	92.84963986
69.1	93.51190476
69.2	93.54875283
69.3	94.05045351
69.4	94.54365079
69.5	95.93253968
69.6	98.90873016
69.7	103.00396825
69.8	104.86111111
69.9	97.32142857
70	89.08168613
70.1	85.01984127
70.2	83.23412698
70.3	84.12698413
70.4	85.01984127
70.5	85.01984127
70.6	85.61507937
70.7	87.33465608
70.8	88.92195767
70.9	91.23263889
71	93.97702393
71.1	96.47242126
71.2	96.5515873
71.3	94.63095238
71.4	95.73412698
71.5	93.5515873
71.6	89.98015873
71.7	83.82936508
71.8	81.8452381
71.9	82.04365079
72	83.84920635
72.1	85.41666667
72.2	86.87698413
72.3	88.18650794
72.4	89.12301587
72.5	89.73214286
72.6	90.52521008
72.7	91.42040149
72.8	92.36111111
72.9	92.16269841
73	87.86764706
73.1	83.23412698
73.2	80.75396825
73.3	81.01851852
73.4	82.83730159
73.5	83.06051587
73.6	84.02777778
73.7	86.21031746
73.8	88.39285714
73.9	89.18650794
74	87.77264402
74.1	86.21031746
74.2	86.37301587
74.3	88.36309524
74.4	91.76587302
74.5	89.64002268
74.6	86.80555556
74.7	87.55952381
74.8	88.73015873
74.9	89.86754612
75	90.71124696
75.1	91.5549478
75.2	92.9138322
75.3	94.59325397
75.4	96.52777778
75.5	96.72619048
75.6	92.46031746
75.7	93.30357143
75.8	94.91921769
75.9	96.32936508
76	94.66153616
76.1	91.13493724
76.2	86.41534392
76.3	83.06216931
76.4	82.24206349
76.5	86.60714286
76.6	90.89285714
76.7	96.52777778
76.8	102.67857143
76.9	106.25793651
77	109.62301587
77.1	109.52380952
77.2	105.25793651
77.3	99.70238095
77.4	95.73412698
77.5	95.72649573
77.6	97.28327228
77.7	98.71031746
77.8	98.84004884
77.9	98.74847375
78	98.51190476
78.1	96.17063492
78.2	93.75
78.3	92.75793651
78.4	94.1468254
78.5	97.32142857
78.6	101.35582011
78.7	102.25793651
78.8	99.93480726
78.9	95.53571429
79	94.3452381
79.1	95.43650794
79.2	96.62698413
79.3	96.92460317
79.4	96.08843537
79.5	95.03968254
79.6	93.1547619
79.7	89.98015873
79.8	85.41666667
79.9	83.82936508
80	83.87654013
80.1	84.62301587
80.2	87.38095238
80.3	90.77380952
80.4	94.20634921
80.5	97.71825397
80.6	100.89285714
80.7	101.09126984
80.8	99.90079365
80.9	98.51190476
81	97.31389391
81.1	94.54365079
81.2	92.16269841
81.3	93.05555556
81.4	94.94047619
81.5	96.72619048
81.6	95.53571429
81.7	95.73412698
81.8	98.11507937
81.9	95.93253968
82	93.62480109
82.1	91.70948204
82.2	90.10756057
82.3	88.5056391
82.4	87.20238095
82.5	88.24404762
82.6	89.48784722
82.7	90.77380952
82.8	92.36111111
82.9	91.13662132
83	89.98015873
83.1	92.16269841
83.2	92.36111111
83.3	86.01190476
83.4	85.4978355
83.5	84.95670996
83.6	84.94543651
83.7	86.23511905
83.8	87.40079365
83.9	89.86441799
84	93.08197735
84.1	96.72619048
84.2	100.89285714
84.3	108.23412698
84.4	112.99603175
84.5	117.36111111
84.6	116.17063492
84.7	110.21825397
84.8	101.09126984
84.9	90.625
85	85.41666667
85.1	83.63095238
85.2	85.2281746
85.3	87.40079365
85.4	90.44047619
85.5	91.8452381
85.6	93.25
85.7	94.6547619
85.8	95.13888889
85.9	94.08046552
86	91.640823
86.1	89.20118047
86.2	88.19444444
86.3	89.98015873
86.4	90.37698413
86.5	89.31051587
86.6	87.99603175
86.7	88.93588137
86.8	90.1890142
86.9	91.44214703
87	92.55952381
87.1	90.6547619
87.2	88.10064935
87.3	86.40873016
87.4	86.17857143
87.5	86.6468254
87.6	87.59920635
87.7	90.37698413
87.8	93.9484127
87.9	95.13888889
88	94.83750251
88.1	93.9484127
88.2	94.64285714
88.3	94.44444444
88.4	93.9484127
88.5	94.44444444
88.6	94.24603175
88.7	92.55952381
88.8	89.98015873
88.9	87.20238095
89	84.28264262
89.1	82.44047619
89.2	81.8452381
89.3	83.63095238
89.4	84.62301587
89.5	85.73412698
89.6	87.59920635
89.7	89.38492063
89.8	89.58333333
89.9	89.12698413
90	89.38492063
90.1	91.85267857
90.2	95.63492063
90.3	96.03174603
90.4	93.1547619
90.5	89.88095238
90.6	89.58333333
90.7	90.81349206
90.8	92.95634921
90.9	92.49338624
91	90.61495445
91.1	88.28262787
91.2	86.9819224
91.3	86.40873016
91.4	87.00396825
91.5	85.81349206
91.6	86.60714286
91.7	88.98809524
91.8	89.38492063
91.9	88.36111111
92	87.00396825
92.1	87.18253968
92.2	87.8968254
92.3	89.25653595
92.4	91.07726424
92.5	92.89799253
92.6	93.9484127
92.7	93.5515873
92.8	94.375
92.9	96.875
93	100.06631106
93.1	103.61772487
93.2	106.25
93.3	106.25
93.4	102.28174603
93.5	95.47902494
93.6	90.77380952
93.7	87.44047619
93.8	84.42460317
93.9	84.22619048
94	86.92186645
94.1	90.7970717
94.2	95.33730159
94.3	97.91666667
94.4	98.0406746
94.5	98.33829365
94.6	98.6359127
94.7	98.80952381
94.8	96.92460317
94.9	94.3452381
95	92.16269841
95.1	92.71825397
95.2	93.75
95.3	93.43253968
95.4	91.07638889
95.5	89.12981859
95.6	87.79195011
95.7	86.40873016
95.8	85.81349206
95.9	87.40079365
96	91.35664683
96.1	93.07539683
96.2	91.96428571
96.3	93.07539683
96.4	93.34986772
96.5	91.36904762
96.6	91.13293651
96.7	89.82142857
96.8	87.79761905
96.9	87.59920635
97	88.19777911
97.1	88.78968254
97.2	88.12003968
97.3	87.22718254
97.4	86.9047619
97.5	87.45039683
97.6	89.55026455
97.7	92.55952381
97.8	93.01303855
97.9	94.3452381
98	95.93253968
98.1	93.75
98.2	92.36111111
98.3	92.75793651
98.4	92.36111111
98.5	92.16269841
98.6	92.95634921
98.7	95.73412698
98.8	97.32142857
98.9	95.54107056
99	93.66533624
99.1	91.78960191
99.2	89.91386758
99.3	88.19444444
99.4	86.1882716
99.5	84.27579365
99.6	83.82936508
99.7	83.92857143
99.8	85.01984127
99.9	85.81349206
100	85.41666667
100.1	81.6468254
100.2	82.19160998
100.3	85.41666667
100.4	89.38492063
100.5	91.17063492
100.6	92.34126984
100.7	92.95634921
100.8	94.74206349
100.9	95.79110011
101	96.86000184
101.1	97.92890357
101.2	98.90873016
101.3	100.15589569
101.4	100.49603175
101.5	98.21428571
101.6	94.3452381
101.7	92.48866213
101.8	90.57539683
101.9	88.50623583
102	87.59920635
102.1	88.39285714
102.2	89.18650794
102.3	88.84259259
102.4	88.98809524
102.5	90.77380952
102.6	92.55952381
102.7	92.55952381
102.8	90.77380952
102.9	89.375
103	87.99603175
103.1	89.18650794
103.2	89.10886818
103.3	89.00534852
103.4	88.90182885
103.5	88.78968254
103.6	87.92162698
103.7	86.60714286
103.8	86.21031746
103.9	86.21031746
104	86.90059357
104.1	88.19444444
104.2	89.58333333
104.3	89.98015873
104.4	90.57539683
104.5	91.78791887
104.6	94.25925926
104.7	95.53571429
104.8	93.93353175
104.9	91.17063492
105	90.97222222
105.1	95.41170635
105.2	96.52777778
105.3	94.44444444
105.4	92.26190476
105.5	91.96428571
105.6	93.82716049
105.7	96.32936508
105.8	98.67724868
105.9	100.29761905
106	101.66457286
106.1	102.28174603
106.2	105.6547619
106.3	111.01190476
106.4	113.93849206
106.5	115.37698413
106.6	110.81349206
106.7	100.29761905
106.8	92.16269841
106.9	86.01190476
107	84.22619048
107.1	85.87962963
107.2	88.39285714
107.3	88.39285714
107.4	87.79761905
107.5	87.59920635
107.6	88.83928571
107.7	90.38690476
107.8	91.80555556
107.9	93.05555556
108	94.6174324
108.1	95.73412698
108.2	92.9484127
108.3	89.57892416
108.4	86.25992063
108.5	85.21825397
108.6	85.61507937
108.7	88.06972789
108.8	90.97222222
108.9	92.08333333
109	93.5515873
109.1	96.13095238
109.2	98.47883598
109.3	99.90079365
109.4	99.04761905
109.5	94.94047619
109.6	90.37698413
109.7	89.22619048
109.8	86.92460317
109.9	84.79848932
110	82.44047619
110.1	82.14285714
110.2	84.98677249
110.3	90.57539683
110.4	93.3531746
110.5	97.32142857
110.6	101.28968254
110.7	104.46428571
110.8	108.23412698
110.9	109.02777778
111	108.4652301
111.1	107.71516654
111.2	107.63888889
111.3	109.09391534
111.4	110.21825397
111.5	108.65929705
111.6	105.64123377
111.7	101.6504329
111.8	97.65963203
111.9	93.66883117
112	91.12103175
112.1	93.75
112.2	92.24537037
112.3	90.77380952
112.4	94.3452381
112.5	92.16269841
112.6	89.58333333
112.7	90.37698413
112.8	89.78174603
112.9	88.36385515
113	86.38948845
113.1	84.74206349
113.2	83.43253968
113.3	81.0515873
113.4	78.93353175
113.5	78.27380952
113.6	80.37301587
113.7	82.04365079
113.8	82.59353741
113.9	83.03571429
114	83.53525924
114.1	84.72222222
114.2	86.21031746
114.3	88.74007937
114.4	92.16269841
114.5	96.25
114.6	99.61734694
114.7	102.67857143
114.8	104.28004535
114.9	102.74943311
115	95.81995974
115.1	85.76301998
115.2	80.79365079
115.3	80.05952381
115.4	80.45634921
115.5	82.46527778
115.6	85.24553571
115.7	88.02579365
115.8	89.18650794
115.9	88.92195767
116	90.77380952
116.1	90.37698413
116.2	84.02777778
116.3	81.16319444
116.4	78.88888889
116.5	78.37301587
116.6	81.0515873
116.7	83.61678005
116.8	86.27344877
116.9	88.76262626
117	89.58333333
117.1	86.80555556
117.2	86.60714286
117.3	85.81349206
117.4	84.15054563
117.5	82.6140873
117.6	81.0515873
117.7	79.46428571
117.8	78.47222222
117.9	81.6468254
118	86.4652761
118.1	92.06349206
118.2	96.13095238
118.3	98.51190476
118.4	98.61111111
118.5	93.19196429
118.6	86.50793651
118.7	83.43253968
118.8	80.77731092
118.9	78.32633053
119	76.09460451
119.1	75.29761905
119.2	77.91468254
119.3	80.67857143
119.4	83.43253968
119.5	87.13624339
119.6	92.20899471
119.7	95.17857143
119.8	96.92460317
119.9	96.72619048
120	93.97007178
120.1	88.40213961
120.2	82.24206349
120.3	78.89384921
120.4	77.87698413
120.5	77.97619048
120.6	78.86904762
120.7	81.4484127
120.8	83.82936508
120.9	86.60714286
121	90.17857143
121.1	91.58897495
121.2	92.36111111
121.3	90.96988796
121.4	88.83520075
121.5	86.70051354
121.6	85.41666667
121.7	86.79761905
121.8	88.23129252
121.9	89.58333333
122	89.48412698
122.1	90.53571429
122.2	93.21825397
122.3	95.93253968
122.4	99.56349206
122.5	102.67857143
122.6	103.07539683
122.7	101.28968254
122.8	99.50396825
122.9	100.21825397
123	101.46589021
123.1	102.77777778
123.2	102.87698413
123.3	101.79280045
123.4	100.34722222
123.5	98.90164399
123.6	97.45606576
123.7	96.03174603
123.8	96.08134921
123.9	96.72619048
124	97.80023287
124.1	98.51190476
124.2	100.91369048
124.3	103.66468254
124.4	106.4156746
124.5	108.91955267
124.6	110.94155844
124.7	112.68772894
124.8	114.12851038
124.9	115.57539683
125	112.89446515
125.1	107.50397434
125.2	104.1005291
125.3	102.11640212
125.4	100.13227513
125.5	98.31349206
125.6	97.16710758
125.7	96.52777778
125.8	96.13095238
125.9	95.33730159
126	95.84080048
126.1	97.71825397
126.2	97.03373016
126.3	95.27777778
126.4	93.3531746
126.5	94.94047619
126.6	98.09757236
126.7	100.50770308
126.8	102.9178338
126.9	104.66269841
127	104.08966535
127.1	102.97619048
127.2	103.67063492
127.3	105.05952381
127.4	102.28174603
127.5	102.08333333
127.6	104.26587302
127.7	104.86111111
127.8	104.36507937
127.9	102.29733037
128	100.1498293
128.1	98.11507937
128.2	94.54365079
128.3	92.82936508
128.4	91.42460317
128.5	90.37698413
128.6	90.77380952
128.7	93.1547619
128.8	96.32936508
128.9	100.40372743
129	105.34924294
129.1	108.43253968
129.2	105.8531746
129.3	105.8531746
129.4	108.92857143
129.5	108.53174603
129.6	109.62301587
129.7	112.6984127
129.8	112.79761905
129.9	110.07326007
130	108.63095238
130.1	109.98015873
130.2	109.57482993
130.3	108.43253968
130.4	110.60657596
130.5	112.20238095
130.6	111.0515873
130.7	108.55952381
130.8	108.08421517
130.9	110.16534392
131	111.79470269
131.1	112.79761905
131.2	113.19444444
131.3	114.80654762
131.4	116.56746032
131.5	118.1547619
131.6	116.75760582
131.7	115.47619048
131.8	113.78968254
131.9	108.43253968
132	104.02514217
132.1	101.09126984
132.2	101.2202381
132.3	100.36375661
132.4	98.41269841
132.5	97.79761905
132.6	98.82936508
132.7	103.75
132.8	106.03835979
132.9	106.2290679
133	104.07217741
133.1	101.91528692
133.2	99.70238095
133.3	97.71825397
133.4	99.95039683
133.5	103.08366402
133.6	106.15906085
133.7	108.94510582
133.8	110.11904762
133.9	108.32231041
134	105.94091489
134.1	103.01587302
134.2	100.09920635
134.3	99.70238095
134.4	100.71428571
134.5	101.88492063
134.6	104.35941043
134.7	105.6547619
134.8	104.29761905
134.9	102.89285714
135	101.48809524
135.1	100.29761905
135.2	101.1359127
135.3	101.88492063
135.4	102.00113379
135.5	102.5085034
135.6	103.27380952
135.7	102.48015873
135.8	100.69444444
135.9	100.29761905
136	101.09126984
136.1	102.87698413
136.2	106.15079365
136.3	110.24305556
136.4	111.60714286
136.5	110.62748016
136.6	107.50248016
136.7	104.37748016
136.8	102.67857143
136.9	103.17460317
137	104.45594905
137.1	106.31349206
137.2	108.63095238
137.3	110.41666667
137.4	111.01190476
137.5	109.82142857
137.6	109.02777778
137.7	108.82936508
137.8	109.42460317
137.9	111.0170605
138	113.01881678
138.1	115.11656746
138.2	117.26190476
138.3	116.17063492
138.4	112.20238095
138.5	110.11904762
138.6	109.62301587
138.7	109.62301587
138.8	108.82033362
138.9	107.3700867
139	105.91983978
139.1	104.28571429
139.2	102.48015873
139.3	101.43925519
139.4	100.44871795
139.5	101.19047619
139.6	106.45833333
139.7	108.63095238
139.8	110.09424603
139.9	111.60714286
140	111.50416918
140.1	110.99611786
140.2	110.61507937
140.3	112.33766234
140.4	114.61038961
140.5	116.07142857
140.6	115.2281746
140.7	113.29365079
140.8	112.99603175
140.9	113.87725159
141	115.51598875
141.1	117.16269841
141.2	119.06179138
141.3	119.94047619
141.4	117.67704518
141.5	114.70543346
141.6	112.40079365
141.7	111.40873016
141.8	112.79761905
141.9	115.77380952
142	119.31730273
142.1	122.96626984
142.2	126.98412698
142.3	127.1577381
142.4	124.50396825
142.5	120.45855379
142.6	117.16269841
142.7	117.16269841
142.8	119.79166667
142.9	121.18055556
143	123.98709484
143.1	127.08333333
143.2	131.14417989
143.3	132.99603175
143.4	133.23412698
143.5	132.37433862
143.6	131.39880952
143.7	130.29761905
143.8	128.07539683
143.9	124.54365079
144	121.31936108
144.1	119.3452381
144.2	118.05555556
144.3	117.29024943
144.4	117.16269841
144.5	117.61739418
144.6	118.1547619
144.7	117.46031746
144.8	113.15192744
144.9	108.43253968
145	110.41666667
145.1	108.01587302
145.2	106.0515873
145.3	108.3234127
145.4	110.21825397
145.5	110.82875458
145.6	111.5491453
145.7	111.60714286
145.8	112.59920635
145.9	116.76587302
146	118.9484127
146.1	119.85160209
146.2	120.33730159
146.3	120.33730159
146.4	118.51851852
146.5	114.41798942
146.6	111.60714286
146.7	109.12698413
146.8	109.42460317
146.9	108.90376984
147	108.29295286
147.1	108.43253968
147.2	106.69642857
147.3	104.06746032
147.4	104.77926587
147.5	106.28968254
147.6	108.74801587
147.7	111.80555556
147.8	113.39285714
147.9	112.37811791
148	110.44000934
148.1	107.68557423
148.2	104.93113912
148.3	102.89462081
148.4	101.48809524
148.5	100.41666667
148.6	99.50396825
148.7	98.90873016
148.8	98.90873016
148.9	101.17063492
149	102.67857143
149.1	101.19047619
149.2	101.88492063
149.3	102.87698413
149.4	101.95578231
149.5	99.10714286
149.6	98.41269841
149.7	99.6031746
149.8	99.90079365
149.9	102.69714883
150	107.97982982
150.1	110.61507937
150.2	110.54928989
150.3	110.48767753
150.4	110.42606516
150.5	108.49867725
150.6	105.45634921
150.7	104.46428571
150.8	105.22959184
150.9	106.8452381
151	106.0515873
151.1	106.8452381
151.2	113.39285714
151.3	122.18501984
151.4	133.82936508
151.5	150.69444444
151.6	163.94557823
151.7	169.74206349
151.8	161.50793651
151.9	148.31349206
152	119.62868481
152.1	105.93253968
152.2	102.35544218
152.3	99.3452381
152.4	96.44047619
152.5	94.55891331
152.6	93.11813187
152.7	92.16269841
152.8	94.3452381
152.9	94.54365079
153	89.41948177
153.1	84.56117404
153.2	79.70286631
153.3	75.46897547
153.4	71.68109668
153.5	69.1468254
153.6	67.75793651
153.7	66.96428571
153.8	66.96428571
153.9	68.05555556
154	69.92623781
154.1	72.12301587
154.2	75.51587302
154.3	79.56128748
154.4	83.63095238
154.5	88.59126984
154.6	92.39087302
154.7	95.29761905
154.8	98.11507937
154.9	100.89285714
155	103.67188937
155.1	106.4484127
155.2	109.72222222
155.3	112.98185941
155.4	117.75793651
155.5	118.75
155.6	120.06448413
155.7	121.23015873
155.8	119.26587302
155.9	116.46825397
156	113.98809524
156.1	113.59126984
156.2	117.04004329
156.3	120.53571429
156.4	119.94047619
156.5	120.27116402
156.6	121.92460317
156.7	121.92460317
156.8	124.66269841
156.9	129.04761905
157	130.6547619
157.1	128.24074074
157.2	123.51190476
157.3	119.42460317
157.4	118.1547619
157.5	119.3452381
157.6	116.04938272
157.7	114.18650794
157.8	113.98809524
157.9	114.76521164
158	115.17857143
158.1	113.5685941
158.2	111.60714286
158.3	110.41666667
158.4	111.06481481
158.5	111.585097
158.6	112.10537919
158.7	113.07539683
158.8	114.14847884
158.9	115.77380952
159	117.98064464
159.1	120.84750567
159.2	122.91666667
159.3	122.32142857
159.4	120.38690476
159.5	118.09098639
159.6	116.36904762
159.7	119.74206349
159.8	122.2594246
159.9	123.55456107
160	121.12597305
160.1	118.09023801
160.2	115.05450298
160.3	112.01876795
160.4	111.40873016
160.5	113.19444444
160.6	115.17857143
160.7	117.06890332
160.8	119.3037518
160.9	122.28174603
161	127.25694444
161.1	131.4484127
161.2	129.48412698
161.3	127.28174603
161.4	123.02083333
161.5	120.38690476
161.6	119.74206349
161.7	124.78174603
161.8	126.99294533
161.9	127.67857143
162	125.63266658
162.1	121.72619048
162.2	119.1468254
162.3	117.85714286
162.4	116.96428571
162.5	115.95982143
162.6	114.88095238
162.7	113.49206349
162.8	113.0952381
162.9	114.98015873
163	115.97222222
163.1	115.97222222
163.2	113.59126984
163.3	113.19444444
163.4	113.98809524
163.5	114.78174603
163.6	116.96428571
163.7	118.9484127
163.8	118.9484127
163.9	119.70899471
164	119.57911748
164.1	117.65873016
164.2	116.96428571
164.3	116.96428571
164.4	117.81746032
164.5	115.50453515
164.6	115.37698413
164.7	119.76686508
164.8	124.25595238
164.9	126.68650794
165	121.92460317
165.1	122.71825397
165.2	123.11507937
165.3	119.74206349
165.4	116.0430839
165.5	113.59126984
165.6	114.18650794
165.7	116.76587302
165.8	116.76587302
165.9	109.82142857
166	108.43253968
166.1	109.22619048
166.2	111.80555556
166.3	114.28571429
166.4	116.07142857
166.5	117.09656085
166.6	118.41931217
166.7	120.20089286
166.8	121.82539683
166.9	120.27596467
167	117.27161323
167.1	114.78174603
167.2	114.58333333
167.3	118.46306471
167.4	121.32936508
167.5	121.32936508
167.6	118.19444444
167.7	114.31471306
167.8	110.08241758
167.9	107.24206349
168	107.24206349
168.1	110.03968254
168.2	112.3015873
168.3	112.8968254
168.4	114.98015873
168.5	118.71392496
168.6	122.39357864
168.7	123.53670635
168.8	123.11507937
168.9	124.10714286
169	121.15429505
169.1	117.96428571
169.2	116.63690476
169.3	117.16269841
169.4	119.3452381
169.5	119.3452381
169.6	115.05291005
169.7	110.01984127
169.8	108.71527778
169.9	105.35042607
170	101.05786423
170.1	96.62698413
170.2	91.07142857
170.3	87.00396825
170.4	86.9047619
170.5	89.08730159
170.6	92.75793651
170.7	97.02380952
170.8	102.87698413
170.9	110.41666667
171	118.23203843
171.1	121.13095238
171.2	120.73412698
171.3	116.73611111
171.4	112.93154762
171.5	109.82142857
171.6	109.86904762
171.7	110.18121693
171.8	110.49338624
171.9	111.01190476
172	113.57591066
172.1	118.22220267
172.2	124.10714286
172.3	122.02380952
172.4	119.94047619
172.5	121.93362193
172.6	124.35515873
172.7	128.27380952
172.8	130.6547619
172.9	131.54761905
173	129.53707027
173.1	124.69444444
173.2	121.54761905
173.3	120.16414141
173.4	117.60664683
173.5	114.18650794
173.6	109.62301587
173.7	109.22619048
173.8	110.49603175
173.9	112.99603175
174	113.78968254
174.1	112.63888889
174.2	111.40873016
174.3	113.88888889
174.4	116.9212963
174.5	119.1468254
174.6	117.95634921
174.7	112.77777778
174.8	109.22619048
174.9	110.61507937
175	111.54742641
175.1	112.54758052
175.2	112.40079365
175.3	113.88888889
175.4	116.76587302
175.5	117.44791667
175.6	117.75793651
175.7	117.36111111
175.8	110.71428571
175.9	108.23412698
176	107.63888889
176.1	104.55533326
176.2	104.06746032
176.3	106.09126984
176.4	108.47222222
176.5	111.01190476
176.6	112.59920635
176.7	110.93253968
176.8	108.25680272
176.9	105.6547619
177	104.86816414
177.1	104.16666667
177.2	102.60416667
177.3	99.4047619
177.4	98.51190476
177.5	104.46428571
177.6	110.81349206
177.7	115.97222222
177.8	117.85714286
177.9	117.53968254
178	116.96428571
178.1	118.76984127
178.2	121.43398268
178.3	124.10714286
178.4	127.1031746
178.5	128.31349206
178.6	129.71825397
178.7	130.45634921
178.8	126.24206349
178.9	120.73412698
179	116.54987945
179.1	111.03174603
179.2	107.34126984
179.3	107.14285714
179.4	112.5
179.5	118.1547619
179.6	121.23015873
179.7	125.09920635
179.8	125.89285714
179.9	125.89285714
180	124.37038699
180.1	122.60497706
180.2	121.13095238
180.3	121.52777778
180.4	118.46560847
180.5	113.39285714
180.6	111.58369408
180.7	109.82142857
180.8	110.01653439
180.9	113.39285714
181	115.10281576
181.1	116.36569003
181.2	117.62856429
181.3	118.45238095
181.4	118.45238095
181.5	117.46031746
181.6	116.26984127
181.7	115.87301587
181.8	118.75
181.9	121.07142857
182	123.7370801
182.1	127.13464378
182.2	132.10600907
182.3	137.59920635
182.4	138.19444444
182.5	136.87169312
182.6	134.76190476
182.7	131.49644946
182.8	128.23099415
182.9	125.09920635
183	126.28968254
183.1	123.71031746
183.2	118.75
183.3	118.23743386
183.4	118.03902116
183.5	117.85714286
183.6	115.32738095
183.7	113.39285714
183.8	114.38492063
183.9	116.1178923
184	119.08152502
184.1	120.53571429
184.2	118.11904762
184.3	118.13378685
184.4	120.33730159
184.5	120.12471655
184.6	119.87386621
184.7	119.74206349
184.8	119.74206349
184.9	120.53571429
185	123.61453202
185.1	128.13560482
185.2	129.06746032
185.3	125.09920635
185.4	121.92460317
185.5	120.56878307
185.6	120.33730159
185.7	121.03174603
185.8	122.48664675
185.9	124.02968898
186	125.5727312
186.1	126.68650794
186.2	126.28205128
186.3	125.83180708
186.4	125.69444444
186.5	125.09920635
186.6	122.4702381
186.7	121.72619048
186.8	122.19444444
186.9	123.13095238
187	124.70238095
187.1	126.48809524
187.2	126.68650794
187.3	124.04100529
187.4	120.53571429
187.5	119.94047619
187.6	119.56349206
187.7	118.5515873
187.8	119.3452381
187.9	122.06349206
188	125.49603175
188.1	124.90079365
188.2	119.74206349
188.3	114.58333333
188.4	111.80555556
188.5	111.01190476
188.6	111.36904762
188.7	111.9047619
188.8	112.59920635
188.9	116.17063492
189	120.50952465
189.1	120.8531746
189.2	119.94047619
189.3	121.38888889
189.4	123.11507937
189.5	123.51190476
189.6	117.03869048
189.7	112.59920635
189.8	112.59920635
189.9	115.8631298
190	120.56198496
190.1	123.80952381
190.2	123.90873016
190.3	119.3452381
190.4	112.5
190.5	107.14285714
190.6	105.15873016
190.7	107.09325397
190.8	110.24801587
190.9	113.19444444
191	115.77380952
191.1	115.41666667
191.2	113.82275132
191.3	112.00396825
191.4	111.2585034
191.5	111.21031746
191.6	112.59920635
191.7	112.12301587
191.8	112.2718254
191.9	113.55216661
192	115.77380952
192.1	119.92063492
192.2	123.31349206
192.3	119.1468254
192.4	117.26190476
192.5	116.07142857
192.6	114.88095238
192.7	114.98015873
192.8	117.55952381
192.9	119.74206349
193	122.66740448
193.1	126.09126984
193.2	130.1031746
193.3	130.8531746
193.4	122.40079365
193.5	118.84920635
193.6	115.92261905
193.7	114.78174603
193.8	119.1468254
193.9	123.51190476
194	127.48015873
194.1	128.47222222
194.2	127.97619048
194.3	126.88492063
194.4	126.68650794
194.5	128.29861111
194.6	131.8452381
194.7	131.8452381
194.8	128.47222222
194.9	123.95833333
195	122.32142857
195.1	123.18121693
195.2	124.70238095
195.3	122.51984127
195.4	117.30616606
195.5	112.26343101
195.6	110.81349206
195.7	111.43849206
195.8	113.44474969
195.9	115.42582418
196	118.00004298
196.1	120.98214286
196.2	122.91666667
196.3	123.31349206
196.4	122.32142857
196.5	121.82539683
196.6	121.72619048
196.7	122.51984127
196.8	121.52811388
196.9	120.1003491
197	118.5515873
197.1	118.3531746
197.2	118.92195767
197.3	119.3452381
197.4	117.79100529
197.5	117.16269841
197.6	118.9484127
197.7	119.38492063
197.8	119.54365079
197.9	118.9484127
198	118.9484127
198.1	118.9484127
198.2	117.98469388
198.3	116.66666667
198.4	116.46825397
198.5	118.12996032
198.6	120.88844797
198.7	124.90079365
198.8	128.57142857
198.9	131.63265306
199	132.44047619
199.1	128.23412698
199.2	124.72222222
199.3	121.82142857
199.4	119.54861111
199.5	116.91468254
199.6	114.28075397
199.7	111.80555556
199.8	111.21031746
199.9	112.17352092
200	115.79184704
200.1	119.10714286
200.2	120.95734127
200.3	121.72619048
200.4	121.92460317
200.5	120.9505772
200.6	118.71572872
200.7	116.36904762
200.8	114.89880952
200.9	113.39285714
201	113.44489526
201.1	114.88095238
201.2	118.84920635
201.3	121.32936508
201.4	122.32142857
201.5	121.03174603
201.6	119.84126984
201.7	119.2680776
201.8	119.1468254
201.9	116.76587302
202	115.57539683
202.1	115.63095238
202.2	115.63690476
202.3	115.28571429
202.4	114.58333333
202.5	114.78174603
202.6	115.37698413
202.7	115.37698413
202.8	115.97222222
202.9	117.21371882
203	118.1547619
203.1	116.56746032
203.2	111.01190476
203.3	104.06746032
203.4	103.86904762
203.5	107.24206349
203.6	106.74603175
203.7	108.63095238
203.8	111.40873016
203.9	113.69047619
204	115.93442933
204.1	118.16421013
204.2	120.15652557
204.3	122.23765432
204.4	123.11507937
204.5	118.42757937
204.6	117.75793651
204.7	119.66269841
204.8	122.51984127
204.9	125.69444444
205	126.7492306
205.1	126.88492063
205.2	129.36507937
205.3	132.83730159
205.4	135.71428571
205.5	136.60714286
205.6	136.01190476
205.7	134.62301587
205.8	129.76190476
205.9	123.41269841
206	117.95634921
206.1	117.55952381
206.2	118.95337302
206.3	121.21031746
206.4	122.91666667
206.5	122.91666667
206.6	121.09375
206.7	119.74206349
206.8	120.53571429
206.9	123.71031746
207	125.85739045
207.1	126.88492063
207.2	126.38888889
207.3	122.96626984
207.4	119.74206349
207.5	118.65079365
207.6	115.97222222
207.7	113.59126984
207.8	117.81994048
207.9	121.05379189
208	123.11507937
208.1	121.72619048
208.2	122.81746032
208.3	124.70238095
208.4	126.2585034
208.5	126.68650794
208.6	125.95486111
208.7	125.29761905
208.8	123.23412698
208.9	120.11371999
209	116.49553092
209.1	112.79761905
209.2	109.82142857
209.3	113.39285714
209.4	113.56646825
209.5	114.38492063
209.6	117.24206349
209.7	118.1547619
209.8	117.46031746
209.9	116.26984127
210	115.8597953
210.1	115.97222222
210.2	115.07275132
210.3	113.37121212
210.4	111.66847042
210.5	111.40873016
210.6	114.18650794
210.7	118.75
210.8	120.13888889
210.9	120.33730159
211	120.33730159
211.1	121.7032967
211.2	123.26007326
211.3	124.30555556
211.4	121.34353741
211.5	120.13888889
211.6	120.63492063
211.7	122.41300366
211.8	124.24450549
211.9	124.90079365
212	116.96428571
212.1	113.98809524
212.2	110.81349206
212.3	106.60714286
212.4	102.95414462
212.5	99.70238095
212.6	99.90079365
212.7	103.50198413
212.8	107.71825397
212.9	109.31878307
213	109.82142857
213.1	110.01984127
213.2	114.98015873
213.3	119.13095238
213.4	120.85813492
213.5	121.57356532
213.6	121.93376068
213.7	121.92460317
213.8	119.0297619
213.9	115.86904762
214	112.86855242
214.1	110.46626984
214.2	109.82142857
214.3	110.03637566
214.4	110.23478836
214.5	110.41666667
214.6	110.90029762
214.7	111.30952381
214.8	113.69047619
214.9	117.77777778
215	120.87823726
215.1	121.13095238
215.2	118.1765873
215.3	115.57539683
215.4	115.17857143
215.5	119.04761905
215.6	120.73412698
215.7	119.1468254
215.8	116.87169312
215.9	115.91916803
216	113.44641028
216.1	111.30952381
216.2	111.01190476
216.3	111.70634921
216.4	113.19444444
216.5	116.43518519
216.6	118.75
216.7	118.75
216.8	117.95634921
216.9	117.95634921
217	119.35219994
217.1	120.17369813
217.2	120.44973545
217.3	120.13888889
217.4	121.80555556
217.5	124.70238095
217.6	129.06746032
217.7	128.27380952
217.8	125.69444444
217.9	121.56746032
218	120.53571429
218.1	121.54903628
218.2	124.01502268
218.3	126.68650794
218.4	126.09126984
218.5	122.26190476
218.6	119.54365079
218.7	118.57864358
218.8	117.6046176
218.9	117.16269841
219	118.5515873
219.1	121.92460317
219.2	119.12131519
219.3	116.56746032
219.4	113.98809524
219.5	115.77380952
219.6	118.11507937
219.7	120.13888889
219.8	119.94047619
219.9	118.30750514
220	115.9526496
220.1	113.39285714
220.2	110.41666667
220.3	106.6468254
220.4	107.34126984
220.5	110.31746032
220.6	115.37698413
220.7	124.47916667
220.8	130.8531746
220.9	132.83730159
221	128.75666001
221.1	120.53571429
221.2	107.46428571
221.3	104.23185941
221.4	102.67857143
221.5	103.27380952
221.6	107.10714286
221.7	109.82142857
221.8	110.21825397
221.9	108.63153084
222	106.35624431
222.1	104.08095778
222.2	101.80567125
222.3	99.90079365
222.4	99.79474548
222.5	100.16420361
222.6	100.53366174
222.7	100.90311987
222.8	101.272578
222.9	101.78571429
223	103.70752572
223.1	104.6468254
223.2	105.05952381
223.3	105.25793651
223.4	107.39583333
223.5	109.62301587
223.6	110.21825397
223.7	111.53344671
223.8	111.19047619
223.9	106.8452381
224	102.05026455
224.1	97.32142857
224.2	95.58862434
224.3	95.33730159
224.4	96.92460317
224.5	101.48809524
224.6	106.76587302
224.7	108.23412698
224.8	106.83673469
224.9	105.1348269
225	103.95497438
225.1	102.77512186
225.2	101.09126984
225.3	99.90079365
225.4	99.4047619
225.5	98.25036075
225.6	96.72619048
225.7	94.94047619
225.8	94.3452381
225.9	95.14934149
226	96.72619048
226.1	96.72619048
226.2	96.55092593
226.3	95.73412698
226.4	94.3452381
226.5	91.76587302
226.6	88.19444444
226.7	86.59013605
226.8	84.54287704
226.9	82.19508556
227	79.84729407
227.1	78.86904762
227.2	79.06746032
227.3	77.82029478
227.4	77.48015873
227.5	81.6385582
227.6	85.90443122
227.7	90.37698413
227.8	95.33730159
227.9	98.01587302
228	100.97993482
228.1	104.50284868
228.2	110.61507937
228.3	118.16919192
228.4	120.19119769
228.5	121.32936508
228.6	118.7414966
228.7	112.40079365
228.8	109.82142857
228.9	109.1159612
229	108.45027303
229.1	107.83730159
229.2	107.63888889
229.3	108.43253968
229.4	106.13095238
229.5	103.59126984
229.6	101.38888889
229.7	101.68650794
229.8	102.67857143
229.9	102.62188209
230	103.54437229
230.1	105.89285714
230.2	107.94146825
230.3	109.62301587
230.4	108.76984127
230.5	105.25793651
230.6	104.67857143
230.7	107.44047619
230.8	106.90759637
230.9	105.45634921
231	102.20914075
231.1	98.32589286
231.2	94.94047619
231.3	91.26984127
231.4	86.21031746
231.5	86.40873016
231.6	90.77380952
231.7	95.53571429
231.8	100.3968254
231.9	103.17460317
232	105.10182217
232.1	106.25
232.2	106.4484127
232.3	104.18650794
232.4	103.22691198
232.5	102.58838384
232.6	102.28174603
232.7	101.48809524
232.8	99.99007937
232.9	98.11507937
233	98.11507937
233.1	103.17460317
233.2	110.01984127
233.3	108.63095238
233.4	106.18055556
233.5	103.47222222
233.6	102.78604497
233.7	102.09160053
233.8	101.19047619
233.9	99.4047619
234	95.3057548
234.1	89.86111111
234.2	87.0271164
234.3	86.40873016
234.4	89.20918367
234.5	92.00396825
234.6	95.13888889
234.7	97.12301587
234.8	97.12654321
234.9	94.47310406
235	90.99717232
235.1	89.28571429
235.2	91.09623016
235.3	95.13888889
235.4	100
235.5	104.86111111
235.6	106.36904762
235.7	107.79761905
235.8	108.63095238
235.9	107.63888889
236	103.44717395
236.1	100.09920635
236.2	98.71031746
236.3	95.53571429
236.4	91.17063492
236.5	86.80555556
236.6	83.23412698
236.7	80.25793651
236.8	80.71428571
236.9	83.03571429
237	86.55202822
237.1	90.17857143
237.2	93.75
237.3	97.71825397
237.4	99.50396825
237.5	101.21527778
237.6	102.89806548
237.7	105.6547619
237.8	105.8531746
237.9	102.59559885
238	99.42582817
238.1	95.43650794
238.2	89.08730159
238.3	82.24206349
238.4	79.06746032
238.5	77.48015873
238.6	77.81498016
238.7	78.27380952
238.8	77.26934524
238.9	75.3968254
239	75.29761905
239.1	76.48809524
239.2	79.97271825
239.3	84.42460317
239.4	90.77380952
239.5	96.72619048
239.6	101.00198413
239.7	104.10714286
239.8	104.86111111
239.9	103.27380952
240	100.04675242
240.1	96.27919175
240.2	93.40828924
240.3	90.97222222
240.4	89.68253968
240.5	89.38492063
240.6	89.18650794
240.7	87.1031746
240.8	84.52380952
240.9	82.14285714
241	82.04365079
241.1	83.63095238
241.2	87.79761905
241.3	94.54365079
241.4	99.90079365
241.5	103.27380952
241.6	101.04166667
241.7	96.92460317
241.8	91.56746032
241.9	89.70238095
242	88.78968254
242.1	89.48412698
242.2	90.17857143
242.3	89.03061224
242.4	86.80555556
242.5	84.53144078
242.6	81.78418803
242.7	79.06746032
242.8	80.76499118
242.9	83.73015873
243	88.47905112
243.1	92.95634921
243.2	95.96560847
243.3	98.11507937
243.4	100.69444444
243.5	106.0515873
243.6	112.99603175
243.7	116.25
243.8	117.16269841
243.9	112.40079365
244	109.5926835
244.1	107.04365079
244.2	104.62549603
244.3	101.19047619
244.4	97.61904762
244.5	93.84920635
244.6	94.56845238
244.7	95.83333333
244.8	96.82539683
244.9	94.1468254
245	89.88043298
245.1	85.21825397
245.2	79.20093795
245.3	72.60281385
245.4	67.75793651
245.5	67.55952381
245.6	70.95634921
245.7	76.28968254
245.8	80.6547619
245.9	85.81349206
246	92.24246231
246.1	95.73412698
246.2	95.33730159
246.3	89.49829932
246.4	86.21031746
246.5	82.04365079
246.6	77.72266314
246.7	73.71031746
246.8	73.51190476
246.9	74.87713071
247	76.13733928
247.1	77.08333333
247.2	77.87698413
247.3	79.46428571
247.4	81.62698413
247.5	84.42460317
247.6	86.60714286
247.7	87.90343915
247.8	88.97461189
247.9	92.2056377
248	95.43666351
248.1	98.51190476
248.2	101.09126984
248.3	103.07539683
248.4	102.67857143
248.5	101.28968254
248.6	98.31349206
248.7	93.65079365
248.8	87.8968254
248.9	81.6468254
249	74.27151823
249.1	69.79497354
249.2	69.3452381
249.3	74.50396825
249.4	81.6468254
249.5	89.38492063
249.6	95.73412698
249.7	98.23412698
249.8	100.57539683
249.9	102.91666667
250	104.26587302
250.1	100.22619048
250.2	92.36111111
250.3	85.81349206
250.4	80.8531746
250.5	75.49603175
250.6	67.36111111
250.7	61.94444444
250.8	58.63095238
250.9	60.39711925
251	63.2916705
251.1	65.97222222
251.2	67.06349206
251.3	68.05555556
251.4	69.24603175
251.5	71.72619048
251.6	74.50396825
251.7	78.07539683
251.8	82.93650794
251.9	87.00396825
252	90.35397074
252.1	93.43652038
252.2	93.9484127
252.3	89.98015873
252.4	88.89087302
252.5	88.39285714
252.6	90.37698413
252.7	94.32256236
252.8	98.71031746
252.9	102.48015873
253	102.87698413
253.1	101.98412698
253.2	100.5952381
253.3	100.29141865
253.4	100.06820437
253.5	99.65277778
253.6	98.67724868
253.7	97.75132275
253.8	97.02380952
253.9	98.01587302
254	99.28362048
254.1	99.90079365
254.2	101.48809524
254.3	102.87698413
254.4	103.07539683
254.5	104.86111111
254.6	105.6547619
254.7	102.57395382
254.8	99.10714286
254.9	99.10714286
255	104.74449529
255.1	106.66486291
255.2	107.83730159
255.3	107.30820106
255.4	105.19179894
255.5	104.46428571
255.6	104.66269841
255.7	105.15873016
255.8	106.34920635
255.9	109.98015873
256	113.97413656
256.1	117.95634921
256.2	120.6547619
256.3	122.68424036
256.4	124.10714286
256.5	126.68650794
256.6	132.24206349
256.7	137.00396825
256.8	141.56746032
256.9	137.51102293
257	132.42642335
257.1	127.87698413
257.2	124.68253968
257.3	123.51190476
257.4	124.4047619
257.5	126.26488095
257.6	128.17460317
257.7	128.96825397
257.8	130.75396825
257.9	131.8452381
258	129.4092918
258.1	127.28174603
258.2	125.09920635
258.3	124.50396825
258.4	125.29761905
258.5	127.42346939
258.6	130.45634921
258.7	129.5515873
258.8	129.60714286
258.9	130.8531746
259	128.38985173
259.1	125.1984127
259.2	123.31349206
259.3	119.3452381
259.4	115.77380952
259.5	115.87301587
259.6	117.95634921
259.7	120.33730159
259.8	121.92460317
259.9	123.97073413
260	125.29761905
260.1	124.10714286
260.2	121.41269841
260.3	120.73412698
260.4	122.71825397
260.5	121.13095238
260.6	118.78968254
260.7	116.17063492
260.8	114.18650794
260.9	115.98356009
261	118.95543912
261.1	120.78373016
261.2	121.85515873
261.3	122.71825397
261.4	123.51190476
261.5	123.17176871
261.6	121.92460317
261.7	123.15917108
261.8	125.3968254
261.9	127.48015873
262	128.73128025
262.1	129.51551579
262.2	130.25793651
262.3	128.47222222
262.4	125.69444444
262.5	124.10714286
262.6	124.37996032
262.7	125.54365079
262.8	126.28968254
262.9	127.48015873
263	129.08399471
263.1	130.05952381
263.2	127.87698413
263.3	121.92460317
263.4	115.97222222
263.5	112.99603175
263.6	113.00099206
263.7	115.97222222
263.8	118.5515873
263.9	119.636433
264	120.74746565
264.1	121.8584983
264.2	121.52777778
264.3	119.24603175
264.4	118.84920635
264.5	120.13888889
264.6	121.98129252
264.7	123.90873016
264.8	124.10714286
264.9	120.93253968
265	119.67097371
265.1	118.29471992
265.2	116.0515873
265.3	112.40079365
265.4	110.01984127
265.5	115.8234127
265.6	121.13095238
265.7	123.90873016
265.8	123.28703704
265.9	122.32142857
266	122.28998308
266.1	122.71825397
266.2	123.71031746
266.3	123.31349206
266.4	121.25
266.5	119.64285714
266.6	118.75
266.7	118.75
266.8	119.16666667
266.9	120.08928571
267	121.49300442
267.1	122.94121257
267.2	124.38942072
267.3	126.09126984
267.4	128.24294533
267.5	129.66269841
267.6	126.36363636
267.7	122.91666667
267.8	119.94047619
267.9	120.33730159
268	122.2899932
268.1	123.90873016
268.2	124.10714286
268.3	124.10714286
268.4	124.17717087
268.5	124.45728291
268.6	124.73739496
268.7	125.29761905
268.8	126.48809524
268.9	127.90674603
269	128.86904762
269.1	127.87698413
269.2	123.86904762
269.3	120.53571429
269.4	122.46031746
269.5	125.5952381
269.6	129.26587302
269.7	128.31349206
269.8	126.88492063
269.9	125.80750045
270	124.71331802
270.1	123.61111111
270.2	123.01587302
270.3	122.32142857
270.4	120.13888889
270.5	118.05555556
270.6	117.64219577
270.7	117.65873016
270.8	118.5515873
270.9	123.11507937
271	125.39308959
271.1	126.48809524
271.2	127.91666667
271.3	130.45634921
271.4	133.92361111
271.5	136.55753968
271.6	138.28320802
271.7	139.82351713
271.8	141.36382623
271.9	142.16269841
272	142.16269841
272.1	141.96428571
272.2	140.17857143
272.3	138.19444444
272.4	138.39285714
272.5	137.39459325
272.6	134.19518849
272.7	130.99578373
272.8	128.67063492
272.9	127.05853175
273	122.32142857
273.1	121.52777778
273.2	123.71031746
273.3	123.90873016
273.4	123.17063492
273.5	122.51984127
273.6	124.14965986
273.7	127.28174603
273.8	132.63888889
273.9	135.79365079
274	138.59126984
274.1	138.0952381
274.2	135.11904762
274.3	132.04365079
274.4	128.86904762
274.5	127.3100907
274.6	126.48809524
274.7	125.79365079
274.8	124.18650794
274.9	123.51190476
275	124.33352615
275.1	125.0919459
275.2	125.21164021
275.3	124.90079365
275.4	124.50396825
275.5	125.25793651
275.6	126.31150794
275.7	126.88492063
275.8	125.93650794
275.9	125.09920635
276	126.76917989
276.1	128.07539683
276.2	127.67857143
276.3	124.53231293
276.4	122.71825397
276.5	120.7010582
276.6	118.55489418
276.7	118.11507937
276.8	118.03146259
276.9	117.95634921
277	118.75702642
277.1	120.70578231
277.2	122.02380952
277.3	122.51984127
277.4	122.71825397
277.5	124.10714286
277.6	125.49603175
277.7	126.58730159
277.8	126.68650794
277.9	127.77777778
278	129.46428571
278.1	126.78451903
278.2	126.22685185
278.3	127.28174603
278.4	125.42748918
278.5	123.51190476
278.6	123.11507937
278.7	125.37698413
278.8	129.06746032
278.9	134.42460317
279	134.62301587
279.1	131.6468254
279.2	130.6547619
279.3	131.25
279.4	130.4138322
279.5	128.96825397
279.6	127.97619048
279.7	127.87698413
279.8	128.33167989
279.9	128.86904762
280	128.18082951
280.1	126.68650794
280.2	126.60218254
280.3	126.89484127
280.4	127.28174603
280.5	128.86904762
280.6	130.05952381
280.7	130.05952381
280.8	127.84618498
280.9	124.24192095
281	120.33730159
281.1	118.71031746
281.2	118.76653439
281.3	120.41997354
281.4	122.0734127
281.5	123.78968254
281.6	125.09920635
281.7	121.96180556
281.8	120.03968254
281.9	120.23809524
282	123.92069614
282.1	126.28968254
282.2	126.28968254
282.3	128.27380952
282.4	131.8452381
282.5	136.54100529
282.6	138.14285714
282.7	138.39285714
282.8	137.57275132
282.9	136.48809524
283	134.30928027
283.1	130.75396825
283.2	127.08333333
283.3	124.30555556
283.4	126.32511338
283.5	128.07539683
283.6	128.07539683
283.7	124.10714286
283.8	119.44444444
283.9	118.3531746
284	123.40019341
284.1	125.86451247
284.2	127.48015873
284.3	129.06746032
284.4	131.05725624
284.5	131.8452381
284.6	128.71031746
284.7	125.59126984
284.8	123.61772487
284.9	122.83730159
285	121.6659132
285.1	120.22643446
285.2	119.1468254
285.3	121.32936508
285.4	123.71031746
285.5	126.48809524
285.6	129.66269841
285.7	132.68849206
285.8	135.61507937
285.9	135.75680272
286	134.82142857
286.1	131.6468254
286.2	133.41269841
286.3	134.42460317
286.4	130.25793651
286.5	125.8531746
286.6	122.91666667
286.7	122.51984127
286.8	123.39451058
286.9	125.05291005
287	126.88992264
287.1	126.63690476
287.2	124.70238095
287.3	123.90873016
287.4	124.10714286
287.5	125.31622024
287.6	126.43229167
287.7	127.08333333
287.8	127.48015873
287.9	129.57589286
288	129.7660731
288.1	129.37996032
288.2	130.6969246
288.3	130.6547619
288.4	128.86904762
288.5	121.52777778
288.6	118.68480726
288.7	117.16269841
288.8	117.16269841
288.9	118.3531746
289	121.52777778
289.1	124.42063492
289.2	127.48015873
289.3	131.4484127
289.4	132.96130952
289.5	134.42460317
289.6	135.88789683
289.7	136.40873016
289.8	131.37566138
289.9	127.48015873
290	125.00696022
290.1	122.71825397
290.2	120.53571429
290.3	118.9484127
290.4	122.00963719
290.5	124.10714286
290.6	123.90873016
290.7	121.47266314
290.8	119.84126984
290.9	119.19642857
291	117.70473648
291.1	116.96428571
291.2	120.89143991
291.3	124.82142857
291.4	128.09240363
291.5	130.95238095
291.6	133.78968254
291.7	135.41666667
291.8	135.19179894
291.9	134.22619048
292	135.21825397
292.1	135.11904762
292.2	132.63888889
292.3	130.45634921
292.4	128.96825397
292.5	128.18877551
292.6	127.67857143
292.7	127.28174603
292.8	127.87698413
292.9	129.06746032
293	129.06746032
293.1	126.70944719
293.2	125.29761905
293.3	126.28968254
293.4	123.97675737
293.5	122.6521164
293.6	124.6031746
293.7	126.09126984
293.8	127.67857143
293.9	129.46428571
294	133.5040573
294.1	137.1031746
294.2	136.80555556
294.3	133.33333333
294.4	129.76190476
294.5	129.16666667
294.6	127.08333333
294.7	124.90079365
294.8	125.34171076
294.9	126.48809524
295	127.96368547
295.1	129.46428571
295.2	129.71171802
295.3	129.98716153
295.4	130.25793651
295.5	129.99338624
295.6	129.3968254
295.7	128.69444444
295.8	127.87698413
295.9	126.09126984
296	122.51984127
296.1	123.98088023
296.2	127.44408369
296.3	131.69642857
296.4	135.81349206
296.5	142.55952381
296.6	154.06746032
296.7	151.78571429
296.8	149.8015873
296.9	147.99382716
297	145.93253968
297.1	142.92460317
297.2	139.78174603
297.3	134.22619048
297.4	126.09126984
297.5	114.38492063
297.6	100.09920635
297.7	84.81746032
297.8	68.9484127
297.9	63.19444444
298	59.82142857
298.1	65.98547462
298.2	72.32142857
298.3	77.64550265
298.4	79.86111111
298.5	75.54563492
298.6	70.23809524
298.7	65.67460317
298.8	61.30952381
298.9	58.13492063
299	57.04365079
299.1	57.33465608
299.2	58.05004409
299.3	58.7654321
299.4	59.42460317
299.5	59.82142857
299.6	59.48232323
299.7	59.26948052
299.8	59.22619048
299.9	59.02777778
300	52.51227739
300.1	44.94047619
300.2	33.03571429
300.3	25.1984127
300.4	21.6765873
300.5	20.33730159
300.6	19.04761905
300.7	17.85714286
300.8	17.55952381
300.9	17.36111111
301	17.77676586
301.1	18.2302074
301.2	18.3531746
301.3	18.16391941
301.4	17.98382173
301.5	16.96428571
301.6	15.79365079
301.7	14.78174603
301.8	14.35019841
301.9	14.18650794
302	14.18650794
302.1	14.18650794
302.2	14.38492063
302.3	14.78174603
302.4	14.63718821
302.5	14.18650794
302.6	13.19444444
302.7	13.41269841
302.8	14.18650794
302.9	14.18650794
303	13.39324341
303.1	12.39049319
303.2	11.60714286
303.3	12.0248538
303.4	13.02736007
303.5	14.02986633
303.6	14.78174603
303.7	16.2202381
303.8	18.05555556
303.9	19.64285714
304	20.58288933
304.1	20.93253968
304.2	20.73412698
304.3	20.13888889
304.4	19.54365079
304.5	19.74206349
304.6	20.93253968
304.7	23.23412698
304.8	24.92724868
304.9	25.25228418
305	25.1494089
305.1	25.04653363
305.2	24.94365835
305.3	24.57093254
305.4	24.00545635
305.5	23.43998016
305.6	22.87450397
305.7	22.30902778
305.8	21.74355159
305.9	21.13095238
306	21.32936508
306.1	22.40079365
306.2	23.57142857
306.3	24.74206349
306.4	25.29761905
306.5	25.26260504
306.6	25.2281746
306.7	25.19374416
306.8	25.15931373
306.9	25.12488329
307	24.64807853
307.1	24.00793651
307.2	24.92236025
307.3	24.97412008
307.4	25.02587992
307.5	25.07763975
307.6	25.29761905
307.7	26.32826279
307.8	27.45260141
307.9	28.67063492
308	29.06746032
308.1	27.68467643
308.2	25.97374847
308.3	24.16208791
308.4	22.18101343
308.5	20.33730159
308.6	19.74206349
308.7	20.53571429
308.8	21.52777778
308.9	21.72619048
309	21.52777778
309.1	22.12301587
309.2	23.73511905
309.3	24.50396825
309.4	24.33390023
309.5	23.65362812
309.6	22.97335601
309.7	22.2930839
309.8	21.61281179
309.9	21.32936508
310	21.55023959
310.1	22.59920635
310.2	23.76984127
310.3	24.56349206
310.4	24.70238095
310.5	24.50396825
310.6	23.91666667
310.7	22.66798942
310.8	21.41931217
310.9	20.13888889
311	20.13888889
311.1	21.78818861
311.2	23.30863679
311.3	24.8015873
311.4	25.44642857
311.5	25.62003968
311.6	25.29761905
311.7	24.32760141
311.8	23.26940035
311.9	22.12301587
312	22.12301587
312.1	24.50334757
312.2	25.70861678
312.3	26.28968254
312.4	26.28968254
312.5	26.28968254
312.6	26.28968254
312.7	26.28968254
312.8	27.22222222
312.9	28.39285714
313	29.46428571
313.1	29.36507937
313.2	27.38715278
313.3	24.78298611
313.4	22.17881944
313.5	21.42857143
313.6	23.11507937
313.7	24.96693122
313.8	26.81878307
313.9	28.67063492
314	30.25793651
314.1	29.86111111
314.2	27.98611111
314.3	26.08465608
314.4	24.50396825
314.5	23.71031746
314.6	23.76984127
314.7	24.66269841
314.8	25.83333333
314.9	27.00396825
315	28.07539683
315.1	27.08333333
315.2	27.08333333
315.3	27.08333333
315.4	27.08333333
315.5	27.08333333
315.6	26.35416667
315.7	25.5489418
315.8	24.47585979
315.9	23.31349206
316	23.11507937
316.1	23.11507937
316.2	22.73351648
316.3	22.00091575
316.4	21.32936508
316.5	21.32936508
316.6	21.73859127
316.7	22.18501984
316.8	22.63144841
316.9	23.11507937
317	23.7628874
317.1	24.46958707
317.2	25.09920635
317.3	25.55776014
317.4	26.30952381
317.5	27.48015873
317.6	28.46507937
317.7	29.3547619
317.8	30.24444444
317.9	31.13412698
318	32.06424342
318.1	32.63888889
318.2	32.24206349
318.3	31.74603175
318.4	31.50946276
318.5	31.32631258
318.6	31.4484127
318.7	32.24206349
318.8	31.15079365
318.9	30.45634921
319	31.31947574
319.1	31.8452381
319.2	32.04365079
319.3	32.04365079
319.4	32.8505291
319.5	33.43253968
319.6	33.03571429
319.7	34.3015873
319.8	35.39462081
319.9	36.0067175
320	36.61881419
320.1	37.23091088
320.2	37.84300757
320.3	38.21924603
320.4	38.39285714
320.5	38.39285714
320.6	37.97123016
320.7	37.43551587
320.8	36.89980159
320.9	36.40873016
321	36.69965039
321.1	37.87404941
321.2	38.97727273
321.3	39.82864358
321.4	40.57539683
321.5	39.35657596
321.6	37.99603175
321.7	38.78968254
321.8	38.59725149
321.9	36.97533268
322	35.21825397
322.1	35.01984127
322.2	36.48088023
322.3	38.59126984
322.4	39.17887668
322.5	39.63675214
322.6	39.98015873
322.7	38.69047619
322.8	36.50793651
322.9	35.61507937
323	37.63075314
323.1	40.06578573
323.2	42.10119048
323.3	39.64285714
323.4	36.33267196
323.5	34.02777778
323.6	35.38359788
323.7	37.40079365
323.8	40.37698413
323.9	42.02777778
324	42.75793651
324.1	42.55952381
324.2	42.08333333
324.3	41.76587302
324.4	41.76587302
324.5	41.46825397
324.6	40.57539683
324.7	39.58333333
324.8	39.98015873
324.9	40.77380952
325	40.44128572
325.1	40.07853249
325.2	39.38492063
325.3	39.38492063
325.4	38.30109127
325.5	37.20238095
325.6	35.41666667
325.7	32.44047619
325.8	29.95238095
325.9	27.67857143
326	29.46428571
326.1	29.26587302
326.2	27.87698413
326.3	29.20386905
326.4	30.8106576
326.5	31.43424036
326.6	32.05782313
326.7	32.6814059
326.8	33.03571429
326.9	30.31305115
327	28.86904762
327.1	28.77480159
327.2	29.21378968
327.3	30.1468254
327.4	31.95436508
327.5	34.42460317
327.6	36.01190476
327.7	34.82142857
327.8	34.49829932
327.9	33.82936508
328	33.19444444
328.1	32.25793651
328.2	30.53571429
328.3	26.69444444
328.4	25.7202381
328.5	25.29100529
328.6	24.86177249
328.7	24.43253968
328.8	24.00330688
328.9	24.10714286
329	25.15050697
329.1	26.57485364
329.2	27.99920031
329.3	29.36507937
329.4	29.46428571
329.5	28.13051146
329.6	27.08333333
329.7	26.88492063
329.8	26.88492063
329.9	27.28174603
330	27.48015873
330.1	28.27380952
330.2	29.26587302
330.3	31.93121693
330.4	34.42460317
330.5	34.52210884
330.6	30.65901361
330.7	28.27380952
330.8	27.87698413
330.9	29.12284509
331	30.46631135
331.1	31.4484127
331.2	30.35714286
331.3	26.78571429
331.4	24.4047619
331.5	22.81746032
331.6	22.61002886
331.7	22.17712843
331.8	21.72619048
331.9	20.93253968
332	20.53571429
332.1	20.53571429
332.2	21.57242063
332.3	22.32142857
332.4	23.36805556
332.5	23.66071429
332.6	23.95337302
332.7	24.24603175
332.8	24.46850388
332.9	24.67305603
333	24.87760818
333.1	25.09920635
333.2	25.80073696
333.3	26.56604308
333.4	27.33134921
333.5	28.09665533
333.6	28.86904762
333.7	28.86904762
333.8	28.80591631
333.9	28.6976912
334	28.31194455
334.1	27.69704679
334.2	27.08214902
334.3	26.48809524
334.4	26.05238095
334.5	25.63095238
334.6	25.20952381
334.7	24.78809524
334.8	24.0542328
334.9	22.72936886
335	20.73412698
335.1	20.13888889
335.2	20.43650794
335.3	22.26731602
335.4	24.21536797
335.5	25.29761905
335.6	25.29761905
335.7	23.86463845
335.8	22.91666667
335.9	24.26303855
336	25.34565581
336.1	25.49603175
336.2	25.29761905
336.3	23.82936508
336.4	21.52777778
336.5	20.73412698
336.6	20.93253968
336.7	22.37962963
336.8	24.17460317
336.9	26.09126984
337	26.88492063
337.1	26.04166667
337.2	24.8015873
337.3	25.74955908
337.4	27.18253968
337.5	27.87698413
337.6	27.14438339
337.7	25.86233211
337.8	24.70238095
337.9	24.78918651
338	24.90079365
338.1	23.3531746
338.2	21.01190476
338.3	20.33730159
338.4	21.27899878
338.5	22.80982906
338.6	24.30555556
338.7	24.70238095
338.8	24.5
338.9	23.42669304
339	20.63771956
339.1	18.3982684
339.2	16.17063492
339.3	14.49175824
339.4	12.66025641
339.5	11.30952381
339.6	11.01190476
339.7	11.70634921
339.8	14.4593254
339.9	18.25396825
340	20.92111277
340.1	23.11507937
340.2	25.09920635
340.3	29.23611111
340.4	34.82142857
340.5	43.5515873
340.6	47.71825397
340.7	52.48015873
340.8	57.24206349
340.9	60.77380952
341	63.90873016
341.1	66.56746032
341.2	70.33730159
341.3	74.50396825
341.4	79.25595238
341.5	85.21825397
341.6	89.92063492
341.7	92.00396825
341.8	93.84920635
341.9	95.93253968
342	99.19915549
342.1	104.26587302
342.2	109.84623016
342.3	115.97222222
342.4	117.55952381
342.5	117.65873016
342.6	115.60846561
342.7	111.80555556
342.8	108.17625661
342.9	105.69609788
343	101.61314526
343.1	96.32936508
343.2	88.39285714
343.3	84.82142857
343.4	81.8452381
343.5	78.74503968
343.6	75.69444444
343.7	75.49603175
343.8	79.34920635
343.9	82.83730159
344	84.62301587
344.1	85.01984127
344.2	87.73148148
344.3	90.20989975
344.4	91.71365915
344.5	93.21741855
344.6	94.62535014
344.7	95.74579832
344.8	96.8662465
344.9	97.71825397
345	96.92460317
345.1	90.39472066
345.2	84.42460317
345.3	75.69444444
345.4	67.55952381
345.5	61.21031746
345.6	55.25793651
345.7	52.33730159
345.8	51.1359127
345.9	53.18452381
346	56.36888106
346.1	58.98368607
346.2	60.30643739
346.3	61.62918871
346.4	63.69047619
346.5	67.55952381
346.6	66.86507937
346.7	63.59126984
346.8	59.02777778
346.9	55.8531746
347	53.67853313
347.1	52.20238095
347.2	51.28968254
347.3	51.4484127
347.4	54.03911565
347.5	59.08446712
347.6	66.81795635
347.7	71.06150794
347.8	73.78968254
347.9	75.49603175
348	75.49603175
348.1	75.18424036
348.2	73.8343254
348.3	71.15575397
348.4	68.05555556
348.5	65.47619048
348.6	64.78174603
348.7	64.08730159
348.8	62.20238095
348.9	58.13492063
349	52.10829091
349.1	45.82142857
349.2	41.61375661
349.3	37.32142857
349.4	34.11375661
349.5	31.06684982
349.6	26.47435897
349.7	21.72619048
349.8	19.60565476
349.9	17.83163265
350	15.97222222
350.1	16.20115995
350.2	17.11691087
350.3	17.95634921
350.4	18.30357143
350.5	18.9484127
350.6	19.86111111
350.7	20.81349206
350.8	21.72619048
350.9	21.92460317
351	20.62728938
351.1	18.75
351.2	17.16269841
351.3	17.55952381
351.4	18.13756614
351.5	18.68386243
351.6	19.1468254
351.7	19.1468254
351.8	19.9484127
351.9	21.93783069
352	26.59438776
352.1	33.86904762
352.2	40.77380952
352.3	48.31349206
352.4	55.6547619
352.5	60.21825397
352.6	61.80555556
352.7	61.80555556
352.8	62.4702381
352.9	63.59126984
353	66.18068113
353.1	69.44444444
353.2	72.02380952
353.3	74.30555556
353.4	75.79365079
353.5	75.503663
353.6	73.94688645
353.7	72.42063492
353.8	72.61904762
353.9	74.50396825
354	77.36725443
354.1	81.4484127
354.2	87.99603175
354.3	95.73412698
354.4	102.67857143
354.5	110.08597884
354.6	118.24900794
354.7	123.39285714
354.8	125.89285714
354.9	122.55952381
355	118.79996906
355.1	113.69047619
355.2	106.34920635
355.3	101.28968254
355.4	99.4047619
355.5	101.05820106
355.6	102.51322751
355.7	103.07539683
355.8	101.88492063
355.9	91.96428571
356	82.63056388
356.1	72.91666667
356.2	62.59920635
356.3	54.06746032
356.4	49.90079365
356.5	48.11507937
356.6	46.92460317
356.7	45.9484127
356.8	43.55489418
356.9	40.57539683
357	40.57539683
357.1	42.5154321
357.2	44.1468254
357.3	44.04761905
357.4	42.36111111
357.5	40.27777778
357.6	39.38492063
357.7	40.01322751
357.8	41.73280423
357.9	44.1468254
358	48.64043626
358.1	52.67857143
358.2	53.67063492
358.3	52.25198413
358.4	50.92757937
358.5	50.04960317
358.6	49.30555556
358.7	48.71031746
358.8	50.09920635
358.9	51.8622449
359	53.67063492
359.1	53.47222222
359.2	53.96825397
359.3	54.96031746
359.4	55.45634921
359.5	52.57936508
359.6	47.32142857
359.7	40.87301587
359.8	36.4484127
359.9	35.41666667
360	35.41666667
360.1	37.46252205
360.2	39.78174603
360.3	42.57936508
360.4	42.7281746
360.5	41.56746032
360.6	43.57426304
360.7	44.01984127
360.8	43.1547619
360.9	44.18941154
361	45.55991096
361.1	46.13095238
361.2	44.94047619
361.3	46.21362434
361.4	49.00793651
361.5	52.28174603
361.6	53.96825397
361.7	55.6547619
361.8	57.63888889
361.9	58.21759259
362	57.68084713
362.1	57.83730159
362.2	57.44047619
362.3	55.8531746
362.4	52.70975057
362.5	50.22451963
362.6	48.06808688
362.7	45.91165414
362.8	43.22420635
362.9	39.90740741
363	36.75603603
363.1	33.92857143
363.2	32.34126984
363.3	32.24206349
363.4	32.63888889
363.5	33.59126984
363.6	34.54365079
363.7	35.61507937
363.8	36.9047619
363.9	37.13972982
364	37.28783334
364.1	37.40079365
364.2	37.79761905
364.3	38.31349206
364.4	38.78968254
364.5	39.18650794
364.6	38.78968254
364.7	38.59126984
364.8	39.16071429
364.9	40.4484127
365	41.73611111
365.1	43.02380952
365.2	43.75
365.3	43.3531746
365.4	40.97222222
365.5	39.62301587
365.6	38.78968254
365.7	38.78968254
365.8	40.37698413
365.9	43.43253968
366	46.31865815
366.1	48.31349206
366.2	47.66865079
366.3	45.88293651
366.4	44.94047619
366.5	45.23809524
366.6	46.23015873
366.7	46.6765873
366.8	45.68452381
366.9	44.49404762
367	42.5657632
367.1	41.17063492
367.2	42.1186067
367.3	43.25
367.4	43.71825397
367.5	44.3452381
367.6	45.89285714
367.7	48.31349206
367.8	50.32407407
367.9	51.40873016
368	50.38803496
368.1	47.51984127
368.2	44.11976912
368.3	41.46825397
368.4	42.53968254
368.5	44.84126984
368.6	47.14285714
368.7	49.05753968
368.8	48.77899878
368.9	47.03907204
369	45.22747406
369.1	43.20086235
369.2	41.56746032
369.3	41.45634921
369.4	41.69047619
369.5	41.93594104
369.6	42.46825397
369.7	42.95634921
369.8	42.75793651
369.9	41.56746032
370	42.22859722
370.1	44.04761905
370.2	44.1468254
370.3	44.1468254
370.4	44.1468254
370.5	43.38293651
370.6	41.96428571
370.7	39.98015873
370.8	38.82936508
370.9	38.19444444
371	38.32265214
371.1	38.19444444
371.2	38.19444444
371.3	38.78968254
371.4	40.17857143
371.5	40.77380952
371.6	40.17857143
371.7	40.97222222
371.8	43.75
371.9	46.75595238
372	47.83288931
372.1	47.63517476
372.2	47.22222222
372.3	46.03174603
372.4	44.84126984
372.5	44.24603175
372.6	42.46031746
372.7	40.47619048
372.8	40.87301587
372.9	42.95634921
373	44.74206349
373.1	44.1468254
373.2	44.1468254
373.3	44.1468254
373.4	44.3452381
373.5	45.13888889
373.6	46.04938272
373.7	46.95987654
373.8	47.91666667
373.9	49.23680573
374	50.75001425
374.1	52.55456349
374.2	53.48639456
374.3	51.98412698
374.4	51.88492063
374.5	52.28174603
374.6	53.37301587
374.7	54.66269841
374.8	55.93820862
374.9	56.25
375	57.44047619
375.1	55.94954649
375.2	53.27380952
375.3	54.22619048
375.4	55.8531746
375.5	56.25
375.6	53.94510582
375.7	52.63888889
375.8	51.48809524
375.9	50.37638839
376	49.10714286
376.1	48.90873016
376.2	50.21494709
376.3	52.38095238
376.4	54.66269841
376.5	56.00198413
376.6	56.07993197
376.7	55.45634921
376.8	55.35714286
376.9	56.4484127
377	59.82310471
377.1	60.81349206
377.2	60.00220459
377.3	57.92107584
377.4	57.24206349
377.5	57.44047619
377.6	58.63095238
377.7	58.43253968
377.8	57.7194211
377.9	56.82422969
378	55.8531746
378.1	55.96340388
378.2	57.26410935
378.3	58.56481481
378.4	60.46485261
378.5	64.98015873
378.6	65.37698413
378.7	63.0109127
378.8	59.42460317
378.9	57.85430839
379	57.06523042
379.1	57.1501103
379.2	57.24206349
379.3	56.6468254
379.4	54.86111111
379.5	53.07539683
379.6	53.17460317
379.7	54.86111111
379.8	57.19246032
379.9	59.02777778
380	59.39590197
380.1	59.88673422
380.2	61.08630952
380.3	62.54960317
380.4	63.98809524
380.5	64.18650794
380.6	62.69179894
380.7	61.13095238
380.8	59.57010582
380.9	58.43253968
381	58.63095238
381.1	59.68720822
381.2	61.15779645
381.3	62.62838469
381.4	64.08730159
381.5	65.09920635
381.6	65.97222222
381.7	67.47685185
381.8	68.84920635
381.9	69.04761905
382	67.10086748
382.1	64.09533038
382.2	63.39285714
382.3	64.9156746
382.4	67.36111111
382.5	65.67460317
382.6	63.06599833
382.7	60.78634085
382.8	58.50668338
382.9	56.4484127
383	56.13550378
383.1	56.74603175
383.2	58.82936508
383.3	61.68650794
383.4	66.31562882
383.5	71.53540904
383.6	76.58730159
383.7	80.45634921
383.8	82.44047619
383.9	80.78531866
384	79.25748094
384.1	79.58333333
384.2	82.44047619
384.3	83.23412698
384.4	82.00396825
384.5	79.06746032
384.6	75.66197691
384.7	72.43606702
384.8	70.35493827
384.9	69.1468254
385	69.94047619
385.1	72.39583333
385.2	75.07440476
385.3	77.56696429
385.4	79.66269841
385.5	80.05952381
385.6	79.06746032
385.7	76.68650794
385.8	71.73483629
385.9	66.98775293
386	62.24066957
386.1	58.03571429
386.2	53.47222222
386.3	52.28174603
386.4	49.90079365
386.5	45.93253968
386.6	42.16269841
386.7	37.79761905
386.8	34.40079365
386.9	32.63888889
387	33.14139227
387.1	34.32730025
387.2	35.41666667
387.3	34.04761905
387.4	32.73809524
387.5	32.04365079
387.6	32.93650794
387.7	34.12698413
387.8	35.31746032
387.9	34.62301587
388	33.22911972
388.1	31.87169312
388.2	30.31084656
388.3	29.46428571
388.4	30.21825397
388.5	31.06962482
388.6	31.6468254
388.7	31.6468254
388.8	32.00549451
388.9	32.45573871
389	33.03571429
389.1	31.70194004
389.2	30.6547619
389.3	31.4484127
389.4	31.13275613
389.5	30.59163059
389.6	30.45634921
389.7	31.29960317
389.8	32.65542328
389.9	33.53174603
390	34.81925664
390.1	36.17607754
390.2	37.20238095
390.3	36.08492063
390.4	34.02460317
390.5	31.96428571
390.6	29.90396825
390.7	28.07539683
390.8	28.27380952
390.9	29.99338624
391	31.94444444
391.1	33.9537037
391.2	35.98280423
391.3	37.78968254
391.4	38.59126984
391.5	39.8478836
391.6	41.56746032
391.7	41.71296296
391.8	40.42548501
391.9	38.59126984
392	38.59126984
392.1	38.59126984
392.2	39.58333333
392.3	39.10714286
392.4	39.18650794
392.5	40.95982143
392.6	43.38151927
392.7	47.02380952
392.8	51.66170635
392.9	54.66269841
393	56.6468254
393.1	57.10600907
393.2	57.24206349
393.3	56.98412698
393.4	56.8452381
393.5	57.63888889
393.6	55.63208617
393.7	52.36111111
393.8	50.09920635
393.9	50.6614973
394	53.46659201
394.1	56.27168673
394.2	59.42460317
394.3	62.3015873
394.4	63.88888889
394.5	65.37698413
394.6	66.76587302
394.7	63.59126984
394.8	62.6984127
394.9	62.59920635
395	62.99603175
395.1	66.15079365
395.2	69.74206349
395.3	73.75992063
395.4	77.13624339
395.5	80.25793651
395.6	80.20219199
395.7	80.14644747
395.8	80.09070295
395.9	79.86111111
396	78.43591958
396.1	76.58730159
396.2	76.28968254
396.3	76.98412698
396.4	79.60689484
396.5	82.35987103
396.6	85.31746032
396.7	89.18650794
396.8	91.40720391
396.9	93.51343101
397	95.35225732
397.1	96.69351074
397.2	97.58870215
397.3	98.48389356
397.4	99.30555556
397.5	98.0489418
397.6	95.93253968
397.7	96.72619048
397.8	96.19047619
397.9	94.94047619
398	93.44886774
398.1	92.95634921
398.2	93.84920635
398.3	94.94047619
398.4	96.52777778
398.5	98.51190476
398.6	95.33730159
398.7	89.08730159
398.8	81.25
398.9	77.08333333
399	77.28174603
399.1	82.44047619
399.2	89.18650794
399.3	100.89285714
399.4	121.97089947
399.5	153.86904762
399.6	204.54081633
399.7	242.87698413
399.8	272.71825397
399.9	244.78174603
400	150.08672756
400.1	81.57242063
400.2	56.25
400.3	30.15873016
400.4	23.11507937
400.5	19.43027211
400.6	17.55952381
400.7	16.26984127
400.8	15.57539683
400.9	15.88984212
401	16.64451084
401.1	17.50396825
401.2	18.44047619
401.3	19.3452381
401.4	19.74206349
401.5	19.74206349
401.6	19.74206349
401.7	19.74206349
401.8	19.66422466
401.9	19.39407814
402	19.1468254
402.1	19.1468254
402.2	19.3452381
402.3	20.78373016
402.4	22.56944444
402.5	24.35515873
402.6	25.29761905
402.7	23.82369615
402.8	22.12301587
402.9	20.4223356
403	18.9484127
403.1	18.3531746
403.2	18.52380952
403.3	19.04100529
403.4	20.13888889
403.5	21.92460317
403.6	26.88492063
403.7	32.24206349
403.8	40.77380952
403.9	58.43253968
404	80.25793651
404.1	107.28174603
404.2	132.61002886
404.3	139.48412698
404.4	141.56746032
404.5	135.27494331
404.6	127.67857143
404.7	121.52777778
404.8	115.97222222
404.9	112.75297619
405	107.51217154
405.1	103.67063492
405.2	104.26587302
405.3	104.86111111
405.4	104.26587302
405.5	101.56926407
405.6	99.30555556
405.7	96.82539683
405.8	93.75
405.9	89.09341675
406	84.7950322
406.1	80.49664766
406.2	79.66269841
406.3	87.83730159
406.4	94.86111111
406.5	101.9510582
406.6	108.82936508
406.7	113.78968254
406.8	116.70634921
406.9	117.75793651
407	117.55952381
407.1	116.56746032
407.2	116.43105159
407.3	116.28224206
407.4	115.87301587
407.5	114.78174603
407.6	114.78174603
407.7	115.47619048
407.8	116.91849817
407.9	118.38369963
408	119.1468254
408.1	119.1468254
408.2	118.00843254
408.3	117.16269841
408.4	119.3452381
408.5	119.3452381
408.6	116.96428571
408.7	116.96428571
408.8	118.65575397
408.9	121.13095238
409	117.94458071
409.1	116.17063492
409.2	117.55952381
409.3	117.16269841
409.4	117.55952381
409.5	119.09013605
409.6	119.54365079
409.7	117.55952381
409.8	110.76587302
409.9	97.51984127
410	69.60580913
410.1	29.9484127
410.2	3.97222222
410.3	NA
410.4	NA
410.5	NA
410.6	NA
410.7	NA
410.8	NA
410.9	NA
411	NA
411.1	NA
411.2	NA
411.3	NA
411.4	NA
411.5	NA
411.6	NA
411.7	NA
411.8	NA
411.9	NA
412	NA
412.1	NA
412.2	NA
412.3	NA
412.4	NA
412.5	NA
412.6	NA
412.7	NA
412.8	NA
412.9	NA
413	NA
413.1	NA
413.2	NA
413.3	NA
413.4	NA
413.5	NA
413.6	NA
413.7	NA
413.8	NA
413.9	NA
414	NA
414.1	NA
414.2	NA
414.3	NA
414.4	NA
414.5	NA
414.6	NA
414.7	NA
414.8	NA
414.9	NA
415	NA
