DEPT	GR
-0.2	4.14790287
-0.1	15.00883002
0	19.37086093
0.1	18.86677568
0.2	17.96792884
0.3	17.37128249
0.4	17.3843768
0.5	17.13669234
0.6	16.42853441
0.7	15.32359409
0.8	14.19471329
0.9	13.81954354
1	15.25625417
1.1	18.00821937
1.2	19.59247473
1.3	18.87817862
1.4	16.7631941
1.5	14.4715641
1.6	11.82771169
1.7	9.02322309
1.8	6.27381933
1.9	4.23131499
2	3.52690377
2.1	3.70084607
2.2	3.96568482
2.3	3.48983197
2.4	3.03710876
2.5	2.91059877
2.6	3.72331491
2.7	5.04801963
2.8	6.43441318
2.9	7.81252049
3	9.19522152
3.1	10.24544925
3.2	10.23029832
3.3	10.43696109
3.4	10.87960315
3.5	12.62792636
3.6	15.32024412
3.7	17.94094049
3.8	20.56902832
3.9	22.88958368
4	23.88416507
4.1	23.52933981
4.2	21.69124745
4.3	19.45168138
4.4	18.29948825
4.5	18.58321926
4.6	19.24237439
4.7	19.94918548
4.8	21.05557505
4.9	22.26298112
5	22.89220744
5.1	21.75144309
5.2	20.29231606
5.3	20.17037281
5.4	20.19518084
5.5	20.36523333
5.6	20.22081257
5.7	19.42673966
5.8	19.58302849
5.9	20.75203336
6	22.03065514
6.1	24.07072263
6.2	27.18864951
6.3	29.33499413
6.4	30.76606508
6.5	31.03029721
6.6	29.41390794
6.7	28.31166691
6.8	28.51968152
6.9	28.07979688
7	28.07826751
7.1	31.5229386
7.2	31.46440206
7.3	27.84641705
7.4	24.96706558
7.5	22.12491057
7.6	21.01616263
7.7	21.07872479
7.8	21.46870506
7.9	22.05533486
8	23.80659352
8.1	26.24876581
8.2	28.62866019
8.3	28.90943772
8.4	29.69817658
8.5	29.83655722
8.6	28.20993308
8.7	26.25728952
8.8	23.83105665
8.9	23.33549474
9	24.52853291
9.1	26.45928843
9.2	27.64938426
9.3	28.26073923
9.4	28.44307138
9.5	27.10423365
9.6	26.51648649
9.7	27.33953804
9.8	28.24548804
9.9	29.07532053
10	30.10425254
10.1	31.79465755
10.2	34.93049655
10.3	37.4362919
10.4	38.09817942
10.5	39.93087854
10.6	40.0762746
10.7	37.01040434
10.8	33.47680371
10.9	28.62139938
11	22.55549258
11.1	18.31886947
11.2	15.82119127
11.3	14.27340642
11.4	14.41412984
11.5	14.8030663
11.6	15.10395862
11.7	15.82714721
11.8	15.45059347
11.9	14.83969979
12	14.83555104
12.1	15.64592623
12.2	16.57943231
12.3	17.65623836
12.4	18.10312288
12.5	18.28851756
12.6	18.71044505
12.7	19.47200771
12.8	20.46685036
12.9	21.38789107
13	20.99128844
13.1	20.06890265
13.2	20.03781035
13.3	20.87594901
13.4	22.24015907
13.5	22.54737946
13.6	22.87956974
13.7	24.04885804
13.8	26.13811723
13.9	27.13014097
14	27.67887537
14.1	26.90550447
14.2	24.772972
14.3	24.33421973
14.4	24.88484555
14.5	25.78411622
14.6	26.40511281
14.7	26.72451168
14.8	26.97249075
14.9	26.26445232
15	25.5563262
15.1	25.66230887
15.2	26.29351199
15.3	25.32889726
15.4	26.27435996
15.5	26.2760702
15.6	25.17875954
15.7	25.6851191
15.8	24.31748669
15.9	23.24952645
16	21.79595318
16.1	20.56227191
16.2	20.90832444
16.3	19.61371521
16.4	18.5190576
16.5	19.33320153
16.6	18.59088687
16.7	18.78836048
16.8	18.27806759
16.9	17.6534166
17	17.14791242
17.1	17.40820706
17.2	17.50957302
17.3	17.18105759
17.4	17.17414985
17.5	15.79467756
17.6	14.61601141
17.7	14.10435187
17.8	13.51252318
17.9	13.23257926
18	13.73810387
18.1	14.20655256
18.2	14.19226894
18.3	15.32493356
18.4	16.36141034
18.5	16.21821863
18.6	16.65677404
18.7	16.27606489
18.8	13.86829648
18.9	13.42260685
19	14.53135213
19.1	16.5136769
19.2	17.4622802
19.3	18.19823912
19.4	17.28936707
19.5	16.60423961
19.6	17.17273101
19.7	18.33697301
19.8	17.96112798
19.9	16.55295034
20	15.97107046
20.1	16.74020435
20.2	18.19079333
20.3	18.96819659
20.4	19.50167999
20.5	19.61186467
20.6	19.41440532
20.7	19.75734603
20.8	20.09709116
20.9	20.16803465
21	19.97297297
21.1	19.42782892
21.2	18.97137435
21.3	19.76352259
21.4	18.61297187
21.5	18.48698693
21.6	18.9147587
21.7	17.61122249
21.8	14.78958837
21.9	14.04065182
22	14.38167893
22.1	13.22941933
22.2	13.20653173
22.3	12.31131475
22.4	12.14316936
22.5	10.8919289
22.6	10.02349286
22.7	10.27300285
22.8	10.74567226
22.9	11.23190149
23	12.04488012
23.1	13.07371912
23.2	14.94797085
23.3	16.76167
23.4	18.59150696
23.5	20.41620314
23.6	22.24452622
23.7	24.0621386
23.8	23.07885117
23.9	20.71700692
24	18.79583045
24.1	18.29174447
24.2	18.42042003
24.3	19.59741623
24.4	20.34574054
24.5	20.3665296
24.6	21.01667533
24.7	19.73257806
24.8	18.65696012
24.9	17.8353866
25	17.59517247
25.1	18.44285663
25.2	19.3391414
25.3	18.55855739
25.4	17.99840478
25.5	19.05813024
25.6	18.5748795
25.7	17.42540849
25.8	16.58895981
25.9	15.69459302
26	14.8194215
26.1	14.17046347
26.2	14.3509939
26.3	14.51477442
26.4	14.17619484
26.5	13.74478444
26.6	13.31681893
26.7	12.88245978
26.8	13.12265776
26.9	13.52784349
27	13.6061892
27.1	13.93187164
27.2	14.20618221
27.3	13.9154225
27.4	13.46325351
27.5	13.02109543
27.6	12.90366136
27.7	13.1795026
27.8	13.45364737
27.9	13.56279624
28	12.8132195
28.1	12.32023848
28.2	12.57160343
28.3	11.98298307
28.4	11.45652031
28.5	11.20838927
28.6	12.12222931
28.7	13.19891124
28.8	13.04658815
28.9	12.80921594
29	13.22024584
29.1	13.7836689
29.2	13.58994028
29.3	13.47031292
29.4	13.73968335
29.5	14.29710529
29.6	16.4535392
29.7	16.76237616
29.8	16.39981824
29.9	16.77619344
30	18.12214777
30.1	17.60195945
30.2	17.71128866
30.3	16.64885105
30.4	15.55315034
30.5	15.26106433
30.6	15.33845975
30.7	15.17882038
30.8	13.78345658
30.9	12.26018038
31	11.11060179
31.1	10.81838722
31.2	11.65453709
31.3	12.64545408
31.4	13.38242501
31.5	12.83798121
31.6	13.19343422
31.7	13.31495829
31.8	13.40334966
31.9	13.85237296
32	14.1572328
32.1	14.02272925
32.2	14.65074297
32.3	16.01712182
32.4	16.88003026
32.5	16.61258315
32.6	17.12941999
32.7	17.14669838
32.8	16.79914861
32.9	17.25054442
33	18.25034897
33.1	18.22148347
33.2	18.55829081
33.3	18.9765262
33.4	18.70067613
33.5	18.25563002
33.6	18.13442151
33.7	17.75345222
33.8	18.89178709
33.9	19.18740349
34	18.49906019
34.1	17.87359011
34.2	17.61824957
34.3	17.35352963
34.4	15.98341345
34.5	14.78606174
34.6	14.43070356
34.7	14.60486451
34.8	14.15684069
34.9	13.32650353
35	12.24523901
35.1	11.19969639
35.2	10.2030946
35.3	10.22979892
35.4	10.33134331
35.5	10.32226776
35.6	10.38504486
35.7	10.4317725
35.8	11.0545123
35.9	12.10832036
36	13.53764283
36.1	15.33843288
36.2	16.76593138
36.3	16.39979875
36.4	15.27366852
36.5	14.22163816
36.6	14.70602866
36.7	15.56612939
36.8	14.89611587
36.9	13.71209996
37	12.75687824
37.1	12.9511606
37.2	13.19066427
37.3	12.8225662
37.4	13.41624377
37.5	13.93682955
37.6	13.65529037
37.7	13.03709966
37.8	12.86969576
37.9	12.71482328
38	12.56055213
38.1	12.38720778
38.2	11.51754878
38.3	10.27351613
38.4	9.31096423
38.5	8.27861912
38.6	7.84966441
38.7	8.57619369
38.8	9.20541658
38.9	9.60205078
39	10.00351466
39.1	10.56592138
39.2	11.35611811
39.3	12.02751323
39.4	12.52427982
39.5	13.02156889
39.6	13.51600811
39.7	13.89320624
39.8	14.25466426
39.9	14.86329695
40	15.19088259
40.1	15.03800509
40.2	14.88776365
40.3	14.47351992
40.4	13.47059254
40.5	12.42427442
40.6	12.01300904
40.7	11.23564387
40.8	10.42876569
40.9	10.44832546
41	9.64885665
41.1	9.02678136
41.2	9.04429234
41.3	9.03389776
41.4	9.28998222
41.5	9.59103209
41.6	9.55726536
41.7	9.45185738
41.8	9.70835675
41.9	10.25478962
42	10.81101928
42.1	11.16416115
42.2	10.83865694
42.3	11.02636633
42.4	11.21364255
42.5	10.96933773
42.6	10.82466373
42.7	11.1229752
42.8	11.53707935
42.9	11.36945918
43	11.03032575
43.1	10.83285922
43.2	11.09339684
43.3	11.60557999
43.4	11.44320343
43.5	11.30182372
43.6	11.34112904
43.7	11.58133909
43.8	11.49261143
43.9	11.41797642
44	11.86866213
44.1	12.21636581
44.2	12.19904736
44.3	11.66926548
44.4	10.97664955
44.5	10.68947452
44.6	10.51181061
44.7	10.56951832
44.8	11.38795843
44.9	11.90080066
45	12.41732792
45.1	12.8204256
45.2	12.7965673
45.3	12.36031606
45.4	11.93030488
45.5	11.49393219
45.6	11.42321451
45.7	11.80735599
45.8	11.8772585
45.9	10.96171292
46	10.45712689
46.1	10.8097929
46.2	10.83292833
46.3	10.82033638
46.4	11.26693468
46.5	12.39768647
46.6	13.37787672
46.7	13.90616141
46.8	13.93393294
46.9	12.29791608
47	11.2786322
47.1	11.40810667
47.2	11.86187121
47.3	12.30964468
47.4	12.76068219
47.5	13.1971604
47.6	13.00566202
47.7	12.59394911
47.8	12.17974149
47.9	11.66452308
48	11.1203668
48.1	11.03445095
48.2	11.26290854
48.3	11.4830671
48.4	11.87482913
48.5	12.72258185
48.6	13.46222998
48.7	13.53458483
48.8	12.9313641
48.9	12.67802893
49	12.02047526
49.1	11.33179944
49.2	11.66435794
49.3	12.12789545
49.4	11.63932785
49.5	11.91048672
49.6	12.32973035
49.7	12.41848559
49.8	12.38469895
49.9	12.24234245
50	12.09952396
50.1	11.71590911
50.2	10.94035748
50.3	10.89899157
50.4	11.40260739
50.5	10.79163815
50.6	10.6180329
50.7	11.31288547
50.8	11.61669096
50.9	11.21815103
51	10.57046517
51.1	10.56566105
51.2	10.74994152
51.3	10.63561925
51.4	10.30606765
51.5	10.15285383
51.6	10.05114823
51.7	9.94735287
51.8	9.84266941
51.9	9.98984246
52	10.29185716
52.1	11.60451054
52.2	12.51562166
52.3	13.42436282
52.4	13.98097159
52.5	13.54182475
52.6	13.08086057
52.7	12.8757781
52.8	14.22318622
52.9	16.46827845
53	18.60414965
53.1	19.14412187
53.2	18.31622818
53.3	16.49143456
53.4	15.36152645
53.5	13.43837642
53.6	11.4941158
53.7	9.49921184
53.8	9.27177855
53.9	9.45000116
54	10.52351896
54.1	12.13259941
54.2	13.6097416
54.3	13.64110195
54.4	13.00499005
54.5	13.0965138
54.6	13.26873739
54.7	13.84947782
54.8	15.85900228
54.9	17.89378207
55	18.37424921
55.1	17.47563022
55.2	15.2356079
55.3	13.18718007
55.4	12.5269273
55.5	12.73398766
55.6	13.78328976
55.7	15.61082553
55.8	17.14592166
55.9	17.20852199
56	17.16045965
56.1	18.89982309
56.2	19.61973593
56.3	19.65753298
56.4	19.07262028
56.5	19.07991841
56.6	20.42799599
56.7	22.37649548
56.8	23.01933514
56.9	23.34699728
57	24.09460014
57.1	22.0988967
57.2	18.61041642
57.3	15.88726145
57.4	14.59493902
57.5	13.40611529
57.6	12.30873701
57.7	11.74635633
57.8	11.15655164
57.9	10.6106205
58	10.4561179
58.1	11.01992764
58.2	11.39604103
58.3	11.23146653
58.4	11.59841654
58.5	10.8683248
58.6	10.81821582
58.7	11.59990745
58.8	13.26584177
58.9	15.04064224
59	17.12623696
59.1	19.43205097
59.2	20.08378685
59.3	19.86497413
59.4	19.46944414
59.5	19.0743183
59.6	18.76562687
59.7	19.15621736
59.8	19.2885464
59.9	19.1755382
60	19.54588944
60.1	19.33010665
60.2	19.17789224
60.3	19.76263901
60.4	19.72531786
60.5	18.74819438
60.6	17.13634587
60.7	16.16399009
60.8	15.99874838
60.9	16.94953793
61	17.51356829
61.1	17.27942378
61.2	14.81208813
61.3	12.36402898
61.4	11.45498699
61.5	12.57872793
61.6	13.63219397
61.7	14.62310403
61.8	15.2297589
61.9	15.33823278
62	15.45211323
62.1	15.58368842
62.2	16.16310607
62.3	18.44179163
62.4	19.73905088
62.5	19.52661687
62.6	17.35703085
62.7	15.63766377
62.8	15.23469447
62.9	16.91832149
63	18.56124886
63.1	18.55982187
63.2	17.23148676
63.3	17.00071425
63.4	17.41816714
63.5	18.24928548
63.6	18.17738233
63.7	17.02805289
63.8	17.53401729
63.9	18.69850189
64	19.92182102
64.1	20.59694288
64.2	21.56022362
64.3	21.9470404
64.4	21.94893164
64.5	22.20368229
64.6	22.33673117
64.7	20.96710229
64.8	18.97031209
64.9	17.32202189
65	17.64741514
65.1	19.83882542
65.2	22.46830178
65.3	25.0936441
65.4	27.45081269
65.5	27.47210586
65.6	27.46987803
65.7	28.92563672
65.8	31.165452
65.9	34.16496631
66	37.68143084
66.1	40.35835978
66.2	39.38938193
66.3	37.65224473
66.4	36.87308519
66.5	37.44393743
66.6	37.0610459
66.7	35.894777
66.8	34.63395607
66.9	33.36173101
67	31.97660966
67.1	30.70931866
67.2	30.53453055
67.3	30.15658776
67.4	30.2613377
67.5	31.49631715
67.6	33.83880287
67.7	35.68220142
67.8	37.26995137
67.9	37.83328806
68	37.65614734
68.1	38.49565957
68.2	40.33194046
68.3	40.79311002
68.4	40.08666571
68.5	38.89040784
68.6	39.97911113
68.7	42.1158778
68.8	42.04766683
68.9	41.47384695
69	42.80492534
69.1	43.87545253
69.2	43.11204372
69.3	40.74515088
69.4	38.69278798
69.5	37.75957307
69.6	34.77425537
69.7	33.90505625
69.8	33.67985084
69.9	32.50839578
70	30.38659667
70.1	30.68594766
70.2	32.53965343
70.3	34.38438946
70.4	38.72454641
70.5	42.41057729
70.6	43.56994586
70.7	43.21198972
70.8	43.34674776
70.9	43.95472254
71	42.80249237
71.1	41.46829758
71.2	40.55802707
71.3	38.29508992
71.4	36.10658716
71.5	32.89177066
71.6	30.48136939
71.7	31.51225287
71.8	33.11730704
71.9	33.87643277
72	35.06749449
72.1	36.33002793
72.2	36.3630053
72.3	37.63988088
72.4	39.15478359
72.5	39.66353113
72.6	40.89043462
72.7	42.36247503
72.8	43.07164896
72.9	43.70481159
73	43.39562408
73.1	42.80867458
73.2	42.43707256
73.3	40.98788014
73.4	40.03617981
73.5	39.22280601
73.6	38.50483651
73.7	37.85258778
73.8	37.89985042
73.9	39.13512903
74	39.55251625
74.1	39.23903708
74.2	39.41256357
74.3	40.31847943
74.4	40.96166427
74.5	39.79912045
74.6	38.66843243
74.7	37.49192903
74.8	36.87447483
74.9	37.4027664
75	37.10031636
75.1	36.48022166
75.2	36.33879445
75.3	36.36050787
75.4	36.69241276
75.5	37.59074686
75.6	38.62094172
75.7	39.80178212
75.8	40.216871
75.9	40.82788183
76	41.39629351
76.1	40.72068148
76.2	39.19131548
76.3	37.70433329
76.4	37.91501528
76.5	39.39589722
76.6	41.13065649
76.7	42.73539352
76.8	43.4127482
76.9	43.66970912
77	42.17978623
77.1	40.10766418
77.2	37.93655843
77.3	37.36859884
77.4	37.26385221
77.5	38.48070718
77.6	41.39316899
77.7	43.93566668
77.8	43.6295525
77.9	41.25745598
78	41.29980147
78.1	42.98713943
78.2	45.26701223
78.3	45.55089186
78.4	44.72548116
78.5	44.44550283
78.6	42.56358689
78.7	42.10960142
78.8	42.84683649
78.9	43.61164418
79	45.5700221
79.1	48.27699148
79.2	49.16804562
79.3	48.26133806
79.4	45.63109907
79.5	44.32690383
79.6	43.79289882
79.7	42.45091066
79.8	41.82257736
79.9	40.21917684
80	39.75703374
80.1	42.33039707
80.2	44.98890775
80.3	47.13716625
80.4	48.34013627
80.5	47.78496279
80.6	46.89542403
80.7	46.21781651
80.8	44.89189894
80.9	43.46370465
81	42.48301904
81.1	41.79826884
81.2	39.02250882
81.3	34.91555233
81.4	32.75202106
81.5	31.88491583
81.6	32.26957586
81.7	33.6028818
81.8	35.78873259
81.9	37.27893768
82	39.04495001
82.1	41.82905757
82.2	44.276639
82.3	45.99146277
82.4	48.02661417
82.5	48.36671094
82.6	48.41170356
82.7	49.73262993
82.8	51.69437299
82.9	53.16729045
83	52.68105383
83.1	51.55241077
83.2	51.57776435
83.3	50.03740116
83.4	48.14931161
83.5	47.20737947
83.6	47.0700364
83.7	46.97997718
83.8	47.51200752
83.9	49.54689606
84	51.37566609
84.1	51.8456132
84.2	52.29619957
84.3	53.13169759
84.4	52.92010772
84.5	51.59388523
84.6	50.98297115
84.7	51.79209198
84.8	50.68095034
84.9	48.11624822
85	44.58714992
85.1	42.68142176
85.2	43.31164681
85.3	45.67876564
85.4	44.95390044
85.5	43.84183784
85.6	45.20307661
85.7	48.96967728
85.8	51.49689973
85.9	51.83548434
86	50.20362295
86.1	48.05157381
86.2	47.69494814
86.3	48.20758147
86.4	49.0617551
86.5	52.63401769
86.6	57.24959589
86.7	60.3399513
86.8	62.08503471
86.9	63.83259865
87	65.14163704
87.1	65.50311846
87.2	63.02913321
87.3	60.87913874
87.4	62.66009536
87.5	65.26040237
87.6	65.44622463
87.7	65.84442176
87.8	66.13736464
87.9	65.68316067
88	65.60322696
88.1	66.72439609
88.2	68.18856065
88.3	68.86161966
88.4	69.16915165
88.5	67.13861056
88.6	64.54835562
88.7	64.4552364
88.8	63.84820442
88.9	62.91033975
89	63.9493177
89.1	67.02114036
89.2	69.83314048
89.3	71.54770348
89.4	71.44898196
89.5	69.88516338
89.6	68.41596204
89.7	67.12196307
89.8	66.78320548
89.9	68.66841965
90	68.27701331
90.1	67.07686725
90.2	67.71579511
90.3	69.22757944
90.4	69.38784102
90.5	71.10208216
90.6	71.82032248
90.7	70.67048335
90.8	70.1108663
90.9	70.30512088
91	70.77188218
91.1	70.18774591
91.2	70.02993392
91.3	70.90425384
91.4	70.67118345
91.5	70.48146107
91.6	71.39605219
91.7	71.02005153
91.8	71.8929886
91.9	72.80063017
92	70.08481264
92.1	68.07298598
92.2	67.21221185
92.3	65.47565019
92.4	64.26671548
92.5	65.56178921
92.6	65.85230411
92.7	65.48142901
92.8	68.62451629
92.9	72.66548608
93	71.92607201
93.1	70.87753696
93.2	71.20192715
93.3	71.86623357
93.4	70.68539284
93.5	70.28187764
93.6	71.28506598
93.7	72.57597328
93.8	72.81151586
93.9	73.18426228
94	74.58430561
94.1	74.27372822
94.2	71.83807859
94.3	69.7940435
94.4	69.91970126
94.5	69.20510485
94.6	66.80180414
94.7	64.57010038
94.8	62.59696332
94.9	62.58355078
95	62.51540603
95.1	60.69453798
95.2	60.12891262
95.3	61.01429208
95.4	62.19538479
95.5	64.29115913
95.6	64.48633663
95.7	63.87013613
95.8	64.53008857
95.9	66.09892653
96	66.06860388
96.1	64.34448136
96.2	62.07906999
96.3	61.30747216
96.4	62.60139117
96.5	64.15738857
96.6	65.28365474
96.7	66.25596107
96.8	67.31537549
96.9	69.08853136
97	69.37186159
97.1	65.18284969
97.2	63.25716372
97.3	65.67569411
97.4	68.46876146
97.5	69.47137717
97.6	70.21615197
97.7	68.80544803
97.8	68.70505628
97.9	67.53570516
98	65.27388362
98.1	61.78747074
98.2	61.48691943
98.3	62.45941785
98.4	62.65918931
98.5	61.91850699
98.6	62.10862924
98.7	63.34843555
98.8	65.07723489
98.9	66.92357854
99	68.71519378
99.1	68.76868108
99.2	66.64711531
99.3	68.27048802
99.4	69.76814051
99.5	69.80429092
99.6	67.86458241
99.7	64.1205201
99.8	62.47197516
99.9	63.28206662
100	64.25186185
100.1	64.1819329
100.2	62.07365237
100.3	61.31347918
100.4	62.67345627
100.5	64.41188824
100.6	63.86190216
100.7	62.04087315
100.8	61.95079585
100.9	61.10978966
101	60.12673906
101.1	59.88204717
101.2	61.27145673
101.3	61.72002973
101.4	61.08087588
101.5	61.8804717
101.6	62.72379744
101.7	61.66733141
101.8	60.87053321
101.9	60.26514642
102	59.89880172
102.1	60.34551813
102.2	63.05987423
102.3	65.66827396
102.4	64.10766152
102.5	64.03208982
102.6	64.28253123
102.7	61.90620152
102.8	60.12076878
102.9	60.01363011
103	59.92951934
103.1	59.40915465
103.2	58.75059643
103.3	58.13050364
103.4	58.15266443
103.5	59.57471391
103.6	64.28488302
103.7	69.10902897
103.8	68.78181561
103.9	67.22486829
104	65.63665956
104.1	65.30577161
104.2	67.21559982
104.3	69.22281302
104.4	71.90507693
104.5	74.34059441
104.6	74.94823748
104.7	75.81246854
104.8	77.43489081
104.9	79.67267069
105	82.08099585
105.1	84.9026982
105.2	85.82173492
105.3	84.32289086
105.4	79.28455271
105.5	74.29437538
105.6	70.74568789
105.7	67.56455797
105.8	65.08064164
105.9	64.30828351
106	63.28703976
106.1	61.90680737
106.2	61.90117777
106.3	60.33446777
106.4	58.87624304
106.5	60.12099163
106.6	59.63395232
106.7	58.90978142
106.8	57.31685347
106.9	56.12417441
107	54.71361897
107.1	53.17562619
107.2	53.38557786
107.3	53.54699898
107.4	55.10029333
107.5	55.01682435
107.6	52.98651716
107.7	53.39292227
107.8	52.3867154
107.9	53.52429348
108	56.75172605
108.1	58.21820277
108.2	59.45460386
108.3	59.35660046
108.4	58.54151109
108.5	59.07690777
108.6	58.52046504
108.7	56.02451131
108.8	55.77675919
108.9	57.1393742
109	59.24180278
109.1	62.52870638
109.2	63.40941159
109.3	61.27335724
109.4	60.69351987
109.5	62.17750951
109.6	64.60881861
109.7	66.38214356
109.8	66.35621781
109.9	64.96900721
110	63.93019826
110.1	62.94586388
110.2	62.49000709
110.3	62.46725902
110.4	61.81405437
110.5	62.19164661
110.6	64.91845456
110.7	66.98849983
110.8	66.09563369
110.9	65.30487494
111	66.79087563
111.1	69.05193199
111.2	69.04607374
111.3	68.64700656
111.4	68.26099012
111.5	66.01843464
111.6	62.64575953
111.7	59.16845722
111.8	57.91838122
111.9	59.02862516
112	61.53516333
112.1	64.06704304
112.2	65.42447766
112.3	66.04630321
112.4	64.83915508
112.5	63.37655188
112.6	61.92373167
112.7	61.70200264
112.8	62.53950936
112.9	63.47773666
113	64.04235509
113.1	63.89233879
113.2	64.46622173
113.3	65.31881106
113.4	65.38642641
113.5	65.06627061
113.6	65.33140141
113.7	65.89375112
113.8	66.14551272
113.9	66.4318613
114	67.84674734
114.1	68.364733
114.2	67.82284734
114.3	66.85629838
114.4	66.35169469
114.5	66.26174995
114.6	66.88730382
114.7	67.94214779
114.8	67.93755908
114.9	66.75820052
115	65.47950754
115.1	65.91141296
115.2	67.41077143
115.3	67.25538845
115.4	65.88958431
115.5	63.82639508
115.6	62.89199897
115.7	62.86142703
115.8	66.13996814
115.9	67.33802519
116	65.85911645
116.1	65.26502725
116.2	66.29922653
116.3	67.42187695
116.4	68.58627473
116.5	68.34782468
116.6	67.00999279
116.7	66.68305383
116.8	67.80991345
116.9	68.44529396
117	68.603544
117.1	67.54022254
117.2	66.55871702
117.3	66.637075
117.4	66.29856146
117.5	66.82924464
117.6	67.08943768
117.7	68.29232468
117.8	71.37016788
117.9	74.35170053
118	75.83334306
118.1	75.96288686
118.2	73.01930632
118.3	70.03225375
118.4	69.70559743
118.5	69.68450161
118.6	68.67918466
118.7	69.16481814
118.8	71.5354941
118.9	72.09297003
119	70.9401625
119.1	71.11523964
119.2	72.78008623
119.3	72.04181907
119.4	70.03062014
119.5	70.31839499
119.6	70.44049818
119.7	69.12799509
119.8	67.69860116
119.9	66.88555913
120	67.64284112
120.1	67.3131932
120.2	67.04430005
120.3	67.83841008
120.4	68.41006817
120.5	67.37011109
120.6	66.01264764
120.7	63.97963137
120.8	61.90395752
120.9	61.13145863
121	63.77109846
121.1	65.04263315
121.2	67.55134969
121.3	69.46297381
121.4	68.6703471
121.5	67.96791861
121.6	65.61138258
121.7	61.97333394
121.8	60.86701676
121.9	60.34140651
122	60.98726915
122.1	62.45700886
122.2	65.08397355
122.3	67.66188075
122.4	69.66624923
122.5	70.8326466
122.6	71.02780708
122.7	71.02248871
122.8	71.0256514
122.9	70.83811574
123	69.48174829
123.1	67.2408208
123.2	64.90724644
123.3	66.18295475
123.4	67.14817991
123.5	67.81795806
123.6	67.59719873
123.7	66.1145366
123.8	66.11890489
123.9	67.91480042
124	70.51917005
124.1	70.92084877
124.2	69.98181098
124.3	68.52538142
124.4	68.37623376
124.5	70.45111026
124.6	72.1356571
124.7	74.14701402
124.8	75.58671586
124.9	76.05869571
125	74.21352583
125.1	72.11888668
125.2	70.03100621
125.3	68.16802705
125.4	68.59806155
125.5	72.73533748
125.6	75.27672423
125.7	74.09586021
125.8	74.63177122
125.9	73.8861697
126	71.66886374
126.1	72.19601195
126.2	70.83252361
126.3	69.5474518
126.4	69.26389228
126.5	71.08859197
126.6	73.27465833
126.7	74.17088373
126.8	73.31397508
126.9	70.63754224
127	67.25209295
127.1	67.63791522
127.2	69.39027423
127.3	69.50334063
127.4	71.04859019
127.5	72.43880834
127.6	72.18324636
127.7	71.42016777
127.8	72.12366542
127.9	72.77771587
128	72.04692128
128.1	72.0549239
128.2	73.02166722
128.3	73.22923781
128.4	71.30887453
128.5	71.57087515
128.6	71.20250198
128.7	69.2555679
128.8	69.10329713
128.9	69.44676827
129	70.81710327
129.1	72.32061487
129.2	73.85314163
129.3	75.09626242
129.4	75.9021576
129.5	75.04815945
129.6	72.98271293
129.7	71.49353812
129.8	69.73954671
129.9	69.55663316
130	74.81124052
130.1	76.00136669
130.2	75.80501905
130.3	74.85003288
130.4	70.23349349
130.5	66.34930441
130.6	67.42852792
130.7	70.85637602
130.8	74.2189147
130.9	77.92038611
131	76.8071227
131.1	75.23115116
131.2	74.59996534
131.3	74.36719292
131.4	76.71573021
131.5	77.45801845
131.6	77.43901425
131.7	76.89218776
131.8	76.00892228
131.9	76.38503703
132	77.13664594
132.1	78.50898894
132.2	80.02131872
132.3	81.15369155
132.4	83.08361356
132.5	82.93835843
132.6	81.1768484
132.7	78.67992241
132.8	74.29256875
132.9	72.32374235
133	71.85851918
133.1	72.21724645
133.2	72.39896003
133.3	75.25427489
133.4	74.7311887
133.5	71.30609237
133.6	70.19708502
133.7	70.07052812
133.8	70.32583614
133.9	72.16619599
134	71.90500139
134.1	72.89706775
134.2	76.01978107
134.3	78.99311519
134.4	81.20302884
134.5	81.52426173
134.6	81.07952891
134.7	79.31691021
134.8	77.24350798
134.9	75.81017209
135	75.80180046
135.1	77.22795995
135.2	78.78223355
135.3	80.53335447
135.4	80.9782918
135.5	81.99238051
135.6	82.03355462
135.7	81.38380483
135.8	81.99336301
135.9	82.25229741
136	82.53368462
136.1	83.4166188
136.2	85.48619233
136.3	85.9954033
136.4	83.01751919
136.5	81.21157054
136.6	81.10849175
136.7	79.67330436
136.8	79.21355581
136.9	79.84844159
137	79.38611766
137.1	79.71758119
137.2	78.62312515
137.3	78.67952249
137.4	78.40500637
137.5	77.17710341
137.6	78.4140034
137.7	79.67907528
137.8	79.93835559
137.9	79.12107553
138	77.38959404
138.1	75.95410287
138.2	75.40803625
138.3	76.11952308
138.4	79.43215349
138.5	81.71123327
138.6	81.53484063
138.7	79.41556586
138.8	79.18561106
138.9	78.96224467
139	76.31456988
139.1	77.37092562
139.2	80.36319882
139.3	83.19624762
139.4	82.41731381
139.5	81.98270269
139.6	80.76093709
139.7	79.16024418
139.8	79.74443131
139.9	80.80270939
140	82.70275644
140.1	84.32554993
140.2	83.3624385
140.3	80.15712872
140.4	76.53712657
140.5	75.74448445
140.6	75.62422665
140.7	76.35979769
140.8	79.5073231
140.9	83.17807932
141	83.8797129
141.1	82.38309837
141.2	80.55857919
141.3	79.17765398
141.4	77.15089915
141.5	75.20978885
141.6	75.39669883
141.7	76.01990067
141.8	77.74055125
141.9	79.73357481
142	80.95241536
142.1	81.48626988
142.2	80.14239903
142.3	79.13327708
142.4	78.37248218
142.5	78.97934422
142.6	79.55909199
142.7	78.80359594
142.8	80.3010889
142.9	82.92509765
143	85.94666068
143.1	87.24304985
143.2	87.2702799
143.3	83.49753508
143.4	81.52472587
143.5	82.41168996
143.6	81.69263014
143.7	80.06504213
143.8	77.51867632
143.9	74.77750198
144	73.9114442
144.1	74.82054375
144.2	74.53293266
144.3	72.1519811
144.4	70.38979935
144.5	67.48087055
144.6	68.17300871
144.7	71.1273894
144.8	73.2137134
144.9	74.56713971
145	75.81812428
145.1	77.12243516
145.2	78.41868578
145.3	78.94537989
145.4	78.20135338
145.5	76.03679668
145.6	71.42837613
145.7	68.74185402
145.8	66.76738421
145.9	66.47592398
146	67.43763556
146.1	67.6651027
146.2	69.00852677
146.3	69.99501204
146.4	69.48161555
146.5	68.45885975
146.6	68.85253437
146.7	67.87918359
146.8	67.78372019
146.9	65.96434789
147	64.476189
147.1	64.90170837
147.2	67.0210213
147.3	66.99031951
147.4	65.72510353
147.5	63.34071439
147.6	59.48898032
147.7	52.36142816
147.8	53.45218353
147.9	55.40337643
148	57.3265454
148.1	57.51891173
148.2	56.48427284
148.3	53.28135795
148.4	53.71347177
148.5	58.8477332
148.6	63.78726531
148.7	67.96564614
148.8	69.25802033
148.9	71.01043402
149	71.80028279
149.1	71.43829208
149.2	71.32992472
149.3	69.97337099
149.4	68.27317429
149.5	68.99781003
149.6	71.41590821
149.7	76.24936154
149.8	80.24275469
149.9	82.65930004
150	80.87444993
150.1	77.74010812
150.2	74.63610902
150.3	73.25283044
150.4	73.0503103
150.5	72.40959439
150.6	73.35604523
150.7	72.55199036
150.8	70.75512665
150.9	70.64087502
151	71.49653465
151.1	72.84687746
151.2	72.99484248
151.3	72.92911969
151.4	75.45189849
151.5	77.3534687
151.6	79.66796695
151.7	81.1270671
151.8	80.22578914
151.9	79.30445532
152	76.12992186
152.1	74.45731872
152.2	72.22797053
152.3	69.84498004
152.4	68.48122914
152.5	66.24392304
152.6	66.2691061
152.7	69.76874266
152.8	69.24864729
152.9	69.59222148
153	71.15246398
153.1	73.09348584
153.2	75.03708554
153.3	76.84328401
153.4	78.61144678
153.5	79.69819273
153.6	79.20562632
153.7	79.20832987
153.8	81.78333721
153.9	84.26140161
154	81.92785113
154.1	77.86363702
154.2	74.66239649
154.3	74.2215697
154.4	74.55040448
154.5	74.59080704
154.6	72.11880784
154.7	68.82494751
154.8	66.62267692
154.9	65.85062015
155	66.32259172
155.1	66.80681725
155.2	65.60169907
155.3	65.23799397
155.4	66.95965076
155.5	68.39239896
155.6	68.64466388
155.7	71.19848074
155.8	75.64495788
155.9	76.94660936
156	74.9157547
156.1	72.26204074
156.2	72.00083493
156.3	73.54227565
156.4	73.34754906
156.5	71.51470708
156.6	70.21023173
156.7	68.38297967
156.8	67.23056876
156.9	69.46062934
157	72.50853737
157.1	75.60931493
157.2	75.89602448
157.3	72.86385854
157.4	70.97934259
157.5	68.34749151
157.6	66.7340932
157.7	67.80201252
157.8	68.10822661
157.9	69.55461523
158	70.04248397
158.1	69.94059106
158.2	69.73607795
158.3	69.53205268
158.4	69.71924562
158.5	71.17381043
158.6	73.41057785
158.7	75.88619791
158.8	75.63356055
158.9	76.16433298
159	76.80285979
159.1	76.91714719
159.2	77.1853317
159.3	75.86648432
159.4	76.30519915
159.5	78.0577387
159.6	80.01577305
159.7	81.03427228
159.8	77.04651938
159.9	74.66357989
160	75.52431243
160.1	75.80697108
160.2	75.00060817
160.3	75.63893186
160.4	76.93767112
160.5	79.85856916
160.6	81.50958467
160.7	79.35766214
160.8	76.57175049
160.9	75.12888646
161	72.86703167
161.1	71.48266991
161.2	71.2263762
161.3	71.03648475
161.4	69.18241642
161.5	68.08147715
161.6	71.44878996
161.7	71.14916189
161.8	69.46971214
161.9	73.11044426
162	74.43041737
162.1	74.2851182
162.2	74.32941585
162.3	74.95004671
162.4	75.09062236
162.5	70.09239163
162.6	68.81871451
162.7	71.93056098
162.8	72.48898385
162.9	71.30970705
163	70.4841401
163.1	71.12695274
163.2	72.34739205
163.3	72.97480798
163.4	72.07928688
163.5	73.29759902
163.6	76.30289125
163.7	79.13605812
163.8	80.72019301
163.9	82.48873617
164	85.88240244
164.1	87.28041386
164.2	87.31120361
164.3	87.20665634
164.4	86.21323341
164.5	81.69963242
164.6	79.00069072
164.7	75.49648151
164.8	70.17519008
164.9	69.67693798
165	70.41913182
165.1	72.53150066
165.2	76.13387159
165.3	77.8423307
165.4	79.26929252
165.5	80.93992662
165.6	83.97246484
165.7	87.69879413
165.8	90.59331002
165.9	90.92952396
166	85.71942322
166.1	81.09928496
166.2	77.88051545
166.3	75.32468632
166.4	74.80039748
166.5	77.19715965
166.6	78.05648318
166.7	75.13020284
166.8	71.18470445
166.9	71.01476978
167	72.59752506
167.1	74.76190879
167.2	78.24481714
167.3	81.38375738
167.4	82.31804612
167.5	81.99677529
167.6	84.10942235
167.7	87.17282798
167.8	89.81208177
167.9	90.05337415
168	87.18284325
168.1	86.75417316
168.2	87.74829434
168.3	86.37360749
168.4	84.10162306
168.5	81.15417379
168.6	82.30441789
168.7	83.00851875
168.8	83.56242273
168.9	84.12016932
169	84.74438323
169.1	86.21313039
169.2	88.94561732
169.3	90.53153091
169.4	91.47735946
169.5	87.7716673
169.6	86.11947302
169.7	87.31442665
169.8	87.55055598
169.9	86.68184143
170	86.14254995
170.1	87.17553711
170.2	89.02777932
170.3	86.022827
170.4	83.5347969
170.5	82.95835976
170.6	82.95135505
170.7	82.82755118
170.8	83.16563732
170.9	86.0605327
171	89.28522892
171.1	92.50279545
171.2	95.53582048
171.3	97.99313084
171.4	96.97943921
171.5	94.29697409
171.6	94.67175058
171.7	96.16971882
171.8	89.79446286
171.9	84.07384746
172	83.13724461
172.1	82.55978839
172.2	81.20317643
172.3	80.58709362
172.4	80.06148532
172.5	81.20451308
172.6	86.24727926
172.7	90.67387045
172.8	91.58492788
172.9	94.32119203
173	97.59997639
173.1	96.09268519
173.2	95.76525707
173.3	99.29004437
173.4	99.43511771
173.5	95.68327325
173.6	94.60587764
173.7	94.30816243
173.8	93.23659795
173.9	93.90066044
174	93.78796769
174.1	92.94324615
174.2	89.97272105
174.3	85.83766241
174.4	81.38152575
174.5	79.60216344
174.6	79.76146667
174.7	78.39046183
174.8	78.37565251
174.9	79.25015886
175	80.76472036
175.1	82.280714
175.2	84.34962202
175.3	86.39804851
175.4	88.06719885
175.5	94.67491223
175.6	101.45566616
175.7	102.20715524
175.8	101.2170947
175.9	103.34767652
176	104.74054398
176.1	104.28554588
176.2	103.19143877
176.3	103.34611374
176.4	102.80838866
176.5	101.59428016
176.6	99.38493603
176.7	96.2192481
176.8	91.98874412
176.9	87.34097157
177	84.32874032
177.1	82.48741667
177.2	82.38150081
177.3	83.11877883
177.4	83.07256488
177.5	81.75325835
177.6	79.64279985
177.7	78.46035944
177.8	80.51781513
177.9	83.59990409
178	86.88727984
178.1	88.96450511
178.2	89.66242435
178.3	87.64940717
178.4	86.11999872
178.5	87.10166598
178.6	87.79818215
178.7	87.27949015
178.8	90.45667027
178.9	94.2863695
179	94.00339311
179.1	91.97747549
179.2	88.9736698
179.3	87.76161182
179.4	88.70405609
179.5	90.35523359
179.6	91.96896386
179.7	94.06621858
179.8	94.44483454
179.9	94.97615856
180	94.92282981
180.1	93.06046374
180.2	92.31456154
180.3	91.39253334
180.4	90.50098312
180.5	88.33094219
180.6	88.68662506
180.7	91.23368904
180.8	91.9443349
180.9	92.94720091
181	95.69236247
181.1	98.43407475
181.2	97.68313196
181.3	97.29310711
181.4	95.92264127
181.5	93.78482724
181.6	91.85629912
181.7	91.43824542
181.8	90.0851741
181.9	88.3145935
182	89.32140034
182.1	86.1166518
182.2	81.60434703
182.3	81.77174347
182.4	84.96720978
182.5	84.49225174
182.6	87.8396624
182.7	88.35327379
182.8	88.9022038
182.9	90.40174106
183	87.5221815
183.1	86.55137678
183.2	87.5469898
183.3	89.35516926
183.4	91.51940287
183.5	92.20337697
183.6	93.5949577
183.7	94.50885295
183.8	92.11280163
183.9	90.2531048
184	89.83387779
184.1	88.60806107
184.2	86.47871987
184.3	87.34149095
184.4	91.26282918
184.5	91.03533651
184.6	88.35803512
184.7	88.31817465
184.8	87.74107056
184.9	87.49193606
185	91.05953633
185.1	96.26565693
185.2	98.96408675
185.3	100.98787821
185.4	102.47568254
185.5	100.7189539
185.6	98.18214387
185.7	96.36368838
185.8	94.50743778
185.9	95.95611376
186	98.91716691
186.1	101.62722647
186.2	103.11138515
186.3	100.36554999
186.4	98.65523703
186.5	97.36308251
186.6	93.22004725
186.7	88.78508853
186.8	87.5270545
186.9	89.04276081
187	95.95898856
187.1	96.61930995
187.2	97.12306146
187.3	98.92568377
187.4	100.85749972
187.5	102.01005331
187.6	100.48741995
187.7	96.20375862
187.8	95.13303231
187.9	97.33889863
188	97.82773139
188.1	99.62676168
188.2	99.6444994
188.3	99.35146244
188.4	97.96593576
188.5	96.50213241
188.6	94.90098595
188.7	92.15733986
188.8	87.2839272
188.9	82.04751102
189	76.79116765
189.1	72.54635398
189.2	72.00417394
189.3	71.78735971
189.4	71.65234137
189.5	73.69455713
189.6	79.05240827
189.7	80.98019156
189.8	82.24206908
189.9	82.72810344
190	83.39964249
190.1	84.95277887
190.2	85.73433388
190.3	85.43092291
190.4	85.09245966
190.5	84.79245008
190.6	81.98556914
190.7	81.05816786
190.8	82.05569769
190.9	79.52690261
191	78.56890139
191.1	78.93299606
191.2	78.78341354
191.3	79.93288296
191.4	81.68647926
191.5	80.80922955
191.6	80.20135164
191.7	80.51171321
191.8	82.28006259
191.9	84.80680981
192	87.49323073
192.1	89.40108321
192.2	90.64255515
192.3	90.69791081
192.4	92.13195049
192.5	91.97889457
192.6	88.30449172
192.7	86.82895819
192.8	88.01364168
192.9	90.88786006
193	92.28912436
193.1	92.70098865
193.2	92.92189293
193.3	89.50029307
193.4	87.63643319
193.5	86.00131207
193.6	80.87367677
193.7	73.5075472
193.8	67.14340689
193.9	62.7736382
194	61.06229336
194.1	62.06884676
194.2	62.019031
194.3	60.45175591
194.4	58.94937099
194.5	59.86790585
194.6	62.23545731
194.7	66.63710721
194.8	70.46047452
194.9	72.83380306
195	75.2301007
195.1	77.64040234
195.2	80.03065981
195.3	82.89982601
195.4	87.703977
195.5	89.9819157
195.6	91.08120694
195.7	92.405367
195.8	91.30517427
195.9	88.96150161
196	86.41713704
196.1	82.6140536
196.2	77.43459998
196.3	72.48830489
196.4	68.97509683
196.5	68.98484081
196.6	73.74588491
196.7	77.86303659
196.8	76.236898
196.9	73.44690541
197	69.98244179
197.1	66.52756141
197.2	63.58857159
197.3	62.69265336
197.4	65.48316371
197.5	69.21388321
197.6	72.9540491
197.7	76.70124646
197.8	80.59691258
197.9	81.71328551
198	81.45408057
198.1	82.05058263
198.2	84.57557246
198.3	87.93182761
198.4	88.90984544
198.5	86.83163393
198.6	84.44182583
198.7	82.71036295
198.8	76.44023069
198.9	69.42352588
199	61.72704267
199.1	61.66084351
199.2	61.90028066
199.3	60.428326
199.4	60.37345839
199.5	63.68342007
199.6	66.05778325
199.7	68.48876897
199.8	73.49484141
199.9	80.30163547
200	85.82673458
200.1	87.45916212
200.2	86.75653464
200.3	84.82837246
200.4	77.63235823
200.5	68.88911026
200.6	60.73842375
200.7	53.47576627
200.8	52.48599941
200.9	57.19484872
201	60.58962434
201.1	61.6402784
201.2	64.25379588
201.3	69.08063386
201.4	72.36323128
201.5	70.48773829
201.6	67.68942058
201.7	66.13088471
201.8	66.15259503
201.9	68.3309502
202	70.58149304
202.1	73.26896396
202.2	77.94682044
202.3	82.47981003
202.4	86.8897111
202.5	88.69625742
202.6	87.13642
202.7	86.7183971
202.8	87.49891124
202.9	87.67382275
203	83.82874459
203.1	79.26891376
203.2	70.34867443
203.3	64.45567419
203.4	60.78123836
203.5	61.70486996
203.6	62.46573949
203.7	61.84101402
203.8	59.77282443
203.9	58.78198268
204	59.21159501
204.1	59.95288472
204.2	60.67457306
204.3	62.20977939
204.4	62.63612736
204.5	62.32133889
204.6	64.18802368
204.7	67.70027205
204.8	72.66968479
204.9	77.6067819
205	80.99330693
205.1	83.54496226
205.2	83.91555458
205.3	82.32876606
205.4	79.35465432
205.5	75.80952468
205.6	71.96525057
205.7	67.58053027
205.8	63.12283937
205.9	59.37409372
206	57.66611785
206.1	59.21693807
206.2	62.37413885
206.3	63.8304879
206.4	64.47094222
206.5	66.78733292
206.6	70.62009173
206.7	74.72714578
206.8	79.02567613
206.9	82.71578116
207	85.29722316
207.1	85.61504769
207.2	88.03893212
207.3	89.37010125
207.4	85.95301616
207.5	81.07690939
207.6	78.93332685
207.7	76.25602161
207.8	75.97657989
207.9	74.65024946
208	71.3372943
208.1	71.66773948
208.2	72.70641791
208.3	74.87310455
208.4	76.95713113
208.5	81.67641473
208.6	85.07545125
208.7	86.21251323
208.8	86.45787159
208.9	87.01896978
209	87.42831723
209.1	86.17923644
209.2	84.52458689
209.3	81.28985652
209.4	78.81100479
209.5	80.306272
209.6	84.3830237
209.7	88.3380406
209.8	91.8495873
209.9	92.4464218
210	89.02552334
210.1	86.96049448
210.2	87.12905611
210.3	90.58503097
210.4	96.14029523
210.5	101.63021193
210.6	107.43461848
210.7	113.30202235
210.8	112.36003694
210.9	101.43904258
211	89.86291576
211.1	78.12670431
211.2	67.40035846
211.3	58.69755019
211.4	53.55286375
211.5	49.13768571
211.6	46.8142965
211.7	48.92121209
211.8	52.43476382
211.9	54.39982638
212	56.6935344
212.1	59.46969606
212.2	62.3721712
212.3	63.80808549
212.4	64.18620142
212.5	61.4342743
212.6	60.048739
212.7	57.22085632
212.8	56.97120656
212.9	57.73382463
213	56.25061226
213.1	54.2457856
213.2	53.73209945
213.3	54.42945393
213.4	54.37116962
213.5	52.2119459
213.6	50.33735413
213.7	48.32334067
213.8	46.20026773
213.9	48.08350902
214	50.30136174
214.1	52.5040459
214.2	54.66021738
214.3	58.14584665
214.4	60.99378296
214.5	62.66471572
214.6	63.04829827
214.7	61.16698352
214.8	58.59147656
214.9	55.89366048
215	54.46939058
215.1	54.33990544
215.2	54.10564525
215.3	52.21618377
215.4	49.91230206
215.5	48.73221063
215.6	52.38129043
215.7	58.50615734
215.8	64.0172235
215.9	68.72676976
216	73.20761735
216.1	77.09445684
216.2	78.02797352
216.3	74.27133717
216.4	68.3488484
216.5	62.70183435
216.6	57.47855271
216.7	57.91931554
216.8	58.83507709
216.9	59.75853103
217	60.80606204
217.1	61.51860502
217.2	61.68486365
217.3	63.23705192
217.4	65.74380141
217.5	64.65471349
217.6	64.30446917
217.7	64.5612152
217.8	65.0821828
217.9	65.66418147
218	65.17037662
218.1	63.98952381
218.2	65.6154969
218.3	70.42617808
218.4	74.80620736
218.5	79.53185346
218.6	81.3062301
218.7	75.75627806
218.8	73.49627406
218.9	71.09358183
219	65.08665048
219.1	58.28923791
219.2	51.8146033
219.3	47.48933146
219.4	46.01965402
219.5	46.88462154
219.6	48.27224503
219.7	50.65562102
219.8	53.96808458
219.9	55.24141946
220	52.84093649
220.1	52.40427433
220.2	52.07818534
220.3	50.16580755
220.4	48.24866677
220.5	47.36146112
220.6	46.57024485
220.7	46.08779291
220.8	47.92429305
220.9	53.24126731
221	56.78557977
221.1	59.58581545
221.2	60.25148889
221.3	59.4852951
221.4	59.75872385
221.5	62.20694289
221.6	63.24458909
221.7	63.95474586
221.8	66.17100798
221.9	67.65480701
222	66.66435716
222.1	64.775518
222.2	60.74317876
222.3	55.28370335
222.4	51.57465592
222.5	49.39422689
222.6	42.21586276
222.7	35.12398034
222.8	31.10527373
222.9	29.02282751
223	27.82680287
223.1	26.59994036
223.2	26.94552991
223.3	28.86530074
223.4	32.92523937
223.5	36.49578159
223.6	38.7610955
223.7	39.52137502
223.8	39.84826886
223.9	40.55422446
224	39.7226347
224.1	35.43841192
224.2	33.87417486
224.3	33.69317677
224.4	34.49950436
224.5	36.24861755
224.6	37.4354854
224.7	38.03198722
224.8	38.58898421
224.9	39.82603171
225	39.78431897
225.1	39.34444446
225.2	39.36315181
225.3	40.74658784
225.4	42.060831
225.5	41.4048233
225.6	40.03765614
225.7	39.76944309
225.8	39.54856847
225.9	39.23191611
226	40.44906894
226.1	42.4166039
226.2	43.78610695
226.3	43.39260227
226.4	45.18498689
226.5	46.99290086
226.6	45.91054277
226.7	45.00551218
226.8	44.67634254
226.9	43.02991399
227	42.93787403
227.1	45.38771158
227.2	45.85676027
227.3	47.19627848
227.4	48.92361508
227.5	47.93720496
227.6	44.45245057
227.7	41.89522523
227.8	38.31069188
227.9	35.79322623
228	33.68270354
228.1	31.93929211
228.2	31.39604019
228.3	31.64353571
228.4	35.09313722
228.5	37.72965183
228.6	39.05970153
228.7	39.72769533
228.8	37.64651504
228.9	37.10213424
229	37.04726154
229.1	37.27461811
229.2	36.0288288
229.3	34.84720625
229.4	36.4634565
229.5	38.5371928
229.6	39.68072425
229.7	41.78358162
229.8	44.24248453
229.9	45.87438982
230	45.5564733
230.1	43.62477759
230.2	42.04182305
230.3	41.65494709
230.4	42.70644951
230.5	43.80475626
230.6	44.76640784
230.7	45.35438558
230.8	43.63842742
230.9	40.81914632
231	37.89412035
231.1	34.98723806
231.2	33.72475722
231.3	33.6291459
231.4	32.31155844
231.5	32.13596821
231.6	31.16184975
231.7	30.51795175
231.8	31.96288272
231.9	35.16652459
232	37.30371544
232.1	39.48613998
232.2	41.50227215
232.3	41.53136871
232.4	40.2660372
232.5	39.15786049
232.6	38.29155699
232.7	37.46297937
232.8	37.6798411
232.9	39.78588665
233	41.12050786
233.1	42.09612077
233.2	44.02607861
233.3	44.19234958
233.4	42.83500353
233.5	43.97391327
233.6	43.8265093
233.7	40.54019689
233.8	37.79746551
233.9	35.89214005
234	30.75563573
234.1	23.83080065
234.2	17.39591442
234.3	15.20239623
234.4	16.29686482
234.5	17.51692154
234.6	18.00625007
234.7	18.7959185
234.8	19.55327253
234.9	20.34713356
235	22.00831355
235.1	24.40555813
235.2	28.37822156
235.3	30.56587072
235.4	32.09603892
235.5	31.65590436
235.6	30.11368404
235.7	29.46579957
235.8	28.38341109
235.9	27.34535942
236	25.56861109
236.1	23.27275777
236.2	21.12265658
236.3	19.62825063
236.4	19.18686891
236.5	19.39382634
236.6	20.45998211
236.7	21.955304
236.8	23.14326295
236.9	23.27683667
237	21.75699243
237.1	20.18789897
237.2	19.78170702
237.3	19.74081351
237.4	20.45038558
237.5	22.39781873
237.6	24.15394017
237.7	24.96272816
237.8	25.74025529
237.9	25.36319789
238	24.058381
238.1	21.87818302
238.2	19.80211527
238.3	18.0581657
238.4	17.42207913
238.5	16.98261418
238.6	16.79624762
238.7	16.96988373
238.8	17.53423316
238.9	18.99262788
239	19.61818811
239.1	19.96592314
239.2	20.55173653
239.3	22.12046432
239.4	23.32842634
239.5	23.81977733
239.6	23.93629202
239.7	23.93856029
239.8	23.48259536
239.9	21.58560499
240	19.2359292
240.1	19.27591036
240.2	19.94719242
240.3	18.19862495
240.4	16.30789411
240.5	15.83722722
240.6	15.22056752
240.7	14.61522821
240.8	14.60540851
240.9	14.62158828
241	15.30429566
241.1	16.75831701
241.2	18.15132369
241.3	19.37010337
241.4	20.32607239
241.5	21.32610999
241.6	22.7943403
241.7	23.92406572
241.8	25.67531809
241.9	28.32283929
242	31.13407641
242.1	33.51661329
242.2	31.92847287
242.3	26.97050163
242.4	23.67146511
242.5	22.8243911
242.6	20.20222612
242.7	18.27516451
242.8	17.95387481
242.9	17.5970281
243	16.58130537
243.1	14.65891128
243.2	13.04916997
243.3	12.79249065
243.4	13.87907829
243.5	14.81007404
243.6	15.09562936
243.7	15.38028376
243.8	14.85793307
243.9	14.80200549
244	15.6190521
244.1	15.92327181
244.2	15.8155701
244.3	15.90256267
244.4	16.74640637
244.5	17.56300755
244.6	17.58609883
244.7	17.81963408
244.8	19.71138207
244.9	20.55832777
245	20.17379023
245.1	19.5165726
245.2	18.1283015
245.3	16.79841929
245.4	15.47409859
245.5	14.12030523
245.6	13.11457358
245.7	12.83568049
245.8	13.07585703
245.9	13.25918534
246	13.47320157
246.1	13.68245413
246.2	13.93778044
246.3	14.36786028
246.4	15.21507014
246.5	16.04946657
246.6	16.88962826
246.7	17.53366437
246.8	18.04544989
246.9	19.67349922
247	21.680223
247.1	22.46346961
247.2	22.93266545
247.3	23.81897594
247.4	24.60893723
247.5	24.53818743
247.6	23.9906763
247.7	23.39737492
247.8	23.0032413
247.9	23.01018816
248	23.09618724
248.1	23.14658588
248.2	23.14590331
248.3	23.17543432
248.4	23.95124758
248.5	25.26918512
248.6	27.02968798
248.7	26.93801276
248.8	24.24642792
248.9	22.903169
249	21.9464938
249.1	22.34034863
249.2	21.56746897
249.3	19.34628707
249.4	19.75248722
249.5	19.33264674
249.6	19.28286397
249.7	21.41978249
249.8	23.81271202
249.9	24.32422397
250	23.05328814
250.1	21.77752633
250.2	20.99270746
250.3	20.94573907
250.4	21.45206902
250.5	23.27915234
250.6	22.18942167
250.7	19.3150501
250.8	19.19160913
250.9	21.2773332
251	22.83255708
251.1	23.29925577
251.2	23.27291639
251.3	24.29759353
251.4	25.91843623
251.5	25.7627794
251.6	25.72500717
251.7	27.07617673
251.8	28.28107391
251.9	27.87170022
252	26.7873366
252.1	26.09859395
252.2	26.37504768
252.3	27.09022104
252.4	26.51893323
252.5	28.13207899
252.6	30.45321598
252.7	31.30336945
252.8	31.01194616
252.9	30.24206369
253	30.0691924
253.1	29.86323418
253.2	28.95102716
253.3	27.18845475
253.4	25.29955922
253.5	23.41956325
253.6	23.14990115
253.7	24.60341095
253.8	26.54507552
253.9	26.56277738
254	26.14557429
254.1	26.56929797
254.2	27.31791635
254.3	25.87302136
254.4	25.5243076
254.5	25.51522277
254.6	25.03730614
254.7	25.33391406
254.8	25.53227217
254.9	25.66420592
255	26.52108517
255.1	27.24886838
255.2	27.11096061
255.3	26.91020587
255.4	25.13869233
255.5	23.31796657
255.6	23.2095947
255.7	24.73415373
255.8	26.26811096
255.9	25.9420881
256	24.32083459
256.1	23.95444543
256.2	23.93439763
256.3	24.20734777
256.4	25.43715151
256.5	26.68489933
256.6	28.21111154
256.7	29.73103019
256.8	30.69655054
256.9	30.98319283
257	31.77910202
257.1	32.95628741
257.2	32.40844388
257.3	30.00324461
257.4	28.39114184
257.5	27.07111793
257.6	25.75336684
257.7	24.43811276
257.8	23.76164219
257.9	24.78230024
258	26.27140894
258.1	26.8743563
258.2	26.88404437
258.3	26.89684868
258.4	28.55812532
258.5	30.28726298
258.6	30.26308934
258.7	29.72893046
258.8	29.50915224
258.9	29.46866104
259	28.54110916
259.1	28.1930201
259.2	30.03728498
259.3	31.39092045
259.4	31.85227766
259.5	31.76201541
259.6	31.49714948
259.7	31.09435361
259.8	31.56179627
259.9	31.68392699
260	32.83566587
260.1	35.02023001
260.2	34.26446394
260.3	34.1118706
260.4	35.2420577
260.5	36.09692638
260.6	34.52635739
260.7	33.23697478
260.8	32.3190184
260.9	29.86539928
261	27.5685849
261.1	26.98121399
261.2	26.72581616
261.3	25.61528514
261.4	24.61358457
261.5	24.32425364
261.6	23.73459402
261.7	21.89642899
261.8	20.11706519
261.9	18.34239964
262	17.40535393
262.1	18.16138527
262.2	17.53503625
262.3	16.75517053
262.4	18.2342568
262.5	19.44699856
262.6	20.20380678
262.7	20.45815471
262.8	20.08635013
262.9	19.37085813
263	18.27167412
263.1	17.27206984
263.2	17.58887937
263.3	17.73166869
263.4	16.3141916
263.5	15.79723233
263.6	16.82047424
263.7	18.53275728
263.8	19.91186211
263.9	20.36949353
264	19.96105596
264.1	19.19375995
264.2	18.73814762
264.3	16.95281978
264.4	14.77018755
264.5	12.58704875
264.6	11.41216972
264.7	11.85396761
264.8	13.36301852
264.9	14.94519943
265	15.39093359
265.1	15.23360677
265.2	14.85008509
265.3	14.45233
265.4	14.61232233
265.5	15.39481042
265.6	16.55686096
265.7	16.59018131
265.8	16.82487641
265.9	17.58386246
266	17.57511494
266.1	17.97398621
266.2	19.55478703
266.3	21.9519376
266.4	22.14599861
266.5	22.24030432
266.6	22.89796275
266.7	22.60336208
266.8	23.07831427
266.9	24.09460372
267	24.7762214
267.1	25.43919393
267.2	25.91183837
267.3	26.83945406
267.4	26.31703266
267.5	25.15713118
267.6	23.85833959
267.7	23.34110878
267.8	24.94059176
267.9	27.23250038
268	27.58158117
268.1	27.06773625
268.2	26.41141265
268.3	23.614552
268.4	20.95350243
268.5	18.87419702
268.6	18.3958812
268.7	19.80040457
268.8	21.59960932
268.9	22.67806009
269	22.73295039
269.1	20.60286332
269.2	18.48203471
269.3	17.21765595
269.4	16.40855644
269.5	16.26914845
269.6	16.01245934
269.7	15.37455623
269.8	15.35479146
269.9	16.56625876
270	18.37534344
270.1	19.08260346
270.2	19.59634822
270.3	19.11898418
270.4	17.17513548
270.5	17.51417483
270.6	20.95505433
270.7	22.9276403
270.8	23.17406236
270.9	21.7015117
271	19.83522167
271.1	18.64711957
271.2	17.93248996
271.3	16.75390523
271.4	14.91911114
271.5	14.44948736
271.6	15.55042263
271.7	17.07372533
271.8	20.49067891
271.9	25.83171908
272	31.60790246
272.1	36.96294493
272.2	40.74016456
272.3	42.17562261
272.4	41.99844593
272.5	41.98437763
272.6	42.93240332
272.7	44.99253254
272.8	47.57963453
272.9	50.81238592
273	52.55897586
273.1	54.34489562
273.2	57.21643631
273.3	60.13103147
273.4	62.80392956
273.5	66.37797884
273.6	70.90966211
273.7	75.42203508
273.8	77.72581083
273.9	77.35727141
274	75.98380882
274.1	74.61724253
274.2	75.3015775
274.3	74.16491521
274.4	73.4286663
274.5	73.05016993
274.6	71.74701287
274.7	71.52420311
274.8	69.59650722
274.9	66.82070546
275	66.40415636
275.1	66.29971856
275.2	65.4104779
275.3	63.41716787
275.4	62.05830458
275.5	59.99299791
275.6	57.52292814
275.7	57.63929851
275.8	59.87626973
275.9	62.21970804
276	65.43820821
276.1	68.45847025
276.2	69.27602645
276.3	67.68979105
276.4	67.48193322
276.5	68.52552756
276.6	69.7786549
276.7	71.4775657
276.8	71.78159181
276.9	69.47103394
277	68.7995213
277.1	67.96240649
277.2	67.15279944
277.3	67.00810264
277.4	67.6577576
277.5	68.98413567
277.6	68.97003788
277.7	67.11588242
277.8	64.95123569
277.9	59.42814108
278	51.93319078
278.1	44.39796014
278.2	39.24600076
278.3	38.02556069
278.4	38.262405
278.5	39.2758516
278.6	39.43716069
278.7	38.22420668
278.8	37.16390178
278.9	36.85480354
279	37.36462136
279.1	40.72656774
279.2	44.76160437
279.3	47.30026035
279.4	46.20529168
279.5	41.39160569
279.6	38.23143131
279.7	38.83892957
279.8	41.43107659
279.9	41.83127509
280	43.67752605
280.1	47.55499924
280.2	51.22709583
280.3	54.55132851
280.4	56.95898701
280.5	58.28704578
280.6	56.04455774
280.7	56.08638473
280.8	56.54604344
280.9	58.26699483
281	58.33013252
281.1	52.05855731
281.2	47.280285
281.3	45.59161131
281.4	44.27073659
281.5	41.20866972
281.6	35.03424494
281.7	29.40668244
281.8	25.00216266
281.9	20.71410715
282	17.72052223
282.1	16.04382445
282.2	15.73012773
282.3	15.21217375
282.4	15.01352587
282.5	15.43738698
282.6	15.77314565
282.7	15.64594119
282.8	16.08102863
282.9	16.44506544
283	16.36152376
283.1	15.81652452
283.2	15.78964089
283.3	15.66001098
283.4	14.92570487
283.5	13.69845384
283.6	13.08474932
283.7	14.42895414
283.8	16.12895091
283.9	16.59561154
284	16.56915096
284.1	16.14314624
284.2	14.65975508
284.3	13.20869776
284.4	11.73191142
284.5	10.79978074
284.6	10.45305999
284.7	9.94316372
284.8	9.1323285
284.9	8.67121313
285	9.41156223
285.1	10.69930507
285.2	12.39073021
285.3	15.61960578
285.4	21.69702892
285.5	29.37774606
285.6	37.04029734
285.7	44.71387696
285.8	51.86608143
285.9	55.9007285
286	55.53269367
286.1	54.2007891
286.2	52.4183238
286.3	48.84243766
286.4	45.34027606
286.5	41.8074449
286.6	37.85936645
286.7	35.08907749
286.8	36.80110531
286.9	42.48595348
287	48.40294778
287.1	53.75909615
287.2	55.71473305
287.3	57.61309254
287.4	59.69540537
287.5	61.20651939
287.6	63.07838029
287.7	64.73243944
287.8	61.91922597
287.9	56.49406235
288	51.06269386
288.1	47.4390085
288.2	47.88174823
288.3	51.12558699
288.4	54.31384059
288.5	55.50151431
288.6	54.92047276
288.7	54.58194078
288.8	52.82262855
288.9	51.17295063
289	51.97455982
289.1	52.54255712
289.2	50.90822912
289.3	47.18294795
289.4	41.56604647
289.5	35.78596937
289.6	31.77281222
289.7	31.83761244
289.8	32.50013026
289.9	32.04802452
290	31.32675987
290.1	30.5960208
290.2	29.91576334
290.3	30.22398723
290.4	31.80130033
290.5	32.67210609
290.6	32.6830769
290.7	32.54432766
290.8	31.5034347
290.9	31.12532432
291	33.00214522
291.1	35.05471086
291.2	36.31489352
291.3	37.49022457
291.4	38.4534261
291.5	37.35530938
291.6	34.56352796
291.7	35.19942301
291.8	37.42654654
291.9	37.94846948
292	37.86905936
292.1	38.90669928
292.2	40.77526965
292.3	42.50207994
292.4	44.39589242
292.5	45.52656592
292.6	43.77650542
292.7	40.35239355
292.8	37.5297285
292.9	35.46532739
293	37.16125522
293.1	37.37802046
293.2	37.26249751
293.3	37.8370437
293.4	39.25709004
293.5	41.10179228
293.6	40.89498091
293.7	40.43346532
293.8	40.70047943
293.9	40.82025245
294	40.23899984
294.1	39.62334328
294.2	39.31071041
294.3	39.914381
294.4	40.66611985
294.5	41.38987749
294.6	40.84683204
294.7	40.99476807
294.8	40.82506222
294.9	40.31981974
295	39.01320961
295.1	37.98724931
295.2	38.00713292
295.3	38.43654144
295.4	35.01561021
295.5	31.82109729
295.6	32.1577315
295.7	33.49830489
295.8	32.77313992
295.9	31.31217655
296	30.69350743
296.1	31.66402888
296.2	30.94226795
296.3	30.10852316
296.4	30.93584397
296.5	31.8361597
296.6	32.85950549
296.7	34.42411796
296.8	34.79420523
296.9	35.12274887
297	35.26649847
297.1	34.85145421
297.2	34.23033169
297.3	32.86361574
297.4	31.51359811
297.5	29.99642159
297.6	28.40424213
297.7	26.79885503
297.8	25.46893912
297.9	24.73260517
298	25.25295952
298.1	26.29437618
298.2	27.78798809
298.3	29.28191233
298.4	29.68825853
298.5	29.34772955
298.6	29.10538829
298.7	29.49336271
298.8	30.63622039
298.9	30.91129678
299	30.00493981
299.1	28.89383434
299.2	28.12349687
299.3	27.91630626
299.4	28.61308408
299.5	29.92503823
299.6	29.51445194
299.7	29.24787326
299.8	29.76726678
299.9	30.0363936
300	29.64333231
300.1	28.70573501
300.2	27.66869173
300.3	27.30201421
300.4	28.27598817
300.5	28.11873462
300.6	27.89575608
300.7	28.86390115
300.8	28.80049852
300.9	28.87854379
301	29.77917774
301.1	30.70671411
301.2	31.7971256
301.3	33.66855299
301.4	35.76469515
301.5	36.75573992
301.6	35.08965317
301.7	35.07860733
301.8	33.93737259
301.9	32.42757643
302	31.11844233
302.1	31.92849696
302.2	33.56112368
302.3	32.84678961
302.4	31.94873384
302.5	31.88551557
302.6	32.06092311
302.7	33.24267159
302.8	34.07674498
302.9	34.72064208
303	35.3641931
303.1	36.03648743
303.2	36.85274669
303.3	37.30039104
303.4	36.95562662
303.5	36.53608664
303.6	37.38763766
303.7	38.89945934
303.8	39.16338875
303.9	37.94098537
304	36.84815426
304.1	36.48255605
304.2	37.03794966
304.3	37.95386381
304.4	39.69417655
304.5	41.38781424
304.6	41.90273518
304.7	41.02505324
304.8	40.04961992
304.9	39.07357293
305	38.4996304
305.1	38.78797746
305.2	40.37336997
305.3	42.10455279
305.4	42.99962727
305.5	43.65345039
305.6	44.38375688
305.7	46.06681104
305.8	48.1258219
305.9	49.38765586
306	48.42795251
306.1	48.34611867
306.2	48.59505458
306.3	46.97856891
306.4	44.75012144
306.5	43.86340505
306.6	42.74256801
306.7	42.35455226
306.8	42.25613556
306.9	41.10152019
307	40.75083238
307.1	42.49360624
307.2	44.31239037
307.3	46.11793008
307.4	48.43337247
307.5	51.21741883
307.6	52.11508384
307.7	51.23232746
307.8	50.26466309
307.9	48.10526996
308	46.18139914
308.1	47.21156747
308.2	47.33755024
308.3	46.21841732
308.4	46.57678021
308.5	46.04940217
308.6	45.38336275
308.7	45.28359708
308.8	44.40094579
308.9	43.46480405
309	43.43709663
309.1	46.33023261
309.2	50.40590562
309.3	53.54184802
309.4	54.43086488
309.5	54.69181133
309.6	54.35052537
309.7	52.98944531
309.8	48.49809616
309.9	44.88958461
310	42.58798723
310.1	42.48974856
310.2	43.98983954
310.3	45.84592958
310.4	47.19088423
310.5	46.81712025
310.6	46.62337138
310.7	48.17334251
310.8	49.20972219
310.9	47.82719673
311	48.3902421
311.1	48.25052373
311.2	47.77698651
311.3	50.02109487
311.4	49.87740332
311.5	47.23618772
311.6	45.60427609
311.7	45.82743417
311.8	47.44650408
311.9	48.51742734
312	49.34769251
312.1	48.6499892
312.2	46.97264401
312.3	46.84215438
312.4	48.61209335
312.5	50.97572568
312.6	52.34617811
312.7	52.13376662
312.8	50.96441356
312.9	49.54510122
313	49.06772458
313.1	49.01617054
313.2	49.50319147
313.3	49.86237989
313.4	50.19770313
313.5	49.06898109
313.6	47.96729092
313.7	48.44381114
313.8	50.29566508
313.9	49.54994409
314	45.45196819
314.1	42.28415823
314.2	40.48089489
314.3	40.07081554
314.4	42.93132879
314.5	45.99754314
314.6	46.38154662
314.7	45.05218445
314.8	44.88248928
314.9	45.20401019
315	43.5219996
315.1	41.50983451
315.2	40.20073235
315.3	37.86572727
315.4	36.46659738
315.5	36.45896006
315.6	38.34095515
315.7	41.23616755
315.8	43.42348139
315.9	44.59024296
316	44.65902281
316.1	44.40784951
316.2	45.35069716
316.3	46.38137842
316.4	47.17857431
316.5	47.20392546
316.6	46.91469708
316.7	46.60207056
316.8	47.02514004
316.9	48.0979053
317	49.12802351
317.1	49.73837873
317.2	48.8750205
317.3	46.80870623
317.4	44.53139659
317.5	42.18832879
317.6	40.24189316
317.7	40.31863339
317.8	43.67453462
317.9	47.53945365
318	50.69225857
318.1	52.66109201
318.2	53.80016568
318.3	50.913789
318.4	49.33128409
318.5	52.42042947
318.6	58.10304482
318.7	64.10221257
318.8	70.07422588
318.9	74.31344172
319	76.86086704
319.1	75.95970944
319.2	72.029021
319.3	67.9444227
319.4	64.55027096
319.5	63.73912178
319.6	62.99858705
319.7	60.98656787
319.8	59.77010142
319.9	61.39329041
320	63.9403553
320.1	65.4823688
320.2	64.43177174
320.3	63.44210486
320.4	66.73900277
320.5	71.50641334
320.6	76.55716211
320.7	81.29708769
320.8	84.26883401
320.9	84.62323033
321	78.9029414
321.1	71.83021345
321.2	64.81046175
321.3	62.1665712
321.4	62.3712226
321.5	68.67676561
321.6	73.83072887
321.7	77.13431221
321.8	80.47368208
321.9	81.04360161
322	77.61186577
322.1	71.51335308
322.2	66.02820856
322.3	63.38875809
322.4	56.77521536
322.5	51.97417617
322.6	52.4869571
322.7	57.49743414
322.8	63.8970241
322.9	70.33914184
323	74.06692308
323.1	75.50791094
323.2	75.92021473
323.3	76.36635435
323.4	76.19674679
323.5	74.58628266
323.6	74.08007351
323.7	76.30443215
323.8	76.4075915
323.9	70.7841738
324	63.63060212
324.1	56.66870275
324.2	50.04551883
324.3	49.01206816
324.4	53.91581372
324.5	61.0847495
324.6	68.26836319
324.7	74.61277467
324.8	79.9117253
324.9	85.97394651
325	90.97428776
325.1	90.79438152
325.2	88.81444829
325.3	86.40096264
325.4	82.72487031
325.5	79.03430292
325.6	75.40937487
325.7	71.79431449
325.8	68.35929151
325.9	67.38952543
326	72.9134859
326.1	77.99569522
326.2	80.38418696
326.3	82.28602315
326.4	84.27906243
326.5	88.90699598
326.6	93.29711917
326.7	93.19797186
326.8	91.28039119
326.9	90.13837249
327	88.01322954
327.1	86.69918397
327.2	89.6641349
327.3	92.18554701
327.4	91.48323849
327.5	92.21021091
327.6	92.85839496
327.7	92.10113079
327.8	88.26186841
327.9	86.01153777
328	82.33823615
328.1	76.37955095
328.2	72.84580449
328.3	73.43495255
328.4	77.02417568
328.5	81.45421185
328.6	84.00050078
328.7	86.40873535
328.8	87.05862626
328.9	85.96183298
329	84.93564008
329.1	84.59357371
329.2	88.13118084
329.3	90.63643891
329.4	91.39843247
329.5	92.08201579
329.6	90.66775185
329.7	91.65022879
329.8	90.55834788
329.9	86.52215078
330	83.94121625
330.1	85.21502433
330.2	85.21531749
330.3	83.56740763
330.4	81.76166851
330.5	80.10981144
330.6	80.18712271
330.7	82.64427778
330.8	84.9055565
330.9	83.54664205
331	82.10060978
331.1	80.66466694
331.2	79.40751386
331.3	79.42356858
331.4	80.67743394
331.5	81.74714554
331.6	80.77574677
331.7	75.96985378
331.8	71.66774481
331.9	72.25317249
332	75.87355382
332.1	78.1591187
332.2	81.47420013
332.3	82.53100568
332.4	79.14120391
332.5	76.8286363
332.6	76.37227083
332.7	75.43531973
332.8	74.17729598
332.9	74.51746398
333	77.41340417
333.1	79.85260579
333.2	80.71237588
333.3	78.50566286
333.4	78.17202505
333.5	78.84521667
333.6	79.76828914
333.7	79.77074076
333.8	78.24816584
333.9	78.29009518
334	80.45914823
334.1	82.41779809
334.2	82.85376748
334.3	82.5904756
334.4	80.9606019
334.5	77.48953203
334.6	73.19098081
334.7	68.68586469
334.8	68.2657728
334.9	69.08196062
335	71.68673501
335.1	72.6044916
335.2	70.93417017
335.3	68.61503631
335.4	67.4290086
335.5	67.69716016
335.6	70.33507162
335.7	72.39905812
335.8	71.72387223
335.9	70.65885998
336	70.04368646
336.1	71.77511143
336.2	74.24821635
336.3	74.9670465
336.4	74.56484607
336.5	74.13619316
336.6	73.23542561
336.7	71.50146263
336.8	67.47317494
336.9	65.2814394
337	66.24098752
337.1	69.77250911
337.2	73.46567242
337.3	75.18354729
337.4	76.84925096
337.5	79.30681308
337.6	81.30411142
337.7	81.54353087
337.8	81.74394377
337.9	82.84218044
338	84.61985793
338.1	83.71192487
338.2	82.28565698
338.3	81.55985181
338.4	82.50427239
338.5	84.38892064
338.6	85.74388887
338.7	85.08286201
338.8	84.18665659
338.9	83.28705571
339	82.38484253
339.1	81.56514219
339.2	81.72955256
339.3	83.17683783
339.4	83.90872517
339.5	82.96317498
339.6	81.8919352
339.7	80.82621953
339.8	79.04568461
339.9	77.14892076
340	77.03501688
340.1	78.93765932
340.2	79.88993164
340.3	80.03078968
340.4	76.4006879
340.5	73.72591795
340.6	75.13138226
340.7	77.41058327
340.8	78.94909368
340.9	78.66691483
341	77.17975089
341.1	75.20085309
341.2	74.65459834
341.3	72.23831379
341.4	69.62278748
341.5	67.60119792
341.6	70.00024672
341.7	73.56684589
341.8	75.48370669
341.9	77.80786904
342	81.18193458
342.1	81.15924196
342.2	83.22139455
342.3	85.63103843
342.4	86.16831133
342.5	84.6565384
342.6	80.59503497
342.7	78.76774152
342.8	78.62883172
342.9	77.84730595
343	76.99562427
343.1	76.99761079
343.2	77.80773219
343.3	78.15947344
343.4	79.55462078
343.5	81.30606666
343.6	80.77256355
343.7	79.0754099
343.8	78.18898345
343.9	78.36952823
344	76.16817103
344.1	74.87314085
344.2	76.90544093
344.3	80.16012359
344.4	84.26167927
344.5	84.41902729
344.6	84.55694626
344.7	84.88871531
344.8	84.52194387
344.9	85.14803172
345	84.78765568
345.1	84.35218887
345.2	86.10577017
345.3	88.85854254
345.4	90.33521291
345.5	89.99903229
345.6	89.33774939
345.7	89.70087395
345.8	89.86471136
345.9	89.15065297
346	89.57370274
346.1	91.21966905
346.2	90.07271982
346.3	90.56688382
346.4	92.86489212
346.5	91.0514356
346.6	89.73154225
346.7	89.37748313
346.8	88.68336629
346.9	87.65946189
347	86.57183716
347.1	85.48253778
347.2	84.39550161
347.3	83.52995264
347.4	82.00741736
347.5	80.60724692
347.6	82.4532154
347.7	83.9370141
347.8	83.62975322
347.9	80.60854668
348	79.28378202
348.1	78.8001418
348.2	79.52351271
348.3	83.06129015
348.4	87.10807017
348.5	87.73870382
348.6	85.84719851
348.7	83.98393805
348.8	83.31929994
348.9	82.51807446
349	80.81001662
349.1	79.39533895
349.2	79.61399005
349.3	81.96743154
349.4	83.24751524
349.5	83.70589624
349.6	81.77660989
349.7	80.34624027
349.8	81.4312653
349.9	80.55762544
350	79.9772052
350.1	80.6491517
350.2	81.79341077
350.3	82.10494091
350.4	79.51572947
350.5	75.6195703
350.6	72.10743745
350.7	71.08901142
350.8	72.44668243
350.9	76.08800953
351	75.80275102
351.1	74.24828633
351.2	69.96857922
351.3	64.53309834
351.4	60.94876289
351.5	60.4739196
351.6	58.74628766
351.7	57.5752956
351.8	57.79745837
351.9	59.44384016
352	60.09875854
352.1	60.71480804
352.2	61.53577751
352.3	63.11156366
352.4	63.42270865
352.5	63.12457885
352.6	65.43081004
352.7	67.68203612
352.8	66.69058859
352.9	66.99548129
353	68.07475648
353.1	67.31817895
353.2	66.33280112
353.3	66.11580682
353.4	67.81719157
353.5	69.02665144
353.6	69.0140519
353.7	71.5182419
353.8	73.98715921
353.9	72.3913661
354	71.42719239
354.1	72.12794381
354.2	73.31630045
354.3	76.33486283
354.4	78.22777466
354.5	80.75548495
354.6	81.91284275
354.7	82.44294521
354.8	83.28776165
354.9	83.16225934
355	84.22374286
355.1	84.95502757
355.2	85.99012627
355.3	87.15552342
355.4	88.33135372
355.5	88.87204872
355.6	87.61921397
355.7	86.71086886
355.8	86.73698881
355.9	85.95871927
356	85.2712169
356.1	84.72846502
356.2	84.77998728
356.3	85.77379922
356.4	89.71235171
356.5	90.51381319
356.6	88.80276668
356.7	88.31159316
356.8	88.71973102
356.9	89.84210982
357	88.39583073
357.1	87.97998746
357.2	89.04102749
357.3	91.85305734
357.4	93.38747727
357.5	92.8906736
357.6	92.3140132
357.7	91.25268561
357.8	90.02156971
357.9	88.35635338
358	86.70127791
358.1	85.27246542
358.2	84.55736791
358.3	82.64173431
358.4	81.93804049
358.5	83.32484051
358.6	87.01141888
358.7	87.39083089
358.8	85.56401518
358.9	83.84259323
359	81.11075913
359.1	79.17661993
359.2	78.4595735
359.3	76.69375642
359.4	74.65109443
359.5	76.48570301
359.6	78.32901876
359.7	77.59278497
359.8	74.76922897
359.9	72.23149259
360	73.19404493
360.1	77.70876153
360.2	81.93220507
360.3	83.27187681
360.4	83.12409369
360.5	80.8340262
360.6	78.45301243
360.7	79.58928987
360.8	81.17773879
360.9	83.02474492
361	86.8223427
361.1	87.03994718
361.2	86.18584439
361.3	83.9263186
361.4	82.91565517
361.5	83.73185553
361.6	84.63337654
361.7	80.93963525
361.8	78.20694744
361.9	79.14754538
362	80.87176068
362.1	83.74461817
362.2	85.69613205
362.3	87.44965431
362.4	87.91640831
362.5	86.92655445
362.6	88.82316504
362.7	93.26926232
362.8	98.25152836
362.9	103.19105157
363	105.10823582
363.1	106.56345017
363.2	107.18354763
363.3	106.01285214
363.4	101.43159829
363.5	92.56174139
363.6	82.69802298
363.7	69.04601511
363.8	52.90301829
363.9	43.30681792
364	37.11926078
364.1	34.16425884
364.2	34.89085641
364.3	42.16455273
364.4	50.47355321
364.5	57.994805
364.6	54.83819094
364.7	47.53425355
364.8	40.27548449
364.9	36.34578624
365	33.22952204
365.1	32.88017991
365.2	34.07941067
365.3	37.36718738
365.4	41.32094778
365.5	43.16835608
365.6	41.31553631
365.7	39.92077085
365.8	43.99250779
365.9	49.74579631
366	55.47227144
366.1	60.29873326
366.2	61.2671568
366.3	59.28508222
366.4	54.77308102
366.5	49.42895171
366.6	44.05056792
366.7	38.65021907
366.8	33.58695595
366.9	32.77485968
367	36.46253462
367.1	40.32571504
367.2	43.74660698
367.3	43.41902884
367.4	39.37221455
367.5	35.84695422
367.6	32.54351783
367.7	31.01619601
367.8	30.30750465
367.9	33.18417307
368	39.45042611
368.1	45.36950913
368.2	46.56847073
368.3	41.57087384
368.4	35.75079814
368.5	33.04214991
368.6	35.33905481
368.7	42.16719757
368.8	48.41345832
368.9	53.88279617
369	49.94042022
369.1	42.98779735
369.2	33.4199562
369.3	30.49971097
369.4	33.54771914
369.5	40.56474147
369.6	46.46600243
369.7	48.39394022
369.8	43.88170932
369.9	37.98925637
370	33.20381134
370.1	32.60466233
370.2	34.96982775
370.3	34.70457079
370.4	32.94639917
370.5	33.08033601
370.6	35.96500387
370.7	39.12199121
370.8	42.67065638
370.9	42.45359526
371	40.79858548
371.1	37.09598936
371.2	31.44025915
371.3	30.43032181
371.4	34.31612715
371.5	39.98015421
371.6	45.59572672
371.7	51.24733504
371.8	54.7350058
371.9	55.81054728
372	53.35907866
372.1	49.77969385
372.2	46.46555039
372.3	44.49064961
372.4	43.78960806
372.5	48.00445091
372.6	53.1941967
372.7	57.5875394
372.8	59.43263471
372.9	58.54217717
373	57.51394255
373.1	55.82636298
373.2	53.07602655
373.3	50.45972762
373.4	48.87193666
373.5	49.79567526
373.6	50.07494676
373.7	48.90811216
373.8	52.3368893
373.9	56.68277444
374	61.19182847
374.1	67.04431952
374.2	71.60943704
374.3	71.84957742
374.4	71.05737777
374.5	70.31236056
374.6	69.85585779
374.7	67.55862472
374.8	63.56779775
374.9	63.42456047
375	64.77704144
375.1	66.22415452
375.2	67.84112903
375.3	68.59479099
375.4	65.95956587
375.5	62.43067202
375.6	58.56861869
375.7	54.20809009
375.8	49.90240523
375.9	48.6021622
376	52.50134936
376.1	58.06098347
376.2	61.59571501
376.3	63.57209784
376.4	64.40287375
376.5	63.41510576
376.6	61.27556243
376.7	58.2782919
376.8	57.92383164
376.9	58.37240032
377	60.27389748
377.1	62.06612595
377.2	63.52421461
377.3	61.85245454
377.4	58.00696829
377.5	55.49084342
377.6	54.28366515
377.7	52.60846622
377.8	52.56320381
377.9	54.1637347
378	54.35314388
378.1	53.94887942
378.2	55.19307711
378.3	58.232862
378.4	60.42892557
378.5	61.16112354
378.6	62.69661041
378.7	68.06324057
378.8	72.0800829
378.9	72.02576612
379	73.18750507
379.1	72.48980388
379.2	71.22529888
379.3	72.36713976
379.4	73.57488932
379.5	73.20607212
379.6	72.03507011
379.7	70.75842856
379.8	69.65573154
379.9	71.90246866
380	71.79578575
380.1	69.01980545
380.2	67.67807246
380.3	69.53704159
380.4	70.83216989
380.5	68.89269812
380.6	64.6461315
380.7	58.25033566
380.8	47.52464656
380.9	36.88055377
381	29.74328386
381.1	25.45960138
381.2	22.24686127
381.3	19.79853196
381.4	18.69958406
381.5	17.82569946
381.6	18.0992853
381.7	20.46800124
381.8	22.87524261
381.9	25.57675132
382	28.63242083
382.1	29.12968966
382.2	28.87135708
382.3	29.03989587
382.4	29.85950179
382.5	31.03795001
382.6	32.81699332
382.7	33.90060832
382.8	32.73904147
382.9	31.7363795
383	32.54366441
383.1	34.60039462
383.2	35.60664178
383.3	34.71301256
383.4	33.37669746
383.5	34.02107488
383.6	33.86544778
383.7	34.99427029
383.8	38.95171353
383.9	42.06101132
384	44.85373508
384.1	46.41975458
384.2	46.16758435
384.3	44.62314128
384.4	43.59676431
384.5	45.28129776
384.6	48.0435507
384.7	46.43838912
384.8	46.38421203
384.9	47.37060796
385	47.87872915
385.1	48.48564012
385.2	50.17678158
385.3	52.12552068
385.4	52.07167321
385.5	51.27675303
385.6	51.07781228
385.7	52.31764664
385.8	54.34588667
385.9	57.78326961
386	60.41446869
386.1	62.89140463
386.2	62.9355075
386.3	59.18591336
386.4	55.49961419
386.5	54.17993794
386.6	55.90279055
386.7	57.07626062
386.8	57.2884725
386.9	55.52486688
387	54.34781621
387.1	56.6518958
387.2	54.29245112
387.3	51.53454689
387.4	56.88084531
387.5	67.05341215
387.6	74.9513825
387.7	81.31501786
387.8	83.59955239
387.9	84.90812686
388	83.67299703
388.1	83.67032931
388.2	88.13924452
388.3	89.96040381
388.4	88.5930653
388.5	84.84140189
388.6	84.24422986
388.7	86.24322893
388.8	80.1079582
388.9	70.83684803
389	61.61189415
389.1	53.04765422
389.2	48.47892225
389.3	44.70490161
389.4	42.16098625
389.5	41.28820853
389.6	41.05260947
389.7	41.42170779
389.8	40.11130317
389.9	39.41889677
390	40.67595099
390.1	42.43714255
390.2	44.87836305
390.3	45.84600524
390.4	45.24304038
390.5	45.30845552
390.6	47.21571073
390.7	48.98763419
390.8	52.56770759
390.9	55.69593217
391	55.15618542
391.1	48.95699839
391.2	44.77228879
391.3	42.61315754
391.4	41.05560071
391.5	40.89485052
391.6	40.78349448
391.7	40.23962533
391.8	41.20447368
391.9	41.36016137
392	39.17581313
392.1	36.9584013
392.2	34.93240827
392.3	34.27188888
392.4	33.66254904
392.5	33.28763667
392.6	33.86795674
392.7	33.68942458
392.8	32.88110545
392.9	32.91658711
393	34.13766614
393.1	36.12813496
393.2	37.97676926
393.3	39.4694266
393.4	41.36428818
393.5	43.22885624
393.6	45.08842365
393.7	46.63372669
393.8	46.59390907
393.9	45.13956551
394	43.41096179
394.1	42.63614057
394.2	42.13619415
394.3	41.74882732
394.4	40.03933792
394.5	37.89792592
394.6	37.45689124
394.7	38.21204967
394.8	39.86397426
394.9	40.94903093
395	41.9793406
395.1	43.01868501
395.2	44.36879224
395.3	47.19498498
395.4	50.24413793
395.5	53.42590341
395.6	55.098744
395.7	56.7804228
395.8	58.51735404
395.9	59.44905252
396	60.08990774
396.1	59.70289985
396.2	60.01180867
396.3	59.77926473
396.4	54.61209015
396.5	52.21174248
396.6	51.79849238
396.7	51.21678132
396.8	48.89384303
396.9	46.0719876
397	43.75055233
397.1	44.03676747
397.2	49.73338988
397.3	54.75259695
397.4	59.76004619
397.5	64.86621678
397.6	69.42122303
397.7	67.84297089
397.8	65.42667403
397.9	63.54330478
398	62.68070411
398.1	63.32691851
398.2	64.84807794
398.3	64.68706412
398.4	59.76691728
398.5	53.16611993
398.6	48.40295337
398.7	45.53639663
398.8	43.33254839
398.9	43.00043854
399	41.31609789
399.1	39.56680074
399.2	38.47187751
399.3	37.41756165
399.4	36.52346778
399.5	35.42265808
399.6	33.45315582
399.7	31.33516113
399.8	31.29368774
399.9	33.58492552
400	34.02252264
400.1	32.56337464
400.2	31.47679766
400.3	31.93490662
400.4	32.90035648
400.5	32.5490161
400.6	32.68244313
400.7	34.84087681
400.8	35.27683884
400.9	33.70911759
401	32.03014917
401.1	31.10012184
401.2	31.65688099
401.3	30.9081266
401.4	31.08340907
401.5	32.18648366
401.6	33.28143108
401.7	33.68769723
401.8	33.03401325
401.9	31.8761536
402	32.48995048
402.1	33.0869585
402.2	32.50046163
402.3	31.52686768
402.4	31.5225814
402.5	32.33027029
402.6	33.39238532
402.7	34.88267688
402.8	35.16963666
402.9	34.66721111
403	35.36888759
403.1	36.4542498
403.2	36.70445884
403.3	37.23995649
403.4	38.00116854
403.5	36.31899569
403.6	34.10787812
403.7	32.76821011
403.8	30.64626949
403.9	27.9671335
404	27.19290743
404.1	27.19211035
404.2	27.27880644
404.3	28.32037056
404.4	30.36700977
404.5	32.01580664
404.6	33.57974745
404.7	34.86088152
404.8	35.47051597
404.9	36.09040709
405	36.65260842
405.1	36.57543373
405.2	35.6232553
405.3	33.41159242
405.4	31.20733389
405.5	29.3715065
405.6	27.4628181
405.7	25.64644175
405.8	24.44851981
405.9	23.7861213
406	23.97428303
406.1	24.11084204
406.2	22.75464348
406.3	20.91952119
406.4	19.40649684
406.5	18.56616477
406.6	19.56039671
406.7	20.78564891
406.8	21.71400662
406.9	22.77842511
407	22.5955144
407.1	22.13128861
407.2	22.92102406
407.3	23.30935207
407.4	23.52987145
407.5	22.87342314
407.6	21.65134699
407.7	20.56986847
407.8	20.59240604
407.9	21.14722374
408	21.96341176
408.1	22.93133758
408.2	23.90195123
408.3	24.87048877
408.4	26.35692957
408.5	28.0522755
408.6	29.50116225
408.7	31.31550604
408.8	35.86004463
408.9	41.47503865
409	47.10120364
409.1	50.90847223
409.2	50.82127919
409.3	48.18376135
409.4	48.12183968
409.5	49.30707106
409.6	50.60407
409.7	51.5240664
409.8	50.87248808
409.9	48.70200129
410	48.90651893
410.1	51.11026688
410.2	53.32848355
410.3	54.94476674
410.4	57.04483707
410.5	57.33650682
410.6	55.89074923
410.7	56.40729295
410.8	57.75408911
410.9	57.34608769
411	55.77724178
411.1	55.75595844
411.2	56.71176982
411.3	59.3043152
411.4	61.7427172
411.5	62.64989445
411.6	61.22459333
411.7	58.41194172
411.8	58.3437346
411.9	61.52029728
412	64.71930877
412.1	63.91663314
412.2	62.26285289
412.3	62.83919636
412.4	62.05777807
412.5	62.69520423
412.6	61.70345791
412.7	61.35160203
412.8	60.13393369
412.9	59.91766901
413	60.05849924
413.1	64.60130356
413.2	69.16796583
413.3	72.40853858
413.4	75.40638458
413.5	77.9851168
413.6	77.44821209
413.7	76.38011794
413.8	77.25369606
413.9	77.93225886
414	77.02875328
414.1	75.87368376
414.2	73.80677881
414.3	70.35801324
414.4	69.47654159
414.5	68.95866164
414.6	68.8718893
414.7	69.94291249
414.8	71.18986371
414.9	74.53173959
415	75.99708065
415.1	77.04445943
415.2	79.29088774
415.3	80.32176305
415.4	77.28292671
415.5	73.65805595
415.6	70.55467547
415.7	67.73826073
415.8	66.11373075
415.9	66.4874923
416	63.41856523
416.1	58.18731008
416.2	49.68515678
416.3	41.10482013
416.4	39.4464567
416.5	41.66949263
416.6	45.32503531
416.7	51.76984766
416.8	58.73321016
416.9	66.01327956
417	72.20686905
417.1	78.70860175
417.2	81.9576207
417.3	83.85104362
417.4	84.74954709
417.5	85.92369265
417.6	87.10070049
417.7	88.23768108
417.8	87.47986876
417.9	88.05062561
418	89.45635091
418.1	90.70895594
418.2	91.54697805
418.3	93.79077847
418.4	93.63188944
418.5	90.75003689
418.6	86.84146987
418.7	82.53415542
418.8	79.65977862
418.9	78.29928897
419	83.02392892
419.1	89.34991789
419.2	95.56450996
419.3	96.24131951
419.4	91.82434366
419.5	87.05121059
419.6	84.43370656
419.7	81.5980132
419.8	80.95975221
419.9	82.2473473
420	83.56325887
420.1	81.15097361
420.2	78.01216599
420.3	75.94292363
420.4	74.18082589
420.5	71.97672522
420.6	68.10553122
420.7	65.08287034
420.8	62.75515557
420.9	56.10617935
421	48.10160521
421.1	40.51947122
421.2	36.87047482
421.3	37.77883495
421.4	38.78003442
421.5	39.33507647
421.6	39.05035761
421.7	38.85439539
421.8	40.06095311
421.9	45.42752512
422	55.11826266
422.1	64.83067004
422.2	74.636062
422.3	82.38924753
422.4	82.31669984
422.5	69.86959891
422.6	59.35076838
422.7	51.53393268
422.8	45.85268326
422.9	45.9736187
423	48.73083302
423.1	50.00328539
423.2	49.33149835
423.3	49.27225882
423.4	52.29921733
423.5	59.51531249
423.6	68.62111002
423.7	77.78390367
423.8	85.74243025
423.9	89.26634636
424	90.29586325
424.1	90.50270543
424.2	88.76371193
424.3	86.67168033
424.4	84.99785581
424.5	83.4159917
424.6	81.82279969
424.7	77.7508474
424.8	75.91240358
424.9	80.09442032
425	83.4894715
425.1	85.51546924
425.2	85.90369458
425.3	84.32753157
425.4	82.52951109
425.5	79.92837313
425.6	75.32053702
425.7	69.46196619
425.8	62.85236645
425.9	57.50602096
426	56.32599948
426.1	57.72481735
426.2	60.23330953
426.3	60.96761859
426.4	55.04337489
426.5	45.7271144
426.6	40.51535389
426.7	36.81384157
426.8	36.80230131
426.9	38.38839599
427	37.48055117
427.1	35.73810327
427.2	35.8238603
427.3	35.12864008
427.4	30.01959549
427.5	26.41457377
427.6	25.74209127
427.7	26.58141031
427.8	27.69726492
427.9	29.37094037
428	31.87237729
428.1	34.42277962
428.2	38.34789627
428.3	42.72421698
428.4	46.60654562
428.5	49.40915729
428.6	49.64398851
428.7	48.05662175
428.8	43.05086435
428.9	35.66272819
429	24.30479571
429.1	21.76321682
429.2	20.13796587
429.3	18.59816358
429.4	17.82730864
429.5	17.20377156
429.6	17.19761299
429.7	17.69633943
429.8	18.06675771
429.9	18.16774128
430	17.60818471
430.1	16.76226215
430.2	15.60951424
430.3	15.78394609
430.4	15.62643966
430.5	16.91296182
430.6	17.96276468
430.7	19.18867447
430.8	21.00610902
430.9	22.68426109
431	22.89393925
431.1	21.83093203
431.2	20.26556569
431.3	18.67895906
431.4	17.40051304
431.5	17.31555219
431.6	17.02875623
431.7	16.24576772
431.8	15.79511464
431.9	16.42221672
432	17.89213733
432.1	18.7778994
432.2	18.74142748
432.3	20.01488133
432.4	22.57661338
432.5	25.09218236
432.6	27.61554662
432.7	29.88643777
432.8	31.14852019
432.9	31.95123717
433	32.30575576
433.1	30.71924487
433.2	28.70386073
433.3	26.57726849
433.4	25.92485731
433.5	26.07998093
433.6	25.14947273
433.7	23.79832026
433.8	22.57133465
433.9	22.95972915
434	24.42175899
434.1	26.17728646
434.2	28.07025005
434.3	29.88925815
434.4	31.68151419
434.5	31.1521456
434.6	28.9279927
434.7	25.30759023
434.8	24.06375809
434.9	25.8175503
435	25.81000591
435.1	25.13660249
435.2	26.15840424
435.3	28.17509714
435.4	29.10912667
435.5	29.32075305
435.6	28.4170691
435.7	27.34661446
435.8	27.32129784
435.9	28.74547331
436	30.1861631
436.1	31.92847938
436.2	37.11327248
436.3	43.06369228
436.4	48.44990228
436.5	52.03664505
436.6	53.00664731
436.7	50.43144226
436.8	46.62941892
436.9	41.1512665
437	35.97202928
437.1	32.89095016
437.2	32.85033846
437.3	34.37067471
437.4	40.33648168
437.5	46.70927015
437.6	53.09544315
437.7	59.43507373
437.8	63.45644717
437.9	64.78158757
438	62.49455037
438.1	58.56530845
438.2	54.64818135
438.3	52.80966726
438.4	51.94323237
438.5	52.80734741
438.6	51.18459173
438.7	47.94403047
438.8	44.61856533
438.9	41.16793534
439	39.85508159
439.1	42.13921523
439.2	43.55026208
439.3	40.24147102
439.4	36.0558518
439.5	32.86334394
439.6	33.30127975
439.7	35.62551718
439.8	35.76051948
439.9	32.82948632
440	29.79520205
440.1	29.1317141
440.2	29.3132478
440.3	31.27220996
440.4	35.27637389
440.5	41.8708682
440.6	48.21289888
440.7	52.87845239
440.8	57.82645901
440.9	61.29787609
441	62.47638638
441.1	60.87430856
441.2	59.10525545
441.3	58.27715111
441.4	57.60863789
441.5	58.27962754
441.6	61.28588094
441.7	61.18226779
441.8	52.98874184
441.9	46.46715869
442	39.92620143
442.1	35.24045847
442.2	34.03868459
442.3	32.3059241
442.4	31.46230412
442.5	33.44059485
442.6	34.73154296
442.7	38.5171628
442.8	44.71239854
442.9	50.86337686
443	57.01893703
443.1	62.8054899
443.2	64.47812749
443.3	64.07593677
443.4	63.90274948
443.5	64.7577567
443.6	65.23262119
443.7	62.27133603
443.8	58.73530668
443.9	53.35134182
444	47.29533844
444.1	41.22687852
444.2	35.43822253
444.3	32.27704097
444.4	30.85309
444.5	30.58367224
444.6	30.49871893
444.7	30.50239432
444.8	29.88006897
444.9	30.12144771
445	32.6848521
445.1	35.43970714
445.2	40.77404438
445.3	45.93163261
445.4	51.08231442
445.5	56.23347639
445.6	59.59000868
445.7	62.60689226
445.8	64.36206011
445.9	61.94280118
446	57.13137897
446.1	51.98159318
446.2	45.25643883
446.3	37.44548446
446.4	32.64083499
446.5	31.50198945
446.6	33.61112989
446.7	38.21196444
446.8	43.15663859
446.9	48.0860555
447	51.09364137
447.1	51.811379
447.2	53.39554167
447.3	56.17494278
447.4	60.48137854
447.5	62.99983417
447.6	64.73011182
447.7	64.22432315
447.8	59.46217464
447.9	54.30727842
448	53.33287765
448.1	53.93564678
448.2	53.60515281
448.3	53.79481969
448.4	54.73820118
448.5	54.84467151
448.6	56.88639043
448.7	60.84965944
448.8	64.32915642
448.9	66.20223567
449	68.81513412
449.1	71.25998281
449.2	70.22756266
449.3	66.35195823
449.4	63.67736845
449.5	64.27383755
449.6	65.65255232
449.7	64.45244107
449.8	61.94671961
449.9	59.9957534
450	58.02304574
450.1	55.8908198
450.2	52.98848458
450.3	52.12299224
450.4	53.87259266
450.5	56.05453504
450.6	58.33315208
450.7	60.73342515
450.8	62.41524485
450.9	60.64421017
451	58.11630922
451.1	57.60246687
451.2	57.09587837
451.3	56.78598379
451.4	59.28686017
451.5	57.94572314
451.6	56.0068977
451.7	54.90641489
451.8	54.43095175
451.9	54.19626783
452	53.9589401
452.1	53.78083067
452.2	54.85892968
452.3	57.79558829
452.4	63.11770753
452.5	66.53952665
452.6	69.86780172
452.7	76.36831227
452.8	84.75976446
452.9	92.68774535
453	99.57033357
453.1	105.72526426
453.2	109.81329166
453.3	109.01286838
453.4	101.30885495
453.5	95.28422612
453.6	92.32815046
453.7	90.28466793
453.8	88.29678762
453.9	87.58284926
454	88.78293486
454.1	90.78071779
454.2	93.70913847
454.3	98.39395437
454.4	103.57206386
454.5	105.33943271
454.6	101.44237305
454.7	95.9705229
454.8	90.70515197
454.9	90.43679345
455	97.11496162
455.1	98.67895654
455.2	98.85330573
455.3	100.87724749
455.4	101.10099022
455.5	100.33323076
455.6	102.05969108
455.7	102.90053627
455.8	105.02572022
455.9	105.25008566
456	106.44710988
456.1	107.89109401
456.2	113.06575743
456.3	118.00553054
456.4	117.2143086
456.5	112.13610759
456.6	106.69419552
456.7	98.33422397
456.8	89.20409731
456.9	86.10641733
457	84.38085323
457.1	78.35349793
457.2	71.85315113
457.3	65.19383022
457.4	62.21354954
457.5	62.65034214
457.6	65.8670256
457.7	70.08809529
457.8	71.96389349
457.9	70.08045534
458	67.00111291
458.1	65.50558696
458.2	67.33773431
458.3	68.029871
458.4	63.91915892
458.5	58.59542279
458.6	53.59385139
458.7	49.08723713
458.8	49.10887044
458.9	55.19983665
459	61.11561088
459.1	66.67116316
459.2	68.41753358
459.3	69.09601126
459.4	71.00820684
459.5	70.77219392
459.6	72.14845849
459.7	74.82231665
459.8	73.83283898
459.9	71.24939736
460	62.73922673
460.1	53.61621257
460.2	44.58468384
460.3	39.07955525
460.4	30.39313225
460.5	28.55500378
460.6	27.23683012
460.7	27.09546148
460.8	28.76905233
460.9	31.04164263
461	33.31946428
461.1	35.39736667
461.2	39.3768606
461.3	44.17924754
461.4	48.94877499
461.5	51.22025296
461.6	48.97211089
461.7	46.34391933
461.8	45.0213243
461.9	43.80895889
462	41.78012595
462.1	34.5958362
462.2	27.47331473
462.3	22.66915668
462.4	22.15959825
462.5	22.70932455
462.6	23.50007914
462.7	24.34563098
462.8	26.10882149
462.9	28.22007255
463	30.61957293
463.1	30.46367269
463.2	28.67923848
463.3	25.82726459
463.4	22.50372684
463.5	21.6640339
463.6	20.5803836
463.7	20.06589304
463.8	20.70362437
463.9	21.16908647
464	21.93156564
464.1	23.10367175
464.2	24.86814206
464.3	24.65162058
464.4	23.46734761
464.5	21.09272723
464.6	18.63891894
464.7	16.39883269
464.8	15.12900486
464.9	15.12858384
465	16.34849729
465.1	16.6275416
465.2	16.06657448
465.3	15.47024118
465.4	15.58572781
465.5	16.41571322
465.6	16.27892676
465.7	16.34664351
465.8	17.01172082
465.9	17.97883734
466	17.82109404
466.1	18.03180334
466.2	19.67741917
466.3	21.31735038
466.4	21.36323016
466.5	21.12759062
466.6	19.91398146
466.7	19.55059502
466.8	18.3184569
466.9	16.75888393
467	14.84191805
467.1	14.40462292
467.2	15.53550175
467.3	15.5699772
467.4	14.84239071
467.5	14.83259659
467.6	15.66376571
467.7	16.423411
467.8	17.38367231
467.9	17.95055218
468	16.51602731
468.1	14.82590224
468.2	13.21669866
468.3	13.50021122
468.4	14.4655974
468.5	14.62387843
468.6	15.35113593
468.7	16.49777146
468.8	17.91217323
468.9	19.779941
469	22.41500526
469.1	25.84645871
469.2	30.48279731
469.3	31.39114389
469.4	24.62167196
469.5	18.44599111
469.6	15.75768264
469.7	15.43307956
469.8	15.08476505
469.9	14.07958297
470	12.92625177
470.1	12.22774381
470.2	12.65105292
470.3	13.32236962
470.4	14.18145116
470.5	13.97730811
470.6	12.52666967
470.7	12.01726588
470.8	12.6905224
470.9	13.6055469
471	13.33997807
471.1	13.37591943
471.2	14.7501727
471.3	15.74876689
471.4	15.23173988
471.5	14.42190679
