DEPT	GR
29.3	101.29482072
29.4	101.29482072
29.5	101.51145418
29.6	101.66085657
29.7	101.33411696
29.8	100.52925912
29.9	100.09773385
30	100.96497866
30.1	101.44831008
30.2	101.00640956
30.3	100.71164786
30.4	100.14624832
30.5	98.34006218
30.6	96.26539433
30.7	95.46392223
30.8	95.6740844
30.9	96.1467526
31	96.5770321
31.1	98.31419432
31.2	99.59551324
31.3	99.62609983
31.4	99.40204721
31.5	101.08510855
31.6	102.73246223
31.7	103.4511958
31.8	103.74227353
31.9	103.89662397
32	103.16317071
32.1	102.69650449
32.2	103.02193148
32.3	103.84034321
32.4	102.6246153
32.5	101.85204183
32.6	101.38612109
32.7	100.10982641
32.8	99.35180846
32.9	99.45668286
33	99.31007255
33.1	100.56402518
33.2	102.66714068
33.3	101.68510369
33.4	101.4952509
33.5	100.75369139
33.6	100.10403601
33.7	100.53625632
33.8	101.36064441
33.9	101.70919332
34	102.50530208
34.1	103.60872611
34.2	104.86497691
34.3	103.98736368
34.4	100.84414646
34.5	98.31577652
34.6	97.50945091
34.7	97.45522547
34.8	96.84846285
34.9	95.7768077
35	95.52989088
35.1	96.30752579
35.2	97.67007437
35.3	98.66734933
35.4	100.11219696
35.5	101.50197335
35.6	100.86442657
35.7	99.31628955
35.8	97.27032517
35.9	95.89875465
36	95.89162362
36.1	96.56300561
36.2	97.21114537
36.3	98.05346177
36.4	98.98918973
36.5	99.8144351
36.6	101.3116635
36.7	102.77566321
36.8	105.24157821
36.9	107.30651279
37	106.72853627
37.1	103.73653281
37.2	100.67655402
37.3	98.37795599
37.4	96.34863207
37.5	94.73508227
37.6	95.31134462
37.7	94.16937638
37.8	93.75670693
37.9	94.72525327
38	95.52165088
38.1	96.64259176
38.2	98.30011593
38.3	99.15211083
38.4	99.49646685
38.5	100.19444793
38.6	100.20915172
38.7	99.6954287
38.8	99.38405828
38.9	98.25202226
39	96.3804884
39.1	95.80344649
39.2	96.68700627
39.3	97.47530967
39.4	98.66702192
39.5	98.10355347
39.6	97.24513797
39.7	96.70644064
39.8	96.24677942
39.9	97.12874027
40	97.2983417
40.1	96.57153274
40.2	95.70668517
40.3	95.92664736
40.4	96.53220959
40.5	97.76172303
40.6	99.44485187
40.7	99.6864092
40.8	98.36241824
40.9	97.89870179
41	97.59753807
41.1	96.86295025
41.2	95.92042157
41.3	98.30576892
41.4	98.70556288
41.5	98.49444261
41.6	98.37592505
41.7	97.09880965
41.8	97.13986431
41.9	98.20524955
42	99.13267123
42.1	99.07338771
42.2	98.12253652
42.3	99.2670083
42.4	100.08576684
42.5	99.6667963
42.6	99.21473309
42.7	98.22937495
42.8	98.45767893
42.9	98.16826629
43	97.21910612
43.1	96.60721699
43.2	97.27780337
43.3	97.95448198
43.4	98.54422208
43.5	99.51272006
43.6	100.66423551
43.7	103.1280869
43.8	104.74677751
43.9	104.90260322
44	104.14605009
44.1	103.68063895
44.2	104.2938059
44.3	104.62272862
44.4	104.84489343
44.5	105.50960283
44.6	104.85075273
44.7	104.71098515
44.8	105.34517369
44.9	105.03537794
45	106.5398166
45.1	107.36412239
45.2	107.03597861
45.3	106.09799511
45.4	105.15980591
45.5	104.33436728
45.6	102.39069374
45.7	101.01072814
45.8	100.91189796
45.9	100.70318023
46	101.48852094
46.1	102.78617667
46.2	104.48383854
46.3	106.19635972
46.4	107.86607254
46.5	107.16980881
46.6	105.13178329
46.7	103.40618501
46.8	102.27063884
46.9	99.30791599
47	98.69820421
47.1	100.88006953
47.2	102.61683981
47.3	105.04945243
47.4	106.21863007
47.5	105.84503791
47.6	104.31399956
47.7	103.47003163
47.8	103.68395228
47.9	104.57944908
48	104.93227886
48.1	104.87414286
48.2	104.91637916
48.3	105.10184707
48.4	104.51819807
48.5	103.12895431
48.6	102.6873407
48.7	101.19534334
48.8	101.53771324
48.9	102.97960557
49	101.51243584
49.1	100.07603279
49.2	100.81245727
49.3	102.66778764
49.4	105.27838232
49.5	107.66116377
49.6	108.95852332
49.7	107.54993896
49.8	105.979748
49.9	105.16416119
50	105.26011708
50.1	105.43752071
50.2	104.37192404
50.3	103.88863904
50.4	104.87280447
50.5	105.77414114
50.6	105.16442479
50.7	105.23074654
50.8	106.08775423
50.9	107.75339163
51	108.84946348
51.1	108.78067529
51.2	107.2615471
51.3	105.84566999
51.4	105.87559832
51.5	104.86505246
51.6	105.36763876
51.7	108.35474367
51.8	109.84880129
51.9	109.07171873
52	109.15856508
52.1	109.94637992
52.2	111.0978965
52.3	111.06393525
52.4	109.88123872
52.5	108.8831456
52.6	108.6785668
52.7	107.88096313
52.8	106.68960869
52.9	106.05437685
53	106.48400827
53.1	106.19656398
53.2	105.2784099
53.3	105.06040514
53.4	104.16363531
53.5	103.68094553
53.6	104.65653812
53.7	105.41874119
53.8	105.70053044
53.9	104.50988982
54	104.06425537
54.1	103.83679214
54.2	103.67201327
54.3	104.79491624
54.4	106.32974694
54.5	106.39390526
54.6	104.61463295
54.7	101.84804378
54.8	101.03857794
54.9	100.57190747
55	101.28392722
55.1	102.89708499
55.2	102.89789309
55.3	102.15732141
55.4	102.34956989
55.5	103.05489181
55.6	102.25301157
55.7	102.07524589
55.8	102.13814934
55.9	102.74242873
56	103.74657897
56.1	104.44579388
56.2	104.01741594
56.3	102.32327761
56.4	100.64370596
56.5	99.51388923
56.6	98.74002334
56.7	98.16233454
56.8	97.75812134
56.9	97.74890663
57	97.71319539
57.1	97.69215202
57.2	98.64787477
57.3	101.19325407
57.4	104.54426069
57.5	107.44021653
57.6	108.29410312
57.7	107.77113351
57.8	107.35962532
57.9	108.16634617
58	107.06931099
58.1	106.90482153
58.2	107.39658062
58.3	107.51655815
58.4	105.93069105
58.5	104.87574353
58.6	102.91548545
58.7	101.30286862
58.8	100.18641021
58.9	98.85316817
59	97.84820918
59.1	98.08749769
59.2	100.17703489
59.3	103.12235259
59.4	103.07594064
59.5	101.72189608
59.6	100.26358708
59.7	99.48917113
59.8	98.67478881
59.9	97.08334678
60	97.1702134
60.1	98.28054666
60.2	99.79398773
60.3	103.70461392
60.4	107.06573685
60.5	109.23855551
60.6	110.37753439
60.7	111.39186802
60.8	109.73907769
60.9	106.75526123
61	105.4811994
61.1	105.98581167
61.2	107.65058367
61.3	108.58336976
61.4	107.98095209
61.5	106.27715581
61.6	104.92036013
61.7	103.88540397
61.8	101.62148408
61.9	100.19433413
62	100.47396513
62.1	102.52483427
62.2	103.4356952
62.3	103.71440217
62.4	104.68816679
62.5	104.94513298
62.6	104.67576192
62.7	102.64003541
62.8	101.14498313
62.9	100.48782076
63	100.689602
63.1	101.49946181
63.2	102.11906507
63.3	102.05937672
63.4	101.11087586
63.5	100.12190978
63.6	102.29876703
63.7	104.47879222
63.8	106.37146151
63.9	108.57250856
64	109.05567424
64.1	108.51052421
64.2	107.74224313
64.3	106.68775741
64.4	105.65597976
64.5	105.68368949
64.6	105.58797645
64.7	105.16541546
64.8	105.55727771
64.9	106.87207579
65	106.62370908
65.1	105.89170357
65.2	105.49193133
65.3	106.74923189
65.4	107.98753955
65.5	106.31357164
65.6	104.51667777
65.7	102.66998262
65.8	102.49787661
65.9	102.4680492
66	102.95087101
66.1	103.70192852
66.2	104.45392562
66.3	105.04852962
66.4	104.88312001
66.5	105.13058816
66.6	104.69731965
66.7	103.08088725
66.8	102.48600134
66.9	99.94078582
67	99.01630783
67.1	99.30585924
67.2	99.15378735
67.3	98.55665664
67.4	98.16182537
67.5	98.8931178
67.6	100.11065306
67.7	100.59392225
67.8	102.53895335
67.9	104.32280903
68	106.07447249
68.1	107.49711702
68.2	106.56298981
68.3	104.67945721
68.4	101.55654755
68.5	100.15009011
68.6	100.52195274
68.7	100.72099448
68.8	102.51414432
68.9	103.69349971
69	103.53841079
69.1	102.26439071
69.2	99.74199269
69.3	97.81979091
69.4	96.10487407
69.5	94.48815081
69.6	95.40454144
69.7	95.48253126
69.8	94.66516434
69.9	93.58754064
70	94.03632185
70.1	95.80497901
70.2	97.33139037
70.3	98.48202825
70.4	99.31749709
70.5	99.70090838
70.6	101.38379475
70.7	103.81559722
70.8	106.24175971
70.9	108.85973166
71	110.45927445
71.1	110.19952706
71.2	109.02285628
71.3	107.84605122
71.4	106.07207399
71.5	103.72816952
71.6	103.16393931
71.7	104.5225057
71.8	105.45572575
71.9	105.98681718
72	106.8433157
72.1	106.37924672
72.2	105.27896854
72.3	104.65544355
72.4	104.33716247
72.5	104.02745223
72.6	103.68147464
72.7	103.23076501
72.8	103.2519743
72.9	104.54797453
73	105.65132532
73.1	106.64354413
73.2	107.03945363
73.3	109.63389312
73.4	110.46183695
73.5	109.42707194
73.6	107.37908222
73.7	105.85645154
73.8	106.10898044
73.9	105.12482624
74	104.18247236
74.1	104.22861591
74.2	105.0415826
74.3	105.09570843
74.4	104.90777029
74.5	103.41884968
74.6	102.62601348
74.7	105.319672
74.8	106.79701873
74.9	107.82213944
75	109.07548343
75.1	109.92160429
75.2	108.78123496
75.3	106.7652224
75.4	104.63382697
75.5	101.85906443
75.6	101.54225144
75.7	102.60348355
75.8	103.81739572
75.9	105.28052977
76	106.65427422
76.1	106.21584846
76.2	106.30016494
76.3	106.04204514
76.4	105.74294485
76.5	106.6648471
76.6	107.25891666
76.7	106.67866478
76.8	105.70147658
76.9	105.68741507
77	106.49796695
77.1	107.48219892
77.2	106.77145561
77.3	105.11784983
77.4	103.26386011
77.5	101.90946497
77.6	100.05131046
77.7	98.23762941
77.8	97.29652624
77.9	97.35638721
78	97.64735936
78.1	98.30714851
78.2	99.79442082
78.3	102.30572073
78.4	104.27715689
78.5	103.28326145
78.6	102.92394604
78.7	103.08882526
78.8	103.07498405
78.9	101.92746254
79	101.1689015
79.1	100.89039744
79.2	100.39803532
79.3	99.35642104
79.4	100.50546561
79.5	101.77391792
79.6	102.55002072
79.7	102.8834589
79.8	102.48631317
79.9	101.56317872
80	103.73914624
80.1	106.93755067
80.2	110.64629335
80.3	113.17653677
80.4	115.1775577
80.5	115.79283665
80.6	113.57224219
80.7	109.75700119
80.8	107.88894377
80.9	108.98674781
81	109.66465708
81.1	108.8315508
81.2	107.67691179
81.3	105.88156449
81.4	104.60574212
81.5	103.02696315
81.6	102.34875037
81.7	104.38571972
81.8	105.89911501
81.9	107.35462668
82	108.76235353
82.1	110.76176182
82.2	109.35056193
82.3	108.64268008
82.4	109.09710231
82.5	109.92042438
82.6	110.23929899
82.7	108.47808892
82.8	108.41933673
82.9	110.65181413
83	109.52452486
83.1	105.97906175
83.2	103.74324569
83.3	103.61627887
83.4	105.88179053
83.5	108.46464255
83.6	109.57850145
83.7	108.00990611
83.8	106.13973606
83.9	105.66574337
84	106.68018548
84.1	106.64224871
84.2	106.94691933
84.3	108.65116523
84.4	110.61136053
84.5	111.40542842
84.6	111.66345986
84.7	111.38283487
84.8	111.18038426
84.9	112.51266424
85	113.63733334
85.1	114.83250256
85.2	114.82294202
85.3	113.29191071
85.4	113.20243582
85.5	112.24294691
85.6	111.7513746
85.7	112.24734123
85.8	112.82734726
85.9	111.85811272
86	113.13961976
86.1	115.15991283
86.2	116.96432591
86.3	119.25230129
86.4	120.93350172
86.5	122.95277971
86.6	123.12761905
86.7	120.88835764
86.8	120.61176837
86.9	119.4014229
87	118.68561597
87.1	120.20177206
87.2	120.49907154
87.3	120.78592213
87.4	121.77840303
87.5	122.66283621
87.6	122.74232575
87.7	120.95244634
87.8	120.06115099
87.9	120.2809215
88	120.49047281
88.1	120.35493237
88.2	118.82576632
88.3	118.78348302
88.4	120.26822023
88.5	122.71527898
88.6	123.83046368
88.7	122.38529429
88.8	121.14448057
88.9	121.45469235
89	122.80466015
89.1	123.41235208
89.2	124.27207711
89.3	123.60193103
89.4	122.12860996
89.5	120.90362411
89.6	120.04297098
89.7	116.8738016
89.8	114.44308543
89.9	112.65520016
90	110.57286324
90.1	110.11656976
90.2	111.65230457
90.3	113.60292812
90.4	113.83883812
90.5	113.09962729
90.6	111.80764009
90.7	110.03860545
90.8	108.86986057
90.9	109.99176482
91	111.33450996
91.1	112.76284319
91.2	114.63437051
91.3	117.28867227
91.4	118.89741328
91.5	118.01140285
91.6	114.28616348
91.7	109.43877149
91.8	105.99903047
91.9	105.0752759
92	105.13301975
92.1	105.33510198
92.2	105.67711439
92.3	106.41108536
92.4	107.50099062
92.5	108.25361581
92.6	107.57472497
92.7	105.83892299
92.8	105.62869581
92.9	105.3331968
93	105.60127411
93.1	106.36910207
93.2	108.88935595
93.3	111.81514361
93.4	113.02255411
93.5	114.58867536
93.6	116.76035572
93.7	118.58182703
93.8	117.92735254
93.9	113.29149218
94	109.88073891
94.1	107.99008034
94.2	107.14897923
94.3	106.68765148
94.4	107.82709327
94.5	109.98693461
94.6	111.0291027
94.7	111.85933729
94.8	113.51639048
94.9	114.46112182
95	114.70091917
95.1	115.40863777
95.2	118.71762456
95.3	120.39425696
95.4	119.94110119
95.5	118.8178664
95.6	118.46002853
95.7	118.4030512
95.8	118.61114496
95.9	120.09462146
96	122.9519424
96.1	124.44235521
96.2	123.68948078
96.3	122.51180498
96.4	121.07194753
96.5	119.67976028
96.6	119.64528393
96.7	120.70853182
96.8	120.10169342
96.9	118.23202803
97	116.85475694
97.1	115.60955
97.2	114.83355962
97.3	114.48438711
97.4	113.63322577
97.5	113.62396414
97.6	114.22493933
97.7	115.50753354
97.8	116.41074687
97.9	115.68801709
98	115.20042458
98.1	112.97894069
98.2	112.04796267
98.3	111.94299974
98.4	111.10697873
98.5	111.58376822
98.6	113.42019195
98.7	114.63165941
98.8	114.98029049
98.9	116.61057982
99	116.62294123
99.1	116.46439061
99.2	116.22564016
99.3	116.43373083
99.4	117.74955816
99.5	117.81460316
99.6	117.02107607
99.7	115.40619367
99.8	114.02313999
99.9	113.27946948
100	113.24369619
100.1	113.23086516
100.2	112.11385686
100.3	110.81456273
100.4	111.91430778
100.5	112.46298426
100.6	111.98523848
100.7	110.95021163
100.8	109.14088413
100.9	108.65128294
101	108.42196635
101.1	108.10089908
101.2	108.68203564
101.3	107.87590881
101.4	105.82971183
101.5	104.69169987
101.6	104.6607397
101.7	103.61996285
101.8	102.11506013
101.9	100.38941872
102	99.18558409
102.1	100.32128132
102.2	101.14111432
102.3	103.39219581
102.4	105.0868765
102.5	105.95923765
102.6	107.4645277
102.7	108.81516023
102.8	110.79321714
102.9	112.76600573
103	112.95505103
103.1	110.8366514
103.2	108.68833792
103.3	106.87561316
103.4	104.84927902
103.5	101.74190393
103.6	101.0609066
103.7	102.0435607
103.8	102.90089869
103.9	102.91707558
104	102.74946491
104.1	102.13656066
104.2	102.9467408
104.3	104.8579721
104.4	106.82951687
104.5	108.31302103
104.6	108.84137688
104.7	109.01982128
104.8	108.72685114
104.9	108.14147228
105	109.51635242
105.1	111.06625448
105.2	111.54490967
105.3	110.75137069
105.4	109.27379951
105.5	107.46131929
105.6	106.87270404
105.7	106.97332758
105.8	106.91042162
105.9	105.69795057
106	106.47376406
106.1	107.08278654
106.2	106.17131777
106.3	104.62213249
106.4	102.76232025
106.5	101.95148811
106.6	101.53892229
106.7	100.88523667
106.8	99.9051959
106.9	98.66185021
107	98.05524947
107.1	101.85915768
107.2	105.96628493
107.3	109.986892
107.4	111.85488084
107.5	113.18440393
107.6	113.7713753
107.7	112.21633364
107.8	111.03660952
107.9	110.29374555
108	110.19215683
108.1	110.09886552
108.2	110.64805281
108.3	112.0147301
108.4	113.36274352
108.5	114.95559449
108.6	116.39792804
108.7	115.39003787
108.8	114.22815237
108.9	112.33085799
109	110.65955524
109.1	109.33174605
109.2	109.39363741
109.3	110.69894826
109.4	112.75666896
109.5	114.34342563
109.6	113.45960904
109.7	111.93574584
109.8	112.11691506
109.9	114.26630398
110	115.51101939
110.1	116.25829377
110.2	115.44937045
110.3	114.28098103
110.4	113.25162952
110.5	112.64408625
110.6	113.43622757
110.7	114.65852147
110.8	115.24812258
110.9	115.07987362
111	114.8302691
111.1	114.99886603
111.2	115.02954001
111.3	114.07664944
111.4	112.66517859
111.5	112.01862157
111.6	112.46547147
111.7	113.66345195
111.8	114.61525261
111.9	114.44758385
112	113.76954651
112.1	112.61431931
112.2	111.84788077
112.3	112.07966682
112.4	110.86577952
112.5	110.81829107
112.6	111.40637396
112.7	111.46473172
112.8	111.71391928
112.9	111.98941944
113	112.31536959
113.1	112.79349601
113.2	113.19222539
113.3	112.53237827
113.4	112.21522919
113.5	112.01323801
113.6	112.58223248
113.7	114.66556458
113.8	116.82522726
113.9	118.68251905
114	118.78383972
114.1	116.787381
114.2	115.23895897
114.3	116.18497299
114.4	116.83549045
114.5	117.01843889
114.6	117.21630537
114.7	117.3853997
114.8	117.61758755
114.9	116.2678515
115	114.75792832
115.1	113.35903473
115.2	110.74519087
115.3	109.52125903
115.4	108.69347359
115.5	108.7317288
115.6	110.22650244
115.7	111.4639085
115.8	111.29090817
115.9	110.84878033
116	111.34431244
116.1	114.16169561
116.2	115.79267126
116.3	116.24562666
116.4	116.0398151
116.5	116.41151953
116.6	117.50608462
116.7	117.01830675
116.8	115.25556507
116.9	114.06229078
117	114.9465992
117.1	115.46606502
117.2	114.63104376
117.3	113.90641571
117.4	113.4566279
117.5	111.61594749
117.6	111.05281695
117.7	110.89267118
117.8	111.61677288
117.9	113.60249022
118	115.59676831
118.1	116.76599334
118.2	116.72189623
118.3	114.9465566
118.4	115.03304301
118.5	118.29716232
118.6	119.82890023
118.7	117.04221128
118.8	112.43906954
118.9	112.59131921
119	114.33062295
119.1	115.97636394
119.2	116.23832363
119.3	115.65609994
119.4	113.99986208
119.5	112.72826574
119.6	112.48670636
119.7	112.1958197
119.8	111.36864751
119.9	111.43787796
120	111.66768608
120.1	111.24690165
120.2	109.88462625
120.3	107.44031258
120.4	107.14099273
120.5	107.26819693
120.6	107.63628086
120.7	108.90640647
120.8	111.21256766
120.9	111.84404752
121	112.11487532
121.1	113.05930678
121.2	114.26666717
121.3	112.56804349
121.4	111.16760731
121.5	111.06921551
121.6	112.42817542
121.7	113.94829616
121.8	113.85754444
121.9	115.55805792
122	116.09811508
122.1	115.29944107
122.2	115.02043057
122.3	116.23353304
122.4	116.60190791
122.5	115.11179043
122.6	112.20398328
122.7	110.41314139
122.8	111.1709261
122.9	112.56626017
123	113.33770815
123.1	112.64855283
123.2	111.66101595
123.3	111.23849467
123.4	111.63857852
123.5	112.54017761
123.6	111.84831457
123.7	110.25349472
123.8	109.25004365
123.9	110.54053469
124	114.11236745
124.1	118.9759011
124.2	121.79916514
124.3	122.99567772
124.4	119.26075115
124.5	115.32763945
124.6	112.41928212
124.7	110.60241215
124.8	109.50675457
124.9	108.730391
125	107.54929671
125.1	107.27968325
125.2	107.42676623
125.3	107.69119341
125.4	107.49365853
125.5	108.90956134
125.6	110.86712223
125.7	112.29132546
125.8	112.6579496
125.9	111.09749539
126	107.91357325
126.1	105.18595947
126.2	103.8257989
126.3	102.88691059
126.4	103.32318231
126.5	104.01449007
126.6	104.89955
126.7	104.54244079
126.8	102.19639886
126.9	102.14935778
127	104.33193144
127.1	104.85966962
127.2	106.0019003
127.3	107.24438581
127.4	106.00724998
127.5	108.15324212
127.6	109.92255281
127.7	110.07205477
127.8	108.48185791
127.9	105.63003963
128	104.44754815
128.1	104.01842991
128.2	103.85515113
128.3	104.14792673
128.4	102.89744222
128.5	101.47732632
128.6	101.05226353
128.7	100.4322417
128.8	100.46095792
128.9	101.5625272
129	102.32138636
129.1	102.54240988
129.2	103.12331964
129.3	104.03454291
129.4	103.94287131
129.5	103.08112947
129.6	102.27456943
129.7	101.50268573
129.8	100.32042035
129.9	99.54778059
130	99.57893504
130.1	99.87020337
130.2	99.83706167
130.3	100.28273555
130.4	100.92532388
130.5	101.88200964
130.6	102.97036671
130.7	104.02002825
130.8	104.89463559
130.9	105.68662548
131	106.1509158
131.1	106.11799257
131.2	106.57611049
131.3	107.61373599
131.4	108.75305452
131.5	111.40734993
131.6	114.15517376
131.7	115.55949402
131.8	115.92626828
131.9	116.54613371
132	117.20658145
132.1	120.59747977
132.2	127.05339456
132.3	135.93875086
132.4	141.25977715
132.5	141.53773179
132.6	138.56754917
132.7	133.73966128
132.8	134.5248818
132.9	139.43696969
133	146.07030209
133.1	153.28478116
133.2	154.24386032
133.3	146.84235788
133.4	136.77010249
133.5	122.26251788
133.6	115.69158459
133.7	114.14551147
133.8	115.24024061
133.9	116.49253998
134	117.72931702
134.1	118.82539904
134.2	118.14651961
134.3	115.99716876
134.4	115.44715945
134.5	115.86477811
134.6	116.60098462
134.7	117.27058602
134.8	117.04177814
134.9	114.69117704
135	112.08645839
135.1	110.68010008
135.2	110.6609516
135.3	109.80011512
135.4	109.47242866
135.5	111.09849267
135.6	113.45139117
135.7	113.03327143
135.8	112.20197553
135.9	111.64159027
136	111.81493224
136.1	110.50979703
136.2	108.94128195
136.3	108.47751431
136.4	108.0523673
136.5	107.21522366
136.6	108.4746259
136.7	110.66208455
136.8	112.55567449
136.9	113.07804785
137	111.85212252
137.1	111.14986363
137.2	111.64243133
137.3	113.02397308
137.4	114.73745576
137.5	115.90088443
137.6	115.7131979
137.7	114.63962395
137.8	113.60992091
137.9	113.17071212
138	111.57317478
138.1	109.88933482
138.2	109.04201056
138.3	108.67406799
138.4	109.40722509
138.5	109.22977977
138.6	108.70227071
138.7	107.24480799
138.8	105.67305837
138.9	105.68790126
139	105.70013758
139.1	106.82118329
139.2	109.69489311
139.3	112.84409505
139.4	115.49962749
139.5	116.91849114
139.6	115.85086088
139.7	113.50215392
139.8	112.59348098
139.9	113.05615844
140	111.65320042
140.1	109.57853725
140.2	108.05691009
140.3	110.62818812
140.4	112.88871276
140.5	115.22555875
140.6	117.23062925
140.7	117.99389339
140.8	117.98971441
140.9	116.52661165
141	114.02863715
141.1	112.34714061
141.2	113.42674631
141.3	115.05795543
141.4	115.69603323
141.5	115.68872716
141.6	115.7170801
141.7	116.57914257
141.8	115.36676856
141.9	115.88429768
142	116.7197167
142.1	116.68826509
142.2	116.00565387
142.3	115.43332087
142.4	116.37135298
142.5	119.31042252
142.6	119.82959551
142.7	119.2492894
142.8	117.3048365
142.9	115.69263878
143	115.61903175
143.1	116.45933138
143.2	116.62095077
143.3	117.23152611
143.4	117.63619018
143.5	116.66837194
143.6	113.87517833
143.7	113.13005263
143.8	114.32755851
143.9	116.23429807
144	117.5595941
144.1	118.17584259
144.2	118.22853932
144.3	117.8727115
144.4	116.49576905
144.5	114.41761377
144.6	111.83216778
144.7	110.65939204
144.8	109.81222172
144.9	108.16741115
145	106.74389091
145.1	105.28476019
145.2	103.71144342
145.3	101.91543094
145.4	100.54476008
145.5	100.70121758
145.6	101.51621375
145.7	104.10114206
145.8	108.64135993
145.9	111.76437428
146	114.52529875
146.1	116.66427793
146.2	117.84394948
146.3	117.73950572
146.4	117.83266967
146.5	118.70290778
146.6	119.85129132
146.7	120.61539281
146.8	119.60932598
146.9	117.44618189
147	115.90441965
147.1	114.43321782
147.2	112.36406958
147.3	112.73531259
147.4	113.19880771
147.5	112.86716631
147.6	111.93576247
147.7	111.04789309
147.8	110.51285703
147.9	111.05446691
148	111.31845206
148.1	110.70449259
148.2	110.06605771
148.3	108.12890079
148.4	106.55670631
148.5	105.42302304
148.6	105.19928195
148.7	106.53444833
148.8	108.79580871
148.9	110.4861285
149	111.35682082
149.1	111.01065848
149.2	111.0858013
149.3	112.52014547
149.4	114.21350507
149.5	115.75060523
149.6	116.8997657
149.7	115.05388305
149.8	113.41240006
149.9	112.94266889
150	112.22949898
150.1	111.66936975
150.2	111.34893278
150.3	111.0804745
150.4	110.909145
150.5	112.93791363
150.6	114.76272756
150.7	114.72414883
150.8	113.31521164
150.9	112.21204638
151	113.07496369
151.1	114.14622892
151.2	113.76443327
151.3	112.591378
151.4	112.90367312
151.5	116.53663591
151.6	119.43841818
151.7	119.58855751
151.8	118.06685772
151.9	117.03099411
152	116.88219579
152.1	117.22870508
152.2	117.45137214
152.3	117.46999309
152.4	114.50312369
152.5	112.11707405
152.6	111.53165078
152.7	112.51528033
152.8	114.50517696
152.9	118.03807298
153	120.51196236
153.1	121.58582066
153.2	120.60806571
153.3	119.85311946
153.4	120.43048092
153.5	120.37522962
153.6	120.42399882
153.7	122.25490548
153.8	123.81594702
153.9	122.55701138
154	120.72234557
154.1	120.07563743
154.2	120.54889457
154.3	119.69201423
154.4	118.71498565
154.5	117.4257783
154.6	116.21504331
154.7	116.14789549
154.8	115.85926002
154.9	116.44147508
155	116.72894456
155.1	116.82713623
155.2	117.36459654
155.3	118.52890651
155.4	118.97514034
155.5	118.21333138
155.6	116.75981554
155.7	114.00397826
155.8	113.21744879
155.9	114.51651479
156	117.33854628
156.1	121.82346906
156.2	124.23564906
156.3	124.98746583
156.4	124.83937603
156.5	123.95324762
156.6	121.55311002
156.7	118.25802944
156.8	115.61534933
156.9	115.15013218
157	115.54230592
157.1	115.68509122
157.2	116.41672151
157.3	118.02852738
157.4	119.21391171
157.5	119.03224377
157.6	118.67640213
157.7	116.91281795
157.8	115.42489093
157.9	115.24036227
158	116.07351594
158.1	117.28670442
158.2	118.600353
158.3	118.678944
158.4	118.04907249
158.5	119.33114585
158.6	121.00990954
158.7	124.16180129
158.8	128.02910682
158.9	128.27520203
159	122.4927573
159.1	115.47157948
159.2	111.6081089
159.3	108.65685509
159.4	107.01952844
159.5	107.52741816
159.6	108.70048443
159.7	111.16669508
159.8	113.33287476
159.9	113.26276979
160	111.24425277
160.1	108.97068217
160.2	107.8466864
160.3	107.70510426
160.4	109.82362257
160.5	112.07969911
160.6	114.4412268
160.7	117.04266542
160.8	116.621879
160.9	116.41202247
161	116.6682312
161.1	117.25041695
161.2	116.09458885
161.3	114.7625211
161.4	114.72771514
161.5	115.47125718
161.6	116.9342522
161.7	119.43743033
161.8	120.38389185
161.9	120.8853846
162	121.44083945
162.1	122.70834129
162.2	124.97229493
162.3	126.24874081
162.4	126.36952575
162.5	126.81319733
162.6	127.51826216
162.7	128.829932
162.8	128.49673271
162.9	126.76549608
163	124.13385744
163.1	123.9254232
163.2	125.11256871
163.3	127.1438806
163.4	128.18016086
163.5	128.14573101
163.6	127.46556839
163.7	126.58163962
163.8	124.74081459
163.9	123.05517746
164	121.47365457
164.1	120.55197562
164.2	119.63458928
164.3	118.81064866
164.4	119.1973982
164.5	120.22728006
164.6	123.00834933
164.7	123.38746657
164.8	122.52666692
164.9	122.46683319
165	123.61511699
165.1	125.19474774
165.2	126.45728953
165.3	127.85431863
165.4	128.9992446
165.5	129.85183221
165.6	129.97046612
165.7	131.1345694
165.8	132.79467949
165.9	133.11743792
166	132.55691137
166.1	131.48033411
166.2	130.7762317
166.3	131.72710177
166.4	131.37534282
166.5	129.68396568
166.6	127.82506218
166.7	125.99536829
166.8	126.60557288
166.9	127.90706642
167	129.5229542
167.1	129.25983295
167.2	127.9834412
167.3	126.67879575
167.4	124.0362179
167.5	121.73279271
167.6	120.7979143
167.7	121.03946979
167.8	121.67557798
167.9	121.62838123
168	122.70463866
168.1	124.09629349
168.2	122.43635414
168.3	121.34959377
168.4	121.44090946
168.5	120.94593752
168.6	120.68869956
168.7	120.37658301
168.8	121.16377314
168.9	121.67788946
169	121.24949779
169.1	120.47132998
169.2	120.07068977
169.3	120.34586134
169.4	121.36714998
169.5	123.87261957
169.6	126.69288182
169.7	127.60264052
169.8	127.57357874
169.9	127.23700282
170	125.46425763
170.1	122.03037759
170.2	119.04613171
170.3	116.78991809
170.4	117.26590513
170.5	119.79661592
170.6	122.41403725
170.7	122.32054076
170.8	121.48057407
170.9	122.12418074
171	124.10352626
171.1	126.5344418
171.2	128.63991411
171.3	129.27162242
171.4	126.76958868
171.5	124.58688365
171.6	122.9610235
171.7	122.61043135
171.8	123.34433529
171.9	123.73855047
172	124.29256172
172.1	123.79742504
172.2	122.73445
172.3	120.39906355
172.4	117.62430121
172.5	117.18061985
172.6	117.427383
172.7	117.54350841
172.8	116.55484629
172.9	113.25873438
173	110.19175874
173.1	107.22060213
173.2	105.48479504
173.3	105.80172368
173.4	108.26351437
173.5	111.13046974
173.6	113.32713618
173.7	114.33732495
173.8	116.73001267
173.9	121.38816162
174	124.04584771
174.1	123.6499718
174.2	119.71642621
174.3	118.39481721
174.4	120.34830591
174.5	122.82120029
174.6	124.85836448
174.7	126.65923098
174.8	128.19022912
174.9	126.24642623
175	124.59835903
175.1	124.22333048
175.2	123.8580737
175.3	122.37599138
175.4	120.25019242
175.5	119.27659079
175.6	120.04665759
175.7	119.94972396
175.8	118.20470396
175.9	115.9095774
176	114.66373565
176.1	114.50455124
176.2	115.98377248
176.3	116.21285526
176.4	114.70357214
176.5	113.86632938
176.6	114.53497736
176.7	116.28797295
176.8	117.98611808
176.9	120.40513577
177	122.48738542
177.1	123.21706657
177.2	124.59537288
177.3	126.35634729
177.4	127.51697183
177.5	128.79925416
177.6	129.88179126
177.7	130.57978046
177.8	131.37730056
177.9	132.12365243
178	132.17895536
178.1	132.590766
178.2	133.4872229
178.3	133.58650313
178.4	132.72753994
178.5	131.75533905
178.6	130.96799608
178.7	129.19839546
178.8	127.38877943
178.9	126.21270685
179	127.44505833
179.1	130.5855402
179.2	131.42244371
179.3	128.44658002
179.4	124.4547088
179.5	123.2513563
179.6	122.32775916
179.7	120.97345524
179.8	120.79751744
179.9	123.30263694
180	125.73073666
180.1	127.39621619
180.2	126.62652065
180.3	124.3984549
180.4	124.4054787
180.5	124.99506787
180.6	125.34560623
180.7	125.205926
180.8	124.79718068
180.9	121.68118477
181	119.06476439
181.1	116.33933897
181.2	113.32041194
181.3	110.35974267
181.4	109.12613003
181.5	111.41477402
181.6	115.83728965
181.7	120.47914104
181.8	126.05251389
181.9	128.78190232
182	128.53380792
182.1	127.31276533
182.2	128.38448684
182.3	127.2545755
182.4	125.97977462
182.5	125.99724002
182.6	126.74868595
182.7	127.76274757
182.8	127.75542542
182.9	127.0684799
183	127.67629076
183.1	130.36804897
183.2	129.58328912
183.3	128.26255135
183.4	126.5929515
183.5	125.20421421
183.6	124.38216252
183.7	122.97841594
183.8	122.75687887
183.9	123.24321635
184	123.52331665
184.1	124.06180114
184.2	125.06280522
184.3	128.39084951
184.4	133.06889242
184.5	135.51534207
184.6	136.71000826
184.7	136.9614458
184.8	135.92958075
184.9	134.79442955
185	135.9594956
185.1	137.64080183
185.2	138.64558969
185.3	135.51417415
185.4	130.72273668
185.5	128.56509999
185.6	126.72292893
185.7	124.18556073
185.8	121.79584437
185.9	121.86362322
186	122.63579609
186.1	123.56242525
186.2	123.06893318
186.3	122.59223811
186.4	123.00775719
186.5	123.00381679
186.6	124.87219722
186.7	127.46309972
186.8	130.54894067
186.9	136.00384966
187	138.25153037
187.1	138.93375527
187.2	137.61133625
187.3	134.80535383
187.4	132.60183712
187.5	132.57322107
187.6	133.73458381
187.7	134.77671519
187.8	133.73229957
187.9	131.01596791
188	128.75961613
188.1	126.72849565
188.2	124.37175733
188.3	124.25872414
188.4	123.82172373
188.5	122.4900816
188.6	120.96720467
188.7	118.23311792
188.8	119.85567106
188.9	123.06847809
189	123.77732912
189.1	123.59359515
189.2	123.81263489
189.3	123.57351568
189.4	123.75526229
189.5	124.23597811
189.6	124.41562263
189.7	123.50133121
189.8	123.4551729
189.9	125.11207357
190	126.32015232
190.1	126.61387647
190.2	128.6356873
190.3	129.79042377
190.4	128.81425751
190.5	126.36706724
190.6	125.0485747
190.7	126.59679237
190.8	127.17785084
190.9	124.23045256
191	124.86424259
191.1	125.84192284
191.2	128.09014103
191.3	129.20461522
191.4	128.26134908
191.5	127.83478346
191.6	128.21775063
191.7	129.61702087
191.8	132.46791107
191.9	139.30283848
192	144.56873277
192.1	148.88219553
192.2	151.43783185
192.3	151.89063007
192.4	146.04628976
192.5	138.38853777
192.6	130.64785015
192.7	126.57470841
192.8	124.59593891
192.9	120.89614841
193	118.73832451
193.1	119.67684122
193.2	122.82832221
193.3	124.57164458
193.4	124.26724457
193.5	123.42044728
193.6	123.18090693
193.7	123.15001629
193.8	122.74763337
193.9	124.13701912
194	125.48505725
194.1	126.66874069
194.2	126.72179701
194.3	128.09469093
194.4	131.29598543
194.5	133.10967903
194.6	133.26155873
194.7	134.14613198
194.8	133.42205055
194.9	132.92241333
195	132.3390746
195.1	131.35766383
195.2	131.0320235
195.3	131.32666946
195.4	129.54758396
195.5	128.31263342
195.6	128.02109642
195.7	130.44129042
195.8	132.23015866
195.9	134.39019632
196	136.74261242
196.1	141.69964729
196.2	147.69834203
196.3	153.23551214
196.4	156.38731149
196.5	150.00237072
196.6	141.14263241
196.7	130.12571368
196.8	126.15575998
196.9	125.3933807
197	126.5353985
197.1	127.55258371
197.2	127.09045201
197.3	125.93020177
197.4	125.59193703
197.5	127.07573944
197.6	128.06543553
197.7	129.93628855
197.8	130.70831269
197.9	129.02021155
198	126.41040155
198.1	124.82748204
198.2	123.79611305
198.3	121.79709719
198.4	119.68250515
198.5	118.92523426
198.6	120.02468197
198.7	121.69525816
198.8	122.4439293
198.9	121.97565328
199	119.83558494
199.1	119.80017531
199.2	124.74188028
199.3	125.97728825
199.4	125.22015384
199.5	126.20022723
199.6	127.42119251
199.7	127.19189563
199.8	126.86313092
199.9	126.34852372
200	125.42967216
200.1	124.13108507
200.2	123.21342917
200.3	124.60363964
200.4	126.96677404
200.5	127.8252692
200.6	128.30423559
200.7	130.89640422
200.8	134.24749436
200.9	134.8962238
201	133.02780477
201.1	129.51949915
201.2	127.85159939
201.3	125.648582
201.4	123.83933032
201.5	123.21601441
201.6	123.65229309
201.7	125.23907343
201.8	126.01468375
201.9	126.05324084
202	124.6810919
202.1	121.46910723
202.2	121.06103668
202.3	122.68222433
202.4	123.24369072
202.5	121.90141866
202.6	120.96340993
202.7	120.60715051
202.8	123.07100605
202.9	127.80611681
203	130.58289042
203.1	132.26356544
203.2	134.36236195
203.3	134.79177589
203.4	132.85000928
203.5	130.12326468
203.6	127.76983583
203.7	125.99256812
203.8	126.20901929
203.9	127.39291624
204	127.58330163
204.1	126.27851481
204.2	126.18095504
204.3	127.00116745
204.4	126.95871273
204.5	126.42309267
204.6	127.40192701
204.7	128.50885494
204.8	128.04146232
204.9	126.3869184
205	125.07107657
205.1	124.74672689
205.2	123.65899824
205.3	121.33489606
205.4	120.85095639
205.5	120.41380057
205.6	119.5249099
205.7	118.2082535
205.8	117.60851642
205.9	116.3461289
206	114.68631167
206.1	114.80512012
206.2	116.58519731
206.3	118.14428723
206.4	118.79224916
206.5	118.73991751
206.6	119.28559587
206.7	121.11800209
206.8	125.76426535
206.9	129.82057003
207	129.99267959
207.1	129.08080833
207.2	127.80837232
207.3	128.28147883
207.4	129.17498789
207.5	128.57723784
207.6	126.81749874
207.7	127.64236885
207.8	128.37074072
207.9	129.1390202
208	129.84506625
208.1	131.1146114
208.2	132.25892624
208.3	132.31457435
208.4	131.62686416
208.5	131.18547577
208.6	130.92581229
208.7	130.10998362
208.8	128.33460169
208.9	127.81801704
209	129.68356512
209.1	131.47289132
209.2	133.26333184
209.3	136.31192052
209.4	139.56436919
209.5	140.51473307
209.6	138.64202841
209.7	136.05016502
209.8	133.46883401
209.9	130.89915138
210	129.68755524
210.1	128.59251511
210.2	127.43053691
210.3	126.78249523
210.4	128.47994343
210.5	130.72050109
210.6	130.17317807
210.7	130.4539543
210.8	131.85284407
210.9	133.22382709
211	134.31755899
211.1	135.3801783
211.2	134.77289389
211.3	131.8834267
211.4	128.29821405
211.5	125.5968836
211.6	124.26371236
211.7	125.97223061
211.8	130.30655056
211.9	133.29661638
212	134.4294331
212.1	134.73608064
212.2	134.56088641
212.3	133.37176173
212.4	130.59713985
212.5	126.21886909
212.6	123.6140929
212.7	122.61535878
212.8	122.31835806
212.9	122.94623798
213	124.5874299
213.1	125.39121587
213.2	124.24568634
213.3	123.05404062
213.4	123.03961445
213.5	123.21947487
213.6	123.66054162
213.7	125.9089969
213.8	128.80843333
213.9	131.0380472
214	132.80190563
214.1	134.03443967
214.2	132.16508476
214.3	127.57579662
214.4	123.33730834
214.5	122.45045198
214.6	123.37452336
214.7	123.71188165
214.8	123.29241719
214.9	121.56158635
215	120.18065415
215.1	119.34711506
215.2	118.67969691
215.3	119.47885545
215.4	119.68062479
215.5	119.44154432
215.6	117.67330094
215.7	115.03340415
215.8	114.87288327
215.9	116.81738449
216	119.53826353
216.1	122.041891
216.2	124.27549262
216.3	123.62383153
216.4	120.24532233
216.5	116.83613875
216.6	114.73120463
216.7	113.51304474
216.8	113.10248091
216.9	112.27628615
217	110.82943254
217.1	109.89188386
217.2	109.42781486
217.3	109.41121858
217.4	110.2352041
217.5	112.00370627
217.6	113.90559289
217.7	114.15973086
217.8	111.83196748
217.9	111.59397778
218	112.32682999
218.1	112.40018507
218.2	111.85236565
218.3	111.47244745
218.4	112.43071958
218.5	113.6651695
218.6	114.03510719
218.7	113.68462107
218.8	112.19525145
218.9	111.15088803
219	113.359299
219.1	114.76920865
219.2	115.18494145
219.3	115.12491689
219.4	113.8220188
219.5	113.8082508
219.6	115.24026356
219.7	117.55788637
219.8	119.26607124
219.9	119.95175568
220	120.64153878
220.1	121.83886839
220.2	122.39271559
220.3	122.45431021
220.4	119.87384436
220.5	117.67463711
220.6	116.8668246
220.7	117.5841983
220.8	117.78982752
220.9	116.28769062
221	114.4945635
221.1	114.57450951
221.2	118.04428067
221.3	119.05570237
221.4	119.66191481
221.5	120.04425214
221.6	119.78378793
221.7	119.0373951
221.8	118.66209289
221.9	116.34900738
222	114.58897205
222.1	113.81627203
222.2	112.652126
222.3	111.74881508
222.4	111.95377792
222.5	113.03192786
222.6	113.20934198
222.7	115.48588086
222.8	118.03079189
222.9	119.9084637
223	122.01571944
223.1	124.21606378
223.2	123.32623575
223.3	120.42077902
223.4	117.7536697
223.5	117.42636935
223.6	117.02203468
223.7	116.59902529
223.8	114.41882872
223.9	113.49297189
224	114.42650613
224.1	115.44661772
224.2	115.61964582
224.3	117.20079145
224.4	120.0266903
224.5	121.98391103
224.6	122.60237552
224.7	122.73512689
224.8	122.95949762
224.9	123.70022581
225	123.48648654
225.1	122.57681363
225.2	120.99742185
225.3	119.45330004
225.4	118.22290746
225.5	120.35450733
225.6	121.89419376
225.7	122.63083569
225.8	124.03422863
225.9	123.92121752
226	124.13945401
226.1	123.53860254
226.2	122.87538813
226.3	123.96647556
226.4	123.111553
226.5	122.46941857
226.6	120.65104568
226.7	118.2283318
226.8	117.14460012
226.9	119.0089348
227	121.75840122
227.1	124.37487889
227.2	125.33264992
227.3	123.61873183
227.4	122.95835068
227.5	124.56579342
227.6	126.65406745
227.7	127.06258473
227.8	127.83780408
227.9	127.37892669
228	127.3390579
228.1	127.83282632
228.2	128.12285697
228.3	128.86989007
228.4	128.02292553
228.5	125.93711192
228.6	124.40810738
228.7	124.40406055
228.8	123.85590546
228.9	123.98882273
229	124.68522347
229.1	125.13735723
229.2	123.74078198
229.3	122.38636582
229.4	122.99361887
229.5	125.56744821
229.6	126.59893696
229.7	127.02142062
229.8	127.39704473
229.9	127.64881274
230	126.95104423
230.1	126.04329814
230.2	125.65407159
230.3	125.05200188
230.4	124.41751623
230.5	123.58376887
230.6	122.25476675
230.7	122.44584539
230.8	123.02274204
230.9	123.55717493
231	123.21849569
231.1	121.04931377
231.2	119.42627316
231.3	118.69726945
231.4	118.87829716
231.5	118.45401527
231.6	119.68070392
231.7	120.87204075
231.8	122.80721689
231.9	125.47962639
232	126.36708391
232.1	125.54829123
232.2	123.95662668
232.3	122.87929942
232.4	121.66348899
232.5	123.01282233
232.6	123.78993076
232.7	121.42566462
232.8	117.50373148
232.9	116.27597858
233	113.97981832
233.1	111.4775313
233.2	110.80049233
233.3	111.0416568
233.4	112.15740291
233.5	112.09241668
233.6	112.07129114
233.7	112.60635156
233.8	113.91482867
233.9	116.51562199
234	118.63257965
234.1	120.06492939
234.2	121.16736422
234.3	121.19871831
234.4	119.51796345
234.5	119.34325414
234.6	125.16942029
234.7	128.67082533
234.8	132.95935802
234.9	138.65055181
235	146.15244735
235.1	152.69801679
235.2	152.74842503
235.3	143.14700188
235.4	120.21415417
235.5	104.95768946
235.6	95.82963257
235.7	89.71081137
235.8	85.77909862
235.9	83.74294573
236	83.30272932
236.1	79.85630923
236.2	75.91688784
236.3	70.16952773
236.4	65.45124605
236.5	60.76836074
236.6	60.11303273
236.7	61.13799576
236.8	64.11697712
236.9	68.26721021
237	74.28705352
237.1	81.09131837
237.2	88.81556377
237.3	96.67160859
237.4	102.44220535
237.5	105.84709899
237.6	106.72429978
237.7	108.30516999
237.8	110.37133587
237.9	111.80099159
238	112.86432726
238.1	115.13611101
238.2	117.58203717
238.3	119.66809846
238.4	119.81891071
238.5	118.20715961
238.6	117.59479571
238.7	118.26955294
238.8	120.03861678
238.9	120.24162229
239	121.52571557
239.1	124.42581683
239.2	125.9221665
239.3	126.68828256
239.4	128.02377197
239.5	130.97953094
239.6	134.11592936
239.7	135.99630069
239.8	136.87959255
239.9	137.40786917
240	136.34836338
240.1	134.67561042
240.2	132.66593957
240.3	129.44125827
240.4	126.17351316
240.5	124.40902993
240.6	124.36480051
240.7	124.55457818
240.8	123.62697468
240.9	123.9809808
241	124.38770537
241.1	125.438811
241.2	127.94475648
241.3	131.01860763
241.4	133.87969998
241.5	135.65386025
241.6	135.59726644
241.7	133.6179859
241.8	133.1926269
241.9	135.28201072
242	135.89792911
242.1	134.44679815
242.2	132.03944556
242.3	130.17044146
242.4	129.4395333
242.5	129.58171296
242.6	129.57864538
242.7	131.06843829
242.8	131.61669785
242.9	131.95373583
243	131.66396169
243.1	131.16166587
243.2	131.16143895
243.3	131.77286792
243.4	131.22823228
243.5	128.87653344
243.6	127.90328091
243.7	129.99440002
243.8	131.39861999
243.9	131.03273471
244	130.27553456
244.1	131.08876189
244.2	131.82859355
244.3	134.46414358
244.4	138.00273173
244.5	139.67815893
244.6	139.24857165
244.7	138.21008791
244.8	137.64976795
244.9	138.16706911
245	139.59284738
245.1	138.86223378
245.2	137.41301415
245.3	135.26370071
245.4	131.99070717
245.5	128.85438787
245.6	127.66460565
245.7	126.70393118
245.8	126.01437416
245.9	128.46271559
246	131.27613631
246.1	132.58323445
246.2	131.07618055
246.3	127.87283382
246.4	125.35265723
246.5	124.61061388
246.6	124.09943034
246.7	123.23897064
246.8	123.62886091
246.9	126.29366143
247	130.57388755
247.1	133.58568394
247.2	134.76561269
247.3	132.11481115
247.4	131.24039659
247.5	134.10450215
247.6	134.63008448
247.7	133.7520387
247.8	133.19320429
247.9	132.63783445
248	132.2093942
248.1	132.93653457
248.2	132.24315486
248.3	133.78502294
248.4	136.08412695
248.5	139.45336136
248.6	139.52205845
248.7	133.99899539
248.8	128.40416259
248.9	125.18944728
249	124.16738433
249.1	125.05438939
249.2	126.13535793
249.3	127.3699674
249.4	127.74814272
249.5	126.9119543
249.6	128.32346648
249.7	130.389893
249.8	132.14495257
249.9	132.68986442
250	129.8324496
250.1	127.48665069
250.2	127.80309056
250.3	129.30938443
250.4	129.59377462
250.5	129.07035373
250.6	129.13839191
250.7	128.42817346
250.8	127.331282
250.9	126.28119939
251	125.9899618
251.1	127.25449258
251.2	127.55363766
251.3	126.40081239
251.4	125.7016255
251.5	127.95931954
251.6	131.66804784
251.7	133.89396806
251.8	134.3535132
251.9	134.07366748
252	131.49269155
252.1	128.56961655
252.2	127.634301
252.3	128.57793613
252.4	129.50084697
252.5	131.15593084
252.6	132.75748472
252.7	133.06222011
252.8	130.48944631
252.9	126.19815621
253	122.5587203
253.1	119.13380996
253.2	114.54580888
253.3	111.43119834
253.4	111.2617787
253.5	113.88533912
253.6	119.5048499
253.7	125.26433731
253.8	130.11706795
253.9	135.62392781
254	140.64200926
254.1	143.85274619
254.2	144.3983581
254.3	143.25156398
254.4	141.89942068
254.5	140.1290001
254.6	138.79184863
254.7	137.853484
254.8	136.96394971
254.9	134.53440718
255	133.5377042
255.1	134.77804925
255.2	136.83774936
255.3	137.75114252
255.4	137.74093736
255.5	138.78501408
255.6	140.4169746
255.7	140.09919429
255.8	140.36058208
255.9	141.83816672
256	145.2298179
256.1	146.58265553
256.2	143.7493888
256.3	140.6880983
256.4	136.12971685
256.5	133.71449979
256.6	133.45788634
256.7	135.29261004
256.8	135.71941362
256.9	135.15449005
257	133.7564443
257.1	132.06719641
257.2	133.71667213
257.3	136.95755789
257.4	140.11519356
257.5	139.72935239
257.6	137.5031834
257.7	134.24897
257.8	131.7414322
257.9	131.54851576
258	131.81708082
258.1	132.60303714
258.2	133.18846539
258.3	133.33654723
258.4	133.01297036
258.5	131.73485804
258.6	129.19663508
258.7	126.1334253
258.8	122.96131354
258.9	121.91206053
259	122.30834219
259.1	122.38278256
259.2	121.99147792
259.3	122.71386323
259.4	125.60185582
259.5	127.70030707
259.6	127.81177412
259.7	123.42560082
259.8	119.83090151
259.9	116.59055613
260	114.71365626
260.1	114.33238484
260.2	117.40148959
260.3	119.81565219
260.4	121.92339452
260.5	124.31766261
260.6	126.54639898
260.7	128.78541225
260.8	130.6293868
260.9	129.87216662
261	128.22026777
261.1	126.1770274
261.2	125.37977828
261.3	125.81428126
261.4	125.78814943
261.5	126.34293166
261.6	127.40325086
261.7	127.93624982
261.8	128.40883944
261.9	126.92098114
262	125.62874538
262.1	126.14100469
262.2	127.59611696
262.3	128.8678937
262.4	128.68873931
262.5	128.21033555
262.6	128.6064124
262.7	128.13952816
262.8	127.13704758
262.9	126.80790141
263	127.97941107
263.1	129.80851667
263.2	132.2983209
263.3	134.27988036
263.4	134.15744989
263.5	131.55918446
263.6	129.64403721
263.7	128.12957907
263.8	126.612908
263.9	125.81706422
264	126.16292769
264.1	124.99535446
264.2	122.34920495
264.3	120.10601296
264.4	119.4096654
264.5	119.84296667
264.6	124.51585806
264.7	129.60153518
264.8	131.96057267
264.9	132.36644578
265	132.79042891
265.1	134.11313404
265.2	133.90429179
265.3	132.20940587
265.4	130.97062192
265.5	130.62290177
265.6	132.18774372
265.7	134.85375044
265.8	137.38254454
265.9	138.07863732
266	137.73581158
266.1	138.87086227
266.2	142.33225628
266.3	147.63634449
266.4	150.20370272
266.5	149.85403852
266.6	148.93935146
266.7	149.70120143
266.8	149.71328229
266.9	149.37218774
267	148.42294959
267.1	146.29497278
267.2	144.98061425
267.3	141.98696536
267.4	138.94524379
267.5	135.98493324
267.6	134.57917414
267.7	134.39718327
267.8	132.25772523
267.9	131.15051577
268	130.59757833
268.1	130.02170957
268.2	128.66550192
268.3	127.81683769
268.4	129.17697272
268.5	130.90015545
268.6	131.03019506
268.7	129.66730936
268.8	129.21712051
268.9	131.0512154
269	133.90747055
269.1	135.60781387
269.2	136.10453254
269.3	137.00032978
269.4	137.14572045
269.5	134.91590506
269.6	134.02834907
269.7	133.20255595
269.8	131.52736088
269.9	128.91895609
270	127.02977207
270.1	124.9362352
270.2	125.38760973
270.3	127.34197667
270.4	129.96426489
270.5	132.50000373
270.6	134.9013025
270.7	135.74322001
270.8	136.76701995
270.9	137.86812318
271	138.54937184
271.1	138.71763091
271.2	138.17839196
271.3	137.36845605
271.4	136.35900479
271.5	135.24344815
271.6	135.70223539
271.7	138.11497054
271.8	140.33232261
271.9	139.95409547
272	137.92053438
272.1	137.1107397
272.2	136.85656211
272.3	136.9413796
272.4	134.96909674
272.5	134.58858027
272.6	133.87307065
272.7	132.727889
272.8	132.13946731
272.9	131.22008783
273	130.36993528
273.1	129.7654647
273.2	129.77683612
273.3	130.4818044
273.4	132.22108607
273.5	132.97044397
273.6	134.35576678
273.7	137.19186527
273.8	137.51793779
273.9	137.72164597
274	138.75169181
274.1	138.73900417
274.2	135.59763952
274.3	134.77026421
274.4	135.43166636
274.5	135.40960442
274.6	134.4639202
274.7	133.14528663
274.8	134.2396859
274.9	136.61003428
275	140.53776245
275.1	140.96422235
275.2	139.7193539
275.3	141.32449986
275.4	143.41046779
275.5	143.71727758
275.6	139.96903866
275.7	136.36141383
275.8	134.07042382
275.9	132.73521906
276	131.94485997
276.1	130.70722839
276.2	130.07579821
276.3	129.03519675
276.4	128.51346776
276.5	129.64976995
276.6	129.82662992
276.7	128.59946802
276.8	127.47009849
276.9	128.09483582
277	130.67415903
277.1	132.4940137
277.2	132.05077864
277.3	130.10625714
277.4	128.78510369
277.5	130.57589429
277.6	132.50300005
277.7	134.31141814
277.8	135.44280714
277.9	137.79255607
278	139.9407856
278.1	140.08462949
278.2	138.22593662
278.3	136.96308996
278.4	137.52792945
278.5	139.46912014
278.6	140.75673267
278.7	140.51925391
278.8	139.70624711
278.9	139.94560883
279	141.333414
279.1	144.50430831
279.2	146.75782682
279.3	146.15693465
279.4	144.17883896
279.5	142.5207837
279.6	139.55140039
279.7	135.52672371
279.8	134.57537075
279.9	133.67252518
280	133.3920539
280.1	133.18677915
280.2	133.49780863
280.3	136.85335382
280.4	140.76647793
280.5	141.44023865
280.6	139.85048766
280.7	137.65021397
280.8	137.15063754
280.9	138.40367587
281	140.07372413
281.1	141.75550219
281.2	143.12449371
281.3	143.10042863
281.4	143.65725374
281.5	143.52809189
281.6	140.73544292
281.7	134.78629588
281.8	130.56485613
281.9	130.1580419
282	132.26655908
282.1	135.8307396
282.2	136.17950644
282.3	134.90680184
282.4	132.31807511
282.5	129.0821687
282.6	127.19260075
282.7	129.47567352
282.8	133.60775574
282.9	137.30754312
283	139.40863879
283.1	138.54908412
283.2	136.58114803
283.3	133.64183776
283.4	130.96675155
283.5	129.47178776
283.6	128.90262871
283.7	130.74869291
283.8	133.06303667
283.9	135.10921304
284	136.38262802
284.1	136.92741265
284.2	136.43558553
284.3	135.3930417
284.4	134.12342525
284.5	133.01316691
284.6	133.33435452
284.7	133.24669251
284.8	131.21276778
284.9	128.14445409
285	128.88336751
285.1	131.54404149
285.2	134.21194644
285.3	133.36745995
285.4	131.39930505
285.5	129.52649002
285.6	127.98282932
285.7	127.30454971
285.8	126.76105696
285.9	123.93821608
286	124.1742148
286.1	129.20474233
286.2	131.79311581
286.3	131.30849831
286.4	130.7904202
286.5	131.16768469
286.6	131.96223669
286.7	132.91836837
286.8	133.3772844
286.9	135.21227004
287	136.8445145
287.1	137.65467183
287.2	136.73153257
287.3	135.50688492
287.4	133.67752712
287.5	131.15637599
287.6	129.87391566
287.7	130.76023806
287.8	133.72186101
287.9	136.52819651
288	136.96514844
288.1	135.43046991
288.2	133.30989285
288.3	131.42329108
288.4	131.14859763
288.5	132.55911171
288.6	134.74030486
288.7	133.28317512
288.8	130.94232627
288.9	128.7213556
289	127.28871208
289.1	127.39449286
289.2	130.37532921
289.3	133.80769821
289.4	135.38059614
289.5	135.09733164
289.6	134.34418728
289.7	131.40510657
289.8	130.04718442
289.9	130.45499362
290	131.78878977
290.1	133.28334996
290.2	134.59317156
290.3	135.9092702
290.4	137.30387849
290.5	139.3071548
290.6	144.35304084
290.7	148.89946875
290.8	151.06646963
290.9	150.48575956
291	145.66004881
291.1	140.27333704
291.2	134.97952912
291.3	130.60475006
291.4	131.3678497
291.5	133.75768234
291.6	135.19460981
291.7	134.54591741
291.8	132.72782595
291.9	131.80566638
292	132.51721883
292.1	135.88917081
292.2	139.69384888
292.3	142.1865037
292.4	143.55696631
292.5	142.88849374
292.6	140.24302518
292.7	135.86389981
292.8	132.98970942
292.9	130.75228953
293	130.75853139
293.1	131.18807994
293.2	131.49945725
293.3	131.42454137
293.4	130.53962497
293.5	127.88934492
293.6	125.6360707
293.7	124.78024409
293.8	125.49913607
293.9	128.62324037
294	131.87087389
294.1	132.87310425
294.2	130.63980029
294.3	129.07540043
294.4	127.04096403
294.5	127.00459408
294.6	128.80392285
294.7	131.42274009
294.8	134.22089768
294.9	135.31383152
295	135.16342079
295.1	134.18518041
295.2	134.2675864
295.3	136.53946116
295.4	137.93448922
295.5	136.4048715
295.6	133.15293379
295.7	130.32503784
295.8	128.39343287
295.9	126.90499862
296	126.96836696
296.1	128.6780831
296.2	131.12108268
296.3	133.63046602
296.4	136.1785998
296.5	140.04751298
296.6	144.7172247
296.7	148.15155848
296.8	149.20877235
296.9	145.80319087
297	142.36706703
297.1	136.22992177
297.2	133.81985292
297.3	133.52593702
297.4	134.02192545
297.5	134.58956548
297.6	133.28006601
297.7	130.59738746
297.8	126.56936041
297.9	122.56414636
298	120.7592967
298.1	121.59479805
298.2	122.64286936
298.3	123.18067138
298.4	123.00580395
298.5	124.00267079
298.6	126.62842211
298.7	130.12048762
298.8	131.66117242
298.9	132.31904041
299	132.52098005
299.1	131.60655874
299.2	129.70543893
299.3	127.8953657
299.4	126.37679963
299.5	127.27301769
299.6	127.3162782
299.7	126.52660878
299.8	124.64291366
299.9	122.00453968
300	120.38824411
300.1	119.17060882
300.2	118.62704981
300.3	119.02076284
300.4	120.22796372
300.5	119.64109005
300.6	119.87045569
300.7	122.28127996
300.8	125.19926317
300.9	127.85469057
301	127.85519239
301.1	123.20076732
301.2	119.32845332
301.3	115.56497779
301.4	113.30555171
301.5	112.05371076
301.6	110.84385449
301.7	110.03004722
301.8	109.95373845
301.9	110.49850756
302	111.75071128
302.1	113.64919149
302.2	112.86412299
302.3	111.26849812
302.4	108.64528838
302.5	105.0161587
302.6	101.21086968
302.7	99.27752058
302.8	100.92746673
302.9	102.23415342
303	101.27489674
303.1	97.32675551
303.2	94.94345517
303.3	94.07772925
303.4	93.19967013
303.5	92.29578776
303.6	93.88482833
303.7	95.57275766
303.8	99.11618788
303.9	105.92955306
304	116.66739573
304.1	125.29067305
304.2	130.38184802
304.3	130.47625998
304.4	129.146732
304.5	131.23703491
304.6	133.01557931
304.7	133.19939503
304.8	131.99188952
304.9	130.53548805
305	129.36304278
305.1	127.91145205
305.2	126.17958239
305.3	124.43284795
305.4	121.63042898
305.5	118.31114592
305.6	113.47601636
305.7	110.37415359
305.8	110.25038183
305.9	108.68414004
306	108.56383782
306.1	108.85759461
306.2	108.42681546
306.3	106.29404937
306.4	103.04572942
306.5	99.42463551
306.6	97.64600135
306.7	98.7660042
306.8	101.73203301
306.9	101.42685048
307	100.20488027
307.1	100.04174269
307.2	101.8083043
307.3	104.02647672
307.4	105.17023546
307.5	104.33834531
307.6	102.77157354
307.7	102.75338617
307.8	104.63129348
307.9	104.6919694
308	101.52928686
308.1	96.92611416
308.2	94.66830903
308.3	93.55514491
308.4	94.09782717
308.5	96.80484791
308.6	100.11489476
308.7	102.86118068
308.8	102.72033158
308.9	102.09551137
309	100.70319636
309.1	98.26742191
309.2	98.25522336
309.3	100.98729171
309.4	104.63821174
309.5	108.26030363
309.6	110.84838313
309.7	109.17322177
309.8	105.27028817
309.9	99.96833733
310	96.09575792
310.1	93.35143891
310.2	92.66262541
310.3	94.00589605
310.4	97.11807624
310.5	100.58791372
310.6	104.92128904
310.7	108.50809226
310.8	111.21163844
310.9	112.47042224
311	109.77301037
311.1	105.54264888
311.2	103.52181061
311.3	102.60173491
311.4	101.55789198
311.5	102.07338553
311.6	103.04096661
311.7	106.31595384
311.8	111.11786332
311.9	116.41372941
312	121.52698184
312.1	126.13189063
312.2	126.26198553
312.3	122.1161426
312.4	118.31238758
312.5	115.21378869
312.6	110.76491334
312.7	105.94019208
312.8	102.8580164
312.9	101.36975159
313	101.70560997
313.1	102.38544575
313.2	102.28281627
313.3	101.04019331
313.4	98.78889619
313.5	97.81204245
313.6	98.13159665
313.7	98.72776556
313.8	98.07825678
313.9	96.14015299
314	95.76226876
314.1	97.66865525
314.2	102.14448349
314.3	108.97470549
314.4	112.07733945
314.5	113.60335334
314.6	113.5670469
314.7	112.58753994
314.8	113.04379346
314.9	112.24334722
315	109.35500653
315.1	106.14736641
315.2	103.38079465
315.3	102.6876362
315.4	104.57236683
315.5	108.9547655
315.6	114.47323445
315.7	116.2439143
315.8	117.22227943
315.9	116.13402309
316	111.45900024
316.1	103.49874881
316.2	94.50420511
316.3	89.13227484
316.4	86.84571676
316.5	88.36683981
316.6	93.67469381
316.7	97.76221512
316.8	100.70271278
316.9	102.65970258
317	103.38799618
317.1	104.82560015
317.2	106.46030516
317.3	107.88466548
317.4	108.45687312
317.5	109.38609267
317.6	111.59815357
317.7	113.94949737
317.8	113.33854777
317.9	111.7003738
318	113.18710736
318.1	113.61260025
318.2	112.66396398
318.3	111.60506977
318.4	110.66730674
318.5	109.81828794
318.6	110.1198892
318.7	111.82972895
318.8	114.12845253
318.9	115.03697837
319	115.61011998
319.1	115.79718876
319.2	115.22769709
319.3	114.47186595
319.4	115.04679425
319.5	114.06785564
319.6	112.79737159
319.7	112.18911018
319.8	112.08416418
319.9	113.02087929
320	114.25210804
320.1	113.88696305
320.2	111.72603256
320.3	111.25007099
320.4	111.66277147
320.5	110.90609359
320.6	110.21915764
320.7	111.53805883
320.8	115.92618332
320.9	120.64107746
321	125.90770893
321.1	130.67091997
321.2	134.83526078
321.3	137.80656054
321.4	140.17456572
321.5	141.55870704
321.6	141.95601437
321.7	140.95485777
321.8	139.68782627
321.9	138.28207664
322	137.25366671
322.1	136.51419382
322.2	135.24411448
322.3	135.40335397
322.4	135.45792506
322.5	134.97600839
322.6	135.28295508
322.7	136.63042082
322.8	135.54672562
322.9	131.98696318
323	128.53104288
323.1	129.87662885
323.2	130.56233578
323.3	132.1470589
323.4	134.52973109
323.5	135.80200382
323.6	136.97769151
323.7	138.37126199
323.8	138.82756846
323.9	138.72721772
324	139.24021187
324.1	139.5278735
324.2	139.30735193
324.3	138.02301855
324.4	134.97662243
324.5	130.97525576
324.6	129.41215489
324.7	129.20297007
324.8	128.78070194
324.9	127.58363031
325	126.62402222
325.1	125.62876892
325.2	125.03563737
325.3	126.24999613
325.4	128.41282207
325.5	129.43825611
325.6	130.48292273
325.7	131.54639691
325.8	131.48389042
325.9	130.60934943
326	127.92273109
326.1	125.77797523
326.2	125.61259463
326.3	125.34557752
326.4	123.74929143
326.5	123.87375216
326.6	125.65988154
326.7	128.32559211
326.8	130.20129194
326.9	130.38958768
327	131.44327055
327.1	133.5400659
327.2	135.27783161
327.3	135.58143395
327.4	135.22357825
327.5	134.95716566
327.6	134.80089172
327.7	133.73756885
327.8	134.68196741
327.9	135.47364625
328	136.21632867
328.1	136.95391531
328.2	135.75387783
328.3	133.8855963
328.4	129.99285627
328.5	127.47859087
328.6	126.44517127
328.7	125.56190614
328.8	125.99596475
328.9	126.74796155
329	126.89117723
329.1	126.55865491
329.2	124.84748787
329.3	122.99338282
329.4	121.97687003
329.5	122.18451377
329.6	124.24937222
329.7	126.46128806
329.8	126.37683223
329.9	125.01506921
330	124.16581334
330.1	122.2312303
330.2	121.24159224
330.3	122.15890235
330.4	124.60774602
330.5	127.72689789
330.6	128.73450259
330.7	129.33431077
330.8	130.62140537
330.9	132.16816047
331	131.29514616
331.1	129.91899931
331.2	128.76682831
331.3	127.78410356
331.4	126.61066331
331.5	127.21607153
331.6	128.70592204
331.7	129.24408086
331.8	129.60217568
331.9	130.08220192
332	129.27172044
332.1	127.2001036
332.2	126.58029872
332.3	127.78221391
332.4	129.87032977
332.5	132.71644501
332.6	135.07337614
332.7	136.36858115
332.8	136.74045225
332.9	137.02984238
333	138.14179876
333.1	137.34031572
333.2	136.34173628
333.3	135.50708927
333.4	134.61272956
333.5	133.56471791
333.6	132.78257203
333.7	132.18052607
333.8	131.75130041
333.9	130.97003296
334	130.7077808
334.1	129.79388247
334.2	128.46091136
334.3	129.29910191
334.4	130.82429055
334.5	133.6145536
334.6	136.15666125
334.7	138.79858426
334.8	140.75213829
334.9	141.33660231
335	140.8991146
335.1	140.33847097
335.2	141.04867902
335.3	143.68479888
335.4	146.51395978
335.5	147.93535554
335.6	147.920842
335.7	147.47192451
335.8	147.26979014
335.9	146.96885637
336	145.7629344
336.1	143.31648351
336.2	141.24184455
336.3	138.97411614
336.4	137.50471564
336.5	136.53610189
336.6	135.58521891
336.7	136.00102689
336.8	136.73573688
336.9	139.11601233
337	141.89099901
337.1	142.11490537
337.2	139.57801777
337.3	135.88864906
337.4	133.6486006
337.5	131.36388631
337.6	131.36360323
337.7	131.91038568
337.8	132.77794045
337.9	134.3254611
338	135.42605956
338.1	135.56523767
338.2	134.97101369
338.3	134.41449267
338.4	134.60864175
338.5	135.13005039
338.6	133.94459428
338.7	131.91501303
338.8	129.81419007
338.9	127.69809657
339	126.9859588
339.1	127.44187852
339.2	127.74275531
339.3	127.36556711
339.4	127.5884306
339.5	127.35256701
339.6	127.32220465
339.7	128.27323828
339.8	129.46732737
339.9	130.4292888
340	131.49499441
340.1	132.56318533
340.2	133.64707846
340.3	134.77064015
340.4	135.41593408
340.5	136.90868172
340.6	138.83396307
340.7	140.41090023
340.8	140.98068439
340.9	141.32400953
341	140.79030513
341.1	138.43446423
341.2	134.5837548
341.3	131.76993816
341.4	131.3728592
341.5	131.42336496
341.6	132.41998208
341.7	134.31482802
341.8	133.81927494
341.9	132.00330059
342	130.88790431
342.1	130.66391938
342.2	130.97576411
342.3	130.81515808
342.4	131.09667065
342.5	132.28353727
342.6	133.98452375
342.7	135.2245753
342.8	135.5708939
342.9	136.25072472
343	136.20420231
343.1	135.43335076
343.2	134.72967946
343.3	134.52367112
343.4	134.3996068
343.5	134.91892695
343.6	135.60548773
343.7	137.36854271
343.8	136.89151249
343.9	131.56109999
344	127.72444325
344.1	125.76203135
344.2	125.41409738
344.3	125.63443097
344.4	127.58760374
344.5	131.88662454
344.6	134.87135562
344.7	136.75766731
344.8	137.96849795
344.9	137.94201715
345	136.89958027
345.1	135.48769386
345.2	135.50817352
345.3	137.30601197
345.4	140.27752111
345.5	142.48988745
345.6	144.55409334
345.7	146.76052765
345.8	147.35322515
345.9	147.74481442
346	146.46291687
346.1	142.26836629
346.2	139.49904744
346.3	141.34416862
346.4	144.09286777
346.5	145.58278121
346.6	145.82263281
346.7	145.00319735
346.8	143.39469389
346.9	142.85478002
347	142.14594599
347.1	139.85881903
347.2	136.29596125
347.3	134.88382877
347.4	133.87855194
347.5	133.96497286
347.6	134.3609696
347.7	135.17413724
347.8	137.99214158
347.9	140.3186308
348	141.46897559
348.1	142.23803414
348.2	143.78165627
348.3	142.2571811
348.4	141.42826854
348.5	140.37366843
348.6	138.53912104
348.7	137.74280478
348.8	137.25610665
348.9	137.36470987
349	137.31966023
349.1	136.82671435
349.2	134.72736188
349.3	133.74725465
349.4	135.77936068
349.5	138.73054662
349.6	140.48978305
349.7	142.56170242
349.8	143.68449761
349.9	144.10612298
350	143.70675082
350.1	142.34523356
350.2	140.27719326
350.3	136.6452179
350.4	134.71867863
350.5	134.80374622
350.6	134.34640533
350.7	135.08796474
350.8	136.55329236
350.9	136.36096302
351	135.60883856
351.1	136.07019986
351.2	137.77921077
351.3	138.80827443
351.4	138.26766381
351.5	137.97475881
351.6	138.96476546
351.7	139.67441246
351.8	138.54366621
351.9	139.78717511
352	140.66064496
352.1	139.28124214
352.2	134.63372326
352.3	130.4216705
352.4	128.53910949
352.5	127.40694052
352.6	127.17842439
352.7	128.39840195
352.8	132.4355721
352.9	137.5825746
353	144.27904822
353.1	149.80809219
353.2	150.20175552
353.3	147.78514113
353.4	145.43137118
353.5	142.40536612
353.6	138.92289361
353.7	136.75165598
353.8	137.50717172
353.9	139.65212758
354	141.33218551
354.1	141.89882572
354.2	140.95122871
354.3	138.26961187
354.4	133.88968145
354.5	127.89988489
354.6	118.89859444
354.7	106.26139941
354.8	87.23963855
354.9	70.42147688
355	48.905309
355.1	32.68924303
355.2	22.79304711
355.3	20.0687517
355.4	18.80339581
355.5	18.02057289
355.6	17.47727891
355.7	17.01815742
355.8	17.18843142
355.9	16.8849699
356	16.62220547
356.1	17.05406796
356.2	17.79179191
356.3	18.99102175
356.4	20.49457407
356.5	22.12447603
356.6	24.63645769
356.7	27.16201378
356.8	29.49934813
356.9	31.61643034
357	32.67574732
357.1	32.99164731
357.2	32.32206299
357.3	31.78341111
357.4	31.59854129
357.5	32.33597317
357.6	31.92766324
357.7	30.86503506
357.8	30.66768296
357.9	30.42110993
358	29.05462718
358.1	28.1556495
358.2	28.3997897
358.3	29.62044846
358.4	29.96910902
358.5	32.21455044
358.6	34.9354758
358.7	38.40651235
358.8	42.43319449
358.9	45.71371997
359	47.14029455
359.1	46.24640475
359.2	43.88453931
359.3	40.47565513
359.4	35.01957934
359.5	30.35630619
359.6	25.56351779
359.7	21.23140033
359.8	19.7519738
359.9	19.18049589
360	18.63861939
360.1	18.23330023
360.2	17.81200748
360.3	18.22846193
360.4	18.63480763
360.5	18.28644974
360.6	17.861388
360.7	17.63137462
360.8	16.60999101
360.9	15.58589431
361	15.0706064
361.1	15.28496488
361.2	15.63394098
361.3	16.33708162
361.4	17.18528395
361.5	18.76338178
361.6	19.80927163
361.7	19.87357745
361.8	19.23537324
361.9	19.01963715
362	19.0221259
362.1	18.81709324
362.2	19.16784718
362.3	20.19390569
362.4	20.86225664
362.5	21.33107289
362.6	21.58687346
362.7	21.15488489
362.8	21.28038387
362.9	21.77676493
363	22.5915453
363.1	23.34331303
363.2	22.77253388
363.3	21.70662235
363.4	20.48576713
363.5	19.28746351
363.6	18.11302252
363.7	17.43161294
363.8	16.71259339
363.9	15.54172786
364	14.27097532
364.1	13.41414483
364.2	12.13553595
364.3	11.65270977
364.4	11.17958339
364.5	10.36000171
364.6	9.90566257
364.7	9.2203458
364.8	8.51489344
364.9	8.05524962
365	8.16868342
365.1	7.96538363
365.2	7.52899015
365.3	7.42801714
365.4	7.72576303
365.5	8.27934535
365.6	8.52050408
365.7	8.34818481
365.8	7.66272435
365.9	7.04456909
366	7.07172998
366.1	6.81370977
366.2	6.51448986
366.3	6.29072925
366.4	5.88336681
366.5	5.88791754
366.6	5.93576999
366.7	5.87203004
366.8	5.67789983
366.9	5.5135975
367	5.63126671
367.1	5.37763933
367.2	5.36902838
367.3	5.84889713
367.4	5.75964339
367.5	5.86235756
367.6	5.88020621
367.7	5.80768083
367.8	5.65729537
367.9	5.68089955
368	5.67701707
368.1	5.6769645
368.2	5.51385014
368.3	5.84210287
368.4	6.01365797
368.5	6.50501408
368.6	6.89128952
368.7	7.04925785
368.8	6.86380053
368.9	7.05154253
369	7.47210457
369.1	7.42232313
369.2	6.89084117
369.3	6.9381496
369.4	7.18737712
369.5	7.23212888
369.6	6.98830842
369.7	6.49476537
369.8	6.27092878
369.9	6.24802847
370	6.27764553
370.1	6.27133075
370.2	6.47773472
370.3	6.32627098
370.4	6.48094683
370.5	6.88263707
370.6	7.33862482
370.7	8.03547123
370.8	8.48144722
370.9	8.26032752
371	7.86144184
371.1	7.51581459
371.2	7.28242254
371.3	6.94406151
371.4	6.6197226
371.5	6.6036842
371.6	6.45399975
371.7	6.47809698
371.8	6.38236112
371.9	5.8735555
372	5.47213595
372.1	5.61794777
372.2	5.88048134
372.3	6.09572403
372.4	6.07154346
372.5	6.07809856
372.6	6.06254682
372.7	5.88002668
372.8	5.6720579
372.9	6.00438743
373	6.37129087
373.1	6.47316387
373.2	6.39552045
373.3	6.06744317
373.4	6.22361243
373.5	6.19617685
373.6	6.54188205
373.7	6.89307498
373.8	6.85802352
373.9	6.65719375
374	6.47338502
374.1	6.47370989
374.2	6.29800568
374.3	5.90983118
374.4	5.9062228
374.5	6.29982575
374.6	6.4642763
374.7	6.72588017
374.8	7.09527438
374.9	6.91448985
375	7.23323254
375.1	7.62230089
375.2	7.69599993
375.3	7.04245353
375.4	6.62108121
375.5	6.23657677
375.6	6.468837
375.7	6.62520514
375.8	7.08202949
375.9	7.73319913
376	8.06564789
376.1	7.92846512
376.2	7.52770026
376.3	7.05366819
376.4	7.32442942
376.5	7.87571332
376.6	8.27271722
376.7	8.26583443
376.8	8.25802768
376.9	8.01865525
377	7.35435309
377.1	6.61680318
377.2	6.46568938
377.3	6.49216758
377.4	6.38110716
377.5	6.62674704
377.6	5.91980555
377.7	5.7104523
377.8	5.80824922
377.9	6.53817314
378	6.87760944
378.1	7.37215508
378.2	7.22103939
378.3	6.82998313
378.4	6.63323315
378.5	6.38216897
378.6	5.72249376
378.7	5.65105455
378.8	5.93761637
378.9	6.23481215
379	6.37499655
379.1	6.62960028
379.2	6.6761761
379.3	6.82861787
379.4	7.07484742
379.5	7.11128847
379.6	7.41350141
379.7	7.66154635
379.8	7.86512586
379.9	7.93088045
380	8.07356189
380.1	8.3385441
380.2	8.8926337
380.3	8.66837807
380.4	8.86848452
380.5	8.50875603
380.6	8.22594077
380.7	8.01607444
380.8	7.65354334
380.9	7.49622163
381	7.65422265
381.1	7.72192506
381.2	7.48880839
381.3	7.6431363
381.4	8.12184533
381.5	8.260873
381.6	8.15383233
381.7	7.86044842
381.8	7.47704246
381.9	7.01528399
382	6.5788494
382.1	6.06451837
382.2	6.2435438
382.3	6.50445914
382.4	6.84238723
382.5	7.2932334
382.6	7.28742883
382.7	7.23217647
382.8	7.63196966
382.9	8.00702082
383	8.26389793
383.1	8.06618871
383.2	8.29571477
383.3	8.5678252
383.4	8.63504632
383.5	8.58733265
383.6	8.06191451
383.7	7.71507963
383.8	7.28304725
383.9	6.74029881
384	6.42281073
384.1	6.00423774
384.2	5.81359766
384.3	5.92529994
384.4	6.05367116
384.5	5.99559637
384.6	6.50772638
384.7	7.03563404
384.8	7.85696719
384.9	8.68303178
385	8.65859932
385.1	8.67809087
385.2	8.86560524
385.3	9.0468275
385.4	9.10648282
385.5	9.26332968
385.6	9.26874716
385.7	8.72110166
385.8	8.23239679
385.9	7.72176652
386	7.27013509
386.1	6.66637404
386.2	6.54170111
386.3	6.54952508
386.4	6.16167379
386.5	6.26845843
386.6	6.29760772
386.7	5.88426659
386.8	5.82853997
386.9	6.04460115
387	5.8722735
387.1	6.06894029
387.2	6.52479107
387.3	6.6712049
387.4	6.68372373
387.5	7.03082543
387.6	7.36686468
387.7	7.1877695
387.8	7.46653515
387.9	7.23129489
388	7.16730162
388.1	7.43623201
388.2	7.03282535
388.3	6.80986253
388.4	7.02046612
388.5	7.69666502
388.6	8.0594963
388.7	7.85489183
388.8	7.49866593
388.9	7.41198261
389	7.67647955
389.1	8.06993639
389.2	8.04027168
389.3	8.52086857
389.4	8.53793408
389.5	8.08999093
389.6	7.84823802
389.7	7.68035593
389.8	7.60378965
389.9	7.80245032
390	8.57399661
390.1	9.35049471
390.2	10.05963134
390.3	10.60657997
390.4	10.62680308
390.5	10.06657637
390.6	10.05405399
390.7	10.26851046
390.8	9.55983405
390.9	8.70874299
391	8.87791683
391.1	9.13895256
391.2	9.84571443
391.3	10.72297825
391.4	11.23281406
391.5	10.65596193
391.6	10.0509269
391.7	9.14824936
391.8	8.36573102
391.9	7.70035739
392	7.56654825
392.1	7.51425592
392.2	7.67170123
392.3	7.66691003
392.4	7.68523299
392.5	7.68299708
392.6	7.65249793
392.7	7.61630563
392.8	7.13529146
392.9	6.51499753
393	6.27112552
393.1	6.08095791
393.2	5.93502167
393.3	5.56883848
393.4	5.81160211
393.5	6.41759277
393.6	6.93164239
393.7	7.34007226
393.8	7.71595562
393.9	8.43482699
394	8.96870288
394.1	9.46257607
394.2	9.97300095
394.3	10.56549648
394.4	10.65316867
394.5	10.15520636
394.6	10.04958386
394.7	11.22101239
394.8	12.06015337
394.9	12.94371874
395	14.00056824
395.1	14.9651108
395.2	15.61280033
395.3	17.09318781
395.4	18.07834474
395.5	18.46870747
395.6	18.43514579
395.7	18.61503108
395.8	18.63009263
395.9	19.1980748
396	19.86350264
396.1	20.90613068
396.2	22.25684777
396.3	24.06100647
396.4	25.24337207
396.5	25.90353365
396.6	26.35829799
396.7	25.52162986
396.8	24.96733456
396.9	24.45788554
397	24.1446237
397.1	24.01526301
397.2	24.59152331
397.3	25.79562178
397.4	27.18376059
397.5	27.96832942
397.6	29.84743543
397.7	32.44481883
397.8	34.59512831
397.9	35.64529715
398	36.36971825
398.1	37.41343583
398.2	37.96928966
398.3	37.45691301
398.4	36.37872201
398.5	36.00056357
398.6	35.66703491
398.7	35.9928571
398.8	37.28222472
398.9	38.77149028
399	39.83516363
399.1	40.31412275
399.2	39.8182332
399.3	39.48439197
399.4	41.15015792
399.5	41.68859135
399.6	42.14793751
399.7	43.16468485
399.8	44.6751143
399.9	45.06345335
400	46.44993576
400.1	49.34935195
400.2	53.194957
400.3	55.57897599
400.4	57.41717638
400.5	58.59708695
400.6	59.68989386
400.7	59.87183725
400.8	59.82711587
400.9	60.5719561
401	60.26973954
401.1	58.37959268
401.2	56.52540695
401.3	54.91271777
401.4	52.08795109
401.5	48.1977627
401.6	44.5625923
401.7	42.43191996
401.8	42.83805471
401.9	44.62737271
402	46.87030032
402.1	49.59218568
402.2	51.44261279
402.3	53.22330039
402.4	53.70388518
402.5	53.48638359
402.6	53.55582725
402.7	54.04367735
402.8	55.06185004
402.9	56.088721
403	56.53671252
403.1	56.3313966
403.2	54.96189383
403.3	54.22639038
403.4	54.15959397
403.5	54.93716884
403.6	57.22536131
403.7	58.10884439
403.8	56.86201358
403.9	54.83307144
404	52.88339067
404.1	51.35523132
404.2	52.39823178
404.3	53.51325907
404.4	53.8512668
404.5	52.64821163
404.6	49.9684131
404.7	47.9552286
404.8	48.02674212
404.9	49.81703416
405	51.95133525
405.1	53.28993704
405.2	53.28935903
405.3	53.10259021
405.4	53.50474108
405.5	54.12457027
405.6	56.01701767
405.7	57.63211115
405.8	58.29294279
405.9	58.34431662
406	57.19447666
406.1	55.98335882
406.2	55.97307182
406.3	57.17999783
406.4	59.11329855
406.5	61.41306557
406.6	64.86280642
406.7	68.7439197
406.8	72.76918952
406.9	74.17175785
407	73.67516476
407.1	69.95467131
407.2	65.19418769
407.3	63.16977837
407.4	63.69984255
407.5	66.52854094
407.6	69.45135372
407.7	72.13682723
407.8	73.46596067
407.9	73.8786337
408	75.17712224
408.1	76.85202692
408.2	77.9664333
408.3	79.69356177
408.4	81.68565729
408.5	83.16682642
408.6	82.70187087
408.7	81.75712905
408.8	82.26440429
408.9	82.32647343
409	82.56349699
409.1	85.16058682
409.2	89.35825077
409.3	92.99620841
409.4	93.91833603
409.5	92.91727104
409.6	91.4363391
409.7	89.28940119
409.8	89.45165375
409.9	90.10449894
410	89.93724353
410.1	88.64637443
410.2	86.680675
410.3	84.61694095
410.4	82.32566252
410.5	79.0203115
410.6	75.72142357
410.7	70.65974702
410.8	64.99227585
410.9	62.11215314
411	62.63481856
411.1	65.95464223
411.2	70.42420327
411.3	74.34786836
411.4	75.08539785
411.5	70.96281716
411.6	61.95792748
411.7	52.81420758
411.8	43.84411073
411.9	38.90575873
412	34.17862791
412.1	29.59703994
412.2	26.07407748
412.3	23.86327722
412.4	23.60473096
412.5	23.02272411
412.6	23.06235137
412.7	23.30605491
412.8	23.14520107
412.9	23.98824173
413	23.37542859
413.1	22.81267491
413.2	22.75951395
413.3	22.84064845
413.4	22.21889964
413.5	21.64484432
413.6	20.79250073
413.7	19.19328819
413.8	17.42355473
413.9	16.59550807
414	16.16289509
414.1	15.84072586
414.2	15.30985431
414.3	15.04472237
414.4	15.03779346
414.5	15.04335405
414.6	14.85949054
414.7	13.551952
414.8	12.31585067
414.9	11.45327342
415	10.92938356
415.1	10.6149738
415.2	10.23676142
415.3	10.41179447
415.4	10.87074051
415.5	10.85510338
415.6	10.87408228
415.7	11.44470162
415.8	12.0171032
415.9	12.77564975
416	14.53474555
416.1	18.50366409
416.2	22.54489928
416.3	26.81196939
416.4	32.04201444
416.5	39.29870858
416.6	47.65242651
416.7	54.88410311
416.8	60.15908489
416.9	61.98283447
417	64.82960527
417.1	71.19562022
417.2	78.19994585
417.3	84.44669527
417.4	88.44779618
417.5	93.54340622
417.6	100.34367447
417.7	108.81995233
417.8	120.19106166
417.9	128.53055698
418	130.04429477
418.1	127.17692124
418.2	122.55591579
418.3	118.93447189
418.4	113.55352675
418.5	109.23974255
418.6	107.31049053
418.7	106.13864051
418.8	104.89898245
418.9	101.15913573
419	92.51500252
419.1	81.3625206
419.2	68.47541566
419.3	55.19454327
419.4	46.8282873
419.5	44.39712027
419.6	42.31149516
419.7	40.39599866
419.8	38.76190043
419.9	37.28383423
420	36.82274313
420.1	37.14095121
420.2	37.80038505
420.3	37.79268525
420.4	35.81922541
420.5	34.31332473
420.6	33.79456634
420.7	33.88198295
420.8	35.41611224
420.9	36.28545336
421	37.14316068
421.1	37.57103755
421.2	36.7843167
421.3	34.21787142
421.4	30.96381857
421.5	28.04346998
421.6	27.35726138
421.7	28.43691495
421.8	29.79378732
421.9	31.13393639
422	34.18253818
422.1	38.5008771
422.2	41.90187272
422.3	44.76320712
422.4	45.66241903
422.5	44.7757311
422.6	42.29222607
422.7	38.29702539
422.8	34.91621231
422.9	32.81386316
423	32.03601653
423.1	32.75114273
423.2	35.13574666
423.3	38.08625868
423.4	40.93009455
423.5	41.62292585
423.6	41.37093431
423.7	41.10412153
423.8	40.76431088
423.9	40.76268537
424	41.75242854
424.1	42.89850149
424.2	45.20103454
424.3	48.51498445
424.4	52.22029851
424.5	54.44409115
424.6	55.85103749
424.7	56.86234048
424.8	57.25872246
424.9	56.72021772
425	56.5122195
425.1	56.34946087
425.2	55.58598524
425.3	54.34538013
425.4	53.18708513
425.5	51.35913546
425.6	49.50463165
425.7	48.10937641
425.8	47.87601905
425.9	46.97330185
426	45.31714407
426.1	43.73107295
426.2	42.45109898
426.3	41.0559926
426.4	39.90679347
426.5	38.43847488
426.6	37.15167383
426.7	36.59821371
426.8	37.03767329
426.9	39.11967073
427	40.56968647
427.1	42.37185364
427.2	44.1305871
427.3	45.24838792
427.4	47.23077479
427.5	48.52579836
427.6	47.70801211
427.7	44.64066348
427.8	42.98460534
427.9	42.67165327
428	43.58527401
428.1	45.45757249
428.2	46.84141176
428.3	46.91884398
428.4	46.02682964
428.5	44.98129587
428.6	43.5206099
428.7	42.50642183
428.8	42.44014274
428.9	42.79507271
429	43.88310799
429.1	46.1942104
429.2	48.522786
429.3	49.20058988
429.4	49.06036508
429.5	48.55388564
429.6	47.80289427
429.7	45.78442833
429.8	45.35661415
429.9	45.44853306
430	45.84742874
430.1	46.48211541
430.2	45.58559964
430.3	45.06741148
430.4	44.91825474
430.5	45.20580422
430.6	46.77629773
430.7	48.49816469
430.8	49.85888051
430.9	50.88606065
431	50.24353606
431.1	49.99709832
431.2	50.01620617
431.3	49.87968772
431.4	49.2160913
431.5	47.80756091
431.6	47.07836038
431.7	46.89781652
431.8	47.48726105
431.9	48.58315303
432	48.86694213
432.1	49.80463437
432.2	50.62359024
432.3	50.9974741
432.4	51.9020251
432.5	52.66471463
432.6	53.11569565
432.7	53.39305091
432.8	54.0767913
432.9	54.64187505
433	55.53362773
433.1	55.20134109
433.2	54.03681064
433.3	53.42949463
433.4	53.09667113
433.5	54.70079311
433.6	56.1219664
433.7	56.13187031
433.8	54.30494305
433.9	53.30994714
434	53.35008239
434.1	53.34117266
434.2	53.21618868
434.3	53.91077147
434.4	53.61564065
434.5	52.85688153
434.6	52.17832781
434.7	52.09138638
434.8	52.06901102
434.9	51.00066151
435	50.23235664
435.1	49.90646588
435.2	49.33673956
435.3	49.4856114
435.4	49.70669445
435.5	50.32859476
435.6	50.42433663
435.7	48.89096112
435.8	47.16658775
435.9	45.74669047
436	45.16747741
436.1	45.52979137
436.2	45.95148196
436.3	47.01539165
436.4	48.41324264
436.5	49.33617169
436.6	50.19437369
436.7	51.60785843
436.8	52.82168825
436.9	53.61314036
437	54.3101132
437.1	54.2849216
437.2	54.71196597
437.3	56.68163681
437.4	59.01537674
437.5	59.36441229
437.6	57.81471675
437.7	57.86346826
437.8	57.87495029
437.9	57.23720705
438	57.66187005
438.1	58.97429643
438.2	59.51757791
438.3	59.26061483
438.4	59.4175272
438.5	60.17963886
438.6	60.41483889
438.7	59.10485037
438.8	56.9611249
438.9	55.71706509
439	56.27251218
439.1	57.33094968
439.2	58.28471505
439.3	57.76144693
439.4	56.66262057
439.5	56.42832352
439.6	56.74777608
439.7	58.46753393
439.8	61.02776446
439.9	62.43429828
440	62.63852323
440.1	62.69008922
440.2	62.9894711
440.3	63.2364005
440.4	62.78722683
440.5	62.4605965
440.6	62.03362669
440.7	61.84553312
440.8	62.09720196
440.9	63.34952945
441	64.20919072
441.1	64.43700157
441.2	63.63002897
441.3	62.87212496
441.4	63.0684388
441.5	64.04965776
441.6	65.79235325
441.7	67.69587244
441.8	69.06035428
441.9	68.66141852
442	67.29981582
442.1	65.49204041
442.2	65.48475533
442.3	65.58479849
442.4	65.58905139
442.5	64.97763651
442.6	64.12236122
442.7	62.38382762
442.8	60.07990265
442.9	58.43814634
443	58.40087169
443.1	58.87047497
443.2	60.08237249
443.3	61.89831746
443.4	64.45534663
443.5	66.49803304
443.6	67.92640425
443.7	68.94574373
443.8	68.43791117
443.9	66.67132401
444	63.98524277
444.1	60.64047033
444.2	58.93332862
444.3	58.81974699
444.4	60.216397
444.5	63.11791408
444.6	67.66409394
444.7	68.66412392
444.8	66.84970563
444.9	63.5474855
445	61.5939182
445.1	61.87117902
445.2	62.08838242
445.3	60.8371703
445.4	57.61087618
445.5	55.71618842
445.6	54.94602406
445.7	54.5558241
445.8	54.39944522
445.9	55.23580355
446	54.61893809
446.1	53.4070255
446.2	52.69933605
446.3	53.69389568
446.4	57.12064168
446.5	61.50486482
446.6	67.41476799
446.7	74.20300092
446.8	79.83261929
446.9	84.19294569
447	86.43795638
447.1	88.33450601
447.2	90.14709225
447.3	91.34830283
447.4	90.26835943
447.5	88.33846402
447.6	85.29827226
447.7	80.82794163
447.8	76.11488634
447.9	72.78087866
448	71.24310968
448.1	71.66984734
448.2	75.30695667
448.3	81.65516247
448.4	87.26065951
448.5	89.91666044
448.6	89.20172888
448.7	84.12760527
448.8	77.01352026
448.9	72.46821082
449	68.57274275
449.1	64.23041534
449.2	59.59456409
449.3	54.68624563
449.4	51.78003067
449.5	50.30969334
449.6	46.1297492
449.7	39.52414068
449.8	35.01324595
449.9	32.04057024
450	32.22632703
450.1	32.49588289
450.2	32.33804647
450.3	31.10188279
450.4	29.85358905
450.5	28.33970754
450.6	29.09790393
450.7	30.7001919
450.8	32.49691401
450.9	33.93386457
451	34.65021125
451.1	35.00193992
451.2	35.60706684
451.3	35.34320863
451.4	32.78222986
451.5	30.00731095
451.6	27.2070534
451.7	25.05987237
451.8	23.40979844
451.9	21.99258604
452	21.76331079
452.1	21.75626497
452.2	22.14114293
452.3	22.61689777
452.4	22.19897229
452.5	22.21436913
452.6	21.86555434
452.7	21.21526023
452.8	20.58967539
452.9	21.22497
453	21.62325018
453.1	21.60915454
453.2	21.85548272
453.3	22.8798525
453.4	23.44945423
453.5	23.52953377
453.6	22.6867813
453.7	21.43516937
453.8	21.37762664
453.9	21.21966152
454	21.95123775
454.1	23.69847792
454.2	25.94660712
454.3	27.72970775
454.4	29.59096412
454.5	30.71167225
454.6	31.99483213
454.7	33.23865828
454.8	33.92177433
454.9	32.12090186
455	29.2045346
455.1	26.5928975
455.2	25.98411804
455.3	27.02908904
455.4	28.60316823
455.5	29.69667118
455.6	30.96534849
455.7	34.87343914
455.8	38.81327586
455.9	41.07690021
456	42.05047386
456.1	42.6005275
456.2	44.03390401
456.3	44.30789442
456.4	43.62622614
456.5	42.92417244
456.6	43.31417144
456.7	43.61578295
456.8	43.63617386
456.9	43.14363388
457	42.59468067
457.1	43.3024456
457.2	45.87016558
457.3	48.82322317
457.4	51.31431141
457.5	52.89811463
457.6	55.34514251
457.7	58.3746964
457.8	62.65696009
457.9	68.56312505
458	74.39061529
458.1	79.78727389
458.2	82.2180112
458.3	83.16277357
458.4	82.35005647
458.5	79.29017689
458.6	75.55155135
458.7	72.87188159
458.8	72.27569529
458.9	72.54990468
459	72.01575792
459.1	73.20874779
459.2	75.82751361
459.3	81.21651171
459.4	89.34117058
459.5	96.38350165
459.6	101.75084217
459.7	103.44045271
459.8	104.49307073
459.9	108.25703213
460	109.51765667
460.1	109.83294591
460.2	109.04481932
460.3	109.05492867
460.4	112.63880049
460.5	119.53021533
460.6	128.984184
460.7	141.610954
460.8	157.16103193
460.9	170.24636629
461	180.5657723
461.1	186.81729319
461.2	182.44870111
461.3	175.45624238
461.4	167.3265022
461.5	159.16840571
461.6	146.97005663
461.7	138.36942009
461.8	132.92245886
461.9	130.30934496
462	129.64583102
462.1	130.43017929
462.2	132.17372245
462.3	128.83363903
462.4	120.67849806
462.5	110.09362279
462.6	95.32441812
462.7	76.56945585
462.8	58.76494024
462.9	43.52589641
463	33.42629482
463.1	29.17815731
463.2	26.92885351
463.3	25.52919466
463.4	24.46203339
463.5	23.87929459
463.6	23.44897743
463.7	23.61349543
463.8	23.91999813
463.9	24.37497487
464	25.1116954
464.1	25.85075336
464.2	26.39928195
464.3	27.3054711
464.4	29.30870218
464.5	30.57265614
464.6	31.97744276
464.7	33.21446804
464.8	35.33124078
464.9	38.88246
465	43.13620623
465.1	48.3604413
465.2	56.25156856
465.3	67.62948207
465.4	80.97609562
465.5	102.01195219
465.6	129.80873117
465.7	151.78880372
465.8	178.94791693
465.9	185.91717467
466	159.93141636
466.1	109.13995622
466.2	59.75717275
466.3	29.03859922
466.4	18.7826926
466.5	17.1706017
466.6	16.85348797
466.7	17.66157623
466.8	18.81287762
466.9	19.5039866
467	19.4962889
467.1	18.76184407
467.2	18.24209137
467.3	17.83776102
467.4	17.82383071
467.5	17.8532588
467.6	17.59461419
467.7	17.32385486
467.8	17.62449796
467.9	18.0383516
468	18.55283084
468.1	17.88657764
468.2	17.08810259
468.3	17.72951066
468.4	18.06004357
468.5	17.67750106
468.6	17.65235227
468.7	18.40137538
468.8	18.87901928
468.9	19.56406688
469	20.17993496
469.1	20.61367814
469.2	20.43731187
469.3	20.1931282
469.4	19.99456259
469.5	20.24951234
469.6	20.76814095
469.7	21.730442
469.8	22.26744443
469.9	22.10235723
470	21.36981975
470.1	20.37996059
470.2	19.89332169
470.3	19.38498116
470.4	18.92591342
470.5	18.60411538
470.6	18.42687509
470.7	18.48922966
470.8	18.13332111
470.9	17.77133316
471	17.31755929
471.1	16.94197226
471.2	16.40631032
471.3	16.5115904
471.4	17.05809527
471.5	16.80195168
471.6	16.47232598
471.7	15.9455226
471.8	15.6258987
471.9	14.84092726
472	12.90939525
472.1	7.40206109
472.2	4.64994627
472.3	8.41214554
472.4	9.13101908
472.5	1.24409458
472.6	NA
472.7	NA
472.8	NA
472.9	NA
473	NA
473.1	NA
473.2	NA
473.3	NA
473.4	NA
473.5	NA
473.6	NA
473.7	NA
473.8	NA
473.9	NA
474	NA
474.1	NA
474.2	NA
474.3	NA
474.4	NA
474.5	NA
474.6	NA
474.7	NA
474.8	NA
474.9	NA
475	NA
475.1	NA
475.2	NA
475.3	NA
475.4	NA
475.5	NA
475.6	NA
475.7	NA
475.8	NA
475.9	NA
476	NA
476.1	NA
476.2	NA
476.3	NA
476.4	NA
476.5	NA
