DEPT	GR
0	13.88149134
0.1	15.47936085
0.2	16.5969818
0.3	17.44480153
0.4	18.46373964
0.5	18.78940733
0.6	18.35490371
0.7	17.54721239
0.8	16.35575575
0.9	14.6366172
1	12.89028705
1.1	10.00710568
1.2	8.52839062
1.3	7.80342758
1.4	6.56826816
1.5	5.8840838
1.6	5.09258256
1.7	5.29551615
1.8	6.32429826
1.9	8.09095193
2	10.56825333
2.1	13.42031789
2.2	17.50243067
2.3	22.59802602
2.4	27.39113145
2.5	29.38607932
2.6	29.11576302
2.7	27.14553117
2.8	27.27971179
2.9	29.57394204
3	31.37324695
3.1	32.06304039
3.2	32.74189381
3.3	33.84881883
3.4	35.53344758
3.5	36.89146828
3.6	37.27810128
3.7	38.55209399
3.8	40.43398657
3.9	41.65104445
4	43.19116016
4.1	45.10795437
4.2	48.43482275
4.3	51.66927283
4.4	53.9509818
4.5	55.18613963
4.6	55.39104539
4.7	55.33579274
4.8	56.57952946
4.9	57.54041407
5	57.88404775
5.1	58.14072891
5.2	59.26819728
5.3	60.10483332
5.4	61.68446118
5.5	63.20632797
5.6	62.9643058
5.7	60.75330401
5.8	57.67046644
5.9	57.51541061
6	59.37021077
6.1	60.89149386
6.2	61.18149096
6.3	61.20691268
6.4	60.34468513
6.5	56.64472442
6.6	56.45734869
6.7	59.28420171
6.8	59.91213726
6.9	59.28094523
7	59.23803824
7.1	58.49677913
7.2	59.02001591
7.3	59.71549895
7.4	58.74465447
7.5	58.57213072
7.6	58.22876685
7.7	59.62722423
7.8	60.92456803
7.9	60.03777591
8	60.22749269
8.1	60.16487316
8.2	60.33375053
8.3	60.7880743
8.4	62.57686597
8.5	65.03824119
8.6	65.26583979
8.7	63.17957613
8.8	61.2531767
8.9	59.3438819
9	57.45762506
9.1	56.06034739
9.2	55.45138228
9.3	56.28087586
9.4	58.74519222
9.5	61.16359812
9.6	61.84138131
9.7	62.23509794
9.8	61.31210752
9.9	61.96960531
10	61.81206195
10.1	61.19548752
10.2	60.95591209
10.3	60.18559361
10.4	59.35453002
10.5	58.63083823
10.6	58.13010501
10.7	59.25015092
10.8	60.24974696
10.9	61.16239068
11	60.96293049
11.1	59.84558377
11.2	58.40902979
11.3	59.50103067
11.4	59.31884598
11.5	56.76009847
11.6	54.11941478
11.7	51.90771599
11.8	51.70600974
11.9	50.16875457
12	47.69980283
12.1	45.90219942
12.2	45.12769973
12.3	46.57374382
12.4	49.48719478
12.5	50.39531959
12.6	50.61784704
12.7	51.61594171
12.8	52.99756742
12.9	54.54177768
13	54.48906542
13.1	53.83234766
13.2	54.12828418
13.3	54.48509974
13.4	53.65651514
13.5	53.32479451
13.6	51.51762287
13.7	50.47218954
13.8	50.44053053
13.9	50.64048059
14	51.16368099
14.1	51.77035347
14.2	52.44582567
14.3	53.11399062
14.4	51.55350635
14.5	51.04576359
14.6	51.919537
14.7	52.78322214
14.8	52.75555864
14.9	52.27689382
15	51.8243349
15.1	52.36444087
15.2	53.62364511
15.3	54.23547454
15.4	54.8747028
15.5	55.04477612
15.6	54.86279403
15.7	55.19618495
15.8	55.43325538
15.9	56.15581653
16	56.02903114
16.1	55.88053568
16.2	56.58070891
16.3	59.22807696
16.4	60.57215098
16.5	59.33224334
16.6	58.85637007
16.7	55.86988432
16.8	54.04192095
16.9	54.47120237
17	53.95462465
17.1	53.58234947
17.2	54.03911691
17.3	54.10401796
17.4	54.59227883
17.5	54.42707583
17.6	53.29681409
17.7	52.9802821
17.8	51.32310712
17.9	50.54015061
18	51.48274054
18.1	51.88186128
18.2	53.13824906
18.3	53.77581729
18.4	54.21186427
18.5	52.72206781
18.6	51.03179796
18.7	51.5848656
18.8	51.96080733
18.9	52.5696011
19	54.00691945
19.1	55.23029944
19.2	55.82155066
19.3	55.7637392
19.4	54.58730061
19.5	55.02596367
19.6	56.28108631
19.7	56.0238522
19.8	55.62200876
19.9	56.16745273
20	55.99094546
20.1	54.32483777
20.2	53.18234824
20.3	53.65637349
20.4	54.04229147
20.5	52.06385214
20.6	50.5299397
20.7	50.99469863
20.8	50.53858319
20.9	50.92962625
21	51.75955919
21.1	52.26805717
21.2	53.98676252
21.3	54.56067496
21.4	52.96210004
21.5	51.37874781
21.6	50.62241755
21.7	50.22175213
21.8	50.00814039
21.9	51.80853322
22	54.07846734
22.1	54.37345084
22.2	53.2127737
22.3	51.45768653
22.4	51.10267343
22.5	51.70917974
22.6	50.73130871
22.7	50.54498919
22.8	51.09210904
22.9	51.55221525
23	51.40773251
23.1	50.45465517
23.2	51.46553537
23.3	52.26679111
23.4	52.48662907
23.5	51.76785293
23.6	51.9277822
23.7	52.82717399
23.8	53.62254745
23.9	54.34086065
24	54.21048538
24.1	53.4088306
24.2	53.56698114
24.3	53.2538511
24.4	54.32228166
24.5	56.02411793
24.6	57.98764081
24.7	55.01030772
24.8	50.39900794
24.9	49.60238089
25	50.61821599
25.1	52.65984708
25.2	54.4578347
25.3	55.53801275
25.4	55.43810694
25.5	54.62060613
25.6	53.17967162
25.7	52.54176658
25.8	52.91826292
25.9	52.46683139
26	52.22381788
26.1	51.44519488
26.2	52.13992809
26.3	52.41147353
26.4	52.01729816
26.5	53.06275408
26.6	54.4472942
26.7	54.79809653
26.8	54.83635086
26.9	54.66324879
27	53.65622626
27.1	51.89950927
27.2	50.06456848
27.3	49.86971561
27.4	50.77123928
27.5	52.62928175
27.6	53.45848798
27.7	52.25205733
27.8	51.03732849
27.9	50.45034833
28	50.09077647
28.1	49.18370045
28.2	49.06704803
28.3	49.62507262
28.4	50.69018828
28.5	51.73066865
28.6	52.59860427
28.7	53.27188546
28.8	53.39737297
28.9	54.03794299
29	55.1212477
29.1	56.50016345
29.2	57.42924971
29.3	58.09341666
29.4	58.01049723
29.5	55.75064535
29.6	53.4827158
29.7	53.8423214
29.8	55.5029351
29.9	56.5565306
30	57.15009725
30.1	57.45314013
30.2	57.81828862
30.3	57.6278221
30.4	57.80486091
30.5	57.06899836
30.6	56.2347981
30.7	56.2887529
30.8	56.64334894
30.9	57.07586818
31	55.44226304
31.1	53.91607921
31.2	52.03345954
31.3	51.01845419
31.4	51.72757824
31.5	51.19578357
31.6	49.26623641
31.7	50.14366594
31.8	50.00377026
31.9	50.76746765
32	52.41635422
32.1	53.60912331
32.2	54.93446963
32.3	57.3825655
32.4	58.68849463
32.5	57.04091891
32.6	55.24220359
32.7	56.31207129
32.8	58.97276595
32.9	62.15453842
33	65.49375902
33.1	67.60226757
33.2	66.75266452
33.3	66.99504795
33.4	67.53850428
33.5	68.91889796
33.6	70.04533237
33.7	69.00966098
33.8	66.45684442
33.9	65.15168806
34	63.61544422
34.1	64.28157715
34.2	64.43247199
34.3	63.92262224
34.4	64.52664839
34.5	66.43070318
34.6	69.46169252
34.7	71.8226854
34.8	70.74173177
34.9	70.24420588
35	72.2200726
35.1	74.72670224
35.2	78.40327221
35.3	81.13946463
35.4	80.80271289
35.5	76.87980808
35.6	76.00206718
35.7	77.2937143
35.8	76.9521452
35.9	77.24619238
36	77.48523542
36.1	77.99562386
36.2	79.28188432
36.3	81.59683159
36.4	83.4315641
36.5	80.0092525
36.6	77.73877429
36.7	78.50280472
36.8	81.39170552
36.9	78.92105811
37	77.10145323
37.1	76.10907435
37.2	78.2918477
37.3	79.019559
37.4	80.12149405
37.5	82.0565151
37.6	81.93591178
37.7	80.11560956
37.8	76.70124902
37.9	76.07881621
38	77.22575316
38.1	79.34222684
38.2	81.17932732
38.3	81.78333282
38.4	81.36473532
38.5	80.22429049
38.6	80.95148669
38.7	82.49145639
38.8	84.46696503
38.9	86.39673808
39	86.17397069
39.1	83.81734248
39.2	82.37563077
39.3	79.52823881
39.4	77.94622342
39.5	77.10482573
39.6	78.41447572
39.7	81.7928463
39.8	85.07305538
39.9	86.276554
40	83.91523182
40.1	81.65197888
40.2	80.39454243
40.3	79.81401751
40.4	80.52026486
40.5	79.54185562
40.6	78.75993214
40.7	76.54481097
40.8	75.33846149
40.9	76.85039374
41	78.88095845
41.1	79.67885684
41.2	78.1766725
41.3	78.43086563
41.4	78.01345942
41.5	75.77826678
41.6	75.0059605
41.7	77.53005112
41.8	80.60388251
41.9	80.51859525
42	79.05834048
42.1	77.17362601
42.2	77.7767388
42.3	79.19089626
42.4	79.3686616
42.5	79.3257922
42.6	76.38820833
42.7	76.70170395
42.8	80.92778554
42.9	82.520023
43	81.73356811
43.1	80.63519941
43.2	80.47771589
43.3	79.03023135
43.4	77.92917055
43.5	77.57582667
43.6	78.44774643
43.7	78.25540068
43.8	77.20454444
43.9	75.90336514
44	74.77275042
44.1	76.53205955
44.2	80.87602365
44.3	83.78360433
44.4	83.43976097
44.5	83.36499537
44.6	83.33358248
44.7	82.97530354
44.8	81.97898531
44.9	80.14740336
45	80.44189115
45.1	80.93997045
45.2	81.22498082
45.3	79.73443611
45.4	78.94690765
45.5	78.96122321
45.6	76.38663746
45.7	75.96670344
45.8	77.67114362
45.9	78.9757733
46	80.18043845
46.1	80.53163534
46.2	80.35296177
46.3	79.39313874
46.4	78.59717286
46.5	79.39449626
46.6	80.33326546
46.7	79.58605971
46.8	79.06666353
46.9	78.63187077
47	78.27163812
47.1	78.12189084
47.2	77.10216375
47.3	75.40166647
47.4	74.8951164
47.5	75.38648369
47.6	74.95140903
47.7	74.97043184
47.8	75.05310109
47.9	75.40074277
48	74.53717987
48.1	73.29583332
48.2	74.58995233
48.3	75.39340389
48.4	75.59877838
48.5	75.64791195
48.6	76.23572102
48.7	78.65418314
48.8	80.7001963
48.9	81.31200536
49	80.85371803
49.1	80.70733395
49.2	81.00177098
49.3	79.32524069
49.4	78.28580724
49.5	77.01674961
49.6	76.98881772
49.7	78.19702332
49.8	79.18105055
49.9	78.57543267
50	77.12375582
50.1	75.7562117
50.2	74.70953583
50.3	75.1002789
50.4	78.05057065
50.5	80.71603221
50.6	80.33832395
50.7	77.17466494
50.8	74.77063335
50.9	71.93110849
51	70.79135547
51.1	70.86172103
51.2	71.59935998
51.3	74.19797035
51.4	74.82080457
51.5	76.66204461
51.6	78.34903814
51.7	77.64787442
51.8	76.17317492
51.9	75.0176538
52	76.27710546
52.1	77.01437727
52.2	74.05815704
52.3	74.49674356
52.4	77.30921794
52.5	77.74910341
52.6	74.59284899
52.7	74.66895624
52.8	77.13326278
52.9	77.06786029
53	76.88552975
53.1	76.41263011
53.2	76.00564521
53.3	75.83337371
53.4	75.56519007
53.5	75.55050353
53.6	76.88092452
53.7	77.47518053
53.8	78.25157402
53.9	81.03258974
54	81.83562709
54.1	80.10931781
54.2	80.80236244
54.3	80.2836117
54.4	79.62803851
54.5	80.14605852
54.6	80.12777158
54.7	80.27150499
54.8	81.18161837
54.9	81.91340194
55	81.65723473
55.1	80.53157496
55.2	79.19541665
55.3	78.79602096
55.4	78.80757979
55.5	77.63430541
55.6	75.97245663
55.7	76.66646143
55.8	76.82722486
55.9	77.52943104
56	76.20414315
56.1	76.19088351
56.2	76.96044777
56.3	76.80422787
56.4	77.11620646
56.5	78.65763537
56.6	81.30330685
56.7	82.90631362
56.8	81.97923878
56.9	80.22831186
57	79.62369219
57.1	80.06601016
57.2	81.15712371
57.3	81.05971175
57.4	79.20916548
57.5	77.04197783
57.6	74.36728011
57.7	70.78075698
57.8	70.43555581
57.9	73.89628316
58	74.95812232
58.1	74.49653249
58.2	73.6210052
58.3	74.34546327
58.4	74.81075041
58.5	74.49572255
58.6	73.0429804
58.7	74.46082974
58.8	76.76993366
58.9	77.82845112
59	79.37650444
59.1	80.3973384
59.2	78.47071098
59.3	76.02050776
59.4	76.34435652
59.5	76.73310339
59.6	75.83846284
59.7	74.78193619
59.8	75.53992288
59.9	75.04679132
60	74.74286235
60.1	75.01541031
60.2	74.02438572
60.3	73.15848016
60.4	72.98797289
60.5	73.81491555
60.6	73.75287046
60.7	76.85365469
60.8	81.95161729
60.9	84.60865049
61	84.88078477
61.1	82.14700413
61.2	77.59450969
61.3	73.99783261
61.4	73.95198373
61.5	75.28004149
61.6	76.89870412
61.7	79.45094168
61.8	79.33957938
61.9	78.56857333
62	77.87572109
62.1	77.36550633
62.2	75.89550638
62.3	75.78243575
62.4	76.7670738
62.5	77.41067638
62.6	77.75287505
62.7	79.02973563
62.8	81.27891353
62.9	80.42492164
63	80.3076152
63.1	81.57023519
63.2	81.70344448
63.3	78.65742151
63.4	75.50921744
63.5	73.67266271
63.6	73.75333917
63.7	77.13731223
63.8	77.69146604
63.9	79.57811806
64	82.09398134
64.1	84.44157404
64.2	84.73826229
64.3	81.11527813
64.4	78.88582415
64.5	77.84650071
64.6	79.25467299
64.7	79.42318933
64.8	76.72862791
64.9	75.77793287
65	74.59226033
65.1	74.0812624
65.2	73.84656882
65.3	75.6110297
65.4	76.12536465
65.5	78.34683982
65.6	80.58963154
65.7	80.67497416
65.8	77.82084613
65.9	77.64801095
66	77.94281449
66.1	77.37467628
66.2	75.73121638
66.3	75.30455927
66.4	76.37220729
66.5	78.33074992
66.6	79.72691351
66.7	81.32921645
66.8	83.64776622
66.9	84.60719775
67	84.7329638
67.1	86.54711952
67.2	87.87048049
67.3	88.61148924
67.4	91.34451163
67.5	94.20219009
67.6	95.46523138
67.7	94.82338131
67.8	91.78169304
67.9	88.4531241
68	91.20408254
68.1	96.28693457
68.2	99.0294724
68.3	97.32735746
68.4	96.74529844
68.5	95.99677085
68.6	92.26528968
68.7	88.1134645
68.8	85.46438722
68.9	82.65114202
69	80.75790266
69.1	80.88662138
69.2	81.29561733
69.3	80.72145691
69.4	79.63378701
69.5	80.59072206
69.6	81.40725586
69.7	81.70964858
69.8	82.42290877
69.9	82.89652389
70	82.52640094
70.1	80.55261108
70.2	80.87359841
70.3	83.61817448
70.4	84.69256482
70.5	86.59692266
70.6	86.38696713
70.7	85.36386394
70.8	85.40361184
70.9	86.89723709
71	87.71592225
71.1	87.65459069
71.2	89.22506951
71.3	90.88295924
71.4	91.90605714
71.5	91.32757752
71.6	88.32994643
71.7	85.30389471
71.8	85.6674492
71.9	83.45742254
72	81.85219318
72.1	83.94166616
72.2	84.7767848
72.3	85.30153872
72.4	85.93454921
72.5	86.02928892
72.6	85.56008034
72.7	86.1822836
72.8	86.21221483
72.9	86.17408341
73	85.65741024
73.1	87.66845885
73.2	87.6248242
73.3	86.87219476
73.4	86.4829172
73.5	87.62552273
73.6	89.27224842
73.7	90.66189046
73.8	90.89786766
73.9	90.135031
74	90.15825458
74.1	92.75150342
74.2	96.30566805
74.3	97.67013294
74.4	98.25133469
74.5	98.50129315
74.6	96.19074773
74.7	95.12775288
74.8	94.68396365
74.9	95.7815007
75	94.80960483
75.1	93.52281533
75.2	91.82461432
75.3	91.75057008
75.4	92.91505342
75.5	92.16778559
75.6	91.99006511
75.7	91.36475946
75.8	90.94504265
75.9	91.69573235
76	93.06956262
76.1	94.85318726
76.2	96.80312772
76.3	98.02142975
76.4	96.85069413
76.5	91.74796821
76.6	87.52267736
76.7	85.41547337
76.8	83.07320785
76.9	83.52302937
77	84.38381963
77.1	84.44612832
77.2	84.779886
77.3	85.09589005
77.4	81.86550995
77.5	76.65253982
77.6	73.79548648
77.7	73.59541101
77.8	72.96528408
77.9	74.42618737
78	77.29457114
78.1	78.85572734
78.2	77.97843534
78.3	74.22934918
78.4	70.82898796
78.5	72.34758827
78.6	74.59135978
78.7	74.81199044
78.8	75.49250912
78.9	76.8507268
79	78.54121645
79.1	80.18055456
79.2	81.62900644
79.3	82.23682317
79.4	80.99387482
79.5	81.13276026
79.6	81.30196597
79.7	80.41558126
79.8	78.57441705
79.9	78.37808256
80	79.00728868
80.1	80.15716896
80.2	79.62012192
80.3	79.1171127
80.4	81.03648422
80.5	83.57820795
80.6	85.74059216
80.7	86.64610046
80.8	86.42940082
80.9	86.06731685
81	85.540094
81.1	83.57459428
81.2	82.85267133
81.3	81.5538381
81.4	80.02915568
81.5	78.73987587
81.6	77.95339182
81.7	77.20471692
81.8	78.07471937
81.9	78.2644526
82	78.23910678
82.1	79.15474856
82.2	79.57821315
82.3	79.61225829
82.4	80.07736146
82.5	81.64729745
82.6	84.34809303
82.7	87.14209177
82.8	87.36855889
82.9	86.6228581
83	86.64266392
83.1	86.12877725
83.2	85.97793731
83.3	86.92321308
83.4	88.63197609
83.5	90.71481849
83.6	91.66562878
83.7	92.27666722
83.8	93.28332963
83.9	92.35933004
84	91.81110789
84.1	90.62009407
84.2	88.53939057
84.3	87.3975463
84.4	86.91904682
84.5	87.21632816
84.6	86.4919195
84.7	84.68642961
84.8	84.34249127
84.9	85.81498251
85	87.92737697
85.1	89.75912323
85.2	89.60747849
85.3	88.34073149
85.4	86.15301543
85.5	85.1784177
85.6	85.73038662
85.7	87.59579809
85.8	86.9951625
85.9	87.18783127
86	87.02641976
86.1	85.47107038
86.2	86.14436372
86.3	88.84742438
86.4	89.65757141
86.5	89.84528446
86.6	92.77003672
86.7	95.31716802
86.8	94.58944603
86.9	92.26361177
87	91.49113467
87.1	94.24527285
87.2	95.75186897
87.3	94.08324473
87.4	91.0551165
87.5	86.91917875
87.6	82.99694904
87.7	82.10395734
87.8	86.59943614
87.9	89.39895335
88	89.92626746
88.1	86.60676479
88.2	83.50649322
88.3	81.06805946
88.4	79.82650217
88.5	79.75750396
88.6	80.41118688
88.7	83.09715005
88.8	84.49222633
88.9	84.04415622
89	81.71626627
89.1	79.64414634
89.2	78.56301932
89.3	77.78886254
89.4	77.14953111
89.5	76.19033354
89.6	77.41715671
89.7	79.08173567
89.8	81.10544049
89.9	81.34748944
90	79.14267461
90.1	77.46415383
90.2	78.65190492
90.3	82.55421156
90.4	84.1119456
90.5	82.82398051
90.6	84.33911803
90.7	85.63798231
90.8	84.28732321
90.9	82.48086327
91	80.12949155
91.1	77.63551597
91.2	74.75599519
91.3	73.76895819
91.4	75.48536783
91.5	76.58635088
91.6	77.27796468
91.7	78.77912179
91.8	79.97419261
91.9	79.84056635
92	78.76629351
92.1	78.97650987
92.2	79.7388604
92.3	81.17265161
92.4	82.99185426
92.5	84.93048644
92.6	86.40074671
92.7	85.82747124
92.8	84.31773178
92.9	82.08993018
93	80.12723596
93.1	79.42155531
93.2	80.89117691
93.3	82.57305334
93.4	82.80707713
93.5	82.68815296
93.6	82.37689578
93.7	80.59149277
93.8	79.91252935
93.9	81.18175147
94	82.21375779
94.1	82.55227264
94.2	82.15062606
94.3	81.31577318
94.4	78.86860653
94.5	75.96955318
94.6	74.22676499
94.7	72.82381016
94.8	71.62666365
94.9	72.69391332
95	72.49187131
95.1	72.06166871
95.2	74.79971607
95.3	78.61414488
95.4	81.53283727
95.5	82.55861997
95.6	84.59498429
95.7	85.98826951
95.8	86.2126963
95.9	86.91242419
96	86.66873931
96.1	84.77103258
96.2	83.51036033
96.3	82.10338199
96.4	80.95335663
96.5	82.48930373
96.6	84.68321618
96.7	85.36052173
96.8	86.29714708
96.9	89.43559662
97	91.11412646
97.1	91.46248499
97.2	91.117387
97.3	90.25865396
97.4	90.14483615
97.5	91.17001927
97.6	92.15494785
97.7	92.69598475
97.8	92.24703512
97.9	91.79761845
98	93.14742375
98.1	92.88930067
98.2	91.44951965
98.3	91.83512713
98.4	92.4262192
98.5	93.33943353
98.6	93.16848104
98.7	88.81447963
98.8	85.26972066
98.9	84.73286187
99	85.84483324
99.1	86.78491363
99.2	87.41556142
99.3	87.038782
99.4	87.86698496
99.5	88.15005148
99.6	88.43813628
99.7	87.41873742
99.8	87.44744432
99.9	88.2136183
100	88.11678774
100.1	87.04176614
100.2	86.84904982
100.3	87.60484151
100.4	87.72220976
100.5	85.91744947
100.6	85.28833456
100.7	88.1344938
100.8	90.09866889
100.9	91.16333456
101	92.62664051
101.1	94.16276371
101.2	93.94910337
101.3	90.25058722
101.4	86.94889111
101.5	86.0659809
101.6	87.75318453
101.7	89.6147589
101.8	90.99575876
101.9	92.36409593
102	92.3494255
102.1	90.8001482
102.2	88.94120813
102.3	87.41815062
102.4	86.55868079
102.5	86.69608969
102.6	88.6491678
102.7	89.97147138
102.8	89.49590183
102.9	87.51528977
103	86.88032054
103.1	87.44779262
103.2	88.28120432
103.3	88.81654984
103.4	87.53255398
103.5	85.59156276
103.6	83.52308485
103.7	82.88699981
103.8	83.36107796
103.9	85.30587814
104	86.2462295
104.1	86.81902033
104.2	87.58978141
104.3	88.53703565
104.4	87.31582264
104.5	86.63210138
104.6	85.984244
104.7	85.89924989
104.8	85.75723554
104.9	85.62789281
105	85.77236538
105.1	85.17315626
105.2	84.9636465
105.3	85.04987383
105.4	83.68528699
105.5	82.97124242
105.6	83.63915804
105.7	84.62519105
105.8	86.32616873
105.9	84.66764258
106	81.40298516
106.1	78.71759496
106.2	79.08097972
106.3	79.58581602
106.4	79.82576903
106.5	80.04506999
106.6	81.12729188
106.7	83.34906797
106.8	84.74083607
106.9	84.96464038
107	85.56762947
107.1	86.63184461
107.2	86.30727448
107.3	83.84696851
107.4	83.20332292
107.5	84.95338137
107.6	84.57328181
107.7	83.58138594
107.8	85.22020538
107.9	86.87711381
108	86.28610898
108.1	85.96905782
108.2	88.03234896
108.3	89.96279992
108.4	90.4955523
108.5	90.37425522
108.6	89.6238883
108.7	86.91266653
108.8	84.77756802
108.9	83.35007876
109	83.28165105
109.1	85.19270258
109.2	87.56481209
109.3	89.92558417
109.4	90.34468874
109.5	87.27812471
109.6	84.08829611
109.7	84.58470961
109.8	87.7854221
109.9	89.84123015
110	89.98618714
110.1	88.86525041
110.2	86.57450023
110.3	86.5401916
110.4	86.47292905
110.5	84.61953453
110.6	83.37549235
110.7	82.51193562
110.8	84.56135063
110.9	87.26096406
111	87.58315038
111.1	87.23496106
111.2	88.24557665
111.3	90.13394041
111.4	89.41392345
111.5	86.94605369
111.6	86.25204823
111.7	87.01797574
111.8	86.00619031
111.9	86.30391248
112	87.3944283
112.1	88.62208673
112.2	87.63522406
112.3	85.22494693
112.4	84.7245689
112.5	85.85927105
112.6	85.97986696
112.7	83.96341997
112.8	83.83829707
112.9	85.95235614
113	87.27056143
113.1	87.53468029
113.2	85.12878956
113.3	82.31318517
113.4	81.6934728
113.5	81.14787569
113.6	79.66981716
113.7	78.49379018
113.8	76.39071223
113.9	74.5692618
114	75.0394715
114.1	76.3598913
114.2	79.39711283
114.3	82.51813283
114.4	83.73594096
114.5	81.52159404
114.6	78.56206866
114.7	75.98186715
114.8	76.69549558
114.9	78.20256491
115	77.94502005
115.1	79.69850108
115.2	80.62936196
115.3	81.51191639
115.4	81.38051225
115.5	79.66966256
115.6	79.71278683
115.7	80.49578187
115.8	81.83290571
115.9	82.20272165
116	82.16248671
116.1	81.39866503
116.2	81.27953976
116.3	78.31771017
116.4	77.01230598
116.5	77.34379236
116.6	76.05429701
116.7	74.30457316
116.8	73.57737723
116.9	73.42870411
117	74.00475263
117.1	74.96757644
117.2	75.82841282
117.3	77.6479217
117.4	81.40511955
117.5	83.50179867
117.6	82.55842494
117.7	79.81234888
117.8	78.12978828
117.9	78.76482016
118	78.9905295
118.1	79.44677346
118.2	80.88680762
118.3	82.96423908
118.4	82.71443833
118.5	83.79367743
118.6	86.99011215
118.7	88.74474577
118.8	92.24341479
118.9	97.45524707
119	99.53045721
119.1	93.33267598
119.2	85.48407592
119.3	80.3345331
119.4	80.54963345
119.5	87.33856865
119.6	92.33356618
119.7	99.96382291
119.8	107.55602255
119.9	111.61134259
120	115.7918801
120.1	116.09555228
120.2	106.91169511
120.3	99.55244329
120.4	91.96842805
120.5	88.45031361
120.6	88.95205241
120.7	90.19177793
120.8	90.79321154
120.9	91.45463913
121	91.21525202
121.1	87.45760579
121.2	85.14766446
121.3	86.78863975
121.4	89.09019679
121.5	90.74322585
121.6	91.86026026
121.7	91.64626023
121.8	92.87250346
121.9	91.33871375
122	90.4908626
122.1	89.05331884
122.2	87.24472321
122.3	85.53756466
122.4	85.16995322
122.5	86.27630829
122.6	87.16322476
122.7	86.49500313
122.8	85.38123142
122.9	83.41367527
123	81.70218155
123.1	80.11355285
123.2	79.17463446
123.3	80.42640261
123.4	81.98387074
123.5	83.91216907
123.6	87.10439032
123.7	87.90109325
123.8	87.33700347
123.9	85.56765936
124	83.33723339
124.1	81.51387571
124.2	79.74441519
124.3	79.38127678
124.4	80.80946518
124.5	85.24034047
124.6	87.53415206
124.7	86.3314908
124.8	83.92527242
124.9	81.57433154
125	80.59123399
125.1	80.96542589
125.2	81.78134005
125.3	81.70142996
125.4	79.67644205
125.5	79.13329672
125.6	79.06684709
125.7	79.62990771
125.8	81.26080271
125.9	84.23891871
126	87.47210042
126.1	90.75841351
126.2	92.58309689
126.3	91.21820911
126.4	88.8420228
126.5	86.69533872
126.6	85.88966207
126.7	86.11117896
126.8	85.9774566
126.9	83.58927132
127	81.2965636
127.1	82.33703904
127.2	83.72813271
127.3	84.54880022
127.4	84.99573972
127.5	85.32785359
127.6	86.30336291
127.7	86.69260466
127.8	86.67898287
127.9	88.12741587
128	89.51692285
128.1	89.83121905
128.2	88.43127477
128.3	86.53576301
128.4	87.04029545
128.5	87.08005512
128.6	87.39700646
128.7	87.37567598
128.8	88.47947537
128.9	89.78599615
129	93.04495152
129.1	96.54957519
129.2	96.96836173
129.3	95.72501637
129.4	92.76607603
129.5	91.32749412
129.6	88.49672183
129.7	85.29916381
129.8	84.13736623
129.9	84.25637879
130	85.96727684
130.1	86.30893175
130.2	85.16965952
130.3	84.98243892
130.4	86.56958981
130.5	90.87858363
130.6	94.25609628
130.7	94.95117754
130.8	93.89092396
130.9	90.49746404
131	88.50181038
131.1	89.06325259
131.2	89.76203432
131.3	88.71477923
131.4	85.21093922
131.5	85.58444255
131.6	87.41877624
131.7	88.79321868
131.8	87.11787292
131.9	85.47183747
132	84.90888462
132.1	83.78331891
132.2	83.38313303
132.3	83.65991414
132.4	84.54584239
132.5	87.17776681
132.6	89.08727342
132.7	90.49725761
132.8	91.12486674
132.9	90.72400982
133	91.02360817
133.1	91.9428156
133.2	92.8221699
133.3	93.38321952
133.4	92.20724676
133.5	92.05728135
133.6	92.85844783
133.7	92.54832194
133.8	91.39557367
133.9	90.34895336
134	90.07507956
134.1	89.09108294
134.2	88.34879389
134.3	88.41528837
134.4	86.63080595
134.5	84.55749949
134.6	82.54186169
134.7	81.87582266
134.8	87.02198351
134.9	89.71526494
135	91.64224965
135.1	93.48225703
135.2	96.07778956
135.3	96.79686443
135.4	93.81333466
135.5	92.06488404
135.6	92.1978164
135.7	92.03190504
135.8	91.09139459
135.9	88.44086093
136	87.36226101
136.1	89.67756761
136.2	91.95371205
136.3	92.1826995
136.4	91.5454177
136.5	88.50014868
136.6	84.67559768
136.7	83.34742552
136.8	84.36671931
136.9	86.76237829
137	88.21757993
137.1	88.00886035
137.2	87.18563551
137.3	88.34632957
137.4	89.52662044
137.5	89.58532747
137.6	88.74013653
137.7	87.30584134
137.8	84.93067658
137.9	84.2067364
138	85.19181574
138.1	85.01706967
138.2	86.81014039
138.3	86.41742441
138.4	84.33745203
138.5	84.34153134
138.6	87.71896537
138.7	90.29581085
138.8	90.41497798
138.9	90.20865724
139	89.86818055
139.1	90.28656308
139.2	89.69871766
139.3	88.39354689
139.4	89.38969102
139.5	89.99403298
139.6	91.89398852
139.7	92.535585
139.8	90.98685498
139.9	90.98659443
140	91.00470648
140.1	91.07401189
140.2	91.18512484
140.3	90.93913676
140.4	89.66003808
140.5	87.63485048
140.6	85.56461012
140.7	84.54099986
140.8	82.94500766
140.9	81.68112683
141	82.97471763
141.1	84.62798669
141.2	85.07221463
141.3	86.72316227
141.4	89.35450593
141.5	89.96912663
141.6	92.0839455
141.7	93.50712992
141.8	93.57822707
141.9	93.05876561
142	92.45144615
142.1	91.70832043
142.2	90.74915704
142.3	91.25248186
142.4	90.97210185
142.5	91.85693582
142.6	93.82385767
142.7	93.46166481
142.8	91.41664902
142.9	90.86073128
143	89.76993322
143.1	86.91284752
143.2	85.58992862
143.3	86.60960566
143.4	88.48986062
143.5	89.31752117
143.6	87.0846203
143.7	86.30652268
143.8	85.78873097
143.9	85.0962123
144	83.50816369
144.1	83.11436072
144.2	85.90550939
144.3	89.16979415
144.4	89.46640333
144.5	88.58522965
144.6	89.20358809
144.7	89.82876429
144.8	92.63355737
144.9	96.92115732
145	101.56419377
145.1	102.32868125
145.2	99.21938177
145.3	92.01662152
145.4	85.69947539
145.5	81.54872966
145.6	79.80709028
145.7	80.75589477
145.8	81.742133
145.9	83.86202106
146	86.27083149
146.1	88.0964651
146.2	86.83200066
146.3	87.36198649
146.4	86.088109
146.5	84.56955706
146.6	82.18864333
146.7	80.96976634
146.8	81.66729594
146.9	82.72296914
147	84.18733738
147.1	85.18487388
147.2	85.42968597
147.3	87.31524947
147.4	88.14669816
147.5	88.37414589
147.6	88.49246157
147.7	91.36427407
147.8	95.06711338
147.9	97.64736551
148	97.86903095
148.1	96.31760201
148.2	95.59710982
148.3	97.35205256
148.4	99.78212108
148.5	99.90417067
148.6	97.27017386
148.7	96.70681209
148.8	97.18861294
148.9	97.6240869
149	97.26891482
149.1	96.18378468
149.2	95.15059622
149.3	95.98090105
149.4	96.55596758
149.5	97.18879405
149.6	97.7963343
149.7	96.33917329
149.8	95.36113486
149.9	95.82948604
150	95.92152992
150.1	94.97811705
150.2	92.39265503
150.3	89.48924937
150.4	86.86750776
150.5	85.87759526
150.6	87.07720985
150.7	89.09446481
150.8	90.92269695
150.9	92.33753965
151	92.27145041
151.1	92.03426736
151.2	92.40285948
151.3	92.51957525
151.4	94.26102011
151.5	95.89327957
151.6	96.27315805
151.7	95.64679997
151.8	96.56102486
151.9	97.0985145
152	95.36138503
152.1	93.10346494
152.2	92.24853835
152.3	91.56529099
152.4	92.39228421
152.5	93.18979424
152.6	93.18129284
152.7	92.50606652
152.8	91.10194629
152.9	90.04567006
153	90.47682848
153.1	91.23744817
153.2	93.03337985
153.3	94.92075576
153.4	94.67980572
153.5	91.26188135
153.6	88.67502145
153.7	87.41315901
153.8	88.59529866
153.9	91.8914976
154	94.98946986
154.1	97.41431922
154.2	99.34628857
154.3	100.46377289
154.4	101.90296672
154.5	103.20864641
154.6	102.07709988
154.7	100.22923364
154.8	97.1450011
154.9	94.10805779
155	93.06771875
155.1	91.67090468
155.2	89.79509672
155.3	90.75434315
155.4	92.78426568
155.5	92.17204256
155.6	90.90350953
155.7	91.09315222
155.8	91.2578197
155.9	89.65748113
156	87.89630529
156.1	90.57903831
156.2	93.76204015
156.3	95.96853569
156.4	96.90415347
156.5	95.00348108
156.6	92.26197989
156.7	91.11643432
156.8	90.42735604
156.9	89.86915536
157	91.86860154
157.1	94.58830187
157.2	92.62848078
157.3	88.98915275
157.4	87.60840406
157.5	88.23676003
157.6	89.54117296
157.7	91.37149894
157.8	93.15069765
157.9	93.10024995
158	94.27070204
158.1	95.09981877
158.2	95.10261139
158.3	94.97290572
158.4	95.12437868
158.5	92.58652293
158.6	92.19163297
158.7	91.59895615
158.8	88.72995511
158.9	85.6522367
159	85.37132455
159.1	86.31533296
159.2	88.03195741
159.3	90.30183475
159.4	90.79877964
159.5	87.54958265
159.6	84.09002829
159.7	81.06280448
159.8	78.91276169
159.9	77.55133571
160	78.06822738
160.1	79.58669621
160.2	81.55602912
160.3	85.02754306
160.4	88.89207408
160.5	91.27768719
160.6	93.98936423
160.7	93.79531767
160.8	89.39940187
160.9	87.99346322
161	91.50073628
161.1	93.11135077
161.2	93.82521506
161.3	95.45252837
161.4	96.26476508
161.5	97.81775437
161.6	97.98957891
161.7	95.84311265
161.8	95.04744215
161.9	92.08028442
162	90.53101391
162.1	90.43593843
162.2	89.79407992
162.3	89.54490539
162.4	91.18413423
162.5	93.61309339
162.6	94.45375641
162.7	91.68211977
162.8	88.53426897
162.9	89.10131612
163	92.08222142
163.1	93.67573191
163.2	94.47352148
163.3	94.21162867
163.4	94.71497737
163.5	94.80095385
163.6	95.67017086
163.7	98.85806202
163.8	100.94244706
163.9	98.54385136
164	95.64738008
164.1	98.49625962
164.2	100.76167022
164.3	101.0622506
164.4	99.34903095
164.5	98.33637327
164.6	99.71499707
164.7	99.40907598
164.8	99.21555571
164.9	98.41328169
165	98.58444631
165.1	98.8427104
165.2	96.83266296
165.3	94.20372084
165.4	93.77846309
165.5	95.10531397
165.6	97.31935441
165.7	96.77385408
165.8	95.11112579
165.9	92.51045493
166	90.65191806
166.1	89.90227025
166.2	91.12602482
166.3	92.48055791
166.4	94.88294023
166.5	96.616818
166.6	93.9502311
166.7	91.18848616
166.8	90.81941883
166.9	95.05883534
167	96.74834472
167.1	95.70137689
167.2	92.13418896
167.3	88.2187696
167.4	86.19407426
167.5	85.16349974
167.6	83.58937819
167.7	84.10566914
167.8	85.7658561
167.9	87.61092916
168	90.26399438
168.1	93.13151138
168.2	96.17518254
168.3	96.59026169
168.4	94.61163914
168.5	92.27725735
168.6	90.38249394
168.7	90.99693676
168.8	92.89621438
168.9	94.13645112
169	96.97685381
169.1	100.33925245
169.2	100.44692349
169.3	95.94173507
169.4	92.41389749
169.5	92.04837276
169.6	92.78842634
169.7	93.54210805
169.8	93.06888625
169.9	91.35441427
170	90.37420215
170.1	88.71450672
170.2	87.56299783
170.3	88.88273737
170.4	89.7634354
170.5	90.4225735
170.6	91.07001329
170.7	92.8665784
170.8	96.60969107
170.9	100.27590342
171	102.18970418
171.1	102.73887956
171.2	101.26413147
171.3	99.97951612
171.4	102.01855244
171.5	105.40291454
171.6	108.19244014
171.7	108.18685709
171.8	102.7816303
171.9	98.34379235
172	96.18142141
172.1	93.24326136
172.2	89.83564679
172.3	87.00351451
172.4	84.68092034
172.5	85.34634961
172.6	90.38476972
172.7	94.52726053
172.8	98.01956022
172.9	99.2991287
173	98.02218526
173.1	96.23262769
173.2	94.07352529
173.3	95.01703242
173.4	98.36261403
173.5	101.53356547
173.6	102.40593624
173.7	100.30402204
173.8	99.33962997
173.9	99.81403815
174	101.38513525
174.1	103.49221038
174.2	104.64539499
174.3	102.14355122
174.4	97.83459929
174.5	94.30106821
174.6	92.15481081
174.7	92.82217761
174.8	93.1631841
174.9	95.2715729
175	95.28290365
175.1	91.52525605
175.2	88.96338866
175.3	87.6836698
175.4	89.65806296
175.5	92.20305721
175.6	93.983992
175.7	95.10539983
175.8	96.97774558
175.9	96.89750593
176	97.35387998
176.1	96.88312232
176.2	95.22600657
176.3	93.71999293
176.4	93.23937304
176.5	95.59247884
176.6	96.98260218
176.7	96.23692876
176.8	94.00614211
176.9	92.09876348
177	90.12662975
177.1	86.5272211
177.2	83.05399293
177.3	82.55835634
177.4	83.29279868
177.5	86.00016381
177.6	90.42008831
177.7	93.77308644
177.8	92.82455959
177.9	90.93741447
178	91.27029513
178.1	93.9158709
178.2	96.90983052
178.3	98.27807795
178.4	97.56047134
178.5	94.34351289
178.6	91.20095282
178.7	89.63075495
178.8	91.21797946
178.9	98.37664827
179	104.95504437
179.1	109.23097816
179.2	110.16293926
179.3	109.92695959
179.4	109.28085754
179.5	106.44388496
179.6	103.70431363
179.7	101.11156775
179.8	98.83321168
179.9	98.43783697
180	96.94547666
180.1	95.43648828
180.2	95.56330317
180.3	96.6736426
180.4	97.10544667
180.5	97.3962975
180.6	98.87527115
180.7	100.81254239
180.8	101.15108375
180.9	100.1591365
181	97.33784623
181.1	94.40266406
181.2	91.38320703
181.3	89.84636476
181.4	89.54929175
181.5	88.03306258
181.6	85.8979422
181.7	85.74717701
181.8	87.51672191
181.9	88.52858616
182	89.37714551
182.1	88.9528897
182.2	89.35811359
182.3	93.2130271
182.4	96.73751382
182.5	96.38075938
182.6	92.810283
182.7	91.04317258
182.8	89.78446313
182.9	87.72583376
183	87.26153526
183.1	88.36804013
183.2	92.40800869
183.3	99.7957452
183.4	105.13152703
183.5	108.29557278
183.6	108.93297268
183.7	105.70653409
183.8	100.4285489
183.9	95.22916273
184	92.64083383
184.1	91.62635095
184.2	91.00033752
184.3	90.98710327
184.4	90.5827626
184.5	90.81160704
184.6	91.40647583
184.7	91.94532656
184.8	91.66388345
184.9	92.035692
185	92.99319036
185.1	93.94106229
185.2	94.19117995
185.3	94.32729295
185.4	94.2629542
185.5	95.58326527
185.6	96.44180242
185.7	95.7760184
185.8	95.30674463
185.9	94.58313369
186	94.16676045
186.1	92.91295996
186.2	91.16283286
186.3	91.19876378
186.4	89.42037581
186.5	86.76687946
186.6	85.01434251
186.7	84.25257451
186.8	85.5543327
186.9	89.01323065
187	90.95679914
187.1	92.29183696
187.2	92.45371026
187.3	93.08788327
187.4	93.85650253
187.5	96.43006679
187.6	97.3748448
187.7	95.13920776
187.8	94.21316892
187.9	95.21229102
188	98.11837117
188.1	101.28601492
188.2	102.8469692
188.3	99.80468269
188.4	96.21333069
188.5	93.41523249
188.6	90.92121987
188.7	89.35752174
188.8	87.79976317
188.9	88.0409068
189	90.22147433
189.1	93.23873866
189.2	93.22449473
189.3	91.62970493
189.4	90.90301737
189.5	92.78317104
189.6	95.11351404
189.7	95.39993674
189.8	93.8818381
189.9	93.41863138
190	95.23437133
190.1	97.01530318
190.2	96.39641598
190.3	94.0431932
190.4	93.38605298
190.5	93.12685654
190.6	94.04300211
190.7	97.5791459
190.8	100.38781684
190.9	100.58094006
191	99.2305846
191.1	97.13126913
191.2	96.60694998
191.3	98.74404471
191.4	101.94880593
191.5	102.83595151
191.6	100.39715085
191.7	100.97633655
191.8	100.93633098
191.9	97.52078092
192	96.58141778
192.1	97.67750546
192.2	100.12550765
192.3	100.3960044
192.4	97.43832813
192.5	92.96938268
192.6	90.13581935
192.7	91.19893461
192.8	94.69186049
192.9	96.05655831
193	93.97740699
193.1	91.25389122
193.2	89.16490834
193.3	87.7040768
193.4	87.97863138
193.5	90.43786874
193.6	92.03583724
193.7	91.61490863
193.8	91.97731179
193.9	93.30005792
194	94.07025144
194.1	95.42405655
194.2	96.69050972
194.3	96.87460709
194.4	94.04901871
194.5	90.97673066
194.6	91.60408993
194.7	93.47450307
194.8	91.09474075
194.9	89.64799434
195	88.777057
195.1	90.0965663
195.2	91.88656837
195.3	92.00418065
195.4	93.82606884
195.5	95.7295423
195.6	93.53953339
195.7	94.05244654
195.8	94.61789243
195.9	92.05827374
196	89.09864603
196.1	88.73771977
196.2	92.06588758
196.3	96.01798764
196.4	98.13067317
196.5	99.7667456
196.6	101.54721993
196.7	102.87746896
196.8	99.21053268
196.9	92.57201442
197	89.37575702
197.1	86.9593016
197.2	86.73739004
197.3	89.10011744
197.4	93.38230337
197.5	95.53975085
197.6	94.66482138
197.7	91.51392235
197.8	89.61649823
197.9	89.60038166
198	90.71181563
198.1	93.76916386
198.2	97.48346485
198.3	99.45530614
198.4	100.84628405
198.5	100.71218731
198.6	95.7054669
198.7	89.46867751
198.8	88.90132896
198.9	89.96507076
199	93.01817066
199.1	95.86004496
199.2	97.06513769
199.3	97.19990945
199.4	96.63957639
199.5	96.38291414
199.6	92.44924289
199.7	89.08157695
199.8	86.55030399
199.9	84.69742732
200	84.89008634
200.1	89.09302595
200.2	91.47320782
200.3	94.55166012
200.4	95.55101212
200.5	93.56093326
200.6	91.8711971
200.7	89.69027603
200.8	87.96967967
200.9	87.46213836
201	88.79966211
201.1	92.43888648
201.2	97.65529185
201.3	102.31776375
201.4	105.84578584
201.5	105.35797848
201.6	98.95633289
201.7	90.72469818
201.8	86.40778589
201.9	86.3848054
202	90.51814158
202.1	90.84021505
202.2	89.90220893
202.3	89.1934044
202.4	87.7360922
202.5	86.02435544
202.6	84.5602466
202.7	82.68349853
202.8	82.06772302
202.9	82.5271823
203	83.72334079
203.1	83.28410767
203.2	80.30841826
203.3	79.98733854
203.4	81.79371884
203.5	85.42936474
203.6	88.84440394
203.7	89.77195452
203.8	89.63083467
203.9	87.87662724
204	87.57660857
204.1	86.15976695
204.2	84.75608854
204.3	86.87777386
204.4	86.99008953
204.5	84.22100104
204.6	81.9986847
204.7	80.15326233
204.8	79.34070696
204.9	79.44440753
205	79.37615924
205.1	78.63943538
205.2	77.93150164
205.3	78.57976296
205.4	81.14265506
205.5	83.79476211
205.6	85.33742235
205.7	84.36631496
205.8	82.86374227
205.9	82.96878146
206	82.66725691
206.1	80.94097494
206.2	80.78775588
206.3	83.87949121
206.4	86.388806
206.5	85.94813119
206.6	84.50653154
206.7	84.19488068
206.8	84.59746012
206.9	85.15569369
207	83.67056754
207.1	80.95411758
207.2	80.10183207
207.3	81.55052851
207.4	83.72410267
207.5	87.41477474
207.6	90.226816
207.7	90.75926779
207.8	91.13439276
207.9	90.58188606
208	88.78021093
208.1	86.9738745
208.2	86.47268543
208.3	83.56021273
208.4	79.1113185
208.5	75.98044164
208.6	74.98509725
208.7	75.05070566
208.8	75.82958063
208.9	75.8404021
209	77.27245067
209.1	80.10073702
209.2	83.72976665
209.3	87.14430433
209.4	89.09181706
209.5	91.6749346
209.6	93.34041327
209.7	91.51624042
209.8	88.91804689
209.9	86.86560547
210	85.80263417
210.1	83.87408395
210.2	80.57160066
210.3	78.40032208
210.4	78.58766322
210.5	80.18770494
210.6	82.9744148
210.7	84.11666542
210.8	84.1491721
210.9	82.32989585
211	82.24311434
211.1	85.21615638
211.2	85.33622705
211.3	86.24186616
211.4	88.50131753
211.5	88.49380936
211.6	85.23177772
211.7	82.55261056
211.8	82.6366294
211.9	81.77286244
212	81.17392272
212.1	81.42322477
212.2	83.02966226
212.3	85.38978765
212.4	87.33334351
212.5	86.65297906
212.6	84.75958753
212.7	86.01004292
212.8	89.11099318
212.9	90.92078583
213	89.87949015
213.1	88.07013822
213.2	87.66573165
213.3	90.86691843
213.4	95.80658739
213.5	98.13128106
213.6	97.21986474
213.7	95.5046822
213.8	92.74422588
213.9	92.5193278
214	92.79272734
214.1	92.57277551
214.2	92.71821493
214.3	93.38271913
214.4	93.06219703
214.5	93.78072141
214.6	97.22130664
214.7	99.21972958
214.8	99.56415429
214.9	98.44582577
215	95.48822456
215.1	94.19438864
215.2	94.05498589
215.3	93.0096079
215.4	92.37270819
215.5	92.86975945
215.6	92.97014823
215.7	91.96397568
215.8	92.21237263
215.9	91.4252221
216	90.61226619
216.1	88.61373817
216.2	84.70228715
216.3	84.07840432
216.4	86.48483966
216.5	89.9191664
216.6	91.38194582
216.7	90.03567328
216.8	89.99865069
216.9	90.74814052
217	91.86572597
217.1	93.80288281
217.2	93.85171955
217.3	93.5701759
217.4	91.60878756
217.5	89.90707788
217.6	88.37757877
217.7	86.11576097
217.8	86.5518994
217.9	90.51097185
218	91.23679923
218.1	92.25448486
218.2	93.17214974
218.3	91.36394453
218.4	89.24948761
218.5	89.08531953
218.6	90.02056916
218.7	92.07836837
218.8	93.79602992
218.9	94.08499742
219	92.82336718
219.1	91.19550586
219.2	89.83994548
219.3	88.55719948
219.4	88.56484664
219.5	89.46655655
219.6	88.09005153
219.7	88.44412894
219.8	88.86346127
219.9	87.51558122
220	86.29009564
220.1	85.55141096
220.2	84.28300694
220.3	83.27086112
220.4	84.88647094
220.5	87.50836442
220.6	88.82727841
220.7	89.71705147
220.8	90.47947573
220.9	91.77116027
221	90.98675355
221.1	88.27628331
221.2	86.05516059
221.3	84.46229258
221.4	85.21083367
221.5	88.02666097
221.6	88.78193331
221.7	89.41669382
221.8	90.6525406
221.9	90.6781391
222	87.37954975
222.1	85.54837892
222.2	83.52661156
222.3	84.48207749
222.4	85.61065116
222.5	83.28120785
222.6	81.09613179
222.7	81.97400011
222.8	83.40112972
222.9	82.21792439
223	82.67560497
223.1	85.16180491
223.2	89.93244578
223.3	96.07606484
223.4	100.43279385
223.5	101.3507491
223.6	96.80199226
223.7	88.05612029
223.8	80.95848736
223.9	77.21459954
224	75.7404599
224.1	74.20906894
224.2	73.79162255
224.3	73.28272938
224.4	71.86575248
224.5	67.78062728
224.6	62.68236068
224.7	56.31636299
224.8	49.86784457
224.9	45.7847842
225	45.94736787
225.1	47.45567478
225.2	49.69393704
225.3	51.96512275
225.4	54.24137434
225.5	58.84729579
225.6	65.93455181
225.7	73.7326381
225.8	78.4039525
225.9	81.71232034
226	84.74438809
226.1	87.38459808
226.2	86.46587841
226.3	86.17192219
226.4	85.10948934
226.5	85.97652757
226.6	88.24251252
226.7	88.97932004
226.8	89.55418319
226.9	90.82174147
227	92.61291853
227.1	93.02189225
227.2	92.68944557
227.3	90.48310106
227.4	89.74443771
227.5	91.01745819
227.6	92.93508096
227.7	94.57051109
227.8	95.55797536
227.9	96.89092672
228	97.26100088
228.1	97.56270865
228.2	98.13120966
228.3	98.99677491
228.4	97.71301968
228.5	96.70282952
228.6	97.5023751
228.7	98.59094417
228.8	98.55918628
228.9	97.89607734
229	98.13387615
229.1	99.05129101
229.2	100.31379512
229.3	100.93798943
229.4	100.72974033
229.5	100.58893121
229.6	102.86171776
229.7	103.83789335
229.8	99.75579791
229.9	95.78334337
230	95.43025493
230.1	98.62174618
230.2	103.27007733
230.3	104.78690981
230.4	98.74219349
230.5	95.48024251
230.6	96.45211637
230.7	98.22171161
230.8	98.60685664
230.9	96.46659148
231	92.47718707
231.1	89.06229466
231.2	87.74278788
231.3	88.13231863
231.4	90.89077792
231.5	95.2363173
231.6	98.85145247
231.7	98.74957068
231.8	98.18756924
231.9	100.14224199
232	103.7781468
232.1	104.14332704
232.2	100.54000103
232.3	97.8237581
232.4	95.988159
232.5	94.5825391
232.6	92.45477037
232.7	91.18885757
232.8	91.73129027
232.9	94.87364996
233	98.92797355
233.1	103.33222322
233.2	104.99180933
233.3	104.2271732
233.4	102.47938655
233.5	101.53369729
233.6	99.07732627
233.7	97.91942499
233.8	100.29226909
233.9	102.64744615
234	102.87398726
234.1	101.90083824
234.2	99.94700795
234.3	98.38565923
234.4	95.36286467
234.5	93.69898348
234.6	93.32049376
234.7	93.70888246
234.8	94.88583509
234.9	96.60001579
235	99.80967209
235.1	103.71032171
235.2	107.03555911
235.3	106.62426343
235.4	105.18796421
235.5	102.70864349
235.6	99.23510024
235.7	96.42396566
235.8	96.9996394
235.9	98.41905078
236	98.67931533
236.1	97.30043102
236.2	95.38255849
236.3	96.12026871
236.4	96.11452557
236.5	96.52283822
236.6	98.20810581
236.7	98.58990494
236.8	99.6357281
236.9	101.51195305
237	101.80279872
237.1	101.14746608
237.2	101.08662192
237.3	101.69303107
237.4	102.77746008
237.5	104.77984865
237.6	104.92898682
237.7	103.52278253
237.8	101.55124144
237.9	98.46532945
238	95.65037758
238.1	92.8566565
238.2	91.80549892
238.3	92.49920084
238.4	93.26078759
238.5	94.44992518
238.6	95.03951287
238.7	96.14099071
238.8	95.50289482
238.9	94.57266753
239	96.40327788
239.1	98.0067022
239.2	98.76010445
239.3	97.60152574
239.4	95.17519686
239.5	92.78853376
239.6	93.62989129
239.7	97.02248231
239.8	98.59979464
239.9	97.5851741
240	97.72906463
240.1	97.98750881
240.2	97.09540183
240.3	95.38969467
240.4	94.01499101
240.5	92.30809122
240.6	92.19502401
240.7	93.09574701
240.8	94.10502812
240.9	95.04200898
241	94.34447725
241.1	93.12924315
241.2	93.9124557
241.3	96.25679076
241.4	99.75126997
241.5	102.86682611
241.6	104.75496423
241.7	104.2008371
241.8	104.27928736
241.9	103.65262195
242	103.52970182
242.1	105.71977047
242.2	104.99252023
242.3	103.50996982
242.4	102.98937649
242.5	103.15766149
242.6	100.48794226
242.7	96.23767962
242.8	91.11609948
242.9	87.48443046
243	86.61299709
243.1	90.18615299
243.2	95.24066044
243.3	100.39058596
243.4	104.0550424
243.5	106.4475831
243.6	105.70183119
243.7	102.76693838
243.8	100.33115544
243.9	100.24779849
244	98.64014521
244.1	100.55384731
244.2	104.11372899
244.3	105.80170592
244.4	106.33523019
244.5	105.1989036
244.6	104.0632057
244.7	103.08217776
244.8	103.75024411
244.9	104.47439624
245	104.57613502
245.1	105.1238609
245.2	105.64759096
245.3	105.9017829
245.4	103.96020703
245.5	101.52974998
245.6	103.03277396
245.7	105.26642538
245.8	108.18826527
245.9	108.88103723
246	103.77387281
246.1	100.80792017
246.2	99.49974486
246.3	96.08115802
246.4	94.01270601
246.5	94.81227582
246.6	95.1689008
246.7	96.98438672
246.8	100.54228753
246.9	102.22227086
247	102.68009528
247.1	101.84004446
247.2	100.6189684
247.3	99.69451304
247.4	98.87440863
247.5	99.78000883
247.6	101.36541203
247.7	100.3195855
247.8	99.21407443
247.9	101.14225757
248	102.99830436
248.1	105.11647817
248.2	104.79626674
248.3	102.50739354
248.4	101.31860678
248.5	103.1946927
248.6	103.57741189
248.7	102.39054372
248.8	100.74080798
248.9	98.29729465
249	94.4388704
249.1	89.46348426
249.2	85.69677848
249.3	84.35072474
249.4	83.07391086
249.5	83.25455613
249.6	85.73671977
249.7	88.88082056
249.8	92.79898923
249.9	96.40990824
250	98.68952794
250.1	100.82162144
250.2	102.36740924
250.3	103.51568851
250.4	104.57212472
250.5	105.17670692
250.6	104.73492439
250.7	102.64625379
250.8	100.49273385
250.9	99.30866126
251	97.83753838
251.1	95.37564451
251.2	93.95020097
251.3	94.64773633
251.4	93.71005454
251.5	92.18115902
251.6	91.25967194
251.7	91.55082165
251.8	92.45260251
251.9	92.5309419
252	91.27975125
252.1	91.44867384
252.2	92.85233672
252.3	95.01437333
252.4	95.63621283
252.5	93.66949442
252.6	92.21618866
252.7	92.46984891
252.8	94.2001188
252.9	94.76729557
253	96.06843602
253.1	96.55568401
253.2	95.91234877
253.3	94.67994937
253.4	92.4141918
253.5	90.75413037
253.6	88.47387827
253.7	87.97649608
253.8	87.9678989
253.9	89.88229446
254	92.3949223
254.1	95.51768501
254.2	98.91501855
254.3	101.0640226
254.4	102.34946234
254.5	101.69733361
254.6	98.87627216
254.7	95.84407592
254.8	96.6021971
254.9	98.01060949
255	97.98132773
255.1	98.32094893
255.2	101.13460336
255.3	104.24230105
255.4	104.00036219
255.5	102.01548886
255.6	102.58128626
255.7	105.68941288
255.8	108.59196022
255.9	110.89880241
256	111.93179385
256.1	113.91659168
256.2	115.08793095
256.3	112.32990982
256.4	108.57400108
256.5	106.24520449
256.6	106.12962536
256.7	104.76589539
256.8	103.04370949
256.9	100.11407726
257	97.59182761
257.1	95.73462686
257.2	93.34532338
257.3	92.95164324
257.4	95.11112874
257.5	97.14483559
257.6	96.79276273
257.7	96.52280221
257.8	96.04508672
257.9	95.34651715
258	94.55115617
258.1	95.5321802
258.2	96.4356499
258.3	96.63808865
258.4	96.54029824
258.5	99.07732272
258.6	103.36022258
258.7	105.06220718
258.8	104.10761681
258.9	101.84882212
259	101.00999832
259.1	100.81775542
259.2	101.68149597
259.3	103.53731036
259.4	102.64437315
259.5	100.37901646
259.6	98.56093067
259.7	99.37245752
259.8	98.91425118
259.9	93.58759636
260	92.38844937
260.1	94.04258299
260.2	96.26487857
260.3	97.05172523
260.4	94.69839303
260.5	94.17872137
260.6	95.64972977
260.7	98.09824271
260.8	101.19244697
260.9	102.56674206
261	100.75889526
261.1	97.76034036
261.2	96.56098382
261.3	97.74117268
261.4	98.73636946
261.5	100.16818582
261.6	100.61740268
261.7	99.93661832
261.8	99.41749906
261.9	99.81571401
262	97.80710836
262.1	96.06865674
262.2	97.66724504
262.3	100.74268601
262.4	102.80971021
262.5	101.56039723
262.6	99.3283902
262.7	97.57489496
262.8	97.39740356
262.9	98.4551154
263	98.66132755
263.1	97.11799575
263.2	96.34597261
263.3	98.04886454
263.4	101.21063289
263.5	101.34953182
263.6	98.38114263
263.7	96.4767882
263.8	96.5448756
263.9	97.15784992
264	97.16381195
264.1	96.85444698
264.2	97.31653433
264.3	98.42726578
264.4	99.08673902
264.5	97.62135374
264.6	94.63550148
264.7	91.42900182
264.8	89.14015871
264.9	89.2398842
265	91.41104177
265.1	93.41377939
265.2	95.10834279
265.3	96.6228424
265.4	98.366782
265.5	99.50833081
265.6	101.31820374
265.7	103.89020026
265.8	104.57241001
265.9	102.08379068
266	101.18169704
266.1	99.76115508
266.2	99.31201242
266.3	98.15180047
266.4	98.3251406
266.5	100.02383979
266.6	98.75987707
266.7	97.57714713
266.8	96.26124065
266.9	94.43234355
267	92.22139645
267.1	89.9675044
267.2	90.52800675
267.3	90.97227867
267.4	90.34033008
267.5	90.76075379
267.6	90.02016122
267.7	88.16581527
267.8	88.04073412
267.9	90.9272893
268	93.61720754
268.1	95.87236525
268.2	97.52663885
268.3	99.92251618
268.4	99.12503154
268.5	97.42226325
268.6	97.02297329
268.7	97.63289704
268.8	102.0579125
268.9	106.50788522
269	109.18266961
269.1	107.83408665
269.2	104.89585007
269.3	102.90128655
269.4	104.62136404
269.5	108.29516952
269.6	110.83864179
269.7	107.24048663
269.8	104.44450542
269.9	103.42546792
270	101.99894289
270.1	100.43546415
270.2	97.81397274
270.3	95.17314836
270.4	92.85676428
270.5	92.2388981
270.6	91.23425986
270.7	93.52159256
270.8	98.42164299
270.9	100.78791316
271	99.67910925
271.1	99.11784121
271.2	98.96604046
271.3	98.92407717
271.4	100.27939656
271.5	103.04305123
271.6	106.1808164
271.7	108.04393331
271.8	107.74818355
271.9	106.2303133
272	106.16877877
272.1	105.97285213
272.2	105.37192479
272.3	103.17650765
272.4	96.85785771
272.5	91.60610753
272.6	91.72061558
272.7	95.6647124
272.8	99.01211235
272.9	100.45611838
273	100.61148674
273.1	99.74228878
273.2	97.12502018
273.3	95.20761793
273.4	97.051092
273.5	98.80543311
273.6	99.01850837
273.7	100.46658155
273.8	100.70119786
273.9	100.33034942
274	99.87153831
274.1	100.19073614
274.2	99.86534207
274.3	99.31441156
274.4	98.4969504
274.5	97.69339479
274.6	97.23742785
274.7	98.0193644
274.8	97.21739226
274.9	98.10082772
275	101.43526027
275.1	101.37471869
275.2	100.46625669
275.3	97.81822623
275.4	95.58801064
275.5	96.45273129
275.6	98.4454101
275.7	97.0976747
275.8	96.36540105
275.9	97.75365155
276	96.69271533
276.1	94.0221213
276.2	92.78472506
276.3	92.54487321
276.4	91.14957734
276.5	87.96252792
276.6	85.84006465
276.7	86.83987578
276.8	88.11706366
276.9	89.53608159
277	90.30714658
277.1	90.77889504
277.2	91.23718937
277.3	93.24676865
277.4	95.84983114
277.5	97.6475837
277.6	97.58246924
277.7	98.72226355
277.8	100.67695325
277.9	101.18261054
278	100.89777326
278.1	100.21869889
278.2	100.1984482
278.3	96.91547221
278.4	91.79428142
278.5	88.79227586
278.6	88.76202316
278.7	91.06258385
278.8	96.03557709
278.9	99.8231419
279	100.26133263
279.1	98.78114646
279.2	97.40894037
279.3	97.42190393
279.4	97.77586679
279.5	97.93545102
279.6	99.1790791
279.7	99.37235181
279.8	100.12567339
279.9	102.44238501
280	104.15092307
280.1	104.28989676
280.2	102.42892748
280.3	100.59046687
280.4	98.89955322
280.5	98.13583974
280.6	98.09032689
280.7	94.38096649
280.8	90.57970391
280.9	90.26541325
281	95.81748925
281.1	102.49058848
281.2	107.61733226
281.3	110.47955288
281.4	109.74942743
281.5	106.20405239
281.6	103.740735
281.7	104.66917401
281.8	106.63292819
281.9	108.08722784
282	106.49516866
282.1	103.18593239
282.2	99.07436327
282.3	95.41353368
282.4	92.01780647
282.5	90.76342881
282.6	92.53922104
282.7	95.62545323
282.8	96.90517829
282.9	97.03794859
283	99.3729686
283.1	102.75783744
283.2	104.52717312
283.3	105.8076018
283.4	106.15379947
283.5	106.44284638
283.6	107.32800709
283.7	106.38151814
283.8	103.77566479
283.9	100.53138707
284	98.60697505
284.1	97.58592407
284.2	96.99064874
284.3	96.81393655
284.4	96.47446453
284.5	94.51867626
284.6	92.70946123
284.7	90.79166766
284.8	87.81032749
284.9	87.05951836
285	89.75993662
285.1	92.26497106
285.2	95.3562832
285.3	98.34607115
285.4	99.5522863
285.5	94.8697886
285.6	88.74727393
285.7	86.36988658
285.8	87.20809162
285.9	89.66814342
286	91.97538168
286.1	94.15504803
286.2	96.7360919
286.3	97.32363299
286.4	94.79752716
286.5	92.865845
286.6	92.30309182
286.7	94.2889257
286.8	97.37291809
286.9	95.96982152
287	93.40522626
287.1	89.11169228
287.2	85.61762792
287.3	84.27027459
287.4	86.5921679
287.5	91.01335296
287.6	95.36411647
287.7	98.65964117
287.8	98.71036677
287.9	99.2968407
288	101.31326369
288.1	103.55415841
288.2	102.4597836
288.3	101.37361075
288.4	101.77459194
288.5	102.31848436
288.6	102.85732033
288.7	102.05331015
288.8	101.19759287
288.9	98.22294149
289	95.50792921
289.1	92.40976153
289.2	89.40630042
289.3	86.25389591
289.4	83.94023454
289.5	84.49455367
289.6	85.91373468
289.7	87.01994051
289.8	90.11207409
289.9	94.45215237
290	96.42508474
290.1	97.79290248
290.2	99.74002073
290.3	103.78374342
290.4	103.7575174
290.5	98.17594157
290.6	93.38936571
290.7	89.70138729
290.8	89.01467135
290.9	90.48231838
291	92.05339039
291.1	90.76733595
291.2	91.06368245
291.3	91.98520928
291.4	90.06727651
291.5	87.15716098
291.6	87.45140185
291.7	89.47934785
291.8	89.51607747
291.9	88.39617285
292	88.57769372
292.1	89.27564233
292.2	91.11185154
292.3	95.12478498
292.4	98.8766607
292.5	98.2127086
292.6	91.89468916
292.7	87.95734984
292.8	84.93311936
292.9	82.77945299
293	80.42928924
293.1	77.40743893
293.2	74.31759383
293.3	72.46928795
293.4	75.73760538
293.5	78.89203914
293.6	81.03178963
293.7	82.7989714
293.8	84.55428865
293.9	84.50231573
294	82.99473665
294.1	79.37323049
294.2	77.38914832
294.3	77.48142133
294.4	79.14549054
294.5	81.74218404
294.6	82.57623143
294.7	80.63154721
294.8	76.51338853
294.9	71.4036428
295	65.94359544
295.1	61.23923004
295.2	61.87299431
295.3	64.74751729
295.4	69.15975627
295.5	74.70557013
295.6	80.33481016
295.7	86.75676341
295.8	92.57242011
295.9	95.69734588
296	95.76877781
296.1	95.99861354
296.2	94.81711169
296.3	93.62948267
296.4	93.68820215
296.5	95.7080601
296.6	96.48589294
296.7	95.96383249
296.8	95.74568965
296.9	95.0972106
297	94.55263015
297.1	92.883564
297.2	90.73699502
297.3	89.41761835
297.4	84.87913841
297.5	77.42705413
297.6	74.71345434
297.7	77.61163091
297.8	81.11632851
297.9	82.3348643
298	82.00510618
298.1	80.32438886
298.2	78.63875124
298.3	75.65327779
298.4	72.0009973
298.5	69.39529729
298.6	68.48559834
298.7	70.08350127
298.8	72.6394913
298.9	75.28431801
299	77.56788951
299.1	78.7005897
299.2	76.42007049
299.3	76.12240242
299.4	74.71314818
299.5	74.759713
299.6	77.62048066
299.7	81.62206174
299.8	84.1749479
299.9	84.28898589
300	81.56098288
300.1	79.47744429
300.2	77.15664077
300.3	73.69908167
300.4	71.93681032
300.5	73.46302676
300.6	74.79637937
300.7	74.16751696
300.8	73.92636814
300.9	75.15001839
301	76.81011121
301.1	74.79514094
301.2	70.92529936
301.3	68.26847634
301.4	67.92593251
301.5	69.94805367
301.6	74.53454276
301.7	79.65796707
301.8	84.0355778
301.9	84.54589346
302	81.90840964
302.1	80.20179295
302.2	77.52325047
302.3	71.87770016
302.4	67.06543297
302.5	66.40442174
302.6	67.80519227
302.7	69.42614353
302.8	72.51083036
302.9	76.89554196
303	81.57011478
303.1	83.59867637
303.2	79.27700913
303.3	73.1015162
303.4	69.98641437
303.5	68.8985185
303.6	67.48191879
303.7	67.59692794
303.8	66.7990329
303.9	67.6504801
304	71.29921391
304.1	76.17468569
304.2	80.2703049
304.3	84.88583906
304.4	88.81105451
304.5	91.26019991
304.6	91.26781396
304.7	89.46400735
304.8	87.29130701
304.9	87.55776756
305	89.43591418
305.1	89.11933964
305.2	84.85145928
305.3	79.92906469
305.4	76.2582065
305.5	77.43435883
305.6	78.60937395
305.7	77.01866299
305.8	74.77872133
305.9	71.66060189
306	69.64469481
306.1	69.76377272
306.2	71.33211406
306.3	72.22244362
306.4	71.77403661
306.5	70.37926958
306.6	70.43358646
306.7	70.89793144
306.8	71.8319172
306.9	74.5705837
307	76.58336095
307.1	78.47553497
307.2	81.56600675
307.3	83.62422878
307.4	83.16425095
307.5	80.86245956
307.6	79.03908095
307.7	77.29480645
307.8	75.74081302
307.9	75.21115695
308	75.67958869
308.1	75.30710305
308.2	74.78858031
308.3	74.75205392
308.4	76.36149876
308.5	79.97520813
308.6	82.99738388
308.7	84.97971097
308.8	85.36650763
308.9	84.69852524
309	81.68384948
309.1	76.36156513
309.2	72.87872012
309.3	70.13267912
309.4	66.26132385
309.5	63.8855971
309.6	65.87278374
309.7	67.74238309
309.8	69.40470535
309.9	71.4985302
310	74.01130015
310.1	77.27081966
310.2	78.20270477
310.3	75.70024529
310.4	74.34405968
310.5	76.15136382
310.6	79.22305879
310.7	81.26350126
310.8	83.43521029
310.9	84.64207564
311	84.78827622
311.1	83.69855647
311.2	83.01676005
311.3	82.47210002
311.4	83.34177339
311.5	84.90819597
311.6	84.2059617
311.7	82.2075645
311.8	80.967973
311.9	82.03953535
312	82.13384637
312.1	79.88564205
312.2	80.40257106
312.3	81.2734582
312.4	82.35180622
312.5	83.52430386
312.6	82.26125817
312.7	78.91728732
312.8	77.68188453
312.9	78.78505678
313	78.59040735
313.1	78.90423379
313.2	79.24445479
313.3	77.14815174
313.4	75.47903462
313.5	77.24075919
313.6	81.67846724
313.7	84.73316407
313.8	85.91106287
313.9	85.55463731
314	83.76650247
314.1	81.2287135
314.2	80.93454869
314.3	81.20408173
314.4	82.42053929
314.5	85.35544989
314.6	90.58925671
314.7	94.15940693
314.8	95.94669011
314.9	98.72223216
315	102.03936288
315.1	100.81583452
315.2	100.36711628
315.3	100.70637114
315.4	99.91876569
315.5	100.92878953
315.6	102.28230764
315.7	104.06845041
315.8	104.68669645
315.9	101.0782009
316	96.27323819
316.1	93.33661696
316.2	93.915016
316.3	94.54288702
316.4	95.92023345
316.5	97.96758709
316.6	98.78391292
316.7	99.76878069
316.8	101.5758768
316.9	101.13965199
317	98.04212683
317.1	95.17678996
317.2	93.31960266
317.3	93.668605
317.4	94.72294
317.5	96.51708442
317.6	97.93979682
317.7	97.85975597
317.8	95.82683463
317.9	93.70445138
318	92.48759425
318.1	91.62097287
318.2	91.61980336
318.3	90.9751148
318.4	92.55607378
318.5	92.52648154
318.6	89.1478972
318.7	86.58653258
318.8	86.41521178
318.9	84.70309111
319	83.76745405
319.1	84.45739214
319.2	87.43005718
319.3	89.62821084
319.4	88.72229975
319.5	86.03395094
319.6	83.8761842
319.7	81.19055756
319.8	78.50284842
319.9	79.60179715
320	82.55764625
320.1	85.87781708
320.2	89.36127907
320.3	93.32434848
320.4	96.61595276
320.5	98.84502989
320.6	98.29748888
320.7	96.72431838
320.8	94.40242653
320.9	92.43697501
321	91.83396154
321.1	93.44250875
321.2	94.94016841
321.3	94.73260925
321.4	92.4331735
321.5	91.74956653
321.6	91.51583678
321.7	89.5581744
321.8	89.33551712
321.9	90.83117681
322	91.25896424
322.1	90.96513769
322.2	91.18113758
322.3	89.97239954
322.4	90.52663661
322.5	90.51226705
322.6	88.1813538
322.7	84.91710429
322.8	83.32452601
322.9	85.55181724
323	87.1406464
323.1	87.19622769
323.2	88.11817865
323.3	89.52613571
323.4	90.34067645
323.5	91.74323732
323.6	93.30611449
323.7	92.7389182
323.8	89.4668917
323.9	86.63692106
324	86.24115606
324.1	86.58445498
324.2	87.26689532
324.3	86.57044002
324.4	84.62870971
324.5	83.19547195
324.6	81.59609847
324.7	81.45957413
324.8	85.61193214
324.9	89.62173857
325	90.37217968
325.1	91.02622224
325.2	92.22062817
325.3	92.7802294
325.4	93.92340596
325.5	95.98706595
325.6	96.21928522
325.7	94.10562908
325.8	92.50606553
325.9	92.95918991
326	94.94278022
326.1	93.51462561
326.2	92.38346338
326.3	91.77971977
326.4	92.30214005
326.5	91.29550435
326.6	89.3892339
326.7	88.99996304
326.8	89.81135655
326.9	89.5941971
327	88.35607228
327.1	86.94621527
327.2	86.84547264
327.3	86.45772355
327.4	88.35858187
327.5	90.98565778
327.6	91.17097043
327.7	90.95420464
327.8	90.05131161
327.9	88.41507425
328	87.90721454
328.1	86.72200595
328.2	85.71661253
328.3	87.19360622
328.4	88.8689355
328.5	90.46848616
328.6	92.67325289
328.7	94.80316279
328.8	94.78057488
328.9	93.40085337
329	93.73297061
329.1	94.98246233
329.2	94.40618617
329.3	94.77501612
329.4	94.77681621
329.5	94.49719639
329.6	92.47506445
329.7	89.80011807
329.8	87.46830139
329.9	87.64000086
330	89.25400038
330.1	91.32225439
330.2	93.66571443
330.3	93.73456293
330.4	94.81080553
330.5	96.8377487
330.6	98.55660082
330.7	99.0281705
330.8	99.86423027
330.9	98.62356118
331	98.43677498
331.1	95.60683533
331.2	90.29321726
331.3	88.7006532
331.4	87.56958744
331.5	88.508469
331.6	92.16391941
331.7	95.46083414
331.8	96.46000078
331.9	94.7993844
332	95.28825892
332.1	96.38853548
332.2	97.8031107
332.3	99.03783277
332.4	101.04631736
332.5	103.96805362
332.6	105.95785731
332.7	107.34633628
332.8	106.89668423
332.9	103.44120805
333	101.21364506
333.1	99.36692903
333.2	98.2182213
333.3	95.85608283
333.4	94.98119584
333.5	93.71586877
333.6	92.87061304
333.7	93.56072209
333.8	94.22473933
333.9	94.84834059
334	95.46868874
334.1	94.2487499
334.2	91.49999592
334.3	91.17632334
334.4	92.41609274
334.5	93.06568997
334.6	94.46735123
334.7	96.13307872
334.8	95.73975362
334.9	95.02799416
335	96.67725224
335.1	98.29678234
335.2	98.80257907
335.3	99.22384844
335.4	98.83657507
335.5	98.01138761
335.6	97.99202064
335.7	98.71608219
335.8	98.50779047
335.9	99.14471735
336	100.43755196
336.1	100.54417295
336.2	97.03164249
336.3	93.25824707
336.4	91.25555082
336.5	90.40250274
336.6	89.29322452
336.7	86.9797801
336.8	86.41944705
336.9	86.92859581
337	89.06313758
337.1	90.43211787
337.2	90.32555658
337.3	89.23482436
337.4	87.02197696
337.5	86.61679415
337.6	87.21517181
337.7	87.42012779
337.8	87.54555607
337.9	88.32729859
338	88.90567509
338.1	89.76663042
338.2	91.4709919
338.3	94.09172421
338.4	96.27800965
338.5	94.38452482
338.6	91.89414834
338.7	90.90659017
338.8	91.81582955
338.9	91.55114508
339	92.49952606
339.1	93.75046041
339.2	94.45121512
339.3	97.42051103
339.4	98.26592068
339.5	96.34594888
339.6	94.32200145
339.7	93.04158225
339.8	93.63840762
339.9	93.46023165
340	93.86536237
340.1	94.64845818
340.2	96.3859624
340.3	97.55240868
340.4	97.39900447
340.5	97.71609434
340.6	98.68593477
340.7	97.40710688
340.8	94.09946402
340.9	92.96118074
341	94.04741873
341.1	93.80053412
341.2	93.54283227
341.3	93.95979496
341.4	93.00574431
341.5	92.80236574
341.6	94.20025226
341.7	94.93952407
341.8	92.30364489
341.9	91.24185479
342	91.22933831
342.1	93.28093025
342.2	94.21039707
342.3	94.83236487
342.4	95.83471091
342.5	97.14329861
342.6	96.60964057
342.7	95.32370593
342.8	94.23251909
342.9	93.97004568
343	92.40994244
343.1	94.29145581
343.2	97.35473269
343.3	100.27007947
343.4	100.58539679
343.5	96.769112
343.6	95.35050213
343.7	94.73732743
343.8	93.08042157
343.9	93.02002444
344	95.92286238
344.1	98.75656899
344.2	100.45324218
344.3	100.74384234
344.4	98.16417002
344.5	94.53396787
344.6	92.12155141
344.7	92.00330357
344.8	91.68866196
344.9	91.48995503
345	94.65106183
345.1	97.44372464
345.2	97.79913763
345.3	96.24892913
345.4	96.62464396
345.5	98.87933714
345.6	100.32283171
345.7	99.49266684
345.8	98.60677838
345.9	97.40940331
346	97.12971928
346.1	96.92384564
346.2	95.09033694
346.3	95.36846433
346.4	96.13990973
346.5	98.40442176
346.6	100.28921985
346.7	100.32536575
346.8	95.87939872
346.9	89.93804008
347	86.36961612
347.1	87.46874856
347.2	89.15777015
347.3	92.40815082
347.4	94.93061504
347.5	94.50433921
347.6	92.78468442
347.7	92.02010534
347.8	90.97675769
347.9	90.62199742
348	90.45327806
348.1	91.31578389
348.2	94.6278212
348.3	99.02527222
348.4	102.82081503
348.5	104.87936163
348.6	102.87019802
348.7	98.85089536
348.8	96.63463842
348.9	94.76872664
349	92.9844699
349.1	91.34397066
349.2	89.56718329
349.3	88.02467107
349.4	88.01623169
349.5	88.18110232
349.6	86.54213359
349.7	85.34360678
349.8	88.84773171
349.9	93.72499911
350	96.20906707
350.1	98.55491746
350.2	100.23532952
350.3	100.69832502
350.4	102.41200897
350.5	102.66684284
350.6	100.52290195
350.7	97.12726971
350.8	94.7627472
350.9	94.3333727
351	94.04424639
351.1	92.77639761
351.2	92.85291292
351.3	90.74725021
351.4	89.26873541
351.5	89.33968233
351.6	90.51084913
351.7	92.49122314
351.8	95.45129381
351.9	98.88676084
352	100.79674203
352.1	101.63247974
352.2	102.63086509
352.3	99.78435268
352.4	95.34843018
352.5	91.40963109
352.6	88.54822467
352.7	87.90525084
352.8	93.4230986
352.9	98.10002153
353	100.94069056
353.1	101.68557281
353.2	101.20755472
353.3	98.99141288
353.4	96.21384079
353.5	95.36502765
353.6	95.7845667
353.7	93.99505021
353.8	92.88598145
353.9	91.47618279
354	91.54657609
354.1	93.90770058
354.2	94.3888181
354.3	97.09522923
354.4	101.86937348
354.5	105.71319923
354.6	107.27692032
354.7	107.01305863
354.8	105.92832412
354.9	104.45362849
355	104.07013074
355.1	103.31898475
355.2	102.14899971
355.3	101.12192069
355.4	101.79093063
355.5	101.00791895
355.6	99.40114561
355.7	99.79602791
355.8	101.16571944
355.9	102.89217949
356	103.06255408
356.1	99.29870603
356.2	96.23867248
356.3	95.86318959
356.4	97.92025383
356.5	100.77492161
356.6	103.81469437
356.7	106.35115234
356.8	108.61929894
356.9	109.82096927
357	109.01418518
357.1	105.785309
357.2	103.53974904
357.3	104.5248226
357.4	106.10767624
357.5	106.03476137
357.6	104.12255775
357.7	102.27734392
357.8	100.54927597
357.9	94.94296949
358	86.83421061
358.1	79.4842482
358.2	73.3989555
358.3	67.73739526
358.4	65.2907263
358.5	65.36892477
358.6	65.7857415
358.7	65.85636618
358.8	67.26371701
358.9	69.97286199
359	71.1424947
359.1	70.39107139
359.2	69.93802587
359.3	68.45377244
359.4	67.05089399
359.5	65.83723559
359.6	65.99440324
359.7	66.22911233
359.8	65.86681739
359.9	66.71461958
360	70.29009927
360.1	74.72632718
360.2	76.78730389
360.3	77.00588159
360.4	74.6175416
360.5	72.77307735
360.6	71.75063997
360.7	71.24509109
360.8	68.36593374
360.9	61.12074649
361	52.17022581
361.1	41.69435874
361.2	31.39899238
361.3	25.83157244
361.4	24.31337837
361.5	23.81212158
361.6	24.29136859
361.7	24.23652267
361.8	23.60798229
361.9	22.51715021
362	21.97209648
362.1	22.66693644
362.2	23.83184855
362.3	23.76545185
362.4	21.39373197
362.5	20.23039696
362.6	19.78958052
362.7	19.63212352
362.8	19.47107864
362.9	19.76023914
363	20.7044263
363.1	21.63505103
363.2	21.3112565
363.3	20.5723337
363.4	19.78438415
363.5	20.86199153
363.6	22.58129678
363.7	23.86229425
363.8	25.21509326
363.9	25.2475676
364	25.15823703
364.1	24.6857201
364.2	25.67924245
364.3	26.89127929
364.4	27.32066801
364.5	26.83574727
364.6	25.70005397
364.7	24.16027333
364.8	23.96277208
364.9	24.99924898
365	25.17267823
365.1	25.42235056
365.2	25.83209329
365.3	26.13841195
365.4	27.14364847
365.5	28.24187669
365.6	30.28905727
365.7	31.55552869
365.8	30.60752958
365.9	29.07104702
366	27.97517629
366.1	28.06558029
366.2	29.23936398
366.3	29.78070995
366.4	30.00086746
366.5	30.67136956
366.6	33.29715823
366.7	34.91116826
366.8	35.0666673
366.9	34.40759538
367	33.53173264
367.1	31.57752059
367.2	28.2461373
367.3	26.24362635
367.4	26.2662834
367.5	26.62797268
367.6	26.92276341
367.7	27.26830086
367.8	27.28761942
367.9	26.95245045
368	27.25527831
368.1	27.88178422
368.2	27.76887027
368.3	28.04745244
368.4	26.83793013
368.5	27.18703628
368.6	29.45431904
368.7	31.8920253
368.8	33.91119398
368.9	34.11791417
369	33.59348148
369.1	31.2542702
369.2	29.15739522
369.3	29.41810805
369.4	30.94174502
369.5	32.3288456
369.6	31.69171181
369.7	31.12097798
369.8	32.63548406
369.9	33.24518977
370	33.5721064
370.1	33.40885711
370.2	32.54160856
370.3	30.29945449
370.4	29.32057433
370.5	28.0741687
370.6	25.74120292
370.7	26.13655044
370.8	29.62164803
370.9	32.71866203
371	36.0267638
371.1	37.32647228
371.2	35.02567262
371.3	31.66865834
371.4	28.58067879
371.5	28.27295685
371.6	29.61707959
371.7	30.24876687
371.8	30.06677489
371.9	30.27987811
372	30.23794559
372.1	29.15589608
372.2	28.43685175
372.3	29.40758213
372.4	30.26969614
372.5	30.14293661
372.6	30.07599209
372.7	29.85333298
372.8	30.86396338
372.9	31.77095529
373	32.90304959
373.1	35.26766902
373.2	38.58699447
373.3	39.42000737
373.4	39.97274562
373.5	40.41713912
373.6	39.94287306
373.7	38.31657576
373.8	35.68947931
373.9	32.54212132
374	32.30856901
374.1	30.63618127
374.2	30.49603532
374.3	31.17910824
374.4	32.64859266
374.5	34.22928655
374.6	35.34784853
374.7	36.4798976
374.8	37.25098941
374.9	36.7844915
375	36.61565674
375.1	36.31726559
375.2	35.61321957
375.3	34.56285733
375.4	33.98037451
375.5	33.2705628
375.6	34.05708018
375.7	36.00476583
375.8	38.27491961
375.9	39.63995517
376	39.39293319
376.1	37.99353529
376.2	36.35356228
376.3	34.57813457
376.4	34.44612568
376.5	35.47618428
376.6	37.0879157
376.7	38.66057611
376.8	38.99339266
376.9	39.55932187
377	41.12831698
377.1	42.02028884
377.2	41.45933682
377.3	40.20422015
377.4	39.5008111
377.5	39.05790804
377.6	39.00692354
377.7	38.84667455
377.8	38.53600482
377.9	38.18020629
378	38.60214333
378.1	38.22798813
378.2	38.0918842
378.3	37.94503222
378.4	36.92169595
378.5	35.75509604
378.6	34.05887639
378.7	32.58753361
378.8	32.20116531
378.9	33.739402
379	34.80388627
379.1	34.30608701
379.2	33.6585504
379.3	32.22059046
379.4	30.64129215
379.5	30.24356771
379.6	30.42070164
379.7	32.19095523
379.8	34.36915535
379.9	36.18284604
380	35.33375215
380.1	33.48921982
380.2	31.64401865
380.3	32.09204295
380.4	33.43890802
380.5	33.1781194
380.6	32.43429309
380.7	34.00548184
380.8	36.6335723
380.9	37.71229164
381	39.02842424
381.1	39.8471685
381.2	39.22533641
381.3	38.41323358
381.4	38.35646313
381.5	38.81519355
381.6	38.16384263
381.7	37.57733292
381.8	38.52656167
381.9	39.11764582
382	38.43073673
382.1	37.47151019
382.2	36.69097373
382.3	35.89622589
382.4	35.82736118
382.5	35.97164354
382.6	36.02035315
382.7	36.30539724
382.8	35.26202869
382.9	33.3789671
383	32.29765609
383.1	33.12660327
383.2	34.7432954
383.3	36.06598675
383.4	35.71654672
383.5	34.09022367
383.6	33.44954153
383.7	33.05921574
383.8	32.644281
383.9	31.15591093
384	30.60462005
384.1	30.1846216
384.2	29.45471179
384.3	29.47072597
384.4	29.26269897
384.5	27.52761082
384.6	26.75738577
384.7	25.50446455
384.8	24.27308738
384.9	24.25924008
385	25.39313079
385.1	26.10594377
385.2	25.6491605
385.3	23.67830957
385.4	21.96228695
385.5	21.45839146
385.6	21.95379908
385.7	23.46285498
385.8	24.89228963
385.9	24.97785079
386	25.48029753
386.1	26.43849625
386.2	26.44378446
386.3	26.06162575
386.4	25.81067555
386.5	25.1163524
386.6	23.62210091
386.7	22.06906379
386.8	20.59033534
386.9	21.11967332
387	21.7978222
387.1	22.29034083
387.2	23.30917054
387.3	23.06713655
387.4	23.09520632
387.5	22.43093779
387.6	21.48408155
387.7	21.28945687
387.8	21.06725587
387.9	20.31767452
388	20.26688402
388.1	20.31650641
388.2	20.73296284
388.3	21.4165722
388.4	21.15071611
388.5	19.48933429
388.6	18.48743181
388.7	17.00127087
388.8	15.31735182
388.9	14.45514991
389	13.69383025
389.1	12.86964491
389.2	12.32682818
389.3	11.09386662
389.4	10.04540972
389.5	9.34535995
389.6	8.87586166
389.7	8.9269731
389.8	9.48016221
389.9	9.72205957
390	9.80310049
390.1	9.92038576
390.2	10.15423138
390.3	10.29047422
390.4	9.94746343
390.5	9.67751162
390.6	10.34713773
390.7	10.75261954
390.8	11.49280756
390.9	13.50135165
391	15.67806688
391.1	19.18610689
391.2	23.92577915
391.3	28.50563263
391.4	32.70677875
391.5	35.49459382
391.6	36.36271868
391.7	37.96735817
391.8	41.26199003
391.9	43.98926296
392	46.52731888
392.1	50.20169273
392.2	54.45950571
392.3	58.58944904
392.4	61.38417761
392.5	64.60007182
392.6	66.77851438
392.7	69.05438723
392.8	69.73476233
392.9	67.82164213
393	66.09183047
393.1	64.68390437
393.2	63.27627093
393.3	64.92227363
393.4	67.90853498
393.5	67.80985313
393.6	62.66551251
393.7	58.67735396
393.8	54.77141522
393.9	52.72742041
394	52.95204117
394.1	53.38537886
394.2	54.11495144
394.3	53.29906809
394.4	53.2028109
394.5	53.83578559
394.6	55.45075108
394.7	58.41622452
394.8	62.11313538
394.9	66.1665118
395	68.11537472
395.1	67.0059215
395.2	65.49246927
395.3	66.70800908
395.4	68.04290018
395.5	65.96231402
395.6	63.92502397
395.7	65.31110145
395.8	67.95008321
395.9	70.72721153
396	71.90645609
396.1	73.49905913
396.2	75.59495664
396.3	79.04257718
396.4	84.50086896
396.5	87.00396098
396.6	83.39403382
396.7	81.39116487
396.8	78.13843081
396.9	71.89974921
397	64.69428229
397.1	57.53077204
397.2	52.43472983
397.3	50.26798364
397.4	50.19166697
397.5	51.07217423
397.6	51.92632221
397.7	51.41304282
397.8	50.63115011
397.9	49.88167627
398	48.80209267
398.1	47.76740383
398.2	45.95762809
398.3	44.91940987
398.4	46.04134124
398.5	49.39225813
398.6	53.55029192
398.7	56.21325072
398.8	55.60788669
398.9	52.45084829
399	52.33943559
399.1	53.34953494
399.2	53.56357277
399.3	53.55796636
399.4	55.03592098
399.5	56.65921443
399.6	56.36995608
399.7	53.71263273
399.8	50.99249293
399.9	48.02650345
400	45.79000018
400.1	44.24681028
400.2	43.25253997
400.3	43.4111659
400.4	43.66739519
400.5	40.97092759
400.6	38.31482533
400.7	36.38102794
400.8	33.30203679
400.9	29.50253535
401	26.32336448
401.1	23.79194683
401.2	22.10632182
401.3	21.22946277
401.4	20.51160208
401.5	20.88770012
401.6	21.85465075
401.7	21.40825173
401.8	19.66494041
401.9	17.7521439
402	16.54484704
402.1	16.92077675
402.2	18.50809737
402.3	19.61827969
402.4	22.11313799
402.5	26.57653828
402.6	31.04984573
402.7	36.10903534
402.8	40.16605003
402.9	42.1283577
403	43.54740462
403.1	45.58101241
403.2	46.7415655
403.3	49.22967806
403.4	53.67519866
403.5	55.55628682
403.6	54.29618196
403.7	53.5137282
403.8	52.48223917
403.9	53.33078948
404	55.79396141
404.1	57.00583203
404.2	57.84131667
404.3	58.86128726
404.4	59.77949886
404.5	59.8373679
404.6	58.82650261
404.7	59.70396625
404.8	60.66928017
404.9	60.72167528
405	61.23045734
405.1	62.71625901
405.2	63.85737041
405.3	63.93350755
405.4	62.54208344
405.5	59.74521175
405.6	56.47437119
405.7	52.69527946
405.8	48.33820586
405.9	43.32138597
406	38.34370621
406.1	33.93655744
406.2	31.02260182
406.3	29.93298205
406.4	28.96492771
406.5	28.66992059
406.6	29.88380806
406.7	30.26650739
406.8	30.25457954
406.9	30.24723885
407	29.2751505
407.1	28.29255661
407.2	28.42600035
407.3	29.6942406
407.4	30.92774932
407.5	32.44738276
407.6	33.62418158
407.7	33.65463785
407.8	34.85771018
407.9	35.43321138
408	33.11648218
408.1	28.87029099
408.2	25.26777245
408.3	24.10226089
408.4	24.91410593
408.5	25.93880952
408.6	27.30496506
408.7	29.30728849
408.8	31.16683949
408.9	33.79342682
409	36.27083679
409.1	38.57585406
409.2	38.33667662
409.3	35.26013621
409.4	30.98002223
409.5	27.88666253
409.6	24.95375738
409.7	22.63835313
409.8	23.21889424
409.9	25.43300876
410	27.73498595
410.1	30.11268601
410.2	31.77825401
410.3	33.66925886
410.4	35.03970125
410.5	36.41379054
410.6	37.46312544
410.7	37.83347336
410.8	38.0446525
410.9	37.68924469
411	38.48572493
411.1	39.59227445
411.2	40.65058739
411.3	41.86832023
411.4	43.56349131
411.5	42.77112294
411.6	42.73829037
411.7	43.42125717
411.8	42.24657542
411.9	40.31768597
412	40.13284623
412.1	40.03147815
412.2	40.61728214
412.3	39.64372965
412.4	37.24560262
412.5	35.66017111
412.6	35.47494718
412.7	36.19281762
412.8	37.21842433
412.9	37.08709632
413	35.82444248
413.1	34.39484875
413.2	33.90011844
413.3	34.04917265
413.4	32.81617184
413.5	30.7920102
413.6	27.92919004
413.7	25.25878628
413.8	24.47665361
413.9	25.42997789
414	26.91475287
414.1	28.16207217
414.2	30.12131677
414.3	32.24083097
414.4	34.02462258
414.5	34.89918554
414.6	34.63161485
414.7	33.65444054
414.8	33.20213278
414.9	34.22093019
415	34.48091908
415.1	34.19883079
415.2	34.8018799
415.3	35.70208182
415.4	36.41914626
415.5	36.44004536
415.6	36.22764812
415.7	35.06456919
415.8	34.76262969
415.9	36.55435818
416	39.62455009
416.1	43.0477133
416.2	44.87258463
416.3	45.49371511
416.4	44.61933647
416.5	42.77784778
416.6	40.63381873
416.7	38.98697852
416.8	38.00861685
416.9	37.43545566
417	37.77845775
417.1	38.10523139
417.2	38.45099218
417.3	38.97451763
417.4	37.68297373
417.5	36.76938138
417.6	36.4731754
417.7	37.17845831
417.8	36.87994819
417.9	36.34223974
418	35.65440225
418.1	35.53809658
418.2	37.23259927
418.3	39.06409341
418.4	39.6455554
418.5	38.25129203
418.6	36.03223914
418.7	33.65262648
418.8	33.07195916
418.9	33.48054743
419	34.46281374
419.1	35.53949217
419.2	36.68635922
419.3	37.42914475
419.4	38.44274112
419.5	38.99450664
419.6	38.09097152
419.7	36.8008259
419.8	36.61507459
419.9	36.59634032
420	36.61342682
420.1	36.8105213
420.2	36.40890136
420.3	35.59939921
420.4	36.51927772
420.5	37.07252979
420.6	38.06515636
420.7	38.72690382
420.8	37.92439105
420.9	36.20675684
421	34.73726024
421.1	33.44644133
421.2	33.09224632
421.3	33.91385573
421.4	34.8514753
421.5	34.85148018
421.6	34.88018875
421.7	35.66967329
421.8	35.61104731
421.9	35.27566356
422	34.32309713
422.1	34.43915363
422.2	34.80059931
422.3	35.55922522
422.4	36.24782041
422.5	37.66236394
422.6	38.98329362
422.7	36.84391328
422.8	34.51590311
422.9	33.70661736
423	34.9659812
423.1	34.94217253
423.2	34.93539544
423.3	34.96664147
423.4	33.74851129
423.5	32.99336623
423.6	32.82910438
423.7	32.65633407
423.8	31.88677385
423.9	32.49421389
424	34.73098099
424.1	36.94105405
424.2	38.02426236
424.3	39.52550572
424.4	39.85045523
424.5	37.2040495
424.6	34.99658683
424.7	35.13963073
424.8	35.90768608
424.9	37.72780473
425	39.76445144
425.1	41.77119053
425.2	43.66029003
425.3	45.02832524
425.4	44.81960614
425.5	43.96178984
425.6	41.17961307
425.7	39.12476673
425.8	39.19146633
425.9	40.26017694
426	42.20760257
426.1	43.8653327
426.2	42.74595011
426.3	42.64287392
426.4	42.24508119
426.5	40.955827
426.6	39.16952041
426.7	37.97189456
426.8	38.04784378
426.9	38.64159634
427	40.30698445
427.1	41.31104562
427.2	40.87625577
427.3	41.48258567
427.4	44.31045081
427.5	47.08165981
427.6	47.36506236
427.7	47.73713286
427.8	49.73071758
427.9	48.89363229
428	47.50027237
428.1	44.8833743
428.2	43.61934295
428.3	43.39970697
428.4	45.42967796
428.5	45.73363625
428.6	44.94134203
428.7	44.82723123
428.8	43.9811538
428.9	44.66024688
429	46.26969816
429.1	49.48547625
429.2	52.27672358
429.3	53.78155219
429.4	52.34240748
429.5	49.70468397
429.6	47.09751095
429.7	46.44846337
429.8	47.56036453
429.9	47.93986216
430	47.94998795
430.1	46.91980888
430.2	45.16495574
430.3	45.02940096
430.4	44.48122373
430.5	44.35405076
430.6	45.40471219
430.7	46.45239669
430.8	45.71678248
430.9	44.34313089
431	43.58263071
431.1	42.68085915
431.2	42.57624709
431.3	43.90760229
431.4	44.36117708
431.5	42.31271248
431.6	41.92703821
431.7	42.65063376
431.8	42.59607193
431.9	42.26240545
432	41.87275304
432.1	40.49303138
432.2	41.10928969
432.3	44.03279845
432.4	47.41104188
432.5	49.19122483
432.6	47.79234046
432.7	46.68788336
432.8	46.86112522
432.9	46.32357107
433	44.51343881
433.1	42.79594734
433.2	41.95237507
433.3	40.71326388
433.4	39.29068362
433.5	38.6359646
433.6	38.23317046
433.7	38.7123324
433.8	41.04109125
433.9	43.97653021
434	48.77530009
434.1	54.93693151
434.2	60.54469129
434.3	62.50476017
434.4	62.1191577
434.5	60.88818
434.6	62.35128092
434.7	62.16999832
434.8	60.67988208
434.9	60.75779785
435	60.04924606
435.1	58.62756479
435.2	55.25582674
435.3	53.46704281
435.4	51.50642052
435.5	50.25979069
435.6	49.84826085
435.7	51.69859762
435.8	54.43872458
435.9	55.58401668
436	55.86553637
436.1	55.62668358
436.2	55.25164599
436.3	54.26290198
436.4	54.42425108
436.5	53.78336383
436.6	52.59323929
436.7	51.37665813
436.8	50.63315495
436.9	49.45554914
437	47.34461516
437.1	45.30300158
437.2	43.53418564
437.3	40.68277506
437.4	36.36152673
437.5	31.56485627
437.6	28.04650075
437.7	26.85840164
437.8	27.71694625
437.9	28.71393861
438	27.5738552
438.1	25.73677728
438.2	25.24800917
438.3	25.10039947
438.4	24.46546282
438.5	24.54115926
438.6	25.21000527
438.7	24.8832799
438.8	25.08330401
438.9	24.6991579
439	23.28437698
439.1	21.62214244
439.2	21.25696569
439.3	20.59298355
439.4	19.05987851
439.5	18.30331564
439.6	18.16404393
439.7	17.23512017
439.8	17.27771712
439.9	16.89820333
440	16.83086911
440.1	16.72404743
440.2	16.83429272
440.3	17.13943168
440.4	18.1393466
440.5	19.45562137
440.6	19.30540445
440.7	18.40705093
440.8	18.04689966
440.9	18.291785
441	18.51804531
441.1	19.0862309
441.2	20.26070727
441.3	21.31917783
441.4	22.62360592
441.5	25.63132243
441.6	27.47523976
441.7	27.02823103
441.8	25.83610919
441.9	25.32276108
442	25.08321365
442.1	25.57739289
442.2	25.87756511
442.3	25.03706335
442.4	23.46286455
442.5	22.06777734
442.6	22.31387123
442.7	23.81922929
442.8	24.08545031
442.9	25.01790928
443	26.45243596
443.1	27.91080677
443.2	27.85982223
443.3	26.73235728
443.4	25.68344782
443.5	26.0691655
443.6	27.88107461
443.7	30.08813926
443.8	31.33340978
443.9	30.66031642
444	30.23865272
444.1	31.01072819
444.2	32.15858868
444.3	31.78930568
444.4	32.29517055
444.5	34.31831602
444.6	36.60675804
444.7	37.4328424
444.8	37.03092426
444.9	37.43736416
445	38.94515606
445.1	41.92929596
445.2	47.71121808
445.3	51.91579678
445.4	57.1429438
445.5	61.92295397
445.6	62.62245604
445.7	59.91722408
445.8	57.55674101
445.9	56.49118631
446	56.33282182
446.1	56.03705023
446.2	56.23995288
446.3	56.43145949
446.4	57.44334094
446.5	59.0522419
446.6	59.7305607
446.7	62.84726242
446.8	66.6122996
446.9	69.8325879
447	72.47056716
447.1	74.52310384
447.2	76.9667601
447.3	79.34025603
447.4	81.45708839
447.5	81.55391814
447.6	82.30406126
447.7	87.43985926
447.8	97.53955796
447.9	113.73009555
448	131.31471799
448.1	147.83094422
448.2	156.48488546
448.3	149.0223915
448.4	135.22084743
448.5	120.54272799
448.6	113.34472326
448.7	110.72089986
448.8	109.17034901
448.9	106.18812694
449	99.90098567
449.1	88.63998852
449.2	73.10704296
449.3	57.15952097
449.4	39.79052198
449.5	29.98575135
449.6	24.21465839
449.7	22.05777525
449.8	21.81295421
449.9	22.09988243
450	21.19313182
450.1	19.43964805
450.2	19.58786098
450.3	20.05367325
450.4	19.85956838
450.5	20.44024102
450.6	21.19645249
450.7	22.60117904
450.8	23.44666139
450.9	23.86543431
451	25.53845656
451.1	29.67293775
451.2	35.76373112
451.3	44.39748896
451.4	57.62316911
451.5	72.40346205
451.6	97.67376831
451.7	133.96937417
451.8	164.43075899
451.9	198.80159787
452	227.0925906
452.1	199.43011444
452.2	152.55893172
452.3	101.56458056
452.4	56.52463382
452.5	34.20439414
452.6	21.17177097
452.7	14.6804261
452.8	11.78428762
452.9	12.46137095
453	12.73466101
453.1	12.46109801
453.2	12.08732918
453.3	12.29847518
453.4	12.63741682
453.5	13.55450343
453.6	14.43426647
453.7	13.70861966
453.8	14.87905363
453.9	16.63627658
454	16.84779931
454.1	16.28400568
454.2	16.29026975
454.3	16.26800333
454.4	15.86343599
454.5	16.20041709
454.6	16.28144105
454.7	16.08770016
454.8	15.40285811
454.9	15.17316236
455	15.00423476
455.1	14.85146929
455.2	15.455638
455.3	15.37065279
455.4	14.68770812
455.5	14.89350102
455.6	15.69583588
455.7	15.87576085
455.8	15.28301501
455.9	15.68959659
456	15.97007481
456.1	16.07608614
456.2	16.66920016
456.3	16.0901274
456.4	15.73861769
456.5	15.59613529
456.6	16.12043947
456.7	17.13885547
456.8	17.4798474
456.9	18.60163565
457	19.07620917
457.1	18.88168984
457.2	17.89917016
457.3	17.0404024
457.4	16.20334914
457.5	16.69825994
457.6	17.09529956
457.7	17.27028432
457.8	17.19699383
457.9	16.61014583
458	16.20901461
458.1	15.79835605
458.2	15.11223313
458.3	15.08942512
458.4	15.29294999
458.5	14.89922194
458.6	14.87992937
458.7	15.03663721
458.8	15.457295
458.9	16.28756993
459	16.54837468
459.1	15.66792066
459.2	13.96302267
459.3	12.28424655
459.4	12.66907193
459.5	13.3179396
459.6	13.23739879
459.7	12.81724886
459.8	12.6386922
459.9	12.73710625
460	13.32784908
460.1	13.8134883
460.2	13.42672163
460.3	13.52186683
460.4	13.69632896
460.5	13.23035234
460.6	13.06957972
460.7	12.6147149
460.8	12.504084
460.9	12.24475585
461	11.87669367
461.1	12.04299198
461.2	11.80887505
461.3	11.47019273
461.4	12.26813114
461.5	13.12999567
461.6	13.41053201
461.7	13.28033369
461.8	12.85771699
461.9	12.77608683
462	12.4475483
462.1	12.72465634
462.2	14.18983456
462.3	15.56518005
462.4	17.09008238
462.5	18.55955454
462.6	18.94301251
462.7	17.66852373
462.8	16.01134778
462.9	14.86629024
463	14.1422939
463.1	13.43681824
463.2	13.2649225
463.3	14.74832637
463.4	16.68077918
463.5	18.43512658
463.6	20.09944753
463.7	21.55321683
463.8	22.27892233
463.9	23.06957022
464	24.00911808
464.1	26.11228068
464.2	31.38735614
464.3	38.2507071
464.4	46.31236462
464.5	56.96116293
464.6	64.95189207
464.7	70.95824831
464.8	74.77306961
464.9	76.75862222
465	79.02102218
465.1	82.34876152
465.2	88.49298286
465.3	94.66405945
465.4	99.37969273
465.5	99.69708294
465.6	98.07411788
465.7	99.44091829
465.8	102.02013988
465.9	101.68879681
466	99.56760506
466.1	100.28390199
466.2	99.64496387
466.3	97.40843606
466.4	95.62222427
466.5	93.38178984
466.6	92.86991738
466.7	92.83688807
466.8	92.376065
466.9	93.86503208
467	93.28314763
467.1	93.87256283
467.2	95.37114224
467.3	95.79651487
467.4	94.59705374
467.5	93.88966464
467.6	92.89798509
467.7	91.3316183
467.8	91.82341639
467.9	94.67463447
468	95.9646491
468.1	94.60209655
468.2	94.34279568
468.3	96.46546404
468.4	98.17039304
468.5	99.49194534
468.6	101.53184324
468.7	102.43188702
468.8	100.14675833
468.9	97.12314784
469	95.11885156
469.1	97.22047508
469.2	99.3319153
469.3	101.07663792
469.4	102.87335135
469.5	103.98629861
469.6	100.54967818
469.7	98.06413004
469.8	97.03835006
469.9	99.51675551
470	103.15937417
470.1	104.25
