DEPT	GR
400	NA
400.1	NA
400.2	NA
400.3	NA
400.4	NA
400.5	NA
400.6	NA
400.7	NA
400.8	NA
400.9	NA
401	NA
401.1	NA
401.2	NA
401.3	NA
401.4	NA
401.5	NA
401.6	NA
401.7	NA
401.8	NA
401.9	NA
402	NA
402.1	NA
402.2	NA
402.3	NA
402.4	NA
402.5	NA
402.6	NA
402.7	NA
402.8	NA
402.9	NA
403	NA
403.1	NA
403.2	NA
403.3	NA
403.4	NA
403.5	NA
403.6	NA
403.7	NA
403.8	NA
403.9	NA
404	NA
404.1	NA
404.2	NA
404.3	NA
404.4	NA
404.5	NA
404.6	NA
404.7	NA
404.8	NA
404.9	NA
405	NA
405.1	NA
405.2	NA
405.3	NA
405.4	NA
405.5	NA
405.6	NA
405.7	NA
405.8	NA
405.9	NA
406	NA
406.1	NA
406.2	NA
406.3	NA
406.4	NA
406.5	NA
406.6	NA
406.7	NA
406.8	NA
406.9	NA
407	NA
407.1	NA
407.2	NA
407.3	NA
407.4	NA
407.5	NA
407.6	NA
407.7	NA
407.8	NA
407.9	NA
408	NA
408.1	NA
408.2	NA
408.3	NA
408.4	NA
408.5	NA
408.6	NA
408.7	NA
408.8	NA
408.9	NA
409	NA
409.1	NA
409.2	NA
409.3	NA
409.4	NA
409.5	NA
409.6	NA
409.7	NA
409.8	NA
409.9	NA
410	NA
410.1	NA
410.2	NA
410.3	NA
410.4	NA
410.5	NA
410.6	NA
410.7	NA
410.8	NA
410.9	NA
411	NA
411.1	NA
411.2	NA
411.3	NA
411.4	NA
411.5	NA
411.6	NA
411.7	NA
411.8	NA
411.9	NA
412	NA
412.1	NA
412.2	NA
412.3	NA
412.4	NA
412.5	NA
412.6	NA
412.7	NA
412.8	NA
412.9	NA
413	NA
413.1	NA
413.2	NA
413.3	NA
413.4	NA
413.5	NA
413.6	NA
413.7	NA
413.8	NA
413.9	NA
414	NA
414.1	NA
414.2	NA
414.3	NA
414.4	NA
414.5	NA
414.6	NA
414.7	NA
414.8	NA
414.9	NA
415	NA
415.1	NA
415.2	NA
415.3	NA
415.4	NA
415.5	NA
415.6	NA
415.7	NA
415.8	NA
415.9	NA
416	NA
416.1	NA
416.2	NA
416.3	NA
416.4	NA
416.5	NA
416.6	NA
416.7	NA
416.8	NA
416.9	NA
417	NA
417.1	NA
417.2	NA
417.3	NA
417.4	NA
417.5	NA
417.6	NA
417.7	NA
417.8	NA
417.9	NA
418	NA
418.1	NA
418.2	NA
418.3	NA
418.4	NA
418.5	NA
418.6	NA
418.7	NA
418.8	NA
418.9	NA
419	NA
419.1	NA
419.2	NA
419.3	NA
419.4	NA
419.5	NA
419.6	NA
419.7	NA
419.8	NA
419.9	NA
420	NA
420.1	NA
420.2	NA
420.3	NA
420.4	NA
420.5	NA
420.6	NA
420.7	NA
420.8	NA
420.9	NA
421	NA
421.1	NA
421.2	NA
421.3	NA
421.4	NA
421.5	NA
421.6	NA
421.7	NA
421.8	NA
421.9	NA
422	NA
422.1	NA
422.2	NA
422.3	NA
422.4	NA
422.5	NA
422.6	NA
422.7	NA
422.8	NA
422.9	NA
423	NA
423.1	NA
423.2	NA
423.3	NA
423.4	NA
423.5	NA
423.6	NA
423.7	NA
423.8	NA
423.9	NA
424	NA
424.1	NA
424.2	NA
424.3	NA
424.4	NA
424.5	NA
424.6	NA
424.7	NA
424.8	NA
424.9	NA
425	NA
425.1	NA
425.2	NA
425.3	NA
425.4	NA
425.5	NA
425.6	NA
425.7	NA
425.8	NA
425.9	NA
426	NA
426.1	NA
426.2	NA
426.3	NA
426.4	NA
426.5	NA
426.6	NA
426.7	NA
426.8	NA
426.9	NA
427	NA
427.1	NA
427.2	NA
427.3	NA
427.4	NA
427.5	NA
427.6	NA
427.7	NA
427.8	NA
427.9	NA
428	NA
428.1	NA
428.2	NA
428.3	NA
428.4	NA
428.5	NA
428.6	NA
428.7	NA
428.8	NA
428.9	NA
429	NA
429.1	NA
429.2	NA
429.3	NA
429.4	NA
429.5	NA
429.6	NA
429.7	NA
429.8	NA
429.9	NA
430	NA
430.1	NA
430.2	NA
430.3	NA
430.4	NA
430.5	NA
430.6	NA
430.7	NA
430.8	NA
430.9	NA
431	NA
431.1	NA
431.2	NA
431.3	NA
431.4	NA
431.5	NA
431.6	NA
431.7	NA
431.8	NA
431.9	NA
432	NA
432.1	NA
432.2	NA
432.3	NA
432.4	NA
432.5	NA
432.6	NA
432.7	NA
432.8	NA
432.9	NA
433	NA
433.1	NA
433.2	NA
433.3	NA
433.4	NA
433.5	NA
433.6	NA
433.7	NA
433.8	NA
433.9	NA
434	NA
434.1	NA
434.2	NA
434.3	NA
434.4	NA
434.5	NA
434.6	NA
434.7	NA
434.8	NA
434.9	NA
435	NA
435.1	NA
435.2	NA
435.3	NA
435.4	NA
435.5	NA
435.6	NA
435.7	NA
435.8	NA
435.9	NA
436	NA
436.1	NA
436.2	NA
436.3	NA
436.4	NA
436.5	NA
436.6	NA
436.7	NA
436.8	NA
436.9	NA
437	NA
437.1	NA
437.2	NA
437.3	NA
437.4	NA
437.5	NA
437.6	NA
437.7	NA
437.8	NA
437.9	NA
438	NA
438.1	NA
438.2	NA
438.3	NA
438.4	NA
438.5	NA
438.6	NA
438.7	NA
438.8	NA
438.9	NA
439	NA
439.1	NA
439.2	NA
439.3	NA
439.4	NA
439.5	NA
439.6	NA
439.7	NA
439.8	NA
439.9	NA
440	NA
440.1	NA
440.2	NA
440.3	NA
440.4	NA
440.5	NA
440.6	NA
440.7	NA
440.8	NA
440.9	NA
441	NA
441.1	NA
441.2	NA
441.3	NA
441.4	NA
441.5	NA
441.6	NA
441.7	NA
441.8	NA
441.9	NA
442	NA
442.1	NA
442.2	NA
442.3	NA
442.4	NA
442.5	NA
442.6	NA
442.7	NA
442.8	NA
442.9	NA
443	NA
443.1	NA
443.2	NA
443.3	NA
443.4	NA
443.5	NA
443.6	NA
443.7	NA
443.8	NA
443.9	NA
444	NA
444.1	NA
444.2	NA
444.3	NA
444.4	NA
444.5	NA
444.6	NA
444.7	NA
444.8	NA
444.9	NA
445	NA
445.1	NA
445.2	NA
445.3	NA
445.4	NA
445.5	NA
445.6	NA
445.7	NA
445.8	NA
445.9	NA
446	NA
446.1	NA
446.2	NA
446.3	NA
446.4	NA
446.5	NA
446.6	NA
446.7	NA
446.8	NA
446.9	NA
447	NA
447.1	NA
447.2	NA
447.3	NA
447.4	NA
447.5	NA
447.6	NA
447.7	NA
447.8	NA
447.9	NA
448	NA
448.1	NA
448.2	NA
448.3	NA
448.4	NA
448.5	NA
448.6	NA
448.7	NA
448.8	NA
448.9	NA
449	NA
449.1	NA
449.2	NA
449.3	NA
449.4	NA
449.5	NA
449.6	NA
449.7	NA
449.8	NA
449.9	NA
450	NA
450.1	NA
450.2	NA
450.3	NA
450.4	NA
450.5	NA
450.6	NA
450.7	NA
450.8	NA
450.9	NA
451	NA
451.1	NA
451.2	NA
451.3	NA
451.4	NA
451.5	NA
451.6	NA
451.7	NA
451.8	NA
451.9	NA
452	NA
452.1	NA
452.2	NA
452.3	NA
452.4	NA
452.5	NA
452.6	NA
452.7	NA
452.8	NA
452.9	NA
453	NA
453.1	NA
453.2	NA
453.3	NA
453.4	NA
453.5	NA
453.6	NA
453.7	NA
453.8	NA
453.9	NA
454	NA
454.1	NA
454.2	NA
454.3	NA
454.4	NA
454.5	NA
454.6	NA
454.7	NA
454.8	NA
454.9	NA
455	NA
455.1	NA
455.2	NA
455.3	NA
455.4	NA
455.5	NA
455.6	NA
455.7	NA
455.8	NA
455.9	NA
456	NA
456.1	NA
456.2	NA
456.3	NA
456.4	NA
456.5	NA
456.6	NA
456.7	NA
456.8	NA
456.9	NA
457	NA
457.1	NA
457.2	NA
457.3	NA
457.4	NA
457.5	NA
457.6	NA
457.7	NA
457.8	NA
457.9	NA
458	NA
458.1	NA
458.2	NA
458.3	NA
458.4	NA
458.5	NA
458.6	NA
458.7	NA
458.8	NA
458.9	NA
459	NA
459.1	NA
459.2	NA
459.3	NA
459.4	NA
459.5	NA
459.6	NA
459.7	NA
459.8	NA
459.9	NA
460	NA
460.1	NA
460.2	NA
460.3	NA
460.4	NA
460.5	NA
460.6	NA
460.7	NA
460.8	NA
460.9	NA
461	NA
461.1	NA
461.2	NA
461.3	NA
461.4	NA
461.5	NA
461.6	NA
461.7	NA
461.8	NA
461.9	NA
462	NA
462.1	NA
462.2	NA
462.3	NA
462.4	NA
462.5	NA
462.6	NA
462.7	NA
462.8	NA
462.9	NA
463	NA
463.1	NA
463.2	NA
463.3	NA
463.4	NA
463.5	NA
463.6	NA
463.7	NA
463.8	NA
463.9	NA
464	NA
464.1	NA
464.2	NA
464.3	NA
464.4	NA
464.5	NA
464.6	NA
464.7	NA
464.8	NA
464.9	NA
465	NA
465.1	NA
465.2	NA
465.3	NA
465.4	NA
465.5	NA
465.6	NA
465.7	NA
465.8	NA
465.9	NA
466	NA
466.1	NA
466.2	NA
466.3	NA
466.4	NA
466.5	NA
466.6	NA
466.7	NA
466.8	NA
466.9	NA
467	NA
467.1	NA
467.2	NA
467.3	NA
467.4	NA
467.5	NA
467.6	NA
467.7	NA
467.8	NA
467.9	NA
468	NA
468.1	NA
468.2	NA
468.3	NA
468.4	NA
468.5	NA
468.6	NA
468.7	NA
468.8	NA
468.9	NA
469	NA
469.1	NA
469.2	NA
469.3	NA
469.4	NA
469.5	NA
469.6	NA
469.7	NA
469.8	NA
469.9	NA
470	NA
470.1	NA
470.2	NA
470.3	NA
470.4	NA
470.5	NA
470.6	NA
470.7	NA
470.8	NA
470.9	NA
471	NA
471.1	NA
471.2	NA
471.3	NA
471.4	NA
471.5	NA
471.6	NA
471.7	NA
471.8	NA
471.9	NA
472	NA
472.1	NA
472.2	NA
472.3	NA
472.4	NA
472.5	NA
472.6	NA
472.7	NA
472.8	NA
472.9	NA
473	NA
473.1	NA
473.2	NA
473.3	NA
473.4	NA
473.5	NA
473.6	NA
473.7	NA
473.8	NA
473.9	NA
474	NA
474.1	NA
474.2	NA
474.3	NA
474.4	NA
474.5	NA
474.6	NA
474.7	NA
474.8	NA
474.9	NA
475	NA
475.1	NA
475.2	NA
475.3	NA
475.4	NA
475.5	NA
475.6	NA
475.7	NA
475.8	NA
475.9	NA
476	NA
476.1	NA
476.2	NA
476.3	NA
476.4	NA
476.5	NA
476.6	NA
476.7	NA
476.8	NA
476.9	NA
477	NA
477.1	NA
477.2	NA
477.3	NA
477.4	NA
477.5	NA
477.6	NA
477.7	NA
477.8	NA
477.9	NA
478	NA
478.1	NA
478.2	NA
478.3	NA
478.4	NA
478.5	NA
478.6	NA
478.7	NA
478.8	NA
478.9	NA
479	NA
479.1	NA
479.2	NA
479.3	NA
479.4	NA
479.5	NA
479.6	NA
479.7	NA
479.8	NA
479.9	NA
480	NA
480.1	NA
480.2	NA
480.3	NA
480.4	NA
480.5	NA
480.6	NA
480.7	NA
480.8	NA
480.9	NA
481	NA
481.1	NA
481.2	NA
481.3	NA
481.4	NA
481.5	NA
481.6	NA
481.7	NA
481.8	NA
481.9	NA
482	NA
482.1	NA
482.2	NA
482.3	NA
482.4	NA
482.5	NA
482.6	NA
482.7	NA
482.8	NA
482.9	NA
483	NA
483.1	NA
483.2	NA
483.3	NA
483.4	NA
483.5	NA
483.6	NA
483.7	NA
483.8	NA
483.9	NA
484	NA
484.1	NA
484.2	NA
484.3	NA
484.4	NA
484.5	NA
484.6	NA
484.7	NA
484.8	NA
484.9	NA
485	NA
485.1	NA
485.2	NA
485.3	NA
485.4	NA
485.5	NA
485.6	NA
485.7	NA
485.8	NA
485.9	NA
486	NA
486.1	NA
486.2	NA
486.3	NA
486.4	NA
486.5	NA
486.6	NA
486.7	NA
486.8	NA
486.9	NA
487	NA
487.1	NA
487.2	NA
487.3	NA
487.4	NA
487.5	NA
487.6	NA
487.7	NA
487.8	NA
487.9	NA
488	NA
488.1	NA
488.2	NA
488.3	NA
488.4	NA
488.5	NA
488.6	NA
488.7	NA
488.8	NA
488.9	NA
489	NA
489.1	NA
489.2	NA
489.3	NA
489.4	NA
489.5	NA
489.6	NA
489.7	NA
489.8	NA
489.9	NA
490	NA
490.1	NA
490.2	NA
490.3	NA
490.4	NA
490.5	NA
490.6	NA
490.7	NA
490.8	NA
490.9	NA
491	NA
491.1	NA
491.2	NA
491.3	NA
491.4	NA
491.5	NA
491.6	NA
491.7	NA
491.8	NA
491.9	NA
492	NA
492.1	NA
492.2	NA
492.3	NA
492.4	NA
492.5	NA
492.6	NA
492.7	NA
492.8	NA
492.9	NA
493	NA
493.1	NA
493.2	NA
493.3	NA
493.4	NA
493.5	NA
493.6	NA
493.7	NA
493.8	NA
493.9	NA
494	NA
494.1	NA
494.2	NA
494.3	NA
494.4	NA
494.5	NA
494.6	NA
494.7	NA
494.8	NA
494.9	NA
495	NA
495.1	NA
495.2	NA
495.3	NA
495.4	NA
495.5	NA
495.6	NA
495.7	NA
495.8	NA
495.9	NA
496	NA
496.1	NA
496.2	NA
496.3	NA
496.4	NA
496.5	NA
496.6	NA
496.7	NA
496.8	NA
496.9	NA
497	NA
497.1	NA
497.2	NA
497.3	NA
497.4	NA
497.5	NA
497.6	NA
497.7	NA
497.8	NA
497.9	NA
498	NA
498.1	NA
498.2	NA
498.3	NA
498.4	NA
498.5	NA
498.6	NA
498.7	NA
498.8	NA
498.9	NA
499	NA
499.1	NA
499.2	NA
499.3	NA
499.4	NA
499.5	NA
499.6	NA
499.7	NA
499.8	NA
499.9	NA
500	NA
500.1	NA
500.2	NA
500.3	NA
500.4	NA
500.5	NA
500.6	NA
500.7	NA
500.8	NA
500.9	NA
501	NA
501.1	NA
501.2	NA
501.3	NA
501.4	NA
501.5	NA
501.6	NA
501.7	NA
501.8	NA
501.9	NA
502	NA
502.1	NA
502.2	NA
502.3	NA
502.4	NA
502.5	NA
502.6	NA
502.7	NA
502.8	NA
502.9	NA
503	NA
503.1	NA
503.2	NA
503.3	NA
503.4	NA
503.5	NA
503.6	NA
503.7	NA
503.8	NA
503.9	NA
504	NA
504.1	NA
504.2	NA
504.3	NA
504.4	NA
504.5	NA
504.6	NA
504.7	NA
504.8	NA
504.9	NA
505	NA
505.1	NA
505.2	NA
505.3	NA
505.4	NA
505.5	NA
505.6	NA
505.7	NA
505.8	NA
505.9	NA
506	NA
506.1	NA
506.2	NA
506.3	NA
506.4	NA
506.5	NA
506.6	NA
506.7	NA
506.8	NA
506.9	NA
507	NA
507.1	NA
507.2	NA
507.3	NA
507.4	NA
507.5	NA
507.6	NA
507.7	NA
507.8	NA
507.9	NA
508	NA
508.1	NA
508.2	NA
508.3	NA
508.4	NA
508.5	NA
508.6	NA
508.7	NA
508.8	NA
508.9	NA
509	NA
509.1	NA
509.2	NA
509.3	NA
509.4	NA
509.5	NA
509.6	NA
509.7	NA
509.8	NA
509.9	NA
510	NA
510.1	NA
510.2	NA
510.3	NA
510.4	NA
510.5	NA
510.6	NA
510.7	NA
510.8	NA
510.9	NA
511	NA
511.1	NA
511.2	NA
511.3	NA
511.4	NA
511.5	NA
511.6	NA
511.7	NA
511.8	NA
511.9	NA
512	NA
512.1	NA
512.2	NA
512.3	NA
512.4	NA
512.5	NA
512.6	NA
512.7	NA
512.8	NA
512.9	NA
513	NA
513.1	NA
513.2	NA
513.3	NA
513.4	NA
513.5	NA
513.6	NA
513.7	NA
513.8	NA
513.9	NA
514	NA
514.1	NA
514.2	NA
514.3	NA
514.4	NA
514.5	NA
514.6	NA
514.7	NA
514.8	NA
514.9	NA
515	NA
515.1	NA
515.2	NA
515.3	NA
515.4	NA
515.5	NA
515.6	NA
515.7	NA
515.8	NA
515.9	NA
516	NA
516.1	NA
516.2	NA
516.3	NA
516.4	NA
516.5	NA
516.6	NA
516.7	NA
516.8	NA
516.9	NA
517	NA
517.1	NA
517.2	NA
517.3	NA
517.4	NA
517.5	NA
517.6	NA
517.7	NA
517.8	NA
517.9	NA
518	NA
518.1	NA
518.2	NA
518.3	NA
518.4	NA
518.5	NA
518.6	NA
518.7	NA
518.8	NA
518.9	NA
519	NA
519.1	NA
519.2	NA
519.3	NA
519.4	NA
519.5	NA
519.6	NA
519.7	NA
519.8	NA
519.9	NA
520	NA
520.1	NA
520.2	NA
520.3	NA
520.4	NA
520.5	NA
520.6	NA
520.7	NA
520.8	NA
520.9	NA
521	NA
521.1	NA
521.2	NA
521.3	NA
521.4	NA
521.5	NA
521.6	NA
521.7	NA
521.8	NA
521.9	NA
522	NA
522.1	NA
522.2	NA
522.3	NA
522.4	NA
522.5	NA
522.6	NA
522.7	NA
522.8	NA
522.9	NA
523	NA
523.1	NA
523.2	NA
523.3	NA
523.4	NA
523.5	NA
523.6	NA
523.7	NA
523.8	NA
523.9	NA
524	NA
524.1	NA
524.2	NA
524.3	NA
524.4	NA
524.5	NA
524.6	NA
524.7	NA
524.8	NA
524.9	NA
525	NA
525.1	NA
525.2	NA
525.3	NA
525.4	NA
525.5	NA
525.6	NA
525.7	NA
525.8	NA
525.9	NA
526	NA
526.1	NA
526.2	NA
526.3	NA
526.4	NA
526.5	NA
526.6	NA
526.7	NA
526.8	NA
526.9	NA
527	NA
527.1	NA
527.2	NA
527.3	NA
527.4	NA
527.5	NA
527.6	NA
527.7	NA
527.8	NA
527.9	NA
528	NA
528.1	NA
528.2	NA
528.3	NA
528.4	NA
528.5	NA
528.6	NA
528.7	NA
528.8	NA
528.9	NA
529	NA
529.1	NA
529.2	NA
529.3	NA
529.4	NA
529.5	NA
529.6	NA
529.7	NA
529.8	NA
529.9	NA
530	NA
530.1	NA
530.2	NA
530.3	NA
530.4	NA
530.5	NA
530.6	NA
530.7	NA
530.8	NA
530.9	NA
531	NA
531.1	NA
531.2	NA
531.3	NA
531.4	NA
531.5	NA
531.6	NA
531.7	NA
531.8	NA
531.9	NA
532	NA
532.1	NA
532.2	NA
532.3	NA
532.4	NA
532.5	NA
532.6	NA
532.7	NA
532.8	NA
532.9	NA
533	NA
533.1	NA
533.2	NA
533.3	NA
533.4	NA
533.5	NA
533.6	NA
533.7	NA
533.8	NA
533.9	NA
534	NA
534.1	NA
534.2	NA
534.3	NA
534.4	NA
534.5	NA
534.6	NA
534.7	NA
534.8	NA
534.9	NA
535	NA
535.1	NA
535.2	NA
535.3	NA
535.4	NA
535.5	NA
535.6	NA
535.7	NA
535.8	NA
535.9	NA
536	NA
536.1	NA
536.2	NA
536.3	NA
536.4	NA
536.5	NA
536.6	NA
536.7	NA
536.8	NA
536.9	NA
537	NA
537.1	NA
537.2	NA
537.3	NA
537.4	NA
537.5	NA
537.6	NA
537.7	NA
537.8	NA
537.9	NA
538	NA
538.1	NA
538.2	NA
538.3	NA
538.4	NA
538.5	NA
538.6	NA
538.7	NA
538.8	NA
538.9	NA
539	NA
539.1	NA
539.2	NA
539.3	NA
539.4	NA
539.5	NA
539.6	NA
539.7	NA
539.8	NA
539.9	NA
540	NA
540.1	NA
540.2	NA
540.3	NA
540.4	NA
540.5	NA
540.6	NA
540.7	NA
540.8	NA
540.9	NA
541	NA
541.1	NA
541.2	NA
541.3	NA
541.4	NA
541.5	NA
541.6	NA
541.7	NA
541.8	NA
541.9	NA
542	NA
542.1	NA
542.2	NA
542.3	NA
542.4	NA
542.5	NA
542.6	NA
542.7	NA
542.8	NA
542.9	NA
543	NA
543.1	NA
543.2	NA
543.3	NA
543.4	NA
543.5	NA
543.6	NA
543.7	NA
543.8	NA
543.9	NA
544	NA
544.1	NA
544.2	NA
544.3	NA
544.4	NA
544.5	NA
544.6	NA
544.7	NA
544.8	NA
544.9	NA
545	NA
545.1	NA
545.2	NA
545.3	NA
545.4	NA
545.5	NA
545.6	NA
545.7	NA
545.8	NA
545.9	NA
546	NA
546.1	NA
546.2	NA
546.3	NA
546.4	NA
546.5	NA
546.6	NA
546.7	NA
546.8	NA
546.9	NA
547	NA
547.1	NA
547.2	NA
547.3	NA
547.4	NA
547.5	NA
547.6	NA
547.7	NA
547.8	NA
547.9	NA
548	NA
548.1	NA
548.2	NA
548.3	NA
548.4	NA
548.5	NA
548.6	NA
548.7	NA
548.8	NA
548.9	NA
549	NA
549.1	NA
549.2	NA
549.3	NA
549.4	NA
549.5	NA
549.6	NA
549.7	NA
549.8	NA
549.9	NA
550	NA
550.1	NA
550.2	NA
550.3	NA
550.4	NA
550.5	NA
550.6	NA
550.7	NA
550.8	NA
550.9	NA
551	NA
551.1	NA
551.2	NA
551.3	NA
551.4	NA
551.5	NA
551.6	NA
551.7	NA
551.8	NA
551.9	NA
552	NA
552.1	NA
552.2	NA
552.3	NA
552.4	NA
552.5	NA
552.6	NA
552.7	NA
552.8	NA
552.9	NA
553	NA
553.1	NA
553.2	NA
553.3	NA
553.4	NA
553.5	NA
553.6	NA
553.7	NA
553.8	NA
553.9	NA
554	NA
554.1	NA
554.2	NA
554.3	NA
554.4	NA
554.5	NA
554.6	NA
554.7	NA
554.8	NA
554.9	NA
555	NA
555.1	NA
555.2	NA
555.3	NA
555.4	NA
555.5	NA
555.6	NA
555.7	NA
555.8	NA
555.9	NA
556	NA
556.1	NA
556.2	NA
556.3	NA
556.4	NA
556.5	NA
556.6	NA
556.7	NA
556.8	NA
556.9	NA
557	NA
557.1	NA
557.2	NA
557.3	NA
557.4	NA
557.5	NA
557.6	NA
557.7	NA
557.8	NA
557.9	NA
558	NA
558.1	NA
558.2	NA
558.3	NA
558.4	NA
558.5	NA
558.6	NA
558.7	NA
558.8	NA
558.9	NA
559	NA
559.1	NA
559.2	NA
559.3	NA
559.4	NA
559.5	NA
559.6	NA
559.7	NA
559.8	NA
559.9	NA
560	NA
560.1	NA
560.2	NA
560.3	NA
560.4	NA
560.5	NA
560.6	NA
560.7	NA
560.8	NA
560.9	NA
561	NA
561.1	NA
561.2	NA
561.3	NA
561.4	NA
561.5	NA
561.6	NA
561.7	NA
561.8	NA
561.9	NA
562	NA
562.1	NA
562.2	NA
562.3	NA
562.4	NA
562.5	NA
562.6	NA
562.7	NA
562.8	NA
562.9	NA
563	NA
563.1	NA
563.2	NA
563.3	NA
563.4	NA
563.5	NA
563.6	NA
563.7	NA
563.8	NA
563.9	NA
564	NA
564.1	NA
564.2	NA
564.3	NA
564.4	NA
564.5	NA
564.6	NA
564.7	NA
564.8	NA
564.9	NA
565	NA
565.1	NA
565.2	NA
565.3	NA
565.4	NA
565.5	NA
565.6	NA
565.7	NA
565.8	NA
565.9	NA
566	NA
566.1	NA
566.2	NA
566.3	NA
566.4	NA
566.5	NA
566.6	NA
566.7	NA
566.8	NA
566.9	NA
567	NA
567.1	NA
567.2	NA
567.3	NA
567.4	NA
567.5	NA
567.6	NA
567.7	NA
567.8	NA
567.9	NA
568	NA
568.1	NA
568.2	NA
568.3	NA
568.4	NA
568.5	NA
568.6	NA
568.7	NA
568.8	NA
568.9	NA
569	NA
569.1	NA
569.2	NA
569.3	NA
569.4	NA
569.5	NA
569.6	NA
569.7	NA
569.8	NA
569.9	NA
570	NA
570.1	NA
570.2	NA
570.3	NA
570.4	NA
570.5	NA
570.6	NA
570.7	NA
570.8	NA
570.9	NA
571	NA
571.1	NA
571.2	NA
571.3	NA
571.4	NA
571.5	NA
571.6	NA
571.7	NA
571.8	NA
571.9	NA
572	NA
572.1	NA
572.2	NA
572.3	NA
572.4	NA
572.5	NA
572.6	NA
572.7	NA
572.8	NA
572.9	NA
573	NA
573.1	NA
573.2	NA
573.3	NA
573.4	NA
573.5	NA
573.6	72.21854305
573.7	71.82119205
573.8	74.40397351
573.9	77.48344371
574	83.34437086
574.1	89.30463576
574.2	93.67549669
574.3	95.06622517
574.4	94.76821192
574.5	94.66887417
574.6	93.77483444
574.7	93.2781457
574.8	94.17218543
574.9	97.54966887
575	103.51418753
575.1	109.56953642
575.2	118.31125828
575.3	124.86754967
575.4	128.64238411
575.5	135.39735099
575.6	148.2218543
575.7	165.6799117
575.8	183.8781457
575.9	205.6807947
576	221.02649007
576.1	223.41059603
576.2	214.31001656
576.3	201.49917219
576.4	188.68832781
576.5	178.73699149
576.6	168.62157048
576.7	156.65562914
576.8	146.52317881
576.9	141.95364238
577	134.84624244
577.1	127.05298013
577.2	117.91390728
577.3	106.19205298
577.4	95.66225166
577.5	84.93377483
577.6	81.75496689
577.7	85.92715232
577.8	91.29139073
577.9	98.24503311
578	104.00662252
578.1	104.40397351
578.2	96.95364238
578.3	81.05960265
578.4	63.37748344
578.5	46.49006623
578.6	32.58278146
578.7	29.40397351
578.8	28.70860927
578.9	28.90728477
579	28.90728477
579.1	28.90728477
579.2	28.31125828
579.3	28.50993377
579.4	27.31788079
579.5	26.12582781
579.6	25.33112583
579.7	26.7218543
579.8	28.31125828
579.9	28.70860927
580	27.65990443
580.1	25.82781457
580.2	25.33112583
580.3	25.72847682
580.4	26.32450331
580.5	26.52317881
580.6	26.7218543
580.7	28.01324503
580.8	29.8013245
580.9	31.68874172
581	35.20268914
581.1	38.64238411
581.2	41.82119205
581.3	44.60264901
581.4	45.79470199
581.5	45.49668874
581.6	43.21192053
581.7	39.83443709
581.8	35.86092715
581.9	32.68211921
582	30.92819598
582.1	31.39072848
582.2	32.98013245
582.3	33.37748344
582.4	33.77483444
582.5	34.66887417
582.6	34.66887417
582.7	35.66225166
582.8	38.94039735
582.9	42.81456954
583	46.78807947
583.1	51.35761589
583.2	55.33112583
583.3	59.10596026
583.4	62.28476821
583.5	65.26490066
583.6	69.2384106
583.7	79.37086093
583.8	102.07450331
583.9	129.32781457
584	154.27152318
584.1	215.68837234
584.2	272.30703016
584.3	313.41059603
584.4	313.41059603
584.5	259.44310656
584.6	188.16014449
584.7	126.35580975
584.8	73.14148104
584.9	40.82781457
585	26.78224947
585.1	18.97350993
585.2	17.28476821
585.3	17.28476821
585.4	17.98013245
585.5	18.77483444
585.6	19.37086093
585.7	19.37086093
585.8	20.9602649
585.9	23.34437086
586	25.13245033
586.1	27.41721854
586.2	27.71523179
586.3	27.21854305
586.4	25.23178808
586.5	23.54304636
586.6	23.14569536
586.7	22.25165563
586.8	21.55629139
586.9	21.35761589
587	20.9602649
587.1	20.26490066
587.2	20.36423841
587.3	20.16556291
587.4	19.47019868
587.5	19.07284768
587.6	18.67549669
587.7	18.2781457
587.8	18.0794702
587.9	17.78145695
588	17.78145695
588.1	17.78145695
588.2	18.17880795
588.3	17.98013245
588.4	17.78145695
588.5	18.15042573
588.6	18.57615894
588.7	19.76821192
588.8	22.74834437
588.9	24.53642384
589	24.58452422
589.1	23.54304636
589.2	20.06622517
589.3	18.2781457
589.4	17.98013245
589.5	18.97350993
589.6	19.17218543
589.7	18.67549669
589.8	18.57615894
589.9	17.98013245
590	17.38410596
590.1	16.68874172
590.2	16.19205298
590.3	16.58940397
590.4	16.49006623
590.5	15.59602649
590.6	15.1986755
590.7	15.49668874
590.8	16.37417219
590.9	17.28476821
591	17.78145695
591.1	18.17880795
591.2	17.98013245
591.3	17.58278146
591.4	17.18543046
591.5	17.18543046
591.6	17.78145695
591.7	17.98013245
591.8	17.58278146
591.9	16.94701987
592	16.58940397
592.1	16.78807947
592.2	17.18543046
592.3	16.78807947
592.4	16.98675497
592.5	17.78145695
592.6	17.98013245
592.7	17.38410596
592.8	16.71854305
592.9	16.39072848
593	17.48484283
593.1	17.88107453
593.2	18.37748344
593.3	18.57615894
593.4	18.97350993
593.5	18.97350993
593.6	18.97350993
593.7	18.97350993
593.8	18.67549669
593.9	17.58278146
594	17.18543046
594.1	16.88741722
594.2	16.58940397
594.3	15.99337748
594.4	16.58940397
594.5	17.38410596
594.6	16.98675497
594.7	16.98675497
594.8	16.98675497
594.9	16.98675497
595	17.28476821
595.1	18.4538971
595.2	18.63728986
595.3	18.77483444
595.4	18.47682119
595.5	18.37748344
595.6	17.78145695
595.7	17.78145695
595.8	17.6640578
595.9	17.58278146
596	17.18543046
596.1	17.18543046
596.2	17.48344371
596.3	18.47682119
596.4	19.17218543
596.5	19.27152318
596.6	19.07284768
596.7	18.97350993
596.8	18.57615894
596.9	18.24202288
597	17.70018061
597.1	17.08609272
597.2	16.49006623
597.3	16.39072848
597.4	16.19205298
597.5	16.35761589
597.6	16.75496689
597.7	17.0966817
597.8	17.36050587
597.9	17.62433004
598	17.8881542
598.1	18.15197837
598.2	18.30268796
598.3	18.44059213
598.4	18.57615894
598.5	NA
598.6	NA
598.7	NA
598.8	NA
598.9	NA
599	NA
599.1	NA
599.2	NA
599.3	NA
599.4	NA
599.5	NA
599.6	NA
599.7	NA
599.8	NA
599.9	NA
600	NA
