DEPT	GR
0	20.1
0.1	20.1
0.2	18.87
0.3	17.13
0.4	15.28909091
0.5	13.39090909
0.6	12.7
0.7	13.295
0.8	13.97166667
0.9	14.41333333
1	14.83714286
1.1	15.36742857
1.2	16.26153846
1.3	17.27692308
1.4	17.9
1.5	17.7
1.6	15.2
1.7	12.47272727
1.8	9.74545455
1.9	7.4
2	6.5
2.1	5.9
2.2	6.37076923
2.3	6.90615385
2.4	7.04307692
2.5	6.95384615
2.6	7.09714286
2.7	7.69555556
2.8	8.72666667
2.9	10.3847271
3	12.39862364
3.1	14.41252017
3.2	16.76142857
3.3	19.37428571
3.4	22.16
3.5	25.7
3.6	29.11333333
3.7	29.74
3.8	28.9
3.9	29.1
4	30.56
4.1	32.212
4.2	33.5
4.3	33.3
4.4	31.7
4.5	29.12857143
4.6	28.1
4.7	29.67499053
4.8	31.49931792
4.9	33.32364532
5	35.3
5.1	35.45714286
5.2	35.3
5.3	34.2
5.4	33
5.5	32.1
5.6	32.8
5.7	34
5.8	34.55714286
5.9	35.5
6	36.58319185
6.1	37.63
6.2	38.06857143
6.3	37.90285714
6.4	37.73714286
6.5	37.4
6.6	36.03555556
6.7	34.36
6.8	34.02666667
6.9	34.41333333
7	34.7
7.1	33.9
7.2	31.93333333
7.3	31.1
7.4	31.99555556
7.5	33.7
7.6	34.3
7.7	34.176
7.8	33.114
7.9	32.88545455
8	34.70909091
8.1	36.24
8.2	35.43272727
8.3	34.5
8.4	34.44
8.5	35.19090909
8.6	35.72714286
8.7	35.81142857
8.8	35.9
8.9	35.7
9	35.18119034
9.1	34.62464907
9.2	34.3
9.3	35.06521739
9.4	36.42173913
9.5	37.77826087
9.6	39.13478261
9.7	39.9
9.8	39.68
9.9	39.5
10	40.15454545
10.1	41.24545455
10.2	41.84
10.3	40.725
10.4	39.1
10.5	38.3
10.6	38.1
10.7	38.5
10.8	38.9
10.9	38.65
11	37.44691076
11.1	36.04279176
11.2	35.3
11.3	36.075
11.4	35.97777778
11.5	35.32222222
11.6	35.442
11.7	37.684
11.8	39.20857143
11.9	39.572
12	38.43924051
12.1	36.4078481
12.2	35.25714286
12.3	34.7
12.4	35.63333333
12.5	37.76666667
12.6	41.32142857
12.7	45.35
12.8	48.35526433
12.9	49.92789871
13	51.5005331
13.1	52.7
13.2	52.585
13.3	51.66
13.4	50.48
13.5	49.3
13.6	48.12
13.7	47.5
13.8	48.31
13.9	50.25333333
14	54.16666667
14.1	57.1
14.2	55.12
14.3	52.26
14.4	49.488
14.5	45.1
14.6	42.37
14.7	38.9
14.8	36.86545455
14.9	35.04181818
15	33.6
15.1	33.76666667
15.2	35.5
15.3	34.9
15.4	32.22588235
15.5	29.24117647
15.6	26.25647059
15.7	25.13555556
15.8	25.39777778
15.9	25.3
16	24.56666667
16.1	23.78
16.2	23.14666667
16.3	23.02833333
16.4	23.3725
16.5	23.71666667
16.6	24.06083333
16.7	24.3
16.8	24.3
16.9	23.92789916
17	23.29327731
17.1	22.65865546
17.2	22.1
17.3	22.1
17.4	22.1
17.5	22.175
17.6	22.275
17.7	22.42272727
17.8	22.58636364
17.9	22.75
18	22.9
18.1	23.1
18.2	23.6
18.3	24
18.4	24.9
18.5	26.55
18.6	28.35
18.7	29.86666667
18.8	30.53333333
18.9	30.99936575
19	31.39852008
19.1	31.30444444
19.2	30.76571429
19.3	29.3
19.4	26.3675
19.5	24.1
19.6	23.7075
19.7	23.75666667
19.8	23.80583333
19.9	23.855
20	23.9
20.1	23.61555556
20.2	23.178
20.3	22.352
20.4	21.7925
20.5	21.5
20.6	21.5
20.7	21.66521739
20.8	21.92173913
20.9	22.17826087
21	22.43478261
21.1	22.75882353
21.2	23.10588235
21.3	23.45294118
21.4	23.85478261
21.5	24.26521739
21.6	24.67565217
21.7	25.1
21.8	25.898
21.9	26.8224955
22	28.01169766
22.1	29.3
22.2	29.7
22.3	29.33636364
22.4	28.46363636
22.5	27.95263158
22.6	27.7
22.7	27.44736842
22.8	27
22.9	25.51100762
23	23.3
23.1	22.7
23.2	23.32
23.3	24.07090909
23.4	24.4025
23.5	24.34
23.6	23.868
23.7	23.396
23.8	22.924
23.9	22.452
24	21.98
24.1	21.508
24.2	21.036
24.3	20.5
24.4	20.1
24.5	19.9
24.6	20.19
24.7	20.78
24.8	21.37
24.9	21.96
25	22.5
25.1	22.7
25.2	22.40758621
25.3	22.08206897
25.4	21.75655172
25.5	21.43103448
25.6	21.1
25.7	21.15647059
25.8	21.22588235
25.9	21.3
26	21.4375
26.1	21.79142857
26.2	22.56
26.3	23.74
26.4	24.92
26.5	25.9
26.6	26.1
26.7	24.80190476
26.8	23.48142857
26.9	22.16095238
27	20.84047619
27.1	19.52
27.2	18.19952381
27.3	16.87904762
27.4	16.1
27.5	15.7
27.6	16.3
27.7	17.1
27.8	17.5
27.9	18.1
28	18.7
28.1	19.9
28.2	21.87333333
28.3	23.97111111
28.4	26.06888889
28.5	28.16666667
28.6	30.3
28.7	31.48
28.8	31.38285714
28.9	30.87714286
29	30.5
29.1	30.644
29.2	30.998
29.3	31.436
29.4	31.9
29.5	33.1
29.6	35.59565217
29.7	38.16086957
29.8	40.72608696
29.9	43.29130435
30	45.98421053
30.1	48.71684211
30.2	51.44947368
30.3	53.15714286
30.4	54.855
30.5	58.7
30.6	67.72
30.7	71.54
30.8	76.3
30.9	76.80285714
31	77.4
31.1	79.245
31.2	83.2275
31.3	89.108
31.4	94.83333333
31.5	98.76666667
31.6	100.1
31.7	90.62
31.8	84.7
31.9	81.75
32	80.1
32.1	87.94
32.2	93.34
32.3	99.32
32.4	101.3
32.5	100.5
32.6	97.14285714
32.7	89.3
32.8	89.29428571
32.9	89.96857143
33	90.7
33.1	91.51
33.2	92.395
33.3	93.1
33.4	93.1
33.5	92.15714286
33.6	91.23
33.7	90.5
33.8	92.1
33.9	96.94
34	105.825
34.1	114.54
34.2	120.7
34.3	126.305
34.4	127.9
34.5	132.12857143
34.6	135.63
34.7	141.27333333
34.8	145.5
34.9	151.1
35	146.7
35.1	132.5
35.2	123.04
35.3	114.9
35.4	105.36333333
35.5	93.5
35.6	81.405
35.7	76.5
35.8	76.87
35.9	77.5
36	79.14285714
36.1	81.5
36.2	86.18
36.3	86.3
36.4	82.168
36.5	76.7
36.6	67.7
36.7	67.7
36.8	66.9
36.9	64.68545455
37	60.60909091
37.1	55.42
37.2	47.1
37.3	43.44666667
37.4	38.9
37.5	33.95
37.6	29.1
37.7	26.9
37.8	24.59
37.9	22.82
38	21.9
38.1	22.1
38.2	23.45375
38.3	24.9025
38.4	25.9
38.5	25.29047619
38.6	24.36095238
38.7	23.43142857
38.8	22.5
38.9	22.3
39	23.90290557
39.1	25.5335109
39.2	27.3
39.3	27.9
39.4	28.1
39.5	27.83809524
39.6	27.55238095
39.7	27.26666667
39.8	27.1
39.9	27.1
40	27.6
40.1	28.525
40.2	29.425
40.3	30.325
40.4	31
40.5	30.53333333
40.6	29.06666667
40.7	28
40.8	27.31818182
40.9	26.88181818
41	26.7
41.1	26.9
41.2	28.11142857
41.3	28.9
41.4	28.3
41.5	28.1
41.6	30.43333333
41.7	34.36666667
41.8	40.12571429
41.9	49.1
42	59.9
42.1	78.75460317
42.2	107.85
42.3	140.85
42.4	196.275
42.5	270.85
42.6	335.90714286
42.7	393.3
42.8	419.5
42.9	420.7
43	420.91833474
43.1	421.07925926
43.2	420.99185185
43.3	420.90444444
43.4	420.81703704
43.5	420.72962963
43.6	420.64222222
43.7	420.55481481
43.8	420.46740741
43.9	420.38
44	420.3
44.1	420.3
44.2	420.3
44.3	420.3
44.4	420.3
44.5	420.3
44.6	420.22542857
44.7	420.07371429
44.8	419.922
44.9	419.77028571
45	419.61857143
45.1	419.46685714
45.2	419.31514286
45.3	419.16342857
45.4	419.01171429
45.5	418.86
45.6	418.70828571
45.7	418.55657143
45.8	418.43833333
45.9	418.34
46	418.43125
46.1	418.6525
46.2	418.87375
46.3	419.12486486
46.4	419.38
46.5	419.63513514
46.6	419.89027027
46.7	420.14540541
46.8	420.40054054
46.9	420.58542094
47	420.77926078
47.1	420.97310062
47.2	421.16694045
47.3	421.36078029
47.4	421.55462012
47.5	421.64545455
47.6	421.42727273
47.7	421.20909091
47.8	420.99090909
47.9	420.7341532
48	420.33612087
48.1	419.716
48.2	418.42
48.3	416.23714286
48.4	413.17
48.5	408.5
48.6	394.24545455
48.7	371.71818182
48.8	321.85428571
48.9	234.91333333
49	120.3
49.1	106.48412698
49.2	88.6
49.3	79.2
49.4	67.3
49.5	63.0375
49.6	58.9
49.7	61.5
49.8	69.04
49.9	76
50	82.96
50.1	86.5
50.2	88.63333333
50.3	90.39333333
50.4	92.3
50.5	94.5
50.6	99.6
50.7	101.2
50.8	101.7
50.9	99.44
51	97.3
51.1	97.372
51.2	98.016
51.3	98.69428571
51.4	99.1
51.5	97.6
51.6	96.9
51.7	97.93636364
51.8	99.54545455
51.9	101.74
52	102.39577465
52.1	101.19915493
52.2	100.7
52.3	100.9
52.4	101.7
52.5	104.5
52.6	105.03157895
52.7	105.47368421
52.8	105.91578947
52.9	105.925
53	105.7
53.1	106.2
53.2	107.72727273
53.3	109.5
53.4	110.35
53.5	111.27727273
53.6	112.20454545
53.7	112.7
53.8	109.84500235
53.9	105.39300798
54	100.94101361
54.1	97.5
54.2	97.4075
54.3	96.84
54.4	95.07
54.5	94.1
54.6	94.81866667
54.7	95.684
54.8	96.5
54.9	96.705
55	96.3
55.1	96.7
55.2	98.3575
55.3	99.42
55.4	100.076
55.5	101.3
55.6	104.63
55.7	106.1
55.8	104.34333333
55.9	102.9
56	102.525
56.1	102.03333333
56.2	101.5
56.3	103.82
56.4	107.36
56.5	108.74
56.6	108.7
56.7	107.395
56.8	106.7
56.9	107.51
57	108.5
57.1	107.06
57.2	105.9
57.3	106.61111111
57.4	107.9
57.5	108.58571429
57.6	109.26
57.7	110.31846154
57.8	111.58923077
57.9	113.25333333
58	115.04890922
58.1	116.34433498
58.2	117.1
58.3	115.65
58.4	114.5
58.5	114.5
58.6	114.6
58.7	115.11428571
58.8	115.9
58.9	119.6375
59	122.16137184
59.1	126.84
59.2	128.3
59.3	129.3
59.4	129.1
59.5	126.85
59.6	125.58
59.7	124.996
59.8	124.524
59.9	124.052
60	123.7
60.1	123.7
60.2	124.078
60.3	124.00666667
60.4	120.84
60.5	118.5
60.6	117.9
60.7	117.5
60.8	116.7
60.9	115.04
61	112.975
61.1	111.9
61.2	112.98
61.3	114.83333333
61.4	120.08666667
61.5	124.62
61.6	127.85428571
61.7	131.404
61.8	133.38
61.9	133.61028571
62	131.85714286
62.1	131.1
62.2	133.45846154
62.3	135.3
62.4	134.7
62.5	134.1
62.6	134.3
62.7	133.9
62.8	133.3
62.9	131.1
63	125.5
63.1	119.99333333
63.2	107.5
63.3	102.67714286
63.4	92.9
63.5	87.9
63.6	80.5
63.7	80.58
63.8	81.708
63.9	83.8
64	86.5
64.1	88.84666667
64.2	91.5
64.3	89.932
64.4	87.72333333
64.5	83.86
64.6	81.7
64.7	85.196
64.8	89.552
64.9	98.068
65	105.65
65.1	111.35142857
65.2	114.9
65.3	113.7
65.4	113.245
65.5	112.95
65.6	112.655
65.7	112.36
65.8	112.1
65.9	112.3
66	113.2
66.1	116.54
66.2	121.3
66.3	128.5
66.4	131.5
66.5	136.81428571
66.6	138.395
66.7	138.3
66.8	136.90666667
66.9	135.9
67	137.2875
67.1	139.9
67.2	141.88
67.3	143.3
67.4	142.33555556
67.5	140.5
67.6	139.84444444
67.7	138.84666667
67.8	137.47
67.9	136.5
68	136.9
68.1	137.78
68.2	138.9
68.3	140.59090909
68.4	142.10166667
68.5	143.18333333
68.6	144.1
68.7	142.9
68.8	140.01428571
68.9	137.98
69	136.8
69.1	135.7
69.2	135.5
69.3	136.42545455
69.4	137.44454545
69.5	138.46363636
69.6	139.5
69.7	139.7
69.8	138.1
69.9	135.14363636
70	131.28181818
70.1	130.324
70.2	130.9
70.3	129.156
70.4	127.5
70.5	128.8
70.6	131.885
70.7	135.72
70.8	139.3
70.9	137.75714286
71	136.1
71.1	138.7
71.2	141.3
71.3	138.2125
71.4	137.3
71.5	139.7
71.6	139.7
71.7	136.3
71.8	136.28133919
71.9	137.00669594
72	137.73205269
72.1	138.45740944
72.2	138.9
72.3	138.7
72.4	137.19818182
72.5	135.48181818
72.6	134.83090909
72.7	135.68909091
72.8	136.86666667
72.9	138.62133891
73	139.80627615
73.1	140.3
73.2	138.28571429
73.3	135.1
73.4	133.71666667
73.5	132.7
73.6	133.50769231
73.7	134.89230769
73.8	135.7
73.9	135.81740551
74	135.61917872
74.1	135.42095194
74.2	135.1
74.3	134.3
74.4	133.04571429
74.5	131.9
74.6	132.5
74.7	133.4
74.8	136.86181818
74.9	141.1
75	142.9
75.1	142.7
75.2	142.1
75.3	141.1
75.4	139.9
75.5	137.63846154
75.6	135.18769231
75.7	133.5
75.8	135.5
75.9	135.3
76	131.9
76.1	130.53333333
76.2	129.7
76.3	129.9
76.4	132.7975
76.5	134.82
76.6	137.71333333
76.7	139.7
76.8	140.9
76.9	140.9
77	139.5
77.1	138.11428571
77.2	136.1
77.3	133.7
77.4	131.9
77.5	131
77.6	129.5
77.7	126.8
77.8	123.3
77.9	120.6
78	117.601
78.1	118.7
78.2	119.9
78.3	118.14
78.4	117.7
78.5	119.7
78.6	122.06
78.7	124.42
78.8	125.9
78.9	124.7
79	124.71229992
79.1	125.1
79.2	124.7
79.3	122.64285714
79.4	120.38
79.5	117.5
79.6	115
79.7	111.5
79.8	111.5
79.9	112.9
80	112.05498392
80.1	110.50694534
80.2	108.988
80.3	107.572
80.4	106.156
80.5	104.74
80.6	103.8875
80.7	103.3
80.8	105.77
80.9	109.39140684
81	111.86806084
81.1	114.79
81.2	118.3
81.3	119.73
81.4	121.1
81.5	122.15
81.6	124.1
81.7	124.7
81.8	123.9
81.9	121.83577982
82	119.28165138
82.1	116.70571429
82.2	114.1
82.3	113.9
82.4	117.80769231
82.5	121.37692308
82.6	126.45666667
82.7	127.9
82.8	126.9
82.9	125.27142857
83	123.68991597
83.1	121.35
83.2	118.75
83.3	117.7
83.4	118.1
83.5	117.1125
83.6	116.3
83.7	117.275
83.8	118.775
83.9	120.275
84	121.27231165
84.1	121.91056021
84.2	122.668
84.3	124.22
84.4	126.12
84.5	126.5
84.6	125.564
84.7	122.52666667
84.8	119.34444444
84.9	116.72222222
85	114
85.1	111.91714286
85.2	110.3
85.3	109.78
85.4	109.7
85.5	111.95
85.6	113.87
85.7	115.64
85.8	117.5
85.9	119.9
86	119.8
86.1	118.35
86.2	116.50625
86.3	114.6625
86.4	112.46
86.5	108.43333333
86.6	107.77
86.7	110.5
86.8	111.5
86.9	111.7
87	114.2375
87.1	120.285
87.2	123.69666667
87.3	126.3
87.4	130.13333333
87.5	134.72222222
87.6	135.9
87.7	134.3
87.8	131.7575
87.9	129.1
88	129.4
88.1	129.5
88.2	126.92
88.3	126.1
88.4	127.84285714
88.5	127.4
88.6	124.45
88.7	123.1
88.8	126.84571429
88.9	127.5
89	126.08823529
89.1	124.7
89.2	123.6
89.3	123.5
89.4	124.41666667
89.5	125.5
89.6	127.7
89.7	130.1
89.8	132.37142857
89.9	134.2
90	134.3
90.1	132.5
90.2	128.1
90.3	126.46
90.4	125.5
90.5	126.225
90.6	127.77375
90.7	129.3225
90.8	130.3
90.9	129.58
91	128.5
91.1	128.1
91.2	127.59
91.3	127.756
91.4	128.64833333
91.5	130.51666667
91.6	131.9
91.7	129.70571429
91.8	128.03555556
91.9	127.11777778
92	126.9
92.1	128.86
92.2	130.3
92.3	130.61
92.4	131.1
92.5	132.7
92.6	133.3
92.7	129.7
92.8	129.3
92.9	133.03333333
93	136.23787234
93.1	138.45125106
93.2	139.3
93.3	138.2075
93.4	136.3225
93.5	133.74
93.6	131.7
93.7	127.3
93.8	127.1
93.9	128.39666667
94	130.1499385
94.1	135.36922509
94.2	136.3
94.3	136.3
94.4	136.1
94.5	135.3
94.6	132.60571429
94.7	130.1
94.8	128.9
94.9	127.7
95	125.15633803
95.1	122.23126761
95.2	120.2
95.3	119.2
95.4	117.7
95.5	114.81428571
95.6	110.2
95.7	108
95.8	110.5
95.9	114.65
96	121.65966387
96.1	126.7
96.2	125.5
96.3	126.932
96.4	132.006
96.5	135.5
96.6	136.7
96.7	135.06571429
96.8	125.5
96.9	123.87333333
97	123.1
97.1	125.02
97.2	131.5
97.3	132.5
97.4	133.5
97.5	131.34285714
97.6	128.7
97.7	129.27885714
97.8	131.9
97.9	127.904
98	125.4
98.1	127.02
98.2	129.3
98.3	132.62545455
98.4	135.1
98.5	133.5
98.6	131.7
98.7	133.315
98.8	135.15166667
98.9	136.1
99	134.46320856
99.1	131.71
99.2	129.3
99.3	130.3
99.4	129.23555556
99.5	126.74444444
99.6	126.1
99.7	129.68545455
99.8	132.9
99.9	132.45521112
100	130.99203634
100.1	129.52886157
100.2	128.1
100.3	127.814
100.4	128.162
100.5	128.2
100.6	127.7
100.7	126.785
100.8	125.564
100.9	124.7
101	124.98886169
101.1	125.96666667
101.2	128.41
101.3	132.54
101.4	133.78
101.5	134.06
101.6	133.77333333
101.7	132.34
101.8	129.685
101.9	128.1
102	128.1
102.1	127.1
102.2	120.37
102.3	112.5
102.4	106.188
102.5	102.1
102.6	102.9
102.7	104.7
102.8	109.77818182
102.9	114.74
103	115.89742489
103.1	116.3
103.2	114.1
103.3	114.5
103.4	118.7075
103.5	121.5
103.6	123.02
103.7	124.7
103.8	125.1
103.9	125.9
104	128.9
104.1	129.7
104.2	129.9
104.3	132.7
104.4	138.3
104.5	138.7
104.6	136.7
104.7	132.5
104.8	125.1
104.9	124.42571429
105	124.3
105.1	123.9
105.2	122.3
105.3	122.3
105.4	121.7
105.5	117
105.6	112.7
105.7	113.38
105.8	114.9
105.9	118.87333333
106	122.3
106.1	121.12181818
106.2	119.9
106.3	119.7
106.4	120.02666667
106.5	120.94444444
106.6	121.5
106.7	121.4
106.8	120.6625
106.9	119.9
107	121.84444444
107.1	124.9
107.2	125.3
107.3	122.7
107.4	121.125
107.5	118.9
107.6	113.878
107.7	107.9
107.8	107.3
107.9	107.7
108	108.6
108.1	109.9
108.2	112.02
108.3	114.38
108.4	116.28666667
108.5	118.46666667
108.6	121.31833333
108.7	123.59454545
108.8	124.56
108.9	125.1
109	124.10588235
109.1	122.23176471
109.2	120.35764706
109.3	118.9
109.4	116.185
109.5	113.01428571
109.6	109.292
109.7	103.5
109.8	97.81
109.9	91.5
110	90
110.1	91.3
110.2	97.94285714
110.3	102.08333333
110.4	105.88
110.5	109.05
110.6	111.15
110.7	113.26666667
110.8	113.9
110.9	112.3
111	109.9
111.1	109.9
111.2	114.1
111.3	113.94
111.4	112.43818182
111.5	110.9
111.6	108.5
111.7	108.5
111.8	111.9
111.9	114.34363636
112	116.5
112.1	114.12
112.2	111.7
112.3	109.66
112.4	107.5
112.5	106.3
112.6	105.272
112.7	104.7
112.8	104.9
112.9	107.96285714
113	110.5
113.1	109.73384615
113.2	108.19076923
113.3	106.7
113.4	106.1
113.5	108.41111111
113.6	111.68888889
113.7	116.41428571
113.8	118.5
113.9	117.38
114	117.60314465
114.1	118
114.2	116.4
114.3	114.8
114.4	114.5
114.5	114.6125
114.6	114.95
114.7	115.3
114.8	115.225
114.9	115.1
115	117.40052356
115.1	122.1
115.2	122.5
115.3	116.3
115.4	115.7
115.5	115.3
115.6	116.3325
115.7	116.9
115.8	113.915
115.9	111.7
116	112.4
116.1	115.35333333
116.2	119.44444444
116.3	123.676
116.4	126.928
116.5	129.1
116.6	128.52
116.7	127.45428571
116.8	127.1
116.9	127.145
117	127.5875
117.1	127.30888889
117.2	126.7
117.3	127.1
117.4	129.01714286
117.5	128.14444444
117.6	124.73555556
117.7	124.3
117.8	127.7
117.9	126.785
118	125.2
118.1	125
118.2	125.8
118.3	129.97142857
118.4	135.5
118.5	133.94
118.6	130.9
118.7	127.9
118.8	125.5
118.9	123.42857143
119	122.1
119.1	123.16363636
119.2	124.7
119.3	125.18888889
119.4	125.5
119.5	125.06428571
119.6	124.12142857
119.7	123.1
119.8	122.7
119.9	122.5
120	122.7
120.1	124.55
120.2	126.15
120.3	127.5
120.4	128.40588235
120.5	129.39411765
120.6	130.3
120.7	133.33333333
120.8	135.36470588
120.9	136.84705882
121	138.32941176
121.1	141.58571429
121.2	146.3
121.3	151.15
121.4	155.59
121.5	160.2
121.6	167.46666667
121.7	175.7
121.8	178.1
121.9	169
122	152.1
122.1	120.5
122.2	93.1
122.3	74.3
122.4	58.5
122.5	47
122.6	42.4
122.7	38.9
122.8	42.9
122.9	44.1
123	41.1
123.1	39.3
123.2	33.84
123.3	30.3
123.4	31.2
123.5	32
123.6	34.88571429
123.7	38.5
123.8	40.3
123.9	42.9
124	46.93
124.1	49.50909091
124.2	50.49090909
124.3	51.1
124.4	50.8
124.5	47.96666667
124.6	44.23333333
124.7	41.4
124.8	37.58
124.9	32.9
125	30.9
125.1	30.5
125.2	31.2
125.3	32.4
125.4	33.95
125.5	36.68333333
125.6	38.45111111
125.7	36.74444444
125.8	33.77272727
125.9	29.62727273
126	27.1
126.1	26.02
126.2	24.66
126.3	23.15818182
126.4	22.3
126.5	22.972
126.6	24.2936
126.7	25.6152
126.8	26.9368
126.9	28.668
127	31.52743682
127.1	35.65
127.2	40.76666667
127.3	44.4
127.4	48.04615385
127.5	51.27692308
127.6	54.15
127.7	55.5
127.8	50.33333333
127.9	40.86666667
128	37.15690377
128.1	35.5
128.2	37.876
128.3	42.74
128.4	48.40857143
128.5	56.5
128.6	59.656
128.7	63.1
128.8	58.58285714
128.9	51.8
129	48.5
129.1	41.5
129.2	37.55714286
129.3	31.8
129.4	28.7
129.5	26.3
129.6	27.53333333
129.7	29.7
129.8	33
129.9	36.28636364
130	38.63181818
130.1	40.97727273
130.2	43.32272727
130.3	46.54
130.4	52.64285714
130.5	57.13333333
130.6	61.7
130.7	65.32
130.8	66.925
130.9	67.9
131	68.17142857
131.1	68.2
131.2	67.9
131.3	68.3125
131.4	68.4
131.5	65.4625
131.6	59.8
131.7	55.84285714
131.8	50.4
131.9	49.9
132	51.1
132.1	54.54444444
132.2	58.9
132.3	60.7
132.4	64.82
132.5	67.16666667
132.6	71.308
132.7	76.22
132.8	84.22857143
132.9	90.02
133	95.7625
133.1	99.804
133.2	106.195
133.3	111.332
133.4	114.9
133.5	107.96666667
133.6	106.1
133.7	111.7
133.8	114.14285714
133.9	118.22666667
134	119.1
134.1	114.3
134.2	112.04444444
134.3	109.3
134.4	108.9
134.5	108.6
134.6	106.7
134.7	103.2
134.8	100.9
134.9	96.1
135	89.025
135.1	81.9
135.2	80.9
135.3	81.2
135.4	83
135.5	85
135.6	85.1
135.7	85.7
135.8	88.3
135.9	94.5
136	96.5
136.1	97.9
136.2	96.3
136.3	93.5
136.4	88.15714286
136.5	82.5
136.6	76.975
136.7	69.92666667
136.8	60.36
136.9	51.3
137	45.4
137.1	40.1
137.2	40.9
137.3	44.66
137.4	52.33333333
137.5	57.42
137.6	62.96333333
137.7	65.88666667
137.8	67.40333333
137.9	70.12
138	73.9
138.1	83.79333333
138.2	93.36444444
138.3	98.85
138.4	105.4875
138.5	110.13333333
138.6	114.9
138.7	114.7
138.8	112.3
138.9	109.46571429
139	106.5
139.1	108.13571429
139.2	110.62142857
139.3	112.9
139.4	116.7
139.5	118.1
139.6	120.3
139.7	116.32222222
139.8	113.9
139.9	113.3
140	112.9
140.1	112.9
140.2	113.4
140.3	114.6
140.4	116.8
140.5	120.1
140.6	122.1
140.7	120.8
140.8	119.05555556
140.9	117
141	116.5
141.1	117.7
141.2	113.93
141.3	105.84666667
141.4	101.5
141.5	94.3
141.6	97.9075
141.7	104.22
141.8	105.90857143
141.9	106.5
142	102.73037975
142.1	97.3
142.2	92.78571429
142.3	89.1
142.4	91.95555556
142.5	95.5
142.6	98.8
142.7	101.8
142.8	101.104
142.9	98.8
143	101.48571429
143.1	105.66
143.2	111.7
143.3	117.1
143.4	120.45
143.5	124
143.6	128.48333333
143.7	132.1
143.8	133.67142857
143.9	134.1
144	127.9
144.1	125.1
144.2	120.97142857
144.3	119.1
144.4	121.7
144.5	122
144.6	119.7
144.7	116.7
144.8	108.25
144.9	105.6
145	106.6
145.1	108.7
145.2	111.44909091
145.3	114.28857143
145.4	118.1
145.5	119.7
145.6	120.5
145.7	119.5
145.8	117.9
145.9	114.7
146	110.7
146.1	105.92666667
146.2	100.7
146.3	96.9
146.4	92.7
146.5	93.84285714
146.6	94.9
146.7	93.57428571
146.8	92.968
146.9	93.204
147	93.3
147.1	92.772
147.2	91.474
147.3	89.5
147.4	89.7
147.5	95.55
147.6	102.3
147.7	109.39
147.8	116.74
147.9	127.9
148	131.1
148.1	135.7
148.2	131.44857143
148.3	120.7
148.4	119.1
148.5	117.3
148.6	111.785
148.7	104.3
148.8	96.81
148.9	88.5
149	86.89368421
149.1	85.7
149.2	93.67777778
149.3	101.5
149.4	108.15
149.5	114.72
149.6	116.4
149.7	114.7
149.8	102.60890671
149.9	87.3670325
150	72.12515829
150.1	59.5
150.2	47.3
150.3	42.9
150.4	45.5
150.5	51.88181818
150.6	64.75454545
150.7	78.74
150.8	96.1
150.9	107.03142857
151	120.5
151.1	120.9
151.2	116.1
151.3	114.8
151.4	112.4
151.5	111.4
151.6	109.2
151.7	108.2
151.8	107.12857143
151.9	106.2
152	104.9
152.1	99
152.2	91.9
152.3	91.3
152.4	91.5
152.5	95.92857143
152.6	105.7
152.7	111.508
152.8	119.5
152.9	119.92736842
153	119.98947368
153.1	120.05157895
153.2	120.3
153.3	121.3
153.4	123.91714286
153.5	127.38
153.6	130.5
153.7	125.40857143
153.8	120.1
153.9	112.66
154	107.1
154.1	96.23924812
154.2	89.7
154.3	84.02
154.4	81.1
154.5	82.3
154.6	85.1
154.7	89.09555556
154.8	91.5
154.9	91.80948454
155	92.08775773
155.1	92.5
155.2	93.516
155.3	95.1
155.4	95.5
155.5	95.5
155.6	92.38
155.7	88.7
155.8	87.56
155.9	86.9
156	87.52222222
156.1	88.5
156.2	88.77
156.3	89.02285714
156.4	89.56857143
156.5	90.3
156.6	92.44545455
156.7	94.47333333
156.8	95.75166667
156.9	96.96
157	97.55
157.1	97.54
157.2	97.32545455
157.3	97.5
157.4	98.54571429
157.5	99.3
157.6	98.65636364
157.7	97.94
157.8	96.3274597
157.9	94.20227904
158	91.9
158.1	90.9
158.2	90.3
158.3	91.1
158.4	98.0375
158.5	102.1
158.6	109.1
158.7	108.8
158.8	107.1
158.9	103.46
159	96.07245509
159.1	85.165
159.2	70.2675
159.3	59.14
159.4	48.7
159.5	45.74
159.6	42.3
159.7	38.75333333
159.8	35.3
159.9	34.92640723
160	34.5
160.1	33.8
160.2	32.62
160.3	31.2
160.4	30.3
160.5	35.14444444
160.6	41.5
160.7	50.4375
160.8	55.7
160.9	57.41111111
161	58.89663866
161.1	60.3
161.2	57.775
161.3	51.1
161.4	45.9
161.5	39.76666667
161.6	36.23555556
161.7	34.79333333
161.8	34.895
161.9	35.9
162	35.13336831
162.1	34.3
162.2	33.34
162.3	32.7
162.4	33.2
162.5	34.1
162.6	35.95
162.7	38.15384615
162.8	39.16923077
162.9	40.1
163	41.27
163.1	42.9
163.2	45.32
163.3	47.3
163.4	45.58
163.5	44.3
163.6	41.55555556
163.7	39.4
163.8	37.21428571
163.9	34.6
164	31.7
164.1	31.3
164.2	33.3
164.3	33.9
164.4	33.9
164.5	33.58
164.6	33.1
164.7	31.87818182
164.8	30.3
164.9	30.80985325
165	32.68993711
165.1	35
165.2	38.3
165.3	40.7
165.4	43.1
165.5	45.8875
165.6	49.3
165.7	50.08666667
165.8	50.40666667
165.9	50.7
166	50.9
166.1	49.9
166.2	47.8
166.3	45.7
166.4	44.1
166.5	44.95555556
166.6	46
166.7	49.3
166.8	51.7
166.9	45.44285714
167	40.5
167.1	36.67333333
167.2	34.61333333
167.3	34.3
167.4	34.5
167.5	36.4
167.6	38.33428571
167.7	39.84666667
167.8	42.59
167.9	46.72
168	52.83529412
168.1	59.56823529
168.2	66.30117647
168.3	79.5
168.4	78.1
168.5	74.56666667
168.6	71.3
168.7	65.7
168.8	63.1
168.9	57.5
169	55.1
169.1	51.5
169.2	48.7
169.3	42.5
169.4	42.16
169.5	42.5
169.6	45.44
169.7	49.1
169.8	51.25333333
169.9	54.06
170	60.33966422
170.1	66
170.2	72.3
170.3	75.49
170.4	79.12
170.5	81.9
170.6	81.7
170.7	79.8
170.8	75.1
170.9	71.4
171	70.2
171.1	69.1
171.2	68.125
171.3	67.7
171.4	67.7
171.5	68.6
171.6	69.6
171.7	68.5
171.8	65.5
171.9	64.62857143
172	64.56
172.1	65.26666667
172.2	66.62666667
172.3	68.1
172.4	69.9
172.5	72.95
172.6	77
172.7	78.5
172.8	78.7
172.9	72.68571429
173	66.8
173.1	63.45714286
173.2	61.7
173.3	63.3
173.4	64.42
173.5	62.5
173.6	61.1
173.7	62.67142857
173.8	63.3
173.9	59.3
174	58.20538922
174.1	57.3
174.2	57.3
174.3	59.18
174.4	60.22
174.5	61.05294118
174.6	61.9
174.7	63.68
174.8	66.23666667
174.9	68.79333333
175	71.63333333
175.1	75.30444444
175.2	80.02666667
175.3	86.708
175.4	89.8675
175.5	92.375
175.6	94.74
175.7	95.9
175.8	92.54285714
175.9	88.1
176	85.7
176.1	79.1
176.2	75.828
176.3	73.3
176.4	77.892
176.5	85.3
176.6	91.292
176.7	98.36666667
176.8	104.64
176.9	109.5
177	107.9
177.1	106.7
177.2	105.57
177.3	104.3
177.4	101.3
177.5	98.1
177.6	93.46857143
177.7	88.436
177.8	78.952
177.9	73.34
178	69.3
178.1	67.7
178.2	71.92166667
178.3	75.95333333
178.4	79.05
178.5	81.36666667
178.6	83.1
178.7	82.63142857
178.8	80.3
178.9	79.9
179	80.94
179.1	82.9
179.2	87.1
179.3	85.9
179.4	83.3
179.5	79.46666667
179.6	72.9
179.7	69.604
179.8	64.1
179.9	60.83777778
180	57.5
180.1	57.5
180.2	59.69230769
180.3	61.4
180.4	61.7
180.5	60.4625
180.6	59.5
180.7	59.9
180.8	59.22
180.9	57.6
181	56.7
181.1	57.1
181.2	59.80545455
181.3	63.66727273
181.4	65.7
181.5	65.3
181.6	65.8
181.7	67.7
181.8	67.7
181.9	65.95
182	64.10625
182.1	62.7
182.2	64.02444444
182.3	68.22
182.4	71.55
182.5	75.1
182.6	75.9
182.7	73.9
182.8	69.2
182.9	64.3
183	64.6
183.1	65.44285714
183.2	66.36
183.3	68.40666667
183.4	73.72153846
183.5	79.53076923
183.6	83.5
183.7	88.12977778
183.8	86.34666667
183.9	84.5
184	83.2
184.1	82.02
184.2	80.84
184.3	79.7
184.4	80.5
184.5	82.1
184.6	85.51333333
184.7	89.185
184.8	94.3
184.9	99.548
185	107.9
185.1	108.1
185.2	106.1
185.3	99.732
185.4	89.53428571
185.5	82.3
185.6	76.912
185.7	75.5
185.8	85.01333333
185.9	87.3
186	78.3
186.1	74.3
186.2	65.3
186.3	63.89294118
186.4	63.33764706
186.5	62.78235294
186.6	62.5
186.7	64.1
186.8	66.7
186.9	66.3
187	64
187.1	63.1
187.2	61.1
187.3	56.68666667
187.4	52.5
187.5	49.95
187.6	47.7
187.7	50.1
187.8	56.60470588
187.9	63.33764706
188	69.5
188.1	73.98
188.2	77.10666667
188.3	79.86
188.4	81.5
188.5	82.7
188.6	81.16
188.7	77.62
188.8	75.5
188.9	75.9
189	79.21449953
189.1	83.1
189.2	85
189.3	85.7
189.4	80.51
189.5	73.1
189.6	69.2
189.7	65.2
189.8	60.3
189.9	54.1
190	50.46
190.1	46.3
190.2	44.3
190.3	42.3037037
190.4	40.12592593
190.5	37.94814815
190.6	35.77037037
190.7	34.4
190.8	34.74
190.9	35
191	34.05212922
191.1	32.26064611
191.2	30.469163
191.3	28.51176471
191.4	26.35882353
191.5	24.20588235
191.6	22.56285714
191.7	21.644
191.8	21.5
191.9	21.7
192	25.5
192.1	26.856
192.2	27.39333333
192.3	27.65111111
192.4	27.465
192.5	27.175
192.6	26.9
192.7	27.5
192.8	28.28666667
192.9	28.9
193	29.1
193.1	28.8976
193.2	28.3872
193.3	27.8768
193.4	27.3664
193.5	26.9
193.6	26.7
193.7	27.32
193.8	28.48
193.9	29.5
194	29.37161198
194.1	29.07375178
194.2	28.9
194.3	29.5875
194.4	30.1
194.5	29.3
194.6	27.86
194.7	26.3
194.8	26
194.9	25.98740741
195	26.33703704
195.1	26.68666667
195.2	26.9
195.3	26.9
195.4	26.42555556
195.5	25.96666667
195.6	25.5
195.7	25.69333333
195.8	25.9
195.9	25.7
196	25.47730915
196.1	25.23842261
196.2	24.99953606
196.3	25.02727273
196.4	25.24545455
196.5	25.60849673
196.6	26.01982571
196.7	26.43115468
196.8	26.84248366
196.9	27.25381264
197	27.7
197.1	27.85428571
197.2	27.81809524
197.3	27.70571429
197.4	27.59333333
197.5	27.52666667
197.6	27.684
197.7	27.84133333
197.8	28.16909091
197.9	28.59818182
198	29
198.1	29.27846154
198.2	29.18769231
198.3	29.1
198.4	29.1
198.5	29.25
198.6	29.545
198.7	29.90631579
198.8	30.34105263
198.9	30.77578947
199	31.22141653
199.1	31.42857143
199.2	31.05
199.3	30.05
199.4	29.05
199.5	28.3
