DEPT	GR
400.1	101.34730539
400.2	100.60878244
400.3	99.79041916
400.4	100.4491018
400.5	99.25149701
400.6	97.45508982
400.7	97.15568862
400.8	98.65269461
400.9	101.64670659
401	101.94610778
401.1	102.76946108
401.2	103.68263473
401.3	105.23952096
401.4	105.08982036
401.5	102.99401198
401.6	102.84431138
401.7	105.83832335
401.8	109.28143713
401.9	110.32934132
402	106.44953616
402.1	104.09181637
402.2	102.24550898
402.3	101.54491018
402.4	99.52844311
402.5	96.59431138
402.6	94.76047904
402.7	96.85628743
402.8	102.24550898
402.9	108.23353293
403	110.92814371
403.1	110.17964072
403.2	110.92814371
403.3	113.17365269
403.4	112.1257485
403.5	111.52694611
403.6	113.47305389
403.7	115.86826347
403.8	115.81836327
403.9	115.11976048
404	115.71856287
404.1	114.52095808
404.2	113.92215569
404.3	117.81437126
404.4	120.80838323
404.5	122.60479042
404.6	123.50299401
404.7	122.43263473
404.8	120.43787425
404.9	119.03592814
405	117.51497006
405.1	117.5748503
405.2	117.81437126
405.3	116.06586826
405.4	113.62275449
405.5	113.0239521
405.6	112.4251497
405.7	115.41916168
405.8	118.18862275
405.9	120.80838323
406	121.70658683
406.1	119.91017964
406.2	116.01796407
406.3	114.37125749
406.4	114.52095808
406.5	114.37125749
406.6	115.56886228
406.7	119.16167665
406.8	121.10778443
406.9	119.01197605
407	118.71257485
407.1	119.91017964
407.2	120.50898204
407.3	119.61077844
407.4	118.41317365
407.5	114.67065868
407.6	114.52095808
407.7	116.46706587
407.8	118.56287425
407.9	119.01197605
408	119.61077844
408.1	119.34131737
408.2	118.71257485
408.3	116.61676647
408.4	116.01796407
408.5	116.31736527
408.6	114.07185629
408.7	112.7245509
408.8	113.92215569
408.9	115.41916168
409	115.41916168
409.1	115.20958084
409.2	114.82035928
409.3	113.0239521
409.4	110.77844311
409.5	110.62874251
409.6	111.9760479
409.7	112.4251497
409.8	110.32934132
409.9	108.08383234
410	107.93413174
410.1	112.68463074
410.2	113.62275449
410.3	112.5249501
410.4	111.52694611
410.5	110.56886228
410.6	109.13173653
410.7	109.13173653
410.8	110.44535928
410.9	112.34281437
411	115.1462897
411.1	118.41317365
411.2	119.61077844
411.3	119.26147705
411.4	118.78742515
411.5	118.41317365
411.6	118.83233533
411.7	117.79565868
411.8	115.8495509
411.9	113.90344311
412	111.95733533
412.1	110.92814371
412.2	113.32335329
412.3	114.52095808
412.4	115.11976048
412.5	116.23182207
412.6	117.60051326
412.7	118.71257485
412.8	117.96407186
412.9	115.86826347
413	111.82634731
413.1	111.52694611
413.2	111.07784431
413.3	110.39349872
413.4	110.56458512
413.5	109.63073852
413.6	107.63473054
413.7	104.06686627
413.8	101.34730539
413.9	100.5988024
414	103.36826347
414.1	108.23353293
414.2	112.1257485
414.3	113.92215569
414.4	111.67664671
414.5	107.74700599
414.6	103.74251497
414.7	102.84431138
414.8	103.74251497
414.9	107.78443114
415	110.76896839
415.1	111.22754491
415.2	108.53293413
415.3	107.63473054
415.4	107.93413174
415.5	110.32934132
415.6	111.82634731
415.7	109.79041916
415.8	108.53293413
415.9	109.82035928
416	110.32934132
416.1	110.55405181
416.2	112.2754491
416.3	116.01796407
416.4	117.58982036
416.5	117.21556886
416.6	116.27994012
416.7	114.78293413
416.8	112.4750499
416.9	109.13173653
417	107.33532934
417.1	110.32934132
417.2	110.55389222
417.3	109.76796407
417.4	109.43113772
417.5	108.83233533
417.6	109.73053892
417.7	112.2754491
417.8	112.5748503
417.9	110.00538191
418	106.73652695
418.1	105.2994012
418.2	104.04191617
418.3	106.43712575
418.4	109.91017964
418.5	113.32335329
418.6	115.41916168
418.7	116.9760479
418.8	117.81437126
418.9	119.13173653
419	121.73127971
419.1	123.95209581
419.2	125
419.3	125.2994012
419.4	124.7005988
419.5	119.53592814
419.6	114.94510978
419.7	110.77844311
419.8	109.43113772
419.9	110.02994012
420	111.4851692
420.1	112.85545189
420.2	113.62275449
420.3	114.82035928
420.4	113.75449102
420.5	111.02794411
420.6	110.11227545
420.7	110.41916168
420.8	110.62874251
420.9	112.1257485
421	112.57760553
421.1	112.1257485
421.2	112.5748503
421.3	114.67065868
421.4	116.91616766
421.5	119.01197605
421.6	122.60479042
421.7	122.60479042
421.8	120.80838323
421.9	122.52994012
422	124.7005988
422.1	126.94610778
422.2	127.39520958
422.3	128.89221557
422.4	131.28742515
422.5	134.58083832
422.6	137.8742515
422.7	138.77245509
422.8	135.47904192
422.9	133.38323353
423	132.18562874
423.1	130.68862275
423.2	125.54436581
423.3	120.97169298
423.4	117.51497006
423.5	116.61676647
423.6	117.81437126
423.7	119.3488024
423.8	121.70658683
423.9	123.63198297
424	123.97595352
424.1	123.71257485
424.2	122.69461078
424.3	120.50898204
424.4	120.20958084
424.5	120.20958084
424.6	119.61077844
424.7	118.27630453
424.8	116.34730539
424.9	113.62275449
425	113.0239521
425.1	114.75620188
425.2	116.98032506
425.3	118.41317365
425.4	119.31137725
425.5	119.31137725
425.6	120.61591104
425.7	122.49786142
425.8	123.76497006
425.9	124.10179641
426	121.70658683
426.1	120.50898204
426.2	120.05988024
426.3	119.31137725
426.4	119.81037924
426.5	120.50898204
426.6	120.20958084
426.7	116.16766467
426.8	113.0239521
426.9	112.4251497
427	114.52095808
427.1	118.11377246
427.2	118.41317365
427.3	115.97519247
427.4	113.62275449
427.5	114.22155689
427.6	113.92215569
427.7	115.07185629
427.8	117.09580838
427.9	119.5508982
428	120.50898204
428.1	120.35928144
428.2	119.31137725
428.3	119.91017964
428.4	119.91017964
428.5	119.91017964
428.6	120.35928144
428.7	123.65269461
428.8	126.49700599
428.9	128.59281437
429	129.49101796
429.1	127.3752495
429.2	123.14703925
429.3	118.71257485
429.4	116.37724551
429.5	113.92215569
429.6	113.0239521
429.7	115.11976048
429.8	119.01197605
429.9	121.39221557
430	121.52299175
430.1	120.84830339
430.2	118.71257485
430.3	117.81437126
430.4	118.51047904
430.5	118.26347305
430.6	117.95908184
430.7	118.11377246
430.8	116.34131737
430.9	114.82035928
431	115.47123145
431.1	116.84131737
431.2	119.98502994
431.3	122.10778443
431.4	124.97005988
431.5	127.99401198
431.6	129.49101796
431.7	128.1497006
431.8	126.13772455
431.9	121.57049537
432	116.44355916
432.1	113.47305389
432.2	113.69760479
432.3	114.82035928
432.4	113.73502994
432.5	112.4251497
432.6	112.4251497
432.7	113.0239521
432.8	119.22155689
432.9	125.2994012
433	127.69461078
433.1	129.79041916
433.2	127.35778443
433.3	119.01197605
433.4	115.41916168
433.5	113.77245509
433.6	112.7245509
433.7	114.37125749
433.8	117.36526946
433.9	119.31137725
434	121.66704327
434.1	124.957067
434.2	127.99401198
434.3	127.69461078
434.4	124.4011976
434.5	122.60479042
434.6	121.27031651
434.7	120.20958084
434.8	119.91017964
434.9	119.91017964
435	120.89744562
435.1	122.00598802
435.2	125.30538922
435.3	129.19161677
435.4	129.25149701
435.5	126.79640719
435.6	123.35928144
435.7	118.90932421
435.8	114.52095808
435.9	112.7245509
436	113.92215569
436.1	115.56886228
436.2	116.76646707
436.3	117.81437126
436.4	123.20359281
436.5	127.54491018
436.6	130.08982036
436.7	130.68862275
436.8	125.64870259
436.9	120.19294744
437	114.67065868
437.1	111.9760479
437.2	114.84530938
437.3	117.96407186
437.4	118.71257485
437.5	118.6002994
437.6	118.86227545
437.7	120.50898204
437.8	122.90419162
437.9	124.7005988
438	124.02333265
438.1	122.93970679
438.2	122.00598802
438.3	122.00598802
438.4	122.17279726
438.5	122.00598802
438.6	120.69406641
438.7	119.35492651
438.8	118.11377246
438.9	117.01596806
439	116.61676647
439.1	119.30735598
439.2	121.70549012
439.3	125.1710864
439.4	129.79041916
439.5	131.46706587
439.6	132.48502994
439.7	129.17290419
439.8	124.83158683
439.9	122.60479042
440	124.28143713
440.1	127.15568862
440.2	130.38922156
440.3	131.13772455
440.4	132.18562874
440.5	131.28742515
440.6	128.28189774
440.7	125.61031783
440.8	122.60479042
440.9	122.75449102
441	122.45508982
441.1	116.64670659
441.2	109.73053892
441.3	107.48502994
441.4	109.43113772
441.5	114.19660679
441.6	119.61077844
441.7	127.69461078
441.8	135.77844311
441.9	141.16766467
442	141.46706587
442.1	135.65868263
442.2	130.38922156
442.3	130.31736527
442.4	133.08383234
442.5	132.78443114
442.6	134.21656687
442.7	133.50299401
442.8	128.44311377
442.9	124.7005988
443	123.44929306
443.1	122.60479042
443.2	124.35129741
443.3	126.34730539
443.4	127.69461078
443.5	127.69461078
443.6	126.19760479
443.7	124.10179641
443.8	123.65269461
443.9	121.40718563
444	117.56487026
444.1	114.37125749
444.2	114.37125749
444.3	115.71856287
444.4	116.01796407
444.5	116.01796407
444.6	117.21556886
444.7	120.50898204
444.8	125.2994012
444.9	127.99401198
445	131.58682635
445.1	131.58682635
445.2	126.96749358
445.3	122.60479042
445.4	120.20958084
445.5	121.70658683
445.6	125.1497006
445.7	127.69461078
445.8	130.68862275
445.9	131.58682635
446	134.72649296
446.1	139.27091762
446.2	140.86826347
446.3	136.81636727
446.4	133.08383234
446.5	131.58682635
446.6	129.17165669
446.7	125.5988024
446.8	126.39081753
446.9	129.13538086
447	131.8799442
447.1	134.28143713
447.2	132.93413174
447.3	127.37649701
447.4	120.80838323
447.5	118.29341317
447.6	115.86826347
447.7	114.22155689
447.8	118.41317365
447.9	123.00475385
448	128.89221557
448.1	133.69352205
448.2	139.16167665
448.3	143.96207585
448.4	145.05988024
448.5	145.05988024
448.6	142.96407186
448.7	137.7245509
448.8	134.88023952
448.9	134.28143713
449	133.68263473
449.1	132.78443114
449.2	127.61976048
449.3	123.05389222
449.4	117.36526946
449.5	108.83233533
449.6	105.68862275
449.7	100.1497006
449.8	88.17365269
449.9	76.49700599
450	67.66467066
450.1	61.82634731
450.2	61.52694611
450.3	66.41092814
450.4	70.50898204
450.5	70.50898204
450.6	64.22155689
450.7	52.95658683
450.8	41.27994012
450.9	28.74251497
451	19.46107784
451.1	13.95958084
451.2	9.73053892
451.3	8.83233533
451.4	8.83233533
451.5	9.10179641
451.6	9.34131737
451.7	9.43113772
451.8	9.43113772
451.9	9.23866553
452	8.90718563
452.1	8.23353293
452.2	8.38323353
452.3	9.28143713
452.4	10.82834331
452.5	12.45508982
452.6	13.92215569
452.7	15.51442569
452.8	16.92977681
452.9	17.99401198
453	18.41317365
453.1	18.53565596
453.2	18.64452912
453.3	18.71257485
453.4	18.71257485
453.5	18.41317365
453.6	18.11377246
453.7	19.01197605
453.8	21.10778443
453.9	21.08583879
454	20.50898204
454.1	20.94011976
454.2	20.90568862
454.3	21.10778443
454.4	22.03925482
454.5	23.40319361
454.6	24.7005988
454.7	24.55688623
454.8	24.10179641
454.9	24.10179641
455	24.24595254
455.1	24.6399793
455.2	24.4011976
455.3	25.2994012
455.4	25.89820359
455.5	25.41916168
455.6	25.20292748
455.7	25.07318696
455.8	25.19086826
455.9	25.62874251
456	26.05076471
456.1	26.49700599
456.2	25.89820359
456.3	24.4011976
456.4	23.80239521
456.5	23.80239521
456.6	24.7005988
456.7	24.25149701
456.8	23.05389222
456.9	21.70658683
457	19.84602224
457.1	17.27972626
457.2	14.52095808
457.3	11.82634731
457.4	10.77844311
457.5	10.62874251
457.6	10.62874251
457.7	11.37724551
457.8	12.09580838
457.9	12.7245509
458	12.4251497
458.1	12.4251497
458.2	12.7245509
458.3	14.34131737
458.4	15.74850299
458.5	16.91616766
458.6	18.08383234
458.7	18.89221557
458.8	19.61077844
458.9	19.73152057
459	19.86232453
459.1	19.62710942
459.2	19.18072945
459.3	18.71257485
459.4	19.31993157
459.5	20.72284003
459.6	22.48502994
459.7	24.58939264
459.8	25.5988024
459.9	25.5988024
460	25.2994012
460.1	25.2994012
460.2	26.87125749
460.3	28.14371257
460.4	30.6511976
460.5	32.48502994
460.6	31.96107784
460.7	31.43712575
460.8	30.98802395
460.9	31.82634731
461	32.18562874
461.1	31.96107784
461.2	32.20701454
461.3	32.78443114
461.4	32.48502994
461.5	31.90761334
461.6	31.0254491
461.7	29.94011976
461.8	30.08982036
461.9	30.98802395
462	31.28742515
462.1	32.18562874
462.2	32.78443114
462.3	32.06586826
462.4	31.58682635
462.5	30.18962076
462.6	27.80838323
462.7	25.5988024
462.8	25.69610778
462.9	26.00299401
463	26.49700599
463.1	27.39520958
463.2	29.76047904
463.3	32.18562874
463.4	32.78443114
463.5	30.98802395
463.6	27.09580838
463.7	23.20359281
463.8	19.01197605
463.9	16.31736527
464	14.93637725
464.1	13.62275449
464.2	14.52095808
464.3	16.27459367
464.4	18.49550898
464.5	21.25748503
464.6	24.17664671
464.7	27.09580838
464.8	30.7005988
464.9	31.88622754
465	31.88622754
465.1	29.49101796
465.2	28.59281437
465.3	27.99401198
465.4	25.53892216
465.5	23.20359281
465.6	19.99251497
465.7	16.78143713
465.8	13.32335329
465.9	12.02994012
466	11.14715601
466.1	10.62874251
466.2	10.40419162
466.3	9.68776732
466.4	8.53293413
466.5	8.18363273
466.6	7.78443114
466.7	7.38522954
466.8	7.03592814
466.9	7.42087254
467	8.13997006
467.1	9.48727545
467.2	12.1257485
467.3	13.17365269
467.4	14.52095808
467.5	16.31736527
467.6	19.16167665
467.7	22.00598802
467.8	24.25149701
467.9	24.17664671
468	23.46556886
468.1	22.75449102
468.2	22.78443114
468.3	23.20359281
468.4	23.20359281
468.5	24.25149701
468.6	25.4491018
468.7	26.48339684
468.8	27.24550898
468.9	28.00762112
469	28.54651522
469.1	29.02694611
469.2	30.03493014
469.3	31.46706587
469.4	31.88622754
469.5	30.86826347
469.6	30.38922156
469.7	29.97005988
469.8	29.56087824
469.9	29.19161677
470	29.49101796
470.1	30.98802395
470.2	32.18562874
470.3	32.29790419
470.4	32.48502994
470.5	32.78443114
470.6	31.09495295
470.7	28.18648417
470.8	26.79640719
470.9	28.38119572
471	30.68862275
471.1	30.08982036
471.2	28.86227545
471.3	26.9332763
471.4	25.86826347
471.5	27.09580838
471.6	28.29341317
471.7	28.29341317
471.8	28.52295409
471.9	28.25349301
472	27.99401198
472.1	28.59281437
472.2	30.81337325
472.3	32.33532934
472.4	32.18562874
472.5	31.76646707
472.6	30.68862275
472.7	30.68862275
472.8	30.68862275
472.9	29.8502994
473	27.43263473
473.1	25.89820359
473.2	27.39520958
473.3	31.28742515
473.4	35.47904192
473.5	35.77844311
473.6	28.81736527
473.7	22.00598802
473.8	15.41916168
473.9	12.7245509
474	11.22754491
474.1	10.72188955
474.2	10.98137059
474.3	11.22754491
474.4	10.62874251
474.5	10.62874251
474.6	10.89820359
474.7	11.97005988
474.8	12.7245509
474.9	13.80408198
475	15.11976048
475.1	14.82035928
475.2	13.32335329
475.3	11.22754491
475.4	10.62874251
475.5	12.01347305
475.6	14.67065868
475.7	18.26347305
475.8	23.20359281
475.9	29.74051896
476	37.5914837
476.1	44.46107784
476.2	52.54491018
476.3	58.65269461
476.4	62.7245509
476.5	66.31736527
476.6	70.50898204
476.7	78.59281437
476.8	78.89221557
476.9	72.45508982
477	66.34231537
477.1	60.32934132
477.2	58.68263473
477.3	62.4465355
477.4	68.41317365
477.5	68.71257485
477.6	68.71257485
477.7	69.76047904
477.8	73.80239521
477.9	77.54491018
478	81.28742515
478.1	83.05389222
478.2	83.68263473
478.3	83.38323353
478.4	83.83233533
478.5	83.23353293
478.6	80.98802395
478.7	76.08117099
478.8	70.62541583
478.9	65.71856287
479	61.22754491
479.1	60.47904192
479.2	60.47904192
479.3	60.17964072
479.4	58.53293413
479.5	51.64670659
479.6	46.58183633
479.7	42.21556886
479.8	41.61676647
479.9	44.46107784
480	47.98584649
480.1	52.01415351
480.2	55.53892216
480.3	58.23353293
480.4	61.16338751
480.5	64.82035928
480.6	68.11377246
480.7	74.10179641
480.8	79.79041916
480.9	82.63473054
481	82.55011716
481.1	80.98802395
481.2	79.79041916
481.3	81.62959795
481.4	85.13686912
481.5	90.56886228
481.6	95.95808383
481.7	98.35329341
481.8	101.61676647
481.9	103.74251497
482	99.70658683
482.1	94.40359281
482.2	88.64414029
482.3	81.97177074
482.4	77.09580838
482.5	73.75962361
482.6	70.1257485
482.7	67.51497006
482.8	69.53892216
482.9	72.90419162
483	73.81736527
483.1	74.7005988
483.2	73.21107784
483.3	71.70658683
483.4	72.00598802
483.5	75.5489022
483.6	80.25449102
483.7	82.48502994
483.8	83.08383234
483.9	86.63173653
484	88.77245509
484.1	84.88023952
484.2	77.69461078
484.3	70.50898204
484.4	65.56886228
484.5	64.82035928
484.6	65.11976048
484.7	63.92215569
484.8	57.63473054
484.9	56.88622754
485	58.53293413
485.1	60.59131737
485.2	62.3609923
485.3	64.58511548
485.4	66.16766467
485.5	67.49358426
485.6	69.03336185
485.7	69.61077844
485.8	68.71257485
485.9	66.76646707
486	63.77245509
486.1	63.77245509
486.2	66.55260907
486.3	70.20958084
486.4	70.65868263
486.5	68.71257485
486.6	64.22155689
486.7	58.98203593
486.8	52.99401198
486.9	47.75449102
487	42.67078089
487.1	37.09825247
487.2	31.56686627
487.3	26.11776447
487.4	23.20359281
487.5	22.30538922
487.6	22.49500998
487.7	22.30538922
487.8	22.51526155
487.9	23.68455023
488	25
488.1	25
488.2	24.4011976
488.3	24.8502994
488.4	25.74850299
488.5	29.19161677
488.6	34.41242515
488.7	41.1489521
488.8	48.60279441
488.9	57.25216234
489	64.82035928
489.1	81.18049615
489.2	91.27459367
489.3	96.25748503
489.4	94.46107784
489.5	87.78443114
489.6	79.19161677
489.7	62.1257485
489.8	49.3798118
489.9	36.67664671
490	33.22055677
490.1	30.10179641
490.2	28.59281437
490.3	28.89221557
490.4	31.83832335
490.5	35.94952951
490.6	40.56886228
490.7	48.95209581
490.8	54.94011976
490.9	62.6390077
491	69.91017964
491.1	82.59716236
491.2	95.82168995
491.3	109.9334664
491.4	120.21956088
491.5	121.10778443
491.6	107.94696322
491.7	99.25149701
491.8	101.64670659
491.9	107.03592814
492	108.83233533
492.1	99.25149701
492.2	88.42315369
492.3	76.19760479
492.4	74.7005988
492.5	80.23952096
492.6	86.37724551
492.7	93.56287425
492.8	103.14371257
492.9	108.23353293
493	104.34131737
493.1	94.46107784
493.2	79.79041916
493.3	65.56886228
493.4	51.34730539
493.5	45.28443114
493.6	40.56886228
493.7	37.31287425
493.8	34.41866267
493.9	31.88622754
494	30.53892216
494.1	26.79640719
494.2	23.01646707
494.3	21.55688623
494.4	21.10778443
494.5	21.29491018
494.6	21.10778443
494.7	21.10778443
494.8	22.28667665
494.9	23.80239521
495	23.80239521
495.1	23.17864271
495.2	22.30538922
495.3	20.95808383
495.4	19.61077844
495.5	19.61077844
495.6	19.91017964
495.7	19.91017964
495.8	20.20958084
495.9	21.78143713
496	23.72074034
496.1	25.89820359
496.2	28.07566685
496.3	28.74251497
496.4	25.80464072
496.5	22.36152695
496.6	19.76047904
496.7	19.22155689
496.8	19.01197605
496.9	19.3488024
497	19.61077844
497.1	20.28443114
497.2	21.40718563
497.3	23.10379242
497.4	25.2328676
497.5	27.09580838
497.6	30.23952096
497.7	33.38323353
497.8	36.17764471
497.9	39.37125749
498	43.86227545
498.1	47.84431138
498.2	51.34730539
498.3	52.84431138
498.4	56.40718563
498.5	61.30239521
498.6	64.37125749
498.7	63.77245509
498.8	64.22155689
498.9	63.62275449
499	58.53293413
499.1	52.54491018
499.2	51.79640719
499.3	51.49700599
499.4	50.1497006
499.5	49.94011976
499.6	50.1497006
499.7	50.4491018
499.8	52.47005988
499.9	52.84431138
500	49.25149701
500.1	47.15568862
500.2	45.05988024
500.3	43.56287425
500.4	42.03592814
500.5	40.56886228
500.6	37.4251497
500.7	34.28143713
500.8	31.88622754
500.9	31.58682635
501	32.71789754
501.1	34.04856953
501.2	35.17964072
501.3	35.47904192
501.4	36.07784431
501.5	39.67065868
501.6	39.67065868
501.7	36.03507271
501.8	32.18562874
501.9	31.28742515
502	32.04516892
502.1	32.78443114
502.2	32.78443114
502.3	33.67065868
502.4	35.17964072
502.5	38.24018629
502.6	41.37724551
502.7	42.96407186
502.8	42.96407186
502.9	42.06586826
503	39.67065868
503.1	37.8742515
503.2	39.26147705
503.3	42.33105218
503.4	45.66295979
503.5	47.45508982
503.6	47.45508982
503.7	46.25748503
503.8	43.56886228
503.9	40.90818363
504	39.97005988
504.1	41.21043627
504.2	42.92130026
504.3	45.65868263
504.4	45.95808383
504.5	44.76047904
504.6	40.26946108
504.7	39.22155689
504.8	39.52095808
504.9	42.96407186
505	45.95808383
505.1	47.00598802
505.2	47.45508982
505.3	47.00598802
505.4	45.20958084
505.5	44.16167665
505.6	44.16167665
505.7	44.91017964
505.8	45.50898204
505.9	45.95808383
506	46.875
506.1	48.05389222
506.2	48.35329341
506.3	47.69461078
506.4	46.85628743
506.5	46.55688623
506.6	45.95808383
506.7	46.10778443
506.8	48.05389222
506.9	48.20359281
507	46.25748503
507.1	45.35928144
507.2	46.48203593
507.3	46.40718563
507.4	45.05988024
507.5	45.05988024
507.6	44.22155689
507.7	42.70209581
507.8	41.46706587
507.9	41.61676647
508	43.56287425
508.1	47.01197605
508.2	48.65269461
508.3	48.38323353
508.4	47.75449102
508.5	47.75449102
508.6	47.90918164
508.7	48.11377246
508.8	48.31836327
508.9	48.49871685
509	48.65269461
509.1	47.90419162
509.2	47.90419162
509.3	48.80239521
509.4	50.1497006
509.5	50.74850299
509.6	47.90419162
509.7	48.05389222
509.8	49.4011976
509.9	50.1497006
510	49.5508982
510.1	47.75449102
510.2	44.46107784
510.3	42.96407186
510.4	42.99401198
510.5	44.49434464
510.6	45.95808383
510.7	47.91417166
510.8	49.82368596
510.9	50.65868263
511	51.04790419
511.1	50.4491018
511.2	50.74850299
511.3	53.44311377
511.4	55.68862275
511.5	55.53892216
511.6	54.49101796
511.7	52.84431138
511.8	51.19760479
511.9	51.19760479
512	51.19760479
512.1	48.65269461
512.2	48.35329341
512.3	49.31565441
512.4	50.1710864
512.5	51.02651839
512.6	52.54491018
512.7	55.53892216
512.8	59.80538922
512.9	63.17365269
513	63.32335329
513.1	60.42460533
513.2	58.13826892
513.3	56.13772455
513.4	53.44311377
513.5	52.54491018
513.6	52.99401198
513.7	55.53892216
513.8	58.23353293
513.9	58.83233533
514	58.38323353
514.1	56.88622754
514.2	55.53892216
514.3	55.53892216
514.4	55.83832335
514.5	56.73652695
514.6	59.28143713
514.7	58.73253493
514.8	58.23353293
514.9	58.68263473
515	59.13173653
515.1	58.83233533
515.2	59.13173653
515.3	60.62874251
515.4	63.0239521
515.5	64.22155689
515.6	63.92215569
515.7	62.2754491
515.8	62.5748503
515.9	63.77245509
516	64.82035928
516.1	64.07185629
516.2	63.32335329
516.3	63.13088109
516.4	62.7245509
516.5	61.82634731
516.6	62.29416168
516.7	63.04266467
516.8	63.17365269
516.9	61.37724551
517	60.02994012
517.1	60.62874251
517.2	60.92814371
517.3	60.17964072
517.4	58.35329341
517.5	55.83832335
517.6	55.68862275
517.7	55.53892216
517.8	56.13772455
517.9	57.33532934
518	57.93413174
518.1	57.63473054
518.2	55.38922156
518.3	55.53892216
518.4	54.88023952
518.5	54.04191617
518.6	53.74251497
518.7	53.74251497
518.8	53.74251497
518.9	54.04191617
519	55.83832335
519.1	59.43113772
519.2	60.62874251
519.3	59.73053892
519.4	58.89649273
519.5	58.03393214
519.6	57.21556886
519.7	55.97139055
519.8	54.60745176
519.9	53.74251497
520	53.74251497
520.1	53.14371257
520.2	51.64670659
520.3	50.74850299
520.4	52.22155689
520.5	53.14371257
520.6	52.95076514
520.7	52.6912841
520.8	52.54491018
520.9	54.34131737
521	57.10329341
521.1	60.38922156
521.2	65.16167665
521.3	70.62874251
521.4	75.64371257
521.5	80.74850299
521.6	86.37724551
521.7	86.67664671
521.8	84.59580838
521.9	82.75449102
522	80.92937836
522.1	77.39520958
522.2	71.31736527
522.3	65.11976048
522.4	64.37125749
522.5	67.66467066
522.6	72.75449102
522.7	78.89221557
522.8	80.11477046
522.9	81.28742515
523	80.08982036
523.1	78.29341317
523.2	74.99001996
523.3	71.19760479
523.4	69.01197605
523.5	66.61676647
523.6	61.74850299
523.7	57.81437126
523.8	57.33532934
523.9	57.33532934
524	51.94610778
524.1	47.75449102
524.2	40.26946108
524.3	34.58083832
524.4	32.78443114
524.5	32.78443114
524.6	33.03393214
524.7	33.38323353
524.8	33.08383234
524.9	31.58682635
525	31.28742515
525.1	30.25449102
525.2	29.19161677
525.3	27.39520958
525.4	26.79640719
525.5	28.59281437
525.6	31.45708583
525.7	33.88223553
525.8	33.98203593
525.9	30.76047904
526	27.09580838
526.1	22.88305741
526.2	20.50898204
526.3	19.31137725
526.4	19.01197605
526.5	19.10179641
526.6	19.21856287
526.7	19.13173653
526.8	18.36077844
526.9	18.11377246
527	18.66798318
527.1	19.33048796
527.2	19.91017964
527.3	19.91017964
527.4	19.83532934
527.5	19.61077844
527.6	18.91217565
527.7	18.11377246
527.8	17.06586826
527.9	16.01796407
528	16.01796407
528.1	17.06586826
528.2	18.11377246
528.3	18.63772455
528.4	19.01197605
528.5	19.01197605
528.6	19.49315654
528.7	20.77630453
528.8	22.05945252
528.9	23.50299401
529	24.56777894
529.1	25.784676
529.2	26.83632735
529.3	26.79640719
529.4	25.89820359
529.5	24.22155689
529.6	22.1007984
529.7	20.20958084
529.8	19.83233533
529.9	19.61077844
530	19.91017964
530.1	21.92976572
530.2	23.20359281
530.3	23.80239521
530.4	22.90419162
530.5	22.60479042
530.6	23.20359281
530.7	25
530.8	27.99401198
530.9	28.29341317
531	27.99401198
531.1	27.99401198
531.2	26.33233533
531.3	24.67065868
531.4	23.20359281
531.5	22.00598802
531.6	21.70658683
531.7	22.47005988
531.8	22.77694611
531.9	22.90419162
532	22.90419162
532.1	24.7005988
532.2	25.2994012
532.3	26.04790419
532.4	28.24351297
532.5	30.68862275
532.6	37.2754491
532.7	44.76047904
532.8	50
532.9	51.64670659
533	50.54921118
533.1	49.25149701
533.2	50.14221557
533.3	51.48203593
533.4	51.07784431
533.5	50.1497006
533.6	48.42600513
533.7	46.25748503
533.8	45.95808383
533.9	45.41916168
534	44.91017964
534.1	48.65269461
534.2	54.19161677
534.3	60.62874251
534.4	65.44535928
534.5	70.50898204
534.6	73.80239521
534.7	73.50299401
534.8	67.22679641
534.9	61.82634731
535	57.03592814
535.1	59.43113772
535.2	65.41916168
535.3	67.81437126
535.4	69.01197605
535.5	70.2245509
535.6	71.30239521
535.7	73.57784431
535.8	75.2994012
535.9	74.5508982
536	73.20359281
536.1	73.20359281
536.2	75.5988024
536.3	83.08383234
536.4	87.2754491
536.5	91.31736527
536.6	93.41317365
536.7	93.86227545
536.8	96.55688623
536.9	100.1497006
537	107.65645365
537.1	117.76646707
537.2	129.19161677
537.3	151.64670659
537.4	169.76047904
537.5	174.7005988
537.6	164.86526946
537.7	154.76047904
537.8	148.05389222
537.9	138.77245509
538	134.37216476
538.1	126.88622754
538.2	114.91017964
538.3	97.69461078
538.4	84.04191617
538.5	80.38922156
538.6	81.88622754
538.7	81.58682635
538.8	73.15369261
538.9	61.43113772
539	48.20359281
539.1	35.51896208
539.2	29.13772455
539.3	25.71856287
539.4	24.4011976
539.5	23.80239521
539.6	23.20359281
539.7	23.47305389
539.8	23.97205589
539.9	23.32335329
540	22.60479042
540.1	22.60479042
540.2	23.80239521
540.3	26.79640719
540.4	28.89221557
540.5	29.79041916
540.6	30.38922156
540.7	31.28742515
540.8	31.04125083
540.9	30.78176979
541	30.68862275
541.1	30.08982036
541.2	30.08982036
541.3	31.45508982
541.4	32.75449102
541.5	34.28143713
541.6	38.32335329
541.7	43.86227545
541.8	53.64520958
541.9	66.66167665
542	86.26101605
542.1	110.32934132
542.2	154.04191617
542.3	186.9760479
542.4	205.83832335
542.5	199.25149701
542.6	155.83832335
542.7	122.15568862
542.8	99.8502994
542.9	95.65868263
543	93.86227545
543.1	81.88622754
543.2	63.13772455
543.3	41.76646707
543.4	33.38323353
543.5	32.78443114
543.6	34.24401198
543.7	34.58083832
543.8	30.08233533
543.9	23.69461078
544	18.71257485
544.1	15.88323353
544.2	15.11976048
544.3	14.82035928
544.4	14.52095808
544.5	13.0239521
544.6	13.0239521
544.7	12.4251497
544.8	10.92814371
544.9	10.32934132
545	10.62874251
545.1	11.46706587
545.2	12.34281437
545.3	13.21856287
545.4	13.62275449
545.5	13.62275449
545.6	12.92215569
545.7	12.22155689
545.8	11.52694611
545.9	11.52694611
546	11.52694611
546.1	11.86377246
546.2	12.76197605
546.3	13.66017964
546.4	14.52095808
546.5	14.52095808
546.6	14.33383234
546.7	13.7452368
546.8	12.98312466
546.9	12.1257485
547	12.1257485
547.1	12.03592814
547.2	11.95608782
547.3	11.8762475
547.4	11.50556031
547.5	10.65012831
547.6	10.02994012
547.7	9.43113772
547.8	9.73053892
547.9	10.66200931
548	11.72654691
548.1	12.7245509
548.2	12.7245509
548.3	11.9760479
548.4	12.1257485
548.5	12.7994012
548.6	13.32335329
548.7	12.8742515
548.8	12.4251497
548.9	12.4251497
549	12.4251497
549.1	11.83435269
549.2	11.52694611
549.3	11.22754491
549.4	11.4011976
549.5	12.00598802
549.6	12.82335329
549.7	13.19161677
549.8	13.55988024
549.9	13.96207585
550	14.07185629
550.1	13.66267465
550.2	13.53293413
550.3	13.92215569
550.4	14.22155689
550.5	13.62275449
550.6	12.39520958
550.7	11.52694611
550.8	11.77516535
550.9	12.55801064
551	13.34085593
551.1	14.22155689
551.2	15.11976048
551.3	14.82035928
551.4	14.47105788
551.5	14.07185629
551.6	13.42315369
551.7	12.7245509
551.8	11.52694611
551.9	11.22754491
552	11.52694611
552.1	11.94610778
552.2	11.37724551
552.3	10.92814371
552.4	11.37724551
552.5	11.67664671
552.6	11.82634731
552.7	13.62275449
552.8	16.16766467
552.9	18.71257485
553	23.87724551
553.1	29.71556886
553.2	36.30239521
553.3	42.06586826
553.4	46.55688623
553.5	48.50299401
553.6	48.50299401
553.7	45.73353293
553.8	42.36526946
553.9	40.86826347
554	37.8742515
554.1	29.97005988
554.2	21.34730539
554.3	16.36869119
554.4	14.43969204
554.5	13.32335329
554.6	12.7245509
554.7	12.7245509
554.8	12.7245509
554.9	12.7245509
555	12.89386355
555.1	13.17153629
555.2	13.44920903
555.3	13.47305389
555.4	12.7245509
555.5	12.01347305
555.6	11.82634731
555.7	10.92814371
555.8	10.92814371
555.9	11.34397871
556	12.0093147
556.1	12.4251497
556.2	13.23353293
556.3	13.95209581
556.4	14.52095808
556.5	13.77245509
556.6	12.8742515
556.7	12.7245509
556.8	14.22155689
556.9	13.92215569
557	12.8742515
557.1	11.82634731
557.2	10.32934132
557.3	10.47904192
557.4	11.19299862
557.5	11.83786274
557.6	12.48272685
557.7	12.8493014
557.8	13.0489022
557.9	13.24850299
558	13.17365269
558.1	12.93413174
558.2	12.7245509
558.3	12.2754491
558.4	12.0425815
558.5	11.9095143
558.6	11.48952096
558.7	10.92814371
558.8	11.12112021
558.9	11.29265486
559	11.46418952
559.1	11.83832335
559.2	12.25299401
559.3	12.24550898
559.4	12.1257485
559.5	12.61227545
559.6	13.37949102
559.7	13.92215569
559.8	13.62275449
559.9	13.0239521
560	13.32335329
560.1	14.22155689
560.2	14.22155689
560.3	15.56886228
560.4	16.91616766
560.5	16.07784431
560.6	14.67065868
560.7	14.59626759
560.8	14.79709293
560.9	14.99791827
561	15.19874362
561.1	15.41916168
561.2	17.25149701
561.3	19.31137725
561.4	19.31137725
561.5	19.31137725
561.6	20.23952096
561.7	21.40718563
561.8	21.40718563
561.9	19.67065868
562	18.41317365
562.1	15.71856287
562.2	13.32335329
562.3	11.37724551
562.4	11.22754491
562.5	11.07784431
562.6	10.92814371
562.7	10.62874251
562.8	10.92814371
562.9	10.92814371
563	10.36158452
563.1	10.02994012
563.2	10.62874251
563.3	10.62874251
563.4	10.05988024
563.5	9.43113772
563.6	9.43113772
563.7	10.25235244
563.8	11.22754491
563.9	13.32335329
564	13.62275449
564.1	13.62275449
564.2	12.8742515
564.3	11.9760479
564.4	11.82634731
564.5	11.82634731
564.6	12.1257485
564.7	12.3396065
564.8	12.7245509
564.9	12.88744785
565	13.0736158
565.1	13.25978375
565.2	13.32335329
565.3	13.32335329
565.4	13.32335329
565.5	12.84431138
565.6	12.67820313
565.7	12.61690448
565.8	12.55560582
565.9	12.49430716
566	12.4251497
566.1	12.19893546
566.2	11.93945442
566.3	11.82634731
566.4	12.34281437
566.5	12.1257485
566.6	12.46706587
566.7	13.26347305
566.8	13.73823781
566.9	13.92215569
567	13.92215569
567.1	13.2754491
567.2	13.0239521
567.3	13.0239521
567.4	13.0239521
567.5	12.7673225
567.6	12.24123182
567.7	11.82634731
567.8	12.4251497
567.9	12.4251497
568	12.1257485
568.1	11.9760479
568.2	12.4251497
568.3	12.4251497
568.4	12.4251497
568.5	12.53742515
568.6	12.83682635
568.7	13.0239521
568.8	13.0239521
568.9	13.0239521
569	13.0239521
569.1	13.54790419
569.2	14.42739521
569.3	15.7747006
569.4	17.40269461
569.5	19.16167665
569.6	19.61077844
569.7	19.46107784
569.8	18.41317365
569.9	14.82035928
570	13.76473098
570.1	12.7245509
570.2	12.7245509
570.3	12.7245509
570.4	13.26721557
570.5	14.03443114
570.6	14.40718563
570.7	14.22155689
570.8	13.92215569
570.9	12.30538922
571	11.52694611
571.1	11.22754491
571.2	11.82634731
571.3	12.1257485
571.4	12.4251497
571.5	12.3182207
571.6	12.1257485
571.7	12.4251497
571.8	13.47305389
571.9	13.62275449
572	13.31965698
572.1	13.0239521
572.2	12.3609923
572.3	11.48417451
572.4	10.92814371
572.5	10.92814371
572.6	11.52694611
572.7	13.00399202
572.8	14.52095808
572.9	18.29341317
573	23.77282472
573.1	33.68263473
573.2	44.16167665
573.3	55.86327345
573.4	70.73353293
573.5	86.14200171
573.6	98.28913601
573.7	109.43113772
573.8	111.43338323
573.9	112.78068862
574	113.73676795
574.1	113.92215569
574.2	113.32335329
574.3	114.06852961
574.4	115.15968064
574.5	116.01796407
574.6	113.96065013
574.7	112.1257485
574.8	111.52694611
574.9	111.22754491
575	111.22754491
575.1	112.1257485
575.2	113.92215569
575.3	114.52095808
575.4	113.17365269
575.5	112.7245509
575.6	113.92215569
575.7	115.26946108
575.8	115.56886228
575.9	117.06586826
576	119.68562874
576.1	123.50299401
576.2	122.75449102
576.3	121.70658683
576.4	121.70658683
576.5	120.80838323
576.6	118.41317365
576.7	113.32335329
576.8	111.9760479
576.9	111.9760479
577	113.65427041
577.1	115.41916168
577.2	115.71856287
577.3	115.11976048
577.4	114.82035928
577.5	115.11976048
577.6	117.51497006
577.7	122.00598802
577.8	121.66541916
577.9	119.76796407
578	117.81437126
578.1	117.51497006
578.2	117.9491018
578.3	118.25748503
578.4	119.01197605
578.5	118.71257485
578.6	117.81437126
578.7	117.81437126
578.8	117.9752994
578.9	118.11377246
579	119.31137725
579.1	119.31137725
579.2	120.84580838
579.3	124.7005988
579.4	124.7005988
579.5	119.76047904
579.6	116.46706587
579.7	116.01796407
579.8	115.41916168
579.9	115.71856287
580	117.77694611
580.1	117.96407186
580.2	119.31137725
580.3	123.31586826
580.4	126.19760479
580.5	126.34730539
580.6	126.49700599
580.7	129.34131737
580.8	128.14371257
580.9	124.5508982
581	121.22754491
581.1	118.71257485
581.2	116.76646707
581.3	115.90568862
581.4	115.41916168
581.5	113.32335329
581.6	109.04191617
581.7	104.64071856
581.8	95.95808383
581.9	89.07185629
582	81.38722555
582.1	72.5748503
582.2	64.52095808
582.3	63.92215569
582.4	73.05389222
582.5	80.38922156
582.6	98.05389222
582.7	108.23353293
582.8	112.1257485
582.9	113.0239521
583	113.47305389
583.1	115.01283148
583.2	117.51497006
583.3	117.51497006
583.4	115.56886228
583.5	114.07185629
583.6	113.47305389
583.7	111.22754491
583.8	110.32934132
583.9	110.62874251
584	111.52694611
584.1	111.22754491
584.2	110.92814371
584.3	110.92814371
584.4	111.82634731
584.5	115.01996008
584.6	119.01197605
584.7	119.91017964
584.8	118.46920837
584.9	116.75740263
585	115.04559688
585.1	114.82035928
585.2	117.71856287
585.3	119.31137725
585.4	117.11719418
585.5	114.02908469
585.6	111.82634731
585.7	106.75898204
585.8	104.34131737
585.9	101.05788423
586	100.1497006
586.1	101.69461078
586.2	104.6257485
586.3	107.77844311
586.4	108.53293413
586.5	110.02994012
586.6	112.48502994
586.7	114.22155689
586.8	114.52095808
586.9	114.52095808
587	114.22155689
587.1	111.69161677
587.2	110.02994012
587.3	109.43113772
587.4	108.40889649
587.5	106.90761334
587.6	105.83832335
587.7	106.9760479
587.8	107.93413174
587.9	107.12443038
588	105.75358717
588.1	105.23952096
588.2	107.35671514
588.3	111.22754491
588.4	116.46706587
588.5	120.50898204
588.6	121.64670659
588.7	123.05389222
588.8	122.75449102
588.9	122.60479042
589	124.10179641
589.1	124.28892216
589.2	124.10179641
589.3	123.20359281
589.4	120.5988024
589.5	117.51497006
589.6	115.11976048
589.7	109.13173653
589.8	107.93413174
589.9	111.60740676
590	116.61676647
590.1	116.61676647
590.2	114.52095808
590.3	111.25149701
590.4	108.53293413
590.5	109.93013972
590.6	112.1257485
590.7	112.7245509
590.8	111.91616766
590.9	111.22754491
591	111.52694611
591.1	113.32335329
591.2	112.4251497
591.3	109.40718563
591.4	109.06811377
591.5	110.96556886
591.6	113.01796407
591.7	115.71856287
591.8	116.31736527
591.9	117.21556886
592	119.94011976
592.1	121.70658683
592.2	121.10778443
592.3	118.84431138
592.4	117.21556886
592.5	118.81237525
592.6	120.50898204
592.7	119.91017964
592.8	120.82035928
592.9	122.00598802
593	121.10778443
593.1	120.35928144
593.2	119.31137725
593.3	117.21556886
593.4	118.56287425
593.5	119.76047904
593.6	120.35928144
593.7	122.30538922
593.8	128.36826347
593.9	130.83832335
594	128.80239521
594.1	125.93562874
594.2	124.5508982
594.3	125.27637034
594.4	126.19760479
594.5	127.11883924
594.6	127.99401198
594.7	127.24550898
594.8	124.6257485
594.9	123.20359281
595	123.64477594
595.1	124.7005988
595.2	127.99401198
595.3	127.69461078
595.4	128.32335329
595.5	129.19161677
595.6	129.19161677
595.7	127.82634731
595.8	125.77844311
595.9	123.44311377
596	122.30538922
596.1	123.58853721
596.2	126.21899059
596.3	128.55688623
596.4	130.08982036
596.5	129.49101796
596.6	127.99401198
596.7	127.69461078
596.8	126.79640719
596.9	124.46107784
597	123.50299401
597.1	123.05389222
597.2	121.10778443
597.3	117.46506986
597.4	113.62275449
597.5	110.92814371
597.6	108.83233533
597.7	110.16092814
597.8	111.80763473
597.9	112.7245509
598	113.32335329
598.1	115.53919496
598.2	117.50883199
598.3	119.01197605
598.4	118.47305389
598.5	117.71457086
598.6	117.21556886
598.7	117.51497006
598.8	120.38922156
598.9	124.7005988
599	125.2994012
599.1	124.25149701
599.2	122.86676647
599.3	122.15568862
599.4	125.5988024
599.5	125.74850299
599.6	123.29341317
599.7	121.55688623
599.8	121.40718563
599.9	121.25748503
600	120.20390499
600.1	119.17089991
600.2	117.43113772
600.3	116.31736527
600.4	116.31736527
600.5	117.33532934
600.6	117.81437126
600.7	118.11377246
600.8	119.01197605
600.9	115.71856287
601	110.12974052
601.1	104.37724551
601.2	99.8502994
601.3	93.98203593
601.4	90
601.5	89.37125749
601.6	90.56287425
601.7	93.26347305
601.8	96.77145709
601.9	99.8502994
602	99.39551277
602.1	98.65269461
602.2	96.70658683
602.3	93.48802395
602.4	91.91616766
602.5	91.46706587
602.6	91.46706587
602.7	92.62189906
602.8	94.16167665
602.9	95.62874251
603	96.55688623
603.1	96.04790419
603.2	96.25748503
603.3	98.65269461
603.4	101.64670659
603.5	101.04790419
603.6	99.25149701
603.7	101.94610778
603.8	101.94610778
603.9	101.94610778
604	103.98431812
604.1	107.03592814
604.2	109.58083832
604.3	110.62874251
604.4	109.13173653
604.5	109.5508982
604.6	108.00898204
604.7	105.83832335
604.8	106.88622754
604.9	107.93413174
605	107.93413174
605.1	108.86227545
605.2	112.4251497
605.3	114.22155689
605.4	112.06586826
605.5	110.62874251
605.6	110.92814371
605.7	111.22754491
605.8	109.43113772
605.9	108.0453379
606	106.58682635
606.1	106.43712575
606.2	107.48502994
606.3	108.68263473
606.4	108.98203593
606.5	106.94610778
606.6	104.64071856
606.7	101.56116339
606.8	99.4011976
606.9	98.05389222
607	94.70708265
607.1	93.26347305
607.2	94.73481608
607.3	95.95808383
607.4	95.95808383
607.5	95.95808383
607.6	97.15568862
607.7	96.25748503
607.8	94.46107784
607.9	94.46107784
608	97.37001407
608.1	100.26258957
608.2	103.77994012
608.3	105.83832335
608.4	107.93413174
608.5	108.23353293
608.6	108.98203593
608.7	110.02994012
608.8	113.47305389
608.9	113.47305389
609	109.88023952
609.1	107.18562874
609.2	107.69461078
609.3	108.53293413
609.4	107.33532934
609.5	104.79041916
609.6	104.04191617
609.7	106.28742515
609.8	107.63473054
609.9	110.17964072
610	110.62874251
610.1	111.09580838
610.2	111.52694611
610.3	113.50299401
610.4	115.71856287
610.5	116.91616766
610.6	116.61676647
610.7	114.82035928
610.8	109.09680639
610.9	104.82035928
611	103.44311377
611.1	105.38922156
611.2	108.98203593
611.3	111.52694611
611.4	111.52694611
611.5	108.53293413
611.6	110.32934132
611.7	113.0239521
611.8	114.22155689
611.9	113.32335329
612	111.52694611
612.1	109.43113772
612.2	107.33532934
612.3	105.53892216
612.4	106.13772455
612.5	106.88622754
612.6	110.5988024
612.7	112.8742515
612.8	113.62275449
612.9	116.01796407
613	119.61077844
613.1	122.90419162
613.2	123.50299401
613.3	121.40718563
613.4	119.46107784
613.5	118.11377246
613.6	113.84730539
613.7	111.82634731
613.8	112.8742515
613.9	114.44610778
614	116.24251497
614.1	117.96407186
614.2	118.32335329
614.3	118.11377246
614.4	117.66467066
614.5	115.41916168
614.6	114.07185629
614.7	117.81437126
614.8	122.90419162
614.9	123.20359281
615	120.50898204
615.1	116.31736527
615.2	112.1257485
615.3	111.82634731
615.4	112.2754491
615.5	114.04191617
615.6	115.86826347
615.7	116.61676647
615.8	118.11377246
615.9	119.61077844
616	120.95808383
616.1	121.55688623
616.2	119.76047904
616.3	118.11377246
616.4	118.26347305
616.5	119.67065868
616.6	120.50898204
616.7	120.50898204
616.8	119.16167665
616.9	118.11377246
617	115.4363248
617.1	113.92215569
617.2	113.62275449
617.3	113.68263473
617.4	113.0239521
617.5	116.01796407
617.6	123.50299401
617.7	125.2994012
617.8	122.31536926
617.9	115.69860279
618	110.32934132
618.1	108.53293413
618.2	107.63473054
618.3	106.30538922
618.4	104.04191617
618.5	105.53892216
618.6	107.93413174
618.7	110.32934132
618.8	109.43113772
618.9	110.28942116
619	110.32934132
619.1	111.07784431
619.2	112.1257485
619.3	110.62874251
619.4	110.62874251
619.5	110.92814371
619.6	112.7245509
619.7	112.4251497
619.8	112.7245509
619.9	115.71856287
620	115.28307022
620.1	114.10724007
620.2	112.73952096
620.3	110.98802395
620.4	110.62874251
620.5	113.54790419
620.6	116.31736527
620.7	115.99800399
620.8	114.82035928
620.9	114.34131737
621	112.39520958
621.1	110.02994012
621.2	106.73652695
621.3	101.9011976
621.4	96.55688623
621.5	91.46706587
621.6	86.3997006
621.7	83.68263473
621.8	83.08383234
621.9	85
622	86.67664671
622.1	85.47904192
622.2	83.41017964
622.3	82.59281437
622.4	81.7754491
622.5	82.37275449
622.6	84.27020958
622.7	85.77844311
622.8	85.17964072
622.9	81.94610778
623	78.59281437
623.1	78.89221557
623.2	80.98802395
623.3	78.71257485
623.4	77.39520958
623.5	77.69461078
623.6	77.39520958
623.7	76.79640719
623.8	78.49700599
623.9	81.67664671
624	83.98203593
624.1	83.30838323
624.2	82.18562874
624.3	82.33532934
624.4	82.48502994
624.5	82.33532934
624.6	82.78443114
624.7	82.33532934
624.8	80.38922156
624.9	79.19161677
625	79.79041916
625.1	81.90761334
625.2	83.08383234
625.3	82.03592814
625.4	80.83832335
625.5	80.68862275
625.6	81.88622754
625.7	83.68263473
625.8	82.78443114
625.9	82.78443114
626	82.18562874
626.1	80.98802395
626.2	82.48502994
626.3	82.18562874
626.4	83.74251497
626.5	86.61676647
626.6	89.02694611
626.7	90.26946108
626.8	89.34559453
626.9	87.8742515
627	87.7245509
627.1	89.25149701
627.2	90.86826347
627.3	90.80838323
627.4	89.67065868
627.5	87.5748503
627.6	88.47305389
627.7	90.26090676
627.8	91.76646707
627.9	92.60479042
628	92.96407186
628.1	91.46706587
628.2	89.82035928
628.3	89.07185629
628.4	88.77245509
628.5	89.82035928
628.6	92.06586826
628.7	94.16167665
628.8	97.90419162
628.9	97.75449102
629	96.40718563
629.1	95.50898204
629.2	94.31137725
629.3	92.96407186
629.4	93.15654405
629.5	92.96407186
629.6	88.77245509
629.7	86.52694611
629.8	86.37724551
629.9	90.94103903
630	93.86227545
630.1	95.64371257
630.2	97.14371257
630.3	98.90718563
630.4	100.1497006
630.5	99.82035928
630.6	99.70359281
630.7	99.58682635
630.8	99.95508982
630.9	100.4491018
631	99.8502994
631.1	97.34561955
631.2	95.65868263
631.3	95.35928144
631.4	96.45708583
631.5	97.78775782
631.6	98.95209581
631.7	100.87681779
631.8	102.24550898
631.9	102.54491018
632	104.86526946
632.1	105.83832335
632.2	105.38922156
632.3	102.02095808
632.4	98.35329341
632.5	94.46107784
632.6	94.46107784
632.7	96.25748503
632.8	95.65868263
632.9	94.16167665
633	94.16167665
633.1	93.41317365
633.2	91.91616766
633.3	92.10329341
633.4	92.66467066
633.5	92.66467066
633.6	92.66467066
633.7	90.94311377
633.8	88.47305389
633.9	88.17365269
634	89.30321176
634.1	90.71856287
634.2	92.13391399
634.3	92.81437126
634.4	90.86826347
634.5	90.56886228
634.6	92.81437126
634.7	92.36526946
634.8	92.21556886
634.9	92.66467066
635	92.06586826
635.1	90.26946108
635.2	87.8742515
635.3	89.14670659
635.4	91.16766467
635.5	92.66467066
635.6	95.20958084
635.7	94.61077844
635.8	94.94760479
635.9	96.25748503
636	96.25748503
636.1	94.83907186
636.2	92.99026946
636.3	92.06586826
636.4	92.36526946
636.5	92.81437126
636.6	94.35329341
636.7	97.45508982
636.8	99.8502994
636.9	99.25149701
637	95.78423798
637.1	92.21556886
637.2	92.96407186
637.3	94.91017964
637.4	97.00598802
637.5	97.45508982
637.6	99.5508982
637.7	101.34730539
637.8	101.34730539
637.9	102.35778443
638	103.29341317
638.1	103.14371257
638.2	103.44311377
638.3	103.29341317
638.4	102.09580838
638.5	101.04790419
638.6	101.04790419
638.7	103.06886228
638.8	105.42664671
638.9	108.68263473
639	111.15269461
639.1	113.77245509
639.2	116.31736527
639.3	117.36526946
639.4	118.11377246
639.5	119.76047904
639.6	120.35928144
639.7	121.85628743
639.8	120.80838323
639.9	117.66467066
640	114.52095808
640.1	113.92215569
640.2	113.32335329
640.3	110.08982036
640.4	102.84431138
640.5	95.65868263
640.6	93.41317365
640.7	92.81437126
640.8	95.35928144
640.9	98.05389222
641	99.94011976
641.1	102.24550898
641.2	103.74251497
641.3	101.14770459
641.4	98.20359281
641.5	97.86676647
641.6	97.86142002
641.7	97.34816082
641.8	95.95808383
641.9	95.65868263
642	95.95808383
642.1	96.85628743
642.2	99.4011976
642.3	99.10179641
642.4	96.00085543
642.5	91.76646707
642.6	91.91616766
642.7	94.46107784
642.8	96.70658683
642.9	97.30538922
643	101.04790419
643.1	104.34131737
643.2	107.26047904
643.3	109.58083832
643.4	109.16916168
643.5	108.53293413
643.6	111.52694611
643.7	117.81437126
643.8	119.01197605
643.9	118.8248503
644	119.01197605
644.1	120.53293413
644.2	120.48502994
644.3	118.86227545
644.4	120.43413174
644.5	122.60479042
644.6	122.60479042
644.7	121.67664671
644.8	120.20958084
644.9	119.01197605
645	119.01197605
645.1	121.10778443
645.2	123.16616766
645.3	124.25149701
645.4	125.79840319
645.5	127.09580838
645.6	127.09580838
645.7	126.49700599
645.8	123.95209581
645.9	123.35329341
646	122.30538922
646.1	122.00598802
646.2	122.30538922
646.3	122.96407186
646.4	124.54341317
646.5	126.19760479
646.6	124.83319076
646.7	122.90419162
646.8	120.53036784
646.9	117.99137574
647	115.2496893
647.1	114.22155689
647.2	116.46706587
647.3	119.61077844
647.4	119.91017964
647.5	116.40718563
647.6	112.1257485
647.7	110.92814371
647.8	110.62874251
647.9	108.38323353
648	108.08383234
648.1	109.86418684
648.2	110.62874251
648.3	114.79041916
648.4	120.92814371
648.5	123.80239521
648.6	125.2994012
648.7	125.2994012
648.8	125.2994012
648.9	126.19760479
649	128.77472902
649.1	131.28742515
649.2	134.1504491
649.3	136.37724551
649.4	141.09281437
649.5	142.96407186
649.6	143.50299401
649.7	144.94011976
649.8	146.55688623
649.9	147.15568862
650	144.46107784
650.1	127.78711887
650.2	110.17215569
650.3	83.20359281
650.4	69.01197605
650.5	66.91616766
650.6	66.31736527
650.7	66.31736527
650.8	66.05538922
650.9	64.82035928
651	65.41916168
651.1	66.16766467
651.2	67.51497006
651.3	71.70658683
651.4	71.40718563
651.5	69.74896361
651.6	68.27498848
651.7	66.61676647
651.8	65.98802395
651.9	64.97005988
652	64.22155689
652.1	64.22155689
652.2	63.92215569
652.3	62.4251497
652.4	62.1257485
652.5	62.4251497
652.6	60.08982036
652.7	59.43113772
652.8	57.93413174
652.9	55.3493014
653	53.14371257
653.1	51.67664671
653.2	51.04790419
653.3	51.04790419
653.4	52.39520958
653.5	52.84431138
653.6	50.89820359
653.7	50.74850299
653.8	50.92315369
653.9	51.19760479
654	52.24550898
654.1	53.85479042
654.2	55.53892216
654.3	55.83832335
654.4	55.23952096
654.5	55.68862275
654.6	57.38522954
654.7	59.13173653
654.8	60.67151411
654.9	61.9760479
655	63.0239521
655.1	65.65589751
655.2	67.81437126
655.3	68.44311377
655.4	69.34131737
655.5	70.80838323
655.6	73.27095808
655.7	77.02095808
655.8	83.08383234
655.9	85.17964072
656	87.12102112
656.1	89.52095808
656.2	89.52095808
656.3	88.47305389
656.4	88.77245509
656.5	87.5748503
656.6	86.37724551
656.7	87.5320787
656.8	88.47305389
656.9	86.59347971
657	84.06520293
657.1	82.03592814
657.2	82.18562874
657.3	83.68263473
657.4	88.68691189
657.5	92.51497006
657.6	94.86740804
657.7	96.74935843
657.8	100
657.9	104.11676647
658	107.33532934
658.1	108.51297405
658.2	108.83233533
658.3	105.95808383
658.4	103.44311377
658.5	101.52694611
658.6	98.65269461
658.7	98.65269461
658.8	101.64670659
658.9	105.23952096
659	109.91588252
659.1	115.11976048
659.2	114.82035928
659.3	108.94461078
659.4	99.66317365
659.5	89.67065868
659.6	82.93413174
659.7	80.83832335
659.8	75.5988024
659.9	75.5988024
660	77.09580838
660.1	77.99401198
660.2	78.59281437
660.3	77.69461078
660.4	77.69461078
660.5	79.79041916
660.6	83.38323353
660.7	84.76047904
660.8	88.30838323
660.9	91.16766467
661	90.86826347
661.1	90.56886228
661.2	90.56886228
661.3	90.56886228
661.4	90.56886228
661.5	89.97005988
661.6	87.5748503
661.7	86.37724551
661.8	86.67664671
661.9	88.77245509
662	94.16167665
662.1	97.15568862
662.2	98.05389222
662.3	96.30239521
662.4	94.46107784
662.5	93.86227545
662.6	95.65868263
662.7	98.65269461
662.8	99.25149701
662.9	98.65269461
663	97.45508982
663.1	97.51924722
663.2	97.69033362
663.3	98.50299401
663.4	99.8502994
663.5	99.4011976
663.6	99.5508982
663.7	99.43862275
663.8	99.7005988
663.9	101.02919162
664	102.54491018
664.1	102.24550898
664.2	100.1497006
664.3	99.10179641
664.4	99.25149701
664.5	100.1497006
664.6	99.4011976
664.7	101.22255489
664.8	103.14371257
664.9	103.14371257
665	101.13312418
665.1	97.75449102
665.2	97.15568862
665.3	98.93712575
665.4	100.58882236
665.5	102.84431138
665.6	105.83832335
665.7	107.65868263
665.8	110.25449102
665.9	113.0239521
666	113.0239521
666.1	113.89720559
666.2	114.52095808
666.3	113.92215569
666.4	112.4251497
666.5	112.7245509
666.6	112.5748503
666.7	112.1257485
666.8	110.62874251
666.9	100.71856287
667	92.96407186
667.1	83.08383234
667.2	66.53122327
667.3	52.54491018
667.4	46.40718563
667.5	46.40718563
667.6	48.65269461
667.7	52.17065868
667.8	55.83832335
667.9	60.26518392
668	64.16110996
668.1	67.8742515
668.2	68.41317365
668.3	67.51497006
668.4	68.28343313
668.5	71.00798403
668.6	73.79041916
668.7	75.2994012
668.8	73.14371257
668.9	65.16467066
669	57.93413174
669.1	57.78443114
669.2	62.7245509
669.3	69.31137725
669.4	69.61077844
669.5	61.52694611
669.6	53.35329341
669.7	48.50299401
669.8	48.95209581
669.9	52.04590818
670	55.36797068
670.1	57.93413174
670.2	60.16467066
670.3	61.22754491
670.4	59.16167665
670.5	57.03592814
670.6	55.35179641
670.7	53.26347305
670.8	52.54491018
670.9	53.78241703
671	56.06904957
671.1	58.35568211
671.2	60.92814371
671.3	64.82035928
671.4	68.71257485
671.5	76.49700599
671.6	79.34131737
671.7	79.49101796
671.8	78.59281437
671.9	79.19161677
672	78.05445891
672.1	74.5508982
672.2	72.30538922
672.3	71.10778443
672.4	70.50898204
672.5	68.31337325
672.6	64.91017964
672.7	60.05988024
672.8	53.63772455
672.9	48.7005988
673	45.95808383
673.1	45.65868263
673.2	48.69011976
673.3	52.99401198
673.4	58.08383234
673.5	61.82634731
673.6	63.77245509
673.7	62.0508982
673.8	58.01967494
673.9	54.25577417
674	52.84431138
674.1	54.65432771
674.2	56.7229178
674.3	58.53293413
674.4	62.08492107
674.5	65.24224279
674.6	69.31137725
674.7	69.31137725
674.8	64.37125749
674.9	59.19589393
675	52.84431138
675.1	45.84580838
675.2	43.26347305
675.3	41.01796407
675.4	40.86826347
675.5	43.83732535
675.6	49.32634731
675.7	57.29790419
675.8	62.5748503
675.9	64.22155689
676	57.0435562
676.1	43.46307385
676.2	34.37125749
676.3	30.68862275
676.4	29.1242515
676.5	27.09580838
676.6	25
676.7	25.31437126
676.8	25.5988024
676.9	25.2994012
677	24.4483115
677.1	23.35329341
677.2	22.30538922
677.3	23.31586826
677.4	26.47562019
677.5	30.41060736
677.6	34.13173653
677.7	36.52694611
677.8	36.45328896
677.9	35.8576683
678	35.26204764
678.1	34.74051896
678.2	34.88023952
678.3	35.83832335
678.4	37.00598802
678.5	38.62275449
678.6	38.17365269
678.7	34.16167665
678.8	28.29341317
678.9	26.67664671
679	24.7005988
679.1	24.7005988
679.2	24.7005988
679.3	25.53892216
679.4	28.04790419
679.5	32.48502994
679.6	35.98802395
679.7	38.47305389
679.8	38.77245509
679.9	36.79640719
680	34.58083832
680.1	34.28143713
680.2	35.77844311
680.3	35.32934132
680.4	34.58083832
680.5	35.77844311
680.6	37.8742515
680.7	41.16766467
680.8	43.26347305
680.9	43.11377246
681	37.11423307
681.1	27.5
681.2	5.53892216
681.3	-1.64670659
681.4	-1.64670659
681.5	-1.64670659
681.6	-1.64670659
681.7	-1.64670659
681.8	-1.64670659
681.9	-1.64670659
682	-1.64670659
682.1	-1.64670659
682.2	-1.64670659
682.3	-1.64670659
682.4	-1.64670659
682.5	-1.64670659
682.6	-1.64670659
682.7	-1.64670659
682.8	-1.64670659
682.9	-1.64670659
683	-1.64670659
683.1	-1.64670659
683.2	-1.64670659
683.3	-1.64670659
683.4	-1.64670659
683.5	-1.64670659
683.6	-1.64670659
683.7	-1.64670659
683.8	-1.64670659
683.9	-1.64670659
684	-1.64670659
684.1	-1.64670659
684.2	-1.64670659
684.3	-1.62334395
684.4	-1.58596373
684.5	-1.54858351
684.6	-1.51120328
684.7	-1.47382306
684.8	-1.43644284
684.9	-1.39906262
685	-1.3616824
685.1	-0.77245509
685.2	0.36926148
685.3	3.68263473
685.4	13.40568862
685.5	31.58682635
685.6	33.16367265
685.7	33.98203593
685.8	33.00898204
685.9	32.18562874
686	31.58682635
686.1	31.58682635
686.2	32.18562874
686.3	32.18562874
686.4	32.43512974
686.5	32.78443114
686.6	32.26047904
686.7	32.18562874
686.8	34.20658683
686.9	36.00299401
687	37.5748503
687.1	36.59680639
687.2	34.90518962
687.3	33.98203593
687.4	33.38323353
687.5	32.48502994
687.6	32.48502994
687.7	31.34730539
687.8	31.75149701
687.9	33.68263473
688	33.68263473
688.1	32.93413174
688.2	32.93413174
688.3	31.88622754
688.4	29.64071856
688.5	29.34131737
688.6	29.91017964
688.7	30.08982036
688.8	30.38922156
688.9	31.58682635
689	31.58682635
689.1	31.58682635
689.2	31.91117764
689.3	32.88423154
689.4	33.38323353
689.5	32.78443114
689.6	32.78443114
689.7	32.78443114
689.8	32.78443114
689.9	32.78443114
690	33.35562579
690.1	34.24668945
690.2	34.76796407
690.3	35.07271172
690.4	35.58597092
690.5	35.62874251
690.6	33.45808383
690.7	30.08982036
690.8	30.08982036
690.9	34.08896493
691	35.77844311
