DEPT	GR
27.1336	81.0994
27.286	84.8096
27.4384	89.9865
27.5908	93.9114
27.7432	96.1882
27.8956	98.4651
28.048	102.847
28.2004	107.7319
28.3528	111.729
28.5052	114.4006
28.6576	116.6335
28.81	116.6335
28.9624	120.0822
29.1148	123.9073
29.2672	124.2964
29.4196	121.2735
29.572	118.6154
29.7244	117.0889
29.8768	114.0665
30.0292	113.238
30.1816	112.8756
30.334	113.0719
30.4864	112.5469
30.6388	109.9925
30.7912	108.1749
30.9436	108.8385
31.096	109.5211
31.2484	108.7554
31.4008	110.3821
31.5532	112.3819
31.7056	116.7407
31.858	120.0199
32.0104	119.0462
32.1628	117.9827
32.3152	117.8621
32.4676	115.3518
32.62	111.9269
32.7724	108.502
32.9248	106.8208
33.0772	107.9253
33.2296	110.8404
33.382	112.8553
33.5344	114.5618
33.6868	117.0629
33.8392	117.015
33.9916	115.4981
34.144	114.5934
34.2964	115.13
34.4488	115.7749
34.6012	115.6543
34.7536	114.4422
34.906	113.2882
35.0584	111.8869
35.2108	111.1566
35.3632	110.5577
35.5156	109.5657
35.668	111.4475
35.8204	109.4175
35.9728	108.8228
36.1252	111.7022
36.2776	112.968
36.43	114.3886
36.5824	116.7171
36.7348	118.7397
36.8872	114.7975
37.0396	108.6404
37.192	104.6813
37.3444	106.2749
37.4968	110.5256
37.6492	112.6526
37.8016	113.509
37.954	111.3949
38.1064	110.684
38.2588	109.6093
38.4112	105.1756
38.5636	100.2092
38.716	93.5264
38.8684	84.438
39.0208	75.3495
39.1732	68.6865
39.3256	68.0077
39.478	67.4321
39.6304	66.1123
39.7828	64.0414
39.9352	58.7144
40.0876	53.3874
40.24	49.3258
40.3924	47.9576
40.5448	48.1076
40.6972	50.7628
40.8496	53.3952
41.002	55.5267
41.1544	59.2629
41.3068	61.5021
41.4592	61.1036
41.6116	59.8606
41.764	61.3835
41.9164	63.8647
42.0688	64.6841
42.2212	66.4343
42.3736	67.2179
42.526	66.85
42.6784	66.9372
42.8308	67.9746
42.9832	67.9219
43.1356	65.2902
43.288	62.8242
43.4404	60.5266
43.5928	56.2282
43.7452	54.6813
43.8976	54.924
44.05	53.1281
44.2024	50.1444
44.3548	45.7171
44.5072	45.1886
44.6596	46.761
44.812	49.7867
44.9644	51.4196
45.1168	52.2041
45.2692	51.6511
45.4216	49.3068
45.574	46.8173
45.7264	45.2853
45.8788	44.9983
46.0312	45.9321
46.1836	47.9989
46.336	50.1046
46.4884	52.49
46.6408	57.0251
46.7932	59.8992
46.9456	61.8526
47.098	61.9736
47.2504	62.6155
47.4028	63.9932
47.5552	63.8468
47.7076	61.825
47.86	60.9421
48.0124	60.1716
48.1648	59.4622
48.3172	57.1785
48.4696	54.3824
48.622	53.509
48.7744	53.4529
48.9268	52.3745
49.0792	51.2948
49.2316	53.1198
49.384	56.2007
49.5364	59.2629
49.6888	60.259
49.8412	59.96
49.9936	60.7726
50.146	59.8928
50.2984	58.3669
50.4508	60.2423
50.6032	62.5914
50.7556	63.9138
50.908	63.838
51.0604	61.2833
51.2128	59.2662
51.3652	57.2709
51.5176	58.5664
51.67	63.5017
51.8224	68.2522
51.9748	69.3298
52.1272	70.6973
52.2796	73.6481
52.432	76.599
52.5844	80.1651
52.7368	84.0422
52.8892	86.9758
53.0416	87.1514
53.194	86.4961
53.3464	85.0369
53.4988	85.7779
53.6512	86.753
53.8036	84.3625
53.956	83.7649
54.1084	84.3079
54.2608	83.7649
54.4132	83.7704
54.5656	84.8975
54.718	86.0246
54.8704	87.1516
55.0228	88.7219
55.1752	90.5343
55.3276	89.98
55.48	88.251
55.6324	86.8577
55.7848	86.628
55.9372	89.9548
56.0896	93.8225
56.242	96.882
56.3944	97.2713
56.5468	95.8881
56.6992	94.5219
56.8516	93.8536
57.004	92.0543
57.1564	90.5378
57.3088	91.3299
57.4612	90.684
57.6136	90.679
57.766	91.7456
57.9184	96.2578
58.0708	99.3007
58.2232	98.4973
58.3756	96.3414
58.528	94.9111
58.6804	95.2016
58.8328	93.6686
58.9852	94.7515
59.1376	97.0712
59.29	98.3945
59.4424	97.8581
59.5948	97.8598
59.7472	97.6301
59.8996	97.51
60.052	97.947
60.2044	99.3028
60.3568	97.8596
60.5092	96.7131
60.6616	96.9322
60.814	96.9535
60.9664	95.6498
61.1188	94.4656
61.2712	94.3368
61.4236	93.1756
61.576	92.3535
61.7284	93.869
61.8808	93.8789
62.0332	93.4546
62.1856	92.2891
62.338	90.8041
62.4904	90.5378
62.6428	91.8142
62.7952	92.7743
62.9476	94.803
63.1	92.8919
63.2524	92.1276
63.4048	92.3791
63.5572	94.2164
63.7096	93.235
63.862	91.5339
64.0144	91.6401
64.1668	93.1275
64.3192	93.5259
64.4716	93.1431
64.624	93.4041
64.7764	92.5688
64.9288	93.0113
65.0812	97.7426
65.2336	97.625
65.386	95.7171
65.5384	94.9203
65.6908	95.4525
65.8432	97.2619
65.9956	97.191
66.148	95.5179
66.3004	96.5147
66.4528	97.5862
66.6052	94.6534
66.7576	92.5173
66.91	92.9381
67.0624	91.0954
67.2148	90.0125
67.3672	89.741
67.5196	90.0599
67.672	91.3432
67.8244	93.4542
67.9768	92.9707
68.1292	92.8618
68.2816	91.6556
68.434	91.5339
68.5864	93.1772
68.7388	94.1456
68.8912	94.2964
69.0436	95.7171
69.196	98.9651
69.3484	100.6972
69.5008	97.7092
69.6532	97.2483
69.8056	97.0458
69.958	95.6185
70.1104	94.4421
70.2628	92.3382
70.4152	90.5054
70.5676	89.3552
70.72	89.356
70.8724	87.5987
71.0248	86.8502
71.1772	85.6146
71.3296	87.5152
71.482	90.4205
71.6344	92.5225
71.7868	93.1275
71.9392	94.1272
72.0916	97.4933
72.244	100.0242
72.3964	100.3716
72.5488	97.7741
72.7012	94.511
72.8536	92.7961
73.006	93.7758
73.1584	93.9243
73.3108	96.4793
73.4632	97.5828
73.6156	99.6115
73.768	99.6153
73.9204	96.1215
74.0728	94.1235
74.2252	96.7979
74.3776	97.6564
74.53	94.6265
74.6824	93.9265
74.8348	95.9874
74.9872	95.1887
75.1396	92.7843
75.292	90.6002
75.4444	88.8971
75.5968	86.3387
75.7492	85.2126
75.9016	85.6935
76.054	87.5018
76.2064	90.4476
76.3588	92.1527
76.5112	92.38
76.6636	89.8769
76.816	89.6783
76.9684	90.2007
77.1208	90.2831
77.2732	90.9231
77.4256	90.947
77.578	94.3559
77.7304	96.074
77.8828	98.1076
78.0352	96.3973
78.1876	93.8481
78.34	94.943
78.4924	98.2931
78.6448	99.8008
78.7972	97.6339
78.9496	95.7171
79.102	93.4626
79.2544	90.8956
79.4068	90.9019
79.5592	92.4986
79.7116	93.6412
79.864	94.2966
80.0164	95.0428
80.1688	95.6161
80.3212	98.2886
80.4736	102.1719
80.626	102.9661
80.7784	101.7894
80.9308	99.5864
81.0832	98.8001
81.2356	98.3014
81.388	97.3766
81.5404	96.1155
81.6928	96.5138
81.8452	98.6106
81.9976	97.7453
82.15	96.4673
82.3024	95.9163
82.4548	96.3558
82.6072	97.9283
82.7596	100.2988
82.912	100.1279
83.0644	98.9725
83.2168	98.5517
83.3692	98.352
83.5216	96.9166
83.674	95.6989
83.8264	94.5552
83.9788	94.5879
84.1312	96.0679
84.2836	95.6994
84.436	94.398
84.5884	95.6791
84.7408	97.3946
84.8932	98.5964
85.0456	99.3555
85.198	99.6046
85.3504	99.5614
85.5028	98.9185
85.6552	96.8679
85.8076	95.9416
85.96	97.055
86.1124	98.6787
86.2648	97.636
86.4172	97.4196
86.5696	97.5688
86.722	98.3068
86.8744	98.5892
87.0268	98.4941
87.1792	97.3963
87.3316	95.5082
87.484	93.5259
87.6364	94.8555
87.7888	96.6348
87.9412	95.0383
88.0936	94.4801
88.246	95.3187
88.3984	93.5259
88.5508	94.7593
88.7032	96.7271
88.8556	97.3303
89.008	98.5836
89.1604	100.9358
89.3128	102.6964
89.4652	101.5655
89.6176	99.2546
89.77	96.0814
89.9224	94.578
90.0748	94.7441
90.2272	95.7171
90.3796	94.331
90.532	94.2645
90.6844	93.6728
90.8368	92.9921
90.9892	92.7608
91.1416	93.7717
91.294	94.7001
91.4464	95.5179
91.5988	94.6342
91.7512	92.9283
91.9036	94.0428
92.056	94.143
92.2084	93.9243
92.3608	95.3114
92.5132	97.3209
92.6656	97.7451
92.818	97.4027
92.9704	96.6283
93.1228	93.5259
93.2752	93.2315
93.4276	94.3227
93.58	97.0229
93.7324	100.489
93.8848	99.9322
94.0372	100.6972
94.1896	103.5218
94.342	102.554
94.4944	102.618
94.6468	101.1772
94.7992	100.8315
94.9516	102.8884
95.104	102.9274
95.2564	102.0703
95.4088	101.4455
95.5612	102.8444
95.7136	103.5682
95.866	103.3751
96.0184	101.6867
96.1708	99.0857
96.3232	98.4878
96.4756	98.4352
96.628	96.7389
96.7804	95.6143
96.9328	94.478
97.0852	93.1884
97.2376	93.6868
97.39	94.333
97.5424	94.9792
97.6948	97.0577
97.8472	99.5337
97.9996	99.5695
98.152	99.4397
98.3044	100.1505
98.4568	98.8581
98.6092	99.4933
98.7616	100.8964
98.914	101.3559
99.0664	99.0588
99.2188	97.0597
99.3712	97.6513
99.5236	99.3476
99.676	97.9034
99.8284	95.3756
99.9808	94.4279
100.1332	93.5259
100.2856	91.9323
100.438	92.5445
100.5904	92.7446
100.7428	92.7027
100.8952	93.0317
101.0476	93.54
101.2	95.6079
101.3524	96.5775
101.5048	96.6906
101.6572	95.8081
101.8096	95.798
101.962	97.214
102.1144	98.7052
102.2668	97.6212
102.4192	96.6398
102.5716	97.9322
102.724	100.0573
102.8764	99.2519
103.0288	97.1409
103.1812	96.9124
103.3336	96.1734
103.486	95.83
103.6384	97.5709
103.7908	101.0675
103.9432	100.6546
104.0956	98.9659
104.248	99.5438
104.4004	100.1141
104.5528	100.9554
104.7052	101.0956
104.8576	100.097
105.01	100.1724
105.1624	100.7755
105.3148	102.171
105.4672	104.4629
105.6196	105.8053
105.772	108.9324
105.9244	108.8645
106.0768	101.3577
106.2292	95.7043
106.3816	94.1235
106.534	97.7844
106.6864	101.0621
106.8388	100.8964
106.9912	96.1936
107.1436	96.1746
107.296	94.7186
107.4484	92.8498
107.6008	94.7211
107.7532	95.9808
107.9056	95.5129
108.058	94.0228
108.2104	93.9243
108.3628	96.6713
108.5152	98.7064
108.6676	99.6818
108.82	100.2473
108.9724	101.8258
109.1248	102.7222
109.2772	100.0332
109.4296	99.204
109.582	100.3638
109.7344	100.4212
109.8868	100.0037
110.0392	98.6991
110.1916	97.1029
110.344	97.8735
110.4964	99.1036
110.6488	98.5824
110.8012	97.3108
110.9536	98.7433
111.106	100.3239
111.2584	100.8339
111.4108	99.201
111.5632	98.1094
111.7156	99.5898
111.868	101.5453
112.0204	100.1129
112.1728	101.7209
112.3252	101.2948
112.4776	99.0822
112.63	99.7012
112.7824	98.6178
112.9348	100.5936
113.0872	102.7509
113.2396	102.7571
113.392	100.6972
113.5444	101.4641
113.6968	102.9567
113.8492	103.1534
114.0016	101.2195
114.154	100.0796
114.3064	98.0628
114.4588	95.8822
114.6112	94.3227
114.7636	96.8301
114.916	99.8154
115.0684	100.8964
115.2208	100.631
115.3732	100.1831
115.5256	98.6143
115.678	98.6379
115.8304	100.8212
115.9828	103.676
116.1352	105.0549
116.2876	106.4926
116.44	109.3359
116.5924	110.1884
116.7448	112.8168
116.8972	115.239
117.0496	113.0478
117.202	112.212
117.3544	113.1762
117.5068	116.7949
117.6592	119.6696
117.8116	119.8207
117.964	119.6426
118.1164	116.4178
118.2688	111.8526
118.4212	110.6743
118.5736	109.9798
118.726	107.057
118.8784	106.8746
119.0308	109.4809
119.1832	109.3354
119.3356	109.9849
119.488	109.231
119.6404	107.8122
119.7928	107.66
119.9452	107.7327
120.0976	106.1762
120.25	101.6817
120.4024	100.1661
120.5548	100.6945
120.7072	103.4631
120.8596	106.4957
121.012	107.6989
121.1644	108.753
121.3168	108.1598
121.4692	107.428
121.6216	110.9564
121.774	113.1266
121.9264	113.7992
122.0788	113.4737
122.2312	113.0478
122.3836	111.4542
122.536	111.8177
122.6884	111.2982
122.8408	109.1232
122.9932	108.7215
123.1456	110.8112
123.298	112.0387
123.4504	114.6356
123.6028	116.4299
123.7552	116.959
123.9076	118.0279
124.06	116.2069
124.2124	113.4399
124.3648	112.4826
124.5172	113.1559
124.6696	114.7363
124.822	117.1308
124.9744	119.2235
125.1268	120.1306
125.2792	121.1016
125.4316	120.6808
125.584	119.6215
125.7364	116.1769
125.8888	118.6564
126.0412	119.6635
126.1936	118.2271
126.346	117.9554
126.4984	118.2271
126.6508	116.7197
126.8032	112.8994
126.9556	115.3038
127.108	118.7395
127.2604	120.1821
127.4128	121.6248
127.5652	120.4089
127.7176	117.7543
127.87	114.6887
128.0224	112.8486
128.1748	114.2762
128.3272	116.2756
128.4796	117.9332
128.632	115.4371
128.7844	111.6502
128.9368	108.5964
129.0892	107.0879
129.2416	104.0837
129.394	101.4248
129.5464	98.6724
129.6988	96.5911
129.8512	97.7387
130.0036	100.0996
130.156	101.4827
130.3084	103.0876
130.4608	97.5335
130.6132	91.866
130.7656	86.3546
130.918	87.1081
131.0704	87.5498
131.2228	86.8593
131.3752	88.3722
131.5276	91.8401
131.68	94.1503
131.8324	94.9272
131.9848	96.8572
132.1372	98.6985
132.2896	97.5424
132.442	94.5369
132.5944	92.5844
132.7468	91.1355
132.8992	91.9139
133.0516	93.8121
133.204	95.9614
133.3564	98.6664
133.5088	101.3713
133.6612	104.0763
133.8136	105.8765
133.966	105.4621
134.1184	103.6588
134.2708	100.2988
134.4232	98.6311
134.5756	96.9968
134.728	95.3626
134.8804	95.015
135.0328	96.9212
135.1852	98.3068
135.3376	97.1164
135.49	95.7171
135.6424	98.9268
135.7948	102.3215
135.9472	105.8765
136.0996	107.0589
136.252	106.0041
136.4044	105.8952
136.5568	109.2981
136.7092	113.0923
136.8616	113.5
137.014	112.6613
137.1664	113.6269
137.3188	115.239
137.4712	113.7888
137.6236	112.251
137.776	113.4699
137.9284	114.5062
138.0808	113.7248
138.2332	112.9434
138.3856	110.5676
138.538	106.2749
138.6904	104.0837
138.8428	105.2238
138.9952	105.5654
139.1476	105.6773
139.3	106.1019
139.4524	106.7228
139.6048	108.7965
139.7572	109.191
139.9096	108.7916
140.062	109.6226
140.2144	111.7806
140.3668	113.0214
140.5192	115.9524
140.6716	116.4699
140.824	114.9347
140.9764	115.4345
141.1288	118.237
141.2812	116.59
141.4336	115.4382
141.586	116.3476
141.7384	116.3396
141.8908	113.8595
142.0432	110.2937
142.1956	103.5229
142.348	100.9243
142.5004	100.3286
142.6528	101.4716
142.8052	102.9269
142.9576	102.0254
143.11	102.5998
143.2624	101.5669
143.4148	100.2988
143.5672	101.0406
143.7196	101.3245
143.872	101.0686
144.0244	101.482
144.1768	102.5061
144.3292	104.2062
144.4816	104.3755
144.634	101.7893
144.7864	100.4167
144.9388	100.1093
145.0912	99.2074
145.2436	98.64
145.396	101.2948
145.5484	101.6212
145.7008	102.5714
145.8532	102.1115
146.0056	100.9052
146.158	100.4155
146.3104	102.4661
146.4628	103.4101
146.6152	103.2459
146.7676	103.3808
146.92	102.1086
147.0724	100.8826
147.2248	102.5412
147.3772	103.9749
147.5296	105.2789
147.682	104.9671
147.8344	104.8441
147.9868	105.3906
148.1392	106.3253
148.2916	106.4503
148.444	107.3336
148.5964	111.2776
148.7488	114.8748
148.9012	114.29
149.0536	112.0282
149.206	110.0811
149.3584	110.2456
149.5108	107.8537
149.6632	107.7531
149.8156	107.7896
149.968	110.9929
150.1204	113.5856
150.2728	114.081
150.4252	113.5894
150.5776	114.8406
150.73	114.7104
150.8824	115.586
151.0348	116.9244
151.1872	118.1264
151.3396	117.9545
151.492	113.8698
151.6444	110.4582
151.7968	109.5797
151.9492	106.4026
152.1016	105.7047
152.254	104.6813
152.4064	105.6379
152.5588	106.5223
152.7112	105.6146
152.8636	105.1583
153.016	106.844
153.1684	108.1361
153.3208	107.531
153.4732	107.1415
153.6256	107.9697
153.778	111.6822
153.9304	113.4974
154.0828	111.4399
154.2352	109.7802
154.3876	110.4553
154.54	112.969
154.6924	113.1351
154.8448	110.954
154.9972	107.8262
155.1496	105.4528
155.302	103.9404
155.4544	104.535
155.6068	104.2469
155.7592	103.6453
155.9116	104.6813
156.064	104.2829
156.2164	105.8153
156.3688	107.9757
156.5212	109.1779
156.6736	111.145
156.826	113.349
156.9784	112.9359
157.1308	110.4582
157.2832	110.8133
157.4356	112.7519
157.588	114.3956
157.7404	113.1471
157.8928	114.3388
158.0452	114.6659
158.1976	112.9722
158.35	111.7237
158.5024	108.5594
158.6548	106.0757
158.8072	105.7066
158.9596	105.7461
159.112	106.8735
159.2644	109.9648
159.4168	111.7365
159.5692	112.1023
159.7216	111.1681
159.874	110.5124
160.0264	108.0406
160.1788	105.2342
160.3312	106.0279
160.4836	108.7328
160.636	111.601
160.7884	111.8527
160.9408	111.4542
161.0932	108.5852
161.2456	105.8328
161.398	105.2735
161.5504	105.6773
161.7028	104.9118
161.8552	104.0837
162.0076	105.5893
162.16	107.1466
162.3124	108.1449
162.4648	108.6602
162.6172	109.6282
162.7696	112.0546
162.922	112.6722
163.0744	111.8993
163.2268	108.9895
163.3792	105.4749
163.5316	103.1257
163.684	102.49
163.8364	104.0837
163.9888	108.1949
164.1412	111.6751
164.2936	111.3008
164.446	109.8827
164.5984	107.9995
164.7508	106.1624
164.9032	102.6394
165.0556	103.2475
165.208	105.8278
165.3604	108.8957
165.5128	109.9365
165.6652	109.4622
165.8176	109.6625
165.97	109.8606
166.1224	108.7697
166.2748	107.2709
166.4272	108.2669
166.5796	108.8213
166.732	109.3677
166.8844	108.1699
167.0368	106.6044
167.1892	108.7729
167.3416	109.4625
167.494	107.109
167.6464	104.488
167.7988	104.8614
167.9512	107.9604
168.1036	110.0232
168.256	111.7669
168.4084	109.4608
168.5608	107.7789
168.7132	105.1269
168.8656	100.7338
169.018	99.4007
169.1704	99.9863
169.3228	98.5551
169.4752	99.0732
169.6276	103.852
169.78	106.4558
169.9324	107.8242
170.0848	105.5775
170.2372	105.6147
170.3896	107.0394
170.542	110.4589
170.6944	110.8448
170.8468	111.0439
170.9992	112.033
171.1516	115.6153
171.304	118.2394
171.4564	116.8005
171.6088	110.3248
171.7612	108.1723
171.9136	108.4478
172.066	107.5372
172.2184	110.663
172.3708	117.6072
172.5232	128.1551
172.6756	136.4717
172.828	140.4277
172.9804	140.8617
173.1328	130.1468
173.2852	119.2697
173.4376	116.9724
173.59	116.6335
173.7424	118.8247
173.8948	119.2464
174.0472	120.3979
174.1996	119.4633
174.352	116.4781
174.5044	115.3891
174.6568	118.5762
174.8092	120.6164
174.9616	121.4143
175.114	116.6335
175.2664	112.6061
175.4188	111.6929
175.5712	111.1751
175.7236	110.0598
175.876	111.5089
176.0284	111.2991
176.1808	110.4582
176.3332	110.0649
176.4856	110.3923
176.638	110.3445
176.7904	109.2523
176.9428	108.8645
177.0952	110.7393
177.2476	112.9086
177.4	114.1484
177.5524	113.0069
177.7048	109.2566
177.8572	106.26
178.0096	107.0318
178.162	109.8353
178.3144	112.6389
178.4668	114.5114
178.6192	115.2456
178.7716	117.0367
178.924	117.115
179.0764	115.8367
179.2288	115.7086
179.3812	114.8892
179.5336	113.2034
179.686	112.4502
179.8384	112.4502
179.9908	111.6995
180.1432	109.9939
180.2956	107.9506
180.448	106.8146
180.6004	109.589
180.7528	110.0454
180.9052	110.0335
181.0576	111.8211
181.21	115.8009
181.3624	119.2876
181.5148	120.9073
181.6672	122.2112
181.8196	120.3019
181.972	116.2613
182.1244	111.9685
182.2768	109.0059
182.4292	109.8362
182.5816	113.1046
182.734	116.3731
182.8864	119.6416
183.0388	120.9058
183.1912	120.2191
183.3436	120.2191
183.496	117.8819
183.6484	115.0256
183.8008	115.7146
183.9532	115.3798
184.1056	114.657
184.258	112.251
184.4104	112.5415
184.5628	112.0374
184.7152	112.707
184.8676	114.4154
185.02	115.1221
185.1724	113.9613
185.3248	112.265
185.4772	110.9244
185.6296	110.1626
185.782	109.584
185.9344	110.036
186.0868	111.28
186.2392	111.6534
186.3916	111.6534
186.544	110.6187
186.6964	109.0441
186.8488	107.6021
187.0012	107.9927
187.1536	109.1642
187.306	111.1336
187.4584	114.3
187.6108	115.2184
187.7632	114.2952
187.9156	114.4082
188.068	112.7873
188.2204	111.1097
188.3728	111.556
188.5252	114.3513
188.6776	114.6668
188.83	111.4211
188.9824	107.8885
189.1348	107.6264
189.2872	109.2038
189.4396	110.6455
189.592	112.6286
189.7444	110.9399
189.8968	109.9154
190.0492	108.0571
190.2016	107.9162
190.354	107.8141
190.5064	108.3146
190.6588	110.1098
190.8112	109.2398
190.9636	108.116
191.116	109.4001
191.2684	111.3986
191.4208	113.4099
191.5732	115.0273
191.7256	118.0279
191.878	118.5208
192.0304	119.8207
192.1828	117.555
192.3352	115.5325
192.4876	115.2192
192.64	114.9528
192.7924	114.9037
192.9448	111.8526
193.0972	112.0937
193.2496	114.6397
193.402	112.8342
193.5544	110.7409
193.7068	109.2452
193.8592	108.1219
194.0116	108.0232
194.164	109.5908
194.3164	110.4582
194.4688	108.7672
194.6212	108.3393
194.7736	107.9113
194.926	108.0482
195.0784	109.2873
195.2308	110.418
195.3832	110.542
195.5356	110.0745
195.688	110.8983
195.8404	112.974
195.9928	115.679
196.1452	115.6951
196.2976	119.9229
196.45	124.7448
196.6024	125.7968
196.7548	119.3006
196.9072	113.9473
197.0596	112.4307
197.212	109.7354
197.3644	108.0568
197.5168	109.4622
197.6692	108.1957
197.8216	105.6195
197.974	106.8457
198.1264	110.6927
198.2788	113.032
198.4312	114.9993
198.5836	116.5224
198.736	115.7533
198.8884	114.8453
199.0408	114.0501
199.1932	118.2127
199.3456	118.1754
199.498	119.0239
199.6504	116.7307
199.8028	113.8178
199.9552	111.12
200.1076	110.3333
200.26	112.9315
200.4124	113.6815
200.5648	115.2003
200.7172	117.229
200.8696	117.752
201.022	116.5928
201.1744	117.0212
201.3268	119.8081
201.4792	118.6768
201.6316	115.8367
201.784	117.0352
201.9364	120.0698
202.0888	124.1572
202.2412	126.1629
202.3936	125.2937
202.546	122.8482
202.6984	119.1355
202.8508	116.8803
203.0032	116.8856
203.1556	114.5475
203.308	113.248
203.4604	112.6542
203.6128	115.6375
203.7652	121.562
203.9176	122.8088
204.07	120.7969
204.2224	119.737
204.3748	119.4223
204.5272	118.5887
204.6796	117.8287
204.832	114.9206
204.9844	112.8486
205.1368	116.796
205.2892	118.1028
205.4416	117.8122
205.594	116.1417
205.7464	116.5135
205.8988	119.5969
206.0512	121.1933
206.2036	122.6538
206.356	124.1144
206.5084	122.4841
206.6608	118.2197
206.8132	115.0398
206.9656	115.5915
207.118	115.0398
207.2704	115.5831
207.4228	115.8781
207.5752	115.8104
207.7276	115.5554
207.88	114.5939
208.0324	113.7134
208.1848	111.2535
208.3372	106.0861
208.4896	101.6932
208.642	103.847
208.7944	105.1004
208.9468	106.1516
209.0992	106.8725
209.2516	105.8765
209.404	110.1144
209.5564	112.2898
209.7088	114.3132
209.8612	116.9001
210.0136	120.6547
210.166	120.8167
210.3184	116.768
210.4708	112.861
210.6232	109.6313
210.7756	110.2072
210.928	110.0189
211.0804	110.0903
211.2328	111.2235
211.3852	113.2066
211.5376	115.1898
211.69	117.0089
211.8424	118.0359
211.9948	119.8585
212.1472	124.484
212.2996	124.0296
212.452	122.0399
212.6044	120.4183
212.7568	119.3477
212.9092	119.3784
213.0616	120.8162
213.214	120.4203
213.3664	119.421
213.5188	119.7003
213.6712	120.331
213.8236	119.7211
213.976	115.5118
214.1284	115.1464
214.2808	116.5293
214.4332	117.833
214.5856	119.6651
214.738	119.8648
214.8904	119.539
215.0428	114.6532
215.1952	108.4158
215.3476	103.4861
215.5	99.498
215.6524	98.9724
215.8048	105.2685
215.9572	112.098
216.1096	115.7433
216.262	115.2181
216.4144	114.9859
216.5668	118.9654
216.7192	121.7431
216.8716	121.9049
217.024	121.1061
217.1764	117.8876
217.3288	114.6414
217.4812	113.0478
217.6336	115.422
217.786	116.8896
217.9384	117.0319
218.0908	118.1644
218.2432	121.8289
218.3956	127.0091
218.548	129.4309
218.7004	126.506
218.8528	124.3837
219.0052	124.384
219.1576	121.3126
219.31	118.6948
219.4624	117.5112
219.6148	116.2419
219.7672	114.837
219.9196	117.0758
220.072	120.1474
220.2244	119.0847
220.3768	118.5537
220.5292	123.5398
220.6816	129.5919
220.834	129.1676
220.9864	125.6373
221.1388	123.8699
221.2912	122.1653
221.4436	117.9561
221.596	113.5733
221.7484	110.259
221.9008	113.6367
222.0532	118.195
222.2056	117.973
222.358	119.6068
222.5104	123.554
222.6628	122.2313
222.8152	118.0279
222.9676	116.399
223.12	114.7762
223.2724	115.4966
223.4248	119.9593
223.5772	124.422
223.7296	125.6659
223.882	122.8146
224.0344	119.6014
224.1868	119.5132
224.3392	121.2269
224.4916	122.9406
224.644	122.5372
224.7964	118.6612
224.9488	116.0359
225.1012	120.0917
225.2536	126.4245
225.406	131.2315
225.5584	133.0519
225.7108	134.4355
225.8632	134.102
226.0156	133.2404
226.168	131.4581
226.3204	126.6855
226.4728	121.7098
226.6252	120.7066
226.7776	120.8904
226.93	117.3669
227.0824	114.9921
227.2348	113.485
227.3872	113.0653
227.5396	115.6375
227.692	112.8379
227.8444	110.4582
227.9968	109.7481
228.1492	109.0401
228.3016	108.8645
228.454	113.7135
228.6064	118.9328
228.7588	124.1521
228.9112	124.127
229.0636	120.8167
229.216	122.3653
229.3684	123.321
229.5208	122.9035
229.6732	125.6501
229.8256	130.7164
229.978	131.1753
230.1304	122.1207
230.2828	119.7137
230.4352	120.8167
230.5876	122.8088
230.74	121.1942
230.8924	120.8374
231.0448	121.679
231.1972	121.2349
231.3496	119.9801
231.502	119.4223
231.6544	115.753
231.8068	113.8704
231.9592	114.8368
232.1116	116.7403
232.264	117.7008
232.4164	115.634
232.5688	113.2125
232.7212	112.0518
232.8736	119.1845
233.026	119.4976
233.1784	118.9324
233.3308	119.6837
233.4832	121.4181
233.6356	121.6339
233.788	120.2191
233.9404	120.9242
234.0928	125
234.2452	123.6171
234.3976	116.6261
234.55	112.266
234.7024	110.8719
234.8548	113.0503
235.0072	114.7212
235.1596	117.9021
235.312	118.9884
235.4644	116.806
235.6168	116.0388
235.7692	119.3779
235.9216	122.6865
236.074	123.6373
236.2264	122.4731
236.3788	121.8933
236.5312	119.2503
236.6836	117.71
236.836	118.9509
236.9884	120.6014
237.1408	120.4816
237.2932	119.9194
237.4456	118.8623
237.598	117.0182
237.7504	115.7306
237.9028	113.6454
238.0552	115.8367
238.2076	115.0715
238.36	115.0398
238.5124	116.5433
238.6648	115.2082
238.8172	111.3142
238.9696	109.2629
239.122	114.2613
239.2744	116.0384
239.4268	115.4958
239.5792	114.8993
239.7316	114.0751
239.884	114.2111
240.0364	116.2363
240.1888	118.2615
240.3412	120.2866
240.4936	121.7172
240.646	118.8241
240.7984	117.4303
240.9508	119.9651
241.1032	124.1869
241.2556	128.4088
241.408	128.5857
241.5604	122.5745
241.7128	117.2881
241.8652	114.6083
242.0176	114.1559
242.17	113.0478
242.3224	114.4422
242.4748	120.4837
242.6272	123.4064
242.7796	119.4595
242.932	113.8832
243.0844	112.0518
243.2368	118.8247
243.3892	122.6096
243.5416	121.1836
243.694	119.4748
243.8464	114.6414
243.9988	110.8947
244.1512	107.04
244.3036	105.2047
244.456	108.1655
244.6084	110.2724
244.7608	112.2828
244.9132	116.5837
245.0656	121.027
245.218	120.0891
245.3704	118.1785
245.5228	115.4713
245.6752	112.5856
245.8276	110.3182
245.98	108.2669
246.1324	108.2419
246.2848	111.3758
246.4372	111.4657
246.5896	108.8645
246.742	110.1441
246.8944	111.1822
247.0468	112.0778
247.1992	112.4502
247.3516	109.8499
247.504	107.7943
247.6564	105.7354
247.8088	104.6813
247.9612	102.6053
248.1136	99.0229
248.266	96.3954
248.4184	96.464
248.5708	95.7171
248.7232	92.0642
248.8756	90.9522
249.028	95.8845
249.1804	101.369
249.3328	102.163
249.4852	99.9994
249.6376	97.1325
249.79	98.4576
249.9424	105.9621
250.0948	109.2629
250.2472	107.0043
250.3996	105.7365
250.552	106.7497
250.7044	107.763
250.8568	108.3806
251.0092	108.6068
251.1616	107.2539
251.314	105.3493
251.4664	102.4385
251.6188	101.2948
251.7712	104.8805
251.9236	107.6693
252.076	105.6009
252.2284	104.3672
252.3808	105.4806
252.5332	102.3454
252.6856	96.8718
252.838	93.8893
252.9904	93.3267
253.1428	94.8678
253.2952	99.6
253.4476	102.7125
253.6	105.3361
253.7524	108.8025
253.9048	111.4542
254.0572	111.4542
254.2096	112.251
254.362	110.4745
254.5144	109.2707
254.6668	110.4769
254.8192	110.8112
254.9716	112.2105
255.124	112.7886
255.2764	110.5421
255.4288	109.6295
255.5812	110.4808
255.7336	110.5784
255.886	109.2359
256.0384	108.9791
256.1908	108.2011
256.3432	107.8685
256.4956	105.6773
256.648	105.8765
256.8004	103.1179
256.9528	99.7746
257.1052	100.0996
257.2576	107.5215
257.41	112.0518
257.5624	114.1651
257.7148	114.8857
257.8672	113.742
258.0196	113.6454
258.172	112.0134
258.3244	110.0598
258.4768	111.6534
258.6292	114.9789
258.7816	115.9211
258.934	114.9002
259.0864	113.5282
259.2388	110.1755
259.3912	110.3865
259.5436	113.6386
259.696	116.8907
259.8484	116.306
260.0008	116.1415
260.1532	116.5316
260.3056	116.5667
260.458	116.8327
260.6104	114.5372
260.7628	112.1644
260.9152	109.9382
261.0676	108.9446
261.22	109.1937
261.3724	110.6615
261.5248	113.6135
261.6772	115.8153
261.8296	114.5623
261.982	114.524
262.1344	110.1835
262.2868	103.4861
262.4392	104.4021
262.5916	105.9272
262.744	107.4197
262.8964	107.0898
263.0488	104.9196
263.2012	102.2404
263.3536	99.5612
263.506	96.882
263.6584	99.1254
263.8108	104.2378
263.9632	107.9505
264.1156	111.2839
264.268	113.2512
264.4204	115.2184
264.5728	122.6587
264.7252	131.5803
264.8776	133.9641
265.03	113.1807
265.1824	95.1195
265.3348	86.4606
265.4872	81.9524
265.6396	78.9029
265.792	76.2076
265.9444	69.2231
266.0968	61.182
266.2492	53.933
266.4016	52.2908
266.554	56.5328
266.7064	63.1449
266.8588	70.3474
267.0112	78.7944
267.1636	86.9664
267.316	93.2569
267.4684	98.4181
267.6208	103.5793
267.7732	108.0619
267.9256	108.2669
268.078	106.6844
268.2304	105.8021
268.3828	107.2506
268.5352	108.4356
268.6876	106.0358
268.84	105.3256
268.9924	107.8502
269.1448	109.5989
269.2972	110.6574
269.4496	114.9176
269.602	117.8097
269.7544	117.5038
269.9068	116.2554
270.0592	115.6662
270.2116	114.243
270.364	115.1463
270.5164	115.6766
270.6688	115.0789
270.8212	114.9955
270.9736	112.9578
271.126	111.1499
271.2784	110.526
271.4308	115.3348
271.5832	119.8207
271.7356	118.6453
271.888	117.2382
272.0404	117.3667
272.1928	118.5284
272.3452	116.6019
272.4976	116.4819
272.65	116.8867
272.8024	116.4027
272.9548	117.6959
273.1072	119.3874
273.2596	119.651
273.412	118.6644
273.5644	117.1764
273.7168	116.3714
273.8692	114.4422
274.0216	113.6197
274.174	111.7678
274.3264	115.9212
274.4788	120.833
274.6312	121.7086
274.7836	120.4442
274.936	119.5369
275.0884	120.031
275.2408	119.9457
275.3932	119.4223
275.5456	120.0541
275.698	120.2191
275.8504	119.2642
276.0028	116.0738
276.1552	114.7969
276.3076	115.4613
276.46	116.2448
276.6124	118.2754
276.7648	121.1607
276.9172	121.5495
277.0696	119.8246
277.222	118.0997
277.3744	117.4303
277.5268	118.286
277.6792	117.8287
277.8316	118.6255
277.984	118.3764
278.1364	120.1797
278.2888	120.0489
278.4412	119.8893
278.5936	119.8437
278.746	123.3812
278.8984	126.6604
279.0508	129.0272
279.2032	126.9593
279.3556	120.6086
279.508	114.2578
279.6604	109.6614
279.8128	108.4661
279.9652	115.5096
280.1176	117.5868
280.27	119.281
280.4224	119.6013
280.5748	120.7012
280.7272	123.4942
280.8796	123.6056
281.032	119.4343
281.1844	118.1412
281.3368	120.1248
281.4892	124.0961
281.6416	125.8916
281.794	124.4229
281.9464	120.995
282.0988	119.3688
282.2512	115.9815
282.4036	116.6035
282.556	117.2311
282.7084	119.4766
282.8608	120.8079
283.0132	123.7731
283.1656	126.156
283.318	124.0349
283.4704	121.5491
283.6228	125.669
283.7752	127.3904
283.9276	125.1697
284.08	124.6016
284.2324	123.1761
284.3848	118.6054
284.5372	113.7351
284.6896	113.247
284.842	116.0318
284.9944	120.7189
285.1468	123.4064
285.2992	123.1542
285.4516	123.6382
285.604	127.5065
285.7564	131.3748
285.9088	134.761
286.0612	132.916
286.2136	129.8627
286.366	127.3245
286.5184	127.0829
286.6708	126.096
286.8232	122.3955
286.9756	119.3035
287.128	120.0523
287.2804	121.7324
287.4328	121.0611
287.5852	121.1311
287.7376	120.8104
287.89	118.4689
288.0424	118.646
288.1948	119.8584
288.3472	121.6108
288.4996	123.1479
288.652	122.3579
288.8044	122.2112
288.9568	121.0966
289.1092	122.012
289.2616	122.5813
289.414	122.167
289.5664	117.6295
289.7188	116.9001
289.8712	117.0319
290.0236	116.1941
290.176	111.3612
290.3284	106.0468
290.4808	104.7123
290.6332	108.683
290.7856	116.5537
290.938	124.1586
291.0904	127.0673
291.2428	125.4176
291.3952	121.9195
291.5476	120.4092
291.7	122.0375
291.8524	123.115
292.0048	125.3165
292.1572	125.1566
292.3096	123.6658
292.462	121.8479
292.6144	120.2915
292.7668	116.6728
292.9192	113.247
293.0716	113.9272
293.224	113.2071
293.3764	113.2847
293.5288	114.0438
293.6812	116.6993
293.8336	119.4223
293.986	118.1428
294.1384	117.4303
294.2908	117.1113
294.4432	114.8406
294.5956	115.0394
294.748	116.5175
294.9004	119.6396
295.0528	124.8295
295.2052	127.6093
295.3576	124.5996
295.51	123.1163
295.6624	124.5284
295.8148	124.3606
295.9672	123.7636
296.1196	124.3586
296.272	127.3725
296.4244	131.0616
296.5768	133.493
296.7292	135.9369
296.8816	138.9697
297.034	140.828
297.1864	139.7204
297.3388	137.0299
297.4912	129.7349
297.6436	123.8042
297.796	122.6096
297.9484	123.995
298.1008	122.5631
298.2532	118.8831
298.4056	115.203
298.558	115.8639
298.7104	116.999
298.8628	117.66
299.0152	119.3382
299.1676	120.2191
299.32	122.6744
299.4724	124.1434
299.6248	124.5285
299.7772	127.0772
299.9296	127.087
300.082	124.7777
300.2344	124.4327
300.3868	125.9851
300.5392	125.3431
300.6916	122.3205
300.844	120.3393
300.9964	120.3534
301.1488	124.0735
301.3012	126.3944
301.4536	125.5082
301.606	123.3382
301.7584	122.8498
301.9108	124.6454
302.0632	128.8248
302.2156	131.1185
302.368	130.0405
302.5204	129.2668
302.6728	128.8656
302.8252	127.3904
302.9776	126.1617
303.13	123.5176
303.2824	121.138
303.4348	121.1713
303.5872	123.4544
303.7396	124.7736
303.892	124.3776
304.0444	123.1084
304.1968	124.0074
304.3492	125.1236
304.5016	125.4818
304.654	126.6368
304.8064	126.5917
304.9588	126.5481
305.1112	127.8405
305.2636	128.686
305.416	127.6827
305.5684	125.7994
305.7208	123.6131
305.8732	122.4349
306.0256	120.3907
306.178	121.0159
306.3304	125.2808
306.4828	126.4564
306.6352	125.9446
306.7876	128.1231
306.94	129.072
307.0924	127.0915
307.2448	123.9898
307.3972	119.4172
307.5496	114.9332
307.702	112.6494
307.8544	113.2325
308.0068	114.8406
308.1592	114.8378
308.3116	114.3958
308.464	114.4422
308.6164	114.6414
308.7688	112.8737
308.9212	113.4462
309.0736	117.5255
309.226	121.2058
309.3784	121.453
309.5308	121.2151
309.6832	123.0595
309.8356	126.0853
309.988	128.818
310.1404	131.1434
310.2928	131.396
310.4452	126.8258
310.5976	122.6103
310.75	123.091
310.9024	126.0965
311.0548	128.0301
311.2072	124.4669
311.3596	120.0199
311.512	119.1004
311.6644	119.8164
311.8168	119.0964
311.9692	121.8361
312.1216	123.8365
312.274	123.8405
312.4264	125.3664
312.5788	127.8926
312.7312	129.3825
312.8836	128.0204
313.036	126.7928
313.1884	127.1148
313.3408	121.233
313.4932	115.8866
313.6456	118.7226
313.798	119.8424
313.9504	118.1965
314.1028	117.2311
314.2552	120.9199
314.4076	124.2652
314.56	122.8629
314.7124	119.2564
314.8648	118.6255
315.0172	121.6212
315.1696	124.716
315.322	126.8839
315.4744	129.3062
315.6268	124.7407
315.7792	121.7775
315.9316	120.7009
316.084	122.9122
316.2364	124.9942
316.3888	124.7546
316.5412	123.5878
316.6936	121.4165
316.846	118.759
316.9984	116.1483
317.1508	117.3721
317.3032	121.2205
317.4556	123.8227
317.608	124.6577
317.7604	126.7004
317.9128	131.3745
318.0652	133.2524
318.2176	131.4491
318.37	129.6458
318.5224	124.5426
318.6748	118.8751
318.8272	116.4343
318.9796	121.8566
319.132	126.3944
319.2844	124.004
319.4368	124.3901
319.5892	125.7996
319.7416	129.1056
319.894	128.985
320.0464	127.9849
320.1988	125.6841
320.3512	123.829
320.5036	122.8479
320.656	118.7058
320.8084	115.5407
320.9608	114.5145
321.1132	120.3399
321.2656	129.1962
321.418	137.3506
321.5704	137.749
321.7228	130.0485
321.8752	127.9396
322.0276	130.7078
322.18	131.7729
322.3324	127.4594
322.4848	120.1754
322.6372	114.6417
322.7896	112.9649
322.942	115.6711
323.0944	119.552
323.2468	121.0263
323.3992	120.0199
323.5516	120.0199
323.704	120.3868
323.8564	123.2413
324.0088	125.5976
324.1612	124.1717
324.3136	119.1419
324.466	116.8331
324.6184	115.0153
324.7708	112.8097
324.9232	113.4797
325.0756	115.6397
325.228	117.7996
325.3804	116.7377
325.5328	118.6721
325.6852	123.3884
325.8376	124.172
325.99	123.3014
326.1424	120.5434
326.2948	117.7375
326.4472	117.1728
326.5996	122.7253
326.752	132.1713
326.9044	130.7461
327.0568	129.0165
327.2092	128.7849
327.3616	128.1689
327.514	126.2623
327.6664	120.4348
327.8188	113.4114
327.9712	110.0013
328.1236	112.2502
328.276	116.6435
328.4284	121.8531
328.5808	126.8192
328.7332	130.2044
328.8856	129.5098
329.038	126.88
329.1904	124.2502
329.3428	122.1735
329.4952	120.4603
329.6476	119.1558
329.8	117.1514
329.9524	113.9356
330.1048	111.1105
330.2572	110.5749
330.4096	108.5999
330.562	109.0217
330.7144	112.2677
330.8668	112.2102
331.0192	114.7064
331.1716	120.0049
331.324	122.7333
331.4764	124.2032
331.6288	122.6096
331.7812	119.0355
331.9336	118.4397
332.086	121.2151
332.2384	120.1886
332.3908	116.3596
332.5432	112.273
332.6956	109.9329
332.848	108.8645
333.0004	109.1771
333.1528	108.7263
333.3052	110.2011
333.4576	113.9204
333.61	115.6828
333.7624	113.3643
333.9148	113.8446
334.0672	110.6678
334.2196	105.7989
334.372	100.93
334.5244	96.0611
334.6768	95.226
334.8292	94.764
334.9816	95.025
335.134	93.1123
335.2864	89.8878
335.4388	89.5388
335.5912	92.6726
335.7436	91.4137
335.896	86.8487
336.0484	82.7689
336.2008	84.6647
336.3532	91.5776
336.5056	100.5438
336.658	109.51
336.8104	111.2682
336.9628	110.259
337.1152	110.8201
337.2676	112.8013
337.42	116.3594
337.5724	117.6295
337.7248	120.297
337.8772	117.6935
338.0296	111.8411
338.182	108.8761
338.3344	104.2277
338.4868	99.1294
338.6392	97.3945
338.7916	98.252
338.944	96.5702
339.0964	94.5035
339.2488	92.785
339.4012	90.1164
339.5536	88.745
339.706	90.6764
339.8584	92.5694
340.0108	91.271
340.1632	92.1916
340.3156	93.3267
340.468	96.7846
340.6204	98.3321
340.7728	95.3294
340.9252	91.3432
341.0776	90.6667
341.23	94.4236
341.3824	97.5344
341.5348	96.9565
341.6872	95.4967
341.8396	94.1903
341.992	94.2074
342.1444	97.1064
342.2968	99.856
342.4492	98.5412
342.6016	95.0205
342.754	91.5339
342.9064	90.4718
343.0588	96.2737
343.2112	102.0756
343.3636	105.7293
343.516	106.5426
343.6684	102.9982
343.8208	97.8069
343.9732	94.6977
344.1256	91.5886
344.278	88.3466
344.4304	90.5378
344.5828	101.6932
344.7352	109.5701
344.8876	111.5688
345.04	111.4805
345.1924	108.4661
345.3448	104.7379
345.4972	98.5535
345.6496	92.0487
345.802	86.9522
345.9544	90.1131
346.1068	93.5044
346.2592	91.5574
346.4116	90.9363
346.564	89.6195
346.7164	89.1434
346.8688	88.0518
347.0212	87.2458
347.1736	87.835
347.326	91.7149
347.4784	95.9006
347.6308	98.7052
347.7832	97.0649
347.9356	95.1905
348.088	95.2345
348.2404	94.0408
348.3928	93.7856
348.5452	94.5219
348.6976	99.7872
348.85	104.5985
349.0024	108.746
349.1548	110.6669
349.3072	104.6363
349.4596	94.9313
349.612	86.9522
349.7644	84.3002
349.9168	86.8237
350.0692	90.5617
350.2216	92.5299
350.374	92.1315
350.5264	92.1509
350.6788	94.3257
350.8312	95.6137
350.9836	96.5531
351.136	97.9787
351.2884	100.6143
351.4408	101.494
351.5932	101.5171
351.7456	101.5542
351.898	101.4184
352.0504	102.5813
352.2028	103.8586
352.3552	105.0797
352.5076	102.2555
352.66	100.498
352.8124	102.936
352.9648	106.1364
353.1172	107.038
353.2696	108.3764
353.422	110.7345
353.5744	110.8806
353.7268	109.6784
353.8792	108.0828
354.0316	105.7202
354.184	102.644
354.3364	101.494
354.4888	104.1408
354.6412	105.5761
354.7936	105.0207
354.946	103.9726
355.0984	103.8845
355.2508	102.5912
355.4032	101.4854
355.5556	100.0592
355.708	104.122
355.8604	107.4197
356.0128	110.5007
356.1652	114.1112
356.3176	118.2612
356.47	120.422
356.6224	122.9923
356.7748	128.5268
356.9272	132.3276
357.0796	132.4477
357.232	129.7197
357.3844	125.6117
357.5368	122.8728
357.6892	122.2112
357.8416	117.4303
357.994	118.8985
358.1464	122.4148
358.2988	126.4756
358.4512	124.0793
358.6036	120.7338
358.756	119.8207
358.9084	118.8509
359.0608	120.1821
359.2132	121.5134
359.3656	122.2638
359.518	119.9632
359.6704	119.8828
359.8228	122.4693
359.9752	123.8403
360.1276	125.1992
360.28	124.4505
360.4324	122.6347
360.5848	123.0316
360.7372	121.4143
360.8896	116.0086
361.042	110.7704
361.1944	108.8506
361.3468	112.0594
361.4992	116.0843
361.6516	117.5364
361.804	117.8841
361.9564	118.6255
362.1088	115.8793
362.2612	110.8896
362.4136	109.4501
362.566	113.9583
362.7184	114.6248
362.8708	114.9155
363.0232	116.9576
363.1756	118.2271
363.328	120.0199
363.4804	118.6268
363.6328	117.7782
363.7852	118.8488
363.9376	120.8167
364.09	119.8759
364.2424	118.9742
364.3948	118.0279
364.5472	119.4235
364.6996	120.8837
364.852	120.0265
365.0044	114.345
365.1568	111.6571
365.3092	113.6152
365.4616	116.3059
365.614	117.3505
365.7664	117.1527
365.9188	116.3539
366.0712	119.641
366.2236	120.9454
366.376	120.1622
366.5284	117.7049
366.6808	113.7174
366.8332	112.5737
366.9856	111.3815
367.138	112.6494
367.2904	112.8486
367.4428	114.7596
367.5952	116.6515
367.7476	115.322
367.9	112.496
368.0524	112.251
368.2048	114.4422
368.3572	120.1494
368.5096	122.5545
368.662	122.2919
368.8144	122.8133
368.9668	121.9784
369.1192	115.558
369.2716	113.8446
369.424	118.3069
369.5764	120.1042
369.7288	122.6096
369.8812	122.8492
370.0336	124.3227
370.186	125.7962
370.3384	125.9798
370.4908	123.7006
370.6432	122.7523
370.7956	121.364
370.948	120.6713
371.1004	119.0239
371.2528	118.8624
371.4052	117.139
371.5576	115.2369
371.71	116.0967
371.8624	116.2351
372.0148	116.8851
372.1672	119.8944
372.3196	122.997
372.472	127.0769
372.6244	129.1203
372.7768	131.0771
372.9292	135.7548
373.0816	139.3614
373.234	139.4731
373.3864	137.5772
373.5388	132.4908
373.6912	127.4279
373.8436	124.1436
373.996	122.5606
374.1484	120.1827
374.3008	120.958
374.4532	122.7717
374.6056	124.5237
374.758	127.1912
374.9104	127.3904
375.0628	125
375.2152	124.3068
375.3676	120.8167
375.52	119.6398
375.6724	119.2231
375.8248	120.2969
375.9772	121.9336
376.1296	125.1233
376.282	128.0968
376.4344	128.7019
376.5868	126.992
376.7392	127.3927
376.8916	127.8465
377.044	127.988
377.1964	125.4664
377.3488	124.1871
377.5012	122.8089
377.6536	120.1398
377.806	120.267
377.9584	120.6175
378.1108	124.2032
378.2632	124.4055
378.4156	122.012
378.568	123.4947
378.7204	123.2618
378.8728	121.127
379.0252	122.4148
379.1776	125.2692
379.33	127.4968
379.4824	129.1817
379.6348	128.9421
379.7872	128.1673
379.9396	127.9676
380.092	127.4872
380.2444	125.771
380.3968	124.9013
380.5492	126.2092
380.7016	127.7888
380.854	127.2779
381.0064	124.1627
381.1588	122.6096
381.3112	123.766
381.4636	123.3471
381.616	123.2594
381.7684	123.9771
381.9208	124.5236
382.0732	125.7968
382.2256	129.9097
382.378	132.7689
382.5304	128.8548
382.6828	124.4024
382.8352	125.8217
382.9876	125.4494
383.14	125.7864
383.2924	125.3167
383.4448	124.8296
383.5972	125.6753
383.7496	127.1474
383.902	129.6186
384.0544	130.7461
384.2068	123.0571
384.3592	121.9427
384.5116	125.404
384.664	128.5207
384.8164	130.9761
384.9688	129.4658
385.1212	127.2466
385.2736	126.4629
385.426	125.4037
385.5784	124.4461
385.7308	125.7894
385.8832	127.1912
386.0356	126.4683
386.188	125.6684
386.3404	126.7928
386.4928	124.5691
386.6452	119.8354
386.7976	118.1285
386.95	117.6295
387.1024	115.8064
387.2548	115.1341
387.4072	117.2094
387.5596	121.3888
387.712	123.008
387.8644	121.2773
388.0168	121.8717
388.1692	118.9987
388.3216	115.0398
388.474	113.8446
388.6264	118.065
388.7788	120.0199
388.9312	117.426
389.0836	116.2351
389.236	119.555
389.3884	124.4807
389.5408	127.3129
389.6932	127.8129
389.8456	126.8576
389.998	127.9517
390.1504	129.7809
390.3028	127.3269
390.4552	124.0584
390.6076	122.0132
390.76	122.5851
390.9124	125.6065
391.0648	127.0167
391.2172	128.278
391.3696	125.4162
391.522	120.7791
391.6744	119.0239
391.8268	119.1823
391.9792	119.8336
392.1316	121.6369
392.284	122.5298
392.4364	122.9973
392.5888	123.4648
392.7412	124.4024
392.8936	128.1394
393.046	129.7102
393.1984	135.6556
393.3508	135.7724
393.5032	134.5455
393.6556	131.2394
393.808	129.0448
393.9604	127.1912
394.1128	127.0451
394.2652	127.522
394.4176	127.8584
394.57	126.2295
394.7224	127.7096
394.8748	127.4764
395.0272	127.0759
395.1796	127.959
395.332	130.3786
395.4844	131.9362
395.6368	133.055
395.7892	132.2092
395.9416	132.6906
396.094	134.5788
396.2464	137.3083
396.3988	137.0283
396.5512	132.0689
396.7036	128.9437
396.856	127.5896
397.0084	127.5896
397.1608	127.2683
397.3132	124.0351
397.4656	115.8976
397.618	104.344
397.7704	84.3368
397.9228	59.0634
398.0752	29.3825
398.2276	21.4698
398.38	18.4028
398.5324	16.4716
398.6848	15.2274
398.8372	14.5311
398.9896	13.8682
399.142	13.21
399.2944	12.737
399.4468	12.251
399.5992	12.6005
399.7516	13.1579
399.904	13.7936
400.0564	13.6302
400.2088	13.4668
400.3612	13.3035
400.5136	13.247
400.666	13.6101
400.8184	14.0831
400.9708	15.0398
401.1232	14.8408
401.2756	14.6414
401.428	15.0506
401.5804	15.4591
401.7328	15.3
401.8852	14.7009
402.0376	15.0011
402.19	15.6375
402.3424	16.1449
402.4948	16.6335
402.6472	15.7157
402.7996	16.2704
402.952	16.9279
403.1044	17.0913
403.2568	17.2547
403.4092	17.418
403.5616	18.0241
403.714	18.1746
403.8664	17.5007
404.0188	17.5392
404.1712	17.1358
404.3236	15.8367
404.476	15.4382
404.6284	16.7902
404.7808	17.3659
404.9332	17.2311
405.0856	18.3689
405.238	19.567
405.3904	20.4926
405.5428	19.9714
405.6952	19.2838
405.8476	19.3143
406	17.8287
406.1524	18.1268
406.3048	19.3624
406.4572	20.3193
406.6096	20.7858
406.762	22.7114
406.9144	24.2473
407.0668	25.1262
407.2192	24.356
407.3716	24.004
407.524	23.8079
407.6764	23.6056
407.8288	23.96
407.9812	24.8008
408.1336	23.4708
408.286	22.012
408.4384	22.7251
408.5908	25.4209
408.7432	27.3904
408.8956	27.5817
409.048	27.7708
409.2004	29.7809
409.3528	31.1292
409.5052	32.4534
409.6576	33.2255
409.81	34.9143
409.9624	36.52
410.1148	37.1514
410.2672	35.9163
410.4196	36.0819
410.572	37.4389
410.7244	38.1097
410.8768	37.1908
411.0292	36.0707
411.1816	35.3795
411.334	35.0505
411.4864	34.7215
411.6388	34.3925
411.7912	34.3625
411.9436	34.7834
412.096	35.3586
412.2484	35.0599
412.4008	36.5726
412.5532	37.498
412.7056	35.967
412.858	34.6419
413.0104	33.668
413.1628	33.6989
413.3152	34.9052
413.4676	36.6668
413.62	38.5767
413.7724	39.5418
413.9248	38.3466
414.0772	38.3466
414.2296	38.3466
414.382	38.4407
414.5344	38.3023
414.6868	37.8117
414.8392	37.5332
414.9916	36.9522
415.144	37.8282
415.2964	38.0102
415.4488	36.6741
415.6012	36.8511
415.7536	36.9522
415.906	37.3483
416.0584	36.7617
416.2108	35.9562
416.3632	35.9033
416.5156	34.7707
416.668	32.3474
416.8204	29.9864
416.9728	27.9176
417.1252	27.1912
417.2776	27.0367
417.43	28.2393
417.5824	30.5422
417.7348	32.7539
417.8872	34.6139
418.0396	36.474
418.192	37.5612
418.3444	34.8002
418.4968	30.7769
418.6492	30.5047
418.8016	30.8085
418.954	32.3705
419.1064	33.4196
419.2588	32.7898
419.4112	29.7809
419.5636	31.2325
419.716	33.9789
419.8684	35.7634
420.0208	36.5465
420.1732	34.7405
420.3256	35.8216
420.478	40.0009
420.6304	44.3227
420.7828	45.7171
420.9352	45.6078
421.0876	45.7503
421.24	45.039
421.3924	43.7945
421.5448	40.1545
421.6972	36.5925
421.8496	34.8133
422.002	35.2081
422.1544	36.5859
422.3068	37.2616
422.4592	37.683
422.6116	36.0404
422.764	31.459
422.9164	30.5777
423.0688	30.9092
423.2212	33.0362
423.3736	34.9361
423.526	36.26
423.6784	37.5839
423.8308	37.227
423.9832	36.2971
424.1356	34.1234
424.288	33.0127
424.4404	33.2814
424.5928	33.5501
424.7452	31.6807
424.8976	29.7809
425.05	30.3113
425.2024	31.6936
425.3548	30.9572
425.5072	29.5817
425.6596	31.1399
425.812	33.7649
425.9644	34.5618
426.1168	32.341
426.2692	30.1286
426.4216	30.1933
426.574	30.1633
426.7264	27.7888
426.8788	21.2712
427.0312	15.538
427.1836	15.5394
427.336	16.8235
427.4884	19.4223
427.6408	23.7612
427.7932	29.4225
427.9456	35.1594
428.098	39.6594
428.2504	43.1757
428.4028	46.7131
428.5552	53.0343
428.7076	59.3938
428.86	65.443
429.0124	67.2311
429.1648	64.2921
429.3172	60.9423
429.4696	57.9095
429.622	53.1721
429.7744	48.4918
429.9268	43.9458
430.0792	40.1191
430.2316	40.9875
430.384	45.0827
430.5364	48.5659
430.6888	51.7849
430.8412	55.6491
430.9936	57.808
431.146	56.7799
431.2984	55.3147
431.4508	54.2344
431.6032	53.8845
431.7556	53.6853
431.908	54.9653
432.0604	55.7362
432.2128	55.3889
432.3652	52.6921
432.5176	49.1036
432.67	47.6728
432.8224	46.2491
432.9748	43.0549
433.1272	38.2447
433.2796	37.2126
433.432	35.6524
433.5844	37.749
433.7368	46.0718
433.8892	54.0312
434.0416	61.9906
434.194	67.2311
434.3464	67.8287
434.4988	63.1091
434.6512	58.7525
434.8036	58.3543
434.956	59.3023
435.1084	60.259
435.2608	58.8645
435.4132	50.4086
435.5656	41.8954
435.718	35.1155
435.8704	28.5556
436.0228	23.2955
436.1752	21.7354
436.3276	21.3984
436.48	21.3791
436.6324	22.5626
436.7848	23.8357
436.9372	24.5593
437.0896	23.2858
437.242	21.2151
437.3944	18.0723
437.5468	15.3117
437.6992	14.4131
437.8516	14.7041
438.004	14.6339
438.1564	14.1346
438.3088	14.0438
438.4612	13.3236
438.6136	11.414
438.766	10.8547
438.9184	11.0558
439.0708	11.6027
439.2232	12.4297
439.3756	12.0518
439.528	12.4529
439.6804	12.7909
439.8328	12.0872
439.9852	12.0359
440.1376	11.0558
440.29	11.3596
440.4424	12.0421
440.5948	13.962
440.7472	17.8988
440.8996	23.8387
441.052	34.4302
441.2044	48.5258
441.3568	62.6214
441.5092	74.3212
441.6616	79.5752
441.814	82.3558
441.9664	81.3021
442.1188	83.2844
442.2712	94.6635
442.4236	104.6758
442.576	107.2709
442.7284	100.6277
442.8808	90.1656
443.0332	83.3665
443.1856	82.1713
443.338	85.386
443.4904	83.3378
443.6428	72.5586
443.7952	57.4701
443.9476	47.6629
444.1	40.7968
444.2524	35.3586
444.4048	31.4503
444.5572	30.0424
444.7096	30.4245
444.862	30.5202
445.0144	29.5415
445.1668	28.5628
445.3192	28.7849
445.4716	31.224
445.624	32.8766
445.7764	32.8146
445.9288	29.9539
446.0812	22.4508
446.2336	20.2924
446.386	20.9029
446.5384	22.863
446.6908	27.2438
446.8432	30.5322
446.9956	32.425
447.148	30.9761
447.3004	26.1573
447.4528	21.8784
447.6052	21.8189
447.7576	24.7958
447.91	30.0077
448.0624	35.0773
448.2148	38.745
448.3672	40.5378
448.5196	39.3426
448.672	39.4564
448.8244	40.6193
448.9768	42.1434
449.1292	44.9978
449.2816	47.4055
449.434	47.9084
449.5864	48.84
449.7388	50.0381
449.8912	48.8926
450.0436	48.2926
450.196	48.7147
450.3484	48.2325
450.5008	47.9419
450.6532	45.8423
450.8056	42.7509
450.958	41.1355
451.1104	38.473
451.2628	36.8739
451.4152	33.7181
451.5676	30.7068
451.72	29.9801
451.8724	30.7769
452.0248	33.7479
452.1772	35.9449
452.3296	37.1942
452.482	36.8272
452.6344	36.076
452.7868	34.5618
452.9392	36.2944
453.0916	38.6216
453.244	38.0285
453.3964	37.2015
453.5488	36.9522
453.7012	37.2896
453.8536	37.749
454.006	40.5525
454.1584	44.0666
454.3108	48.5055
454.4632	51.0187
454.6156	49.7012
454.768	49.2451
454.9204	48.1371
455.0728	47.5831
455.2252	45.7938
455.3776	42.1785
455.53	39.9402
455.6824	41.1101
455.8348	43.1275
455.9872	42.7329
456.1396	42.5299
456.292	45.1337
456.4444	45.1195
456.5968	43.433
456.7492	42.1315
456.9016	43.2868
457.054	45.3187
457.2064	45.083
457.3588	44.0287
457.5112	44.156
457.6636	44.6031
457.816	43.7045
457.9684	43.5108
458.1208	42.4204
458.2732	43.5118
458.4256	44.7856
458.578	43.6428
458.7304	40.7105
458.8828	38.1474
459.0352	37.9057
459.1876	36.2368
459.34	35.6147
459.4924	34.3625
459.6448	34.5355
459.7972	36.8396
459.9496	39.2589
460.102	41.6159
460.2544	42.9902
460.4068	44.3646
460.5592	45.7389
460.7116	46.5876
460.864	46.1562
461.0164	45.7249
461.1688	44.6681
461.3212	43.5259
461.4736	44.3556
461.626	47.0905
461.7784	49.8254
461.9308	52.4077
462.0832	54.9401
462.2356	57.1696
462.388	57.7594
462.5404	57.9112
462.6928	58.1877
462.8452	58.4661
462.9976	58.2877
463.15	58.108
463.3024	57.0831
463.4548	55.8145
463.6072	55.9119
463.7596	56.1749
463.912	56.4379
464.0644	56.7009
464.2168	56.7338
464.3692	56.5999
464.5216	57.865
464.674	57.927
464.8264	56.3412
464.9788	55.7082
465.1312	56.1555
465.2836	58.3584
465.436	62.4919
465.5884	65.239
465.7408	63.8823
465.8932	64.0537
466.0456	63.6805
466.198	62.4404
466.3504	62.8139
466.5028	64.9883
466.6552	66.1282
466.8076	66.3252
466.96	66.4247
467.1124	64.8144
467.2648	64.0438
467.4172	66.6335
467.5696	67.1282
467.722	65.1573
467.8744	62.7763
468.0268	62.1737
468.1792	62.7005
468.3316	62.1703
468.484	59.5955
468.6364	57.0584
468.7888	55.4091
468.9412	56.033
469.0936	57.4199
469.246	59.6409
469.3984	61.8619
469.5508	63.4465
469.7032	58.9776
469.8556	53.721
470.008	51.1557
470.1604	50.4147
470.3128	53.0698
470.4652	56.6733
470.6176	57.6693
470.77	55.8904
470.9224	54.0993
471.0748	52.3081
471.2272	50.6431
471.3796	50.0996
471.532	48.4555
471.6844	46.9708
471.8368	47.5678
471.9892	48.3482
472.1416	50.8964
472.294	56.0975
472.4464	63.9657
472.5988	71.834
472.7512	79.4133
472.9036	83.6006
473.056	84.2361
473.2084	80.5941
473.3608	76.9521
473.5132	73.31
473.6656	70.4997
473.818	68.8247
473.9704	70.8799
474.1228	74.989
474.2752	78.3378
474.4276	80.1219
474.58	78.0406
474.7324	71.2342
474.8848	65.3822
475.0372	60.893
475.1896	57.7911
475.342	54.8805
475.4944	48.9033
475.6468	39.75
475.7992	32.1885
475.9516	28.0926
476.104	26.1521
476.2564	26.4688
476.4088	27.4489
476.5612	28.4289
476.7136	30.6657
476.866	33.1417
477.0184	32.3532
477.1708	28.4152
477.3232	25.1427
477.4756	23.5928
477.628	22.2923
477.7804	20.9918
477.9328	20.1254
478.0852	20.543
478.2376	20.1221
478.39	19.519
478.5424	18.9159
478.6948	18.8247
478.8472	19.2128
478.9996	19.6651
479.152	18.782
479.3044	18.4263
479.4568	19.5688
479.6092	20.8167
479.7616	21.8035
479.914	23.0606
480.0664	25.238
480.2188	27.4155
480.3712	28.6823
480.5236	28.5857
480.676	26.268
480.8284	24.213
480.9808	24.3764
481.1332	23.7156
481.2856	23.5305
481.438	24.829
481.5904	26.7896
481.7428	28.631
481.8952	29.9489
482.0476	31.8112
482.2	34.1701
482.3524	35.4439
482.5048	34.096
482.6572	33.1673
482.8096	33.7649
482.962	35.6636
483.1144	38.495
483.2668	42.0895
483.4192	43.8128
483.5716	47.327
483.724	53.633
483.8764	61.6814
484.0288	69.7299
484.1812	71.0672
484.3336	68.6357
484.486	66.573
484.6384	68.2077
484.7908	68.3814
484.9432	68.0556
485.0956	70.2903
485.248	73.8969
485.4004	76.0525
485.5528	78.9841
485.7052	80.6169
485.8576	81.7172
486.01	84.4651
486.1624	87.3506
486.3148	87.6932
486.4672	89.5329
486.6196	94.9428
486.772	100.3527
486.9244	105.7626
487.0768	115.2732
487.2292	129.8632
487.3816	146.5139
487.534	165.4382
487.6864	159.7773
487.8388	151.3379
487.9912	142.8985
488.1436	135.7495
488.296	128.7295
488.4484	121.7095
488.6008	116.6575
488.7532	114.6016
488.9056	110.6228
489.058	95.1195
489.2104	66.8029
489.3628	41.9735
489.5152	29.5959
489.6676	24.3015
489.82	23.4058
489.9724	22.2887
490.1248	20.602
490.2772	19.8207
490.4296	20.4906
490.582	22.4104
490.7344	25.5497
490.8868	28.6256
491.0392	31.7015
491.1916	34.7775
491.344	39.5832
491.4964	47.2616
491.6488	61.5344
491.8012	83.789
491.9536	113.2208
492.106	160.6529
492.2584	205.0647
492.4108	219.4223
492.5632	186.834
492.7156	148.0922
492.868	127.988
493.0204	113.9899
493.1728	102.6931
493.3252	92.3307
493.4776	83.6074
493.63	80.0104
493.7824	78.7849
493.9348	80.3373
494.0872	80.9401
494.2396	77.2157
494.392	76.7928
494.5444	82.1586
494.6968	87.3224
494.8492	88.7838
495.0016	83.8786
495.154	70.9085
495.3064	53.4742
495.4588	36.0399
495.6112	25.5422
495.7636	24.8577
495.916	25.996
496.0684	25
496.2208	20.8573
496.3732	15.4831
496.5256	12.0733
496.678	10.1595
496.8304	9.6614
496.9828	8.6719
497.1352	7.8272
497.2876	7.9594
497.44	8.3548
497.5924	8.5135
497.7448	8.5794
497.8972	8.6452
498.0496	9.2273
498.202	10.434
498.3544	12.1018
498.5068	14.1588
498.6592	16.4059
498.8116	18.1218
498.964	17.2427
499.1164	13.614
499.2688	10.6574
499.4212	11.125
499.5736	12.8538
499.726	16.4118
499.8784	19.9698
500.0308	22.5536
500.1832	21.1656
500.3356	16.2567
500.488	14.6495
500.6404	14.243
500.7928	14.243
500.9452	14.6492
501.0976	14.4901
501.25	14.7837
501.4024	14.797
501.5548	14.0619
501.7072	13.7615
501.8596	14.0292
502.012	14.2707
502.1644	14.408
502.3168	13.1562
502.4692	NA
502.6216	NA
502.774	NA
502.9264	NA
503.0788	NA
503.2312	NA
503.3836	NA
503.536	NA
503.6884	NA
503.8408	NA
503.9932	NA
504.1456	NA
504.298	NA
504.4504	NA
504.6028	NA
504.7552	NA
504.9076	NA
505.06	NA
505.2124	NA
505.3648	NA
505.5172	NA
505.6696	NA
505.822	NA
505.9744	NA
506.1268	NA
506.2792	NA
506.4316	NA
506.584	NA
506.7364	NA
506.8888	NA
