DEPT	GR
0	18.97410359
0.1	18.97410359
0.2	18.52589641
0.3	17.2559761
0.4	15.46314741
0.5	14.34262948
0.6	14.49203187
0.7	15.83665339
0.8	16.58366534
0.9	16.28486056
1	15.54630534
1.1	14.37363753
1.2	12.22111554
1.3	10.00996016
1.4	7.76394422
1.5	6.12549801
1.6	5.82669323
1.7	5.82669323
1.8	6.5251494
1.9	8.12749004
2	9.50123556
2.1	10.60756972
2.2	12.10159363
2.3	14.71912351
2.4	18.85458167
2.5	23.75498008
2.6	27.93824701
2.7	28.23705179
2.8	24.22310757
2.9	20.16932271
3	17.77888446
3.1	18.80976096
3.2	21.20517928
3.3	23.4561753
3.4	26.5189243
3.5	29.53187251
3.6	31.2250996
3.7	31.40438247
3.8	30.82171315
3.9	30.23904382
4	29.7310757
4.1	29.05828711
4.2	28.53585657
4.3	28.38645418
4.4	28.83466135
4.5	29.7310757
4.6	30.02988048
4.7	29.89915339
4.8	29.7310757
4.9	29.20816733
5	28.794798
5.1	28.68849573
5.2	28.58219346
5.3	29.19322709
5.4	30.9063745
5.5	32.71912351
5.6	31.73733637
5.7	30.07256688
5.8	28.83466135
5.9	29.13346614
6	28.98406375
6.1	27.63944223
6.2	27.41832669
6.3	27.65139442
6.4	27.88446215
6.5	27.24103586
6.6	26.46414343
6.7	25.48804781
6.8	23.75498008
6.9	23.4561753
7	21.06573705
7.1	20.46812749
7.2	20.16932271
7.3	19.65139442
7.4	19.27290837
7.5	19.57171315
7.6	18.70517928
7.7	17.77888446
7.8	17.48007968
7.9	17.1812749
8	16.28486056
8.1	15.98605578
8.2	16.88247012
8.3	17.33067729
8.4	17.77888446
8.5	18.07768924
8.6	19.57171315
8.7	19.57171315
8.8	19.57171315
8.9	19.57171315
9	20.16932271
9.1	20.38446215
9.2	20.16932271
9.3	21.36454183
9.4	21.06573705
9.5	20.46812749
9.6	21.22111554
9.7	21.96215139
9.8	22.26095618
9.9	22.65537849
10	22.85856574
10.1	22.38047809
10.2	20.83266932
10.3	19.27290837
10.4	19.47460159
10.5	20.16932271
10.6	21.52675014
10.7	22.85856574
10.8	20.9312749
10.9	19.87051793
11	19.57171315
11.1	20.01992032
11.2	20.61752988
11.3	22.27755644
11.4	24.00398406
11.5	24.80079681
11.6	23.4188247
11.7	22.55976096
11.8	23.30677291
11.9	23.15737052
12	24.81790396
12.1	26.98207171
12.2	29.8625498
12.3	33.46613546
12.4	38.74003984
12.5	46.31474104
12.6	54.23306773
12.7	69.15836653
12.8	86.20144422
12.9	104.57171315
13	121.16533865
13.1	164.64143426
13.2	187.35059761
13.3	207.07171315
13.4	225
13.5	248.13869522
13.6	279.96140438
13.7	313.80904952
13.8	351.03158793
13.9	368.7250996
14	343.64684121
14.1	299.85059761
14.2	280.81673307
14.3	272.36055777
14.4	281.3247012
14.5	280.72709163
14.6	244.87051793
14.7	158.81474104
14.8	108.31673307
14.9	81.42430279
15	67.84105616
15.1	61.10557769
15.2	61.10557769
15.3	66.83067729
15.4	69.77091633
15.5	69.77091633
15.6	62.97310757
15.7	56.35458167
15.8	49.45219124
15.9	46.16533865
16	45.56772908
16.1	45.86653386
16.2	46.16533865
16.3	45.00747012
16.4	43.26693227
16.5	41.23505976
16.6	41.38446215
16.7	44.52191235
16.8	47.95816733
16.9	50.79681275
17	50.64741036
17.1	50.0498008
17.2	50.34860558
17.3	49.75099602
17.4	47.65936255
17.5	43.32669323
17.6	39.92031873
17.7	40.48804781
17.8	43.3625498
17.9	47.48007968
18	52.70169323
18.1	55.12948207
18.2	52.88247012
18.3	50.64741036
18.4	48.85458167
18.5	49.00398406
18.6	48.25697211
18.7	47.36055777
18.8	47.95816733
18.9	47.56972112
19	47.65936255
19.1	49.45346546
19.2	50.64741036
19.3	51.84262948
19.4	54.83067729
19.5	63.19721116
19.6	68.87450199
19.7	73.05776892
19.8	75.89641434
19.9	76.79282869
20	76.81772908
20.1	76.4940239
20.2	74.70119522
20.3	71.937251
20.4	67.67928287
20.5	65.16932271
20.6	63.34661355
20.7	63.19721116
20.8	63.64541833
20.9	64.99003984
21	69.77091633
21.1	70.3685259
21.2	69.17330677
21.3	66.66334661
21.4	64.99003984
21.5	64.69123506
21.6	65.28884462
21.7	67.42828685
21.8	69.17330677
21.9	68.27689243
22	68.27689243
22.1	68.85059761
22.2	69.17330677
22.3	67.97808765
22.4	67.97808765
22.5	69.17330677
22.6	71.56374502
22.7	70.05776892
22.8	68.1125498
22.9	67.08167331
23	68.87450199
23.1	70.54780876
23.2	71.26494024
23.3	67.2310757
23.4	67.67928287
23.5	69.47211155
23.6	69.17330677
23.7	69.32270916
23.8	70.93625498
23.9	71.56374502
24	71.26494024
24.1	72.75896414
24.2	73.05776892
24.3	77.24103586
24.4	77.24103586
24.5	76.64342629
24.6	75.29880478
24.7	74.25298805
24.8	74.10358566
24.9	74.25298805
25	73.29247678
25.1	71.8625498
25.2	71.26494024
25.3	70.96613546
25.4	71.21713147
25.5	71.56374502
25.6	70.66733068
25.7	66.42430279
25.8	63.79482072
25.9	63.79482072
26	69.17330677
26.1	74.25298805
26.2	74.25298805
26.3	71.56374502
26.4	70.21912351
26.5	68.57569721
26.6	67.38047809
26.7	67.52988048
26.8	67.08167331
26.9	64.69123506
27	64.99003984
27.1	65.28884462
27.2	66.17031873
27.3	68.55862265
27.4	72.38759249
27.5	74.55179283
27.6	72.46015936
27.7	71.8625498
27.8	76.34462151
27.9	79.03386454
28	82.66490998
28.1	87.99800797
28.2	89.94023904
28.3	89.79083665
28.4	86.26920888
28.5	84.26294821
28.6	82.91832669
28.7	82.91832669
28.8	82.61952191
28.9	83.06772908
29	88.56339968
29.1	93.07768924
29.2	93.97410359
29.3	94.52048947
29.4	95.16932271
29.5	97.26095618
29.6	98.75498008
29.7	97.26095618
29.8	93.1374502
29.9	90.687251
30	90.687251
30.1	97.67928287
30.2	102.63944223
30.3	100.84661355
30.4	98.15737052
30.5	102.34063745
30.6	104.7310757
30.7	104.13346614
30.8	104.13346614
30.9	104.9940239
31	105.32868526
31.1	102.78884462
31.2	100.24900398
31.3	99.65139442
31.4	98.00796813
31.5	92.29332669
31.6	87.69920319
31.7	87.99800797
31.8	92.48007968
31.9	93.07768924
32	92.62948207
32.1	92.03187251
32.2	93.10258964
32.3	94.27290837
32.4	91.88247012
32.5	85.30876494
32.6	83.81474104
32.7	83.06772908
32.8	82.27803073
32.9	81.12549801
33	80.52788845
33.1	80.67131474
33.2	80.82669323
33.3	80.46812749
33.4	78.92629482
33.5	76.94223108
33.6	78.73505976
33.7	77.53984064
33.8	77.53984064
33.9	78.43625498
34	80.6982169
34.1	85.84661355
34.2	97.41035857
34.3	102.04183267
34.4	103.57171315
34.5	105.38844622
34.6	105.92629482
34.7	103.53585657
34.8	102.04183267
34.9	103.10756972
35	106.2250996
35.1	109.21314741
35.2	109.81075697
35.3	108.01792829
35.4	107.42031873
35.5	106.2250996
35.6	107.81374502
35.7	109.51195219
35.8	109.21314741
35.9	107.76630321
36	105.92629482
36.1	105.17928287
36.2	105.17928287
36.3	107.12151394
36.4	106.67330677
36.5	102.93824701
36.6	99.20318725
36.7	98.60557769
36.8	101.5936255
36.9	102.49003984
37	103.97082556
37.1	105.92629482
37.2	106.82270916
37.3	109.11752988
37.4	111.0059761
37.5	111.0059761
37.6	109.0876494
37.7	106.82270916
37.8	106.52390438
37.9	107.42031873
38	102.78884462
38.1	97.26095618
38.2	96.96215139
38.3	100.24900398
38.4	101.14541833
38.5	101.14541833
38.6	101.74302789
38.7	103.65537849
38.8	108.41633466
38.9	111.30478088
39	111.0059761
39.1	105.02988048
39.2	104.13346614
39.3	105.92629482
39.4	105.32868526
39.5	102.93824701
39.6	100.84661355
39.7	102.51992032
39.8	104.85059761
39.9	106.52390438
40	105.02988048
40.1	103.11752988
40.2	102.63944223
40.3	104.33266932
40.4	104.7310757
40.5	103.23705179
40.6	104.04681275
40.7	105.09561753
40.8	106.2250996
40.9	104.43227092
41	102.93824701
41.1	99.9501992
41.2	100.54780876
41.3	104.43227092
41.4	103.68525896
41.5	103.83466135
41.6	104.04809334
41.7	104.43227092
41.8	104.7310757
41.9	104.88047809
42	104.43227092
42.1	103.23705179
42.2	100.84661355
42.3	104.88047809
42.4	106.97211155
42.5	107.12151394
42.6	108.16733068
42.7	108.16733068
42.8	106.82270916
42.9	105.02988048
43	102.63944223
43.1	104.6314741
43.2	107.71912351
43.3	108.16733068
43.4	104.45361411
43.5	99.65139442
43.6	96.96215139
43.7	97.70916335
43.8	97.55976096
43.9	94.87051793
44	95.16932271
44.1	96.06573705
44.2	95.26195219
44.3	93.74701195
44.4	92.23207171
44.5	90.98605578
44.6	90.687251
44.7	90.82669323
44.8	90.98605578
44.9	89.79083665
45	88.89442231
45.1	90.98605578
45.2	94.57171315
45.3	95.16932271
45.4	92.2559761
45.5	88.89442231
45.6	87.5498008
45.7	86.35458167
45.8	87.10159363
45.9	88.59561753
46	90.08964143
46.1	90.08964143
46.2	90.687251
46.3	90.83665339
46.4	89.49203187
46.5	85.9063745
46.6	86.50398406
46.7	87.10159363
46.8	86.80278884
46.9	87.10159363
47	88.69521912
47.1	89.79083665
47.2	90.687251
47.3	92.00199203
47.4	93.6752988
47.5	93.6752988
47.6	93.07768924
47.7	92.1812749
47.8	89.8685259
47.9	87.29581673
48	84.71115538
48.1	86.62350598
48.2	89.07370518
48.3	90.02988048
48.4	88.89442231
48.5	88.89442231
48.6	90.05976096
48.7	90.687251
48.8	90.687251
48.9	90.08964143
49	89.63576075
49.1	89.19322709
49.2	89.49203187
49.3	91.73306773
49.4	93.97410359
49.5	96.96215139
49.6	103.98406375
49.7	104.7310757
49.8	102.93824701
49.9	98.63545817
50	94.81075697
50.1	92.77888446
50.2	92.77888446
50.3	92.33067729
50.4	90.38844622
50.5	87.99800797
50.6	85.75697211
50.7	84.71115538
50.8	83.21713147
50.9	82.61952191
51	82.61952191
51.1	82.32071713
51.2	83.51593625
51.3	87.89840637
51.4	90.08964143
51.5	88.17729084
51.6	86.80278884
51.7	87.69920319
51.8	88.59561753
51.9	87.66185259
52	86.80278884
52.1	87.69920319
52.2	87.10159363
52.3	87.69920319
52.4	87.40039841
52.5	82.61952191
52.6	81.42430279
52.7	82.02191235
52.8	84.63645418
52.9	88.17729084
53	93.22709163
53.1	93.6752988
53.2	92.48007968
53.3	91.28486056
53.4	90.98605578
53.5	91.88247012
53.6	91.88247012
53.7	92.48007968
53.8	91.58366534
53.9	88.89442231
54	86.32243179
54.1	83.51593625
54.2	82.91832669
54.3	82.91832669
54.4	80.97609562
54.5	80.37848606
54.6	81.72310757
54.7	84.81075697
54.8	87.63517359
54.9	89.85486625
55	91.73306773
55.1	92.48007968
55.2	93.01365965
55.3	93.97410359
55.4	93.8247012
55.5	90.98605578
55.6	89.0438247
55.7	88.59561753
55.8	89.0438247
55.9	89.64143426
56	90.71215139
56.1	91.58366534
56.2	90.687251
56.3	87.99800797
56.4	81.79780876
56.5	73.95418327
56.6	70.64243028
56.7	67.97808765
56.8	69.17330677
56.9	76.94223108
57	84.91802023
57.1	89.56673307
57.2	91.47908367
57.3	93.18227092
57.4	94.87051793
57.5	94.87051793
57.6	95.94621514
57.7	96.06573705
57.8	95.16932271
57.9	95.16932271
58	94.68510207
58.1	93.27594158
58.2	91.86678109
58.3	90.53784861
58.4	89.49203187
58.5	89.64143426
58.6	91.58366534
58.7	92.03187251
58.8	89.34262948
58.9	89.7310757
59	90.98605578
59.1	90.08964143
59.2	92.64228799
59.3	95.16932271
59.4	95.22908367
59.5	94.57171315
59.6	95.80961867
59.7	97.55976096
59.8	97.26095618
59.9	96.06573705
60	95.91633466
60.1	96.06573705
60.2	98.82968127
60.3	101.63545817
60.4	104.13346614
60.5	103.83466135
60.6	97.26095618
60.7	96.66334661
60.8	95.76693227
60.9	97.20714299
61	100.74181945
61.1	103.83466135
61.2	102.04183267
61.3	99.50199203
61.4	99.05378486
61.5	102.93824701
61.6	103.38645418
61.7	102.04183267
61.8	102.50664011
61.9	103.38645418
62	101.14541833
62.1	99.65139442
62.2	99.35258964
62.3	96.812749
62.4	93.07768924
62.5	92.48007968
62.6	93.61553785
62.7	95.76693227
62.8	96.36454183
62.9	98.39641434
63	100.59760956
63.1	102.04183267
63.2	99.35258964
63.3	101.29482072
63.4	104.7310757
63.5	100.24900398
63.6	99.65139442
63.7	100.54780876
63.8	105.02988048
63.9	105.32868526
64	103.20717131
64.1	99.90537849
64.2	98.15737052
64.3	99.35258964
64.4	101.14541833
64.5	101.74302789
64.6	99.9501992
64.7	101.8625498
64.8	103.23705179
64.9	102.04183267
65	97.85856574
65.1	97.55976096
65.2	98.39309429
65.3	99.29946879
65.4	100.24900398
65.5	99.9501992
65.6	99.65139442
65.7	99.35258964
65.8	97.85856574
65.9	94.75099602
66	92.48007968
66.1	94.69870518
66.2	96.66334661
66.3	96.96215139
66.4	99.23306773
66.5	100.84661355
66.6	100.84661355
66.7	102.17131474
66.8	105.02988048
66.9	105.62749004
67	105.62749004
67.1	104.80577689
67.2	104.13346614
67.3	102.19123506
67.4	101.29482072
67.5	100.69721116
67.6	101.14541833
67.7	104.13346614
67.8	106.82270916
67.9	103.87201195
68	98.15737052
68.1	98.90438247
68.2	99.9501992
68.3	100.39840637
68.4	103.83466135
68.5	108.16733068
68.6	108.76494024
68.7	107.71912351
68.8	102.49003984
68.9	100.09960159
69	102.61296586
69.1	104.7310757
69.2	104.55926295
69.3	104.9501992
69.4	105.32868526
69.5	105.12948207
69.6	103.23705179
69.7	101.14541833
69.8	103.40438247
69.9	105.92629482
70	107.16770143
70.1	108.01792829
70.2	106.52390438
70.3	106.37450199
70.4	105.32868526
70.5	101.44422311
70.6	98.30677291
70.7	96.66334661
70.8	94.12350598
70.9	91.13545817
71	90.23904382
71.1	92.98804781
71.2	95.75572709
71.3	100.00996016
71.4	101.14541833
71.5	103.05776892
71.6	104.43227092
71.7	104.13346614
71.8	102.08366534
71.9	100.54780876
72	102.16296974
72.1	104.68262087
72.2	106.67330677
72.3	105.92629482
72.4	105.02988048
72.5	104.13346614
72.6	98.15737052
72.7	96.21513944
72.8	95.76693227
72.9	98.49059761
73	100.84661355
73.1	102.08831341
73.2	103.5126162
73.3	104.7310757
73.4	102.44521912
73.5	100.54780876
73.6	100.84661355
73.7	101.64143426
73.8	102.45717131
73.9	102.75783658
74	101.58516876
74.1	100.69721116
74.2	100.24900398
74.3	99.9501992
74.4	99.80079681
74.5	100.99601594
74.6	101.74302789
74.7	99.83814741
74.8	97.74651394
74.9	96.51394422
75	95.46812749
75.1	94.27290837
75.2	93.86952191
75.3	93.6752988
75.4	94.59561753
75.5	96.06573705
75.6	96.36454183
75.7	96.66334661
75.8	97.55976096
75.9	100.94052362
76	103.68525896
76.1	103.23705179
76.2	103.23705179
76.3	104.43227092
76.4	100.48804781
76.5	96.66334661
76.6	95.16932271
76.7	95.16932271
76.8	96.06573705
76.9	96.36454183
77	97.70916335
77.1	96.14043825
77.2	93.00298805
77.3	90.687251
77.4	90.38844622
77.5	90.687251
77.6	89.49203187
77.7	89.19322709
77.8	91.50149402
77.9	93.97410359
78	95.09705603
78.1	96.06573705
78.2	95.76693227
78.3	95.46812749
78.4	95.76693227
78.5	96.36454183
78.6	99.07171315
78.7	101.14541833
78.8	98.87450199
78.9	97.85856574
79	100.27420439
79.1	102.63944223
79.2	99.74103586
79.3	96.96215139
79.4	96.70517928
79.5	95.61752988
79.6	94.87051793
79.7	95.75199203
79.8	98.47111554
79.9	99.65139442
80	96.56205686
80.1	94.87051793
80.2	94.87051793
80.3	95.16932271
80.4	96.58224246
80.5	98.15737052
80.6	98.15737052
80.7	98.21713147
80.8	98.75498008
80.9	96.66334661
81	98.47777564
81.1	100.54780876
81.2	100.51419323
81.3	100.35732072
81.4	100.24900398
81.5	100.39840637
81.6	102.34063745
81.7	102.34063745
81.8	101.74302789
81.9	102.34063745
82	103.38645418
82.1	105.32868526
82.2	109.29083665
82.3	111.60358566
82.4	109.81075697
82.5	104.90537849
82.6	100.85657371
82.7	99.65139442
82.8	99.9501992
82.9	99.9501992
83	100.24900398
83.1	100.95119522
83.2	101.71314741
83.3	102.96812749
83.4	104.27859989
83.5	105.71286283
83.6	105.32868526
83.7	101.26494024
83.8	99.9501992
83.9	102.61952191
84	109.56778423
84.1	117.57968127
84.2	121.16533865
84.3	124.15338645
84.4	130.12948207
84.5	145.3685259
84.6	158.51593625
84.7	171.66334661
84.8	171.66334661
84.9	122.65936255
85	91.28486056
85.1	58.61553785
85.2	43.96414343
85.3	35.69223108
85.4	28.59561753
85.5	22.41035857
85.6	19.57171315
85.7	19.27290837
85.8	19.57171315
85.9	21.59077974
86	23.65097621
86.1	25.86972552
86.2	28.08847483
86.3	30.02988048
86.4	32.42031873
86.5	32.42031873
86.6	32.71912351
86.7	33.31673307
86.8	32.42031873
86.9	28.14741036
87	25.84661355
87.1	24.9501992
87.2	24.9501992
87.3	27.00863214
87.4	29.59827357
87.5	31.88247012
87.6	33.31673307
87.7	33.61553785
87.8	32.80876494
87.9	31.2250996
88	30.32868526
88.1	29.10358566
88.2	27.34063745
88.3	26.74302789
88.4	27.95105293
88.5	30.11525327
88.6	32.36055777
88.7	34.51195219
88.8	36.00099602
88.9	37.5
89	38.39641434
89.1	38.69521912
89.2	38.9940239
89.3	38.9940239
89.4	37.76145418
89.5	36.26743028
89.6	35.85657371
89.7	38.47111554
89.8	41.68326693
89.9	44.89541833
90	47.50996016
90.1	47.09910359
90.2	46.16533865
90.3	46.16533865
90.4	47.65936255
90.5	50.34860558
90.6	54.53187251
90.7	55.72709163
90.8	56.77290837
90.9	58.17729084
91	60.9348321
91.1	64.93027888
91.2	72.46015936
91.3	76.34462151
91.4	77.83864542
91.5	74.25298805
91.6	71.8625498
91.7	71.10273193
91.8	70.10387023
91.9	69.47211155
92	68.87450199
92.1	67.38047809
92.2	66.18525896
92.3	63.94422311
92.4	63.34661355
92.5	64.39243028
92.6	66.93227092
92.7	68.57569721
92.8	69.47211155
92.9	73.65537849
93	80.82669323
93.1	84.26294821
93.2	87.06424303
93.3	90.83665339
93.4	91.58366534
93.5	90.687251
93.6	86.20517928
93.7	85.15936255
93.8	88.02788845
93.9	89.79083665
94	90.08964143
94.1	91.28486056
94.2	90.23904382
94.3	87.40039841
94.4	87.10159363
94.5	90.38844622
94.6	93.6752988
94.7	95.16932271
94.8	96.51394422
94.9	95.07968127
95	92.77888446
95.1	88.07270916
95.2	83.81474104
95.3	80.37848606
95.4	79.03386454
95.5	78.73505976
95.6	77.24103586
95.7	72.31075697
95.8	69.62151394
95.9	69.92031873
96	72.64708937
96.1	75.59265308
96.2	78.3876992
96.3	81.15537849
96.4	82.32071713
96.5	80.52788845
96.6	77.53984064
96.7	72.46015936
96.8	68.57569721
96.9	68.57569721
97	71.26494024
97.1	74.40239044
97.2	75.59760956
97.3	76.64342629
97.4	79.84490609
97.5	82.91832669
97.6	83.21713147
97.7	81.72310757
97.8	79.18326693
97.9	78.73505976
98	80.52788845
98.1	81.42430279
98.2	82.53984064
98.3	84.0936255
98.4	84.11354582
98.5	83.31673307
98.6	82.32071713
98.7	80.5876494
98.8	77.28585657
98.9	70.74821017
99	62.59960159
99.1	54.58167331
99.2	47.06175299
99.3	41.68326693
99.4	39.74103586
99.5	38.54581673
99.6	40.18924303
99.7	46.25498008
99.8	51.96713147
99.9	56.3247012
100	65.88645418
100.1	65.5876494
100.2	63.49601594
100.3	63.49601594
100.4	66.48406375
100.5	68.21713147
100.6	70.42231076
100.7	72.46015936
100.8	71.56374502
100.9	75.56772908
101	80.22908367
101.1	87.40039841
101.2	90.08964143
101.3	92.1812749
101.4	93.97410359
101.5	96.96215139
101.6	100.46414343
101.7	103.23705179
101.8	98.01792829
101.9	94.75099602
102	90.38844622
102.1	89.49203187
102.2	89.49203187
102.3	90.6125498
102.4	93.07768924
102.5	92.77888446
102.6	85.9063745
102.7	85.60756972
102.8	88.89442231
102.9	89.19322709
103	89.78705431
103.1	90.38844622
103.2	89.49203187
103.3	87.60956175
103.4	87.40039841
103.5	85.00996016
103.6	81.72310757
103.7	81.60358566
103.8	84.11354582
