DEPT	GR
26	59.50331126
26.1	60.09933775
26.2	60.69536424
26.3	61.11402801
26.4	60.77912843
26.5	60.38876363
26.6	59.8517468
26.7	59.54899217
26.8	59.20436442
26.9	58.89698994
27	59.45725624
27.1	60.41386544
27.2	61.85389908
27.3	62.27687968
27.4	62.30095725
27.5	62.13256276
27.6	62.54758501
27.7	63.39605225
27.8	64.14930485
27.9	64.46260432
28	64.47257281
28.1	64.45984228
28.2	64.93050079
28.3	65.20125665
28.4	65.91048245
28.5	66.70874516
28.6	67.52036885
28.7	68.28815643
28.8	68.70361872
28.9	69.66039041
29	70.75031353
29.1	71.41467603
29.2	71.00725261
29.3	71.86508099
29.4	73.37837767
29.5	76.10534191
29.6	78.53068428
29.7	81.23373097
29.8	82.3955825
29.9	82.7471338
30	82.09823718
30.1	81.30394929
30.2	81.50066446
30.3	81.76970692
30.4	81.71380971
30.5	81.7282123
30.6	82.32536162
30.7	82.15127758
30.8	82.75580441
30.9	83.37941494
31	83.71571884
31.1	83.54344976
31.2	83.3160768
31.3	83.67426429
31.4	83.94304376
31.5	83.95442361
31.6	83.24538647
31.7	81.68008963
31.8	80.96124711
31.9	81.05424913
32	81.65201808
32.1	82.25016742
32.2	83.31481196
32.3	83.94337622
32.4	84.22497552
32.5	84.75741144
32.6	84.04490346
32.7	83.58976433
32.8	82.91070639
32.9	81.95986309
33	81.4967553
33.1	81.45573211
33.2	80.91339804
33.3	79.97962958
33.4	79.55828913
33.5	79.93131098
33.6	81.12545181
33.7	82.40354499
33.8	83.61417921
33.9	84.10450802
34	84.022273
34.1	84.64370691
34.2	85.50793652
34.3	86.07636018
34.4	87.02283607
34.5	87.60089074
34.6	88.0603948
34.7	87.7001449
34.8	86.23157624
34.9	84.11280768
35	82.50749215
35.1	81.16542278
35.2	80.52725933
35.3	81.02253368
35.4	81.39186104
35.5	81.30737673
35.6	80.74933915
35.7	80.58501541
35.8	80.16984605
35.9	79.74972945
36	79.45847772
36.1	79.76653893
36.2	79.88513167
36.3	79.36442956
36.4	77.9771055
36.5	77.13829719
36.6	77.1138795
36.7	77.50867766
36.8	78.36652911
36.9	79.63283538
37	80.28381631
37.1	79.92313007
37.2	79.76628489
37.3	79.90342435
37.4	79.86042176
37.5	79.08779455
37.6	77.82091885
37.7	77.37293175
37.8	78.1962769
37.9	79.01829255
38	79.66651126
38.1	80.06514886
38.2	80.47122817
38.3	80.64165887
38.4	81.76290388
38.5	83.33126772
38.6	84.53228131
38.7	85.93156551
38.8	86.657996
38.9	86.39168453
39	85.96797948
39.1	85.98051903
39.2	86.35212126
39.3	85.57866065
39.4	83.76188613
39.5	82.91442352
39.6	83.77530675
39.7	84.27034794
39.8	84.17381783
39.9	83.63388218
40	84.13171984
40.1	84.72335433
40.2	84.76192782
40.3	84.4802294
40.4	84.91829494
40.5	85.54197564
40.6	86.37329567
40.7	86.91508245
40.8	87.51463191
40.9	88.99374667
41	89.51685626
41.1	89.5038256
41.2	88.4715997
41.3	88.08403762
41.4	87.77604011
41.5	86.45491348
41.6	84.07196348
41.7	82.7597898
41.8	83.19771244
41.9	83.48885628
42	83.90916688
42.1	84.5361676
42.2	84.88235365
42.3	83.95962116
42.4	82.93631961
42.5	82.4175391
42.6	82.19423852
42.7	82.37737546
42.8	82.12161045
42.9	81.96242775
43	82.95280897
43.1	84.51738713
43.2	85.77678697
43.3	86.31996743
43.4	86.82644644
43.5	87.07635994
43.6	87.16086661
43.7	87.25942189
43.8	86.74603446
43.9	86.18548795
44	85.75912023
44.1	84.81113692
44.2	83.89536108
44.3	85.00082027
44.4	85.97091806
44.5	86.86649818
44.6	87.11094944
44.7	86.19144111
44.8	85.7058471
44.9	85.31253639
45	85.24899659
45.1	85.27944516
45.2	85.7399714
45.3	85.91750663
45.4	85.68492558
45.5	85.01450363
45.6	84.14776022
45.7	83.69683683
45.8	83.32303841
45.9	82.72187302
46	82.13115909
46.1	82.11091047
46.2	81.18408177
46.3	79.60801335
46.4	78.1873846
46.5	77.40011655
46.6	77.4127245
46.7	77.43500185
46.8	77.12387135
46.9	76.92371724
47	77.56146224
47.1	77.9565421
47.2	77.77560192
47.3	77.77612572
47.4	77.80771087
47.5	77.34547552
47.6	76.73366854
47.7	76.80091972
47.8	77.20130927
47.9	77.52222883
48	77.7314066
48.1	78.60565731
48.2	79.33663057
48.3	79.82970151
48.4	80.58878374
48.5	81.78787553
48.6	82.91664285
48.7	83.86191939
48.8	84.79095947
48.9	84.77796224
49	84.56297391
49.1	84.03175853
49.2	83.31290738
49.3	82.19505411
49.4	81.95253906
49.5	81.90857761
49.6	81.48163377
49.7	81.34410061
49.8	81.51622491
49.9	81.55132156
50	80.89991896
50.1	80.20286772
50.2	79.7743059
50.3	79.90261276
50.4	81.16348378
50.5	81.74247245
50.6	81.3700081
50.7	80.47162995
50.8	80.72720756
50.9	80.78371263
51	80.56570506
51.1	80.29494774
51.2	79.72989098
51.3	79.197344
51.4	78.83597431
51.5	78.83604863
51.6	79.03151606
51.7	79.74576004
51.8	79.19192367
51.9	79.17039018
52	79.39212984
52.1	80.32766038
52.2	81.20864127
52.3	82.06217415
52.4	82.56829053
52.5	82.30386342
52.6	82.64375797
52.7	83.21533779
52.8	83.15722939
52.9	82.24478515
53	80.97579877
53.1	79.6060941
53.2	78.38711733
53.3	77.83896256
53.4	77.60590119
53.5	78.27984622
53.6	79.84221303
53.7	81.20651594
53.8	82.58751062
53.9	83.44540743
54	84.46493584
54.1	85.97265595
54.2	87.14408035
54.3	87.67447239
54.4	87.1840966
54.5	85.35155706
54.6	82.98264165
54.7	81.781953
54.8	81.32127504
54.9	80.40719793
55	79.5445062
55.1	78.56481476
55.2	78.03556479
55.3	77.62529597
55.4	77.36831058
55.5	77.10703262
55.6	77.55590424
55.7	78.44725334
55.8	78.98129054
55.9	79.09106733
56	78.63811706
56.1	78.2279797
56.2	77.77805547
56.3	76.42424829
56.4	74.97683645
56.5	73.63541305
56.6	73.4471944
56.7	73.9860269
56.8	74.17674535
56.9	74.55118736
57	75.04229222
57.1	75.64229773
57.2	76.64444044
57.3	77.17859216
57.4	77.50693365
57.5	77.38613977
57.6	77.22373012
57.7	77.05429551
57.8	77.19372614
57.9	77.70352524
58	77.90786159
58.1	77.79410425
58.2	76.80330006
58.3	75.37917588
58.4	73.92196931
58.5	72.38518292
58.6	71.24524076
58.7	72.46949083
58.8	73.41278839
58.9	73.84157245
59	73.91404328
59.1	73.60708183
59.2	73.60669403
59.3	75.04121783
59.4	77.80460639
59.5	80.70598848
59.6	82.85491591
59.7	84.17741342
59.8	84.38080612
59.9	83.96945616
60	83.23877505
60.1	82.5269306
60.2	82.74587908
60.3	84.26599972
60.4	85.70049721
60.5	85.58249499
60.6	84.9153649
60.7	84.77831634
60.8	84.78604535
60.9	85.07341483
61	84.30973572
61.1	83.12202257
61.2	82.17468301
61.3	81.52133203
61.4	80.73085445
61.5	79.36162936
61.6	78.72316988
61.7	78.96442084
61.8	79.9664495
61.9	81.12103864
62	81.88941551
62.1	82.33959734
62.2	82.64060655
62.3	83.813547
62.4	84.67670728
62.5	85.45818875
62.6	84.02233901
62.7	81.96976986
62.8	80.81141015
62.9	81.11858497
63	82.49950698
63.1	83.95114147
63.2	84.48156738
63.3	84.36506716
63.4	82.7114109
63.5	79.9939973
63.6	77.60065267
63.7	75.7926492
63.8	74.34374958
63.9	73.3273139
64	72.26889855
64.1	71.05985546
64.2	70.04985637
64.3	70.63081811
64.4	71.64171003
64.5	72.73431108
64.6	73.98838771
64.7	73.96479652
64.8	72.97947948
64.9	71.59046367
65	70.25723822
65.1	70.17513732
65.2	70.89136804
65.3	71.56024715
65.4	72.55197521
65.5	74.17584093
65.6	75.04174415
65.7	75.54989412
65.8	75.51055405
65.9	74.77552091
66	74.59855724
66.1	74.52488347
66.2	73.67578168
66.3	72.72835063
66.4	73.36538144
66.5	74.73579057
66.6	75.90879106
66.7	76.72674998
66.8	77.65925908
66.9	79.00280051
67	79.49502318
67.1	79.58455217
67.2	79.78063508
67.3	79.35302002
67.4	78.99166655
67.5	79.36533346
67.6	79.97206397
67.7	80.35705266
67.8	80.21159922
67.9	79.95413575
68	80.34445113
68.1	80.0123234
68.2	79.43475582
68.3	79.21062312
68.4	79.92074336
68.5	80.62094748
68.6	80.60318647
68.7	80.55414388
68.8	80.60567528
68.9	80.91717782
69	80.42467019
69.1	79.53212166
69.2	78.98925874
69.3	79.35996026
69.4	80.53508138
69.5	81.74476509
69.6	82.60148564
69.7	82.75503691
69.8	81.53687418
69.9	79.59704112
70	77.90891517
70.1	76.35446659
70.2	75.79773647
70.3	75.55199715
70.4	75.04445891
70.5	73.34013763
70.6	70.98589499
70.7	69.3789201
70.8	68.82523833
70.9	68.85160106
71	68.8284513
71.1	69.36828705
71.2	70.62546781
71.3	71.2652107
71.4	71.31781877
71.5	71.42873463
71.6	71.78936388
71.7	71.64977301
71.8	72.18733045
71.9	72.20399939
72	72.65946357
72.1	72.9260995
72.2	72.04208834
72.3	71.77466051
72.4	72.4550509
72.5	74.18508834
72.6	75.92338958
72.7	78.24748224
72.8	80.05257129
72.9	81.50422234
73	82.23103905
73.1	82.35889261
73.2	81.89326736
73.3	80.84150521
73.4	80.11775406
73.5	79.0550499
73.6	78.7669817
73.7	79.13408796
73.8	79.09378519
73.9	77.99245449
74	76.42469893
74.1	75.44164192
74.2	75.4128036
74.3	75.22509014
74.4	75.21786535
74.5	75.42329393
74.6	75.62343262
74.7	75.83576375
74.8	76.88725549
74.9	78.26326403
75	79.13722374
75.1	79.98927666
75.2	81.41589026
75.3	82.67112056
75.4	83.6943066
75.5	85.87479334
75.6	88.09008127
75.7	89.50094712
75.8	89.94812349
75.9	89.88808459
76	89.42835868
76.1	88.55568527
76.2	87.10768751
76.3	85.64921452
76.4	84.65550154
76.5	83.41636704
76.6	82.50706307
76.7	82.48415785
76.8	82.15533643
76.9	81.96385284
77	82.14760322
77.1	83.04381902
77.2	84.39979003
77.3	85.56362369
77.4	86.6685507
77.5	87.10160275
77.6	86.89446102
77.7	86.31920399
77.8	84.9412184
77.9	83.63585732
78	83.30336279
78.1	82.88260281
78.2	82.61340748
78.3	81.70547357
78.4	80.98844625
78.5	81.2319588
78.6	81.98627328
78.7	81.38987036
78.8	82.11457978
78.9	83.15529486
79	84.0928798
79.1	84.31378565
79.2	83.89575174
79.3	84.21640703
79.4	85.4608319
79.5	85.42388923
79.6	85.34409558
79.7	85.72700837
79.8	85.72158422
79.9	85.4172761
80	85.30120718
80.1	85.91228515
80.2	86.69647564
80.3	86.72407233
80.4	86.38971675
80.5	85.47566661
80.6	85.02313256
80.7	84.97459292
80.8	85.78844845
80.9	86.51714018
81	87.24443382
81.1	87.98072539
81.2	88.17227488
81.3	87.74553062
81.4	86.93880155
81.5	86.89521926
81.6	87.34119556
81.7	87.93838971
81.8	88.27862423
81.9	88.05517968
82	87.13397466
82.1	85.76326262
82.2	84.32416677
82.3	82.68879353
82.4	82.71945152
82.5	84.30607225
82.6	86.57542981
82.7	88.77937985
82.8	89.76458853
82.9	89.68104404
83	88.30008599
83.1	85.98143283
83.2	84.56908328
83.3	83.21025634
83.4	82.32306281
83.5	81.46886687
83.6	80.63416624
83.7	79.79840368
83.8	78.94871383
83.9	78.27174942
84	77.73057953
84.1	77.44215418
84.2	78.33683621
84.3	80.1165138
84.4	82.08497722
84.5	83.32266161
84.6	83.33953073
84.7	83.18709898
84.8	82.11121012
84.9	80.37106822
85	78.81749548
85.1	77.08232109
85.2	76.35621526
85.3	76.99655113
85.4	76.77833585
85.5	77.22609784
85.6	78.76997309
85.7	80.95906706
85.8	81.75914127
85.9	81.95912876
86	82.14997239
86.1	82.46556542
86.2	82.95263778
86.3	83.46230712
86.4	83.53181851
86.5	83.05879716
86.6	82.21462186
86.7	81.96248137
86.8	82.42080857
86.9	82.80360696
87	83.14808008
87.1	83.14542329
87.2	82.97378619
87.3	82.95220064
87.4	83.24888678
87.5	83.56397258
87.6	83.88506997
87.7	84.94006139
87.8	85.93944756
87.9	85.53615888
88	85.14905532
88.1	85.32560685
88.2	84.54568682
88.3	85.08931126
88.4	86.95166663
88.5	88.10547761
88.6	88.04014262
88.7	87.11213489
88.8	85.40171952
88.9	83.97030693
89	83.15624167
89.1	82.57811928
89.2	82.15043035
89.3	82.68353281
89.4	83.43134598
89.5	83.53321536
89.6	83.13192361
89.7	81.9243922
89.8	80.55566139
89.9	79.5010672
90	78.68962921
90.1	78.62181335
90.2	79.19192814
90.3	79.91419667
90.4	80.49813161
90.5	81.21658046
90.6	81.72101163
90.7	82.76049232
90.8	84.13109126
90.9	85.66838463
91	86.13371112
91.1	85.2797335
91.2	83.14615127
91.3	80.92959281
91.4	78.72535184
91.5	77.3457299
91.6	77.61429712
91.7	78.99559919
91.8	80.35220601
91.9	81.53778588
92	82.38717215
92.1	83.43892416
92.2	84.49835037
92.3	84.72156411
92.4	85.42169865
92.5	85.38908999
92.6	84.50206936
92.7	83.78276074
92.8	83.97126639
92.9	84.78977402
93	85.43804295
93.1	86.07531629
93.2	86.18357989
93.3	85.34002282
93.4	83.81622598
93.5	82.04979839
93.6	80.29766175
93.7	78.52412774
93.8	76.71595039
93.9	75.0440732
94	74.47255891
94.1	74.64274724
94.2	75.19545867
94.3	75.52228505
94.4	76.60288631
94.5	78.32334051
94.6	80.53933438
94.7	81.19308324
94.8	80.44704988
94.9	80.41674995
95	81.46533997
95.1	82.60730619
95.2	83.92696615
95.3	85.01075673
95.4	85.3046779
95.5	83.7838203
95.6	82.46472096
95.7	81.77719879
95.8	81.9650435
95.9	82.50347447
96	82.8448087
96.1	82.06970941
96.2	80.65933878
96.3	79.91419895
96.4	79.30826884
96.5	78.9502983
96.6	79.00363768
96.7	78.64256017
96.8	78.37336048
96.9	78.33608085
97	77.66897315
97.1	76.89478194
97.2	76.40267442
97.3	76.37774157
97.4	77.20695616
97.5	78.53588943
97.6	79.95663084
97.7	81.94507705
97.8	83.61882926
97.9	85.53765923
98	86.33100692
98.1	86.07435506
98.2	85.13996522
98.3	84.07848877
98.4	83.95232729
98.5	84.75384492
98.6	85.08932579
98.7	84.71230088
98.8	84.72766003
98.9	85.43205158
99	85.52534528
99.1	84.69007996
99.2	83.39339909
99.3	82.34835151
99.4	81.0704911
99.5	80.34272078
99.6	80.39610173
99.7	81.02827244
99.8	81.03305963
99.9	81.93211416
100	83.70782646
100.1	85.67584959
100.2	87.33938307
100.3	88.46291855
100.4	88.54992377
100.5	88.28016342
100.6	88.3453689
100.7	88.32415123
100.8	87.8054607
100.9	86.75976614
101	85.59738823
101.1	85.33848098
101.2	85.16782423
101.3	84.90969214
101.4	85.20513411
101.5	86.94321673
101.6	89.09872365
101.7	89.95351936
101.8	90.31422966
101.9	90.29024575
102	89.76823588
102.1	88.48360275
102.2	87.76149989
102.3	88.11296013
102.4	88.78348851
102.5	88.51079034
102.6	87.71621008
102.7	86.51695404
102.8	84.78195433
102.9	82.76187798
103	81.41841883
103.1	79.95855097
103.2	79.77768307
103.3	81.08064192
103.4	82.79696118
103.5	84.31937458
103.6	85.88699191
103.7	88.65759185
103.8	90.52059437
103.9	91.89186415
104	91.62621996
104.1	91.50967557
104.2	91.10776414
104.3	90.94158773
104.4	91.65971863
104.5	91.46836834
104.6	90.24059026
104.7	88.68514182
104.8	86.64989376
104.9	83.83436489
105	81.99677581
105.1	80.73074153
105.2	79.93348649
105.3	80.70824063
105.4	82.30821039
105.5	83.70350528
105.6	83.98070081
105.7	83.37386724
105.8	83.14720471
105.9	82.76280877
106	83.23471445
106.1	83.615346
106.2	84.88364796
106.3	86.21495406
106.4	87.54587347
106.5	88.74733906
106.6	89.69498006
106.7	89.83895273
106.8	90.308857
106.9	90.71021439
107	91.05655687
107.1	90.72220101
107.2	90.32898966
107.3	89.85585064
107.4	89.8815944
107.5	90.11818348
107.6	90.41404821
107.7	90.48281236
107.8	90.65452925
107.9	90.70092103
108	90.47526179
108.1	89.82921278
108.2	89.28707963
108.3	88.75283544
108.4	88.65743939
108.5	88.24914995
108.6	87.30453869
108.7	85.91325551
108.8	84.41198646
108.9	83.73188843
109	84.33441073
109.1	85.17431098
109.2	86.33169673
109.3	87.27153346
109.4	88.43804483
109.5	90.26210117
109.6	91.74849956
109.7	93.23138584
109.8	94.77475452
109.9	95.81203801
110	95.75082115
110.1	95.22112215
110.2	94.01847874
110.3	92.73564892
110.4	91.3036447
110.5	90.23862919
110.6	89.11427583
110.7	87.91641887
110.8	86.72459738
110.9	85.38753503
111	84.7699787
111.1	84.62690702
111.2	85.1232783
111.3	86.09881877
111.4	87.02293371
111.5	88.39130113
111.6	89.43316139
111.7	89.70974195
111.8	89.27202968
111.9	88.1857687
112	87.33609075
112.1	86.69143565
112.2	86.52795465
112.3	87.745574
112.4	89.68559984
112.5	91.37697942
112.6	92.69650259
112.7	93.51741611
112.8	94.32694105
112.9	95.16299996
113	95.02796282
113.1	94.47041623
113.2	94.06415977
113.3	93.85197731
113.4	92.59980962
113.5	90.69937201
113.6	89.18116501
113.7	88.60612314
113.8	87.65251172
113.9	86.86267247
114	85.76324218
114.1	84.78712144
114.2	84.0169832
114.3	82.78329189
114.4	81.00883856
114.5	80.07236337
114.6	81.59582239
114.7	84.77431736
114.8	87.09336553
114.9	89.45042593
115	90.59673647
115.1	91.47481038
115.2	92.24756419
115.3	92.85142623
115.4	93.64358666
115.5	94.67082662
115.6	94.86149159
115.7	95.26619658
115.8	94.84963792
115.9	93.86533286
116	92.69917944
116.1	92.86852923
116.2	93.64794149
116.3	92.98837449
116.4	91.5151919
116.5	90.67779394
116.6	91.21961679
116.7	92.50674177
116.8	93.34088381
116.9	94.18236904
117	94.9847413
117.1	95.68893054
117.2	96.44888315
117.3	97.13925012
117.4	97.27357158
117.5	96.30894294
117.6	95.1688272
117.7	94.45160683
117.8	94.44370505
117.9	94.15746794
118	94.35505617
118.1	94.86799521
118.2	95.26728272
118.3	95.63878287
118.4	94.70586709
118.5	93.52404296
118.6	92.86214856
118.7	92.0672578
118.8	91.47867649
118.9	90.926484
119	91.27728321
119.1	92.10675557
119.2	93.24251637
119.3	94.93528481
119.4	96.54312596
119.5	97.20707149
119.6	97.27397872
119.7	97.02317681
119.8	96.80792674
119.9	96.03063731
120	95.3309139
120.1	94.58892964
120.2	93.52560462
120.3	92.78836706
120.4	92.45990349
120.5	91.24658229
120.6	90.01736403
120.7	88.78047956
120.8	87.75984591
120.9	87.55274784
121	87.66996925
121.1	88.4862798
121.2	89.41604516
121.3	90.91185262
121.4	92.48874345
121.5	92.73539212
121.6	91.39950034
121.7	89.34512116
121.8	88.47357808
121.9	87.42791901
122	86.72767829
122.1	86.74186908
122.2	85.72086594
122.3	84.90350335
122.4	84.18311394
122.5	83.71209153
122.6	83.78426923
122.7	84.30971069
122.8	84.06012375
122.9	82.73088982
123	81.14928878
123.1	80.13915384
123.2	79.58217841
123.3	79.56306361
123.4	80.10836664
123.5	79.95446941
123.6	80.96167317
123.7	81.92842923
123.8	82.75110006
123.9	84.11461539
124	85.23201141
124.1	86.4736319
124.2	87.10073397
124.3	87.30518906
124.4	87.54201862
124.5	88.0880588
124.6	89.03451287
124.7	89.34680071
124.8	89.71535717
124.9	89.11300068
125	88.10132764
125.1	87.71689434
125.2	88.36246136
125.3	90.8832338
125.4	92.56121369
125.5	93.90932523
125.6	93.35193114
125.7	91.18577522
125.8	89.69386104
125.9	89.0660746
126	88.45821505
126.1	87.77959314
126.2	86.5363861
126.3	84.87014759
126.4	84.30244031
126.5	84.65011758
126.6	85.3630277
126.7	85.92374721
126.8	85.87326518
126.9	85.10485772
127	84.06426645
127.1	83.09592934
127.2	82.50792787
127.3	82.07396592
127.4	82.88446361
127.5	84.09129325
127.6	85.0620576
127.7	86.21512231
127.8	87.09791407
127.9	87.50584895
128	87.26824298
128.1	86.50472084
128.2	86.0394463
128.3	86.31096206
128.4	86.76074729
128.5	86.68647323
128.6	85.47414574
128.7	83.88153968
128.8	83.91816023
128.9	84.30606683
129	85.39667706
129.1	87.39569516
129.2	90.05407325
129.3	92.30361435
129.4	94.38543651
129.5	98.36884511
129.6	102.93231541
129.7	106.10267153
129.8	108.61513224
129.9	109.97273353
130	111.05403997
130.1	111.41317872
130.2	108.95549483
130.3	104.15906852
130.4	98.65182221
130.5	93.15263755
130.6	88.12065905
130.7	84.52939892
130.8	82.30437051
130.9	81.36686244
131	80.49697076
131.1	80.32872854
131.2	79.14866446
131.3	77.0297243
131.4	75.63939425
131.5	75.5970443
131.6	76.24080157
131.7	77.4135337
131.8	78.22224789
131.9	78.16961675
132	78.17767587
132.1	77.76058005
132.2	77.76587029
132.3	78.91083421
132.4	80.40882176
132.5	81.19531623
132.6	81.3667854
132.7	80.76115283
132.8	79.60082889
132.9	78.01184818
133	77.27957813
133.1	77.24438387
133.2	77.80409334
133.3	78.14784255
133.4	78.85757378
133.5	80.30909794
133.6	82.76949564
133.7	85.54468504
133.8	87.49024601
133.9	88.24432496
134	88.41489026
134.1	88.00711998
134.2	87.91334529
134.3	87.90117917
134.4	87.70532997
134.5	87.18833833
134.6	85.7073876
134.7	83.15305221
134.8	80.84296373
134.9	79.8641786
135	80.79841796
135.1	82.40025365
135.2	84.50795334
135.3	86.0791265
135.4	87.33249885
135.5	88.04493937
135.6	89.23294397
135.7	90.66049808
135.8	92.16683983
135.9	92.63178082
136	92.48097015
136.1	92.61945736
136.2	92.87685843
136.3	92.65852637
136.4	91.51715897
136.5	90.47615237
136.6	90.46110665
136.7	90.49675734
136.8	91.00316253
136.9	92.12717863
137	93.04193383
137.1	93.70017483
137.2	95.38355501
137.3	96.96432142
137.4	97.38844315
137.5	96.67331282
137.6	95.68759865
137.7	95.29035023
137.8	94.4275053
137.9	92.48860691
138	89.74718713
138.1	88.26871883
138.2	86.8990701
138.3	86.54778052
138.4	87.32125473
138.5	87.96215739
138.6	89.07707379
138.7	90.00349254
138.8	90.29628107
138.9	90.34080155
139	91.01768862
139.1	91.87129522
139.2	92.55260942
139.3	93.07526363
139.4	93.7949166
139.5	93.53351128
139.6	92.34692514
139.7	90.72980601
139.8	90.59149466
139.9	91.68463
140	92.48608434
140.1	93.11636338
140.2	93.65132099
140.3	93.6963529
140.4	93.33034214
140.5	93.2558687
140.6	93.27544815
140.7	93.5265976
140.8	94.39186564
140.9	94.79206111
141	94.87267917
141.1	94.87054666
141.2	94.84667032
141.3	95.3977269
141.4	96.27158555
141.5	96.1873041
141.6	95.69340015
141.7	96.05442269
141.8	96.25652432
141.9	97.04276886
142	96.50924342
142.1	94.97039612
142.2	93.02158232
142.3	91.14664894
142.4	90.65803991
142.5	90.6993894
142.6	90.72123788
142.7	91.88493894
142.8	92.83247293
142.9	93.27329053
143	94.19505061
143.1	95.4878653
143.2	95.83571133
143.3	95.53932577
143.4	94.92546952
143.5	94.42983121
143.6	95.09720081
143.7	96.81959031
143.8	98.86283117
143.9	99.79222424
144	99.79721809
144.1	99.19472503
144.2	98.83671086
144.3	98.42579763
144.4	96.82008538
144.5	93.67636612
144.6	90.35983696
144.7	88.06645414
144.8	87.34340234
144.9	88.13717431
145	89.0056075
145.1	90.77264288
145.2	92.6178761
145.3	93.64450004
145.4	93.91644492
145.5	94.07596187
145.6	94.25136499
145.7	94.83807076
145.8	95.92767947
145.9	96.8638238
146	98.11613676
146.1	99.43819103
146.2	100.5881347
146.3	100.64334833
146.4	99.33051231
146.5	97.42468334
146.6	96.02819536
146.7	94.26558303
146.8	93.05784857
146.9	93.39610946
147	93.69361163
147.1	93.3190073
147.2	92.70973718
147.3	92.41053475
147.4	91.47727437
147.5	90.44881004
147.6	89.43991835
147.7	88.43135588
147.8	88.08927556
147.9	88.1437873
148	88.87183454
148.1	89.55846835
148.2	89.9826746
148.3	91.07247358
148.4	91.87486088
148.5	91.83635311
148.6	90.31227783
148.7	88.65816729
148.8	88.76569191
148.9	88.68841479
149	88.62699831
149.1	88.39457772
149.2	88.35704898
149.3	87.92043456
149.4	87.73227713
149.5	87.67057032
149.6	88.68853945
149.7	91.0060161
149.8	93.46869483
149.9	94.86979244
150	95.29779763
150.1	95.65481229
150.2	96.25480569
150.3	97.05029599
150.4	97.06109282
150.5	95.78405599
150.6	94.03662489
150.7	92.39252089
150.8	90.92944841
150.9	90.91924058
151	91.42735446
151.1	92.06948126
151.2	93.14061021
151.3	94.10498951
151.4	95.11417114
151.5	97.13921257
151.6	98.53094502
151.7	99.44640529
151.8	99.28078562
151.9	98.26319326
152	96.66293547
152.1	95.84651714
152.2	95.85550419
152.3	96.23949498
152.4	97.01300616
152.5	96.65744495
152.6	96.22262631
152.7	95.64570668
152.8	95.24718544
152.9	94.95264088
153	95.43531283
153.1	95.95911189
153.2	97.05564816
153.3	97.99283834
153.4	97.79274532
153.5	96.78904173
153.6	95.29553374
153.7	93.90201337
153.8	92.65710121
153.9	91.13797326
154	89.84641986
154.1	89.25778242
154.2	89.10672178
154.3	89.14189997
154.4	90.45756383
154.5	91.63094394
154.6	92.11109977
154.7	91.44673803
154.8	91.484765
154.9	92.24208846
155	93.718874
155.1	95.04783914
155.2	96.24922825
155.3	97.02195672
155.4	97.37060968
155.5	96.7060453
155.6	95.46259291
155.7	94.0904008
155.8	91.42353175
155.9	90.26570212
156	89.42795121
156.1	89.48723027
156.2	90.52757575
156.3	92.11084312
156.4	93.49532058
156.5	95.31445165
156.6	96.77317042
156.7	97.61117131
156.8	96.9325239
156.9	96.15390411
157	95.23074299
157.1	94.29869156
157.2	94.58779515
157.3	95.19959969
157.4	95.67059554
157.5	95.65998983
157.6	95.77941758
157.7	95.50541538
157.8	94.92803657
157.9	94.48316538
158	94.88415895
158.1	95.06851233
158.2	95.7065343
158.3	96.0783089
158.4	95.41672144
158.5	94.67047671
158.6	93.93005758
158.7	94.55211561
158.8	95.13587331
158.9	94.7090134
159	94.12663548
159.1	93.66554337
159.2	93.83309907
159.3	93.74721492
159.4	92.93371328
159.5	92.54687556
159.6	91.39311454
159.7	90.48486856
159.8	90.51245139
159.9	90.86070406
160	91.87122564
160.1	93.20875248
160.2	94.36689353
160.3	95.83636781
160.4	96.25358424
160.5	95.37795857
160.6	95.18577661
160.7	95.84282476
160.8	95.73222853
160.9	94.80606264
161	93.79800693
161.1	92.61419916
161.2	91.25092169
161.3	89.62834013
161.4	89.27869303
161.5	89.359424
161.6	89.82752045
161.7	90.57276474
161.8	91.80467323
161.9	91.72386527
162	92.06946311
162.1	93.78671791
162.2	95.28707502
162.3	96.02102442
162.4	95.92636555
162.5	95.823874
162.6	95.91178071
162.7	96.89605493
162.8	97.8309125
162.9	98.0083768
163	98.11989134
163.1	98.13588401
163.2	98.39697974
163.3	99.40996086
163.4	99.16501526
163.5	97.59982439
163.6	96.06534427
163.7	95.01421528
163.8	95.45812302
163.9	96.15042869
164	96.38923478
164.1	96.4821727
164.2	96.70573868
164.3	97.1157439
164.4	97.57551322
164.5	97.46883194
164.6	96.31809852
164.7	94.81169643
164.8	94.25007258
164.9	94.42146296
165	94.02177784
165.1	93.66655587
165.2	93.70626029
165.3	93.52338826
165.4	93.08380982
165.5	93.26688833
165.6	92.60497349
165.7	92.28033798
165.8	92.20865917
165.9	93.08559852
166	94.91350718
166.1	96.33670946
166.2	97.32054968
166.3	97.63356617
166.4	96.02060611
166.5	94.42726472
166.6	94.24518114
166.7	94.44520599
166.8	94.36368876
166.9	93.70016955
167	93.47047062
167.1	93.53701967
167.2	94.65067717
167.3	96.97089019
167.4	98.23157003
167.5	97.99358783
167.6	97.29157086
167.7	96.70989953
167.8	96.08084532
167.9	95.10040283
168	94.17706265
168.1	93.47598919
168.2	93.69949142
168.3	93.33819851
168.4	92.72908951
168.5	92.67796554
168.6	93.47463976
168.7	94.89584956
168.8	95.81974743
168.9	95.63672449
169	94.51651106
169.1	95.09463004
169.2	96.87681868
169.3	97.85194068
169.4	98.43191428
169.5	98.51080832
169.6	98.39211374
169.7	99.04953176
169.8	99.44526428
169.9	99.43664934
170	99.92079655
170.1	100.58474561
170.2	101.2293096
170.3	101.16077712
170.4	100.42154615
170.5	99.46041531
170.6	99.26957431
170.7	98.29077863
170.8	98.04680922
170.9	98.27295399
171	98.73192189
171.1	99.32818413
171.2	99.83638888
171.3	99.84757616
171.4	99.22494751
171.5	98.83190199
171.6	100.64709313
171.7	104.30792865
171.8	106.61556357
171.9	106.9932743
172	104.91171511
172.1	103.18311369
172.2	103.32235904
172.3	104.40315962
172.4	104.51318139
172.5	103.24064228
172.6	102.69029699
172.7	102.90946023
172.8	103.44912277
172.9	104.04839547
173	104.39621486
173.1	104.31242776
173.2	102.58456437
173.3	101.61476617
173.4	101.83221106
173.5	101.37268254
173.6	100.38489646
173.7	99.19440197
173.8	98.19494204
173.9	96.74359818
174	96.02078422
174.1	96.01862737
174.2	96.56531519
174.3	97.6742813
174.4	98.64912401
174.5	99.02948053
174.6	99.06440625
174.7	99.60770669
174.8	99.87547128
174.9	101.20083669
175	101.73276642
175.1	102.27571879
175.2	103.48057694
175.3	104.37684615
175.4	104.9688936
175.5	106.06663279
175.6	106.81379502
175.7	107.20205556
175.8	105.99253005
175.9	104.31316356
176	102.35639006
176.1	101.46358846
176.2	102.39927899
176.3	103.8682121
176.4	104.40489992
176.5	104.5619716
176.6	103.92859108
176.7	102.14355666
176.8	100.08282958
176.9	97.97485778
177	96.27599609
177.1	96.9680765
177.2	97.84763586
177.3	98.3845571
177.4	99.07009492
177.5	100.33099679
177.6	100.77975621
177.7	99.93313619
177.8	98.78050553
177.9	98.62817055
178	99.91273631
178.1	101.39006431
178.2	101.80578509
178.3	100.52044825
178.4	98.91556666
178.5	97.83774038
178.6	97.78681252
178.7	98.80289557
178.8	99.03247616
178.9	99.06188263
179	99.42224488
179.1	99.03414328
179.2	98.21305385
179.3	97.6484644
179.4	98.22004689
179.5	99.24721251
179.6	99.22594403
179.7	97.59529386
179.8	96.25778004
179.9	95.31110526
180	94.34518526
180.1	93.5273731
180.2	94.02723381
180.3	96.11425611
180.4	100.14268022
180.5	105.03395361
180.6	109.99671598
180.7	113.13871544
180.8	114.61103516
180.9	114.05477353
181	111.46174416
181.1	108.11324357
181.2	104.25271041
181.3	102.1374795
181.4	102.27785569
181.5	102.32323355
181.6	102.20394771
181.7	102.8162474
181.8	103.99959861
181.9	105.23977786
182	106.01782766
182.1	106.8732298
182.2	107.2304367
182.3	106.45177307
182.4	105.72641002
182.5	106.69938992
182.6	108.38130748
182.7	110.00443445
182.8	110.98044503
182.9	111.65368146
183	111.86541861
183.1	111.58870191
183.2	110.54937895
183.3	109.32065922
183.4	108.97304862
183.5	107.97349507
183.6	106.61580216
183.7	105.424296
183.8	103.732057
183.9	103.37010461
184	104.29915986
184.1	105.13270172
184.2	105.3991958
184.3	104.85273121
184.4	104.61211837
184.5	104.74868282
184.6	105.75104945
184.7	107.73898192
184.8	108.14173343
184.9	107.82443464
185	106.41028545
185.1	104.5734277
185.2	101.71733756
185.3	100.05706368
185.4	99.85467302
185.5	99.43604334
185.6	99.04044983
185.7	98.64774422
185.8	98.65098985
185.9	99.29195737
186	99.33957431
186.1	98.62475609
186.2	98.53943559
186.3	98.7395465
186.4	99.22897434
186.5	100.09668592
186.6	99.98649213
186.7	98.9748671
186.8	97.97152193
186.9	98.04185083
187	99.58272846
187.1	101.07101699
187.2	102.00218144
187.3	102.66543718
187.4	103.02549121
187.5	103.79484143
187.6	105.92370585
187.7	109.3621688
187.8	113.17293018
187.9	116.56011902
188	118.26458863
188.1	116.95305825
188.2	112.23282746
188.3	106.50659107
188.4	103.34930215
188.5	101.37489011
188.6	100.41806953
188.7	100.48834225
188.8	100.99975035
188.9	101.57505035
189	102.8073029
189.1	104.15001256
189.2	105.02153818
189.3	106.8494209
189.4	108.12177026
189.5	108.90411778
189.6	109.36124224
189.7	108.87878366
189.8	107.0416723
189.9	105.09651921
190	103.12115302
190.1	101.09309169
190.2	99.90615955
190.3	100.05342772
190.4	100.20864394
190.5	99.09162149
190.6	97.1200024
190.7	95.26838731
190.8	93.90474636
190.9	93.97784152
191	94.02612933
191.1	94.0311991
191.2	95.18519399
191.3	97.03171349
191.4	98.70036216
191.5	99.92003529
191.6	100.5690705
191.7	99.8029901
191.8	99.39350728
191.9	99.14583352
192	99.00519417
192.1	97.9845922
192.2	97.92818287
192.3	98.81075578
192.4	100.41491221
192.5	102.28208132
192.6	103.38277531
192.7	103.1728856
192.8	101.92223329
192.9	100.38050592
193	100.04252005
193.1	100.59223455
193.2	101.18530406
193.3	102.13329268
193.4	103.92318581
193.5	105.79341829
193.6	107.61594539
193.7	108.71828929
193.8	108.93823892
193.9	108.58780075
194	107.84428594
194.1	107.83674421
194.2	108.52105926
194.3	108.58510541
194.4	106.82226388
194.5	104.82357253
194.6	103.75359577
194.7	102.39649323
194.8	101.35478732
194.9	101.55693213
195	103.18068876
195.1	104.61805666
195.2	104.81609358
195.3	105.14282591
195.4	106.17097266
195.5	106.87919826
195.6	107.2450727
195.7	107.23667362
195.8	106.9306143
195.9	105.85041088
196	104.8154748
196.1	103.42804199
196.2	102.47634433
196.3	102.1824511
196.4	102.06059433
196.5	102.21799166
196.6	102.57619154
196.7	103.39838102
196.8	104.54227163
196.9	105.08345702
197	105.24022455
197.1	105.14277844
197.2	104.80790076
197.3	104.37224591
197.4	104.37452579
197.5	105.45347452
197.6	105.77182113
197.7	104.54389211
197.8	103.33135786
197.9	102.65240817
198	102.65960699
198.1	103.37810218
198.2	104.31969796
198.3	105.34918731
198.4	105.73673743
198.5	105.34990269
198.6	104.2259424
198.7	103.22964635
198.8	102.65141514
198.9	101.64118198
199	100.26103072
199.1	98.93537827
199.2	99.2265644
199.3	100.08119954
199.4	100.79835957
199.5	101.0312059
199.6	101.91566655
199.7	103.11601735
199.8	104.42418141
199.9	105.91699518
200	108.06432733
200.1	108.73953977
200.2	107.46676473
200.3	107.07871589
200.4	107.9771406
200.5	109.07869511
200.6	110.02440202
200.7	110.90102349
200.8	111.84684606
200.9	112.62364288
201	112.26656044
201.1	111.74115535
201.2	111.12351288
201.3	109.96550309
201.4	108.36534718
201.5	107.23034191
201.6	105.9646571
201.7	105.440247
201.8	104.6417608
201.9	104.45263301
202	104.60910175
202.1	104.41170352
202.2	103.65641039
202.3	103.2221147
202.4	103.51950814
202.5	104.00408428
202.6	104.05141816
202.7	104.81817654
202.8	106.14881018
202.9	108.25251663
203	108.96195134
203.1	108.81004552
203.2	108.79301053
203.3	108.74942627
203.4	108.35116038
203.5	107.7885804
203.6	106.72377751
203.7	105.57138261
203.8	104.42748742
203.9	104.2030893
204	104.20938301
204.1	103.92883311
204.2	103.57309345
204.3	103.45187514
204.4	104.05894853
204.5	104.82463865
204.6	105.29511368
204.7	105.80892436
204.8	106.1703552
204.9	107.50370296
205	108.40313328
205.1	109.17322475
205.2	108.90522221
205.3	108.32356609
205.4	107.93365892
205.5	107.97085351
205.6	108.59547997
205.7	108.517305
205.8	109.45638221
205.9	111.8829292
206	114.11853186
206.1	116.28856861
206.2	116.5721067
206.3	114.69223506
206.4	110.99443506
206.5	107.15929971
206.6	105.10669662
206.7	105.47023166
206.8	106.79711314
206.9	108.31715546
207	109.77865671
207.1	110.99290948
207.2	112.38608387
207.3	113.08257657
207.4	111.93252054
207.5	110.54130228
207.6	110.81365836
207.7	110.94972598
207.8	110.8241278
207.9	111.48557581
208	112.84755454
208.1	113.8873694
208.2	114.33607672
208.3	113.6890143
208.4	110.99805765
208.5	107.764281
208.6	105.32733609
208.7	104.5946314
208.8	105.39073105
208.9	108.07208906
209	110.76974588
209.1	112.69751376
209.2	113.36139501
209.3	112.9018653
209.4	110.76827718
209.5	108.54250759
209.6	106.71934611
209.7	105.47899613
209.8	104.18029808
209.9	101.52039586
210	99.73392623
210.1	99.88836969
210.2	101.68339476
210.3	103.47655022
210.4	105.0141258
210.5	106.17824361
210.6	106.98585909
210.7	105.93084643
210.8	104.1641749
210.9	103.02601294
211	102.9572084
211.1	103.92444817
211.2	105.19654146
211.3	106.33210307
211.4	108.21312958
211.5	111.02082987
211.6	114.21335289
211.7	116.40696949
211.8	117.47874099
211.9	117.2172901
212	115.52148993
212.1	112.9083962
212.2	109.94148056
212.3	108.11167229
212.4	107.91024744
212.5	109.272185
212.6	110.1789031
212.7	108.53195751
212.8	105.04950152
212.9	101.82879301
213	101.07917142
213.1	102.19272911
213.2	103.68809198
213.3	105.15578233
213.4	105.77335384
213.5	104.7950584
213.6	102.3246258
213.7	100.27000814
213.8	99.65315346
213.9	99.993589
214	101.32939016
214.1	102.29292206
214.2	102.76653914
214.3	102.42961144
214.4	101.41057445
214.5	99.97388394
214.6	98.51479497
214.7	97.30876595
214.8	96.01619921
214.9	95.27784822
215	95.86775692
215.1	96.40852382
215.2	97.25536345
215.3	97.41111671
215.4	96.22327675
215.5	94.76404031
215.6	93.49579954
215.7	92.30948524
215.8	91.17803975
215.9	91.4779377
216	93.56967655
216.1	95.43074286
216.2	97.40869223
216.3	98.78581034
216.4	98.17595885
216.5	97.80335573
216.6	98.15973433
216.7	99.06028651
216.8	100.02019091
216.9	100.98525515
217	101.9964941
217.1	103.13203864
217.2	102.94469738
217.3	102.78252766
217.4	103.3115155
217.5	104.49327792
217.6	105.23077076
217.7	105.96180917
217.8	105.40312031
217.9	104.47944906
218	102.78894533
218.1	100.43350224
218.2	99.27860288
218.3	99.02094307
218.4	98.51368154
218.5	99.07639429
218.6	100.82474732
218.7	102.97835995
218.8	104.76388764
218.9	106.63495787
219	107.92673127
219.1	108.01594778
219.2	107.05748285
219.3	106.15886792
219.4	105.75148001
219.5	104.47843079
219.6	101.80191735
219.7	99.35822917
219.8	96.82918605
219.9	93.29284914
220	90.74253378
220.1	90.95753045
220.2	92.89856801
220.3	95.40179692
220.4	98.12756612
220.5	100.28968766
220.6	101.17746887
220.7	101.98790648
220.8	102.03868392
220.9	101.2573971
221	101.12458966
221.1	102.06336283
221.2	103.37043739
221.3	103.90537408
221.4	103.27078374
221.5	102.34960777
221.6	101.84673804
221.7	101.8165729
221.8	102.02789985
221.9	101.80980094
222	101.76898446
222.1	101.19037211
222.2	100.75844584
222.3	100.24896095
222.4	100.79336055
222.5	101.38658828
222.6	102.00266058
222.7	103.41137513
222.8	105.34743831
222.9	108.12520981
223	109.53254156
223.1	109.55777364
223.2	108.85977402
223.3	108.38371995
223.4	108.96370067
223.5	109.16394618
223.6	109.00902969
223.7	108.71265503
223.8	108.53925245
223.9	108.02687867
224	107.54302901
224.1	106.6514188
224.2	105.78237003
224.3	105.79904655
224.4	105.80006052
224.5	105.77858055
224.6	106.60663639
224.7	107.73600816
224.8	109.20377154
224.9	109.61818534
225	108.22437297
225.1	106.98238185
225.2	105.83324743
225.3	106.62567627
225.4	108.76223327
225.5	110.96011646
225.6	112.01411148
225.7	111.79964415
225.8	111.17884519
225.9	111.39719582
226	111.647583
226.1	110.89146788
226.2	108.77178849
226.3	107.29873465
226.4	106.32083763
226.5	106.2078979
226.6	107.67725451
226.7	109.88779626
226.8	111.40080533
226.9	111.95013332
227	112.18147674
227.1	112.1908293
227.2	111.98698968
227.3	111.49896336
227.4	110.96803366
227.5	110.91373496
227.6	111.93041954
227.7	113.15128029
227.8	113.94379375
227.9	113.56933994
228	113.44932425
228.1	114.25982631
228.2	114.8943856
228.3	115.22190545
228.4	115.69216126
228.5	114.75834428
228.6	112.1355215
228.7	109.27075826
228.8	107.10536861
228.9	105.40859896
229	104.84683956
229.1	104.48339114
229.2	104.75598854
229.3	105.86396091
229.4	107.75618112
229.5	108.68764063
229.6	109.85949038
229.7	110.8477109
229.8	110.90325463
229.9	110.91851537
230	110.15467467
230.1	109.13288317
230.2	108.02489807
230.3	107.92973898
230.4	109.01529834
230.5	109.59544362
230.6	109.98510305
230.7	109.97573431
230.8	109.99113107
230.9	109.71817246
231	109.08139051
231.1	108.95715743
231.2	109.19028879
231.3	108.76021014
231.4	109.38262206
231.5	110.8496415
231.6	112.78166265
231.7	113.31834769
231.8	111.93027048
231.9	111.00255524
232	112.07058021
232.1	113.97883377
232.2	116.28120196
232.3	118.32144974
232.4	119.36592928
232.5	119.1532199
232.6	117.36651115
232.7	116.7173759
232.8	114.89935089
232.9	113.22203685
233	112.21223039
233.1	111.35674496
233.2	110.59399331
233.3	110.55048491
233.4	110.34825808
233.5	110.01947785
233.6	109.1996161
233.7	108.34438418
233.8	106.82948633
233.9	105.60027975
234	105.51654235
234.1	105.29351504
234.2	104.75751131
234.3	104.25911753
234.4	104.28253407
234.5	104.73435795
234.6	105.27579479
234.7	105.68544345
234.8	106.13790599
234.9	106.50242732
235	106.24372616
235.1	105.47014485
235.2	103.59280595
235.3	101.86298843
235.4	101.02785993
235.5	100.61574921
235.6	101.47572662
235.7	103.22333284
235.8	104.46733153
235.9	104.26913534
236	102.17948119
236.1	100.71359189
236.2	100.42582588
236.3	100.66400476
236.4	101.24818084
236.5	100.78573581
236.6	100.38259457
236.7	100.3658141
236.8	101.53302636
236.9	103.43365651
237	104.28931261
237.1	104.25598233
237.2	102.65157221
237.3	101.58912425
237.4	102.07821585
237.5	102.41287209
237.6	102.6876176
237.7	104.29121824
237.8	106.44774507
237.9	109.31456244
238	110.89532582
238.1	111.99989914
238.2	114.16538485
238.3	117.09372242
238.4	120.76660187
238.5	125.16500724
238.6	128.59936109
238.7	129.64114627
238.8	125.43765073
238.9	115.26492669
239	104.75516055
239.1	95.55247727
239.2	88.94448418
239.3	85.50371343
239.4	82.49143736
239.5	80.24628259
239.6	76.69455693
239.7	73.50761246
239.8	68.46134849
239.9	65.55250327
240	63.41105589
240.1	61.13622779
240.2	60.28091729
240.3	60.07150229
240.4	60.60028044
240.5	62.32095061
240.6	65.26594384
240.7	69.86135982
240.8	75.1808376
240.9	80.96036375
241	87.01321896
241.1	92.53875413
241.2	96.8531592
241.3	98.84613842
241.4	99.59737064
241.5	100.22101695
241.6	101.66505761
241.7	103.4711135
241.8	104.62851654
241.9	105.16023789
242	105.49357738
242.1	105.8680162
242.2	105.93396711
242.3	105.78752889
242.4	105.81962881
242.5	107.04359217
242.6	108.88277163
242.7	110.08801822
242.8	111.0007603
242.9	112.60398061
243	115.10839329
243.1	118.23434121
243.2	120.53720748
243.3	122.44828023
243.4	124.27256861
243.5	125.06834139
243.6	124.62143833
243.7	121.7697588
243.8	118.8233272
243.9	117.15629807
244	116.44578544
244.1	116.49135301
244.2	116.61923007
244.3	115.40265876
244.4	113.75625094
244.5	112.73536212
244.6	112.8565324
244.7	113.9118384
244.8	115.72907786
244.9	116.82538988
245	117.81918501
245.1	118.95541827
245.2	120.78774267
245.3	123.81829573
245.4	126.10139391
245.5	126.87165485
245.6	126.10595418
245.7	124.08761227
245.8	122.9878219
245.9	122.39160216
246	122.08514615
246.1	122.34298123
246.2	122.42695121
246.3	120.94622706
246.4	120.6928428
246.5	121.66940488
246.6	123.41845629
246.7	123.89218176
246.8	123.1649555
246.9	122.01411532
247	120.89090805
247.1	121.31166962
247.2	123.4945714
247.3	125.05206393
247.4	125.66914347
247.5	125.18353484
247.6	124.08599815
247.7	122.94634714
247.8	121.02679341
247.9	119.65523278
248	118.93573577
248.1	118.1959181
248.2	117.46988555
248.3	116.91086777
248.4	116.92802818
248.5	117.38246523
248.6	118.98231083
248.7	119.47459665
248.8	119.49418822
248.9	119.3032019
249	119.38114669
249.1	119.7023943
249.2	120.33922169
249.3	120.72521218
249.4	120.89752071
249.5	120.9173525
249.6	122.0481456
249.7	122.04271099
249.8	120.3644213
249.9	118.77691812
250	119.38249616
250.1	121.38665827
250.2	122.57327155
250.3	122.32477823
250.4	120.89395109
250.5	118.96439826
250.6	116.92270161
250.7	115.70378152
250.8	115.75512839
250.9	116.47664878
251	116.2095983
251.1	115.26933161
251.2	113.3574389
251.3	111.98948358
251.4	111.19339582
251.5	110.93567953
251.6	111.27535813
251.7	112.03774168
251.8	112.51974321
251.9	112.43801061
252	111.44248933
252.1	110.15377727
252.2	110.01290141
252.3	110.15918761
252.4	110.69998973
252.5	111.69051751
252.6	113.97209245
252.7	118.27683402
252.8	121.13989824
252.9	122.20608711
253	121.11415811
253.1	119.68440138
253.2	117.86461268
253.3	116.11505152
253.4	114.33692336
253.5	112.48936842
253.6	110.73891786
253.7	108.15177047
253.8	103.27735199
253.9	98.70702475
254	94.04859722
254.1	89.94977986
254.2	86.93827129
254.3	86.09179855
254.4	86.67579375
254.5	87.26273026
254.6	87.75944423
254.7	89.22677491
254.8	90.50377225
254.9	91.92617739
255	93.97315169
255.1	96.00636758
255.2	99.13017874
255.3	103.7056555
255.4	106.88819776
255.5	109.81330824
255.6	112.29870408
255.7	114.23872649
255.8	115.64204051
255.9	116.28829288
256	115.5124932
256.1	114.52812571
256.2	114.22193067
256.3	114.81423471
256.4	116.56732255
256.5	119.03846612
256.6	120.39707637
256.7	120.67878674
256.8	120.17178908
256.9	118.70723738
257	117.91173309
257.1	116.73484507
257.2	115.0981062
257.3	113.58863037
257.4	113.16388762
257.5	114.4790467
257.6	116.71001359
257.7	118.46274565
257.8	118.22802663
257.9	117.18849775
258	116.51643111
258.1	116.5342172
258.2	116.44249878
258.3	115.68244573
258.4	116.63138255
258.5	118.9632958
258.6	120.49896037
258.7	121.79882027
258.8	123.53625907
258.9	125.91448664
259	127.05171686
259.1	126.7961111
259.2	125.02624794
259.3	123.59591113
259.4	122.74847762
259.5	122.01802641
259.6	121.27675223
259.7	120.54156502
259.8	118.51282707
259.9	115.60151325
260	113.25912864
260.1	110.96878958
260.2	108.91411296
260.3	107.76900195
260.4	105.95406294
260.5	104.01012189
260.6	100.66018492
260.7	97.12336747
260.8	94.08642064
260.9	91.48235281
261	89.62362774
261.1	87.85164556
261.2	87.17420515
261.3	87.1242751
261.4	87.30812313
261.5	87.20494346
261.6	87.69263589
261.7	89.86650127
261.8	92.4628884
261.9	95.70864257
262	98.43978359
262.1	102.06119237
262.2	105.58547289
262.3	109.81269486
262.4	113.18552249
262.5	114.79939999
262.6	115.45031619
262.7	116.07275092
262.8	117.12128821
262.9	118.78463509
263	119.40234927
263.1	119.97038518
263.2	119.37554948
263.3	117.88959171
263.4	117.33943131
263.5	117.08002249
263.6	115.76091033
263.7	113.88241265
263.8	112.53371846
263.9	111.75766777
264	110.6657798
264.1	109.37749753
264.2	108.16760124
264.3	108.53305072
264.4	110.69120371
264.5	113.49203453
264.6	115.83106447
264.7	117.50071637
264.8	119.45398367
264.9	119.94079052
265	120.01077317
265.1	119.23882915
265.2	117.5247934
265.3	116.01335086
265.4	115.17748927
265.5	115.03756844
265.6	114.53892933
265.7	113.14633793
265.8	110.76390117
265.9	109.08808833
266	110.64549619
266.1	114.12757577
266.2	118.40382239
266.3	120.37576958
266.4	121.66199833
266.5	120.82283714
266.6	119.30749636
266.7	117.63479655
266.8	116.59337171
266.9	116.77595134
267	118.10494261
267.1	119.66672117
267.2	121.14005456
267.3	123.6069896
267.4	126.45014504
267.5	130.00192889
267.6	133.636828
267.7	137.5099671
267.8	139.58983727
267.9	139.57661847
268	137.87629595
268.1	135.03149467
268.2	131.62631682
268.3	129.47874529
268.4	128.07838181
268.5	126.46483472
268.6	124.91132193
268.7	122.65503436
268.8	118.94291997
268.9	118.87417716
269	120.30855531
269.1	122.01514162
269.2	122.71222502
269.3	121.1440134
269.4	119.13047456
269.5	117.42521085
269.6	116.60199335
269.7	116.66756935
269.8	116.91704548
269.9	117.35836632
270	118.21638957
270.1	119.06827569
270.2	120.28710338
270.3	121.62109386
270.4	121.39640853
270.5	120.53201398
270.6	120.29369479
270.7	120.10863992
270.8	120.17323379
270.9	121.30844685
271	123.96335499
271.1	126.42177927
271.2	127.85079816
271.3	128.35366652
271.4	127.8948582
271.5	127.60117821
271.6	127.00682599
271.7	126.09984269
271.8	125.12675265
271.9	123.56888097
272	121.92895087
272.1	121.1970708
272.2	122.37914249
272.3	123.63458138
272.4	123.39420238
272.5	121.051039
272.6	118.86246767
272.7	117.44256036
272.8	119.13943129
272.9	119.46582086
273	119.80540506
273.1	119.89943602
273.2	119.89467064
273.3	120.30241057
273.4	121.32100378
273.5	122.66044624
273.6	122.94409844
273.7	122.06289801
273.8	120.24020327
273.9	118.95639114
274	117.94108036
274.1	117.17662329
274.2	116.67353577
274.3	116.18922157
274.4	115.43050875
274.5	115.2382151
274.6	115.8938462
274.7	116.76543389
274.8	118.29904191
274.9	119.90791322
275	122.13930124
275.1	122.60840596
275.2	121.03141155
275.3	121.05703405
275.4	122.84255233
275.5	124.50648503
275.6	123.5023846
275.7	120.86592876
275.8	117.9092459
275.9	116.34485629
276	116.0226447
276.1	115.94534516
276.2	116.31484134
276.3	117.00283346
276.4	117.44674727
276.5	116.16532715
276.6	113.86016875
276.7	111.41951812
276.8	110.27628473
276.9	111.32863967
277	111.82228364
277.1	112.47816043
277.2	112.4124505
277.3	111.9669343
277.4	111.57426384
277.5	111.97972421
277.6	113.18647052
277.7	115.81672486
277.8	119.29438028
277.9	122.39789168
278	123.34893006
278.1	122.54291688
278.2	120.86678809
278.3	120.09043195
278.4	120.53008685
278.5	121.63631912
278.6	123.05111659
278.7	123.45691705
278.8	122.66926469
278.9	122.30226225
279	121.83500798
279.1	121.92594874
279.2	122.13731127
279.3	122.05484547
279.4	121.92328155
279.5	121.48342085
279.6	120.67798376
279.7	120.69879664
279.8	120.70148926
279.9	121.07686868
280	121.47454241
280.1	121.13689092
280.2	121.06315627
280.3	122.11251345
280.4	123.23561009
280.5	123.88295131
280.6	123.74274943
280.7	122.44142736
280.8	121.64927319
280.9	121.69945823
281	122.25217814
281.1	123.13845755
281.2	124.04974149
281.3	124.4759182
281.4	124.32620437
281.5	123.94197243
281.6	123.29632048
281.7	123.08233627
281.8	122.51294188
281.9	121.47235432
282	120.44063173
282.1	119.37115755
282.2	117.75162957
282.3	116.24269313
282.4	115.30092701
282.5	116.31133663
282.6	118.20574132
282.7	120.09601419
282.8	121.36103493
282.9	122.4720193
283	122.98764832
283.1	122.60998099
283.2	122.26769235
283.3	121.88375083
283.4	120.71540276
283.5	118.52136853
283.6	116.93441026
283.7	116.13553357
283.8	116.5560449
283.9	117.67368485
284	118.29127923
284.1	118.49746635
284.2	118.27565886
284.3	118.1483023
284.4	119.12796188
284.5	120.03753828
284.6	119.55740998
284.7	118.16118185
284.8	116.69157759
284.9	115.02386075
285	114.2211251
285.1	113.7551016
285.2	115.08104605
285.3	116.84192257
285.4	116.85899787
285.5	116.04968643
285.6	115.00345795
285.7	113.77980823
285.8	112.62338013
285.9	111.36720141
286	110.49420759
286.1	110.46429425
286.2	111.09840339
286.3	111.90028845
286.4	112.46220053
286.5	112.44295204
286.6	112.58897282
286.7	113.60071637
286.8	114.97437123
286.9	116.96026345
287	119.04591243
287.1	120.32118137
287.2	121.29151198
287.3	121.68163227
287.4	122.21833204
287.5	122.13548216
287.6	121.25137879
287.7	120.91145813
287.8	121.71206286
287.9	122.19165412
288	122.02266801
288.1	121.66297296
288.2	120.55105334
288.3	119.30797552
288.4	117.96232251
288.5	116.6410461
288.6	115.34948534
288.7	114.88160616
288.8	114.72918667
288.9	115.52478502
289	117.81700834
289.1	119.69363159
289.2	121.41868459
289.3	122.75885006
289.4	122.99550435
289.5	121.63321129
289.6	118.73622846
289.7	117.93921966
289.8	118.57661726
289.9	119.49875366
290	120.00251697
290.1	120.36608596
290.2	119.89267825
290.3	119.15142612
290.4	117.71389439
290.5	118.83366748
290.6	120.64839331
290.7	123.75106796
290.8	126.4991691
290.9	127.53294254
291	127.17579493
291.1	125.94412825
291.2	123.89464981
291.3	122.34213848
291.4	122.13999411
291.5	122.85314842
291.6	122.66681822
291.7	121.81464304
291.8	120.01858767
291.9	118.30374358
292	116.94798121
292.1	115.37462888
292.2	112.6821545
292.3	110.1579038
292.4	108.76955828
292.5	110.08552169
292.6	112.48128649
292.7	114.60532093
292.8	115.77675674
292.9	114.62782455
293	114.25761679
293.1	114.1375276
293.2	114.24464333
293.3	114.74620793
293.4	115.36565193
293.5	115.68043497
293.6	115.08999677
293.7	113.86728283
293.8	113.06413738
293.9	113.36062867
294	113.81615021
294.1	113.93915893
294.2	113.58758289
294.3	113.29579879
294.4	113.29451332
294.5	113.25217385
294.6	111.9331814
294.7	110.43403361
294.8	111.45880074
294.9	113.6282981
295	115.18174704
295.1	116.94999326
295.2	118.67906229
295.3	119.43897915
295.4	119.36228199
295.5	117.96505429
295.6	116.22219442
295.7	114.54487389
295.8	114.13858196
295.9	114.10681593
296	114.1075937
296.1	114.63948218
296.2	115.90211459
296.3	117.68229097
296.4	119.30687918
296.5	118.28336118
296.6	116.98345032
296.7	115.09386592
296.8	113.97130761
296.9	113.7850679
297	113.33207915
297.1	112.89680135
297.2	112.6819731
297.3	113.95462217
297.4	116.03643345
297.5	117.51279653
297.6	117.86914855
297.7	118.65353898
297.8	119.41048337
297.9	119.73102644
298	119.60761204
298.1	119.25787789
298.2	117.74433447
298.3	116.54373657
298.4	115.91010252
298.5	118.18756258
298.6	120.17727482
298.7	121.7336834
298.8	121.84225535
298.9	119.98992264
299	117.5479461
299.1	115.2921392
299.2	113.3658564
299.3	111.16971412
299.4	110.08280949
299.5	111.37215919
299.6	112.86031944
299.7	113.86505421
299.8	114.54005356
299.9	112.51684649
300	111.53930142
300.1	112.32985765
300.2	114.10429108
300.3	115.35617853
300.4	116.12880056
300.5	117.03180419
300.6	117.86542474
300.7	118.29607565
300.8	119.27693237
300.9	120.54904802
301	120.6291745
301.1	119.44111783
301.2	117.30938061
301.3	115.18120869
301.4	114.53111365
301.5	114.55215159
301.6	113.84003365
301.7	111.99513177
301.8	109.27959741
301.9	106.21636271
302	104.42686268
302.1	104.04400736
302.2	103.64319695
302.3	103.08349111
302.4	102.97235852
302.5	103.32001378
302.6	105.08499671
302.7	108.99300952
302.8	112.59332177
302.9	113.64605812
303	111.75439755
303.1	107.86949325
303.2	103.85932578
303.3	100.86115303
303.4	99.99810091
303.5	99.65025533
303.6	100.18773257
303.7	98.93627067
303.8	96.25378099
303.9	94.08912772
304	93.67674812
304.1	93.96993407
304.2	94.86101316
304.3	95.06566274
304.4	94.6604143
304.5	95.04745778
304.6	96.81176337
304.7	98.91216393
304.8	99.85362549
304.9	97.99105035
305	94.57697705
305.1	90.62271059
305.2	88.92892236
305.3	89.52257376
305.4	89.91891324
305.5	88.78064165
305.6	87.07552103
305.7	85.53901694
305.8	84.34543953
305.9	82.94224387
306	82.24389933
306.1	81.58175063
306.2	81.86892877
306.3	83.6468154
306.4	86.1287038
306.5	88.93863278
306.6	91.36518054
306.7	96.34143221
306.8	102.17399088
306.9	106.26689745
307	109.24799741
307.1	111.58643294
307.2	112.02696474
307.3	110.39023434
307.4	108.2544759
307.5	106.43949181
307.6	104.49299532
307.7	102.5475457
307.8	101.31105261
307.9	101.40563385
308	101.42022084
308.1	100.90420646
308.2	99.25480165
308.3	98.16693831
308.4	97.54893955
308.5	97.49806385
308.6	98.05963623
308.7	98.47445527
308.8	98.49877812
308.9	97.18926529
309	95.3495276
309.1	93.42922406
309.2	91.99390834
309.3	90.88284045
309.4	89.70032906
309.5	87.934986
309.6	86.3502153
309.7	87.07791598
309.8	89.40540985
309.9	92.3577797
310	93.83775559
310.1	94.08830598
310.2	93.14037344
310.3	91.36035174
310.4	89.6626591
310.5	88.9355767
310.6	89.7772954
310.7	90.84029667
310.8	92.32939657
310.9	93.19934939
311	93.28040777
311.1	93.11070138
311.2	91.86143732
311.3	89.92768982
311.4	88.03628549
311.5	86.02116951
311.6	84.92703974
311.7	86.1447811
311.8	87.64201505
311.9	88.32648826
312	86.78185841
312.1	85.2724985
312.2	85.57424453
312.3	85.98266508
312.4	85.5893918
312.5	84.2111676
312.6	82.63298864
312.7	80.73810329
312.8	78.59411078
312.9	78.19674441
313	79.55975002
313.1	82.40749581
313.2	86.73027562
313.3	90.37120661
313.4	93.37061414
313.5	94.25014187
313.6	93.84751153
313.7	92.27031636
313.8	89.99563878
313.9	88.41905659
314	87.93987671
314.1	87.43195728
314.2	86.74249618
314.3	86.51725553
314.4	88.24657535
314.5	90.87736148
314.6	93.42447708
314.7	95.12582035
314.8	94.45681568
314.9	91.90042635
315	89.28646281
315.1	87.76955752
315.2	87.37196481
315.3	86.7983659
315.4	86.7923286
315.5	88.06224391
315.6	89.73546597
315.7	93.91500756
315.8	98.68341981
315.9	101.86877135
316	104.29499746
316.1	105.41114181
316.2	105.1696035
316.3	102.04950321
316.4	98.27388862
316.5	94.57793984
316.6	92.47896326
316.7	90.63539763
316.8	89.71657516
316.9	88.57624557
317	87.49510216
317.1	86.64197413
317.2	85.01985006
317.3	82.47226432
317.4	79.75380483
317.5	79.16715276
317.6	80.58223978
317.7	83.39394631
317.8	86.37558318
317.9	86.65939938
318	86.33312626
318.1	85.82064359
318.2	85.09290582
318.3	84.41295064
318.4	84.8715477
318.5	85.7035312
318.6	87.37118584
318.7	89.01411875
318.8	90.50623258
318.9	90.85177701
319	89.72126167
319.1	88.37934105
319.2	86.93003492
319.3	85.48922448
319.4	84.31702844
319.5	83.70773013
319.6	85.17004182
319.7	88.70610878
319.8	92.35287632
319.9	93.19725428
320	91.15082601
320.1	87.9225951
320.2	82.45803334
320.3	76.9411241
320.4	73.84782581
320.5	71.53834421
320.6	72.62120844
320.7	75.90334739
320.8	79.2018265
320.9	80.70479081
321	81.60556503
321.1	82.52823537
321.2	84.68911615
321.3	88.87624445
321.4	92.40745455
321.5	97.24321988
321.6	100.99963983
321.7	102.95024635
321.8	103.41257792
321.9	103.64775349
322	104.55406524
322.1	105.27081228
322.2	104.86722148
322.3	103.24713545
322.4	101.46565353
322.5	100.40885278
322.6	100.06628281
322.7	101.24645231
322.8	103.20357321
322.9	104.84868982
323	105.75300079
323.1	105.98499227
323.2	106.00826902
323.3	105.21466587
323.4	103.78417282
323.5	102.96284703
323.6	102.62421483
323.7	103.31110958
323.8	103.09762141
323.9	102.63092065
324	102.61467142
324.1	103.06209785
324.2	104.25547292
324.3	106.08940513
324.4	109.62196303
324.5	113.1897744
324.6	116.32668065
324.7	117.53796759
324.8	117.35219579
324.9	117.27706421
325	116.94523199
325.1	116.60988015
325.2	116.25750883
325.3	116.4140443
325.4	116.52954295
325.5	116.47698225
325.6	116.61456608
325.7	118.7151189
325.8	121.86541951
325.9	123.09976243
326	122.81950625
326.1	121.25118531
326.2	120.21079849
326.3	119.11117001
326.4	117.99152816
326.5	117.26393836
326.6	117.67856599
326.7	117.77377803
326.8	117.04969434
326.9	116.68132206
327	116.49141631
327.1	115.92165679
327.2	115.26814404
327.3	114.11210443
327.4	113.36219663
327.5	113.62341386
327.6	113.97579034
327.7	114.25421922
327.8	114.16046582
327.9	113.26398251
328	112.92452589
328.1	113.55247713
328.2	113.74291783
328.3	113.85256387
328.4	113.99086906
328.5	114.53459757
328.6	114.65941236
328.7	113.93781711
328.8	114.5083541
328.9	115.01645652
329	115.73070662
329.1	116.78166484
329.2	119.01084319
329.3	120.16987264
329.4	119.62686382
329.5	118.02259756
329.6	115.72817807
329.7	113.83673214
329.8	111.96505544
329.9	110.5918411
330	109.52387808
330.1	108.11282498
330.2	107.69029629
330.3	108.88901698
330.4	110.6543611
330.5	112.31938085
330.6	112.31660566
330.7	111.42501922
330.8	110.74204597
330.9	111.29277518
331	112.53952631
331.1	113.16304374
331.2	113.85519537
331.3	114.17519005
331.4	113.70198616
331.5	112.942429
331.6	113.20442662
331.7	114.3453201
331.8	115.54556434
331.9	116.07667191
332	116.72887351
332.1	116.28987212
332.2	115.08753426
332.3	112.43086071
332.4	109.88465785
332.5	108.38946635
332.6	109.20642651
332.7	111.84627977
332.8	114.06459942
332.9	115.74569778
333	115.40293919
333.1	114.55756881
333.2	113.31270944
333.3	112.08570796
333.4	111.38994058
333.5	111.77749505
333.6	112.53704757
333.7	113.00657257
333.8	113.7872352
333.9	115.21051397
334	116.09724477
334.1	116.54254641
334.2	115.80624544
334.3	114.89706702
334.4	115.69889797
334.5	116.68758729
334.6	115.87086107
334.7	114.00432826
334.8	112.72228152
334.9	113.10608585
335	114.76349885
335.1	116.56632803
335.2	117.55612841
335.3	117.88646364
335.4	118.48071418
335.5	119.43583527
335.6	120.75674742
335.7	123.3610786
335.8	125.46583159
335.9	127.77106476
336	130.1201237
336.1	132.61520058
336.2	135.03350505
336.3	137.72859667
336.4	139.54694736
336.5	139.97974312
336.6	138.43658837
336.7	135.55489939
336.8	132.48300763
336.9	128.69574241
337	124.977175
337.1	121.40417239
337.2	120.27899196
337.3	120.81758492
337.4	122.20514451
337.5	123.36995392
337.6	124.33666557
337.7	124.17012344
337.8	122.976039
337.9	121.24105824
338	119.92558993
338.1	119.51807491
338.2	120.05474735
338.3	121.81834328
338.4	123.82475191
338.5	125.05538476
338.6	126.05502892
338.7	126.25026934
338.8	126.01237547
338.9	125.06784418
339	123.47524207
339.1	122.00013291
339.2	121.17418206
339.3	121.10281516
339.4	120.80181938
339.5	120.32883778
339.6	118.51872226
339.7	116.21384358
339.8	115.28095141
339.9	115.09813655
340	114.37487768
340.1	113.49465607
340.2	112.77298067
340.3	113.50279513
340.4	114.62787425
340.5	115.75103999
340.6	116.75343489
340.7	117.31136367
340.8	116.51757672
340.9	115.73807679
341	115.23013935
341.1	115.06681223
341.2	116.4371742
341.3	118.69037511
341.4	121.06912856
341.5	122.64584261
341.6	123.12299991
341.7	124.11634472
341.8	125.47363983
341.9	126.06980268
342	124.95447752
342.1	122.8422153
342.2	120.70780544
342.3	120.73031025
342.4	120.31478014
342.5	119.1512061
342.6	116.9210198
342.7	115.50126104
342.8	114.31848659
342.9	113.59390542
343	114.03121252
343.1	114.41992354
343.2	114.12455235
343.3	114.83759315
343.4	115.55155267
343.5	115.90684442
343.6	117.1594846
343.7	118.32670901
343.8	118.52820536
343.9	119.49138469
344	121.41443733
344.1	122.83565709
344.2	121.80887968
344.3	120.90060124
344.4	121.10808047
344.5	120.74248638
344.6	119.91126582
344.7	118.80507168
344.8	118.06153653
344.9	116.9647717
345	114.46512457
345.1	112.65827478
345.2	113.41928529
345.3	115.09352722
345.4	117.33169881
345.5	120.06013801
345.6	121.12553869
345.7	120.18426807
345.8	118.15269483
345.9	116.27826552
346	115.20709994
346.1	114.8727683
346.2	116.54627655
346.3	119.2384922
346.4	121.27309526
346.5	123.28564283
346.6	125.22092368
346.7	126.97094455
346.8	127.37715761
346.9	126.12691248
347	123.37485494
347.1	120.25608219
347.2	118.28466762
347.3	117.52470161
347.4	117.7240607
347.5	118.66526533
347.6	119.76099664
347.7	120.86640662
347.8	121.26935378
347.9	120.32431125
348	119.13470926
348.1	117.67290572
348.2	116.48164767
348.3	116.88072114
348.4	116.73133408
348.5	115.51891235
348.6	114.69569383
348.7	115.73362305
348.8	117.52520203
348.9	118.62328739
349	119.16397648
349.1	119.06076108
349.2	117.51681974
349.3	117.14838836
349.4	117.66797334
349.5	117.9187274
349.6	117.6489399
349.7	117.83433425
349.8	116.63771307
349.9	114.45874371
350	112.371988
350.1	113.61917157
350.2	115.54394449
350.3	115.74189203
350.4	114.48851504
350.5	113.165398
350.6	112.99246694
350.7	113.90576503
350.8	114.89185899
350.9	116.46848717
351	117.90778511
351.1	119.20430199
351.2	120.0104726
351.3	121.11888177
351.4	122.89323555
351.5	120.97908529
351.6	118.69532325
351.7	116.16438605
351.8	114.33786956
351.9	113.43143787
352	113.57947875
352.1	113.55402189
352.2	113.586813
352.3	113.9421642
352.4	114.88355202
352.5	116.31456729
352.6	118.08348399
352.7	119.93863628
352.8	121.08722943
352.9	121.14765225
353	120.40212502
353.1	119.28445984
353.2	117.80279367
353.3	116.71597513
353.4	115.68881767
353.5	116.74204543
353.6	116.16361275
353.7	114.64818842
353.8	113.40801694
353.9	112.46464574
354	110.81547533
354.1	108.94311092
354.2	107.67900405
354.3	106.95548134
354.4	106.78278768
354.5	107.17034871
354.6	108.36321954
354.7	109.68331177
354.8	110.13871447
354.9	109.86485403
355	106.31651537
355.1	101.14796337
355.2	91.31553307
355.3	76.04522325
355.4	61.13862389
355.5	46.28812895
355.6	30.68122845
355.7	19.63587233
355.8	15.09124119
355.9	12.82258583
356	12.11195615
356.1	11.82881235
356.2	12.03478668
356.3	11.67126519
356.4	11.00977403
356.5	10.51632925
356.6	10.01699243
356.7	9.73547611
356.8	9.64765089
356.9	9.83438066
357	10.39179193
357.1	10.72938268
357.2	10.82143552
357.3	10.83133083
357.4	10.7854693
357.5	10.44804885
357.6	10.07858308
357.7	9.6502193
357.8	9.82832992
357.9	9.60825302
358	9.13978764
358.1	8.52823578
358.2	8.03930914
358.3	7.85961966
358.4	7.88563224
358.5	8.20439445
358.6	8.44426313
358.7	8.64388838
358.8	8.73689315
358.9	8.80473423
359	8.55175577
359.1	8.20449289
359.2	8.02991453
359.3	8.03189602
359.4	8.24876363
359.5	8.4018497
359.6	8.44561264
359.7	8.47375144
359.8	8.42480026
359.9	8.45972452
360	8.32933486
360.1	7.95166324
360.2	7.54779632
360.3	7.24720401
360.4	7.32031553
360.5	7.62578547
360.6	7.74652477
360.7	7.94627106
360.8	8.08712274
360.9	8.39812111
361	8.17641299
361.1	7.86013009
361.2	7.37352411
361.3	7.21230259
361.4	7.04231568
361.5	6.8532595
361.6	6.69544387
361.7	6.85556894
361.8	7.01566647
361.9	7.4792243
362	8.20429421
362.1	8.88912645
362.2	9.82706029
362.3	10.42154638
362.4	10.78825394
362.5	11.02495988
362.6	11.27360388
362.7	11.49979298
362.8	12.19267873
362.9	12.70975171
363	12.92263107
363.1	13.43082299
363.2	14.10052758
363.3	14.77925505
363.4	15.74134839
363.5	16.7656911
363.6	16.93301617
363.7	15.84633629
363.8	14.33789515
363.9	12.30356667
364	11.27126154
364.1	10.63348233
364.2	10.03076159
364.3	9.11374858
364.4	8.06317153
364.5	7.4864366
364.6	7.2154738
364.7	6.63154441
364.8	5.90143139
364.9	5.62253207
365	5.96507491
365.1	6.24844473
365.2	6.29513336
365.3	6.48055206
365.4	6.65956023
365.5	6.66011992
365.6	6.44281193
365.7	6.2505105
365.8	6.62985804
365.9	7.04671104
366	7.71188018
366.1	8.00551347
366.2	8.03552529
366.3	7.99957477
366.4	8.25365538
366.5	8.75733216
366.6	9.45471282
366.7	10.08486429
366.8	10.58667658
366.9	11.242635
367	11.99759062
367.1	12.57846173
367.2	13.82575999
367.3	14.52878665
367.4	14.48299556
367.5	14.04531234
367.6	14.08015898
367.7	14.55416752
367.8	14.45796721
367.9	12.98708837
368	11.03089643
368.1	9.04733315
368.2	7.46683418
368.3	6.81943511
368.4	6.65604446
368.5	6.65404123
368.6	6.85573296
368.7	6.85980626
368.8	6.78173034
368.9	6.88825579
369	7.1983506
369.1	7.76392317
369.2	8.06831828
369.3	8.0291377
369.4	7.86966309
369.5	7.75420773
369.6	7.60632006
369.7	7.1501201
369.8	6.83953572
369.9	6.69452002
370	6.90817503
370.1	7.21132324
370.2	7.46750138
370.3	6.88512556
370.4	6.84078046
370.5	6.6458754
370.6	6.25371142
370.7	6.05983382
370.8	5.72063977
370.9	5.47081085
371	5.45903883
371.1	5.48639133
371.2	5.2564998
371.3	5.11118617
371.4	5.02510684
371.5	4.85010636
371.6	4.87233557
371.7	5.00591203
371.8	5.26074031
371.9	5.40861448
372	5.56190139
372.1	6.12150636
372.2	6.28544338
372.3	6.14684005
372.4	5.75948317
372.5	5.66090517
372.6	5.66156107
372.7	5.67251391
372.8	5.81968651
372.9	5.96041959
373	6.78208052
373.1	7.2392492
373.2	7.67717075
373.3	7.45726741
373.4	7.44992053
373.5	7.4466224
373.6	7.8066733
373.7	8.05068916
373.8	8.05395133
373.9	7.63903269
374	7.70230968
374.1	7.84396776
374.2	7.86603523
374.3	7.51442365
374.4	6.67998627
374.5	6.45456446
374.6	6.26877114
374.7	5.81808977
374.8	5.29373875
374.9	4.88271435
375	4.53076172
375.1	4.18014595
375.2	3.88660841
375.3	4.04123273
375.4	4.40430349
375.5	4.65917264
375.6	5.05113207
375.7	5.43131422
375.8	5.44296544
375.9	5.84653576
376	6.44344
376.1	7.12935063
376.2	8.05237117
376.3	8.62642575
376.4	8.72943028
376.5	8.46191708
376.6	7.60276037
376.7	6.66101212
376.8	5.66512159
376.9	4.77182463
377	4.52681777
377.1	4.68926313
377.2	4.47733893
377.3	4.35285325
377.4	4.2711077
377.5	4.06943897
377.6	3.95773961
377.7	3.88350811
377.8	4.07152275
377.9	4.42403684
378	4.89285745
378.1	4.8983408
378.2	5.1128019
378.3	5.24615081
378.4	5.45924668
378.5	5.07056254
378.6	4.27787326
378.7	4.08127883
378.8	4.12162307
378.9	4.5294139
379	4.86021962
379.1	5.32348298
379.2	5.4624875
379.3	5.46371304
379.4	5.46334641
379.5	5.61658816
379.6	6.00158498
379.7	6.61456427
379.8	6.89963948
379.9	7.05058993
380	6.97453808
380.1	6.63749505
380.2	6.6228328
380.3	6.83586605
380.4	6.64424612
380.5	6.42198092
380.6	6.07960892
380.7	6.39669333
380.8	6.70416709
380.9	6.88463472
381	6.83942808
381.1	6.69882542
381.2	6.65462606
381.3	6.63664031
381.4	6.84452042
381.5	6.66896753
381.6	6.49242402
381.7	6.21179608
381.8	5.85921252
381.9	5.51848067
382	5.40872709
382.1	5.24934239
382.2	5.29577234
382.3	5.2653623
382.4	5.10766821
382.5	5.06229776
382.6	5.06842446
382.7	5.06434427
382.8	5.2639665
382.9	5.30337983
383	5.46940252
383.1	5.42491516
383.2	5.10115095
383.3	5.08153159
383.4	4.88086995
383.5	4.7089138
383.6	4.66157174
383.7	4.7112608
383.8	4.8683634
383.9	4.87639779
384	5.13808528
384.1	5.25869463
384.2	5.55380676
384.3	5.83985454
384.4	6.21665783
384.5	6.47975411
384.6	6.482065
384.7	6.44372092
384.8	6.42131481
384.9	6.09644592
385	5.99166291
385.1	5.86495572
385.2	5.52255059
385.3	5.23717872
385.4	4.82072395
385.5	4.48472445
385.6	4.29075211
385.7	4.50108247
385.8	4.66320407
385.9	5.01268275
386	5.063304
386.1	4.71086818
386.2	4.4898806
386.3	4.31130877
386.4	4.2540743
386.5	3.8258692
386.6	3.67487692
386.7	3.82814127
386.8	4.11662048
386.9	4.3129619
387	4.47150465
387.1	4.34781124
387.2	4.37069418
387.3	4.27929853
387.4	4.27399844
387.5	4.23098787
387.6	4.07022152
387.7	4.07627719
387.8	4.05721634
387.9	4.24304491
388	4.45994412
388.1	4.62932777
388.2	4.67600182
388.3	4.64728554
388.4	5.0125571
388.5	5.11240667
388.6	5.4573117
388.7	5.55622013
388.8	5.85728756
388.9	6.03053743
389	6.15357779
389.1	5.89440437
389.2	5.48664561
389.3	5.44687098
389.4	5.34935194
389.5	5.45165904
389.6	5.64714446
389.7	5.83548473
389.8	6.05945993
389.9	6.40750921
390	6.32666241
390.1	6.51545385
390.2	6.66963587
390.3	6.65554189
390.4	6.49430882
390.5	6.49292346
390.6	6.66278962
390.7	6.44735168
390.8	6.63299549
390.9	6.50750176
391	6.28339646
391.1	6.46235815
391.2	6.44944531
391.3	6.20359776
391.4	6.0150453
391.5	6.07151859
391.6	6.26729557
391.7	6.663724
391.8	6.64971461
391.9	6.74078913
392	6.80736301
392.1	6.65533147
392.2	6.82674528
392.3	6.82876155
392.4	6.62336669
392.5	6.21465247
392.6	5.90434433
392.7	5.83928577
392.8	6.04655009
392.9	6.22856552
393	6.43229903
393.1	6.21257072
393.2	6.05963034
393.3	6.05043449
393.4	5.84249965
393.5	5.86260548
393.6	5.87289259
393.7	6.21215054
393.8	6.8072934
393.9	6.85810463
394	6.85284693
394.1	6.85465242
394.2	6.85181783
394.3	6.87037148
394.4	6.76471892
394.5	6.85443056
394.6	6.85802045
394.7	6.81201562
394.8	6.596136
394.9	6.49525325
395	6.11799825
395.1	5.77220997
395.2	5.07118397
395.3	4.86794238
395.4	4.68291442
395.5	4.67056038
395.6	4.65852537
395.7	4.95702667
395.8	5.84302975
395.9	6.01741675
396	6.02040738
396.1	5.75756985
396.2	5.66018608
396.3	5.65953147
396.4	5.68199923
396.5	5.53507965
396.6	5.44314939
396.7	5.65364447
396.8	5.66646076
396.9	5.56435003
397	5.94034242
397.1	6.31771265
397.2	6.44098185
397.3	6.6221726
397.4	7.01384825
397.5	7.2754904
397.6	7.24703033
397.7	7.24998191
397.8	6.63524563
397.9	6.11663285
398	5.81306832
398.1	5.70053604
398.2	6.0191193
398.3	6.41481176
398.4	6.71098508
398.5	7.25655773
398.6	7.43077042
398.7	7.48147226
398.8	7.47955374
398.9	7.58207379
399	7.8468262
399.1	7.65268637
399.2	7.11201725
399.3	6.36985137
399.4	5.55791646
399.5	5.00372279
399.6	4.87645897
399.7	5.47298658
399.8	5.86296652
399.9	6.24568858
400	6.7178775
400.1	6.96212494
400.2	7.43908827
400.3	7.87573589
400.4	8.42747211
400.5	8.88968806
400.6	9.23720501
400.7	9.25479774
400.8	9.05293236
400.9	8.99703391
401	8.7942689
401.1	8.62129111
401.2	8.23874304
401.3	8.1356104
401.4	8.46507105
401.5	8.81930347
401.6	8.79608214
401.7	8.65013469
401.8	8.11244198
401.9	7.52375209
402	7.39560071
402.1	8.23176511
402.2	9.59874317
402.3	10.69987933
402.4	11.68722472
402.5	12.31736359
402.6	12.45069796
402.7	12.18774291
402.8	11.45907038
402.9	10.62588097
403	9.88767489
403.1	9.277726
403.2	8.94273718
403.3	8.44880568
403.4	7.99791008
403.5	8.12240416
403.6	8.7977825
403.7	9.64923243
403.8	10.54421811
403.9	11.15067033
404	11.26406969
404.1	10.41790485
404.2	9.83544977
404.3	9.39038573
404.4	9.69954191
404.5	10.03153142
404.6	10.04667601
404.7	9.57844945
404.8	9.20042642
404.9	9.42259556
405	9.38780116
405.1	8.80557245
405.2	8.49143846
405.3	8.22391023
405.4	8.03302877
405.5	7.75402697
405.6	7.28839912
405.7	7.18513592
405.8	7.01056
405.9	7.30970739
406	7.68152091
406.1	7.60042888
406.2	7.45838477
406.3	7.02192945
406.4	6.66748555
406.5	6.76127282
406.6	7.06978289
406.7	7.02227777
406.8	7.02566296
406.9	7.19433319
407	7.50381342
407.1	7.86720321
407.2	7.84573611
407.3	7.68855227
407.4	7.50875781
407.5	7.10015633
407.6	6.98161103
407.7	6.85606473
407.8	6.64310059
407.9	5.66546751
408	5.35769088
408.1	5.33207486
408.2	5.43133609
408.3	5.59837887
408.4	5.49254089
408.5	5.66329787
408.6	5.6812994
408.7	6.08270282
408.8	6.82465753
408.9	7.308537
409	7.68889493
409.1	8.04658859
409.2	7.91304912
409.3	7.80972549
409.4	7.42419291
409.5	6.86513421
409.6	6.4533011
409.7	6.26143643
409.8	6.1258583
409.9	6.1477492
410	6.51798509
410.1	6.86213826
410.2	7.05473902
410.3	7.07982251
410.4	6.90629706
410.5	6.86472612
410.6	6.87150463
410.7	6.85837043
410.8	6.62947828
410.9	6.82873502
411	7.07313407
411.1	7.30110661
411.2	8.13510836
411.3	9.00539084
411.4	10.21980725
411.5	11.91061315
411.6	14.25595808
411.7	15.9162626
411.8	18.62234774
411.9	21.0381648
412	23.76303898
412.1	26.37317583
412.2	28.59867904
412.3	29.89047142
412.4	30.47920189
412.5	30.48989048
412.6	30.27046665
412.7	29.8975505
412.8	30.12812154
412.9	31.41215321
413	33.63664755
413.1	35.03239785
413.2	35.79929581
413.3	35.57226883
413.4	35.23918307
413.5	35.65812501
413.6	36.86389858
413.7	39.29264968
413.8	42.64328779
413.9	45.36083422
414	46.92978267
414.1	49.1738376
414.2	50.8613798
414.3	52.13361187
414.4	52.16915807
414.5	52.31712768
414.6	51.94241538
414.7	52.31578495
414.8	53.66682903
414.9	55.57132767
415	56.87407489
415.1	56.33121497
415.2	56.3405696
415.3	58.29166579
415.4	60.86280616
415.5	63.30345155
415.6	64.72832921
415.7	64.7179621
415.8	63.87665242
415.9	63.16013472
416	62.39739736
416.1	61.25559704
416.2	60.85732357
416.3	61.53040194
416.4	60.54139322
416.5	58.32825612
416.6	55.48576282
416.7	52.72773036
416.8	49.88555643
416.9	47.18721722
417	43.88918788
417.1	40.36928218
417.2	38.03921182
417.3	37.1060354
417.4	37.65269696
417.5	39.38344756
417.6	42.04105717
417.7	45.44460055
417.8	48.7350212
417.9	50.95783108
418	52.74643833
418.1	53.98066145
418.2	54.63040868
418.3	54.73952192
418.4	54.56825481
418.5	54.27817222
418.6	53.87323719
418.7	53.2576149
418.8	50.98633513
418.9	49.55600189
419	49.16711261
419.1	49.64010861
419.2	51.48541505
419.3	53.69224217
419.4	56.19556651
419.5	58.23947629
419.6	58.15712283
419.7	56.33635364
419.8	54.34305103
419.9	52.99093505
420	53.6376602
420.1	55.02380117
420.2	57.61807999
420.3	60.05277871
420.4	62.92530054
420.5	66.7152213
420.6	70.48488066
420.7	73.74673248
420.8	75.71521714
420.9	77.10629681
421	76.90946204
421.1	75.67366382
421.2	75.4325391
421.3	76.7041112
421.4	78.29225763
421.5	79.14200164
421.6	77.68626476
421.7	74.9319141
421.8	71.90642576
421.9	69.60485769
422	66.62623538
422.1	63.37848387
422.2	60.14526182
422.3	57.10330987
422.4	55.66624305
422.5	55.10429141
422.6	55.18424287
422.7	55.31241545
422.8	55.67364896
422.9	56.11278421
423	56.14449597
423.1	56.56975695
423.2	57.52614192
423.3	58.02020355
423.4	57.7048871
423.5	56.15562882
423.6	53.72285465
423.7	51.30656619
423.8	50.53831361
423.9	51.06139413
424	52.95463986
424.1	54.89316733
424.2	56.2582539
424.3	56.32292098
424.4	55.25397179
424.5	54.70552308
424.6	54.53612671
424.7	53.62624068
424.8	49.90708922
424.9	45.333152
425	42.30415049
425.1	39.01854266
425.2	35.79758588
425.3	32.36318044
425.4	29.56975452
425.5	27.23164429
425.6	25.00820402
425.7	23.00753954
425.8	21.16764031
425.9	20.28906446
426	19.65790713
426.1	18.96178388
426.2	18.24950757
426.3	17.97834672
426.4	18.54381988
426.5	19.48031971
426.6	19.99063224
426.7	19.60727123
426.8	18.89286377
426.9	18.36175611
427	18.13721534
427.1	17.82219672
427.2	17.62262354
427.3	17.42547514
427.4	17.37266061
427.5	17.67969084
427.6	18.89968605
427.7	20.5284659
427.8	22.78856986
427.9	25.72835923
428	30.00788525
428.1	34.64466479
428.2	39.82810974
428.3	45.81415972
428.4	50.72262284
428.5	55.04100466
428.6	58.97472261
428.7	61.44605364
428.8	63.98233067
428.9	66.41241888
429	69.88868144
429.1	74.44906752
429.2	78.96673922
429.3	84.515987
429.4	89.95724043
429.5	95.20097531
429.6	100.28414331
429.7	105.22461702
429.8	107.959147
429.9	108.21817604
430	105.95705522
430.1	102.15250936
430.2	97.41798964
430.3	93.34714641
430.4	91.52650504
430.5	91.61322497
430.6	91.82046036
430.7	89.87896815
430.8	83.8983183
430.9	75.86736721
431	66.98153128
431.1	57.92663419
431.2	49.35510118
431.3	44.00033657
431.4	40.11306978
431.5	37.05137585
431.6	34.65851256
431.7	32.85287621
431.8	31.94588411
431.9	32.07677398
432	32.88343422
432.1	34.54987763
432.2	35.4708185
432.3	36.45665224
432.4	37.34900395
432.5	37.79664985
432.6	37.69077986
432.7	38.53983737
432.8	39.67860173
432.9	40.9354882
433	42.22983802
433.1	43.53030613
433.2	44.7326479
433.3	44.82621007
433.4	42.51403751
433.5	38.72113017
433.6	37.22771281
433.7	37.93757465
433.8	39.38462197
433.9	40.74112148
434	42.16917562
434.1	43.51678007
434.2	44.77499414
434.3	45.623933
434.4	46.02816893
434.5	45.34648499
434.6	42.24760438
434.7	38.26524291
434.8	35.28488644
434.9	34.34789151
435	35.04782888
435.1	36.54055805
435.2	39.04655771
435.3	41.94310256
435.4	43.20234766
435.5	42.64116009
435.6	41.39311425
435.7	40.30404287
435.8	39.08023969
435.9	38.63867349
436	38.67614856
436.1	38.86243661
436.2	39.02211887
436.3	39.76156637
436.4	41.35456434
436.5	42.55859427
436.6	43.58677612
436.7	44.56013778
436.8	45.08793998
436.9	46.14593422
437	46.72500299
437.1	45.85128665
437.2	45.59386503
437.3	45.81886825
437.4	45.41972503
437.5	44.33737364
437.6	43.03990033
437.7	41.36268139
437.8	39.6575814
437.9	37.8619554
438	36.24493099
438.1	34.82226869
438.2	34.15031835
438.3	33.64160797
438.4	33.10090931
438.5	32.48231781
438.6	32.53196091
438.7	34.18896119
438.8	35.11449133
438.9	36.20888057
439	37.38924881
439.1	38.64440684
439.2	38.07270235
439.3	38.31473597
439.4	38.95515047
439.5	38.95893738
439.6	38.13102086
439.7	37.22486656
439.8	36.85556659
439.9	37.27357652
440	37.45436153
440.1	37.44088931
440.2	37.84171089
440.3	37.63093659
440.4	36.68750382
440.5	35.49645863
440.6	34.65847853
440.7	35.10838913
440.8	36.07468835
440.9	37.15668594
441	38.63175731
441.1	40.44728641
441.2	41.85115497
441.3	43.00185361
441.4	42.84993437
441.5	42.01941648
441.6	40.85446181
441.7	40.04947757
441.8	39.84155619
441.9	39.84795714
442	39.71971002
442.1	39.07072959
442.2	39.03131047
442.3	39.58023317
442.4	40.22828259
442.5	40.65694084
442.6	42.46434615
442.7	44.49532566
442.8	45.38828841
442.9	45.35932338
443	44.9484452
443.1	44.94051111
443.2	44.80638123
443.3	43.46087501
443.4	41.65420833
443.5	39.89135838
443.6	38.44717898
443.7	37.84277534
443.8	38.2975643
443.9	39.34735708
444	39.72133637
444.1	39.77123531
444.2	39.83653532
444.3	40.02082288
444.4	40.78787196
444.5	40.44646501
444.6	39.62047392
444.7	38.86007623
444.8	39.78310753
444.9	41.39292295
445	44.04580331
445.1	44.75915626
445.2	43.59669244
445.3	42.22512033
445.4	41.08651658
445.5	40.59597784
445.6	39.72687114
445.7	38.60847354
445.8	37.64547988
445.9	37.81310001
446	37.98740796
446.1	37.43736387
446.2	36.81401157
446.3	37.37026862
446.4	37.87575968
446.5	38.21308334
446.6	38.55114849
446.7	39.2264252
446.8	40.3525685
446.9	40.90523491
447	41.87355575
447.1	42.63171263
447.2	42.5646425
447.3	41.85114164
447.4	41.6788233
447.5	41.77042659
447.6	41.22017315
447.7	40.70435
447.8	40.22684939
447.9	39.84878047
448	39.41955942
448.1	38.58863845
448.2	38.45659435
448.3	38.84962565
448.4	40.24616735
448.5	42.07660848
448.6	43.83633525
448.7	44.96712561
448.8	44.83162022
448.9	44.6164294
449	45.22038424
449.1	46.3188655
449.2	47.59586006
449.3	48.008863
449.4	48.9840485
449.5	50.17715702
449.6	50.55369315
449.7	50.54972796
449.8	50.51389982
449.9	50.7830432
450	51.13213578
450.1	51.64670555
450.2	52.30321904
450.3	53.05041355
450.4	53.16812723
450.5	52.36035015
450.6	51.58671554
450.7	51.39596459
450.8	51.52504018
450.9	50.97565978
451	50.45340454
451.1	49.79188373
451.2	49.09373992
451.3	49.28751426
451.4	50.47246019
451.5	51.38574552
451.6	51.75495341
451.7	51.79036914
451.8	52.1426432
451.9	53.01415073
452	54.19575122
452.1	55.35261155
452.2	56.40475213
452.3	56.08504963
452.4	55.13141322
452.5	53.98133903
452.6	53.0992008
452.7	52.5606395
452.8	53.20918648
452.9	54.16630062
453	54.93142326
453.1	55.5329338
453.2	55.50894536
453.3	55.72708502
453.4	55.98993128
453.5	57.14949371
453.6	59.48025221
453.7	61.72579375
453.8	64.20235813
453.9	65.26451441
454	64.52669079
454.1	63.24625685
454.2	60.65238113
454.3	58.94119508
454.4	58.30098548
454.5	57.70681968
454.6	56.31049791
454.7	54.93761304
454.8	54.23645093
454.9	53.63455399
455	52.45962795
455.1	51.24730952
455.2	50.61926654
455.3	50.5070206
455.4	50.81570739
455.5	51.29183891
455.6	52.95691619
455.7	54.91658005
455.8	56.27223158
455.9	56.33385393
456	55.56370441
456.1	55.3334606
456.2	55.33446752
456.3	55.46830069
456.4	56.06608578
456.5	56.77516325
456.6	56.93594731
456.7	56.74171468
456.8	56.29424327
456.9	55.76959733
457	56.98048457
457.1	58.52514169
457.2	59.61451747
457.3	58.66771029
457.4	59.61457715
457.5	60.67306926
457.6	60.61661071
457.7	60.02244004
457.8	58.93587816
457.9	56.59946293
458	54.50856749
458.1	52.55921149
458.2	51.33123206
458.3	50.42457015
458.4	48.74945471
458.5	47.37297467
458.6	45.78390623
458.7	44.42533319
458.8	44.58955812
458.9	45.75263616
459	47.11346949
459.1	48.62970026
459.2	50.06060156
459.3	51.97586378
459.4	54.48166536
459.5	58.62030849
459.6	64.05264755
459.7	68.74316283
459.8	71.96876254
459.9	72.909914
460	74.25171702
460.1	75.28803186
460.2	76.38092644
460.3	75.75225645
460.4	74.82761498
460.5	73.56047285
460.6	71.27429577
460.7	67.96545858
460.8	63.35409355
460.9	58.71245116
461	55.52827172
461.1	54.47812317
461.2	55.41917539
461.3	56.95877864
461.4	58.79255599
461.5	61.4587034
461.6	64.55139482
461.7	68.27108332
461.8	70.54661034
461.9	71.31292323
462	70.40077086
462.1	67.32572319
462.2	62.99845701
462.3	58.95452758
462.4	55.24235095
462.5	51.58903851
462.6	48.38070934
462.7	45.72355906
462.8	44.43743563
462.9	43.05021718
463	41.70502678
463.1	39.29896732
463.2	36.45109274
463.3	33.70594513
463.4	31.22239839
463.5	30.71181496
463.6	30.91903076
463.7	30.6979759
463.8	29.65006069
463.9	28.07980621
464	26.88634485
464.1	26.17497724
464.2	26.55343265
464.3	27.3894244
464.4	28.43590477
464.5	29.73156795
464.6	30.48411617
464.7	31.46520091
464.8	32.41608701
464.9	31.87554623
465	30.01723722
465.1	28.00365913
465.2	25.76216246
465.3	23.74637396
465.4	23.12982577
465.5	23.19194886
465.6	23.33986985
465.7	23.110012
465.8	22.51230082
465.9	22.56634773
466	23.02905409
466.1	23.62075835
466.2	24.84906735
466.3	25.53796623
466.4	25.12737299
466.5	24.74301631
466.6	24.7097148
466.7	25.32284738
466.8	25.96709369
466.9	26.80313653
467	27.51136734
467.1	27.84875628
467.2	28.10133082
467.3	27.8391452
467.4	26.89439376
467.5	25.69265124
467.6	24.56468126
467.7	24.97101845
467.8	25.77024929
467.9	27.22946099
468	28.90788145
468.1	30.84388739
468.2	33.17496522
468.3	35.817489
468.4	38.20636577
468.5	40.00904858
468.6	39.89246359
468.7	38.40924654
468.8	36.28115675
468.9	33.95169398
469	32.65258332
469.1	32.14884398
469.2	32.48375347
469.3	33.07386044
469.4	34.19951396
469.5	35.68110855
469.6	37.30965064
469.7	39.91216149
469.8	42.45635515
469.9	43.37184258
470	43.19129455
470.1	42.82132742
470.2	43.00952917
470.3	43.38450882
470.4	43.41657631
470.5	41.76027231
470.6	40.41847851
470.7	40.54563426
470.8	42.31348673
470.9	44.55967842
471	46.88829587
471.1	48.65431361
471.2	50.17233681
471.3	52.72534938
471.4	55.03087477
471.5	56.49389001
471.6	56.88819619
471.7	57.33829356
471.8	57.85325682
471.9	58.97224292
472	61.68817363
472.1	65.67506797
472.2	71.39922686
472.3	76.87262625
472.4	79.3704613
472.5	79.247339
472.6	77.66258373
472.7	75.60534647
472.8	75.41251516
472.9	75.78745019
473	76.52880979
473.1	77.16873397
473.2	78.21449851
473.3	80.60471728
473.4	83.50122485
473.5	87.15435168
473.6	90.9936114
473.7	94.69194034
473.8	98.4140013
473.9	102.13929402
474	106.21287204
474.1	110.53582655
474.2	115.86857169
474.3	121.61493139
474.4	130.42735141
474.5	143.48592328
474.6	153.93664749
474.7	165.71121491
474.8	178.50148511
474.9	187.46835129
475	186.9839069
475.1	174.5411929
475.2	164.89812749
475.3	152.73303
475.4	138.98689735
475.5	128.854635
475.6	124.30807805
475.7	124.14555627
475.8	125.08302942
475.9	123.31204857
476	113.61544036
476.1	101.24503311
476.2	85.52980132
476.3	71.82119205
476.4	56.7218543
476.5	42.03588887
476.6	32.10600856
476.7	27.04847773
476.8	24.82054966
476.9	24.03225557
477	23.80457625
477.1	22.79138363
477.2	22.01238537
477.3	21.48256568
477.4	21.39656024
477.5	21.78904694
477.6	22.1824195
477.7	23.11744499
477.8	23.93436508
477.9	24.55585204
478	25.04942214
478.1	25.52080018
478.2	26.77968069
478.3	29.28907156
478.4	32.16648707
478.5	34.65456262
478.6	36.46774673
478.7	37.27600781
478.8	37.62858431
478.9	38.33917829
479	39.26966005
479.1	39.9425708
479.2	40.59219137
479.3	40.29171873
479.4	39.2548805
479.5	39.10386261
479.6	39.79494861
479.7	40.3954413
479.8	41.37273469
479.9	41.82484429
480	40.21076051
480.1	39.61984105
480.2	40.23793977
480.3	40.40983464
480.4	40.91721028
480.5	41.84166738
480.6	42.44338317
480.7	41.86074544
480.8	41.8309087
480.9	41.529443
481	40.89996012
481.1	40.2460884
481.2	39.47362917
481.3	39.79176014
481.4	40.02660051
481.5	39.8371486
481.6	39.43907723
481.7	38.81339984
481.8	36.81110616
481.9	31.81379148
482	20.85
482.1	NA
482.2	NA
482.3	NA
482.4	NA
482.5	NA
482.6	NA
482.7	NA
482.8	NA
482.9	NA
483	NA
483.1	NA
483.2	NA
483.3	NA
483.4	NA
483.5	NA
483.6	NA
483.7	NA
483.8	NA
483.9	NA
484	NA
484.1	NA
484.2	NA
484.3	NA
