DEPT	GR
0.4	16.14927345
0.5	16.34742404
0.6	17.455266
0.7	18.27488892
0.8	19.03661068
0.9	19.21281522
1	18.98126846
1.1	18.82430647
1.2	17.22385936
1.3	15.48623107
1.4	13.75345262
1.5	12.02413835
1.6	10.6010568
1.7	10.10568032
1.8	9.61030383
1.9	9.44930647
2	9.70688143
2.1	10.38489252
2.2	11.97910412
2.3	13.82348085
2.4	16.08858983
2.5	18.35369881
2.6	19.55085865
2.7	20.0330251
2.8	18.36195509
2.9	17.53632761
3	18.70649749
3.1	20.97098868
3.2	23.07871629
3.3	24.9669749
3.4	26.85523351
3.5	29.66479524
3.6	33.13243065
3.7	36.60006605
3.8	40.06770145
3.9	42.55284016
4	43.97825806
4.1	44.32986363
4.2	45.35667107
4.3	46.4663144
4.4	46.4663144
4.5	45.87186262
4.6	45.47556143
4.7	44.12813738
4.8	42.95904888
4.9	41.71070013
5	41.11624835
5.1	41.31439894
5.2	42.53632761
5.3	44.68295905
5.4	44.88110964
5.5	43.09775429
5.6	42.61653142
5.7	41.93715795
5.8	41.25778449
5.9	40.52179657
6	39.07820739
6.1	38.14398943
6.2	37.54953765
6.3	37.74768824
6.4	38.59577279
6.5	38.87997735
6.6	38.00924703
6.7	36.51610609
6.8	33.27863022
6.9	29.82166446
7	26.65125495
7.1	26.25495376
7.2	26.60171731
7.3	27.74108322
7.4	28.23645971
7.5	29.51736177
7.6	30.96103038
7.7	32.02834154
7.8	32.56875225
7.9	34.04227213
8	35.667107
8.1	36.55878468
8.2	37.52752092
8.3	37.54953765
8.4	35.46895641
8.5	33.38837517
8.6	31.09863496
8.7	28.98502862
8.8	27.04755614
8.9	26.84940555
9	29.42411048
9.1	31.28797886
9.2	32.45706737
9.3	33.31477637
9.4	33.64880166
9.5	33.98282695
9.6	32.79640026
9.7	31.40686922
9.8	31.01056803
9.9	31.22270573
10	31.70409511
10.1	32.1854845
10.2	32.79392338
10.3	32.25231176
10.4	30.56362836
10.5	29.62351387
10.6	30.31307794
10.7	31.20871863
10.8	30.23117569
10.9	29.05284016
11	27.93923382
11.1	26.08202234
11.2	24.06268764
11.3	23.28269485
11.4	24.20679717
11.5	25.58844722
11.6	26.05680317
11.7	24.98678996
11.8	24.87552078
11.9	25.32517021
12	25.47960372
12.1	24.76807056
12.2	24.66974901
12.3	25.28731836
12.4	25.96103038
12.5	26.6347424
12.6	27.30845443
12.7	28.03830911
12.8	28.76486129
12.9	29.62351387
13	31.06710305
13.1	33.26948481
13.2	35.93130779
13.3	37.87978864
13.4	40.0426324
13.5	42.59337096
13.6	44.28665786
13.7	44.28665786
13.8	43.29590489
13.9	41.81638045
14	39.76221929
14.1	37.0343461
14.2	34.97357992
14.3	34.18097754
14.4	33.81638045
14.5	33.58652576
14.6	33.81638045
14.7	34.40114487
14.8	34.97357992
14.9	34.97357992
15	35.97436583
15.1	37.32737966
15.2	38.24306473
15.3	37.84676354
15.4	38.91677675
15.5	42.00792602
15.6	44.40554822
15.7	44.88110964
15.8	42.20607662
15.9	40.71994716
16	36.95780647
16.1	32.99842205
16.2	31.01056803
16.3	29.62846764
16.4	28.83091149
16.5	28.48414795
16.6	28.23645971
16.7	28.6327609
16.8	30.19682959
16.9	31.91149273
17	33.41620413
17.1	34.37912814
17.2	35.46895641
17.3	36.65785997
17.4	37.94583884
17.5	37.57430647
17.6	35.96433289
17.7	35.96433289
17.8	37.07892999
17.9	38.34214003
18	36.68950492
18.1	33.67430352
18.2	30.81241744
18.3	30.01981506
18.4	29.82166446
18.5	31.80317041
18.6	32.99207398
18.7	32.001321
18.8	32.18626156
18.9	34.07460945
19	36.17351162
19.1	38.14398943
19.2	38.95640687
19.3	39.51122853
19.4	39.92734478
19.5	39.92734478
19.6	38.83751651
19.7	36.90554822
19.8	35.12219287
19.9	33.98282695
20	36.10716456
20.1	38.67541391
20.2	40.0239432
20.3	40.46235139
20.4	40.52179657
20.5	39.15951123
20.6	37.94583884
20.7	37.94583884
20.8	37.51651255
20.9	35.52840159
21	34.37912814
21.1	34.37912814
21.2	36.13546295
21.3	37.72967455
21.4	38.11426684
21.5	37.52476882
21.6	36.95508587
21.7	37.35138705
21.8	39.17327169
21.9	41.44649934
22	43.71972699
22.1	45.67371202
22.2	47.06076618
22.3	46.86261559
22.4	44.68295905
22.5	43.29590489
22.6	40.97093791
22.7	37.85336856
22.8	34.57727873
22.9	33.78467635
23	33.19022457
23.1	30.81241744
23.2	27.64200793
23.3	27.26948481
23.4	27.38639366
23.5	26.84940555
23.6	25.79454503
23.7	24.76299635
23.8	23.67899604
23.9	22.50407957
24	21.26622115
24.1	20.11228534
24.2	19.87945839
24.3	21.45970938
24.4	24.07529723
24.5	25.66050198
24.6	26.01717305
24.7	24.14464993
24.8	22.49009247
24.9	22.09379128
25	22.49009247
25.1	23.56010568
25.2	24.8678996
25.3	25.35089168
25.4	26.24256935
25.5	27.84015852
25.6	30.21796565
25.7	30.41611625
25.8	29.62351387
25.9	28.23645971
26	25.0876969
26.1	22.29194188
26.2	21.89564069
26.3	22.92602378
26.4	24.09511229
26.5	25.26420079
26.6	25.46235139
26.7	24.27344782
26.8	24.89431968
26.9	25.66050198
27	23.87714663
27.1	23.67899604
27.2	25.0660502
27.3	27.35468956
27.4	29.47490092
27.5	30.19510212
27.6	30.103648
27.7	30.01981506
27.8	30.68857332
27.9	31.01056803
28	28.67075478
28.1	26.11823124
28.2	25.46235139
28.3	26.09643329
28.4	27.2655218
28.5	27.12681638
28.6	26.7218461
28.7	26.9410502
28.8	27.16025429
28.9	26.77014531
29	25.36318341
29.1	23.67899604
29.2	22.26221929
29.3	21.00396301
29.4	20.11228534
29.5	19.83982827
29.6	21.35780336
29.7	23.57992074
29.8	26.35402906
29.9	28.61751854
30	29.34915151
30.1	30.01981506
30.2	30.81241744
30.3	30.72655218
30.4	30.64729194
30.5	31.03038309
30.6	32.88061427
30.7	34.75891678
30.8	35.69187583
30.9	35.2566522
31	34.97357992
31.1	35.8652576
31.2	38.00528402
31.3	39.58058124
31.4	41.07378751
31.5	42.98216645
31.6	44.6994716
31.7	45.62417437
31.8	46.21862616
31.9	47.85336856
32	49.06721416
32.1	51.77675033
32.2	55.38309115
32.3	58.75165125
32.4	61.06836196
32.5	63.30911493
32.6	64.78533686
32.7	63.70541612
32.8	59.48877147
32.9	55.12417437
33	51.27188416
33.1	47.85336856
33.2	45.67371202
33.3	44.51783355
33.4	43.64597094
33.5	42.7014531
33.6	42.8996037
33.7	45.37831144
33.8	47.66634935
33.9	49.95438726
34	52.24242517
34.1	54.81025579
34.2	57.78611745
34.3	60.7619791
34.4	63.73784076
34.5	64.49801849
34.6	60.06652199
34.7	53.46952255
34.8	47.27873184
34.9	43.89035667
35	40.12549538
35.1	39.1347424
35.2	38.73844122
35.3	38.93659181
35.4	39.82826948
35.5	39.92734478
35.6	38.73844122
35.7	39.70937913
35.8	43.00630017
35.9	46.84737323
36	49.1711393
36.1	49.47820343
36.2	48.40488771
36.3	46.4663144
36.4	48.05151915
36.5	51.44838649
36.6	52.89382431
36.7	54.39233818
36.8	54.60766182
36.9	51.41215324
37	48.21664465
37.1	45.1943763
37.2	42.29949047
37.3	39.40460464
37.4	36.55878468
37.5	34.94527269
37.6	34.77542933
37.7	33.73063528
37.8	32.60320343
37.9	30.99570674
38	29.22251286
38.1	27.24570674
38.2	23.4676354
38.3	19.34610304
38.4	16.14927345
38.5	13.67239102
38.6	12.78071334
38.7	13.27608983
38.8	13.91017173
38.9	14.09646195
39	14.26558868
39.1	14.65125495
39.2	15.35270806
39.3	15.55482166
39.4	15.55482166
39.5	16.69969177
39.6	18.90797006
39.7	20.5680317
39.8	22.10246037
39.9	23.38357151
40	22.42704455
40.1	21.16248349
40.2	18.90781279
40.3	16.6531421
40.4	15.33685601
40.5	14.69616909
40.6	14.89526326
40.7	15.39630119
40.8	15.47225892
40.9	14.76221929
41	15.30713342
41.1	16.34742404
41.2	16.34742404
41.3	14.5006605
41.4	12.78071334
41.5	12.18626156
41.6	12.76089828
41.7	13.92998679
41.8	14.64085205
41.9	14.89696169
42	14.2668428
42.1	13.09775429
42.2	12.38441215
42.3	12.45801095
42.4	12.65267757
42.5	12.29295803
42.6	12.01358747
42.7	12.18626156
42.8	12.04507926
42.9	12.1664465
43	12.29524439
43.1	11.94451783
43.2	11.70277411
43.3	11.54689564
43.4	11.39365918
43.5	11.70460388
43.6	12.37008909
43.7	13.03557431
43.8	13.70105952
43.9	14.36654473
44	15.03202994
44.1	15.75297226
44.2	15.64398943
44.3	15.65389696
44.4	16.74372523
44.5	17.7344782
44.6	17.14002642
44.7	15.80250991
44.8	15.46813078
44.9	15.44872528
45	15.81694214
45.1	16.18515899
45.2	16.54557464
45.3	16.14927345
45.4	15.49537649
45.5	14.73890745
45.6	13.96961691
45.7	13.57331572
45.8	13.47243905
45.9	13.6850006
46	13.77146631
46.1	13.33553501
46.2	12.38441215
46.3	12.18626156
46.4	12.68956407
46.5	13.54689564
46.6	14.40422721
46.7	14.76221929
46.8	14.21235139
46.9	13.61298716
47	13.77146631
47.1	13.33553501
47.2	13.01849406
47.3	12.87978864
47.4	13.27608983
47.5	13.25957728
47.6	13.06142668
47.7	13.15866725
47.8	13.46690151
47.9	13.77513577
48	14.08337003
48.1	14.3659181
48.2	15.15852048
48.3	16.45888375
48.4	16.94187583
48.5	17.14002642
48.6	16.83729635
48.7	16.11074417
48.8	15.38419199
48.9	14.86129458
49	14.89431968
49.1	15.21136063
49.2	15.55482166
49.3	15.35667107
49.4	14.56406869
49.5	14.3659181
49.6	14.58058124
49.7	14.76221929
49.8	13.31324306
49.9	12.97886394
50	14.53012734
50.1	15.25099075
50.2	14.99150783
50.3	14.92073976
50.4	15.21301189
50.5	15
50.6	14.2985469
50.7	14.1677675
50.8	14.81946279
50.9	15.77126308
51	15.95112285
51.1	16.13098262
51.2	15.97424042
51.3	15.13021325
51.4	13.57331572
51.5	13.62993018
51.6	13.84412153
51.7	13.55746367
51.8	13.44055482
51.9	13.37516513
52	13.02840159
52.1	12.44385733
52.2	11.85931308
52.3	11.39365918
52.4	11.59180978
52.5	13.17701453
52.6	14.81373844
52.7	16.07001321
52.8	16.51585205
52.9	16.88639366
53	16.04533471
53.1	14.96036988
53.2	14.96036988
53.3	15.60435931
53.4	16.14927345
53.5	16.05019815
53.6	15.95112285
53.7	15.95112285
53.8	16.75610964
53.9	16.64464993
54	16.5150353
54.1	17.14002642
54.2	16.92536328
54.3	16.14927345
54.4	16.68824306
54.5	18.09114927
54.6	19.49405548
54.7	20.89696169
54.8	21.89564069
54.9	21.4676354
55	19.81505945
55.1	18.78315212
55.2	18.06371304
55.3	17.79788639
55.4	17.91479524
55.5	18.42800528
55.6	18.38044914
55.7	18.48745046
55.8	19.71598415
55.9	20.11228534
56	19.71598415
56.1	20.1321004
56.2	21.3011889
56.3	20.80581242
56.4	19.61690885
56.5	18.72523118
56.6	19.36371642
56.7	20.50858653
56.8	20.58124174
56.9	20.66050198
57	20.29938921
57.1	19.32175422
57.2	18.72523118
57.3	18.72523118
57.4	19.10171731
57.5	20.05824427
57.6	20.848399
57.7	21.28829643
57.8	21.72819386
57.9	22.16809128
58	22.60798871
58.1	23.08454425
58.2	23.00071131
58.3	22.90925719
58.4	22.39101717
58.5	21.79656539
58.6	22.68824306
58.7	21.77454866
58.8	19.91413474
58.9	18.92338177
59	19.45178336
59.1	20.24438573
59.2	21.03698811
59.3	21.89564069
59.4	21.29623514
59.5	20.64233818
59.6	19.98844122
59.7	19.81505945
59.8	19.78670373
59.9	19.4808693
60	19.17503488
60.1	18.86920045
60.2	18.56336602
60.3	18.59147952
60.4	18.66454756
60.5	18.62615588
60.6	18.04161162
60.7	17.9326288
60.8	18.58309673
60.9	19.57149389
61	20.55989104
61.1	21.37549538
61.2	21.69749009
61.3	21.37054161
61.4	20.90488771
61.5	19.51783355
61.6	17.33817701
61.7	15.95112285
61.8	15.95112285
61.9	16.8180317
62	17.9326288
62.1	17.66842801
62.2	16.61162483
62.3	16.14927345
62.4	16.59511229
62.5	17.6651255
62.6	18.54994411
62.7	19.3730312
62.8	19.6003963
62.9	19.05548217
63	18.32892999
63.1	18.72523118
63.2	18.13077939
63.3	18.34214003
63.4	19.38132981
63.5	20.90488771
63.6	24.27344782
63.7	26.14398943
63.8	26.38375165
63.9	24.94715984
64	22.39101717
64.1	20.54821664
64.2	19.35138705
64.3	18.92338177
64.4	18.92338177
64.5	18.13077939
64.6	17.7344782
64.7	17.7344782
64.8	17.7344782
64.9	18.02648961
65	18.33414448
65.1	18.64179935
65.2	18.38441215
65.3	16.61162483
65.4	15.55482166
65.5	15.55482166
65.6	16.74372523
65.7	19.18593131
65.8	21.13870542
65.9	21.31704095
66	21.10303831
66.1	21.69749009
66.2	21.20211361
66.3	20.11228534
66.4	19.20259397
66.5	18.66218326
66.6	18.52708058
66.7	18.98943197
66.8	19.89762219
66.9	20.75385903
67	21.5140129
67.1	22.06857211
67.2	21.96229134
67.3	22.15719947
67.4	23.10435931
67.5	25.12266465
67.6	26.47688243
67.7	26.93659181
67.8	27.36900044
67.9	28.40819022
68	29.03199455
68.1	29.37096313
68.2	29.70993171
68.3	30.04890029
68.4	30.41611625
68.5	32.34808454
68.6	35.32034346
68.7	38.24306473
68.8	40.12549538
68.9	42.10700132
69	45.45989603
69.1	48.94319683
69.2	50.42932629
69.3	48.84978298
69.4	47.25891678
69.5	42.8996037
69.6	42.50330251
69.7	42.50330251
69.8	41.46301189
69.9	38.93659181
70	37.84676354
70.1	36.95508587
70.2	32.95376486
70.3	28.82298547
70.4	24.75396301
70.5	21.10303831
70.6	18.85402906
70.7	18.13077939
70.8	18.13077939
70.9	18.13077939
71	18.93004229
71.1	20.01321004
71.2	21.44980185
71.3	23.62238158
71.4	26.33987545
71.5	28.83091149
71.6	29.23822105
71.7	28.23645971
71.8	28.13738441
71.9	30.01981506
72	31.83129904
72.1	33.26948481
72.2	33.91772032
72.3	33.665786
72.4	31.13228911
72.5	29.62351387
72.6	28.6327609
72.7	27.85336856
72.8	27
72.9	26.02509908
73	25.85865258
73.1	25.99735799
73.2	26.58190225
73.3	26.24174373
73.4	25.20255394
73.5	24.73579921
73.6	25.59709379
73.7	28.00748569
73.8	30.64875972
73.9	33.29003376
74	35.93130779
74.1	38.38969617
74.2	40.26023778
74.3	42.58256275
74.4	45.28607992
74.5	47.98959709
74.6	47.89299868
74.7	43.7205133
74.8	39.1276656
74.9	35.5680317
75	34.57727873
75.1	35.34610304
75.2	37.70805812
75.3	40.24438573
75.4	40.12549538
75.5	35.21576398
75.6	29.50022017
75.7	26.25495376
75.8	24.83322325
75.9	25.0660502
76	27.18909228
76.1	28.4346103
76.2	26.43989432
76.3	23.67899604
76.4	22.68824306
76.5	22.49009247
76.6	22.49009247
76.7	23.71598415
76.8	24.96301189
76.9	26.04689564
77	26.07496836
77.1	25.85865258
77.2	26.12885793
77.3	26.77735079
77.4	26.97049758
77.5	26.84940555
77.6	27.34478203
77.7	27.84015852
77.8	28.5336856
77.9	29.92073976
78	32.43477543
78.1	35.96433289
78.2	40.71994716
78.3	45.47556143
78.4	48.94319683
78.5	49.48811096
78.6	50.0330251
78.7	50.82562748
78.8	50.92470277
78.9	46.51429033
79	41.0300416
79.1	35.54579286
79.2	32.001321
79.3	32.1994716
79.4	38.02329771
79.5	43.49405548
79.6	47.04095112
79.7	47.60766182
79.8	46.68898807
79.9	44.7110002
80	42.73301234
80.1	41.11624835
80.2	41.21532365
80.3	44.26188904
80.4	48.4824967
80.5	52.70310436
80.6	56.57199472
80.7	60.43593131
80.8	63.70541612
80.9	66.14927345
81	66.72266415
81.1	65.87951518
81.2	65.0363662
81.3	64.19321723
81.4	63.23480845
81.5	61.12945839
81.6	57.38441215
81.7	54.41035187
81.8	52.2847364
81.9	50.62747688
82	50.82562748
82.1	53.42360194
82.2	56.57199472
82.3	57.62219287
82.4	58.50396301
82.5	60.13870542
82.6	61.07001321
82.7	60.29439517
82.8	58.10766182
82.9	55.97754293
83	56.22173897
83.1	56.80780944
83.2	57.39387992
83.3	57.35468956
83.4	57.21268164
83.5	57.34258036
83.6	56.09926401
83.7	54.39233818
83.8	54.45772787
83.9	56.67899604
84	58.51728735
84.1	59.83473013
84.2	61.12945839
84.3	60.98332232
84.4	59.90488771
84.5	59.67163616
84.6	59.02906209
84.7	56.77014531
84.8	56.39365918
84.9	56.52135623
85	55.16143116
85.1	53.4015852
85.2	53.6988111
85.3	54.19418758
85.4	52.41083223
85.5	50.0330251
85.6	48.39828269
85.7	48.05151915
85.8	50.42932629
85.9	50.82562748
86	51.07003622
86.1	51.65661722
86.2	52.01453104
86.3	52.01453104
86.4	52.30326477
86.5	53.20343461
86.6	54.01585205
86.7	54.64536124
86.8	55.06321948
86.9	54.8275371
87	53.4015852
87.1	53.20343461
87.2	54.47159841
87.3	55.86997547
87.4	56.57199472
87.5	55.38309115
87.6	52.54953765
87.7	48.92338177
87.8	46.2681638
87.9	44.9969028
88	44.1381329
88.1	43.49405548
88.2	43.69220608
88.3	45.39299868
88.4	48.26067812
88.5	52.41083223
88.6	54.49141347
88.7	54.59048877
88.8	52.14332893
88.9	50.33025099
89	49.14134742
89.1	48.07628798
89.2	48.05151915
89.3	48.44782034
89.4	46.40439234
89.5	44.17519815
89.6	42.20607662
89.7	43.21664465
89.8	43.96466314
89.9	44.28665786
90	45.07926024
90.1	48.86573796
90.2	53.96721508
90.3	58.73579921
90.4	61.80812417
90.5	62.58256275
90.6	59.57847964
90.7	55.43352948
90.8	52.61145971
90.9	50.42932629
91	49.8348745
91.1	50.667107
91.2	51.03616248
91.3	50.62747688
91.4	51.87582563
91.5	53.4015852
91.6	53.6988111
91.7	53.84742404
91.8	54.78863937
91.9	54.23134082
92	52.8266694
92.1	49.47049758
92.2	44.55416116
92.3	39.63782475
92.4	34.53269485
92.5	32.89299868
92.6	32.99207398
92.7	34.37912814
92.8	36.834214
92.9	39.10171731
93	40.75957728
93.1	41.67899604
93.2	42.998679
93.3	45.19634923
93.4	49.62771706
93.5	54.78863937
93.6	54.59048877
93.7	49.90918098
93.8	45.27741083
93.9	41.26486129
94	39.37402384
94.1	37.8665786
94.2	37.37912814
94.3	37.15323646
94.4	35.94451783
94.5	34.77542933
94.6	33.92998679
94.7	34.77542933
94.8	38.27289636
94.9	41.917107
95	45.56131764
95.1	49.43857332
95.2	53.20343461
95.3	56.17569353
95.4	56.37384412
95.5	55.77939234
95.6	55.05614267
95.7	53.4015852
95.8	54.29722589
95.9	57.19815059
96	58.55350066
96.1	58.94980185
96.2	59.85799207
96.3	60.53500661
96.4	57.69154557
96.5	54.36403095
96.6	52.52689187
96.7	50.62747688
96.8	50.07926024
96.9	49.82355161
97	48.94812945
97.1	48.13573316
97.2	47.85336856
97.3	45.80746367
97.4	43.69220608
97.5	43.09775429
97.6	45.14803015
97.7	47.37897273
97.8	49.6099153
97.9	51.58627008
98	52.96327974
98.1	54.47159841
98.2	56.37384412
98.3	58.2452664
98.4	59.94055482
98.5	60.7331572
98.6	60.23778071
98.7	60.6340819
98.8	60.7331572
98.9	60.7331572
99	56.76704112
99.1	51.05285395
99.2	45.33866679
99.3	41.19550859
99.4	37.58586526
99.5	35.36988111
99.6	34.77542933
99.7	34.95376486
99.8	35.8234258
99.9	36.73712021
100	36.55878468
100.1	35.14971378
100.2	34.57727873
100.3	35.17173052
100.4	34.57727873
100.5	33.98282695
100.6	33.98282695
100.7	33.98282695
100.8	34.6405431
100.9	35.46618677
101	36.36063408
101.1	36.73216645
101.2	36.36063408
101.3	35.96433289
101.4	34.73579921
101.5	34.18097754
101.6	35.7661823
101.7	36.92677864
101.8	38.28552557
101.9	39.53104359
102	41.11125296
102.1	41.42536328
102.2	40.95277411
102.3	41.50688809
102.4	42.17493867
102.5	42.10700132
102.6	41.63887054
102.7	41.29458388
102.8	39.68708719
102.9	39.1347424
103	40.12549538
103.1	41.20871863
103.2	41.5984148
103.3	42.05746367
103.4	42.78814399
103.5	42.7014531
103.6	41.05680317
103.7	39.16827558
103.8	37.60898283
103.9	37.0343461
104	36.37714663
104.1	35.36988111
104.2	35.7661823
104.3	37.41235647
104.4	39.6606036
104.5	41.90885073
104.6	45.61096433
104.7	49.31307794
104.8	53.20343461
104.9	55.4189015
105	56.9682959
105.1	59.84147952
105.2	59.69578056
105.3	59.27616753
105.4	58.85655451
105.5	58.25627477
105.6	55.71747028
105.7	49.43857332
105.8	47.95244386
105.9	46.86261559
106	44.50130712
106.1	42.42404227
106.2	41.98528024
106.3	41.71070013
106.4	40.12549538
106.5	40.40856765
106.6	41.24363087
106.7	42.10700132
106.8	43.91413474
106.9	45.47556143
107	45.07926024
107.1	44.88110964
107.2	45.82782915
107.3	46.90224571
107.4	47.27873184
107.5	48.84412153
107.6	51.18229855
107.7	53.24306473
107.8	54.72919419
107.9	55.97754293
108	56.17569353
108.1	54.59048877
108.2	51.51915456
108.3	50.23117569
108.4	49.8348745
108.5	49.55887903
108.6	49.30411398
108.7	47.48408791
108.8	42.83655578
108.9	39.72919419
109	39.53104359
109.1	40.52179657
109.2	41.02267723
109.3	41.48502862
109.4	41.90885073
109.5	43.19682959
109.6	45.54491413
109.7	48.05151915
109.8	50.28071334
109.9	52.21268164
110	52.27282853
110.1	50.62747688
110.2	46.73556609
110.3	43.09076074
110.4	39.90752972
110.5	39.2338177
110.6	39.70937913
110.7	39.53104359
110.8	38.93659181
110.9	40.52179657
111	40.81776834
111.1	39.332893
111.2	38.54029062
111.3	38.24306473
111.4	37.74768824
111.5	38.14398943
111.6	39.92734478
111.7	40.52179657
111.8	39.1347424
111.9	38.77146631
112	37.6321004
112.1	36.11294584
112.2	35.96433289
112.3	36.75693527
112.4	37.90080461
112.5	39.30587246
112.6	40.9614432
112.7	42.96771797
112.8	44.97399273
112.9	46.07001321
113	46.07001321
113.1	46.38705416
113.2	48.5667107
113.3	50.90488771
113.4	52.51486129
113.5	52.80713342
113.6	50.88507266
113.7	47.25891678
113.8	44.34114927
113.9	41.11624835
114	40.32364597
114.1	41.68428005
114.2	43.04680128
114.3	43.71485186
114.4	44.38290243
114.5	46.99471598
114.6	49.95640687
114.7	52.60898283
114.8	53.49669749
114.9	53.29590489
115	50.97424042
115.1	48.24966975
115.2	45.91941876
115.3	44.88110964
115.4	45.44980185
115.5	46.2681638
115.6	46.14266843
115.7	44.1677675
115.8	42.1664465
115.9	42.21268164
116	42.95554816
116.1	44.73438105
116.2	45.30217966
116.3	41.77014531
116.4	39.37535384
116.5	37.74768824
116.6	37.37615588
116.7	39.19779032
116.8	41.6836796
116.9	45.35494802
117	49.42134283
117.1	53.48773764
117.2	56.88903567
117.3	57.95904888
117.4	56.01151161
117.5	53.00528402
117.6	50.82562748
117.7	49.96367239
117.8	48.05151915
117.9	42.22184329
118	35.5680317
118.1	34.77542933
118.2	35.95017928
118.3	37.81845631
118.4	39.53104359
118.5	38.04491413
118.6	38.24306473
118.7	41.28467635
118.8	44.12778302
118.9	45.87009078
119	47.61239854
119.1	49.85316533
119.2	52.82085154
119.3	55.36327609
119.4	56.24009247
119.5	55.87846764
119.6	55.29392338
119.7	54.07529723
119.8	52.76029783
119.9	51.91005164
120	50.13869304
120.1	46.86261559
120.2	44.27427345
120.3	41.99966975
120.4	40.1172391
120.5	38.93659181
120.6	38.73844122
120.7	39.03566711
120.8	40.22457067
120.9	40.52179657
121	41.03723632
121.1	42.30639294
121.2	43.50198151
121.3	44.41545575
121.4	45.27741083
121.5	47.45706737
121.6	51.54887715
121.7	54.39233818
121.8	54.19418758
121.9	55.50646793
122	58.15346078
122.1	60.95607662
122.2	62.71466314
122.3	62.21928666
122.4	62.12021136
122.5	61.03038309
122.6	60.13870542
122.7	61.32760898
122.8	61.62483487
122.9	59.35098359
123	56.98154313
123.1	55.77939234
123.2	56.17569353
123.3	54.98678996
123.4	53.48877147
123.5	49.73579921
123.6	45.64398943
123.7	43.06532965
123.8	40.71994716
123.9	40.12549538
124	41.568494
124.1	43.34732689
124.2	44.48480845
124.3	44.48480845
124.4	43.89035667
124.5	44.40554822
124.6	45.67371202
124.7	46.94187583
124.8	49.37665125
124.9	53.23233157
125	58.53285997
125.1	63.83338838
125.2	69.13391678
125.3	74.10832232
125.4	78.36856011
125.5	78.5667107
125.6	73.37668936
125.7	66.15181384
125.8	59.78203435
125.9	56.77014531
126	55.38309115
126.1	53.73596433
126.2	51.32100396
126.3	50.62747688
126.4	50.62747688
126.5	50.0330251
126.6	48.05151915
126.7	44.37334875
126.8	40.36079921
126.9	37.05416116
127	36.36063408
127.1	37.25231176
127.2	39.45178336
127.3	42.43013921
127.4	45.66761508
127.5	48.64597094
127.6	49.89299868
127.7	51.14002642
127.8	51.60237781
127.9	48.80449141
128	44.51783355
128.1	40.52179657
128.2	38.67899604
128.3	38.50726552
128.4	39.9669749
128.5	43.12710994
128.6	47.89006311
128.7	52.65301629
128.8	57.41596947
128.9	62.17892265
129	65.71664465
129.1	68.65918098
129.2	70.64068692
129.3	68.39167768
129.4	65.68692206
129.5	63.40819022
129.6	60.53500661
129.7	60.53500661
129.8	61.99636724
129.9	62.41347424
130	62.31836196
130.1	63.40819022
130.2	63.90356671
130.3	62.35138705
130.4	60.7331572
130.5	59.84147952
130.6	58.55350066
130.7	56.82959049
130.8	55.11889036
130.9	53.26948481
131	50.84227879
131.1	48.64597094
131.2	48.24966975
131.3	48.64597094
131.4	49.85468956
131.5	50.0330251
131.6	48.86393659
131.7	47.65521797
131.8	47.06076618
131.9	46.4663144
132	45.60766182
132.1	44.88110964
132.2	44.37252312
132.3	45.31704095
132.4	46.48612946
132.5	47.47508106
132.6	47.58136183
132.7	47.53632761
132.8	46.2681638
132.9	46.66446499
133	49.16216156
133.1	51.61822985
133.2	52.41083223
133.3	55.01981506
133.4	59.11492734
133.5	63.21003963
133.6	67.83609389
133.7	74.05497409
133.8	79.95376486
133.9	80.15191546
134	75.04714837
134.1	69.45356735
134.2	64.46688054
134.3	61.72391017
134.4	58.5006605
134.5	55.38309115
134.6	52.21268164
134.7	51.81638045
134.8	52.41083223
134.9	52.21268164
135	52.90620872
135.1	53.99603699
135.2	54.19418758
135.3	53.5997358
135.4	51.61822985
135.5	50.33025099
135.6	49.06869221
135.7	47.85336856
135.8	48.72027741
135.9	49.56312512
136	50.23117569
136.1	51.61030383
136.2	54.02642008
136.3	56.44253633
136.4	57.30184941
136.5	57.95904888
136.6	58.25231176
136.7	57.95904888
136.8	59.18361955
136.9	61.23593259
137	63.40569474
137.1	65.57545688
137.2	66.87582563
137.3	66.08322325
137.4	66.39460276
137.5	66.09423162
137.6	65.09247028
137.7	62.53774297
137.8	57.86705039
137.9	52.80713342
138	51.42007926
138.1	52.11360634
138.2	51.32100396
138.3	49.8348745
138.4	50.63986129
138.5	52.41083223
138.6	53.10435931
138.7	51.42007926
138.8	49.38077939
138.9	47.55614267
139	46.86428072
139.1	46.4663144
139.2	46.2681638
139.3	47.07953834
139.4	47.94097198
139.5	48.80240562
139.6	48.52212682
139.7	45.07926024
139.8	41.7869119
139.9	39.9883142
140	38.14398943
140.1	37.94583884
140.2	39.92734478
140.3	39.332893
140.4	39.332893
140.5	40.91809775
140.6	44.6677167
140.7	48.87460624
140.8	51.61822985
140.9	51.71730515
141	51.61822985
141.1	52.382525
141.2	54.02906209
141.3	55.75957728
141.4	55.7661823
141.5	54.98678996
141.6	55.64464993
141.7	56.57992074
141.8	57.85667107
141.9	57.76770815
142	55.88619102
142.1	54.39233818
142.2	53.78264404
142.3	53.41682756
142.4	53.45112285
142.5	54.78863937
142.6	56.02000377
142.7	58.10766182
142.8	61.32760898
142.9	63.30911493
143	63.11096433
143.1	57.92179863
143.2	54.25885814
143.3	52.21268164
143.4	51.02377807
143.5	48.53927446
143.6	45.75144802
143.7	43.36195509
143.8	41.31439894
143.9	40.71994716
144	41.48185603
144.1	42.7014531
144.2	44.49031264
144.3	46.14156759
144.4	47.65521797
144.5	50.0330251
144.6	51.96499339
144.7	53.62450462
144.8	54.25080204
144.9	55.17348098
145	56.51258292
145.1	57.76089828
145.2	59.28665786
145.3	61.76354029
145.4	65.04293263
145.5	66.97490092
145.6	68.63936592
145.7	68.65918098
145.8	63.71780053
145.9	60.65389696
146	57.95376314
146.1	52.47722622
146.2	47.25891678
146.3	46.07001321
146.4	46.76354029
146.5	50.38969617
146.6	54.82826948
146.7	58.70919041
146.8	60.7331572
146.9	61.32760898
147	60.1484051
147.1	56.49273448
147.2	52.8034181
147.3	49.8076288
147.4	46.86261559
147.5	44.02753785
147.6	41.23971141
147.7	39.92734478
147.8	41.87142228
147.9	44.18361955
148	45.44253633
148.1	47.65081462
148.2	48.44782034
148.3	47.85336856
148.4	47.65521797
148.5	45
148.6	43.89035667
148.7	44.12114383
148.8	44.87761287
148.9	45.6340819
149	47.28609989
149.1	50.42932629
149.2	51.95508587
149.3	53.42635403
149.4	53.48264681
149.5	52.9422361
149.6	53.00528402
149.7	54.78863937
149.8	56.39861295
149.9	57.02774108
150	56.9682959
150.1	54.61339772
150.2	53.32628798
150.3	52.62483487
150.4	50.50462351
150.5	46.86261559
150.6	46.17651915
150.7	45.60435931
150.8	44.59874505
150.9	44.96036988
151	46.36733178
151.1	48.05151915
151.2	49.04227213
151.3	49.70277411
151.4	50.8652576
151.5	51.61822985
151.6	50.62747688
151.7	50.54364394
151.8	50.45218982
151.9	51.33626384
152	53.37880927
152.1	54.78863937
152.2	56.05680317
152.3	57.56274769
152.4	58.57331572
152.5	60.03963012
152.6	61.52575958
152.7	60.55085865
152.8	59.64729194
152.9	59.77212682
153	59.51134776
153.1	58.70211361
153.2	58.25627477
153.3	55.46235139
153.4	52.41083223
153.5	51.20541612
153.6	50.25594452
153.7	49.8348745
153.8	50.42932629
153.9	49.63672391
154	50.2261803
154.1	50.82562748
154.2	53.28117061
154.3	56.60857636
154.4	59.1677675
154.5	59.67635403
154.6	56.30779392
154.7	53.20343461
154.8	52.80713342
154.9	54.62219287
155	57.0673712
155.1	56.9682959
155.2	54.59048877
155.3	54.6994716
155.4	55.6010568
155.5	56.77014531
155.6	56.90488771
155.7	56.25825627
155.8	55.77113606
155.9	54.66941841
156	53.4015852
156.1	52.63870542
156.2	51.61822985
156.3	50.47335975
156.4	50.17173052
156.5	51.22192867
156.6	53.79788639
156.7	55.97754293
156.8	54.98678996
156.9	53.99603699
157	54.19418758
157.1	55.10568032
157.2	55.88507266
157.3	56.37384412
157.4	53.36690885
157.5	49.37252312
157.6	45.78599736
157.7	44.68295905
157.8	45.49757816
157.9	46.86261559
158	47.45706737
158.1	47.02834154
158.2	46.28437613
158.3	45.87186262
158.4	46.73579921
158.5	49.02245707
158.6	51.71136063
158.7	53.48877147
158.8	54.42404227
158.9	56.05070623
159	58.11909359
159.1	59.74240423
159.2	59.34610304
159.3	58.75165125
159.4	59.34610304
159.5	59.34610304
159.6	58.75165125
159.7	58.75165125
159.8	58.15719947
159.9	57.36459709
160	55.44002299
160.1	53.20343461
160.2	52.21268164
160.3	52.41083223
160.4	53.5997358
160.5	57.53522677
160.6	61.16798767
160.7	64.49801849
160.8	66.67767503
160.9	67.66842801
161	66.10453973
161.1	65.09247028
161.2	65.09247028
161.3	64.02245707
161.4	61.68428005
161.5	60.33685601
161.6	60.50386865
161.7	60.6708813
161.8	59.93615148
161.9	57.85777191
162	56.77014531
162.1	56.77014531
162.2	58.01651255
162.3	60.70541612
162.4	62.31836196
162.5	62.31836196
162.6	60.33685601
162.7	59.34610304
162.8	57.12071944
162.9	53.52352403
163	50.0330251
163.1	48.84412153
163.2	47.85336856
163.3	45.19154557
163.4	42.7014531
163.5	41.71070013
163.6	42.7331572
163.7	43.98018494
163.8	45.20409511
163.9	46.25627477
164	47.27542933
164.1	47.85336856
164.2	50.66427628
164.3	55.84166824
164.4	60.93130779
164.5	64.79524439
164.6	67.24240423
164.7	68.65918098
164.8	71.67107001
164.9	74.0330251
165	76.28797886
165.1	79.12719381
165.2	81.5984148
165.3	81.84808454
165.4	79.81505945
165.5	76.88243065
165.6	75.99075297
165.7	76.8512927
165.8	77.77410832
165.9	76.75165125
166	75.49537649
166.1	75.99075297
166.2	76.38705416
166.3	73.57331572
166.4	70.45574637
166.5	68.26287979
166.6	68.06472919
166.7	66.28929987
166.8	62.6651255
166.9	57.79392338
167	54.19418758
167.1	53.45112285
167.2	52.21268164
167.3	50.97424042
167.4	50.1321004
167.5	49.63672391
167.6	51.61822985
167.7	53.79788639
167.8	55.22457067
167.9	56.37384412
168	58.59688827
168.1	61.02202734
168.2	63.04161162
168.3	62.09643329
168.4	61.32760898
168.5	62.78071334
168.6	64.0507643
168.7	63.70541612
168.8	63.98778071
168.9	64.10171731
169	63.30911493
169.1	60.7331572
169.2	59.74240423
169.3	58.9002642
169.4	57.95904888
169.5	58.0864314
169.6	57.76089828
169.7	56.9682959
169.8	55.58124174
169.9	54.98678996
170	55.12922811
170.1	55.77939234
170.2	59.21235139
170.3	62.31836196
170.4	63.04271246
170.5	62.91281374
170.6	64.20299428
170.7	66.08322325
170.8	67.36459709
170.9	68.26287979
171	68.26287979
171.1	66.77675033
171.2	62.43159087
171.3	60.01981506
171.4	58.27608983
171.5	56.61702894
171.6	55.21196109
171.7	54.19418758
171.8	53.99603699
171.9	54.91248349
172	53.72167463
172.1	51.89259222
172.2	50.62747688
172.3	51.12285337
172.4	52.31175694
172.5	53.37456467
172.6	54.34730395
172.7	56.37384412
172.8	57.9873561
172.9	58.81903017
173	59.27422362
173.1	60.17833554
173.2	60.97754293
173.3	59.9009247
173.4	58.29307416
173.5	55.66050198
173.6	51.80250991
173.7	49.8348745
173.8	50.10237781
173.9	50.68692206
174	51.59605416
174.1	53.20343461
174.2	53.79788639
174.3	53.48650689
174.4	52.54293263
174.5	52.33506877
174.6	52.54487528
174.7	52.75468179
174.8	52.21268164
174.9	50.72655218
175	49.93519342
175.1	49.70039741
175.2	49.7655218
175.3	52.41083223
175.4	54.39233818
175.5	54.22249481
175.6	54.50792602
175.7	54.61426684
175.8	51.834214
175.9	47.97622193
176	44.02924922
176.1	41.11624835
176.2	39.92734478
176.3	41.29153541
176.4	43.57788843
176.5	45.67371202
176.6	47.39101717
176.7	49.2785286
176.8	51.38197338
176.9	53.18692206
177	54.11909894
177.1	54.19418758
177.2	54.6846103
177.3	56.10003603
177.4	57.56274769
177.5	55.58124174
177.6	54.39233818
177.7	54.88488394
177.8	53.60634082
177.9	51.22192867
178	50.95470024
178.1	51.42007926
178.2	49.43857332
178.3	49.68075738
178.4	50.82562748
178.5	50.66350426
178.6	50.01501141
178.7	49.38903567
178.8	50.05779392
178.9	52.14173441
179	54.42494524
179.1	56.49273448
179.2	57.64993395
179.3	59.06243482
179.4	60.5391782
179.5	62.01592157
179.6	62.71466314
179.7	62.12021136
179.8	62.30703906
179.9	63.50726552
180	62.97378315
180.1	62.0744843
180.2	60.61426684
180.3	58.27608983
180.4	56.37384412
180.5	55.66616343
180.6	56.09313078
180.7	57.73041358
180.8	60.87795956
180.9	63.94319683
181	66.07414035
181.1	67.47027741
181.2	69.7985469
181.3	72.77080581
181.4	74.40554822
181.5	75.24218406
181.6	76.38705416
181.7	76.38705416
181.8	75.6086054
181.9	75.29722589
182	76.78335535
182.1	77.17965654
182.2	73.75165125
182.3	68.85733157
182.4	66.85601057
182.5	66.16248349
182.6	65.11889036
182.7	63.56010568
182.8	61.92206077
182.9	62.63540291
183	64.59698983
183.1	66.43549097
183.2	67.8665786
183.3	69.80931595
183.4	71.92866579
183.5	74.04801562
183.6	75.99075297
183.7	76.2769705
183.8	77.84346103
183.9	80.54821664
184	82.87511174
184.1	83.52047556
184.2	80.63738441
184.3	78.36856011
184.4	78.17040951
184.5	78.5006605
184.6	78.17040951
184.7	76.66446499
184.8	74.60369881
184.9	74.80184941
185	76.35874693
185.1	76.98150594
185.2	74.33124174
185.3	70.44253633
185.4	68.9682959
185.5	68.23645971
185.6	66.98943197
185.7	65.74240423
185.8	62.69484808
185.9	60.13870542
186	59.44517834
186.1	59.82166446
186.2	60.45904888
186.3	60.26420079
186.4	60.4507926
186.5	62.001321
186.6	66.20211361
186.7	69.25363276
186.8	69.84808454
186.9	72.32496697
187	74.19501321
187.1	74.60369881
187.2	75.85204756
187.3	78.68560106
187.4	81.74321715
187.5	82.33157199
187.6	78.5336856
187.7	76.58520476
187.8	78.97999623
187.9	80.74636724
188	77.85610167
188.1	73.98601558
188.2	71.63143989
188.3	72.02774108
188.4	71.82959049
188.5	68.93163804
188.6	66.25660502
188.7	63.33388375
188.8	61.72391017
188.9	62.3678996
189	64.58470938
189.1	67.41813252
189.2	71.17256483
189.3	74.92699715
189.4	78.36856011
189.5	80.35006605
189.6	79.95376486
189.7	80.18794284
189.8	80.22268353
189.9	79.75561427
190	79.62681638
190.1	79.68130779
190.2	81.09313078
190.3	82.87648613
190.4	84.51122853
190.5	84.11492734
190.6	83.9517445
190.7	84.51122853
190.8	85.07071257
190.9	85.30383091
191	84.81330427
191.1	82.68824306
191.2	79.18097754
191.3	76.38705416
191.4	76.58520476
191.5	79.61150474
191.6	82.33157199
191.7	81.12681638
191.8	79.72787318
191.9	79.75561427
192	80.87846764
192.1	82.33157199
192.2	81.67767503
192.3	81.77675033
192.4	82.94583884
192.5	84.11492734
192.6	84.53104359
192.7	82.0711455
192.8	79.55746367
192.9	78.96301189
193	77.64126621
193.1	76.22339356
193.2	75.02476882
193.3	75.13622853
193.4	75.59445178
193.5	75.12738253
193.6	73.81109643
193.7	69.04557464
193.8	65.78599736
193.9	65.20805812
194	64.20342959
194.1	62.06973193
194.2	61.62087186
194.3	63.99363516
194.4	67.18205836
194.5	69.64993395
194.6	71.40356671
194.7	72.62219287
194.8	69.13113967
194.9	65.68692206
195	64.89431968
195.1	64.89431968
195.2	65.44914135
195.3	65.4332893
195.4	65.87091904
195.5	66.47952444
195.6	65.88507266
195.7	66.68956407
195.8	67.20475561
195.9	66.97093791
196	66.73712021
196.1	66.84412153
196.2	67.8665786
196.3	66.54293263
196.4	63.73712021
196.5	63.30911493
196.6	65.68692206
196.7	66.83619551
196.8	68.06472919
196.9	68.54029062
197	69.82908609
197.1	71.23513871
197.2	69.84808454
197.3	69.25363276
197.4	70.5168428
197.5	71.78005284
197.6	71.03698811
197.7	71.334214
197.8	73.41479524
197.9	74.00924703
198	75.19815059
198.1	75.0990753
198.2	72.81043593
198.3	69.84808454
198.4	68.75825627
198.5	68.01519155
198.6	68.46103038
198.7	71.50534406
198.8	74.10832232
198.9	75.39630119
199	77.17965654
199.1	77.17965654
199.2	77.44517834
199.3	78.98282695
199.4	78.91743725
199.5	78.5667107
199.6	78.68163804
199.7	79.14134742
199.8	80.09247028
199.9	81.26155878
200	81.93527081
200.1	78.5667107
200.2	75.60969414
200.3	72.3173458
200.4	69.17932629
200.5	67.27212682
200.6	67.27212682
200.7	68.18857332
200.8	70.26915456
200.9	72.55914495
201	75.4773628
201.1	77.47688243
201.2	77.77410832
201.3	78.07133421
201.4	79.26023778
201.5	80.35006605
201.6	82.12103699
201.7	82.86410172
201.8	83.61955086
201.9	84.51122853
202	82.83777183
202.1	80.35006605
202.2	77.92866579
202.3	73.85072655
202.4	72.02774108
202.5	73.72102798
202.6	78.71622433
202.7	81.53896962
202.8	80.56142668
202.9	79.55746367
203	80.58690877
203.1	83.07727482
203.2	84.46876769
203.3	84.31307794
203.4	85.10568032
203.5	86.88903567
203.6	89.2668428
203.7	91.64464993
203.8	93.62615588
203.9	93.82430647
204	92.43725231
204.1	93.4676354
204.2	95.21136063
204.3	96.28929987
204.4	97.16809775
204.5	99.74405548
204.6	101.4332893
204.7	100.71994716
204.8	100.89828269
204.9	102.17305152
205	103.7318362
205.1	105.29062087
205.2	106.50594452
205.3	105.02521917
205.4	100.66770746
205.5	97.65521797
205.6	97.45046235
205.7	96.68824306
205.8	95.59709379
205.9	94.58718626
206	94.41875826
206.1	94.88110964
206.2	95.11228534
206.3	91.64464993
206.4	87.01287979
206.5	82.15819022
206.6	76.98150594
206.7	75.99075297
206.8	78.07133421
206.9	80.25099075
207	80.15191546
207.1	80.96653457
207.2	83.56450903
207.3	85.28401585
207.4	85.58407247
207.5	85.92658992
207.6	86.49273448
207.7	87.56935271
207.8	89.42040951
207.9	90.20067766
208	87.48348745
208.1	86.07992074
208.2	86.09643329
208.3	88.87054161
208.4	90.25759577
208.5	90.85204756
208.6	90.15852048
208.7	89.46499339
208.8	89.96036988
208.9	92.43725231
209	97.28093351
209.1	100.85865258
209.2	100.36327609
209.3	96.69749009
209.4	95.21136063
209.5	95.21136063
209.6	94.6334214
209.7	94.41875826
209.8	96.48943197
209.9	98.3322325
210	98.92668428
210.1	99.59544254
210.2	100.48712021
210.3	101.75033025
210.4	104.12813738
210.5	103.33553501
210.6	99.57067371
210.7	97.99647732
210.8	96.00396301
210.9	95.98392019
211	97.48895367
211.1	97.90620872
211.2	97.30515192
211.3	98.31043593
211.4	100.4663144
211.5	100.85865258
211.6	99.61030383
211.7	97.27212682
211.8	96.00396301
211.9	95.80581242
212	97.56126931
212.1	100.43404416
212.2	102.14663144
212.3	99.9669749
212.4	99.17437252
212.5	98.77807133
212.6	97.98546896
212.7	98.57992074
212.8	98.11156479
212.9	97.46307193
213	96.61492734
213.1	96.20211361
213.2	97.29194188
213.3	98.28269485
213.4	98.67899604
213.5	99.07529723
213.6	99.47159841
213.7	97.98546896
213.8	94.65653897
213.9	93.42800528
214	94.65355739
214.1	94.80015156
214.2	96.42338177
214.3	99.61030383
214.4	99.90186828
214.5	99.8678996
214.6	100.75957728
214.7	99.93866767
214.8	100.79260238
214.9	102.62219287
215	102.93923382
215.1	102.70569919
215.2	101.77156067
215.3	100.75957728
215.4	100.1651255
215.5	100.9860351
215.6	101.8989432
215.7	101.75033025
215.8	103.10907718
215.9	106.01056803
216	106.30779392
216.1	103.80449141
216.2	100.97919419
216.3	99.76882431
216.4	99.57067371
216.5	99.76882431
216.6	99.45178336
216.7	96.07441656
216.8	93.22985469
216.9	89.86129458
217	89.2668428
217.1	91.98433667
217.2	92.8335535
217.3	91.60501982
217.4	90.10303831
217.5	87.56274769
217.6	84.6010568
217.7	81.53896962
217.8	78.76486129
217.9	78.96301189
218	79.62185014
218.1	80.70064018
218.2	82.89553907
218.3	84.90752972
218.4	85.30383091
218.5	84.52538215
218.6	84.11492734
218.7	85.10568032
218.8	85.04788639
218.9	84.9488111
219	85.25429326
219.1	85.7001321
219.2	85.7001321
219.3	84.0653897
219.4	83.02509908
219.5	83.53148393
219.6	83.91677675
219.7	82.54496494
219.8	80.71588253
219.9	79.16116248
220	78.76486129
220.1	81.34962572
220.2	84.72699251
220.3	86.1994716
220.4	86.46301189
220.5	86.06812606
220.6	85.4346103
220.7	83.87714663
220.8	82.1334214
220.9	80.94451783
221	80.94451783
221.1	80.64729194
221.2	78.01188904
221.3	75.99075297
221.4	75.29722589
221.5	75.39630119
221.6	76.68428005
221.7	78.74009247
221.8	81.34081902
221.9	81.93527081
222	80.64729194
222.1	79.45838838
222.2	76.98150594
222.3	76.58520476
222.4	75.74306473
222.5	74.60369881
222.6	74.62846764
222.7	74.9009247
222.8	73.31571995
222.9	72.62219287
223	70.16112918
223.1	67.66842801
223.2	66.28137384
223.3	67.47027741
223.4	70.9237592
223.5	75.70114826
223.6	80.73722183
223.7	85.10568032
223.8	86.87045905
223.9	88.69715984
224	90.75880022
224.1	92.04095112
224.2	88.50726552
224.3	84.51122853
224.4	82.1334214
224.5	77.18673335
224.6	72.17635403
224.7	68.65918098
224.8	67.8665786
224.9	69.98202431
225	74.48079528
225.1	76.98150594
225.2	75.92883091
225.3	73.81109643
225.4	72.62219287
225.5	71.23513871
225.6	68.89696169
225.7	65.68082512
225.8	62.26348948
225.9	60.33685601
226	61.81060106
226.1	63.89035667
226.2	63.50726552
226.3	61.28797886
226.4	60.34924042
226.5	59.84147952
226.6	61.32760898
226.7	65.54161162
226.8	69.82826948
226.9	74.02906209
227	78.12087186
227.1	79.75561427
227.2	77.19080251
227.3	74.48728534
227.4	71.82959049
227.5	71.23513871
227.6	71.63143989
227.7	73.44649934
227.8	75.39630119
227.9	75.99075297
228	75.99075297
228.1	74.50462351
228.2	73.71202114
228.3	73.0680317
228.4	72.22589168
228.5	68.16380449
228.6	64.49801849
228.7	64.10171731
228.8	66.10523998
228.9	68.60817524
229	71.82959049
229.1	73.61294584
229.2	72.26269107
229.3	71.63143989
229.4	73.14021513
229.5	76.98150594
229.6	80.82279675
229.7	84.04647532
229.8	87.28533686
229.9	87.48348745
230	85.50198151
230.1	84.61030383
230.2	83.91677675
230.3	85.64068692
230.4	87.08718626
230.5	88.37516513
230.6	87.24818362
230.7	86.09643329
230.8	87.17525319
230.9	89.46499339
231	89.86129458
231.1	89.51254954
231.2	89.06869221
231.3	89.06869221
231.4	89.86129458
231.5	90.05944518
231.6	90.68857332
231.7	91.65785997
231.8	93.6321004
231.9	96.00396301
232	96.5984148
232.1	96.5984148
232.2	98.06252752
232.3	101.35402906
232.4	101.45310436
232.5	101.05680317
232.6	100.95772787
232.7	103.28599736
232.8	106.25825627
232.9	108.90356671
233	109.87450462
233.1	108.97093791
233.2	106.7338177
233.3	102.88436135
233.4	97.58459506
233.5	93.62615588
233.6	93.06472919
233.7	92.23910172
233.8	92.8335535
233.9	91.44649934
234	91.24834875
234.1	94.07001321
234.2	95.21136063
234.3	93.25462351
234.4	91.01056803
234.5	88.93659181
234.6	87.87978864
234.7	87.87978864
234.8	88.81109643
234.9	89.1677675
235	85.97654385
235.1	83.22324967
235.2	82.92602378
235.3	84.80845443
235.4	84.11492734
235.5	85.92658992
235.6	88.84577279
235.7	88.49900925
235.8	86.49273448
235.9	87.78071334
236	89.06869221
236.1	88.7766808
236.2	87.54606132
236.3	86.31544184
236.4	85.10568032
236.5	84.73986383
236.6	84.38014429
236.7	85.25979745
236.8	87.85777191
236.9	89.46499339
237	91.24834875
237.1	93.58652576
237.2	95.667107
237.3	96.4002642
237.4	94.77542933
237.5	92.63540291
237.6	93.0317041
237.7	96.79656539
237.8	98.64266843
237.9	99.76882431
238	96.02686484
238.1	93.92338177
238.2	93.87384412
238.3	93.33793683
238.4	92.63540291
238.5	94.01254954
238.6	96.20211361
238.7	96.4002642
238.8	98.12057163
238.9	100.8226252
239	102.04755614
239.1	100.85865258
239.2	100.56142668
239.3	101.3964899
239.4	103.97952444
239.5	108.48745046
239.6	107.99207398
239.7	106.30779392
239.8	105.71334214
239.9	102.38193527
240	98.97622193
240.1	98.38177015
240.2	98.38177015
240.3	97.64578222
240.4	97.39101717
240.5	96.07601777
240.6	94.16296385
240.7	92.63540291
240.8	94.17767503
240.9	96.20211361
241	96.20211361
241.1	94.37032144
241.2	92.68163804
241.3	91.05019815
241.4	92.02509908
241.5	91.24834875
241.6	91.51585205
241.7	91.28797886
241.8	90.85204756
241.9	92.63540291
242	94.63356016
242.1	96.5984148
242.2	96.20211361
242.3	96.4002642
242.4	95.80581242
242.5	93.82430647
242.6	90.65389696
242.7	89.46499339
242.8	89.89177929
242.9	90.62341225
243	93.01678062
243.1	97.43064729
243.2	100.20871863
243.3	100.95772787
243.4	100.0511889
243.5	100.1651255
243.6	100.97754293
243.7	99.80845443
243.8	99.37252312
243.9	99.92773034
244	100.56142668
244.1	100.56142668
244.2	98.65422721
244.3	97.39101717
244.4	97.8244716
244.5	98.15885073
244.6	97.58916777
244.7	98.87714663
244.8	100.41281374
244.9	99.92451406
245	99.6565459
245.1	99.49141347
245.2	98.38177015
245.3	98.18361955
245.4	100.2344782
245.5	100.75957728
245.6	96.65785997
245.7	94.41875826
245.8	93.42800528
245.9	92.23910172
246	89.06869221
246.1	88.27608983
246.2	85.08020381
246.3	83.12417437
246.4	86.3011889
246.5	89.42536328
246.6	90.05944518
246.7	88.47424042
246.8	90.40125495
246.9	90.85204756
247	89.2668428
247.1	89.2668428
247.2	93.28929987
247.3	95.60766182
247.4	97.19286658
247.5	98.80284016
247.6	98.77807133
247.7	96.01811663
247.8	93.47046613
247.9	92.04095112
248	91.14468276
248.1	90.33685601
248.2	90.25759577
248.3	93.08718626
248.4	95.23117569
248.5	95.55104737
248.6	94.02245707
248.7	93.42800528
248.8	98.43130779
248.9	102.33817701
249	103.5336856
249.1	101.5680317
249.2	100.95772787
249.3	103.13738441
249.4	101.38233629
249.5	98.77807133
249.6	98.57992074
249.7	97.78731836
249.8	95.01321004
249.9	93.62615588
250	93.22985469
250.1	92.8335535
250.2	91.74372523
250.3	89.97523118
250.4	91.14927345
250.5	90.70343461
250.6	89.66314399
250.7	91.11212021
250.8	92.63540291
250.9	91.64464993
251	91.44649934
251.1	92.47688243
251.2	93.71532365
251.3	95.46895641
251.4	97.22258917
251.5	98.97622193
251.6	100.31571995
251.7	99.8678996
251.8	97.39762219
251.9	95.09247028
252	94.77417707
252.1	95.10832232
252.2	96.47952444
252.3	98.97622193
252.4	99.24729194
252.5	96.79656539
252.6	97.95178336
252.7	100.7318362
252.8	101.15587847
252.9	96.76225443
253	92.8335535
253.1	92.43725231
253.2	94.22060766
253.3	94.20475561
253.4	91.89233818
253.5	90.40620872
253.6	90.8322325
253.7	93.24966975
253.8	97.0492074
253.9	99.68956407
254	99.76882431
254.1	100.37459898
254.2	101.35402906
254.3	101.55217966
254.4	100.95772787
254.5	98.28269485
254.6	96.5984148
254.7	96.20211361
254.8	95.80581242
254.9	96.43989432
255	96.4993395
255.1	94.63852528
255.2	91.7689444
255.3	87.98282695
255.4	83.42338177
255.5	81.14266843
255.6	82.65108983
255.7	85.62087186
255.8	87.35667107
255.9	88.78137384
256	93.63606341
256.1	98.97622193
256.2	98.77807133
256.3	95.09247028
256.4	93.0317041
256.5	93.62615588
256.6	95.38969617
256.7	95.7001321
256.8	93.35667107
256.9	89.86129458
257	88.87054161
257.1	90.18053721
257.2	92.04095112
257.3	92.35056143
257.4	92.33817701
257.5	92.8335535
257.6	94.19088507
257.7	95.60766182
257.8	96.99471598
257.9	97.33157199
258	96.60341019
258.1	95.33025099
258.2	94.68428005
258.3	93.22985469
258.4	92.04095112
258.5	93.0317041
258.6	94.81505945
258.7	95.32584764
258.8	95.40951123
258.9	94.16116248
259	93.27939234
259.1	92.47291942
259.2	90.95310436
259.3	90.49537649
259.4	92.14398943
259.5	95.88507266
259.6	97.78731836
259.7	94.99056426
259.8	90.45574637
259.9	89.66314399
260	90.25759577
260.1	89.97127469
260.2	90.12136724
260.3	90.0990753
260.4	89.2668428
260.5	89.49801849
260.6	89.86129458
260.7	90.1832893
260.8	91.7167047
260.9	93.82430647
261	93.62615588
261.1	91.95036799
261.2	90.05944518
261.3	89.9009247
261.4	92.49174373
261.5	95.21136063
261.6	96.11294584
261.7	94.9339498
261.8	94.02245707
261.9	94.61690885
262	96.5934236
262.1	98.97622193
262.2	99.248679
262.3	97.22889396
262.4	94.41875826
262.5	93.62615588
262.6	93.41149273
262.7	93.22985469
262.8	92.04095112
262.9	92.56109643
263	92.14002642
263.1	91.44649934
263.2	90.95112285
263.3	88.96961691
263.4	84.01585205
263.5	76.98150594
263.6	76.18890357
263.7	77.17965654
263.8	78.12087186
263.9	78.76486129
264	80.3996037
264.1	81.73712021
264.2	81.73712021
264.3	82.92602378
264.4	87.87978864
264.5	93.05647292
264.6	96.89564069
264.7	97.78731836
264.8	99.37252312
264.9	99.9669749
265	102.02377807
265.1	100.73976222
265.2	98.67899604
265.3	98.38177015
265.4	100.24218406
265.5	101.55217966
265.6	101.95610202
265.7	101.49883142
265.8	100.56142668
265.9	98.38177015
266	97.28541596
266.1	96.00396301
266.2	99.12813738
266.3	100.36327609
266.4	97.58916777
266.5	96.99471598
266.6	97.28203435
266.7	97.8665786
266.8	95.9898094
266.9	94.61690885
267	96.35819018
267.1	98.38177015
267.2	99.23806379
267.3	100.1722023
267.4	98.75825627
267.5	97.49009247
267.6	96.89564069
267.7	94.71598415
267.8	95.40951123
267.9	98.57992074
268	98.38177015
268.1	97.21928666
268.2	95.74636724
268.3	95.21136063
268.4	96.81097634
268.5	98.72403026
268.6	100.63708418
268.7	102.5501381
268.8	104.93489338
268.9	106.47622193
269	104.80707413
269.1	100.05189658
269.2	94.51783355
269.3	93.08124174
269.4	92.8335535
269.5	95.47556143
269.6	98.64597094
269.7	101.81638045
269.8	104.82166446
269.9	105.31704095
270	105.76842371
270.1	106.50594452
270.2	108.40819022
270.3	109.68355951
270.4	110.18871485
270.5	110.96433289
270.6	112.32826948
270.7	113.19022457
270.8	109.87450462
270.9	108.88375165
271	109.67635403
271.1	108.68560106
271.2	105.01981506
271.3	103.92998679
271.4	102.92272127
271.5	101.65125495
271.6	100.84449896
271.7	101.15587847
271.8	100.75957728
271.9	97.79722589
272	95.80581242
272.1	97.07397622
272.2	99.57067371
272.3	99.1347424
272.4	97.14222809
272.5	91.556583
272.6	89.46499339
272.7	93.98282695
272.8	99.76882431
272.9	99.9669749
273	101.38836623
273.1	105.42038746
273.2	107.69484808
273.3	105.29722589
273.4	101.25495376
273.5	98.67899604
273.6	98.38177015
273.7	99.00452916
273.8	100.95772787
273.9	103.33553501
274	103.92998679
274.1	100.1651255
274.2	101.17173052
274.3	104.142291
274.4	106.60501982
274.5	109.28005284
274.6	107.86327609
274.7	105.37318362
274.8	103.7318362
274.9	103.29723371
275	102.97988009
275.1	102.66252648
275.2	102.34517286
275.3	102.02781925
275.4	102.17140026
275.5	103.13738441
275.6	103.13738441
275.7	104.39705605
275.8	103.92998679
275.9	102.34478203
276	103.92998679
276.1	103.5336856
276.2	103.13738441
276.3	104.98018494
276.4	106.7338177
276.5	107.2985469
276.6	106.02047556
276.7	105.35667107
276.8	105.11889036
276.9	105.51519155
277	105.01981506
277.1	101.63143989
277.2	97.19286658
277.3	96.79656539
277.4	97.33817701
277.5	97.74768824
277.6	96.99471598
277.7	97.98546896
277.8	94.64002642
277.9	92.63540291
278	92.7344782
278.1	93.70541612
278.2	95.2014531
278.3	96.10151407
278.4	96.28137384
278.5	96.5323646
278.6	98.05482166
278.7	99.57067371
278.8	99.57067371
278.9	95.32584764
279	94.22060766
279.1	99.45178336
279.2	100.95772787
279.3	100.32364597
279.4	97.07837957
279.5	93.42800528
279.6	93.91913569
279.7	95.83978109
279.8	97.7604265
279.9	98.77807133
280	99.57067371
280.1	100.36327609
280.2	101.15587847
280.3	97.98546896
280.4	100.99955967
280.5	104.32628798
280.6	103.33553501
280.7	97.07837957
280.8	93.0317041
280.9	93.42800528
281	93.62615588
281.1	91.44649934
281.2	94.62605426
281.3	97.50381059
281.4	98.97622193
281.5	97.46532365
281.6	95.34015852
281.7	94.22060766
281.8	92.66760238
281.9	91.25627477
282	89.3833275
282.1	86.09643329
282.2	85.50198151
282.3	87.96152576
282.4	89.90885073
282.5	90.76398063
282.6	91.24834875
282.7	94.82921306
282.8	98.21664465
282.9	99.51122853
283	100.90135582
283.1	102.34478203
283.2	101.81968296
283.3	101.55217966
283.4	101.27476882
283.5	98.87714663
283.6	96.20211361
283.7	95.96999434
283.8	98.77807133
283.9	101.07661823
284	101.91746758
284.1	102.34478203
284.2	101.51254954
284.3	100.95772787
284.4	101.35402906
284.5	103.10435931
284.6	105.14365918
284.7	106.90224571
284.8	106.40686922
284.9	105.71334214
285	106.49356011
285.1	107.83107662
285.2	109.28005284
285.3	108.5299113
285.4	106.50594452
285.5	105.86195509
285.6	104.59520664
285.7	102.74108322
285.8	104.52443857
285.9	104.72258917
286	104.72258917
286.1	106.29364031
286.2	109.87450462
286.3	106.40686922
286.4	101.50264201
286.5	99.31590866
286.6	96.20211361
286.7	96.99471598
286.8	102.66182299
286.9	108.68560106
287	108.88375165
287.1	108.48745046
287.2	107.48048517
287.3	106.09883511
287.4	104.26931968
287.5	102.93923382
287.6	101.59180978
287.7	100.36327609
287.8	100.56142668
287.9	98.60964333
288	96.10303831
288.1	97.1664465
288.2	97.49801849
288.3	98.60634082
288.4	98.77807133
288.5	94.11252552
288.6	91.05019815
288.7	91.2681638
288.8	92.02113606
288.9	91.84280053
289	93.08124174
289.1	94.8348745
289.2	95.80581242
289.3	96.5984148
289.4	99.92932629
289.5	103.36030383
289.6	105.84461691
289.7	106.30779392
289.8	101.55217966
289.9	100.56142668
290	101.55217966
290.1	101.15587847
290.2	99.37252312
290.3	100.08091149
290.4	101.94848085
290.5	102.47688243
290.6	103.72617475
290.7	105.51519155
290.8	104.13309115
290.9	101.94848085
291	98.76409598
291.1	96.00396301
291.2	96.00396301
291.3	96.5984148
291.4	95.57050859
291.5	92.8335535
291.6	92.14002642
291.7	92.8335535
291.8	97.11856011
291.9	99.57067371
292	98.38177015
292.1	98.57992074
292.2	98.09775429
292.3	97.98546896
292.4	97.1664465
292.5	95.92470277
292.6	95.91677675
292.7	94.97357992
292.8	91.44649934
292.9	91.24834875
293	93.11505712
293.1	94.61690885
293.2	93.47754293
293.3	93.22985469
293.4	95.64481506
293.5	97.77741083
293.6	99.32298547
293.7	102.11060406
293.8	105.7853969
293.9	108.99698056
294	110.17173052
294.1	106.80317041
294.2	105.81241744
294.3	104.32628798
294.4	102.14663144
294.5	97.49009247
294.6	98.10931308
294.7	100.9824967
294.8	103.68937535
294.9	105.71334214
295	105.91149273
295.1	104.41357039
295.2	103.13738441
295.3	103.52047556
295.4	103.59313078
295.5	103.13738441
295.6	104.3659181
295.7	106.42668428
295.8	107.49669749
295.9	105.15344975
296	101.62748594
296.1	98.08454425
296.2	96.99471598
296.3	96.79656539
296.4	97.58916777
296.5	101.45310436
296.6	104.55746367
296.7	106.30779392
296.8	105.71334214
296.9	103.80614267
297	100.57490757
297.1	96.79656539
297.2	96.07331572
297.3	95.60766182
297.4	96.02377807
297.5	97.19286658
297.6	97.06296786
297.7	97.36459709
297.8	97.60898283
297.9	97.8452393
298	100.36327609
298.1	102.88131287
298.2	102.49481034
298.3	101.35402906
298.4	102.17305152
298.5	103.7318362
298.6	102.94517834
298.7	99.08718626
298.8	95.72655218
298.9	94.20739762
299	94.48851458
299.1	96.32167411
299.2	98.67899604
299.3	103.03830911
299.4	108.30345348
299.5	112.77245707
299.6	113.24306473
299.7	108.45206643
299.8	102.59247028
299.9	98.57992074
300	99.89762219
300.1	102.34478203
300.2	102.34478203
300.3	99.57775052
300.4	96.77533497
300.5	94.61690885
300.6	96.23513871
300.7	98.87714663
300.8	98.48084544
300.9	97.79970277
301	97.39101717
301.1	97.58916777
301.2	99.25759577
301.3	100.44253633
301.4	98.57992074
301.5	99.23098698
301.6	103.13738441
301.7	102.8996037
301.8	101.14597094
301.9	100.95772787
302	103.5336856
302.1	103.7318362
302.2	99.45178336
302.3	98.82053218
302.4	98.18361955
302.5	98.43130779
302.6	99.02575958
302.7	99.37252312
302.8	97.39101717
302.9	98.31100208
303	99.9669749
303.1	99.00264201
303.2	96.1448701
303.3	93.62615588
303.4	93.62615588
303.5	94.61690885
303.6	96.37054161
303.7	98.18361955
303.8	96.89280996
303.9	96.5984148
304	98.2331572
304.1	99.57067371
304.2	98.05372083
304.3	96.64597094
304.4	95.71070013
304.5	93.0317041
304.6	89.46499339
304.7	87.12681638
304.8	88.08536988
304.9	91.05019815
305	92.25305333
305.1	93.85204756
305.2	95.13870542
305.3	95.04434799
305.4	96.5984148
305.5	97.50660502
305.6	99.33949802
305.7	100.75957728
305.8	101.15587847
305.9	101.15587847
306	98.70227008
306.1	96.11482852
306.2	93.32496697
306.3	88.97357992
306.4	83.71862616
306.5	83.12417437
306.6	83.91677675
306.7	84.11492734
306.8	85.10568032
306.9	91.12945839
307	95.14526501
307.1	97.40142894
307.2	100.19088507
307.3	103.81505945
307.4	106.22853369
307.5	106.86621833
307.6	107.89016796
307.7	109.47820343
307.8	109.28005284
307.9	103.5336856
308	100.71003963
308.1	97.70805812
308.2	96.20211361
308.3	95.75537408
308.4	95.54029062
308.5	96.5984148
308.6	98.35204756
308.7	99.9669749
308.8	99.9669749
308.9	100.28401585
309	101.00345493
309.1	101.70822325
309.2	102.36583554
309.3	103.02344782
309.4	103.33553501
309.5	100.23117569
309.6	95.21136063
309.7	94.81505945
309.8	99.20319443
309.9	101.35402906
310	99.37126034
310.1	96.56246777
310.2	93.7536752
310.3	92.04095112
310.4	92.37533025
310.5	92.9326288
310.6	91.03698811
310.7	90.45574637
310.8	91.37219287
310.9	92.81939989
311	93.93105542
311.1	95.87618259
311.2	97.82130977
311.3	99.23778071
311.4	99.4682959
311.5	97.78731836
311.6	91.24834875
311.7	90.94121532
311.8	91.24834875
311.9	90.36327609
312	89.2668428
312.1	89.89101717
312.2	91.05019815
312.3	92.63540291
312.4	94.06649053
312.5	94.41875826
312.6	92.00379789
312.7	90.04529156
312.8	88.87054161
312.9	89.3659181
313	90.65889761
313.1	92.43725231
313.2	92.59577279
313.3	92.63540291
313.4	93.26099264
313.5	93.42800528
313.6	91.66446499
313.7	90.78071334
313.8	92.62549538
313.9	96.99471598
314	101.15587847
314.1	100.95772787
314.2	97.5660502
314.3	92.95244386
314.4	85.82232497
314.5	82.52972259
314.6	81.73712021
314.7	83.31666352
314.8	83.851935
314.9	79.96515878
315	76.07838256
315.1	72.91941876
315.2	72.22589168
315.3	78.83091149
315.4	85.17173052
315.5	88.87054161
315.6	86.29458388
315.7	84.34846197
315.8	82.22541989
315.9	80.74636724
316	81.18909702
316.1	81.77608706
316.2	80.51651255
316.3	76.77542933
316.4	73.5667107
316.5	71.23513871
316.6	70.64068692
316.7	71.77410832
316.8	75.74900925
316.9	79.72391017
317	82.56597727
317.1	84.56076618
317.2	85.30383091
317.3	82.0343461
317.4	77.0343461
317.5	71.01056803
317.6	65.48877147
317.7	62.17965654
317.8	60.33685601
317.9	60.33685601
318	63.72192867
318.1	66.18229855
318.2	67.47027741
318.3	71.18560106
318.4	76.77344782
318.5	82.36129458
318.6	87.48348745
318.7	92.86958088
318.8	97.19286658
318.9	96.20211361
319	89.90597765
319.1	86.09643329
319.2	87.0401255
319.3	89.52443857
319.4	90.27741083
319.5	91.76354029
319.6	94.00264201
319.7	93.52047556
319.8	93.87136724
319.9	94.72258917
320	92.39479147
320.1	89.22155124
320.2	84.9414984
320.3	79.75561427
320.4	78.76486129
320.5	80.94451783
320.6	84.90752972
320.7	82.00320815
320.8	78.75495376
320.9	77.001321
321	75.69352708
321.1	75
321.2	75
321.3	76.18450022
321.4	77.97225892
321.5	76.58520476
321.6	74.53929987
321.7	73.16569164
321.8	72.62219287
321.9	72.62219287
322	73.8968397
322.1	75.3774795
322.2	76.98150594
322.3	79.16116248
322.4	81.53896962
322.5	82.52972259
322.6	80.72655218
322.7	77.37780713
322.8	75.49537649
322.9	74.80184941
323	75.00990753
323.1	75.84214003
323.2	76.78335535
323.3	79.9339498
323.4	82.1334214
323.5	80.70673712
323.6	78.86393659
323.7	79.26023778
323.8	80.00330251
323.9	79.61690885
324	79.54331006
324.1	79.00111777
324.2	78.36093893
324.3	77.77410832
324.4	77.47688243
324.5	76.18890357
324.6	77.17965654
324.7	76.98150594
324.8	72.72126816
324.9	69.25363276
325	65.48877147
325.1	64.89431968
325.2	67.56935271
325.3	71.92866579
325.4	75
325.5	75
325.6	74.70277411
325.7	73.61294584
325.8	70.60766182
325.9	68.85733157
326	70.629031
326.1	73.55890477
326.2	76.2159241
326.3	79.97754293
326.4	84.11492734
326.5	85.00660502
326.6	81.53613889
326.7	76.95772787
326.8	73.59808454
326.9	71.4332893
327	70.45823325
327.1	70.09577279
327.2	69.12625024
327.3	66.97490092
327.4	65.48877147
327.5	67.8665786
327.6	72.66182299
327.7	77.41743725
327.8	80.01981506
327.9	80.94451783
328	80.56317489
328.1	79.95376486
328.2	78.17040951
328.3	77.17965654
328.4	75.86690885
328.5	74.40554822
328.6	73.41479524
328.7	73.41479524
328.8	74.80184941
328.9	77.1994716
329	80.13435873
329.1	83.96226397
329.2	87.79016921
329.3	91.61807444
329.4	96.61426684
329.5	99.17437252
329.6	97.36677607
329.7	93.93584279
329.8	90.5049095
329.9	87.07397622
330	83.64304294
330.1	80.21210966
330.2	76.78117637
330.3	74.71466314
330.4	74.80184941
330.5	75.99075297
330.6	76.86856011
330.7	77.2985469
330.8	74.01212636
330.9	69.25546506
331	64.49880377
331.1	59.54425363
331.2	56.86922061
331.3	58.59313078
331.4	62.97060766
331.5	68.8160502
331.6	73.71202114
331.7	75.89167768
331.8	76.38705416
331.9	77.27873184
332	77.57595773
332.1	71.2282072
332.2	68.46103038
332.3	67.21928666
332.4	65.68692206
332.5	65.40951123
332.6	64.59114927
332.7	64.99735799
332.8	67.39281854
332.9	70.68752252
333	72.51321004
333.1	73.33157199
333.2	75.8652576
333.3	76.18890357
333.4	75.39630119
333.5	76.96499339
333.6	78.8160502
333.7	80.15191546
333.8	82.26964993
333.9	83.95640687
334	84.51122853
334.1	80.93286192
334.2	75.19815059
334.3	69.46343927
334.4	66.63804491
334.5	68.26971257
334.6	71.1394798
334.7	74.00924703
334.8	76.87901426
334.9	79.74878149
335	81.63804491
335.1	82.52972259
335.2	80.94451783
335.3	76.98150594
335.4	75.52840159
335.5	73.81109643
335.6	68.82902434
335.7	63.39403661
335.8	57.95904888
335.9	53.89696169
336	53.5006605
336.1	57.81043593
336.2	60.81984808
336.3	63.04904227
336.4	65.09247028
336.5	66.28137384
336.6	65.48877147
336.7	64.89431968
336.8	64.07694848
336.9	63.11096433
337	62.91281374
337.1	64.36371642
337.2	66.02377807
337.3	68.1524816
337.4	69.70607662
337.5	71.92866579
337.6	75.37648613
337.7	77.17965654
337.8	77.001321
337.9	75.85204756
338	75.19815059
338.1	75.85204756
338.2	76.72886394
338.3	78.70541612
338.4	81.12709945
338.5	83.12417437
338.6	84.29326288
338.7	84.72691391
338.8	83.39487232
338.9	82.06283072
339	80.73078913
339.1	78.96301189
339.2	78.5667107
339.3	81.32843461
339.4	85.10568032
339.5	86.49273448
339.6	85.26048547
339.7	83.2542107
339.8	81.24793593
339.9	80.54821664
340	81.66455509
340.1	83.4015852
340.2	83.91677675
340.3	82.33157199
340.4	82.6107842
340.5	83.14218806
340.6	81.69088507
340.7	79.16116248
340.8	80.75875165
340.9	82.92602378
341	83.22324967
341.1	83.32232497
341.2	82.92602378
341.3	81.14266843
341.4	80.53830911
341.5	79.95376486
341.6	80.54821664
341.7	83.16020175
341.8	85.7331572
341.9	87.32496697
342	87.68163804
342.1	81.56224445
342.2	78.36856011
342.3	80.35006605
342.4	84.3571114
342.5	87.43945399
342.6	89.86129458
342.7	93.0317041
342.8	92.23910172
342.9	91.54557464
343	89.30003554
343.1	87.08718626
343.2	85.68031704
343.3	86.93857332
343.4	89.81175694
343.5	92.36648424
343.6	94.28005284
343.7	95.5680317
343.8	97.44550859
343.9	99.37252312
344	98.78860764
344.1	95.25099075
344.2	94.81658368
344.3	96.34539173
344.4	97.58916777
344.5	96.48518588
344.6	96.05680317
344.7	99.15059445
344.8	102.62219287
344.9	104.23910172
345	105.3335535
345.1	105.91149273
345.2	106.70409511
345.3	108.68560106
345.4	109.47820343
345.5	107.69484808
345.6	109.47820343
345.7	108.68560106
345.8	102.14663144
345.9	100.06430621
346	97.12443569
346.1	94.71598415
346.2	96.66033686
346.3	101.15587847
346.4	103.16834544
346.5	105.02600727
346.6	106.90224571
346.7	107.49669749
346.8	104.33075964
346.9	100.10950918
347	95.88825872
347.1	95.43923382
347.2	96.97366248
347.3	98.50809115
347.4	98.79568472
347.5	98.92668428
347.6	100.62370259
347.7	101.1306593
347.8	99.74900925
347.9	98.57992074
348	97.39101717
348.1	94.04074531
348.2	91.49603699
348.3	90.45574637
348.4	92.34718386
348.5	95.15731956
348.6	96.5984148
348.7	94.61690885
348.8	93.82430647
348.9	94.81505945
349	95.19917446
349.1	96.10700132
349.2	97.82166446
349.3	99.53632761
349.4	99.07777411
349.5	97.98546896
349.6	99.04359313
349.7	100.36327609
349.8	97.01170032
349.9	93.0317041
350	92.63540291
350.1	95.25382148
350.2	96.99471598
350.3	97.19286658
350.4	97.58916777
350.5	97.19286658
350.6	98.18361955
350.7	97.40340159
350.8	96.10303831
350.9	95.60766182
351	93.68287625
351.1	92.63540291
351.2	94.71598415
351.3	95.40951123
351.4	92.04095112
351.5	91.1988111
351.6	91.05019815
351.7	92.43725231
351.8	91.96664465
351.9	91.93527081
352	93.00693527
352.1	93.82430647
352.2	91.84280053
352.3	89.46499339
352.4	90.53500661
352.5	95.10127697
352.6	98.38177015
352.7	97.1702208
352.8	94.61690885
352.9	94.22060766
353	95.61598748
353.1	96.99471598
353.2	97.19286658
353.3	98.70376486
353.4	102.19616909
353.5	103.7318362
353.6	102.09709379
353.7	99.63436497
353.8	97.49009247
353.9	96.99471598
354	97.78731836
354.1	97.98546896
354.2	95.80581242
354.3	97.54953765
354.4	99.12483487
354.5	99.71928666
354.6	99.82826948
354.7	101.15587847
354.8	103.95829402
354.9	107.01547462
355	111.65785997
355.1	111.45970938
355.2	111.67767503
355.3	112.54953765
355.4	113.42140026
355.5	113.52790621
355.6	112.84676354
355.7	113.04491413
355.8	110.667107
355.9	105.51519155
356	104.02906209
356.1	105.11889036
356.2	104.82166446
356.3	98.18361955
356.4	96.99471598
356.5	96.30944518
356.6	95.81406869
356.7	95.60766182
356.8	95.40951123
356.9	94.41875826
357	94.79704575
357.1	95.44553861
357.2	96.5984148
357.3	99.57067371
357.4	97.49009247
357.5	96.00396301
357.6	96.83902623
357.7	97.78731836
357.8	97.09379128
357.9	97.09894379
358	97.23791419
358.1	97.37688459
358.2	96.15257596
358.3	93.22985469
358.4	92.8335535
358.5	93.92338177
358.6	95.40951123
358.7	95.40951123
358.8	96.31219727
358.9	98.91017173
359	100.36327609
359.1	97.78731836
359.2	97.58916777
359.3	99.92734478
359.4	102.64200793
359.5	104.08567654
359.6	106.50594452
359.7	107.1003963
359.8	105.11889036
359.9	102.64200793
360	101.94848085
360.1	101.65125495
360.2	100.56142668
360.3	99.61030383
360.4	97.73778071
360.5	96.5984148
360.6	98.08454425
360.7	94.24891489
360.8	91.94187583
360.9	91.64464993
361	94.58953168
361.1	98.14094096
361.2	102.90722488
361.3	108.13077939
361.4	111.45970938
361.5	107.65521797
361.6	102.54293263
361.7	97.67635403
361.8	92.43725231
361.9	91.17269125
362	90.42872583
362.1	89.72258917
362.2	89.66314399
362.3	90.85204756
362.4	93.54359313
362.5	98.41479524
362.6	103.23398283
362.7	107.76420079
362.8	109.54755614
362.9	109.38309115
363	107.52937349
363.1	102.98154504
363.2	98.77807133
363.3	96.4993395
363.4	96.45687866
363.5	96.32100396
363.6	96.00396301
363.7	98.03500661
363.8	101.66649731
363.9	105.78193273
364	108.09114927
364.1	106.2830251
364.2	104.57397622
364.3	104.75561427
364.4	106.47291942
364.5	108.27278732
364.6	107.69484808
364.7	105.01981506
364.8	101.45310436
364.9	97.88639366
365	95.43423828
365.1	94.02245707
365.2	94.17850066
365.3	93.22985469
365.4	89.46499339
365.5	88.87054161
365.6	89.81505945
365.7	91.12945839
365.8	92.33817701
365.9	95.31704095
366	98.18361955
366.1	97.98546896
366.2	100.56142668
366.3	105.01981506
366.4	107.49669749
366.5	107.1003963
366.6	103.92998679
366.7	101.25495376
366.8	101.75033025
366.9	100.75957728
367	98.55399449
367.1	94.68728009
367.2	92.81373844
367.3	92.41743725
367.4	94.15323646
367.5	95.70673712
367.6	96.49084733
367.7	97.5336856
367.8	98.57992074
367.9	97.30784181
368	94.31989421
368.1	91.25495376
368.2	88.27608983
368.3	88.27608983
368.4	89.42206077
368.5	90.65389696
368.6	93.40960559
368.7	96.16531421
368.8	98.20095773
368.9	99.84808454
369	101.75821803
369.1	103.92998679
369.2	105.06935271
369.3	106.50594452
369.4	107.1003963
369.5	104.32628798
369.6	98.57992074
369.7	92.8335535
369.8	89.1677675
369.9	89.86129458
370	93.48243768
370.1	96.5984148
370.2	99.01188904
370.3	101.27212682
370.4	102.54293263
370.5	99.42206077
370.6	97.19286658
370.7	96.99471598
370.8	98.9224382
370.9	100.19682959
371	102.03517173
371.1	103.7318362
371.2	103.20673712
371.3	102.93923382
371.4	103.13738441
371.5	103.33553501
371.6	103.08454425
371.7	102.66748443
371.8	101.57199472
371.9	99.76882431
372	98.81522457
372.1	98.51764484
372.2	99.03566711
372.3	101.1206517
372.4	103.92998679
372.5	105.21796565
372.6	106.28137384
372.7	106.90224571
372.8	103.76486129
372.9	101.35402906
373	100.83163204
373.1	100.40650895
373.2	98.71296471
373.3	97.88098955
373.4	97.45586646
373.5	96.334214
373.6	95.73645971
373.7	92.67503303
373.8	88.87054161
373.9	88.47424042
374	88.88705416
374.1	89.54425363
374.2	90.11889036
374.3	91.95376486
374.4	95.73015492
374.5	99.76882431
374.6	103.39781091
374.7	105.4676354
374.8	109.20871863
374.9	112.01999727
375	113.63253314
375.1	114.4319683
375.2	113.93659181
375.3	113.78797886
375.4	113.63936592
375.5	112.45046235
375.6	106.68207838
375.7	102.44385733
375.8	102.34478203
375.9	102.54293263
376	101.45310436
376.1	99.21840599
376.2	97.19286658
376.3	96.5984148
376.4	96.5984148
376.5	94.53198717
376.6	89.76221929
376.7	88.67239102
376.8	91.99691766
376.9	96.79656539
377	97.58916777
377.1	97.78731836
377.2	98.75645491
377.3	100.45694728
377.4	102.4676354
377.5	104.49613135
377.6	106.19286658
377.7	108.29722589
377.8	109.67635403
377.9	109.34346103
378	106.07001321
378.1	103.13738441
378.2	102.14663144
378.3	100.75957728
378.4	95.92470277
378.5	93.42800528
378.6	93.24683903
378.7	93.665786
378.8	90.35468956
378.9	86.69088507
379	86.09643329
379.1	93.86145971
379.2	101.35402906
379.3	105.51519155
379.4	102.74108322
379.5	96.14966198
379.6	90.06527314
379.7	84.6846103
379.8	81.14266843
379.9	79.55746367
380	81.49946425
380.1	83.65918098
380.2	82.93593131
380.3	79.93111908
380.4	74.72038749
380.5	69.45178336
380.6	69.64993395
380.7	73.90667496
380.8	78.6517989
380.9	83.71862616
381	84.31307794
381.1	81.06836196
381.2	74.43031704
381.3	67.9656539
381.4	64.00264201
381.5	64.49801849
381.6	67.45046235
381.7	71.82959049
381.8	71.23513871
381.9	67.08498459
382	64.49801849
382.1	63.22985469
382.2	63.36856011
382.3	65.64729194
382.4	67.79970277
382.5	69.45178336
382.6	67.64861295
382.7	66.67767503
382.8	69.47159841
382.9	72.82034346
383	73.41479524
383.1	72.62219287
383.2	69.15455746
383.3	66.47952444
383.4	65.48877147
383.5	62.54953765
383.6	56.34081902
383.7	50.1321004
383.8	42.73193781
383.9	31.75744335
384	21.69749009
384.1	17.34998575
384.2	16.14927345
384.3	16.34742404
384.4	16.34742404
384.5	15.72466503
384.6	14.68791281
384.7	13.96961691
384.8	13.96961691
384.9	14.68508843
385	15.43888878
385.1	16.49984758
385.2	17.78020526
385.3	18.89861295
385.4	19.12153236
385.5	20.8652576
385.6	22.52311757
385.7	23.44782034
385.8	25.0660502
385.9	27.38193527
386	28.83091149
386.1	27.08718626
386.2	25.28041311
386.3	23.62107509
386.4	22.3620567
386.5	21.10303831
386.6	19.24207398
386.7	17.001321
386.8	14.76221929
386.9	14.1677675
387	14.56406869
387.1	15.67371202
387.2	16.34742404
387.3	17.14002642
387.4	16.53319022
387.5	15.95112285
387.6	15.95112285
387.7	16.7217085
387.8	17.39321885
387.9	18.06472919
388	17.18717546
388.1	16.67635403
388.2	16.55944518
388.3	15.73598792
388.4	14.81741838
388.5	14.3659181
388.6	14.3659181
388.7	13.17701453
388.8	13.36615828
388.9	14.96036988
389	16.2681638
389.1	16.73579921
389.2	16.72391017
389.3	16.67239102
389.4	17.14002642
389.5	18.62615588
389.6	19.45272693
389.7	20.15984148
389.8	21.09511229
389.9	21.87415448
390	22.60904511
390.1	23.28269485
390.2	20.22374505
390.3	19.31968296
390.4	20.21136063
390.5	20.70673712
390.6	20.3866477
390.7	19.83792298
390.8	19.51783355
390.9	21.12859896
391	23.56775165
391.1	26.00690434
391.2	27.48018494
391.3	27.998679
391.4	26.84940555
391.5	26.84940555
391.6	28.39498018
391.7	30.7331572
391.8	33.02509908
391.9	34.10171731
392	34.57727873
392.1	36.20494433
392.2	37.3938479
392.3	37.54953765
392.4	35.97534126
392.5	34.97357992
392.6	35.46895641
392.7	35.8652576
392.8	34.86459709
392.9	33.19022457
393	32.53456396
393.1	32.39762219
393.2	31.20871863
393.3	30.81241744
393.4	30.44980185
393.5	29.70277411
393.6	28.18295905
393.7	27.19022457
393.8	26.48877147
393.9	25.85865258
394	26.67743367
394.1	28.05766465
394.2	28.37268824
394.3	27.24570674
394.4	27.04755614
394.5	28.13738441
394.6	30.00815914
394.7	32.10622426
394.8	34.37912814
394.9	34.97357992
395	34.60558596
395.1	34.26589923
395.2	34.18097754
395.3	35.36988111
395.4	37.76420079
395.5	41.1327609
395.6	43.49405548
395.7	42.7675033
395.8	41.90885073
395.9	41.51254954
396	42.50330251
396.1	42.7014531
396.2	39.26849406
396.3	37.67635403
396.4	36.23579921
396.5	34.77542933
396.6	33.32397622
396.7	31.20871863
396.8	31.94187583
396.9	32.79392338
397	31.50594452
397.1	30.21796565
397.2	30.58256275
397.3	31.20871863
397.4	30.94715984
397.5	29.62351387
397.6	29.36151475
397.7	29.22721268
397.8	28.09775429
397.9	27.64200793
398	28.89110914
398.1	30.9037172
398.2	31.80317041
398.3	31.01056803
398.4	31.01056803
398.5	30.21796565
398.6	30.43026986
398.7	30.81241744
398.8	29.62351387
398.9	26.50756928
399	23.63131274
399.1	21.69749009
399.2	21.56076618
399.3	21.67569353
399.4	21.13870542
399.5	20.40951123
399.6	19.71598415
399.7	19.91413474
399.8	20.90488771
399.9	22.73282695
400	24.74405548
400.1	25.66050198
400.2	25.85865258
400.3	27.10322702
400.4	28.79977354
400.5	30.49632006
400.6	32.19286658
400.7	32.69154557
400.8	33.03913474
400.9	34.61938573
401	35.18940432
401.1	33.82430647
401.2	31.48612946
401.3	30.8996037
401.4	31.53033228
401.5	32.51956102
401.6	33.38837517
401.7	32.74988992
401.8	32.85006605
401.9	34.97357992
402	34.5489715
402.1	33.42800528
402.2	32.001321
402.3	31.65031138
402.4	31.40686922
402.5	32.1334214
402.6	33.19022457
402.7	33.58652576
402.8	33.38837517
402.9	32.12021136
403	30.61426684
403.1	30.41611625
403.2	31.89233818
403.3	32.89696169
403.4	32.30897587
403.5	30.77070152
403.6	29.23242717
403.7	27.64200793
403.8	27.04755614
403.9	27.04755614
404	26.15211611
404.1	24.62728817
404.2	22.19286658
404.3	21.4993395
404.4	21.00396301
404.5	20.50858653
404.6	21.68224774
404.7	22.96260543
404.8	23.90686922
404.9	24.66974901
405	24.5534663
405.1	24.30515192
405.2	23.60369881
405.3	23.28269485
405.4	25.17833554
405.5	27.90620872
405.6	29.93489338
405.7	30.7331572
405.8	30.00792602
405.9	27.90356671
406	26.61410172
406.1	25.96433289
406.2	25.57463672
406.3	25.79524439
406.4	26.5984148
406.5	26.40907089
406.6	25.82298547
406.7	25.58916777
406.8	24.65984148
406.9	22.90620872
407	21.69749009
407.1	21.89564069
407.2	23.72853369
407.3	25.51188904
407.4	27.44385733
407.5	27.80713342
407.6	28.20343461
407.7	28.6327609
407.8	29.87827892
407.9	31.35957107
408	32.88171162
408.1	33.98282695
408.2	32.04095112
408.3	31.20871863
408.4	32.03528968
408.5	32.69484808
408.6	34.44848085
408.7	35.72655218
408.8	34.99792391
408.9	33.31913706
409	31.64035022
409.1	29.82166446
409.2	28.7318362
409.3	27.80967381
409.4	27.26094909
409.5	26.55217966
409.6	25.36327609
409.7	24.8678996
409.8	25.83388375
409.9	27.24570674
410	27.24570674
410.1	26.08850727
410.2	24.8678996
410.3	24.07529723
410.4	22.38309115
410.5	21.10303831
410.6	20.75379789
410.7	20.90488771
410.8	21.76782449
410.9	22.66103974
411	23.55425499
411.1	25.21466314
411.2	27.94914135
411.3	30.03396867
411.4	30.55765239
411.5	29.62351387
411.6	27.69154557
411.7	26.65125495
411.8	26.8989432
411.9	26.45310436
412	26.65125495
412.1	27.80350291
412.2	28.58124174
412.3	28.07133421
412.4	27.18778579
412.5	26.46834671
412.6	25.90323646
412.7	26.61162483
412.8	28.31288922
412.9	29.20739762
413	29.06448192
413.1	27.88261936
413.2	27.09709379
413.3	26.67602378
413.4	26.58820704
413.5	27.12861775
413.6	27.93923382
413.7	29.2668428
413.8	30.88672391
413.9	32.57100396
414	32.69484808
414.1	32.51651255
414.2	33.28929987
414.3	34.24702774
414.4	35.03963012
414.5	35.8322325
414.6	36.16248349
414.7	35.51849406
414.8	33.43791281
414.9	30.324003
415	26.78514049
415.1	23.24627798
415.2	21.69749009
415.3	22.37120211
415.4	24.66974901
415.5	25.23943197
415.6	23.9242074
415.7	22.09379128
415.8	20.90488771
415.9	22.81587198
416	26.25303741
416.1	29.37582563
416.2	31.15918098
416.3	31.40686922
416.4	29.89597094
416.5	26.23018494
416.6	22.88639366
416.7	22.68824306
416.8	26.15587847
416.9	28.83091149
417	29.02906209
417.1	26.94848085
417.2	24.8678996
417.3	24.27344782
417.4	24.9669749
417.5	27.18473732
417.6	29.7454527
417.7	31.9682959
417.8	33.94980185
417.9	35.64847128
418	37.14511462
418.1	38.54029062
418.2	39.92734478
418.3	39.92734478
418.4	40.73976222
418.5	41.64464993
418.6	41.51254954
418.7	43.21664465
418.8	45.75695098
418.9	48.53681797
419	51.31668496
419.1	53.6988111
419.2	52.80713342
419.3	52.70805812
419.4	55.68031704
419.5	58.94980185
419.6	61.748679
419.7	61.67437252
419.8	60.33685601
419.9	56.70949297
420	52.40141051
420.1	48.09332805
420.2	43.62945839
420.3	41.71070013
420.4	43.2661823
420.5	46.52292885
420.6	49.8348745
420.7	50.18361955
420.8	50.42932629
420.9	51.22192867
421	51.42007926
421.1	49.95046235
421.2	49.04227213
421.3	50.31609738
421.4	52.80713342
421.5	54.39233818
421.6	55.68031704
421.7	55.58124174
421.8	54.09511229
421.9	53.79788639
422	54.60295979
422.1	55.50198151
422.2	54.35601057
422.3	53.79788639
422.4	53.99603699
422.5	55.68031704
422.6	55.71895641
422.7	51.76354029
422.8	49.43857332
422.9	47.17965654
423	45.47556143
423.1	46.24339498
423.2	48.05151915
423.3	49.45272693
423.4	51.68192112
423.5	54.14464993
423.6	56.15918098
423.7	56.9682959
423.8	55.38309115
423.9	50.50213122
424	45.17744767
424.1	40.14531044
424.2	39.53104359
424.3	40.93508209
424.4	41.51254954
424.5	40.91809775
424.6	42.16974901
424.7	43.89035667
424.8	43.47027741
424.9	41.5997358
425	40.12549538
425.1	39.1347424
425.2	39.03566711
425.3	41.40356671
425.4	43.69220608
425.5	45.17833554
425.6	47.58586526
425.7	51.27146631
425.8	53.6988111
425.9	53.65635025
426	53.4015852
426.1	53.89696169
426.2	55.77939234
426.3	62.70227873
426.4	65.48877147
426.5	66.55383091
426.6	68.03996037
426.7	69.00594452
426.8	68.62945839
426.9	67.47027741
427	66.08322325
427.1	65.09247028
427.2	61.29647103
427.3	58.55350066
427.4	58.00528402
427.5	58.13518274
427.6	57.57463672
427.7	56.9682959
427.8	57.44385733
427.9	59.54425363
428	59.34610304
428.1	55.97754293
428.2	54.09511229
428.3	52.21268164
428.4	48.7890797
428.5	45.27741083
428.6	38.35452444
428.7	33.60176811
428.8	29.39487857
428.9	26.84940555
429	25.57058491
429.1	24.2338177
429.2	23.28269485
429.3	22.68824306
429.4	22.58751651
429.5	22.49009247
429.6	20.36988111
429.7	19.51783355
429.8	20.75957728
429.9	22.31836196
430	22.24240423
430.1	21.89564069
430.2	22.00957728
430.3	21.89564069
430.4	20.80779392
430.5	19.87450462
430.6	19.17305152
430.7	18.14252165
430.8	16.93013357
430.9	15.71774549
431	14.5053574
431.1	13.37516513
431.2	12.97886394
431.3	12.85997358
431.4	13.24966975
431.5	13.21664465
431.6	12.3678996
431.7	12.02774108
431.8	12.77675033
431.9	14.41347424
432	15.66265442
432.1	16.34742404
432.2	18.89916336
432.3	22.73919607
432.4	28.89531044
432.5	37.22754293
432.6	45.26998018
432.7	52.30928005
432.8	57.14663144
432.9	59.5895452
433	61.41007067
433.1	64.19682959
433.2	67.93791281
433.3	70.91809775
433.4	72.00792602
433.5	72.78731836
433.6	75.11126918
433.7	78.43867493
433.8	81.93527081
433.9	83.3393093
434	84.72176354
434.1	86.49273448
434.2	89.36195509
434.3	85.98001982
434.4	81.08446169
434.5	76.18890357
434.6	75.39630119
434.7	75.50198151
434.8	76.89233818
434.9	78.5667107
435	78.26948481
435.1	72.87457415
435.2	64.75248557
435.3	56.630397
435.4	48.64597094
435.5	42.43725231
435.6	37.35138705
435.7	35.70956784
435.8	35.64830704
435.9	37.99503985
436	40.34177266
436.1	42.30515192
436.2	41.90885073
436.3	39.92734478
436.4	38.93659181
436.5	37.59199849
436.6	36.55878468
436.7	36.79296265
436.8	37.25231176
436.9	39.77873184
437	42.25561427
437.1	43.21969312
437.2	43.03678488
437.3	42.7014531
437.4	40.93048217
437.5	39.63011889
437.6	40.18854329
437.7	42.02593971
437.8	43.59313078
437.9	43.89035667
438	44.28665786
438.1	47.31439894
438.2	49.2324967
438.3	49.11360634
438.4	46.16625778
438.5	41.82392904
438.6	37.94583884
438.7	38.12417437
438.8	38.15531232
438.9	36.92536328
439	37.25231176
439.1	38.89696169
439.2	40.76806945
439.3	41.88507266
439.4	42.10700132
439.5	42.10700132
439.6	41.87516513
439.7	41.51254954
439.8	41.85138705
439.9	41.98506249
440	41.53541307
440.1	41.11624835
440.2	42.16149273
440.3	43.69220608
440.4	42.82883563
440.5	42.8665786
440.6	42.73778071
440.7	43.41875826
440.8	44.47093791
440.9	45.27741083
441	44.15567341
441.1	41.90885073
441.2	41.19055482
441.3	39.92734478
441.4	36.16248349
441.5	34.5882871
441.6	33.09114927
441.7	32.57100396
441.8	32.1994716
441.9	30.35950179
442	28.66106813
442.1	28.03830911
442.2	28.95912658
442.3	30.21796565
442.4	31.47680472
442.5	32.34808454
442.6	32.94253633
442.7	33.58652576
442.8	35.16072215
442.9	36.65785997
443	37.15323646
443.1	36.65785997
443.2	34.49621713
443.3	31.80317041
443.4	31.20871863
443.5	31.40686922
443.6	31.30779392
443.7	33.98282695
443.8	37.54953765
443.9	38.78797886
444	37.42759882
444.1	35.41560817
444.2	33.98282695
444.3	34.61973957
444.4	34.97357992
444.5	33.82182959
444.6	31.40686922
444.7	30.78411021
444.8	30.41611625
444.9	31.10964333
445	31.89974801
445.1	31.28797886
445.2	29.04722589
445.3	27.44385733
445.4	28.11396661
445.5	29.3893359
445.6	30.40125495
445.7	31.30238982
445.8	32.25891678
445.9	33.10303831
446	32.98874371
446.1	32.79392338
446.2	33.98282695
446.3	34.72849892
446.4	35.54195926
446.5	36.35541959
446.6	36.55878468
446.7	35.55387809
446.8	34.97357992
446.9	33.68560106
447	32.2985469
447.1	31.80317041
447.2	32.2985469
447.3	33.95451972
447.4	35.71664465
447.5	36.75693527
447.6	36.70032082
447.7	35.7661823
447.8	35.84544254
447.9	36.36063408
448	34.07495122
448.1	32.23910172
448.2	32.17173052
448.3	32.88639366
448.4	33.76287979
448.5	34.81505945
448.6	34.3989432
448.7	33.3430836
448.8	32.99207398
448.9	34.24042272
449	35.19610287
449.1	35.96433289
449.2	36.20651695
449.3	36.80647292
449.4	37.87648613
449.5	37.86962707
449.6	37.50381059
449.7	36.55878468
449.8	35.17173052
449.9	35.96433289
450	35.47311923
450.1	34.77542933
450.2	34.57727873
450.3	35.47075778
450.4	35.94451783
450.5	34.18097754
450.6	33.19022457
450.7	34.35648236
450.8	35.9948176
450.9	37.7934153
451	39.33540123
451.1	40.02642008
451.2	40.42272127
451.3	40.81902246
451.4	42.55284016
451.5	44.7324967
451.6	45.62417437
451.7	44.7324967
451.8	45.07926024
451.9	46.76354029
452	48.44782034
452.1	47.94848085
452.2	46.2681638
452.3	46.07001321
452.4	45.87186262
452.5	43.62615588
452.6	42.10700132
452.7	41.90885073
452.8	43.37516513
452.9	44.28665786
453	42.8996037
453.1	42.30515192
453.2	42.50330251
453.3	43.49405548
453.4	44.53010002
453.5	46.8767692
453.6	49.46546518
453.7	51.81638045
453.8	52.8996037
453.9	53.82760898
454	54.33966523
454.1	53.00528402
454.2	51.12285337
454.3	51.51915456
454.4	53.79788639
454.5	55.03632761
454.6	54.16588035
454.7	52.70805812
454.8	51.61822985
454.9	50.82562748
455	51.22192867
455.1	52.80713342
455.2	54.22391017
455.3	55.28401585
455.4	54.78863937
455.5	54.19418758
455.6	54.39233818
455.7	55.58124174
455.8	55.68031704
455.9	55.38309115
456	56.4637612
456.1	57.85997358
456.2	58.55350066
456.3	58.17206077
456.4	57.1664465
456.5	56.99660313
456.6	53.94760018
456.7	51.22192867
456.8	50.96433289
456.9	50.82562748
457	51.32516679
457.1	52.21268164
457.2	52.41083223
457.3	55.48216645
457.4	56.17569353
457.5	54.1664465
457.6	52.31175694
457.7	50.45706737
457.8	48.44782034
457.9	47.65521797
458	48.70555468
458.1	49.63672391
458.2	48.44782034
458.3	48.77278732
458.4	50.17569353
458.5	51.57859974
458.6	51.48745046
458.7	49.85072655
458.8	48.89613606
458.9	49.33454425
459	48.05151915
459.1	48.24966975
459.2	49.65406209
459.3	49.23546896
459.4	47.65521797
459.5	47.19286658
459.6	48.06340819
459.7	51.2592276
459.8	55.31665242
459.9	59.37407724
460	61.20376486
460.1	60.82232497
460.2	60.13870542
460.3	60.53500661
460.4	61.92426244
460.5	63.05434988
460.6	62.71466314
460.7	62.92362195
460.8	62.8335535
460.9	60.93130779
461	60.33685601
461.1	59.84147952
461.2	58.85072655
461.3	57.7248709
461.4	56.21172091
461.5	55.08586526
461.6	54.78863937
461.7	54.19418758
461.8	52.53692807
461.9	50.42932629
462	49.43857332
462.1	50.29062087
462.2	52.21126628
462.3	54.13191168
462.4	55.44749009
462.5	56.54722589
462.6	58.73926684
462.7	59.1003963
462.8	56.42932629
462.9	54.61030383
463	53.41981082
463.1	53.26287979
463.2	56.65785997
463.3	59.14795244
463.4	56.7661823
463.5	53.10435931
463.6	50.0330251
463.7	49.63672391
463.8	49.8348745
463.9	48.24966975
464	45.02688339
464.1	42.10700132
464.2	38.54029062
464.3	38.14398943
464.4	39.02823646
464.5	39.53104359
464.6	38.54029062
464.7	39.05107882
464.8	39.38152996
464.9	39.48781074
465	39.46093134
465.1	39.332893
465.2	37.94583884
465.3	36.43989432
465.4	36.75693527
465.5	38.87923243
465.6	41.19446569
465.7	43.50969895
465.8	44.98018494
465.9	46.07001321
466	45.57948656
466.1	44.34610304
466.2	43.09775429
466.3	42.30515192
466.4	40.91809775
466.5	38.04491413
466.6	34.97357992
466.7	34.37912814
466.8	35.31043593
466.9	35.89299868
467	36.36063408
467.1	37.77146631
467.2	39.87582563
467.3	41.90885073
467.4	40.72985469
467.5	39.92734478
467.6	37.90125495
467.7	36.16248349
467.8	35.9931548
467.9	35.7661823
468	34.30601107
468.1	32.001321
468.2	31.30779392
468.3	31.01056803
468.4	32.09489212
468.5	33.61404668
468.6	35.13320123
468.7	37.74768824
468.8	41.14455558
468.9	43.98783765
469	45.17036396
469.1	46.55123608
469.2	47.93923382
469.3	46.98150594
469.4	45.05944518
469.5	45.40951123
469.6	47.34478203
469.7	49.00264201
469.8	50.05944518
469.9	50.07986069
470	48.060526
470.1	46.86261559
470.2	48.02950242
470.3	49.32848965
470.4	50.62747688
470.5	53.52768104
470.6	56.9682959
470.7	54.62571554
470.8	51.23513871
470.9	49.68626156
471	48.64597094
471.1	49.59709379
471.2	51.61822985
471.3	52.05416116
471.4	52.26717305
471.5	52.55944518
471.6	52.85171731
471.7	53.14398943
471.8	53.5997358
471.9	52.98943197
472	52.41083223
472.1	55.6010568
472.2	58.94980185
472.3	60.33685601
472.4	61.28797886
472.5	62.81373844
472.6	65.38969617
472.7	70.54161162
472.8	80.62802413
472.9	92.35926899
473	104.09051385
473.1	115.02642008
473.2	120.77278732
473.3	119.58388375
473.4	120.8108932
473.5	128.45493344
473.6	136.22853369
473.7	141.38044914
473.8	136.68824306
473.9	125.582893
474	113.45359974
474.1	101.32430647
474.2	89.19501321
474.3	76.82298547
474.4	68.14398943
474.5	61.31595307
474.6	54.85158132
474.7	48.38720957
474.8	42.60733157
474.9	39.83975577
475	37.69421593
475.1	35.36988111
475.2	29.82166446
475.3	27.44385733
475.4	25.0660502
475.5	23.89696169
475.6	23.60468956
475.7	25.05704335
475.8	27.04755614
475.9	28.14639126
476	28.57871983
476.1	29.02906209
476.2	28.6327609
476.3	28.23645971
476.4	28.92998679
476.5	30.00743065
476.6	30.81241744
476.7	32.001321
476.8	37.54953765
476.9	45.60479008
477	54.39233818
477.1	63.17988628
477.2	71.23513871
477.3	84.59791942
477.4	106.62978864
477.5	131.89398943
477.6	174.34775429
477.7	213.30911493
477.8	237.28533686
477.9	246.20211361
478	232.34958569
478.1	205.76137865
478.2	182.61558785
478.3	169.5673712
478.4	165.15852048
478.5	163.27608983
478.6	162.08718626
478.7	158.02509908
478.8	142.8665786
478.9	121.07001321
479	83.86739537
479.1	58.75165125
479.2	39.16941876
479.3	36.95508587
479.4	38.14398943
479.5	42.46367239
479.6	50.77807133
479.7	60.93130779
479.8	66.08322325
479.9	61.30931816
480	49.43857332
480.1	37.56782847
480.2	28.74504624
480.3	24.85799207
480.4	22.29194188
480.5	21.3011889
480.6	22.15606718
480.7	23.20343461
480.8	23.59313078
480.9	24.11668763
481	24.67807466
481.1	25.2394617
481.2	25.95772787
481.3	27.39431968
481.4	29.02906209
481.5	31.17569353
481.6	32.69484808
481.7	32.39762219
481.8	30.57929909
481.9	28.900847
482	26.92961449
482.1	24.08004077
482.2	21.23046704
482.3	18.38089331
482.4	16.0558596
482.5	15.55482166
482.6	15.05378373
482.7	14.00924703
482.8	13.57331572
482.9	13.85865258
483	13.9794512
483.1	13.17701453
483.2	13.17701453
483.3	14.3659181
483.4	14.1677675
483.5	13.77146631
483.6	14.37830251
483.7	16.14927345
483.8	17.34808454
483.9	18.77476882
484	20.23117569
484.1	20.39426888
484.2	20.11990651
484.3	20.01321004
484.4	21.10303831
484.5	21.3011889
484.6	22.7823646
484.7	24.1496037
484.8	25.5168428
484.9	25.85865258
485	23.94406852
485.1	22.17676016
485.2	21.3011889
485.3	21.36063408
485.4	21.65290621
485.5	21.10303831
485.6	19.50882671
485.7	17.9326288
485.8	17.53632761
485.9	17.67899604
486	17.9326288
486.1	17.06076618
486.2	15.95112285
486.3	16.19682959
486.4	16.22258917
486.5	15.87186262
486.6	15.81241744
486.7	15.90234732
486.8	15.80977368
486.9	15.50089957
487	15.19202546
487.1	15.03963012
487.2	15.35667107
487.3	15.67371202
487.4	15.75297226
487.5	15.38143989
487.6	14.56406869
487.7	14.79824667
487.8	14.86129458
487.9	14.32628798
488	13.68971187
488.1	13.60989737
488.2	13.69982725
488.3	13.8665786
488.4	15
488.5	18.28929987
488.6	22.09379128
488.7	28.41479524
488.8	36.12742607
488.9	47.00894218
489	57.89045829
489.1	68.77197439
489.2	79.6534905
489.3	86.69749009
489.4	93.22490092
489.5	97.19286658
489.6	96.63804491
489.7	93.92338177
489.8	88.80861955
489.9	86.49273448
490	86.39365918
490.1	88.87054161
490.2	93.32892999
490.3	95.40951123
490.4	98.87714663
490.5	101.15587847
490.6	101.15587847
490.7	100.51739322
490.8	99.57661823
490.9	98.29062087
491	97.76254954
491.1	97.74768824
491.2	98.77807133
491.3	97.49405548
491.4	95.80581242
491.5	94.92828836
491.6	94.14795244
491.7	95.26420079
491.8	95.7661823
491.9	97.19286658
492	97.3926823
492.1	97.58916777
492.2	99.49361515
492.3	101.55217966
492.4	103.33553501
492.5	103.20343461
492.6	103.23645971
492.7	103.7318362
492.8	103.33553501
492.9	104.32628798
493	102.93674136
493.1	99.756362
493.2	97.58916777
493.3	96.00396301
493.4	89.42536328
493.5	82.52972259
493.6	80.35006605
493.7	80.15852048
493.8	79.2007926
493.9	76.10438504
494	72.55513764
494.1	68.34214003
494.2	62.31836196
494.3	57.40422721
494.4	56.17569353
494.5	58.79128137
494.6	64.39498018
494.7	70.6010568
494.8	73.61294584
494.9	72.22589168
495	70.09577279
495.1	66.96499339
495.2	63.16545575
495.3	56.4587658
495.4	49.36072844
495.5	44.08850727
495.6	44.48480845
495.7	46.07001321
495.8	45.11889036
495.9	40.12549538
496	37.35138705
496.1	37.74768824
496.2	40.3519532
496.3	44.08850727
496.4	46.86261559
496.5	49.63672391
496.6	53.45112285
496.7	57.61228534
496.8	63.94860094
496.9	71.83859733
497	82.76581691
497.1	94.70544422
497.2	104.92073976
497.3	105.11889036
497.4	100.42767503
497.5	92.87318362
497.6	82.81902246
497.7	72.76486129
497.8	63.14068692
497.9	58.35535007
498	58.15719947
498.1	65.06004563
498.2	72.28713823
498.3	78.89167768
498.4	83.12417437
498.5	82.1334214
498.6	82.32166446
498.7	82.28203435
498.8	79.39101717
498.9	75.39630119
499	74.60369881
499.1	75.19815059
499.2	77.97225892
499.3	82.25231176
499.4	85.40290621
499.5	86.49273448
499.6	88.31571995
499.7	91.64464993
499.8	93.22985469
499.9	91.05019815
500	92.88663452
500.1	94.81505945
500.2	93.62615588
500.3	94.42866579
500.4	96.22192867
500.5	97.64861295
500.6	100.33751651
500.7	102.14663144
500.8	101.06340819
500.9	101.11624835
501	101.06059754
501.1	99.9669749
501.2	100.73976222
501.3	101.35402906
501.4	95.21136063
501.5	95.01321004
501.6	100.1651255
